91401
Test: public void test6() throws Throwable { WeavablePackage weavablePackage0 = new WeavablePackage((Package) null); Class<Object> class0 = Object.class; WeavableClass<Object> weavableClass0 = weavablePackage0.getWeavable(class0); // Undeclared exception!  weavableClass0.getWeavable((Field) null);   }
Code: public WeavableField<T> getWeavable(final Field fld) { return fields.computeIfAbsent(fld.getName(), k -> new WeavableField<>(fld, this)); }
[[0.05605997 0.07777217 0.07777217 0.1173104  0.07777217 0.07732488
 0.06201425 0.07777217 0.05167232 0.11643982 0.02809634 0.07777217
 0.07777219 0.02444895]
[0.04643111 0.07675949 0.07675949 0.11958505 0.07675949 0.07767688
 0.05646184 0.07675949 0.05153464 0.12599695 0.03565046 0.07675949
 0.0767595  0.02610618]
[0.04643111 0.07675949 0.07675949 0.11958505 0.07675949 0.07767688
 0.05646184 0.07675949 0.05153464 0.12599695 0.03565046 0.07675949
 0.0767595  0.02610618]
[0.04930904 0.08369984 0.08369984 0.11278011 0.08369984 0.08084408
 0.06208302 0.08369984 0.04228942 0.10289727 0.02426106 0.08369984
 0.08369985 0.02333696]
[0.04643111 0.07675949 0.07675949 0.11958505 0.07675949 0.07767688
 0.05646184 0.07675949 0.05153464 0.12599695 0.03565046 0.07675949
 0.0767595  0.02610618]
[0.05902721 0.07441861 0.07441861 0.11315245 0.07441861 0.10142746
 0.06707977 0.07441861 0.04735698 0.09873371 0.03198873 0.07441862
 0.07441863 0.03472203]
[0.04216136 0.08340397 0.08340397 0.11683486 0.08340397 0.08374674
 0.06098519 0.08340397 0.04672011 0.10119057 0.02505364 0.08340398
 0.08340399 0.02288372]
[0.04643111 0.07675949 0.07675949 0.11958505 0.07675949 0.07767688
 0.05646184 0.07675949 0.05153464 0.12599695 0.03565046 0.07675949
 0.0767595  0.02610618]
[0.05772219 0.07662958 0.07662958 0.15027368 0.07662958 0.08369474
 0.06319141 0.07662958 0.04930966 0.08981042 0.02470614 0.07662956
 0.07662958 0.02151429]
[0.05681203 0.07453276 0.07453276 0.10589834 0.07453276 0.11121386
 0.06670903 0.07453276 0.06825871 0.09030797 0.03081428 0.07453275
 0.07453276 0.02278929]
[0.05088014 0.07828723 0.07828723 0.12524813 0.07828723 0.09153087
 0.07156587 0.07828723 0.0484913  0.08279277 0.03314561 0.07828723
 0.07828724 0.02662192]
[0.04643111 0.07675949 0.07675949 0.11958505 0.07675949 0.07767688
 0.05646184 0.07675949 0.05153464 0.12599695 0.03565046 0.07675949
 0.0767595  0.02610618]
[0.04643112 0.07675949 0.07675949 0.11958504 0.07675949 0.07767688
 0.05646183 0.07675949 0.05153463 0.12599695 0.03565046 0.07675949
 0.07675949 0.02610618]
[0.03960282 0.07256867 0.07256867 0.15247144 0.07256867 0.11040129
 0.08898686 0.07256867 0.03845438 0.08908679 0.02224222 0.07256867
 0.07256868 0.02334211]]