135016
Test: public void test3() throws Throwable { Safelist safelist0 = Safelist.none(); Cleaner cleaner0 = new Cleaner(safelist0); // Undeclared exception!  cleaner0.clean((Document) null);   }
Code: public Document clean(Document dirtyDocument) { Validate.notNull(dirtyDocument); Document clean = Document.createShell(dirtyDocument.baseUri()); copySafeNodes(dirtyDocument.body(), clean.body()); clean.outputSettings(dirtyDocument.outputSettings().clone()); return clean; }
[[0.04225323 0.15323088 0.04208871 0.04269001 0.06659697 0.06637674
 0.15323088 0.11334065 0.02724139 0.08275664 0.02689946 0.02303737
 0.05862598 0.04776814 0.03361586 0.02024705]
[0.04003025 0.16314442 0.03515603 0.04557992 0.08745757 0.06430706
 0.16314442 0.11194375 0.02329058 0.06970844 0.01941075 0.01938411
 0.06353691 0.04865739 0.02950116 0.01574727]
[0.0361252  0.16944748 0.0435228  0.04807835 0.05733036 0.07220674
 0.16944748 0.10121467 0.0250081  0.07795937 0.0231989  0.02205001
 0.04876562 0.05366353 0.03620729 0.0157741 ]
[0.04039674 0.13674876 0.04518016 0.05344184 0.07715594 0.07297468
 0.13674876 0.07491814 0.03824735 0.08344039 0.02758137 0.02980685
 0.06442399 0.06241903 0.03207981 0.02443615]
[0.04665329 0.13535626 0.05121407 0.04015906 0.08168903 0.06218446
 0.13535626 0.10243492 0.03914155 0.07056645 0.02815178 0.03009349
 0.05813853 0.05281865 0.03830478 0.02773742]
[0.03740553 0.15030006 0.04480218 0.05039568 0.07699102 0.07339156
 0.15030006 0.08985275 0.0241912  0.07501084 0.02561467 0.02859556
 0.06274398 0.05370833 0.03598587 0.02071072]
[0.04003025 0.16314442 0.03515603 0.04557992 0.08745757 0.06430706
 0.16314442 0.11194375 0.02329058 0.06970844 0.01941075 0.01938411
 0.06353691 0.04865739 0.02950116 0.01574727]
[0.0435701  0.151141   0.04457552 0.05111077 0.0763772  0.06236722
 0.151141   0.10988101 0.02740476 0.07278001 0.03372761 0.02750342
 0.0555197  0.04359518 0.02739785 0.02190766]
[0.05244308 0.12062144 0.04396029 0.04630118 0.06128448 0.07006164
 0.12062144 0.10888283 0.04407253 0.0661151  0.03552252 0.03653067
 0.07412006 0.05795252 0.03531231 0.02619796]
[0.02685236 0.17089655 0.033044   0.05447027 0.07766435 0.06485891
 0.17089655 0.09988062 0.031844   0.08055957 0.02341402 0.01888168
 0.0544795  0.05432487 0.0234838  0.01444899]
[0.03272142 0.17054987 0.03683469 0.04426899 0.08564734 0.05607134
 0.17054987 0.10077709 0.02187638 0.07363188 0.02226193 0.01854151
 0.06289308 0.05387734 0.03719814 0.01229911]
[0.04029968 0.15755497 0.05171512 0.0365794  0.08221874 0.07785767
 0.15755497 0.09647056 0.02718567 0.07240503 0.02480888 0.02604193
 0.05349921 0.05060935 0.02548042 0.01971847]
[0.0358204  0.12536636 0.04785401 0.05487867 0.0657312  0.06814352
 0.12536636 0.13890189 0.04040265 0.07572791 0.02896642 0.03657888
 0.05816786 0.04371205 0.03268588 0.02169592]
[0.03049702 0.16603813 0.04033706 0.03782539 0.06533973 0.07259247
 0.16603813 0.12105519 0.03016418 0.08187776 0.01936989 0.02500109
 0.05800279 0.04329582 0.02494921 0.01761617]
[0.03346129 0.15749183 0.04037458 0.03608877 0.07897133 0.07601187
 0.15749183 0.09887777 0.03304233 0.07246995 0.02034887 0.02166877
 0.06569216 0.06196581 0.02858747 0.01745543]
[0.03311471 0.14814034 0.04136886 0.04890201 0.08669834 0.05943332
 0.14814034 0.09589572 0.03011743 0.08284317 0.02195591 0.01859915
 0.06165218 0.0727848  0.03177359 0.01858014]]