31051
Test: public void test20() throws Throwable { Comparator<Object> comparator0 = (Comparator<Object>) mock(Comparator.class, new ViolatedAssumptionAnswer()); // Undeclared exception!  ListUtil.sortReverse((List<Comparable<Object>>) null, (Comparator<? super Comparable<Object>>) comparator0);   }
Code: public static <T extends Comparable<? super T>> void sortReverse(List<T> list) { Collections.sort(list, Collections.reverseOrder()); }
[[0.05058191 0.14571047 0.05096103 0.03335649 0.07016722 0.06593329
 0.07016722 0.04052182 0.07016722 0.17693159 0.06430326 0.07016722
 0.07016723 0.02086401]
[0.05076524 0.13628554 0.03359457 0.03321633 0.06829294 0.05439272
 0.06829294 0.03366576 0.06829293 0.20074902 0.09120308 0.06829293
 0.06829295 0.02466312]
[0.03451722 0.16008812 0.04769126 0.03817825 0.07293156 0.08510767
 0.07293156 0.02769907 0.07293155 0.16460004 0.06341656 0.07293155
 0.07293156 0.01404404]
[0.0453357  0.11418105 0.03643909 0.03526515 0.07366832 0.06396168
 0.07366832 0.0414624  0.07366832 0.18849695 0.08300051 0.07366832
 0.07366833 0.0235159 ]
[0.04305254 0.14588957 0.04092337 0.04271476 0.0725318  0.08313552
 0.0725318  0.03721898 0.0725318  0.15769264 0.06451845 0.0725318
 0.07253182 0.02219515]
[0.04924147 0.15699558 0.04145268 0.04311638 0.07106157 0.07013906
 0.07106157 0.03740726 0.07106157 0.1603341  0.06565977 0.07106157
 0.07106158 0.02034584]
[0.04305254 0.14588957 0.04092337 0.04271476 0.0725318  0.08313552
 0.0725318  0.03721898 0.0725318  0.15769264 0.06451845 0.0725318
 0.07253182 0.02219515]
[0.03882543 0.13671823 0.03760675 0.04510793 0.0755147  0.0660331
 0.0755147  0.03379252 0.0755147  0.17664023 0.06722544 0.0755147
 0.07551471 0.02047681]
[0.04305254 0.14588957 0.04092337 0.04271476 0.0725318  0.08313552
 0.0725318  0.03721898 0.0725318  0.15769264 0.06451845 0.0725318
 0.07253182 0.02219515]
[0.03712758 0.13633543 0.03543556 0.05840138 0.07061598 0.0694745
 0.07061598 0.02869171 0.07061598 0.18089612 0.08156957 0.07061598
 0.07061598 0.0189882 ]
[0.05337743 0.12525848 0.04694958 0.04555243 0.07015325 0.07960394
 0.07015325 0.0465339  0.07015325 0.13648401 0.08531222 0.07015325
 0.07015327 0.03016169]
[0.04305254 0.14588957 0.04092337 0.04271476 0.0725318  0.08313552
 0.0725318  0.03721898 0.0725318  0.15769264 0.06451845 0.0725318
 0.07253182 0.02219515]
[0.04305255 0.14588957 0.04092338 0.04271476 0.0725318  0.0831355
 0.0725318  0.03721897 0.0725318  0.15769264 0.06451846 0.0725318
 0.0725318  0.02219515]
[0.03615389 0.14835018 0.05066849 0.04170964 0.06821222 0.06613286
 0.06821222 0.03319002 0.06821222 0.1738711  0.08944719 0.06821222
 0.06821223 0.01941564]]