36091
Test: public void test153() throws Throwable { LocalDateTime localDateTime0 = new LocalDateTime(574L, (DateTimeZone) null); // Undeclared exception!  localDateTime0.withField((DateTimeFieldType) null, 14);   }
Code: public LocalDateTime withField(DateTimeFieldType fieldType, int value) { if (fieldType == null) { throw new IllegalArgumentException("Field must not be null"); } long instant = fieldType.getField(getChronology()).set(getLocalMillis(), value); return withLocalMillis(instant); }
[[0.02920415 0.05114409 0.04051647 0.04658328 0.01790355 0.03319308
 0.04181688 0.07901146 0.02784454 0.04524352 0.01528799 0.04181688
 0.02928276 0.01453064 0.01006852 0.06498834 0.02872806 0.02643206
 0.04557341 0.01307238 0.04751134 0.03247184 0.0185595  0.04051647
 0.07261436 0.03249557 0.04051647 0.01307238]
[0.02461028 0.05566591 0.0424297  0.04959963 0.01164588 0.0405127
 0.04880362 0.09054109 0.02609643 0.03596769 0.01258494 0.04880362
 0.02536467 0.011873   0.00753454 0.08129272 0.01935816 0.02594908
 0.03523804 0.01274637 0.04322048 0.02674387 0.01949468 0.0424297
 0.07385437 0.03246279 0.0424297  0.01274637]
[0.02477597 0.05544635 0.04091214 0.05507585 0.01581401 0.0374417
 0.04171028 0.0615611  0.03549312 0.04650647 0.01780868 0.04171028
 0.02931873 0.01904613 0.01285699 0.07425165 0.02106962 0.03305334
 0.03180914 0.01400048 0.04226986 0.02836161 0.02714609 0.04091214
 0.06660032 0.03013533 0.04091214 0.01400048]
[0.01868454 0.05904095 0.0389009  0.05400714 0.01453754 0.03367789
 0.04342182 0.08125283 0.02686037 0.0497589  0.01294852 0.04342182
 0.03015935 0.0135095  0.00808387 0.08772696 0.01975161 0.02841171
 0.03365914 0.01068867 0.05150775 0.02365596 0.02084467 0.0389009
 0.07250367 0.03449342 0.0389009  0.01068867]
[0.01898622 0.06324908 0.04753712 0.04639159 0.01320447 0.04351057
 0.04581304 0.10972813 0.02641942 0.04642689 0.0113231  0.04581304
 0.02550483 0.01016393 0.00968523 0.06427868 0.01546605 0.03104917
 0.03705753 0.00959549 0.03920616 0.02163186 0.01599412 0.04753712
 0.06630385 0.03099069 0.04753712 0.00959549]
[0.02840334 0.05418218 0.04154778 0.04649312 0.01301411 0.03302309
 0.04888899 0.08462775 0.03304626 0.04159622 0.01327322 0.04888899
 0.02998936 0.01252489 0.00844159 0.07793127 0.02052267 0.02983743
 0.0389921  0.01192662 0.04666135 0.0244766  0.02031905 0.04154778
 0.06182163 0.03454823 0.04154778 0.01192662]
[0.0317242  0.05015869 0.04136632 0.04500755 0.01515114 0.03390674
 0.05144049 0.05458123 0.03731462 0.03384489 0.02043054 0.05144049
 0.02901329 0.01763743 0.01653763 0.06372921 0.02937187 0.03328559
 0.04168324 0.01806835 0.05036986 0.02438782 0.02643026 0.04136632
 0.04586407 0.03645347 0.04136632 0.01806835]
[0.02006939 0.06323332 0.04461674 0.0534035  0.00977632 0.02545809
 0.04599746 0.11458169 0.02067887 0.03973455 0.00760771 0.04599746
 0.01988182 0.00792018 0.00518161 0.08976274 0.01875533 0.02886705
 0.03351394 0.00689444 0.053405   0.02750736 0.01603273 0.04461674
 0.07832272 0.02667211 0.04461675 0.00689444]
[0.03075492 0.05872143 0.04418349 0.03949078 0.01385001 0.03441196
 0.04195135 0.08231711 0.03328817 0.03369164 0.01441659 0.04195135
 0.0278052  0.01286636 0.01212882 0.07042366 0.02417011 0.02831948
 0.03273891 0.01281373 0.05368976 0.03605203 0.01774354 0.04418349
 0.06701598 0.03402291 0.04418348 0.01281373]
[0.01841003 0.065249   0.02928493 0.05308168 0.01113475 0.03492269
 0.0499106  0.10120503 0.02605087 0.04511537 0.01192098 0.0499106
 0.02294443 0.01233469 0.0072827  0.09780864 0.01732136 0.02865241
 0.03032743 0.01011354 0.05231008 0.02651961 0.01924468 0.02928493
 0.07979391 0.03046665 0.02928493 0.01011354]
[0.02351745 0.07460325 0.04234045 0.03709552 0.0125772  0.03344233
 0.05350738 0.10659999 0.0277156  0.04392422 0.0145029  0.05350738
 0.02216591 0.00959627 0.00802219 0.06799904 0.02260906 0.02563029
 0.03379607 0.00822638 0.04795692 0.0261668  0.01525817 0.04234045
 0.06775792 0.02857399 0.04234046 0.00822638]
[0.0317242  0.05015869 0.04136632 0.04500755 0.01515114 0.03390674
 0.05144049 0.05458123 0.03731462 0.03384489 0.02043054 0.05144049
 0.02901329 0.01763743 0.01653763 0.06372921 0.02937187 0.03328559
 0.04168324 0.01806835 0.05036986 0.02438782 0.02643026 0.04136632
 0.04586407 0.03645347 0.04136632 0.01806835]
[0.02249206 0.06030208 0.03643015 0.04374349 0.01318156 0.0320811
 0.06048609 0.07837148 0.02932378 0.03318587 0.01296543 0.06048609
 0.02692461 0.01209486 0.00781044 0.09521454 0.02029994 0.03301348
 0.03622399 0.00976067 0.04444909 0.03200345 0.01959448 0.03643015
 0.05799402 0.03894628 0.03643015 0.00976067]
[0.02517818 0.05115478 0.0376832  0.04510477 0.01586062 0.03846515
 0.04781216 0.08422393 0.02725828 0.0446009  0.01380881 0.04781216
 0.02760061 0.01611282 0.01130273 0.08161402 0.01963971 0.03380185
 0.03427875 0.0137262  0.05012441 0.02946696 0.01995789 0.0376832
 0.05883359 0.03548488 0.0376832  0.0137262 ]
[0.02905929 0.06377895 0.04060637 0.05290341 0.01499631 0.03802645
 0.04858521 0.07467696 0.03185457 0.04140966 0.01478007 0.04858521
 0.02346687 0.01658229 0.01318802 0.07305493 0.02190139 0.03203542
 0.03939622 0.01292898 0.04516901 0.02437458 0.01968718 0.04060637
 0.0559478  0.02886311 0.04060637 0.01292898]
[0.02225612 0.06440857 0.03431758 0.05287443 0.01457695 0.03916438
 0.05322682 0.08481233 0.0372045  0.0368048  0.01549254 0.05322682
 0.02981693 0.01705406 0.0097532  0.06771175 0.01911731 0.04282873
 0.0365711  0.01200738 0.03756233 0.026164   0.02053778 0.03431758
 0.05293892 0.03892806 0.03431758 0.01200738]
[0.02125111 0.06414007 0.03586306 0.05368175 0.01557498 0.04177254
 0.04909134 0.0719731  0.03023937 0.04363186 0.01578784 0.04909134
 0.02818532 0.01393899 0.0117409  0.06762708 0.02135639 0.03343726
 0.04371615 0.01318679 0.05014115 0.02740701 0.01526544 0.03586306
 0.06468049 0.03230577 0.03586306 0.01318679]
[0.02514949 0.05801304 0.04484713 0.05572173 0.01778193 0.02778217
 0.04044852 0.08518304 0.02485207 0.04080404 0.01546726 0.04044852
 0.02328848 0.01191549 0.00874351 0.07924254 0.02291398 0.03505239
 0.04560655 0.01338897 0.03692399 0.02840498 0.01971903 0.04484713
 0.06698867 0.02822918 0.04484713 0.01338897]
[0.0297774  0.06577348 0.03268411 0.04415534 0.01698409 0.03407592
 0.04602723 0.09081101 0.02881213 0.04330944 0.01466694 0.04602723
 0.02932951 0.01443734 0.01000426 0.06841749 0.02602083 0.02787654
 0.05189284 0.01081938 0.04079945 0.03881402 0.01737332 0.03268411
 0.06008852 0.03483457 0.03268411 0.01081938]
[0.02232137 0.06550097 0.04208177 0.04118161 0.01698689 0.02672006
 0.05541166 0.08571497 0.03013706 0.03851557 0.01405614 0.05541166
 0.03005983 0.01249998 0.00894773 0.06051593 0.0234461  0.04250675
 0.04317586 0.01201843 0.03623165 0.02309226 0.01997208 0.04208177
 0.04912561 0.04818607 0.04208177 0.01201843]
[0.02112608 0.05245368 0.03890205 0.05685599 0.01248259 0.03264559
 0.0530837  0.08004947 0.0245828  0.04080033 0.01143322 0.0530837
 0.02406856 0.01195265 0.00769153 0.08967385 0.01925585 0.03267276
 0.04425222 0.01248299 0.04272301 0.03117242 0.01622732 0.03890205
 0.06885994 0.03118061 0.03890205 0.01248299]
[0.02915642 0.05522288 0.04206076 0.04908016 0.01578507 0.03488433
 0.04293194 0.08094223 0.02725232 0.04707609 0.01392316 0.04293194
 0.02564335 0.01395977 0.00866612 0.06523392 0.02199739 0.03036808
 0.04241082 0.01256416 0.04526225 0.03069137 0.01989274 0.04206076
 0.06915115 0.03622592 0.04206076 0.01256416]
[0.03310549 0.05976726 0.04681527 0.0365744  0.01995748 0.03550143
 0.03776626 0.07335462 0.03408282 0.03726709 0.02105159 0.03776626
 0.02696373 0.01559972 0.01666796 0.04566468 0.03218549 0.03350586
 0.05235909 0.01631592 0.04082686 0.0244886  0.02755644 0.04681527
 0.04850044 0.03640877 0.04681528 0.01631592]
[0.02477597 0.05544635 0.04091214 0.05507585 0.01581401 0.0374417
 0.04171028 0.0615611  0.03549312 0.04650647 0.01780868 0.04171028
 0.02931873 0.01904613 0.01285699 0.07425165 0.02106962 0.03305334
 0.03180914 0.01400048 0.04226986 0.02836161 0.02714609 0.04091214
 0.06660032 0.03013533 0.04091214 0.01400048]
[0.02738279 0.05320445 0.0366994  0.0477043  0.01365849 0.03287835
 0.05230154 0.07915781 0.02832521 0.04675769 0.0159249  0.05230154
 0.03018944 0.01644786 0.01126677 0.072877   0.02346222 0.02672509
 0.03607409 0.01129497 0.04577842 0.02513784 0.02304067 0.0366994
 0.06691207 0.03980331 0.0366994  0.01129497]
[0.02074105 0.05466028 0.04084471 0.05683912 0.01215583 0.03164276
 0.04157826 0.08487919 0.02742464 0.03943403 0.01213526 0.04157826
 0.02379791 0.01230519 0.00998392 0.09166141 0.02371541 0.02873224
 0.03591573 0.01134227 0.05588274 0.03036487 0.0203403  0.04084471
 0.0690768  0.0299362  0.04084472 0.01134227]
[0.02477597 0.05544635 0.04091214 0.05507585 0.01581401 0.0374417
 0.04171028 0.0615611  0.03549312 0.04650647 0.01780868 0.04171028
 0.02931873 0.01904613 0.01285699 0.07425165 0.02106962 0.03305334
 0.03180914 0.01400048 0.04226986 0.02836161 0.02714609 0.04091214
 0.06660032 0.03013533 0.04091214 0.01400048]
[0.02232137 0.06550097 0.04208177 0.04118161 0.01698689 0.02672006
 0.05541166 0.08571497 0.03013706 0.03851557 0.01405614 0.05541166
 0.03005983 0.01249998 0.00894773 0.06051593 0.0234461  0.04250675
 0.04317586 0.01201843 0.03623165 0.02309226 0.01997208 0.04208177
 0.04912561 0.04818607 0.04208177 0.01201843]]