83978
Test: public void test54() throws Throwable { CodeException codeException0 = new CodeException(0, 0, 136, 0); DataOutputStream dataOutputStream0 = new DataOutputStream((OutputStream) null); // Undeclared exception!  codeException0.dump(dataOutputStream0);   }
Code: public void dump( final DataOutputStream file ) throws IOException { file.writeShort(startPc); file.writeShort(endPc); file.writeShort(handlerPc); file.writeShort(catchType); }
[[0.05332637 0.04271483 0.0739743  0.04236033 0.08826393 0.06771711
 0.09050776 0.12879854 0.02670622 0.06774722 0.0739743  0.0739743
 0.07397431 0.07397431 0.0219862 ]
[0.04036111 0.03489697 0.07884051 0.03483664 0.07536247 0.06766799
 0.09654181 0.14400661 0.02229752 0.06881972 0.07884052 0.07884052
 0.07884052 0.07884052 0.02100651]
[0.04395161 0.03739696 0.07437231 0.04075089 0.08662312 0.0667932
 0.09665379 0.14149448 0.02823393 0.06406447 0.07437231 0.07437231
 0.07437232 0.07437232 0.02217596]
[0.04763938 0.03476327 0.07618091 0.03134762 0.0743493  0.0869008
 0.09435638 0.12915839 0.02878488 0.07649434 0.07618091 0.07618091
 0.07618091 0.07618091 0.01530107]
[0.04749551 0.03372834 0.07710497 0.04681677 0.08701605 0.08733167
 0.09107447 0.10708166 0.03026175 0.06483541 0.07710497 0.07710497
 0.07710499 0.07710499 0.01883345]
[0.04509643 0.03715148 0.0806715  0.04317749 0.07155059 0.07128976
 0.09546511 0.10964823 0.02490449 0.07429507 0.08067149 0.08067149
 0.0806715  0.0806715  0.02406389]
[0.04999554 0.04934131 0.0703472  0.04782061 0.09541149 0.06799767
 0.07963952 0.1043696  0.03061292 0.09802755 0.0703472  0.0703472
 0.0703472  0.0703472  0.02504778]
[0.03944129 0.03785585 0.06954741 0.03216456 0.07791246 0.06195439
 0.0723253  0.19435212 0.02473114 0.09318349 0.06954742 0.06954742
 0.06954743 0.06954743 0.01834232]
[0.04176213 0.03287281 0.07972497 0.03547789 0.06504737 0.07871906
 0.07729074 0.1619878  0.02260603 0.07033078 0.07972495 0.07972495
 0.07972497 0.07972497 0.01528059]
[0.05414099 0.04695476 0.07240505 0.05302776 0.07509132 0.07550737
 0.08722024 0.0964326  0.0358129  0.08373386 0.07240506 0.07240506
 0.07240506 0.07240506 0.03005284]
[0.04395161 0.03739696 0.07437231 0.04075089 0.08662312 0.0667932
 0.09665379 0.14149448 0.02823393 0.06406447 0.07437231 0.07437231
 0.07437232 0.07437232 0.02217596]
[0.04395161 0.03739696 0.07437231 0.04075089 0.08662312 0.0667932
 0.09665379 0.14149448 0.02823393 0.06406447 0.07437231 0.07437231
 0.07437232 0.07437232 0.02217596]
[0.04395162 0.03739696 0.07437231 0.04075089 0.08662312 0.06679321
 0.09665377 0.1414945  0.02823393 0.06406447 0.07437231 0.07437231
 0.07437231 0.07437232 0.02217596]
[0.04395162 0.03739696 0.07437231 0.04075089 0.08662312 0.06679321
 0.09665377 0.1414945  0.02823393 0.06406447 0.07437231 0.07437231
 0.07437231 0.07437232 0.02217596]
[0.03581866 0.0330832  0.06722857 0.03226492 0.07750411 0.10125151
 0.09431174 0.15095696 0.0284458  0.09064595 0.06722857 0.06722857
 0.06722859 0.06722859 0.01957431]]