34517
Test: public void test33() throws Throwable { ASTJexlScript aSTJexlScript0 = new ASTJexlScript((-1318)); String[] stringArray0 = new String[6]; Scope scope0 = new Scope((Scope) null, stringArray0); aSTJexlScript0.setScope(scope0); boolean boolean0 = aSTJexlScript0.isCapturedSymbol(2005); }
Code: public boolean isCapturedSymbol(final int symbol) { return scope != null && scope.isCapturedSymbol(symbol); }
[[0.06081144 0.13644446 0.08437582 0.03544044 0.08437582 0.09635119
 0.06881081 0.17809628 0.03514399 0.06538462 0.04113925 0.08437583
 0.02925008]
[0.04080573 0.17065439 0.07467429 0.01956081 0.07467429 0.12818234
 0.07549499 0.22005019 0.0235779  0.04420248 0.03060279 0.07467429
 0.0228455 ]
[0.0460892  0.14440177 0.0725411  0.02757538 0.0725411  0.09730137
 0.05657903 0.2630921  0.03528169 0.04645003 0.03428025 0.0725411
 0.03132589]
[0.03942458 0.11925741 0.08997537 0.02395082 0.08997537 0.11532695
 0.06679475 0.23555276 0.02749458 0.04518455 0.03488475 0.08997538
 0.02220269]
[0.0460892  0.14440177 0.0725411  0.02757538 0.0725411  0.09730137
 0.05657903 0.2630921  0.03528169 0.04645003 0.03428025 0.0725411
 0.03132589]
[0.06313022 0.12038706 0.07575954 0.02868694 0.07575954 0.11706948
 0.07061975 0.18004104 0.04749823 0.04888308 0.05761132 0.07575954
 0.03879426]
[0.04227088 0.15512085 0.07453158 0.02140357 0.07453158 0.10256799
 0.05795112 0.26434392 0.02850799 0.04478663 0.03235494 0.07453158
 0.02709744]
[0.04852962 0.17537113 0.07808828 0.02649817 0.07808828 0.10833681
 0.05719247 0.19343418 0.03757867 0.04303423 0.04143204 0.07808829
 0.03432781]
[0.04111597 0.14780857 0.07359686 0.02262067 0.07359686 0.1458681
 0.06393796 0.24344417 0.02169774 0.03838264 0.03140757 0.07359688
 0.02292599]
[0.05227299 0.12944947 0.07845061 0.02971096 0.07845061 0.14695558
 0.0877796  0.17663677 0.03135403 0.04644448 0.04256207 0.07845059
 0.02148225]
[0.04419674 0.16800764 0.07554512 0.02178906 0.07554512 0.10972594
 0.05651275 0.22767118 0.03232746 0.04656846 0.03260375 0.07554514
 0.03396162]
[0.0460892  0.14440177 0.0725411  0.02757538 0.0725411  0.09730137
 0.05657903 0.2630921  0.03528169 0.04645003 0.03428025 0.0725411
 0.03132589]
[0.0426768  0.12972946 0.0744048  0.03092953 0.0744048  0.1408977
 0.1022324  0.18062592 0.03467511 0.04586851 0.04033456 0.0744048
 0.02881566]]