131366
Test: public void test1() throws Throwable { // Undeclared exception!  FactoryUtils.instantiateFactory((Class<String>) null, (Class<?>[]) null, (Object[]) null);   }
Code: public static <T> Factory<T> instantiateFactory(final Class<T> classToInstantiate) { return InstantiateFactory.instantiateFactory(classToInstantiate, null, null); }
[[0.05288654 0.13035655 0.11154389 0.07335219 0.07335219 0.03682317
 0.07335219 0.05464736 0.05624358 0.0733522  0.13488209 0.11014715
 0.01906094]
[0.0542326  0.12608883 0.133655   0.07538746 0.07538746 0.03311691
 0.07538746 0.07450579 0.04987705 0.07538746 0.13179044 0.07357159
 0.02161187]
[0.05183762 0.11782546 0.13430293 0.08139991 0.08139991 0.02929858
 0.08139991 0.0771941  0.05757076 0.08139991 0.11851771 0.06968129
 0.01817192]
[0.04456295 0.14318594 0.12202334 0.07643594 0.07643594 0.03811957
 0.07643594 0.05926583 0.0537867  0.07643595 0.1228126  0.08953956
 0.02095976]
[0.04456295 0.14318594 0.12202334 0.07643594 0.07643594 0.03811957
 0.07643594 0.05926583 0.0537867  0.07643595 0.1228126  0.08953956
 0.02095976]
[0.04314582 0.15176284 0.12824696 0.06987559 0.06987559 0.03001873
 0.06987559 0.05511788 0.06021588 0.06987559 0.14085023 0.09681097
 0.01432836]
[0.04456295 0.14318594 0.12202334 0.07643594 0.07643594 0.03811957
 0.07643594 0.05926583 0.0537867  0.07643595 0.1228126  0.08953956
 0.02095976]
[0.05524159 0.12134528 0.10951591 0.07753633 0.07753633 0.04442184
 0.07753633 0.0772312  0.06508964 0.07753634 0.12734213 0.06058725
 0.02907978]
[0.0347131  0.13560176 0.12720145 0.07712745 0.07712745 0.02934801
 0.07712745 0.05164054 0.05318223 0.07712746 0.14203596 0.10279176
 0.01497537]
[0.04456295 0.14318594 0.12202334 0.07643594 0.07643594 0.03811957
 0.07643594 0.05926583 0.0537867  0.07643595 0.1228126  0.08953956
 0.02095976]
[0.03964445 0.10922144 0.1392417  0.08085352 0.08085352 0.02972686
 0.08085352 0.06421953 0.04775507 0.08085354 0.14642966 0.08473374
 0.01561342]
[0.03466894 0.13345012 0.14263777 0.07467706 0.07467706 0.02356577
 0.07467706 0.05566351 0.06096465 0.07467706 0.1637693  0.07506246
 0.01150922]
[0.03841584 0.1297189  0.14970218 0.07663984 0.07663984 0.03023547
 0.07663984 0.07101818 0.07589193 0.07663984 0.11709718 0.06474277
 0.01661825]]