15845
Test: public void test1182() throws Throwable { MockDate mockDate0 = new MockDate(); Date date0 = DateUtils.setMonths(mockDate0, 5); }
Code: public static Date setMonths(final Date date, final int amount) { return set(date, Calendar.MONTH, amount); }
[[0.05741786 0.15692279 0.02612637 0.07964543 0.02612637 0.13444191
 0.04497691 0.03799153 0.094865   0.06814086 0.06215078 0.07964543
 0.02928133 0.07964544 0.02262195]
[0.05646005 0.14262809 0.02101845 0.07706849 0.02101845 0.13806465
 0.04036384 0.03006705 0.12539907 0.09091914 0.05284056 0.07706848
 0.02475735 0.0770685  0.0252578 ]
[0.04791341 0.15218428 0.02583019 0.07338667 0.02583019 0.16061059
 0.0382961  0.03382777 0.08775744 0.08871089 0.07034938 0.07338667
 0.03081604 0.07338668 0.01771362]
[0.04511839 0.15239483 0.02462257 0.07609826 0.02462257 0.14180154
 0.04223457 0.02962245 0.128389   0.06713854 0.05464537 0.07609826
 0.03798279 0.07609827 0.02313267]
[0.04791341 0.15218428 0.02583019 0.07338667 0.02583019 0.16061059
 0.0382961  0.03382777 0.08775744 0.08871089 0.07034938 0.07338667
 0.03081604 0.07338668 0.01771362]
[0.03899857 0.18622294 0.01646221 0.07673343 0.01646221 0.15433756
 0.04005808 0.02482563 0.08413841 0.09823205 0.07309776 0.07673343
 0.02270649 0.07673343 0.01425777]
[0.05248421 0.15414917 0.02459684 0.08422831 0.02459684 0.12920891
 0.0344858  0.02378764 0.09962109 0.08380627 0.0761847  0.08422831
 0.02760429 0.08422832 0.01678928]
[0.03486169 0.19836062 0.01844492 0.09335014 0.01844492 0.12920728
 0.04532666 0.02665337 0.0840951  0.0700973  0.05520758 0.09335014
 0.02321276 0.09335016 0.01603734]
[0.04812983 0.18582906 0.01921368 0.06825633 0.01921368 0.14895155
 0.04904979 0.02959077 0.09814747 0.08555443 0.06948711 0.06825633
 0.02556506 0.06825633 0.01649853]
[0.05743041 0.12938808 0.02885927 0.07868314 0.02885927 0.09845859
 0.05608226 0.02827554 0.11173813 0.08460831 0.06710453 0.07868314
 0.04208085 0.07868315 0.03106542]
[0.03803997 0.16808917 0.01958952 0.0783909  0.01958952 0.19781776
 0.03425766 0.02364071 0.08828231 0.06913347 0.0561266  0.0783909
 0.03104899 0.07839092 0.01921165]
[0.04511839 0.15239483 0.02462257 0.07609826 0.02462257 0.14180154
 0.04223457 0.02962245 0.128389   0.06713854 0.05464537 0.07609826
 0.03798279 0.07609827 0.02313267]
[0.05966453 0.1414313  0.02622843 0.08543114 0.02622843 0.11445333
 0.04656013 0.03608343 0.08893588 0.07473969 0.0654736  0.08543114
 0.04023197 0.08543114 0.02367571]
[0.0451184  0.15239483 0.02462257 0.07609825 0.02462257 0.1418015
 0.04223457 0.02962246 0.128389   0.06713854 0.05464537 0.07609825
 0.03798279 0.07609826 0.02313267]
[0.03892102 0.15471329 0.01725413 0.0741769  0.01725413 0.15789475
 0.03455665 0.02982418 0.11123905 0.09199715 0.08268428 0.0741769
 0.02094646 0.07417691 0.02018423]]