129181
Test: public void test20() throws Throwable { double double0 = Precision.representableDelta(0.0, 1); }
Code: public static double representableDelta(double x, double delta) { return x + delta - x; }
[[0.04336546 0.12817629 0.07489545 0.06015834 0.05453672 0.07489545
 0.06015834 0.05699144 0.04762269 0.10261019 0.03511833 0.0246193
 0.13892329 0.07963396 0.01829482]
[0.04414356 0.11955363 0.06784801 0.05925483 0.05229956 0.06784801
 0.05925483 0.08053485 0.0419611  0.08955495 0.03499139 0.02804728
 0.15068649 0.08232178 0.02169981]
[0.03381091 0.14191896 0.07382777 0.06091031 0.05214421 0.07382777
 0.06091031 0.05792018 0.05112218 0.10204817 0.0235479  0.02247748
 0.14490238 0.08527104 0.01536043]
[0.03539465 0.12416184 0.06613362 0.0588965  0.06117063 0.06613362
 0.0588965  0.05709944 0.04298533 0.10984995 0.04861651 0.03402405
 0.14159155 0.0757114  0.01933438]
[0.04271261 0.11847857 0.0548583  0.0621474  0.050336   0.0548583
 0.0621474  0.06756691 0.06087741 0.09991291 0.03368914 0.02924227
 0.176256   0.07028936 0.0166274 ]
[0.03381091 0.14191896 0.07382777 0.06091031 0.05214421 0.07382777
 0.06091031 0.05792018 0.05112218 0.10204817 0.0235479  0.02247748
 0.14490238 0.08527104 0.01536043]
[0.03539465 0.12416184 0.06613362 0.0588965  0.06117063 0.06613362
 0.0588965  0.05709944 0.04298533 0.10984995 0.04861651 0.03402405
 0.14159155 0.0757114  0.01933438]
[0.04699118 0.10803261 0.06408267 0.06309289 0.05760105 0.06408267
 0.06309289 0.0721164  0.05452946 0.08253306 0.04888281 0.03604032
 0.13691807 0.07602784 0.02597605]
[0.02932968 0.13146956 0.06360275 0.05985351 0.06857473 0.06360275
 0.05985351 0.05450626 0.04306847 0.11567558 0.04029791 0.02585382
 0.1629578  0.06627239 0.01508121]
[0.04830832 0.09673221 0.06244756 0.06452763 0.05801091 0.06244756
 0.06452763 0.06550607 0.05607229 0.09836192 0.04924406 0.04133262
 0.11622344 0.08844629 0.02781149]
[0.0402565  0.12284291 0.05996194 0.05547081 0.06459296 0.05996194
 0.05547081 0.05604358 0.04744369 0.0873672  0.03396957 0.02664341
 0.15178795 0.1188551  0.01933167]
[0.03355658 0.11719477 0.07988797 0.05407167 0.04896005 0.07988797
 0.05407167 0.07438458 0.05214816 0.11343151 0.03478462 0.0263042
 0.14644489 0.07081404 0.01405735]
[0.04887797 0.10405936 0.07058333 0.07033563 0.04833744 0.07058333
 0.07033563 0.07544777 0.04953549 0.08271766 0.03668118 0.04031243
 0.11437854 0.09497444 0.02283978]
[0.03873463 0.12170435 0.06258339 0.05553604 0.05618795 0.06258339
 0.05553604 0.07794485 0.04703673 0.10682181 0.03844719 0.02718947
 0.14321011 0.09039836 0.01608563]
[0.03045277 0.11935861 0.06627715 0.05829013 0.0548281  0.06627715
 0.05829013 0.07052374 0.06427302 0.12130561 0.03294471 0.02256407
 0.13378324 0.08528234 0.01554931]]