166994
Test: public void test2() throws Throwable { EventType<Event> eventType0 = Event.ANY; Event event0 = new Event("", eventType0); // Undeclared exception!  event0.appendPropertyRepresentation((StringBuilder) null, "", (Object) null);   }
Code: protected void appendPropertyRepresentation(final StringBuilder buf, final String property, final Object value) { buf.append(String.format(FMT_PROPERTY, property, String.valueOf(value))); }
[[0.05862929 0.03605153 0.05687596 0.0717843  0.1560859  0.03808778
 0.05449143 0.0987707  0.03808778 0.02632979 0.0388369  0.09512525
 0.05687596 0.0987707  0.05687596 0.01832079]
[0.06539693 0.03533252 0.06052929 0.0718487  0.1583332  0.03537837
 0.04675685 0.09736135 0.03537837 0.02817938 0.03943663 0.0832406
 0.06052929 0.09736135 0.06052929 0.02440791]
[0.07154345 0.03854937 0.06063427 0.08253203 0.12536786 0.04067679
 0.06409942 0.08712339 0.04067679 0.03190527 0.0500729  0.07422215
 0.06063427 0.08712339 0.06063427 0.0242044 ]
[0.06219053 0.03461951 0.05566323 0.0631007  0.14493382 0.03917649
 0.05903393 0.08815945 0.03917649 0.0337992  0.04587871 0.10800271
 0.05566323 0.08815945 0.05566323 0.02677922]
[0.06046848 0.03387411 0.06503995 0.06402187 0.13300073 0.03893382
 0.06763501 0.09038319 0.03893382 0.02975816 0.04807622 0.09250796
 0.06503995 0.09038319 0.06503995 0.01690357]
[0.04821655 0.03823365 0.06423475 0.05401859 0.11544666 0.03397954
 0.06424479 0.11706192 0.03397954 0.03327094 0.0353151  0.09798279
 0.06423475 0.11706192 0.06423475 0.01848371]
[0.05949688 0.03583939 0.06280034 0.07093373 0.13074788 0.0384273
 0.05138534 0.10199311 0.0384273  0.03184247 0.04629369 0.08387992
 0.06280034 0.10199311 0.06280034 0.02033886]
[0.05589091 0.03015207 0.06153398 0.06667846 0.14867444 0.02902509
 0.0540375  0.10548857 0.02902509 0.02945878 0.03185736 0.11223553
 0.06153398 0.10548857 0.06153398 0.01738569]
[0.04821655 0.03823365 0.06423475 0.05401859 0.11544666 0.03397954
 0.06424479 0.11706192 0.03397954 0.03327094 0.0353151  0.09798279
 0.06423475 0.11706192 0.06423475 0.01848371]
[0.0662341  0.03157678 0.05103925 0.07125251 0.14522877 0.03160382
 0.06070119 0.10889833 0.03160382 0.02858499 0.03534468 0.10790688
 0.05103925 0.10889833 0.05103925 0.01904805]
[0.06195305 0.03598032 0.05738272 0.05961157 0.13839254 0.03928922
 0.058095   0.10513959 0.03928922 0.02878582 0.04132051 0.09361994
 0.05738272 0.10513959 0.05738272 0.02123543]
[0.08167771 0.04547016 0.05983199 0.07071327 0.10316601 0.05030531
 0.06443281 0.07476166 0.05030531 0.03016319 0.04718922 0.09602848
 0.05983199 0.07476166 0.05983199 0.03152928]
[0.07154345 0.03854937 0.06063427 0.08253203 0.12536786 0.04067679
 0.06409942 0.08712339 0.04067679 0.03190527 0.0500729  0.07422215
 0.06063427 0.08712339 0.06063427 0.0242044 ]
[0.05589091 0.03015207 0.06153398 0.06667846 0.14867444 0.02902509
 0.0540375  0.10548857 0.02902509 0.02945878 0.03185736 0.11223553
 0.06153398 0.10548857 0.06153398 0.01738569]
[0.07154345 0.03854937 0.06063427 0.08253203 0.12536786 0.04067679
 0.06409942 0.08712339 0.04067679 0.03190527 0.0500729  0.07422215
 0.06063427 0.08712339 0.06063427 0.0242044 ]
[0.06805392 0.03523186 0.06251056 0.06131801 0.12559658 0.03389323
 0.06493362 0.08690526 0.03389323 0.03879343 0.03926182 0.11420733
 0.06251056 0.08690526 0.06251056 0.02347481]]