84026
Test: public void test9() throws Throwable { byte[] byteArray0 = new byte[9]; byteArray0[5] = (byte)1; ByteArrayInputStream byteArrayInputStream0 = new ByteArrayInputStream(byteArray0); DataInputStream dataInputStream0 = new DataInputStream(byteArrayInputStream0); ModuleOpens moduleOpens0 = new ModuleOpens(dataInputStream0); ByteArrayOutputStream byteArrayOutputStream0 = new ByteArrayOutputStream((byte)116); DataOutputStream dataOutputStream0 = new DataOutputStream(byteArrayOutputStream0); moduleOpens0.dump(dataOutputStream0); }
Code: public void dump( final DataOutputStream file ) throws IOException { file.writeShort(opensIndex); file.writeShort(opensFlags); file.writeShort(opensToCount); for (final int entry : opensToIndex) { file.writeShort(entry); } }
[[0.03464463 0.02809595 0.04806165 0.02788569 0.05744006 0.04516352
 0.06111405 0.08165037 0.01806127 0.04678437 0.04806165 0.04806165
 0.04806165 0.03321774 0.0338427  0.02179868 0.11315321 0.0322133
 0.04806165 0.04678437 0.04806166 0.01489007 0.01489007]
[0.02579419 0.02344527 0.0487168  0.02342831 0.04893171 0.04564694
 0.06708512 0.09013526 0.01545581 0.04922435 0.0487168  0.0487168
 0.0487168  0.02699875 0.02400614 0.01339909 0.15178336 0.02353103
 0.04871681 0.04922434 0.04871681 0.01480478 0.01480478]
[0.02843915 0.02536345 0.04748935 0.02739329 0.05659813 0.04376926
 0.06643322 0.09207848 0.01928524 0.04495678 0.04748935 0.04748935
 0.04748935 0.03865375 0.03207952 0.01842514 0.1189847  0.02707121
 0.04748935 0.04495677 0.04748935 0.01528789 0.01528789]
[0.03124152 0.02331529 0.04767105 0.02093738 0.04887351 0.05777162
 0.06495865 0.08124492 0.0197655  0.05372867 0.04767105 0.04767105
 0.04767105 0.03350841 0.02740093 0.01370963 0.13796212 0.02472292
 0.04767105 0.05372869 0.04767106 0.01055198 0.01055198]
[0.03189383 0.02286174 0.05040891 0.03201054 0.0587052  0.05933876
 0.06432878 0.07036591 0.02134023 0.04633917 0.05040891 0.05040891
 0.05040891 0.03113442 0.02836229 0.01678575 0.12098586 0.0208199
 0.0504089  0.04633917 0.05040891 0.0129675  0.0129675 ]
[0.03018797 0.02518201 0.05301637 0.02914153 0.04787634 0.04810751
 0.0660761  0.07216819 0.01710909 0.05186102 0.05301637 0.05301637
 0.05301637 0.03459872 0.02891375 0.01540039 0.10204083 0.02814544
 0.05301637 0.05186101 0.05301637 0.01661592 0.01661592]
[0.03273631 0.03255589 0.04548663 0.03139837 0.0619902  0.04455961
 0.05281787 0.06787333 0.02020925 0.06555215 0.04548663 0.04548663
 0.04548663 0.02949651 0.0285249  0.02264869 0.10581494 0.03208071
 0.04548663 0.06555215 0.04548663 0.0166347  0.0166347 ]
[0.02520555 0.0247786  0.04282745 0.02089584 0.04937097 0.03977078
 0.04811452 0.12014891 0.01658513 0.06355549 0.04282745 0.04282745
 0.04282745 0.02480548 0.02505407 0.01482056 0.15116687 0.03070657
 0.04282746 0.06355553 0.04282746 0.0122502  0.0122502 ]
[0.02824304 0.02238367 0.0537285  0.02457407 0.0444072  0.05444066
 0.0545745  0.10882951 0.01596575 0.05046836 0.0537285  0.0537285
 0.0537285  0.02676501 0.02712453 0.01572284 0.10885995 0.02334877
 0.05372849 0.05046838 0.05372851 0.01072638 0.01072638]
[0.03555394 0.03098177 0.0467984  0.03488961 0.04907778 0.04979901
 0.05849362 0.06295552 0.02379756 0.05666756 0.0467984  0.0467984
 0.0467984  0.03509242 0.03475325 0.017078   0.10416769 0.02911465
 0.0467984  0.05666756 0.04679841 0.02005982 0.02005982]
[0.02843915 0.02536345 0.04748935 0.02739329 0.05659813 0.04376926
 0.06643322 0.09207848 0.01928524 0.04495678 0.04748935 0.04748935
 0.04748935 0.03865375 0.03207952 0.01842514 0.1189847  0.02707121
 0.04748935 0.04495677 0.04748935 0.01528789 0.01528789]
[0.02843915 0.02536345 0.04748935 0.02739329 0.05659813 0.04376926
 0.06643322 0.09207848 0.01928524 0.04495678 0.04748935 0.04748935
 0.04748935 0.03865375 0.03207952 0.01842514 0.1189847  0.02707121
 0.04748935 0.04495677 0.04748935 0.01528789 0.01528789]
[0.02843915 0.02536345 0.04748935 0.02739329 0.05659813 0.04376926
 0.06643322 0.09207848 0.01928524 0.04495678 0.04748935 0.04748935
 0.04748935 0.03865375 0.03207952 0.01842514 0.1189847  0.02707121
 0.04748935 0.04495677 0.04748935 0.01528789 0.01528789]
[0.03440913 0.02791882 0.04758516 0.02858266 0.05311655 0.05021621
 0.06070451 0.0819476  0.01849177 0.0632498  0.04758516 0.04758516
 0.04758516 0.0328474  0.0260888  0.01620835 0.11586127 0.02115672
 0.04758515 0.0632498  0.04758516 0.01021983 0.01021983]
[0.0302294  0.02324093 0.04961266 0.02456987 0.05819906 0.06249065
 0.05993044 0.07623518 0.02096647 0.05067571 0.04961266 0.04961266
 0.04961266 0.03399885 0.02911074 0.01666793 0.11010947 0.02914915
 0.04961265 0.05067571 0.04961266 0.01303729 0.01303729]
[0.0232283  0.02012345 0.06048281 0.03118561 0.04831307 0.05315034
 0.07808634 0.07282248 0.01793838 0.05067425 0.06048281 0.06048281
 0.06048281 0.02684306 0.03342666 0.01707767 0.06647115 0.02482166
 0.06048281 0.05067424 0.06048282 0.01113323 0.01113323]
[0.03342317 0.02780538 0.04640109 0.03060398 0.05796153 0.04712927
 0.05551079 0.08535878 0.01820693 0.05299377 0.04640109 0.04640109
 0.04640109 0.03208398 0.02559981 0.01897704 0.12679422 0.02628205
 0.04640109 0.05299377 0.0464011  0.01493449 0.01493449]
[0.03572957 0.02787689 0.04379106 0.02586257 0.04960683 0.06001286
 0.05888356 0.08722566 0.0234023  0.05399117 0.04379106 0.04379106
 0.04379106 0.03687086 0.03651292 0.02300956 0.10228281 0.02431547
 0.04379106 0.05399116 0.04379106 0.01883973 0.01883973]
[0.02843915 0.02536345 0.04748935 0.02739329 0.05659813 0.04376926
 0.06643322 0.09207848 0.01928524 0.04495678 0.04748935 0.04748935
 0.04748935 0.03865375 0.03207952 0.01842514 0.1189847  0.02707121
 0.04748935 0.04495677 0.04748935 0.01528789 0.01528789]
[0.03555394 0.03098177 0.0467984  0.03488961 0.04907778 0.04979901
 0.05849362 0.06295552 0.02379756 0.05666756 0.0467984  0.0467984
 0.0467984  0.03509242 0.03475325 0.017078   0.10416769 0.02911465
 0.0467984  0.05666756 0.04679841 0.02005982 0.02005982]
[0.02843916 0.02536345 0.04748935 0.02739329 0.05659813 0.04376926
 0.06643321 0.09207849 0.01928524 0.04495678 0.04748935 0.04748935
 0.04748935 0.03865375 0.03207953 0.01842514 0.11898469 0.02707122
 0.04748935 0.04495678 0.04748935 0.0152879  0.0152879 ]
[0.02374266 0.02220082 0.04408866 0.02159895 0.05149913 0.0686573
 0.06485583 0.09985593 0.01938809 0.06282457 0.04408866 0.04408866
 0.04408866 0.03014292 0.03377901 0.01789646 0.10665805 0.02267888
 0.04408866 0.06282457 0.04408867 0.01343242 0.01343242]
[0.02374266 0.02220082 0.04408866 0.02159895 0.05149913 0.0686573
 0.06485583 0.09985593 0.01938809 0.06282457 0.04408866 0.04408866
 0.04408866 0.03014292 0.03377901 0.01789646 0.10665805 0.02267888
 0.04408866 0.06282457 0.04408867 0.01343242 0.01343242]]