136052
Test: public void test157() throws Throwable { Document document0 = Parser.parse("T&B``lI8y", "org.jsoup.select.Elements"); Elements elements0 = document0.getElementsContainingText("T&B``lI8y"); Elements elements1 = elements0.clone(); }
Code: public Elements clone() { Elements clone = new Elements(size()); for(Element e : this) clone.add(e.clone()); return clone; }
[[0.05405455 0.03887425 0.06980214 0.06831325 0.03887425 0.04752556
 0.03377215 0.02752253 0.07498409 0.07498409 0.15327522 0.0482948
 0.03184522 0.07498409 0.05902448 0.08166158 0.02220786]
[0.04859918 0.03088557 0.07642827 0.09210051 0.03088557 0.04054944
 0.03973505 0.0283934  0.06508976 0.06508976 0.18183884 0.03839429
 0.03405622 0.06508976 0.06655931 0.07519735 0.02110773]
[0.04591782 0.02897012 0.06137197 0.08055022 0.02897012 0.04569873
 0.03040754 0.02438224 0.09143887 0.09143887 0.16052309 0.03322223
 0.02249888 0.09143887 0.07333113 0.07567994 0.01415941]
[0.05352188 0.03749428 0.06519606 0.08442332 0.03749428 0.04560423
 0.04448356 0.03009833 0.07084252 0.07084252 0.1427468  0.04371881
 0.03613817 0.07084252 0.06180928 0.07471631 0.03002714]
[0.04859918 0.03088557 0.07642827 0.09210051 0.03088557 0.04054944
 0.03973505 0.0283934  0.06508976 0.06508976 0.18183884 0.03839429
 0.03405622 0.06508976 0.06655931 0.07519735 0.02110773]
[0.04380041 0.03410064 0.082971   0.08263669 0.03410064 0.03635657
 0.02928285 0.0239825  0.0764697  0.0764697  0.1918743  0.03335393
 0.02091551 0.0764697  0.05609168 0.08523361 0.01589064]
[0.0573322  0.03421012 0.05761012 0.06309614 0.03421012 0.05341487
 0.047058   0.02688669 0.0811397  0.0811397  0.11998577 0.04822362
 0.0302951  0.0811397  0.06261504 0.0939435  0.02769959]
[0.04822063 0.03112418 0.07362901 0.08015893 0.03112418 0.03875695
 0.03918668 0.03217019 0.0769618  0.0769618  0.14394324 0.05329132
 0.03066009 0.0769618  0.06764114 0.07542263 0.02378544]
[0.04438028 0.03365654 0.07240847 0.06664175 0.03365654 0.04315022
 0.0469071  0.03341272 0.07474453 0.07474453 0.17120408 0.04161573
 0.02780521 0.07474453 0.05376729 0.084245   0.02291543]
[0.04438028 0.03365654 0.07240847 0.06664175 0.03365654 0.04315022
 0.0469071  0.03341272 0.07474453 0.07474453 0.17120408 0.04161573
 0.02780521 0.07474453 0.05376729 0.084245   0.02291543]
[0.05552928 0.02823668 0.07186456 0.07782288 0.02823668 0.0425326
 0.03905891 0.02546246 0.07437626 0.07437626 0.19209655 0.03019073
 0.02561647 0.07437626 0.05387498 0.09095031 0.0153981 ]
[0.0568448  0.03759276 0.07413345 0.07960422 0.03759276 0.04137571
 0.04275309 0.02818425 0.0708674  0.0708674  0.13284393 0.03715158
 0.03185474 0.0708674  0.07186702 0.08700601 0.02859352]
[0.04998758 0.03869886 0.06487669 0.07457767 0.03869886 0.05586332
 0.03725051 0.02512646 0.08325912 0.08325912 0.14420925 0.04369598
 0.02865066 0.08325912 0.05982947 0.06972586 0.01903142]
[0.04438028 0.03365654 0.07240847 0.06664175 0.03365654 0.04315022
 0.0469071  0.03341272 0.07474453 0.07474453 0.17120408 0.04161573
 0.02780521 0.07474453 0.05376729 0.084245   0.02291543]
[0.03875197 0.03545254 0.07165127 0.06966336 0.03545254 0.04717517
 0.03751409 0.02340935 0.08023147 0.08023147 0.18792364 0.03467043
 0.02672699 0.08023147 0.05730825 0.07420533 0.01940062]
[0.04515725 0.03119364 0.06664076 0.08285423 0.03119364 0.05323217
 0.03739925 0.02362583 0.07162574 0.07162574 0.2011404  0.03243008
 0.02999862 0.07162574 0.05707942 0.07478973 0.01838771]
[0.03911423 0.03076025 0.06638587 0.09660065 0.03076025 0.0329034
 0.03494336 0.02190133 0.07382707 0.07382707 0.15862384 0.03562039
 0.03340068 0.07382707 0.08429343 0.0922341  0.02097693]]