62788
Test: public void test15() throws Throwable { SimpleAsyncHttpClient.Builder simpleAsyncHttpClient_Builder0 = new SimpleAsyncHttpClient.Builder(); SimpleAsyncHttpClient simpleAsyncHttpClient0 = simpleAsyncHttpClient_Builder0.build(); simpleAsyncHttpClient0.close(); }
Code: public void close() throws IOException { if (!derived && asyncHttpClient != null) { asyncHttpClient.close(); } }
[[0.05645978 0.04507113 0.06295676 0.13726786 0.02795925 0.07049566
 0.1516971  0.07831977 0.03545496 0.07831977 0.0302115  0.03095415
 0.07049566 0.07831977 0.02300847 0.02300847]
[0.04481169 0.03750807 0.0551956  0.16193904 0.0234515  0.07073549
 0.1479454  0.08934017 0.02695356 0.08934017 0.02642147 0.0226226
 0.07073549 0.08934017 0.0218298  0.0218298 ]
[0.05053777 0.03501569 0.06281244 0.17736807 0.02683542 0.07934263
 0.14658639 0.07883908 0.03194898 0.07883908 0.02316129 0.01955814
 0.07934263 0.07883908 0.01548668 0.01548668]
[0.03805616 0.03497947 0.05095386 0.19822595 0.02180357 0.07934235
 0.16981794 0.07137404 0.02962173 0.07137404 0.02740586 0.02372026
 0.07934235 0.07137404 0.01630421 0.01630421]
[0.0432253  0.03380728 0.06529118 0.16869025 0.02243155 0.06865193
 0.17406595 0.08278656 0.03252211 0.08278656 0.02485454 0.01893562
 0.06865193 0.08278656 0.01525636 0.01525636]
[0.05712211 0.04897977 0.06591552 0.10315698 0.03671893 0.08193736
 0.09968376 0.07924942 0.04824819 0.07924942 0.03872498 0.03888537
 0.08193736 0.07924942 0.0304707  0.0304707 ]
[0.03575401 0.02589668 0.04836063 0.21224496 0.02051846 0.06679758
 0.19846883 0.08652835 0.01770176 0.08652835 0.01291868 0.01382479
 0.06679758 0.08652835 0.01056547 0.01056547]
[0.04987819 0.04117483 0.05487262 0.16000584 0.03093817 0.06890102
 0.12013161 0.08508866 0.03594221 0.08508866 0.0306768  0.03501684
 0.06890102 0.08508866 0.0241474  0.0241474 ]
[0.04446162 0.03666115 0.0608124  0.16576327 0.02810927 0.07172318
 0.1312795  0.08704717 0.02814566 0.08704717 0.02745193 0.02502348
 0.07172318 0.08704717 0.02385194 0.02385194]
[0.04987819 0.04117483 0.05487262 0.16000584 0.03093817 0.06890102
 0.12013161 0.08508866 0.03594221 0.08508866 0.0306768  0.03501684
 0.06890102 0.08508866 0.0241474  0.0241474 ]
[0.04547966 0.02958941 0.05160255 0.16984564 0.02366727 0.08782195
 0.1665771  0.07889108 0.02625093 0.07889108 0.01782553 0.02357816
 0.08782195 0.07889108 0.01663333 0.01663333]
[0.04128044 0.03103462 0.05336611 0.1473788  0.02673876 0.08438567
 0.18975034 0.07882638 0.02937725 0.07882638 0.02218838 0.02655553
 0.08438567 0.07882638 0.01353964 0.01353964]
[0.05712211 0.04897977 0.06591552 0.10315698 0.03671893 0.08193736
 0.09968376 0.07924942 0.04824819 0.07924942 0.03872498 0.03888537
 0.08193736 0.07924942 0.0304707  0.0304707 ]
[0.04987819 0.04117483 0.05487262 0.16000584 0.03093817 0.06890102
 0.12013161 0.08508866 0.03594221 0.08508866 0.0306768  0.03501684
 0.06890102 0.08508866 0.0241474  0.0241474 ]
[0.03879372 0.03506379 0.05794398 0.16408059 0.02930267 0.09043013
 0.14768088 0.07415351 0.03207616 0.07415351 0.02730045 0.02462338
 0.09043013 0.07415351 0.01990678 0.01990678]
[0.03879372 0.03506379 0.05794398 0.16408059 0.02930267 0.09043013
 0.14768088 0.07415351 0.03207616 0.07415351 0.02730045 0.02462338
 0.09043013 0.07415351 0.01990678 0.01990678]]