11664
Test: public void test5() throws Throwable { FailableDoubleUnaryOperator<Throwable> failableDoubleUnaryOperator0 = FailableDoubleUnaryOperator.identity(); // Undeclared exception!  failableDoubleUnaryOperator0.andThen((FailableDoubleUnaryOperator<Throwable>) null);   }
Code: default FailableDoubleUnaryOperator<E> andThen(final FailableDoubleUnaryOperator<E> after) { Objects.requireNonNull(after); return (final double t) -> after.applyAsDouble(applyAsDouble(t)); }
[[0.13094202 0.07195414 0.07195414 0.07195414 0.07195414 0.10771342
 0.07195414 0.068578   0.04630897 0.08004424 0.02296733 0.09270735
 0.07195415 0.01901377]
[0.11694852 0.0730237  0.0730237  0.0730237  0.0730237  0.08031666
 0.0730237  0.05457916 0.05565606 0.08257627 0.02638276 0.11877466
 0.07302371 0.02662368]
[0.11694852 0.0730237  0.0730237  0.0730237  0.0730237  0.08031666
 0.0730237  0.05457916 0.05565606 0.08257627 0.02638276 0.11877466
 0.07302371 0.02662368]
[0.11694852 0.0730237  0.0730237  0.0730237  0.0730237  0.08031666
 0.0730237  0.05457916 0.05565606 0.08257627 0.02638276 0.11877466
 0.07302371 0.02662368]
[0.11694852 0.0730237  0.0730237  0.0730237  0.0730237  0.08031666
 0.0730237  0.05457916 0.05565606 0.08257627 0.02638276 0.11877466
 0.07302371 0.02662368]
[0.09459063 0.07233407 0.07233407 0.07233407 0.07233407 0.10482191
 0.07233407 0.06625308 0.06197981 0.07754169 0.03013942 0.09536393
 0.07233408 0.03530515]
[0.11694852 0.0730237  0.0730237  0.0730237  0.0730237  0.08031666
 0.0730237  0.05457916 0.05565606 0.08257627 0.02638276 0.11877466
 0.07302371 0.02662368]
[0.16365671 0.07402781 0.07402781 0.07402781 0.07402781 0.08405685
 0.07402781 0.05534042 0.04443312 0.07976859 0.02099656 0.08493832
 0.07402783 0.02264261]
[0.11703226 0.07379425 0.07379425 0.07379425 0.07379425 0.0908429
 0.07379425 0.07587467 0.05075365 0.08477944 0.02452862 0.09076853
 0.07379425 0.02265434]
[0.11360012 0.07756452 0.07756452 0.07756452 0.07756452 0.08482192
 0.07756452 0.06925799 0.05694623 0.09329236 0.01902572 0.0759244
 0.07756454 0.02174413]
[0.12226317 0.07209615 0.07209615 0.07209615 0.07209615 0.12687685
 0.07209615 0.05616851 0.05379879 0.07586247 0.01970984 0.09500644
 0.07209617 0.01773697]
[0.11206916 0.07214352 0.07214352 0.07214352 0.07214352 0.11316493
 0.07214352 0.06552325 0.06031472 0.07759022 0.02980559 0.08599102
 0.07214352 0.02268001]
[0.11694852 0.07302369 0.07302369 0.07302369 0.07302369 0.08031666
 0.07302369 0.05457916 0.05565606 0.08257627 0.02638276 0.11877466
 0.0730237  0.02662368]
[0.10703444 0.06818214 0.06818214 0.06818214 0.06818214 0.11336405
 0.06818214 0.08743203 0.06000471 0.0922357  0.02477009 0.08243653
 0.06818215 0.02362963]]