151501
Test: public void test33() throws Throwable { BeanMap beanMap0 = new BeanMap(); Class<ExceptionTransformer> class0 = ExceptionTransformer.class; Transformer transformer0 = beanMap0.getTypeTransformer(class0); }
Code: protected Transformer getTypeTransformer( final Class<?> aType ) { return typeTransformers.get( aType ); }
[[0.12382843 0.0997588  0.0997588  0.04873556 0.03414832 0.06297547
 0.09327956 0.10265094 0.074572   0.09975879 0.06297547 0.07616938
 0.02138848]
[0.12785965 0.09167552 0.09167552 0.05218393 0.02959943 0.06022037
 0.12584937 0.08472918 0.06634976 0.09167552 0.06022038 0.08902194
 0.02893944]
[0.12785965 0.09167552 0.09167552 0.05218393 0.02959943 0.06022037
 0.12584937 0.08472918 0.06634976 0.09167552 0.06022038 0.08902194
 0.02893944]
[0.09110223 0.10312733 0.10312733 0.04105601 0.02544865 0.06216234
 0.12155566 0.09743042 0.09135707 0.10312733 0.06216234 0.07865042
 0.01969286]
[0.12546346 0.08896604 0.08896604 0.04886403 0.0250639  0.07313336
 0.10573022 0.09007809 0.08619824 0.08896605 0.07313336 0.07852771
 0.02690945]
[0.11145169 0.10942005 0.10942005 0.04990884 0.03071325 0.0567347
 0.09293866 0.08258203 0.0774976  0.10942005 0.0567347  0.08591508
 0.02726329]
[0.10992017 0.09232888 0.09232888 0.06046834 0.02592843 0.0686873
 0.09816687 0.11824137 0.07493434 0.09232888 0.0686873  0.06721356
 0.03076568]
[0.13477905 0.0854062  0.0854062  0.06271581 0.03063675 0.06532274
 0.10345431 0.09945737 0.07412414 0.08540621 0.06532274 0.07234765
 0.03562085]
[0.13862653 0.09610517 0.09610517 0.04198449 0.03369306 0.05242988
 0.10936446 0.08469576 0.06880225 0.09610517 0.05242988 0.10611961
 0.02353859]
[0.12785965 0.09167552 0.09167552 0.05218393 0.02959943 0.06022037
 0.12584937 0.08472918 0.06634976 0.09167552 0.06022038 0.08902194
 0.02893944]
[0.11145169 0.10942005 0.10942005 0.04990884 0.03071325 0.0567347
 0.09293866 0.08258203 0.0774976  0.10942005 0.0567347  0.08591508
 0.02726329]
[0.12223978 0.09089743 0.09089743 0.05065663 0.02910322 0.0620698
 0.11090292 0.10724092 0.08162688 0.09089743 0.0620698  0.08251784
 0.01887984]
[0.11019301 0.09046444 0.09046444 0.04156912 0.02602663 0.07035377
 0.11427424 0.10777467 0.0990846  0.09046444 0.07035377 0.0651402
 0.02383664]]