33721
Test: public void test2() throws Throwable { String string0 = JexlFeatures.stringify(16); }
Code: public static String stringify(final int feature) { return feature >= 0 && feature < F_NAMES.length ? F_NAMES[feature] : "unsupported feature"; }
[[0.04017738 0.1200562  0.05158724 0.05573642 0.02542047 0.05573642
 0.05354728 0.04421373 0.04083524 0.03365019 0.03206551 0.0257189
 0.04083524 0.03182605 0.05573642 0.07147472 0.05573642 0.03706022
 0.05573642 0.05573642 0.01711299]
[0.04170904 0.11479445 0.06135038 0.05575841 0.02125783 0.05575841
 0.07824931 0.03979466 0.02733793 0.03699191 0.03479582 0.03038295
 0.02733793 0.02838328 0.05575841 0.06386712 0.05575841 0.03824857
 0.05575841 0.05575841 0.0209484 ]
[0.04255418 0.12821376 0.04899362 0.059972   0.02274784 0.059972
 0.06399575 0.04314746 0.0317711  0.03462078 0.03177872 0.03066
 0.0317711  0.02676935 0.059972   0.05495743 0.059972   0.03201737
 0.059972   0.059972   0.01616953]
[0.03413778 0.12299423 0.06111047 0.05624167 0.02172256 0.05624167
 0.05818654 0.0415411  0.03418247 0.03588178 0.03594049 0.02495001
 0.03418247 0.02926194 0.05624167 0.07572358 0.05624167 0.03325215
 0.05624167 0.05624167 0.01948245]
[0.02529574 0.16042297 0.04888538 0.064503   0.01805646 0.064503
 0.05833628 0.04096279 0.02496287 0.03418278 0.02279483 0.02165917
 0.02496287 0.020334   0.064503   0.07170594 0.06450301 0.02794042
 0.06450301 0.06450301 0.0124796 ]
[0.03413778 0.12299423 0.06111047 0.05624167 0.02172256 0.05624167
 0.05818654 0.0415411  0.03418247 0.03588178 0.03594049 0.02495001
 0.03418247 0.02926194 0.05624167 0.07572358 0.05624167 0.03325215
 0.05624167 0.05624167 0.01948245]
[0.04218885 0.10177407 0.05932998 0.05379868 0.01987831 0.05379868
 0.07112823 0.04812275 0.03611122 0.03199558 0.04720778 0.03735112
 0.03611122 0.03361344 0.05379868 0.05281161 0.05379869 0.03503032
 0.05379869 0.05379869 0.02455344]
[0.02911182 0.13361041 0.06568112 0.05842877 0.01748724 0.05842877
 0.0561076  0.04240428 0.03683628 0.03071242 0.0318142  0.02029266
 0.03683628 0.02350366 0.05842877 0.08274376 0.05842877 0.02686849
 0.05842877 0.05842877 0.01541718]
[0.0358979  0.12376375 0.07048751 0.05219365 0.0157191  0.05219365
 0.07306612 0.04830051 0.03059891 0.03635965 0.02660257 0.02182701
 0.03059891 0.02490523 0.05219365 0.10254358 0.05219365 0.03339375
 0.05219365 0.05219365 0.01277355]
[0.03469504 0.10696228 0.06704754 0.05758294 0.01666742 0.05758294
 0.07636672 0.05078735 0.02863003 0.04077175 0.03546025 0.02628821
 0.02863003 0.02276111 0.05758294 0.0705547  0.05758293 0.03280994
 0.05758293 0.05758293 0.0160701 ]
[0.03472709 0.13840157 0.05368271 0.05318786 0.02003798 0.05318786
 0.06297323 0.05424061 0.03648002 0.03193894 0.03309412 0.02452547
 0.03648002 0.02070684 0.05318786 0.08951388 0.05318786 0.0308989
 0.05318786 0.05318786 0.01317148]
[0.03278024 0.12102737 0.05994826 0.06077709 0.01763681 0.06077709
 0.06477642 0.04194251 0.03098145 0.03510513 0.0293939  0.02218299
 0.03098145 0.02535129 0.06077709 0.06873529 0.06077709 0.03373528
 0.06077709 0.06077709 0.02075904]
[0.0358979  0.12376375 0.07048751 0.05219365 0.0157191  0.05219365
 0.07306612 0.04830051 0.03059891 0.03635965 0.02660257 0.02182701
 0.03059891 0.02490523 0.05219365 0.10254358 0.05219365 0.03339375
 0.05219365 0.05219365 0.01277355]
[0.0317324  0.11122128 0.07094534 0.05150142 0.0227684  0.05150142
 0.06617332 0.05765966 0.04408507 0.04194336 0.02997591 0.02287784
 0.04408507 0.03090089 0.05150142 0.05709437 0.05150143 0.03946026
 0.05150143 0.05150143 0.02006831]
[0.03413778 0.12299423 0.06111047 0.05624167 0.02172256 0.05624167
 0.05818654 0.0415411  0.03418247 0.03588178 0.03594049 0.02495001
 0.03418247 0.02926194 0.05624167 0.07572358 0.05624167 0.03325215
 0.05624167 0.05624167 0.01948245]
[0.03570958 0.11225094 0.07387185 0.05597014 0.01566176 0.05597014
 0.08491374 0.04905011 0.02731214 0.02834143 0.02484006 0.02283388
 0.02731214 0.03009781 0.05597014 0.07949026 0.05597014 0.03639364
 0.05597014 0.05597014 0.01609988]
[0.03413778 0.12299423 0.06111047 0.05624167 0.02172256 0.05624167
 0.05818654 0.0415411  0.03418247 0.03588178 0.03594049 0.02495001
 0.03418247 0.02926194 0.05624167 0.07572358 0.05624167 0.03325215
 0.05624167 0.05624167 0.01948245]
[0.0409401  0.11302868 0.0496652  0.04996366 0.02609553 0.04996366
 0.0629878  0.0515784  0.03405631 0.03663446 0.04299804 0.03631213
 0.03405631 0.0293719  0.04996366 0.09252474 0.04996365 0.02813509
 0.04996365 0.04996365 0.02183337]
[0.03413778 0.12299423 0.06111047 0.05624167 0.02172256 0.05624167
 0.05818654 0.0415411  0.03418247 0.03588178 0.03594049 0.02495001
 0.03418247 0.02926194 0.05624167 0.07572358 0.05624167 0.03325215
 0.05624167 0.05624167 0.01948245]
[0.03413778 0.12299423 0.06111047 0.05624167 0.02172256 0.05624167
 0.05818654 0.0415411  0.03418247 0.03588178 0.03594049 0.02495001
 0.03418247 0.02926194 0.05624167 0.07572358 0.05624167 0.03325215
 0.05624167 0.05624167 0.01948245]
[0.02957405 0.13006185 0.05413495 0.05449973 0.0221852  0.05449973
 0.08066575 0.06593837 0.02801925 0.03318021 0.03184537 0.02588227
 0.02801925 0.0254133  0.05449973 0.07209007 0.05449973 0.02885761
 0.05449973 0.05449973 0.01713415]]