37239
Test: public void test60() throws Throwable { Weeks weeks0 = Weeks.THREE; Weeks weeks1 = weeks0.ZERO.plus(weeks0); }
Code: public Weeks plus(int weeks) { if (weeks == 0) { return this; } return Weeks.weeks(FieldUtils.safeAdd(getValue(), weeks)); }
[[0.04687191 0.06502105 0.06502105 0.05037662 0.05994177 0.12608065
 0.04520118 0.0746611  0.02568152 0.05994177 0.05126862 0.03986447
 0.01941137 0.05126862 0.06502105 0.13495597 0.01941136]
[0.04125426 0.06965396 0.06965396 0.05529587 0.06098446 0.10036899
 0.04715752 0.07903357 0.02952207 0.06098446 0.04995465 0.03909361
 0.02104322 0.04995465 0.06965396 0.13534756 0.02104322]
[0.04125426 0.06965396 0.06965396 0.05529587 0.06098446 0.10036899
 0.04715752 0.07903357 0.02952207 0.06098446 0.04995465 0.03909361
 0.02104322 0.04995465 0.06965396 0.13534756 0.02104322]
[0.04191264 0.06135309 0.06135309 0.05014503 0.06032457 0.11989912
 0.03927834 0.07518256 0.02767118 0.06032457 0.0555236  0.03324716
 0.01754467 0.0555236  0.06135309 0.16181901 0.01754467]
[0.0493353  0.06640206 0.06640206 0.05379216 0.07535107 0.0854921
 0.04967168 0.05370413 0.03271314 0.07535107 0.05729704 0.0408114
 0.0272018  0.05729704 0.06640206 0.11557409 0.0272018 ]
[0.03208173 0.0760349  0.0760349  0.0501405  0.06339143 0.17937517
 0.04556038 0.06723557 0.02518786 0.06339143 0.04200315 0.02459314
 0.0098719  0.04200315 0.0760349  0.11718794 0.00987189]
[0.038211   0.0617214  0.0617214  0.05509079 0.06103547 0.13455622
 0.05497909 0.07675879 0.0275161  0.06103547 0.05981238 0.03661092
 0.01658175 0.05981238 0.0617214  0.11625373 0.01658174]
[0.03026745 0.05187701 0.05187701 0.05613858 0.07015538 0.16764966
 0.03428547 0.07639025 0.03027268 0.07015538 0.04928803 0.03181403
 0.01474365 0.04928803 0.05187701 0.14917678 0.01474365]
[0.03890567 0.06463028 0.06463028 0.04738129 0.06444828 0.13106719
 0.04535364 0.06588122 0.02610357 0.06444828 0.06116959 0.03573505
 0.02250741 0.06116959 0.06463028 0.11943092 0.02250741]
[0.0493353  0.06640206 0.06640206 0.05379216 0.07535107 0.0854921
 0.04967168 0.05370413 0.03271314 0.07535107 0.05729704 0.0408114
 0.0272018  0.05729704 0.06640206 0.11557409 0.0272018 ]
[0.03269369 0.06661148 0.06661148 0.05776324 0.06097704 0.1367367
 0.03502831 0.06505639 0.02526104 0.06097704 0.04797068 0.02921425
 0.01685989 0.04797068 0.06661148 0.16679677 0.01685989]
[0.04875398 0.07019732 0.07019732 0.06188668 0.07365736 0.11808532
 0.04279688 0.06314005 0.02879721 0.07365736 0.05926876 0.03001502
 0.02028045 0.05926876 0.07019732 0.08951968 0.02028045]
[0.03294437 0.06307119 0.06307119 0.05042978 0.07622541 0.12528846
 0.05483576 0.05637289 0.02296183 0.07622541 0.06951195 0.03003865
 0.0168101  0.06951195 0.06307119 0.11281978 0.0168101 ]
[0.03269369 0.06661148 0.06661148 0.05776324 0.06097704 0.1367367
 0.03502831 0.06505639 0.02526104 0.06097704 0.04797068 0.02921425
 0.01685989 0.04797068 0.06661148 0.16679677 0.01685989]
[0.04125426 0.06965396 0.06965396 0.05529587 0.06098446 0.10036899
 0.04715752 0.07903357 0.02952207 0.06098446 0.04995465 0.03909361
 0.02104322 0.04995465 0.06965396 0.13534756 0.02104322]
[0.03482774 0.05760505 0.05760505 0.05456024 0.06086021 0.1477952
 0.04754003 0.06109495 0.02571542 0.06086021 0.04501653 0.03436919
 0.01543637 0.04501653 0.05760505 0.17865594 0.01543637]
[0.03294437 0.06307119 0.06307119 0.05042979 0.07622542 0.12528844
 0.05483578 0.05637289 0.02296183 0.07622542 0.06951195 0.03003865
 0.0168101  0.06951195 0.06307119 0.11281978 0.0168101 ]]