31792
Test: public void test130() throws Throwable { File file0 = FileUtil.createTempFile(); }
Code: public static String toString(final File file) throws IOException { return Files.toString(file, Charsets.UTF_8); }
[[0.05303808 0.15385976 0.06847478 0.073575   0.12904383 0.07241613
 0.12762009 0.02673101 0.06804024 0.05803948 0.073575   0.073575
 0.02201159]
[0.05411895 0.14080834 0.08221076 0.07336279 0.12541832 0.06657456
 0.11146264 0.03117257 0.09196165 0.05097928 0.07336278 0.07336278
 0.02520456]
[0.05254201 0.1515384  0.06143045 0.0752349  0.12436729 0.06851423
 0.14186776 0.02883764 0.07361742 0.0526417  0.0752349  0.0752349
 0.01893837]
[0.04418849 0.15020831 0.08239502 0.07436398 0.1176419  0.06772003
 0.14259517 0.0290423  0.06667185 0.05354332 0.07436398 0.07436398
 0.02290164]
[0.04000638 0.15600017 0.07998123 0.0670267  0.12871033 0.07124688
 0.12729739 0.02350231 0.0891138  0.06857622 0.06702672 0.06702672
 0.01448513]
[0.04168396 0.15821734 0.0761207  0.07563525 0.12454945 0.06503214
 0.1276247  0.03009582 0.07219978 0.05638302 0.07563527 0.07563527
 0.02118734]
[0.03729956 0.13204694 0.07330206 0.06612951 0.12506744 0.06104788
 0.18469733 0.02321521 0.08723557 0.06047028 0.06612953 0.06612953
 0.01722919]
[0.04098017 0.1457284  0.07210926 0.07837483 0.10706811 0.07853159
 0.15950066 0.02166898 0.06681161 0.05777976 0.07837482 0.07837482
 0.014697  ]
[0.0571122  0.1323381  0.08494191 0.07606453 0.10484812 0.06613688
 0.10156928 0.03789542 0.08903325 0.06609319 0.07606453 0.07606453
 0.03183805]
[0.0357776  0.16038379 0.0835239  0.07300825 0.12942468 0.06917445
 0.13862596 0.02663446 0.06649654 0.05253549 0.07300825 0.07300825
 0.01839837]
[0.04418849 0.15020831 0.08239502 0.07436398 0.1176419  0.06772003
 0.14259517 0.0290423  0.06667185 0.05354332 0.07436398 0.07436398
 0.02290164]
[0.04418849 0.15020831 0.08239502 0.07436398 0.1176419  0.06772003
 0.14259517 0.0290423  0.06667185 0.05354332 0.07436398 0.07436398
 0.02290164]
[0.03638257 0.1457041  0.06668861 0.06917788 0.11487707 0.06368682
 0.15372238 0.02789325 0.08692776 0.0775606  0.06917788 0.06917788
 0.01902323]]