134386
Test: public void test92() throws Throwable { Tag.valueOf("abs:"); Document document0 = Document.createShell("abs:"); Document.QuirksMode document_QuirksMode0 = Document.QuirksMode.limitedQuirks; document0.previousSibling(); Document document1 = document0.quirksMode(document_QuirksMode0); document1.normalise(); Comment comment0 = new Comment("sj`(%"); Comment comment1 = comment0.setData("sj`(%"); XmlDeclaration xmlDeclaration0 = comment1.asXmlDeclaration(); StringWriter stringWriter0 = new StringWriter(); StringWriter stringWriter1 = new StringWriter(); StringWriter stringWriter2 = stringWriter1.append((CharSequence) null, 0, 0); StringBuffer stringBuffer0 = stringWriter2.getBuffer(); Document.OutputSettings document_OutputSettings0 = new Document.OutputSettings(); Document.OutputSettings document_OutputSettings1 = document_OutputSettings0.outline(true); Document.OutputSettings.Syntax document_OutputSettings_Syntax0 = Document.OutputSettings.Syntax.html; Document.OutputSettings document_OutputSettings2 = document_OutputSettings1.syntax(document_OutputSettings_Syntax0); Document.OutputSettings document_OutputSettings3 = document_OutputSettings2.maxPaddingWidth(0); Document.OutputSettings document_OutputSettings4 = document_OutputSettings3.indentAmount(0); xmlDeclaration0.outerHtmlTail(stringBuffer0, 0, document_OutputSettings4); xmlDeclaration0.clearAttributes(); }
Code: public Node clearAttributes() { if (hasAttributes()) { Iterator<Attribute> it = attributes().iterator(); while (it.hasNext()) { it.next(); it.remove(); } } return this; }
[[0.03833871 0.06878852 0.05318248 0.04771903 0.10299375 0.05318248
 0.04771903 0.02216431 0.04311289 0.02390645 0.05318248 0.09178288
 0.08365602 0.04771903 0.07561845 0.02618317 0.01559081 0.01559081
 0.04177317 0.03220483 0.01559081]
[0.02682156 0.07592473 0.05325313 0.05580041 0.09963785 0.05325313
 0.05580041 0.01483003 0.03280785 0.02436059 0.05325313 0.09206331
 0.11189855 0.05580041 0.07359143 0.02232711 0.01082181 0.01082181
 0.04211835 0.02399262 0.01082181]
[0.03004095 0.06533227 0.05047221 0.04578555 0.07343515 0.05047221
 0.04578555 0.02518383 0.04486264 0.03189524 0.05047221 0.08561903
 0.10262324 0.04578555 0.09426268 0.04561682 0.01569253 0.01569253
 0.03641283 0.0288645  0.01569252]
[0.03858984 0.06271278 0.05226411 0.05821119 0.06696729 0.05226411
 0.05821119 0.02963842 0.03987106 0.03195276 0.05226411 0.0677909
 0.08299153 0.05821119 0.07074092 0.03719187 0.02113656 0.02113656
 0.04491263 0.03180449 0.02113656]
[0.02231274 0.0752288  0.05243199 0.04505648 0.12511656 0.05243199
 0.04505648 0.0136705  0.03182517 0.01730179 0.05243199 0.11743279
 0.13926865 0.04505648 0.06838471 0.02945415 0.0069756  0.0069756
 0.02927352 0.01733849 0.00697559]
[0.03004095 0.06533227 0.05047221 0.04578555 0.07343515 0.05047221
 0.04578555 0.02518383 0.04486264 0.03189524 0.05047221 0.08561903
 0.10262324 0.04578555 0.09426268 0.04561682 0.01569253 0.01569253
 0.03641283 0.0288645  0.01569252]
[0.03858984 0.06271278 0.05226411 0.05821119 0.06696729 0.05226411
 0.05821119 0.02963842 0.03987106 0.03195276 0.05226411 0.0677909
 0.08299153 0.05821119 0.07074092 0.03719187 0.02113656 0.02113656
 0.04491263 0.03180449 0.02113656]
[0.02834387 0.06202838 0.05005708 0.05015787 0.09911859 0.05005708
 0.05015787 0.01507712 0.04087265 0.02267482 0.05005708 0.10932931
 0.10070417 0.05015787 0.09133952 0.02396718 0.01447264 0.01447264
 0.03522488 0.02725676 0.01447264]
[0.02931273 0.06906123 0.05316759 0.05167155 0.10845024 0.05316759
 0.05167155 0.01869467 0.04546843 0.01922869 0.05316759 0.09286617
 0.0935275  0.05167155 0.07493187 0.0281228  0.01300977 0.01300977
 0.03887914 0.02790978 0.01300977]
[0.04238798 0.06343459 0.05999741 0.04637916 0.09353254 0.05999741
 0.04637916 0.03547869 0.04308502 0.03471403 0.05999741 0.06525278
 0.06288487 0.04637916 0.05875933 0.03201799 0.02041424 0.02041424
 0.04624251 0.04183725 0.02041423]
[0.03004095 0.06533227 0.05047221 0.04578555 0.07343515 0.05047221
 0.04578555 0.02518383 0.04486264 0.03189524 0.05047221 0.08561903
 0.10262324 0.04578555 0.09426268 0.04561682 0.01569253 0.01569253
 0.03641283 0.0288645  0.01569252]
[0.0293286  0.05482934 0.04905834 0.05834537 0.1096534  0.04905834
 0.05834537 0.01797483 0.04075499 0.02609951 0.04905834 0.10677629
 0.09693944 0.05834537 0.0713254  0.02395833 0.01067704 0.01067704
 0.04222636 0.02589131 0.01067703]
[0.03203193 0.080635   0.0569555  0.0498854  0.09865321 0.0569555
 0.0498854  0.02273506 0.0389706  0.01884861 0.0569555  0.0897221
 0.10160892 0.0498854  0.06063469 0.02342723 0.01397736 0.01397736
 0.04266717 0.02761074 0.01397736]
[0.03858984 0.06271278 0.05226411 0.05821119 0.06696729 0.05226411
 0.05821119 0.02963842 0.03987106 0.03195276 0.05226411 0.0677909
 0.08299153 0.05821119 0.07074092 0.03719187 0.02113656 0.02113656
 0.04491263 0.03180449 0.02113656]
[0.0281792  0.06890365 0.05591393 0.04842663 0.10737868 0.05591393
 0.04842663 0.01725907 0.03605509 0.01894118 0.05591393 0.11740121
 0.11469185 0.04842663 0.06460659 0.02597724 0.00962118 0.00962118
 0.03636851 0.02235251 0.00962118]
[0.03711303 0.06152122 0.05476057 0.05324781 0.08614005 0.05476057
 0.05324781 0.02186526 0.03583109 0.02679555 0.05476057 0.08206461
 0.09558915 0.05324781 0.08176345 0.02829768 0.01713501 0.01713501
 0.03829915 0.02928957 0.01713501]
[0.02432454 0.09153064 0.04621686 0.05831346 0.09295285 0.04621686
 0.05831346 0.01674358 0.03275091 0.02153947 0.04621686 0.09515113
 0.09002039 0.05831346 0.08768748 0.02104025 0.01275115 0.01275115
 0.05191175 0.02250257 0.01275115]
[0.02432454 0.09153064 0.04621686 0.05831346 0.09295285 0.04621686
 0.05831346 0.01674358 0.03275091 0.02153947 0.04621686 0.09515113
 0.09002039 0.05831346 0.08768748 0.02104025 0.01275115 0.01275115
 0.05191175 0.02250257 0.01275115]
[0.0250291  0.058435   0.0504137  0.04787225 0.10391254 0.0504137
 0.04787225 0.0163188  0.03283646 0.02440511 0.0504137  0.11109129
 0.12258925 0.04787225 0.08576868 0.02612831 0.01317315 0.01317315
 0.03652031 0.0225879  0.01317315]
[0.03788627 0.06514454 0.05449636 0.05735044 0.09176002 0.05449636
 0.05735044 0.02144965 0.03766242 0.02229236 0.05449636 0.08093895
 0.09630179 0.05735044 0.06784652 0.02645767 0.01577662 0.01577662
 0.04604689 0.02334257 0.01577662]
[0.02432454 0.09153064 0.04621685 0.05831346 0.09295283 0.04621685
 0.05831346 0.01674358 0.0327509  0.02153946 0.04621685 0.09515113
 0.09002037 0.05831346 0.0876875  0.02104025 0.01275115 0.01275115
 0.05191175 0.02250256 0.01275115]]