168103
Test: public void test23() throws Throwable { IOCase iOCase0 = IOCase.INSENSITIVE; boolean boolean0 = iOCase0.checkStartsWith("{=N$0i<w", "{=N$0i<w"); }
Code: public boolean checkStartsWith(final String str, final String start) { return str.regionMatches(!sensitive, 0, start, 0, start.length()); }
[[0.04368362 0.10924517 0.0606002  0.05613075 0.15751933 0.03502093
 0.05613075 0.0257875  0.05792666 0.04803595 0.0606002  0.08717783
 0.03582087 0.08717783 0.0606002  0.01854218]
[0.03058607 0.1604154  0.05866951 0.06110153 0.14341888 0.02900886
 0.06110153 0.01317643 0.07558975 0.05013922 0.05866951 0.07365264
 0.03796298 0.07365264 0.05866951 0.01418557]
[0.03413846 0.12823635 0.05697165 0.06264628 0.12472088 0.03293916
 0.06264628 0.02738201 0.05415822 0.0414356  0.05697165 0.09860528
 0.04516815 0.09860528 0.05697165 0.01840308]
[0.04491688 0.14895877 0.06305531 0.05151916 0.13087766 0.03480902
 0.05151916 0.01839097 0.06866981 0.04567447 0.06305531 0.08061861
 0.03698063 0.08061861 0.06305531 0.01728038]
[0.03423192 0.13099013 0.05866921 0.07304762 0.14023814 0.0282148
 0.07304762 0.01924906 0.06622414 0.04739871 0.05866921 0.08052836
 0.03611777 0.08052836 0.05866921 0.01417571]
[0.04381597 0.11816998 0.0643385  0.06449466 0.11214575 0.02978286
 0.06449466 0.02177699 0.07927972 0.06385712 0.0643385  0.0817596
 0.03027843 0.0817596  0.0643385  0.01536921]
[0.04491688 0.14895877 0.06305531 0.05151916 0.13087766 0.03480902
 0.05151916 0.01839097 0.06866981 0.04567447 0.06305531 0.08061861
 0.03698063 0.08061861 0.06305531 0.01728038]
[0.04191876 0.13786517 0.05880569 0.0672336  0.11541945 0.03802435
 0.0672336  0.02249924 0.07695816 0.06065524 0.05880569 0.06631444
 0.04648691 0.06631444 0.05880569 0.01665955]
[0.04640823 0.09622084 0.05855559 0.0643723  0.12228179 0.04576634
 0.0643723  0.02727727 0.07964009 0.05275288 0.05855559 0.0755575
 0.04684717 0.0755575  0.05855559 0.027279  ]
[0.03029037 0.14993271 0.05915815 0.06452072 0.14587256 0.02815998
 0.06452072 0.01904019 0.06172769 0.04354631 0.05915815 0.08072594
 0.03667333 0.08072594 0.05915815 0.01678908]
[0.03413846 0.12823635 0.05697165 0.06264628 0.12472088 0.03293916
 0.06264628 0.02738201 0.05415822 0.0414356  0.05697165 0.09860528
 0.04516815 0.09860528 0.05697165 0.01840308]
[0.03537776 0.15222895 0.05473756 0.05337355 0.16129072 0.02831576
 0.05337355 0.01684865 0.07699657 0.05192576 0.05473756 0.07203023
 0.04529447 0.07203023 0.05473756 0.01670109]
[0.0326244  0.13817832 0.05702809 0.05135899 0.18068297 0.03233941
 0.05135899 0.01558211 0.07223552 0.06113069 0.05702809 0.0671865
 0.04747912 0.0671865  0.05702809 0.01157221]
[0.03537776 0.15222895 0.05473756 0.05337355 0.16129072 0.02831576
 0.05337355 0.01684865 0.07699657 0.05192576 0.05473756 0.07203023
 0.04529447 0.07203023 0.05473756 0.01670109]
[0.03413846 0.12823635 0.05697165 0.06264628 0.12472088 0.03293916
 0.06264628 0.02738201 0.05415822 0.0414356  0.05697165 0.09860528
 0.04516815 0.09860528 0.05697165 0.01840308]
[0.03178472 0.11108239 0.05955309 0.05822326 0.14577328 0.02867773
 0.05822326 0.01911456 0.08103861 0.06923205 0.05955309 0.07969543
 0.04132975 0.07969543 0.05955309 0.01747024]]