40055
Test: public void test42() throws Throwable { LocalDateTime localDateTime0 = LocalDateTime.now(); boolean boolean0 = localDateTime0.isAfter(localDateTime0); }
Code: public boolean isAfter(ReadablePartial partial) { if (partial == null) { throw new IllegalArgumentException("Partial cannot be null"); } return compareTo(partial) > 0; }
[[0.03650972 0.09090491 0.05064857 0.05064857 0.04881526 0.0984239
 0.05064857 0.05754917 0.01958018 0.04881526 0.03682048 0.01840465
 0.05064857 0.02170937 0.03158537 0.05492747 0.01558497 0.04019689
 0.05064858 0.06195778 0.04938682 0.01558496]
[0.026667   0.14539972 0.05161167 0.05161167 0.06241237 0.09738903
 0.05161167 0.04066155 0.01338927 0.06241237 0.02577108 0.0115883
 0.05161167 0.01968211 0.03863771 0.03693877 0.01186718 0.04261583
 0.05161167 0.04934067 0.04530151 0.01186718]
[0.03022113 0.11122021 0.05008382 0.05008382 0.04988106 0.07483945
 0.05008382 0.05691524 0.02166739 0.04988106 0.03574251 0.02314515
 0.05008382 0.0265176  0.03977032 0.03857562 0.01681051 0.03673206
 0.05008382 0.0699851  0.05086602 0.01681051]
[0.03022113 0.11122021 0.05008382 0.05008382 0.04988106 0.07483945
 0.05008382 0.05691524 0.02166739 0.04988106 0.03574251 0.02314515
 0.05008382 0.0265176  0.03977032 0.03857562 0.01681051 0.03673206
 0.05008382 0.0699851  0.05086602 0.01681051]
[0.038405   0.08335815 0.04984092 0.04984092 0.06280418 0.06600569
 0.04984092 0.04084994 0.02462878 0.06280418 0.03514765 0.02127479
 0.04984092 0.03172623 0.04046069 0.05065981 0.02197585 0.04406085
 0.04984093 0.05435605 0.05030178 0.02197585]
[0.02382897 0.14591712 0.05397075 0.05397075 0.05247188 0.1352456
 0.05397075 0.04796372 0.00907126 0.05247188 0.02333439 0.00931625
 0.05397075 0.01234552 0.0332061  0.03874705 0.00794313 0.03153474
 0.05397075 0.04401073 0.05479476 0.00794313]
[0.03022113 0.11122021 0.05008382 0.05008382 0.04988106 0.07483945
 0.05008382 0.05691524 0.02166739 0.04988106 0.03574251 0.02314515
 0.05008382 0.0265176  0.03977032 0.03857562 0.01681051 0.03673206
 0.05008382 0.0699851  0.05086602 0.01681051]
[0.02251668 0.17790607 0.03542154 0.03542154 0.06230692 0.12364663
 0.03542154 0.05494381 0.01455918 0.06230692 0.02825642 0.01513996
 0.03542154 0.0155308  0.03554744 0.03759084 0.01256943 0.03734777
 0.03542154 0.05748738 0.05266665 0.01256943]
[0.02683292 0.13944176 0.04697859 0.04697859 0.06386787 0.12085021
 0.04697859 0.04937902 0.01622303 0.06386787 0.02554774 0.01091251
 0.04697859 0.02014974 0.02994143 0.03960683 0.00965205 0.03269464
 0.04697859 0.06244727 0.04404016 0.00965205]
[0.038405   0.08335815 0.04984092 0.04984092 0.06280418 0.06600569
 0.04984092 0.04084994 0.02462878 0.06280418 0.03514765 0.02127479
 0.04984092 0.03172623 0.04046069 0.05065981 0.02197585 0.04406085
 0.04984093 0.05435605 0.05030178 0.02197585]
[0.02856066 0.10390943 0.0469996  0.0469996  0.07191399 0.09869236
 0.0469996  0.04315401 0.01669377 0.07191399 0.03395459 0.01553131
 0.0469996  0.02404912 0.04011594 0.04423145 0.01197763 0.04883032
 0.0469996  0.05184808 0.04764775 0.01197763]
[0.03084884 0.10885131 0.0469046  0.0469046  0.05683198 0.10424122
 0.0469046  0.05608678 0.01721098 0.05683198 0.03419838 0.01994273
 0.0469046  0.02196379 0.04075251 0.04146457 0.01643411 0.04342801
 0.0469046  0.0598872  0.04006842 0.01643411]
[0.03022113 0.11122021 0.05008382 0.05008382 0.04988106 0.07483945
 0.05008382 0.05691524 0.02166739 0.04988106 0.03574251 0.02314515
 0.05008382 0.0265176  0.03977032 0.03857562 0.01681051 0.03673206
 0.05008382 0.0699851  0.05086602 0.01681051]
[0.02961618 0.13016415 0.04412797 0.04412797 0.06334435 0.09813503
 0.04412797 0.04435874 0.01699606 0.06334435 0.02805349 0.01767676
 0.04412797 0.02076417 0.04425976 0.03769583 0.01312341 0.04771814
 0.04412796 0.06193474 0.04905154 0.01312342]
[0.03048279 0.11046081 0.05460875 0.05460875 0.04807787 0.10297251
 0.05460875 0.04943062 0.01872613 0.04807787 0.02809538 0.01439842
 0.05460875 0.01661503 0.04185438 0.05455034 0.01599077 0.03407373
 0.05460875 0.04549821 0.05166056 0.01599077]
[0.0350549  0.13153595 0.03847206 0.03847206 0.05421107 0.10691392
 0.03847206 0.05098576 0.01726564 0.05421107 0.03453269 0.01699661
 0.03847206 0.01949831 0.03282753 0.06111461 0.01274063 0.04101559
 0.03847207 0.06476641 0.06122834 0.01274063]
[0.02497799 0.08573826 0.04635461 0.04635461 0.06625479 0.09684847
 0.04635461 0.04346088 0.01558848 0.06625479 0.03453993 0.01401039
 0.04635461 0.0261674  0.04987385 0.04999617 0.01415827 0.05514903
 0.04635461 0.05657952 0.05447045 0.01415827]
[0.02559062 0.13298523 0.05091596 0.05091596 0.05023322 0.10541347
 0.05091596 0.04933176 0.0150656  0.05023322 0.029424   0.01523801
 0.05091596 0.02294698 0.03498918 0.04379065 0.01375607 0.03711879
 0.05091596 0.05864321 0.04690422 0.01375607]
[0.03022113 0.11122021 0.05008382 0.05008382 0.04988106 0.07483945
 0.05008382 0.05691524 0.02166739 0.04988106 0.03574251 0.02314515
 0.05008382 0.0265176  0.03977032 0.03857562 0.01681051 0.03673206
 0.05008382 0.0699851  0.05086602 0.01681051]
[0.03767255 0.10573083 0.0499269  0.0499269  0.05041919 0.09901484
 0.0499269  0.05049857 0.01289416 0.05041919 0.03393526 0.01255445
 0.0499269  0.01780005 0.02948528 0.05017772 0.01187038 0.041828
 0.04992688 0.07454092 0.05965378 0.01187037]
[0.0320292  0.11381493 0.04542001 0.04542001 0.05484386 0.10643592
 0.04542001 0.04454796 0.01481708 0.05484386 0.03293798 0.01464199
 0.04542001 0.02474929 0.04009674 0.05531473 0.01470058 0.03932357
 0.04542001 0.06113961 0.05396204 0.01470057]
[0.02497799 0.08573829 0.04635461 0.04635461 0.06625479 0.09684846
 0.04635461 0.04346088 0.01558848 0.06625479 0.03453993 0.01401039
 0.04635461 0.0261674  0.04987384 0.04999616 0.01415827 0.05514903
 0.04635461 0.05657953 0.05447045 0.01415827]]