8141
Test: public void test3() throws Throwable { byte[] byteArray0 = SerializationUtils.serialize((Serializable) null); SerializationUtils.deserialize(byteArray0); String string0 = SerializationUtils.roundtrip("wR? ReD2z&'T7JaA'"); }
Code: public static <T extends Serializable> T roundtrip(final T obj) { return (T) deserialize(serialize(obj)); }
[[0.05920918 0.15859383 0.06331138 0.03570489 0.08212844 0.03960621
 0.08212844 0.03960621 0.13586116 0.06842138 0.06386184 0.06651465
 0.08212845 0.02292396]
[0.06269616 0.1568141  0.04429863 0.036671   0.08577611 0.03457622
 0.08577611 0.03457622 0.11169893 0.09911885 0.05855065 0.0760039
 0.08577613 0.02766698]
[0.04142712 0.17450678 0.06519111 0.04047447 0.09613226 0.02429667
 0.09613226 0.02429667 0.14904574 0.06675816 0.05797422 0.05197994
 0.09613226 0.01565235]
[0.05719116 0.13307211 0.04894362 0.0392283  0.09407198 0.03652599
 0.09407198 0.03652599 0.11780697 0.09024072 0.06995892 0.06182895
 0.09407199 0.02646126]
[0.05034846 0.16599639 0.04915567 0.04699857 0.08562583 0.0324385
 0.08562583 0.0324385  0.13837472 0.07101611 0.06087675 0.07071108
 0.08562584 0.02476777]
[0.05484335 0.14352143 0.06636719 0.04198385 0.09054806 0.03165888
 0.09054806 0.03165888 0.12539479 0.07898088 0.06325074 0.06757538
 0.09054807 0.02312038]
[0.05034846 0.16599639 0.04915567 0.04699857 0.08562583 0.0324385
 0.08562583 0.0324385  0.13837472 0.07101611 0.06087675 0.07071108
 0.08562584 0.02476777]
[0.05484335 0.14352143 0.06636719 0.04198385 0.09054806 0.03165888
 0.09054806 0.03165888 0.12539479 0.07898088 0.06325074 0.06757538
 0.09054807 0.02312038]
[0.06806219 0.11668144 0.05696458 0.04096492 0.09432864 0.03878313
 0.09432864 0.03878313 0.09689604 0.10532838 0.06807899 0.0593726
 0.09432866 0.02709865]
[0.06012266 0.13697785 0.05555185 0.04890572 0.0814644  0.03254907
 0.0814644  0.03254907 0.11664605 0.09060883 0.06998444 0.07879693
 0.08146442 0.03291443]
[0.04115939 0.17091069 0.07652368 0.04671207 0.08826597 0.0238652
 0.08826597 0.0238652  0.14493576 0.06774781 0.06193984 0.05833072
 0.08826599 0.0192117 ]
[0.06277172 0.1696808  0.06006569 0.04615312 0.07212237 0.03195466
 0.07212237 0.03195466 0.14764288 0.08314095 0.06311723 0.0621474
 0.07212237 0.02500379]
[0.05034848 0.16599639 0.04915567 0.04699857 0.08562583 0.0324385
 0.08562583 0.0324385  0.13837472 0.07101612 0.06087676 0.07071109
 0.08562584 0.02476777]
[0.04169012 0.15668531 0.06157566 0.04292026 0.08080088 0.02849602
 0.08080088 0.02849602 0.13330115 0.09076552 0.08631894 0.06702682
 0.08080089 0.02032156]]