166331
Test: public void test60() throws Throwable { // Undeclared exception!  PropertyConverter.toByte((Object) null);   }
Code: public static Byte toByte(final Object value) throws ConversionException { final Number n = toNumber(value, Byte.class); if (n instanceof Byte) { return (Byte) n; } return n.byteValue(); }
[[0.0300738  0.087071   0.04438262 0.04171861 0.0231789  0.03671324
 0.07243505 0.04171861 0.03848252 0.02392581 0.02224102 0.02036997
 0.01881985 0.04171861 0.02660243 0.08089778 0.02058556 0.01389241
 0.04171861 0.03848252 0.03289762 0.04171861 0.06081931 0.01245966
 0.03289763 0.04171861 0.01245966]
[0.03169119 0.08280529 0.03245343 0.04291645 0.02165382 0.03043202
 0.06531651 0.04291645 0.05426287 0.02307504 0.02073072 0.01885515
 0.02050556 0.04291645 0.01760193 0.08610976 0.01958388 0.01556322
 0.04291645 0.05426287 0.02988086 0.04291645 0.0581475  0.01484441
 0.02988086 0.04291645 0.01484441]
[0.02869273 0.08991196 0.03658493 0.04330572 0.0205375  0.04294518
 0.0739655  0.04330572 0.04132899 0.02285404 0.01870186 0.01998762
 0.01711554 0.04330572 0.02221631 0.09013936 0.01370336 0.01496778
 0.04330572 0.04132899 0.02979954 0.04330572 0.0606152  0.01248487
 0.02979954 0.04330572 0.01248487]
[0.02571239 0.08719594 0.03797743 0.04330691 0.01972492 0.04205994
 0.08294348 0.04330691 0.03859587 0.02416681 0.01986837 0.02239641
 0.02717335 0.04330691 0.02411665 0.0627045  0.0240761  0.02138619
 0.04330691 0.03859587 0.03115052 0.04330691 0.05261799 0.01327264
 0.03115052 0.04330692 0.01327264]
[0.02893873 0.08323225 0.0346124  0.03866512 0.02045685 0.03058602
 0.10005971 0.03866512 0.05573199 0.0206194  0.01632708 0.01817358
 0.02022205 0.03866512 0.01995754 0.09091221 0.01403965 0.0169134
 0.03866512 0.05573199 0.03546711 0.03866512 0.04939643 0.01058188
 0.03546712 0.03866513 0.01058188]
[0.02853281 0.09265481 0.02953616 0.04277651 0.01850272 0.03472356
 0.08994915 0.04277651 0.04592988 0.0225896  0.01925475 0.01957482
 0.02060243 0.04277651 0.02019902 0.0834441  0.01472338 0.01357911
 0.04277651 0.04592988 0.03399755 0.04277651 0.0526689  0.01147537
 0.03399755 0.04277651 0.01147536]
[0.02190469 0.07621735 0.03520537 0.03961536 0.02018976 0.04566902
 0.11042064 0.03961536 0.04929961 0.01765486 0.01844883 0.0169659
 0.01914062 0.03961536 0.01887085 0.09775752 0.01432177 0.01291676
 0.03961536 0.04929961 0.03515088 0.03961536 0.04799604 0.00986344
 0.03515089 0.03961537 0.00986344]
[0.02571239 0.08719594 0.03797743 0.04330691 0.01972492 0.04205994
 0.08294348 0.04330691 0.03859587 0.02416681 0.01986837 0.02239641
 0.02717335 0.04330691 0.02411665 0.0627045  0.0240761  0.02138619
 0.04330691 0.03859587 0.03115052 0.04330691 0.05261799 0.01327264
 0.03115052 0.04330692 0.01327264]
[0.03230795 0.07468447 0.03099305 0.0431352  0.01923949 0.03565766
 0.05750949 0.0431352  0.05012762 0.03165001 0.01839858 0.0218587
 0.02681431 0.0431352  0.02313824 0.05588277 0.02682037 0.02367596
 0.0431352  0.05012762 0.0374195  0.0431352  0.05153428 0.01796464
 0.03741951 0.04313521 0.01796464]
[0.02821011 0.08299835 0.0308083  0.04496523 0.0208889  0.02602822
 0.07626178 0.04496523 0.04552428 0.01858703 0.01934124 0.01816672
 0.0218871  0.04496523 0.01993831 0.09492399 0.02083386 0.01585117
 0.04496523 0.04552428 0.04096216 0.04496523 0.04432313 0.00909371
 0.04096216 0.04496524 0.00909371]
[0.02880451 0.06877688 0.0357828  0.04164435 0.01962592 0.03537179
 0.09627347 0.04164435 0.04658013 0.020519   0.01783083 0.01945026
 0.01986752 0.04164435 0.02279907 0.08624689 0.02098033 0.01569453
 0.04164435 0.04658013 0.04103102 0.04164435 0.04533071 0.01077856
 0.04103103 0.04164436 0.01077856]
[0.02608485 0.07695906 0.03543385 0.04341397 0.01938557 0.03545531
 0.1016016  0.04341397 0.04474895 0.01889795 0.01866405 0.02106743
 0.01702013 0.04341397 0.01962184 0.08587356 0.0159906  0.0155012
 0.04341397 0.04474895 0.03869439 0.04341397 0.04537194 0.0098503
 0.0386944  0.04341398 0.0098503 ]
[0.03298571 0.07779936 0.03869316 0.04669804 0.02130923 0.03618616
 0.04975827 0.04669804 0.03577412 0.02773398 0.01871351 0.02487621
 0.02692255 0.04669804 0.0219605  0.07272302 0.02327745 0.01885428
 0.04669804 0.03577412 0.03592502 0.04669804 0.05300113 0.01580952
 0.03592502 0.04669804 0.01580951]
[0.02571239 0.08719594 0.03797743 0.04330691 0.01972492 0.04205994
 0.08294348 0.04330691 0.03859587 0.02416681 0.01986837 0.02239641
 0.02717335 0.04330691 0.02411665 0.0627045  0.0240761  0.02138619
 0.04330691 0.03859587 0.03115052 0.04330691 0.05261799 0.01327264
 0.03115052 0.04330692 0.01327264]
[0.0212928  0.09826829 0.04212724 0.04293858 0.02330582 0.03476393
 0.09423319 0.04293858 0.03838395 0.02092639 0.01563616 0.01998201
 0.01744724 0.04293858 0.02110559 0.07848708 0.01381843 0.0152052
 0.04293858 0.03838395 0.03754016 0.04293858 0.05589575 0.00901258
 0.03754017 0.04293858 0.00901258]
[0.01956143 0.11115743 0.03159893 0.04687725 0.01513918 0.0284931
 0.11581627 0.04687725 0.03754241 0.01403337 0.01372105 0.01324843
 0.01499996 0.04687725 0.01221098 0.10895704 0.0225005  0.01259464
 0.04687725 0.03754241 0.02554156 0.04687725 0.04674924 0.00589347
 0.02554157 0.04687726 0.00589347]
[0.02889209 0.08923702 0.03587213 0.03688144 0.02214049 0.03295324
 0.10061584 0.03688144 0.04263642 0.02228795 0.01707967 0.01588452
 0.01850696 0.03688144 0.02528417 0.0943291  0.01796201 0.01954537
 0.03688144 0.04263642 0.03983631 0.03688144 0.05455763 0.00930883
 0.03983632 0.03688145 0.00930883]
[0.02488515 0.11254208 0.04002968 0.03933286 0.0207853  0.04457298
 0.08491404 0.03933286 0.0384081  0.0215071  0.02125684 0.01438628
 0.01876239 0.03933286 0.01917822 0.0790424  0.01646458 0.01417739
 0.03933286 0.0384081  0.0307547  0.03933286 0.07032266 0.01142509
 0.0307547  0.03933287 0.01142509]
[0.02571239 0.08719594 0.03797743 0.04330691 0.01972492 0.04205994
 0.08294348 0.04330691 0.03859587 0.02416681 0.01986837 0.02239641
 0.02717335 0.04330691 0.02411665 0.0627045  0.0240761  0.02138619
 0.04330691 0.03859587 0.03115052 0.04330691 0.05261799 0.01327264
 0.03115052 0.04330692 0.01327264]
[0.03230795 0.07468447 0.03099305 0.0431352  0.01923949 0.03565766
 0.05750949 0.0431352  0.05012762 0.03165001 0.01839858 0.0218587
 0.02681431 0.0431352  0.02313824 0.05588277 0.02682037 0.02367596
 0.0431352  0.05012762 0.0374195  0.0431352  0.05153428 0.01796464
 0.03741951 0.04313521 0.01796464]
[0.02133153 0.09292758 0.04025179 0.04437751 0.01997362 0.03704673
 0.08502313 0.04437751 0.03791105 0.01909748 0.01755755 0.01639369
 0.02062353 0.04437751 0.02108338 0.09042546 0.01805022 0.01486514
 0.04437751 0.03791105 0.03162091 0.04437751 0.0588563  0.01058195
 0.03162092 0.04437752 0.01058195]
[0.02571239 0.08719594 0.03797743 0.04330691 0.01972492 0.04205994
 0.08294348 0.04330691 0.03859587 0.02416681 0.01986837 0.02239641
 0.02717335 0.04330691 0.02411665 0.0627045  0.0240761  0.02138619
 0.04330691 0.03859587 0.03115052 0.04330691 0.05261799 0.01327264
 0.03115052 0.04330692 0.01327264]
[0.02820067 0.08399741 0.03715688 0.03882424 0.02311208 0.04698361
 0.06727676 0.03882424 0.04416999 0.02530255 0.02545927 0.02211501
 0.01901213 0.03882424 0.03391834 0.06840364 0.01889008 0.01696359
 0.03882424 0.04416999 0.03759428 0.03882424 0.0633871  0.01167344
 0.03759429 0.03882424 0.01167344]
[0.0217571  0.08809873 0.02642789 0.04122496 0.02181069 0.0261958
 0.09186447 0.04122496 0.05281534 0.01942479 0.01462128 0.01950408
 0.01933733 0.04122496 0.01988441 0.08328582 0.0142766  0.01446699
 0.04122496 0.05281534 0.04662236 0.04122496 0.04978891 0.01151496
 0.04662236 0.04122496 0.01151496]
[0.02133154 0.09292758 0.0402518  0.04437751 0.01997362 0.03704673
 0.08502314 0.04437751 0.03791105 0.01909748 0.01755755 0.01639369
 0.02062353 0.04437751 0.02108338 0.09042546 0.01805022 0.01486514
 0.04437751 0.03791105 0.03162091 0.04437751 0.05885629 0.01058195
 0.03162092 0.04437752 0.01058195]
[0.02571239 0.08719593 0.03797744 0.04330691 0.01972492 0.04205994
 0.08294348 0.04330691 0.03859587 0.02416681 0.01986838 0.02239642
 0.02717335 0.04330691 0.02411666 0.06270451 0.02407611 0.02138618
 0.04330691 0.03859587 0.03115052 0.04330691 0.052618   0.01327264
 0.03115052 0.04330692 0.01327264]
[0.0217571  0.08809872 0.02642789 0.04122496 0.0218107  0.0261958
 0.09186447 0.04122496 0.05281536 0.01942479 0.01462128 0.01950408
 0.01933733 0.04122496 0.01988441 0.08328581 0.0142766  0.01446699
 0.04122496 0.05281536 0.04662236 0.04122496 0.04978892 0.01151497
 0.04662237 0.04122496 0.01151497]]