129057
Test: public void test485() throws Throwable { Quaternion quaternion0 = Quaternion.of(5456.8, 5456.8, 0.0, 5456.8); String string0 = quaternion0.J.toString(); }
Code: public String toString() { final StringBuilder s = new StringBuilder(); s.append(FORMAT_START) .append(w).append(FORMAT_SEP) .append(x).append(FORMAT_SEP) .append(y).append(FORMAT_SEP) .append(z) .append(FORMAT_END); return s.toString(); }
[[0.04732967 0.06024092 0.0598498  0.06682382 0.03847963 0.04775168
 0.0175953  0.03001801 0.02361444 0.07513659 0.06566207 0.06566207
 0.06566207 0.06566207 0.06566207 0.06566207 0.05254699 0.06566209
 0.02097861]
[0.04620399 0.05203662 0.058279   0.07615842 0.0367972  0.06494711
 0.0166416  0.03101294 0.01979606 0.08613316 0.06364835 0.06364835
 0.06364835 0.06364835 0.06364835 0.06364835 0.04763042 0.06364836
 0.01882506]
[0.03563578 0.0811121  0.05196806 0.07201159 0.03556807 0.04287387
 0.01525011 0.03106738 0.02008739 0.10981152 0.06170897 0.06170897
 0.06170897 0.06170897 0.06170897 0.06170897 0.05414001 0.061709
 0.01851131]
[0.046842   0.06296647 0.04325536 0.08353334 0.04631915 0.0622119
 0.02100684 0.03936839 0.02494413 0.08468676 0.05769848 0.05769848
 0.05769848 0.05769848 0.05769848 0.05769848 0.05283446 0.05769849
 0.02814188]
[0.04500626 0.06539698 0.04848837 0.08272617 0.0307297  0.04749229
 0.01402854 0.03472088 0.01955624 0.0734572  0.06525652 0.06525652
 0.06525652 0.06525652 0.06525652 0.06525652 0.06562722 0.06525653
 0.01597448]
[0.04450058 0.06166408 0.05177309 0.09975544 0.03824271 0.05918407
 0.01494087 0.03227814 0.02274473 0.08265677 0.05838901 0.05838901
 0.05838901 0.05838901 0.05838901 0.05838901 0.05834813 0.05838901
 0.02518832]
[0.04487072 0.05042255 0.05385684 0.07614229 0.03465037 0.05917367
 0.01986344 0.04416623 0.02424768 0.09414651 0.05790736 0.05790736
 0.05790736 0.05790736 0.05790736 0.05790736 0.06689833 0.05790737
 0.02620982]
[0.04765403 0.05618569 0.03778416 0.05591823 0.04021462 0.05328033
 0.03137078 0.04011414 0.02254208 0.06695575 0.06734501 0.06734501
 0.06734501 0.06734501 0.06734501 0.06734501 0.05270402 0.06734502
 0.02386109]
[0.04058542 0.06861742 0.06093036 0.07889912 0.03292103 0.04660996
 0.01781852 0.03201616 0.02576249 0.09624184 0.05997436 0.05997436
 0.05997436 0.05997436 0.05997436 0.05997436 0.05725018 0.05997437
 0.0225269 ]
[0.04106464 0.05469969 0.04897501 0.09148691 0.03823341 0.06058679
 0.01351175 0.03017756 0.0192983  0.07505722 0.06370395 0.06370395
 0.06370395 0.06370395 0.06370395 0.06370395 0.06331854 0.06370397
 0.01766251]
[0.03681868 0.06551646 0.05430408 0.06378838 0.03709897 0.07118321
 0.01795349 0.04072497 0.0284611  0.09472891 0.06047171 0.06047171
 0.06047171 0.06047171 0.06047171 0.06047171 0.04483066 0.06047172
 0.02128907]
[0.03681868 0.06551646 0.05430408 0.06378838 0.03709897 0.07118321
 0.01795349 0.04072497 0.0284611  0.09472891 0.06047171 0.06047171
 0.06047171 0.06047171 0.06047171 0.06047171 0.04483066 0.06047172
 0.02128907]
[0.03681868 0.06551646 0.05430408 0.06378838 0.03709897 0.07118321
 0.01795349 0.04072497 0.0284611  0.09472891 0.06047171 0.06047171
 0.06047171 0.06047171 0.06047171 0.06047171 0.04483066 0.06047172
 0.02128907]
[0.03681868 0.06551646 0.05430408 0.06378838 0.03709897 0.07118321
 0.01795349 0.04072497 0.0284611  0.09472891 0.06047171 0.06047171
 0.06047171 0.06047171 0.06047171 0.06047171 0.04483066 0.06047172
 0.02128907]
[0.03681868 0.06551646 0.05430408 0.06378838 0.03709897 0.07118321
 0.01795349 0.04072497 0.0284611  0.09472891 0.06047171 0.06047171
 0.06047171 0.06047171 0.06047171 0.06047171 0.04483066 0.06047172
 0.02128907]
[0.03681868 0.06551646 0.05430408 0.06378838 0.03709897 0.07118321
 0.01795349 0.04072497 0.0284611  0.09472891 0.06047171 0.06047171
 0.06047171 0.06047171 0.06047171 0.06047171 0.04483066 0.06047172
 0.02128907]
[0.03339382 0.06911107 0.04279134 0.06982335 0.03127893 0.05685019
 0.01312595 0.0329243  0.01966139 0.11395342 0.06435394 0.06435394
 0.06435394 0.06435394 0.06435394 0.06435394 0.04770397 0.06435395
 0.01890476]
[0.03681869 0.06551646 0.05430406 0.06378839 0.03709897 0.07118322
 0.01795349 0.04072497 0.0284611  0.09472892 0.06047171 0.06047171
 0.06047171 0.06047171 0.06047171 0.06047171 0.04483066 0.06047172
 0.02128908]
[0.03349288 0.06122819 0.06061731 0.10222302 0.03152082 0.05547955
 0.01414745 0.03204009 0.01885799 0.07247863 0.05983958 0.05983958
 0.05983958 0.05983958 0.05983958 0.05983958 0.07781745 0.0598396
 0.02121955]]