151000
Test: public void test16() throws Throwable { DefaultFTPFileEntryParserFactory defaultFTPFileEntryParserFactory0 = new DefaultFTPFileEntryParserFactory(); // Undeclared exception!  defaultFTPFileEntryParserFactory0.createFileEntryParser("org.apache.commons.io.filefilter.FileFileFilter");   }
Code: public FTPFileEntryParser createFileEntryParser(final String key) { if (key == null) { throw new ParserInitializationException("Parser key cannot be null"); } return createFileEntryParser(key, null); }
[[0.03848869 0.05339368 0.05339368 0.04943178 0.04413897 0.05120621
 0.10373288 0.0312753  0.06074132 0.02067596 0.05120621 0.03883195
 0.01941987 0.05339368 0.01809635 0.02296241 0.03318997 0.05775402
 0.01637393 0.04234422 0.05339369 0.07018138 0.01637393]
[0.03301409 0.05520878 0.05520878 0.060822   0.05329644 0.05174685
 0.0810637  0.02715824 0.06269246 0.02351778 0.05174685 0.0389913
 0.02504488 0.05520878 0.01993387 0.02987149 0.04193799 0.04152251
 0.01762878 0.04005432 0.05520879 0.06149248 0.01762878]
[0.03301409 0.05520878 0.05520878 0.060822   0.05329644 0.05174685
 0.0810637  0.02715824 0.06269246 0.02351778 0.05174685 0.0389913
 0.02504488 0.05520878 0.01993387 0.02987149 0.04193799 0.04152251
 0.01762878 0.04005432 0.05520879 0.06149248 0.01762878]
[0.03921528 0.05584935 0.05584935 0.0456099  0.05146232 0.05632331
 0.11407049 0.02856834 0.05053952 0.01771495 0.05632331 0.03704544
 0.01679718 0.05584935 0.01655487 0.02301368 0.04410895 0.05028147
 0.01439684 0.03945123 0.05584935 0.06072869 0.01439684]
[0.03192972 0.05420396 0.05420396 0.05565623 0.05015811 0.06624296
 0.09190987 0.0327087  0.0458139  0.02329445 0.06624296 0.03815468
 0.02032641 0.05420396 0.01998407 0.02843777 0.03802589 0.04795244
 0.01682508 0.04364291 0.05420396 0.04905296 0.01682508]
[0.04019307 0.05286256 0.05286256 0.05882309 0.04310735 0.0641562
 0.06928559 0.03384843 0.04311421 0.02608417 0.0641562  0.03671167
 0.02249309 0.05286256 0.0257684  0.03395116 0.04185442 0.05243064
 0.02269552 0.04631768 0.05286258 0.04086338 0.02269552]
[0.02753801 0.06415129 0.06415129 0.06338584 0.03773593 0.05681106
 0.15486634 0.01497818 0.05683354 0.01055183 0.05681106 0.02648059
 0.0106098  0.06415129 0.01001482 0.01499452 0.03646512 0.04291067
 0.00874554 0.03620405 0.06415131 0.06871234 0.00874554]
[0.03503803 0.05295257 0.05295257 0.05969171 0.0443073  0.06032284
 0.10143945 0.02819974 0.04641158 0.02060459 0.06032284 0.03274482
 0.02449485 0.05295257 0.01638138 0.02875805 0.03506956 0.04327581
 0.01799288 0.04211741 0.05295258 0.07302397 0.01799287]
[0.02600097 0.04369761 0.04369761 0.07291484 0.04342045 0.06303188
 0.14372484 0.01967459 0.06510711 0.0169601  0.06303188 0.0312602
 0.0171028  0.04369761 0.01304079 0.01993062 0.03749234 0.03988908
 0.01310313 0.04252665 0.04369762 0.08389416 0.01310313]
[0.03062933 0.05629889 0.05629889 0.04915757 0.04498753 0.06724539
 0.13951162 0.02448961 0.05784698 0.01917011 0.06724539 0.02864627
 0.01253005 0.05629889 0.01663519 0.02465239 0.03277595 0.04310897
 0.01048349 0.03713496 0.0562989  0.05807016 0.01048349]
[0.04019307 0.05286256 0.05286256 0.05882309 0.04310735 0.0641562
 0.06928559 0.03384843 0.04311421 0.02608417 0.0641562  0.03671167
 0.02249309 0.05286256 0.0257684  0.03395116 0.04185442 0.05243064
 0.02269552 0.04631768 0.05286258 0.04086338 0.02269552]
[0.03049435 0.05057402 0.05057402 0.0657876  0.04401812 0.07419001
 0.10493723 0.02555513 0.04661331 0.01794599 0.07419001 0.03612913
 0.01667461 0.05057402 0.01641661 0.02630042 0.04187527 0.04629
 0.01256777 0.05180556 0.05057403 0.05334499 0.01256777]
[0.03242244 0.05016617 0.05016617 0.05936648 0.04051025 0.0576619
 0.11079901 0.03433539 0.06065272 0.01843461 0.0576619  0.03639431
 0.0211978  0.05016617 0.01396994 0.02391733 0.04204763 0.04294717
 0.01681858 0.04558549 0.05016619 0.06779373 0.01681858]
[0.03301409 0.05520878 0.05520878 0.060822   0.05329644 0.05174685
 0.0810637  0.02715824 0.06269246 0.02351778 0.05174685 0.0389913
 0.02504488 0.05520878 0.01993387 0.02987149 0.04193799 0.04152251
 0.01762878 0.04005432 0.05520879 0.06149248 0.01762878]
[0.03054543 0.05439742 0.05439742 0.0597527  0.04295292 0.0552251
 0.11735694 0.02649712 0.05784589 0.01713077 0.0552251  0.04087895
 0.02075141 0.05439742 0.01721384 0.02010036 0.03624622 0.04793771
 0.01134238 0.04409856 0.05439743 0.06996652 0.01134239]
[0.03337272 0.05120017 0.05120017 0.05789129 0.04682588 0.06594484
 0.11047073 0.02536597 0.0498757  0.01919339 0.06594484 0.03141954
 0.01986839 0.05120017 0.01499918 0.02491622 0.0468252  0.04118372
 0.01391135 0.05293029 0.05120018 0.06034879 0.01391135]
[0.03343901 0.06090793 0.06090793 0.05163201 0.05069539 0.04895235
 0.11186111 0.02054235 0.05411863 0.02045755 0.04895235 0.03029381
 0.01561937 0.06090793 0.01570685 0.01884256 0.0433914  0.05693376
 0.01659279 0.03681163 0.06090794 0.06493251 0.01659279]
[0.04014545 0.04489426 0.04489426 0.06183693 0.04500965 0.05739205
 0.12095466 0.02408871 0.0582966  0.01990455 0.05739205 0.03864708
 0.01937144 0.04489426 0.01527361 0.02337824 0.03574596 0.06559101
 0.01393026 0.04568446 0.04489427 0.06384992 0.01393026]
[0.02742226 0.05190532 0.05190532 0.05025449 0.04339362 0.06687867
 0.10504022 0.02999581 0.04721545 0.01730781 0.06687867 0.0366751
 0.01535009 0.05190532 0.01933461 0.03031657 0.05157077 0.05256911
 0.01456522 0.05885193 0.05190533 0.04419314 0.01456522]
[0.02783359 0.05660636 0.05660636 0.06453191 0.04992189 0.05212317
 0.11627407 0.02852057 0.05525156 0.016605   0.05212317 0.0321485
 0.01670478 0.05660636 0.01355423 0.02630967 0.03696965 0.04639737
 0.01440063 0.04080341 0.05660637 0.06870072 0.01440063]
[0.0330141  0.05520878 0.05520878 0.060822   0.05329645 0.05174686
 0.0810637  0.02715825 0.06269245 0.02351779 0.05174686 0.03899131
 0.02504488 0.05520878 0.01993387 0.0298715  0.041938   0.04152251
 0.01762878 0.04005433 0.05520879 0.0614925  0.01762878]
[0.0285723  0.05680902 0.05680902 0.04618958 0.04221019 0.06178402
 0.13028851 0.02628813 0.05172023 0.01442672 0.06178402 0.03815819
 0.0163454  0.05680902 0.01624958 0.02654586 0.04215818 0.04585446
 0.01057493 0.0516096  0.05680903 0.05142905 0.01057493]
[0.02742225 0.05190531 0.05190531 0.05025448 0.04339363 0.06687868
 0.10504021 0.02999581 0.04721544 0.01730781 0.06687868 0.0366751
 0.01535009 0.05190531 0.01933461 0.03031657 0.05157077 0.0525691
 0.01456522 0.05885193 0.05190533 0.04419314 0.01456522]]