146195
Test: public void test58() throws Throwable { Locale locale0 = Locale.SIMPLIFIED_CHINESE; Float float0 = GenericTypeValidator.formatFloat("f", locale0); }
Code: public static Float formatFloat(String value) { if (value == null) { return null; } try { return Float.valueOf(value); } catch (NumberFormatException e) { return null; } }
[[0.0271027  0.07812057 0.0289286  0.03759689 0.03319642 0.03448134
 0.07288528 0.02792614 0.0432222  0.01477249 0.03448134 0.02962293
 0.05728721 0.01118511 0.05055205 0.03448134 0.02962293 0.03759689
 0.01118511 0.02894225 0.06293215 0.07011642 0.03448134 0.02962293
 0.0572872  0.01118511 0.01118511]
[0.0270825  0.06928965 0.02805149 0.03685891 0.02639893 0.04463952
 0.0735985  0.0321176  0.03492427 0.01419857 0.04463952 0.02541674
 0.06567298 0.01232786 0.04269906 0.04463952 0.02541674 0.03685891
 0.01232786 0.02790584 0.05168945 0.0628607  0.04463952 0.02541674
 0.06567296 0.01232786 0.01232786]
[0.02205079 0.08511542 0.02819042 0.03504418 0.03281328 0.03862197
 0.07462396 0.02803075 0.03565715 0.01098069 0.03862197 0.03196733
 0.06628421 0.00657182 0.04197896 0.03862197 0.03196733 0.03504418
 0.00657182 0.02319259 0.06968604 0.06834614 0.03862197 0.03196733
 0.0662842  0.00657182 0.00657182]
[0.0224042  0.07582761 0.03191172 0.037761   0.03674662 0.03348633
 0.05460061 0.02859583 0.04285204 0.01586942 0.03348633 0.02713886
 0.0774724  0.01152645 0.04022338 0.03348633 0.02713886 0.037761
 0.01152645 0.02477586 0.07287788 0.06138042 0.03348633 0.02713886
 0.0774724  0.01152644 0.01152644]
[0.02420907 0.07822859 0.02672097 0.03641491 0.02964151 0.03860068
 0.07061725 0.02877917 0.03602861 0.01141158 0.03860068 0.02876354
 0.0685764  0.00967778 0.04067814 0.03860068 0.02876354 0.03641491
 0.00967778 0.02585555 0.06944293 0.06899956 0.03860068 0.02876354
 0.06857637 0.00967777 0.00967777]
[0.02833868 0.06490402 0.03674122 0.03819579 0.03167954 0.04316177
 0.04912336 0.03304704 0.03087598 0.01879798 0.04316177 0.03292774
 0.06201839 0.01560169 0.03122001 0.04316177 0.03292774 0.03819579
 0.01560169 0.03003292 0.05974361 0.05123024 0.04316177 0.03292774
 0.06201838 0.01560169 0.01560169]
[0.01768864 0.0974905  0.02308618 0.04302039 0.02645022 0.03259075
 0.09801836 0.03177987 0.03793706 0.00684774 0.03259075 0.02301145
 0.06964125 0.00517537 0.03851819 0.03259075 0.02301145 0.04302039
 0.00517537 0.01708015 0.09109887 0.06858215 0.03259075 0.02301145
 0.06964125 0.00517536 0.00517536]
[0.02325885 0.07386605 0.03005498 0.04060848 0.03027094 0.03754077
 0.07303829 0.03413191 0.03983973 0.01303408 0.03754077 0.02922557
 0.06024621 0.01004256 0.04302325 0.03754077 0.02922557 0.04060848
 0.01004256 0.02830413 0.06810488 0.0633535  0.03754077 0.02922557
 0.06024622 0.01004256 0.01004256]
[0.01636839 0.08606531 0.02984142 0.02831456 0.03533345 0.03711031
 0.09075145 0.03635725 0.0414657  0.01071955 0.03711031 0.02659874
 0.06616212 0.00784201 0.04092386 0.03711031 0.02659874 0.02831456
 0.00784201 0.01945918 0.07740802 0.06674764 0.03711031 0.02659874
 0.06616209 0.00784201 0.00784201]
[0.0204497  0.08333725 0.02651272 0.03916853 0.03136957 0.0415512
 0.09406908 0.03201133 0.03949746 0.01318425 0.0415512  0.02468355
 0.06210634 0.00668353 0.04712657 0.0415512  0.02468355 0.03916853
 0.00668353 0.02485493 0.06161086 0.05643695 0.0415512  0.02468355
 0.06210633 0.00668353 0.00668353]
[0.02833868 0.06490402 0.03674122 0.03819579 0.03167954 0.04316177
 0.04912336 0.03304704 0.03087598 0.01879798 0.04316177 0.03292774
 0.06201839 0.01560169 0.03122001 0.04316177 0.03292774 0.03819579
 0.01560169 0.03003292 0.05974361 0.05123024 0.04316177 0.03292774
 0.06201838 0.01560169 0.01560169]
[0.01889214 0.08369048 0.02821628 0.03886572 0.03197997 0.03447005
 0.07950772 0.03140214 0.03807932 0.01134987 0.03447005 0.02785139
 0.07123268 0.00957155 0.03750692 0.03447005 0.02785139 0.03886572
 0.00957155 0.0241246  0.07546833 0.05986486 0.03447005 0.02785139
 0.07123266 0.00957155 0.00957155]
[0.02699943 0.06052478 0.02864767 0.044659   0.03705255 0.0355698
 0.07493718 0.03400718 0.03827501 0.01159552 0.0355698  0.03154909
 0.05095025 0.01136133 0.04433355 0.0355698  0.03154909 0.044659
 0.01136133 0.03325493 0.06863751 0.06814446 0.0355698  0.03154909
 0.05095024 0.01136133 0.01136133]
[0.01900588 0.07172343 0.02845985 0.0367922  0.02345323 0.0416308
 0.07176564 0.03961248 0.0323226  0.01215196 0.0416308  0.03942437
 0.06439616 0.0093064  0.04407846 0.0416308  0.03942437 0.0367922
 0.0093064  0.01792938 0.06543577 0.0496626  0.0416308  0.03942437
 0.06439616 0.0093064  0.0093064 ]
[0.0216439  0.08282009 0.02681152 0.03606872 0.03260382 0.03228801
 0.08264898 0.03189721 0.03690015 0.01062101 0.03228801 0.03164146
 0.06792344 0.00886357 0.04208409 0.03228801 0.03164146 0.03606872
 0.00886357 0.02310733 0.07122768 0.07011923 0.03228801 0.03164146
 0.06792344 0.00886357 0.00886357]
[0.02833868 0.06490402 0.03674122 0.03819579 0.03167954 0.04316177
 0.04912336 0.03304704 0.03087598 0.01879798 0.04316177 0.03292774
 0.06201839 0.01560169 0.03122001 0.04316177 0.03292774 0.03819579
 0.01560169 0.03003292 0.05974361 0.05123024 0.04316177 0.03292774
 0.06201838 0.01560169 0.01560169]
[0.01889214 0.08369048 0.02821628 0.03886572 0.03197997 0.03447005
 0.07950772 0.03140214 0.03807932 0.01134987 0.03447005 0.02785139
 0.07123268 0.00957155 0.03750692 0.03447005 0.02785139 0.03886572
 0.00957155 0.0241246  0.07546833 0.05986486 0.03447005 0.02785139
 0.07123266 0.00957155 0.00957155]
[0.0224042  0.07582761 0.03191172 0.037761   0.03674662 0.03348633
 0.05460061 0.02859583 0.04285204 0.01586942 0.03348633 0.02713886
 0.0774724  0.01152645 0.04022338 0.03348633 0.02713886 0.037761
 0.01152645 0.02477586 0.07287788 0.06138042 0.03348633 0.02713886
 0.0774724  0.01152644 0.01152644]
[0.01900588 0.07172343 0.02845985 0.0367922  0.02345323 0.0416308
 0.07176564 0.03961248 0.0323226  0.01215196 0.0416308  0.03942437
 0.06439616 0.0093064  0.04407846 0.0416308  0.03942437 0.0367922
 0.0093064  0.01792938 0.06543577 0.0496626  0.0416308  0.03942437
 0.06439616 0.0093064  0.0093064 ]
[0.0191834  0.08854085 0.02517167 0.03563042 0.03249345 0.03904808
 0.07732129 0.03496372 0.03441771 0.01216745 0.03904808 0.0277115
 0.07059335 0.00865934 0.04299966 0.03904808 0.0277115  0.03563042
 0.00865934 0.02290731 0.06248062 0.06094113 0.03904808 0.0277115
 0.07059333 0.00865933 0.00865933]
[0.02803871 0.07626645 0.02531196 0.04423852 0.030843   0.03905057
 0.0705143  0.02888082 0.03961398 0.01294117 0.03905057 0.03051154
 0.06511732 0.01085245 0.04634739 0.03905057 0.03051154 0.04423852
 0.01085245 0.02493518 0.0514629  0.05498576 0.03905057 0.03051154
 0.06511731 0.01085245 0.01085245]
[0.02447934 0.07440771 0.02726288 0.03698588 0.03207321 0.03512262
 0.09041587 0.02761187 0.03329629 0.01330824 0.03512262 0.03079092
 0.06262109 0.01366905 0.04787559 0.03512262 0.03079092 0.03698588
 0.01366905 0.02509053 0.05532083 0.06210428 0.03512262 0.03079092
 0.0626211  0.01366905 0.01366905]
[0.02833868 0.06490402 0.03674122 0.03819579 0.03167954 0.04316177
 0.04912336 0.03304704 0.03087598 0.01879798 0.04316177 0.03292774
 0.06201839 0.01560169 0.03122001 0.04316177 0.03292774 0.03819579
 0.01560169 0.03003292 0.05974361 0.05123024 0.04316177 0.03292774
 0.06201838 0.01560169 0.01560169]
[0.01889214 0.08369048 0.02821628 0.03886572 0.03197997 0.03447005
 0.07950772 0.03140214 0.03807932 0.01134987 0.03447005 0.02785139
 0.07123268 0.00957155 0.03750692 0.03447005 0.02785139 0.03886572
 0.00957155 0.0241246  0.07546833 0.05986486 0.03447005 0.02785139
 0.07123266 0.00957155 0.00957155]
[0.02699943 0.06052479 0.02864767 0.044659   0.03705254 0.03556979
 0.07493718 0.03400718 0.03827501 0.01159552 0.03556979 0.03154909
 0.05095025 0.01136133 0.04433355 0.03556979 0.03154909 0.044659
 0.01136133 0.03325493 0.06863751 0.06814444 0.03556979 0.03154909
 0.05095025 0.01136133 0.01136133]
[0.01900588 0.07172343 0.02845986 0.03679221 0.02345323 0.0416308
 0.07176564 0.03961249 0.0323226  0.01215197 0.0416308  0.03942437
 0.06439618 0.0093064  0.04407847 0.0416308  0.03942437 0.03679221
 0.0093064  0.01792938 0.06543578 0.0496626  0.0416308  0.03942437
 0.06439617 0.0093064  0.0093064 ]
[0.01900588 0.07172343 0.02845986 0.03679221 0.02345323 0.0416308
 0.07176564 0.03961249 0.0323226  0.01215197 0.0416308  0.03942437
 0.06439618 0.0093064  0.04407847 0.0416308  0.03942437 0.03679221
 0.0093064  0.01792938 0.06543578 0.0496626  0.0416308  0.03942437
 0.06439617 0.0093064  0.0093064 ]]