38095
Test: public void test32() throws Throwable { Seconds seconds0 = Seconds.MAX_VALUE; // Undeclared exception!  seconds0.MAX_VALUE.plus(seconds0);   }
Code: public Seconds plus(int seconds) { if (seconds == 0) { return this; } return Seconds.seconds(FieldUtils.safeAdd(getValue(), seconds)); }
[[0.04602737 0.06384868 0.06384868 0.06235476 0.05800261 0.12372141
 0.10630286 0.07356095 0.02501092 0.05800261 0.05023875 0.03888246
 0.01887364 0.05023875 0.06384868 0.07836319 0.01887364]
[0.03821908 0.0640041  0.0640041  0.07245654 0.05940156 0.09371713
 0.13477191 0.07267149 0.02820493 0.05940156 0.04635599 0.03705426
 0.02027316 0.04635599 0.0640041  0.07883093 0.02027315]
[0.03821908 0.0640041  0.0640041  0.07245654 0.05940156 0.09371713
 0.13477191 0.07267149 0.02820493 0.05940156 0.04635599 0.03705426
 0.02027316 0.04635599 0.0640041  0.07883093 0.02027315]
[0.03715782 0.05922041 0.05922041 0.06191856 0.07218121 0.14482301
 0.10990796 0.06490114 0.02617579 0.07218121 0.04972302 0.02998043
 0.01548112 0.04972302 0.05922041 0.07270338 0.01548112]
[0.04741794 0.06393416 0.06393416 0.07093963 0.07216986 0.0822028
 0.0902998  0.05167525 0.03139331 0.07216986 0.05510329 0.03918434
 0.02609584 0.05510329 0.06393416 0.08834645 0.02609583]
[0.02906357 0.06974675 0.06974675 0.06528211 0.0555673  0.16180483
 0.12625244 0.06159263 0.02213592 0.0555673  0.03793539 0.02182965
 0.00873228 0.03793539 0.06974675 0.09832867 0.00873228]
[0.04845075 0.06481431 0.06481431 0.06187384 0.05863401 0.12977862
 0.09748318 0.06465154 0.02696528 0.05863401 0.05157094 0.03540777
 0.0188519  0.05157094 0.06481431 0.08283238 0.0188519 ]
[0.02846754 0.04805855 0.04805855 0.06503348 0.06832363 0.15743214
 0.14367396 0.0714116  0.02931683 0.06832363 0.04651462 0.03054122
 0.01423729 0.04651462 0.04805855 0.07179649 0.0142373 ]
[0.03658034 0.06051612 0.06051612 0.06652665 0.06197492 0.1233054
 0.11406882 0.06146457 0.02486259 0.06197492 0.05764624 0.03376049
 0.02154042 0.05764624 0.06051612 0.0755596  0.02154042]
[0.04741794 0.06393416 0.06393416 0.07093963 0.07216986 0.0822028
 0.0902998  0.05167525 0.03139331 0.07216986 0.05510329 0.03918434
 0.02609584 0.05510329 0.06393416 0.08834645 0.02609583]
[0.03133778 0.06351165 0.06351165 0.06121572 0.05913839 0.13062045
 0.15228093 0.06191991 0.02446518 0.05913839 0.04586273 0.02813167
 0.0163148  0.04586273 0.06351165 0.0768616  0.0163148 ]
[0.04713275 0.06770174 0.06770174 0.0535963  0.07154665 0.11414956
 0.08231311 0.06086997 0.02789536 0.07154665 0.05726668 0.02907189
 0.01965708 0.05726668 0.06770174 0.08492497 0.01965708]
[0.03153671 0.06047177 0.06047177 0.07089213 0.07241693 0.11981411
 0.08975804 0.05391727 0.02187747 0.07241693 0.06638241 0.02866738
 0.01599973 0.06638241 0.06047177 0.09252349 0.01599973]
[0.03133778 0.06351165 0.06351165 0.06121572 0.05913839 0.13062045
 0.15228093 0.06191991 0.02446518 0.05913839 0.04586273 0.02813167
 0.0163148  0.04586273 0.06351165 0.0768616  0.0163148 ]
[0.03821908 0.0640041  0.0640041  0.07245654 0.05940156 0.09371713
 0.13477191 0.07267149 0.02820493 0.05940156 0.04635599 0.03705426
 0.02027316 0.04635599 0.0640041  0.07883093 0.02027315]
[0.04020666 0.05729326 0.05729326 0.06102903 0.07426925 0.11612083
 0.13151263 0.0519193  0.02248307 0.07426925 0.05129378 0.03090922
 0.01879157 0.05129378 0.05729326 0.08523031 0.01879157]
[0.03153671 0.06047175 0.06047175 0.07089213 0.07241694 0.11981408
 0.08975804 0.05391726 0.02187747 0.07241694 0.0663824  0.02866738
 0.01599974 0.0663824  0.06047175 0.0925235  0.01599973]]