32205
Test: public void test77() throws Throwable { // Undeclared exception!  DateUtil.nextWeek((Date) null);   }
Code: public static Date nextWeek(@NotNull final Date date) { return DateUtils.truncate(DateUtil.addDays(date, 8 - DateUtil.getDayOfWeek(date)), Calendar.DATE); }
[[0.04905984 0.13990805 0.02296553 0.06805503 0.03886963 0.02296553
 0.07410865 0.06155694 0.0535157  0.06805503 0.08466642 0.16010493
 0.06805504 0.06805504 0.02005867]
[0.04926053 0.12804547 0.01887007 0.066792   0.03576611 0.01887007
 0.0718127  0.08356248 0.04639288 0.06679199 0.08668824 0.17065123
 0.066792   0.066792   0.02291223]
[0.04173964 0.13027798 0.02221693 0.06464647 0.03306904 0.02221693
 0.08124229 0.07517394 0.06094506 0.06464647 0.07486233 0.18444367
 0.06464647 0.06464647 0.01522634]
[0.04100725 0.14040352 0.02273031 0.06883493 0.03891896 0.02273031
 0.08570151 0.06284163 0.04971419 0.06883493 0.07167982 0.16741997
 0.06883495 0.06883495 0.02151273]
[0.0425013  0.12652755 0.02049377 0.06457322 0.02852974 0.02049377
 0.07090181 0.07352766 0.06184877 0.06457322 0.07282143 0.20964319
 0.06457323 0.06457323 0.01441814]
[0.04173964 0.13027798 0.02221693 0.06464647 0.03306904 0.02221693
 0.08124229 0.07517394 0.06094506 0.06464647 0.07486233 0.18444367
 0.06464647 0.06464647 0.01522634]
[0.04031443 0.12474316 0.01892655 0.06761225 0.03427297 0.01892655
 0.06619447 0.08365941 0.06559341 0.06761225 0.07828484 0.18481319
 0.06761225 0.06761225 0.01382198]
[0.05053374 0.11506267 0.02557099 0.06851257 0.04941173 0.02557099
 0.081914   0.07606603 0.05883465 0.06851258 0.06714447 0.14819326
 0.06851259 0.06851259 0.02764724]
[0.03372069 0.14711323 0.01718425 0.07008419 0.0302073  0.01718425
 0.07323945 0.06006727 0.04996238 0.07008419 0.08021134 0.19401443
 0.07008421 0.07008421 0.01675863]
[0.04100725 0.14040352 0.02273031 0.06883493 0.03891896 0.02273031
 0.08570151 0.06284163 0.04971419 0.06883493 0.07167982 0.16741997
 0.06883495 0.06883495 0.02151273]
[0.04279401 0.13094744 0.02058    0.07153847 0.03720623 0.02058
 0.07534309 0.06534887 0.05909985 0.07153846 0.07879134 0.16397877
 0.07153846 0.07153846 0.01917659]
[0.05337441 0.11181021 0.02235749 0.07718012 0.04194092 0.02235749
 0.06701688 0.08051112 0.05366573 0.0771801  0.08821531 0.12540902
 0.07718012 0.07718012 0.02462092]
[0.04100726 0.14040352 0.02273032 0.06883493 0.03891896 0.02273032
 0.08570151 0.06284164 0.04971419 0.06883493 0.07167982 0.16741997
 0.06883493 0.06883494 0.02151273]
[0.04100726 0.14040352 0.02273032 0.06883493 0.03891896 0.02273032
 0.08570151 0.06284164 0.04971419 0.06883493 0.07167982 0.16741997
 0.06883493 0.06883494 0.02151273]
[0.03576732 0.14076494 0.01573494 0.06837693 0.03166255 0.01573494
 0.06475026 0.08332726 0.07563315 0.06837693 0.08771322 0.15705797
 0.06837694 0.06837694 0.01834575]]