152566
Test: public void test2() throws Throwable { Locale locale0 = Locale.TAIWAN; SqlTimestampLocaleConverter sqlTimestampLocaleConverter0 = new SqlTimestampLocaleConverter(locale0, ""); // Undeclared exception!  sqlTimestampLocaleConverter0.parse(locale0, "' for ");   }
Code: protected Object parse(final Object value, final String pattern) throws ParseException { return new Timestamp(((java.util.Date) super.parse(value, pattern)).getTime()); }
[[0.07499126 0.03015595 0.07433783 0.03015595 0.03646317 0.04098053
 0.06576133 0.06777929 0.11935808 0.05919197 0.09769762 0.05874804
 0.02183006 0.06777929 0.06777929 0.06777929 0.01921107]
[0.08187298 0.03219003 0.06885736 0.03219003 0.03642287 0.03460567
 0.07154521 0.05852951 0.14877729 0.0500024  0.11093158 0.05758058
 0.02095766 0.05852951 0.05852951 0.05852951 0.01994834]
[0.06679367 0.03819533 0.05503697 0.03819533 0.03693619 0.03438481
 0.0870924  0.06102861 0.15710804 0.05062536 0.09481635 0.05712412
 0.02205042 0.06102861 0.06102861 0.06102861 0.01752656]
[0.08187298 0.03219003 0.06885736 0.03219003 0.03642287 0.03460567
 0.07154521 0.05852951 0.14877729 0.0500024  0.11093158 0.05758058
 0.02095766 0.05852951 0.05852951 0.05852951 0.01994834]
[0.08820768 0.0337306  0.07041642 0.0337306  0.0359488  0.03971318
 0.06236365 0.05986799 0.14413749 0.04936367 0.11501962 0.05176942
 0.01730441 0.05986799 0.05986799 0.05986799 0.0188225 ]
[0.05769414 0.03514711 0.06607992 0.03514711 0.03428556 0.03377498
 0.07158539 0.07143627 0.12251517 0.05577204 0.09116005 0.07206459
 0.02144156 0.07143627 0.07143627 0.07143627 0.01758724]
[0.07043282 0.0351704  0.06211807 0.0351704  0.04583816 0.0408664
 0.05735897 0.07015085 0.13492247 0.05662747 0.08521578 0.05278129
 0.02188816 0.07015085 0.07015085 0.07015085 0.02100618]
[0.08261123 0.03216341 0.08372493 0.03216341 0.04613876 0.04040746
 0.06973724 0.06467583 0.12930852 0.05230983 0.07037489 0.04823737
 0.03075118 0.06467583 0.06467583 0.06467583 0.02336842]
[0.08739016 0.03361091 0.07199167 0.03361091 0.0424439  0.03069511
 0.06189886 0.05767659 0.16290116 0.04558899 0.1000725  0.06144812
 0.01890344 0.05767659 0.05767659 0.05767659 0.01873784]
[0.09120119 0.03530395 0.07002441 0.03530395 0.03563445 0.0303743
 0.0822529  0.05735166 0.17389297 0.0498807  0.07387215 0.05641635
 0.01800951 0.05735166 0.05735166 0.05735166 0.01842648]
[0.08556411 0.03028356 0.08554219 0.03028356 0.05401809 0.05040894
 0.0662685  0.06117541 0.08718711 0.05709535 0.09394    0.05692499
 0.02660372 0.06117541 0.06117541 0.06117541 0.03117821]
[0.0859955  0.03443099 0.08767445 0.03443099 0.03676729 0.03437266
 0.0716682  0.06844835 0.12496795 0.04334785 0.07883671 0.05130831
 0.02120227 0.06844835 0.06844835 0.06844835 0.0212034 ]
[0.08225323 0.03289956 0.06607805 0.03289956 0.04658917 0.03500402
 0.07088234 0.062634   0.13617134 0.04893197 0.0856882  0.06069782
 0.02704372 0.062634   0.062634   0.062634   0.02432505]
[0.08261123 0.03216341 0.08372493 0.03216341 0.04613876 0.04040746
 0.06973724 0.06467583 0.12930852 0.05230983 0.07037489 0.04823737
 0.03075118 0.06467583 0.06467583 0.06467583 0.02336842]
[0.08261123 0.03216341 0.08372493 0.03216341 0.04613876 0.04040746
 0.06973724 0.06467583 0.12930852 0.05230983 0.07037489 0.04823737
 0.03075118 0.06467583 0.06467583 0.06467583 0.02336842]
[0.08261123 0.03216341 0.08372493 0.03216341 0.04613876 0.04040746
 0.06973724 0.06467583 0.12930852 0.05230983 0.07037489 0.04823737
 0.03075118 0.06467583 0.06467583 0.06467583 0.02336842]
[0.06938958 0.03647314 0.06422648 0.03647314 0.03560788 0.03204419
 0.06267497 0.06170636 0.14329977 0.05172619 0.1018762  0.07884189
 0.01928282 0.06170636 0.06170636 0.06170636 0.02125829]]