1655
Test: public void test246() throws Throwable { MockFile mockFile0 = new MockFile(");)8%/:yJ]ShU&y{");  Imaging.dumpImageFile((File) mockFile0);   }
Code: public static String dumpImageFile(final byte[] bytes) throws ImageReadException, IOException { return dumpImageFile(new ByteSourceArray(bytes)); }
[[0.05344539 0.15299994 0.06916595 0.07413891 0.07879314 0.0452884
 0.1294545  0.07413891 0.02663653 0.06739454 0.05834092 0.07413892
 0.07413892 0.02192503]
[0.05450995 0.1437594  0.08218563 0.07365191 0.06427686 0.04407202
 0.11252071 0.07365191 0.03180929 0.09489901 0.05150333 0.0736519
 0.07365192 0.02585617]
[0.05235188 0.15271126 0.06096972 0.07466081 0.07292935 0.04581311
 0.14105108 0.07466081 0.02906341 0.07472396 0.05261214 0.07466081
 0.07466082 0.01913083]
[0.04370114 0.1506683  0.08071169 0.07317593 0.07486348 0.04254229
 0.14132646 0.07317593 0.02931199 0.06797042 0.05300646 0.07317592
 0.07317594 0.02319407]
[0.0508828  0.14915203 0.0793631  0.06800364 0.06425282 0.04163247
 0.15986726 0.06800364 0.02874468 0.06480549 0.07037535 0.06800364
 0.06800365 0.01890941]
[0.03789705 0.16486719 0.08792649 0.05822013 0.08231758 0.04202631
 0.17859201 0.05822013 0.02571063 0.07586491 0.05316408 0.05822012
 0.05822013 0.01875324]
[0.03831377 0.13702275 0.07413269 0.06711477 0.06447157 0.03360534
 0.1876822  0.06711477 0.02423853 0.09161998 0.06249094 0.06711479
 0.06711479 0.01796309]
[0.04370114 0.1506683  0.08071169 0.07317593 0.07486348 0.04254229
 0.14132646 0.07317593 0.02931199 0.06797042 0.05300646 0.07317592
 0.07317594 0.02319407]
[0.04143404 0.14666873 0.07293902 0.0792677  0.05587437 0.04252003
 0.16136222 0.0792677  0.02181957 0.06716835 0.05833491 0.07926768
 0.0792677  0.01480801]
[0.05539891 0.12992847 0.08106621 0.07285396 0.07107193 0.05238298
 0.09806259 0.07285396 0.03710504 0.08844473 0.06383836 0.07285397
 0.07285397 0.03128497]
[0.03673637 0.16357882 0.08657173 0.07531148 0.06540294 0.03566719
 0.1433102  0.07531148 0.02711998 0.06756872 0.05406513 0.07531149
 0.0753115  0.01873291]
[0.04370114 0.1506683  0.08071169 0.07317593 0.07486348 0.04254229
 0.14132646 0.07317593 0.02931199 0.06797042 0.05300646 0.07317592
 0.07317594 0.02319407]
[0.04370115 0.1506683  0.08071169 0.07317594 0.07486346 0.04254229
 0.14132649 0.07317594 0.02931199 0.06797043 0.05300647 0.07317594
 0.07317594 0.02319408]
[0.03696889 0.15039104 0.06774849 0.06994414 0.04499838 0.04593475
 0.15604752 0.06994414 0.02873416 0.09034176 0.07939244 0.06994414
 0.06994414 0.01966598]]