39343
Test: public void test79() throws Throwable { BuddhistChronology buddhistChronology0 = BuddhistChronology.getInstance(); DateTimeField dateTimeField0 = buddhistChronology0.yearOfEra(); DurationField durationField0 = buddhistChronology0.millis(); DateTimeFieldType dateTimeFieldType0 = DateTimeFieldType.centuryOfEra(); RemainderDateTimeField remainderDateTimeField0 = new RemainderDateTimeField(dateTimeField0, durationField0, dateTimeFieldType0, 1848); DividedDateTimeField dividedDateTimeField0 = new DividedDateTimeField(remainderDateTimeField0, dateTimeFieldType0); long long0 = dividedDateTimeField0.add((long) 1848, (-1)); }
Code: public long add(long instant, int amount) { return getWrappedField().add(instant, amount * iDivisor); }
[[0.05887877 0.09811376 0.0700391  0.1105352  0.03746357 0.10118853
 0.07741006 0.06466277 0.08167908 0.15268645 0.04081739 0.08167908
 0.02484624]
[0.04089947 0.08684534 0.09252886 0.09440304 0.02526011 0.10547319
 0.09123306 0.06075484 0.07780058 0.19911313 0.02581713 0.07780058
 0.0220707 ]
[0.04928467 0.0827027  0.07101332 0.11120393 0.0237737  0.11636277
 0.09705233 0.0785147  0.07877132 0.1560114  0.03932614 0.07877132
 0.01721183]
[0.05817398 0.06999771 0.06934359 0.10890694 0.03641357 0.10058258
 0.09575103 0.06714262 0.08186333 0.16857836 0.03957222 0.08186333
 0.02181081]
[0.03811833 0.08286606 0.05996205 0.10936353 0.02774128 0.09718671
 0.08480997 0.06135246 0.09853961 0.17565222 0.04741187 0.09853961
 0.01845628]
[0.04893371 0.08343797 0.06663238 0.11626464 0.03033296 0.10673073
 0.09906285 0.07309221 0.0711257  0.16489545 0.04995822 0.0711257
 0.01840745]
[0.05747359 0.09546492 0.09532951 0.09898177 0.02817524 0.11258344
 0.08589327 0.06699536 0.07819755 0.11893433 0.05244891 0.07819755
 0.03132456]
[0.04160786 0.11661567 0.08776911 0.09129088 0.0251003  0.09779797
 0.07962634 0.06070296 0.08378494 0.17609878 0.03391146 0.08378494
 0.02190871]
[0.04679012 0.08282869 0.060776   0.11319449 0.03033627 0.13636248
 0.07373151 0.05677843 0.07817527 0.17330551 0.04445606 0.07817527
 0.02508987]
[0.05552244 0.11529167 0.07391324 0.10261208 0.02527076 0.09099073
 0.08868084 0.0623524  0.08541057 0.15480247 0.03643734 0.08541057
 0.02330493]
[0.065091   0.09092727 0.06110235 0.09643862 0.02862816 0.10686284
 0.08914807 0.06097538 0.0749556  0.17174551 0.06137943 0.0749556
 0.01779019]
[0.04679012 0.08282869 0.060776   0.11319449 0.03033627 0.13636248
 0.07373151 0.05677843 0.07817527 0.17330551 0.04445606 0.07817527
 0.02508987]
[0.0434876  0.07054915 0.06003828 0.10699745 0.03353547 0.12050153
 0.09800346 0.09100161 0.08370898 0.14424719 0.04246736 0.08370898
 0.02175291]]