90872
Test: public void test204() throws Throwable { InstConstraintVisitor instConstraintVisitor0 = new InstConstraintVisitor(); DCONST dCONST0 = new DCONST(0.0); instConstraintVisitor0.visitDCONST(dCONST0); }
Code: public void visitDCONST(final DCONST o) { // There's nothing to be done here. }
[[0.0618476  0.04977197 0.08579671 0.08579671 0.09641054 0.08043087
 0.08579671 0.08579671 0.05809961 0.11307533 0.05255251 0.03292199
 0.08579673 0.02590599]
[0.04709786 0.04163873 0.09066103 0.09066103 0.08516694 0.08451233
 0.09066103 0.09066103 0.07207311 0.10261887 0.05716372 0.03080358
 0.09066105 0.02561967]
[0.05121527 0.04539035 0.0856777  0.0856777  0.08700296 0.08010178
 0.0856777  0.0856777  0.07075249 0.1096327  0.0649635  0.0352513
 0.08567771 0.02730119]
[0.05121527 0.04539035 0.0856777  0.0856777  0.08700296 0.08010178
 0.0856777  0.0856777  0.07075249 0.1096327  0.0649635  0.0352513
 0.08567771 0.02730119]
[0.05481768 0.0437991  0.08106843 0.08106843 0.10728558 0.10113381
 0.08106843 0.08106843 0.06019511 0.09383806 0.06629546 0.0365856
 0.08106844 0.03070748]
[0.06332    0.05521305 0.08316299 0.08316299 0.08195128 0.10133254
 0.08316299 0.08316299 0.06459475 0.08026998 0.06601869 0.03567985
 0.08316302 0.03580484]
[0.05121527 0.04539035 0.0856777  0.0856777  0.08700296 0.08010178
 0.0856777  0.0856777  0.07075249 0.1096327  0.0649635  0.0352513
 0.08567771 0.02730119]
[0.05121527 0.04539035 0.0856777  0.0856777  0.08700296 0.08010178
 0.0856777  0.0856777  0.07075249 0.1096327  0.0649635  0.0352513
 0.08567771 0.02730119]
[0.05014301 0.04594631 0.08880804 0.08880804 0.10272722 0.09401124
 0.08880804 0.08880804 0.05218101 0.10653878 0.04969569 0.02790445
 0.08880807 0.02681208]
[0.05291354 0.0467901  0.08647801 0.08647801 0.09070983 0.0960556
 0.08647801 0.08647801 0.06630144 0.09513681 0.0652246  0.02608446
 0.08647802 0.02839367]
[0.05073734 0.0429717  0.09091853 0.09091853 0.08170504 0.07993098
 0.09091853 0.09091853 0.05481845 0.10083327 0.0696032  0.0382145
 0.09091854 0.02659277]
[0.04833    0.03678401 0.08752906 0.08752906 0.09308784 0.08440473
 0.08752906 0.08752906 0.06372871 0.128103   0.05947471 0.02963114
 0.08752906 0.01881054]
[0.05121527 0.04539034 0.08567768 0.08567768 0.08700298 0.08010178
 0.08567768 0.08567768 0.07075249 0.1096327  0.0649635  0.0352513
 0.0856777  0.02730119]
[0.04322778 0.04078757 0.0796299  0.0796299  0.09751083 0.11808783
 0.0796299  0.0796299  0.05591283 0.09373967 0.08817424 0.03933493
 0.07962992 0.02507475]]