143708
Test: public void test1() throws Throwable { CountingOnlyOutputStream countingOnlyOutputStream0 = new CountingOnlyOutputStream(); // Undeclared exception!  countingOnlyOutputStream0.write((byte[]) null);   }
Code: public void write( final byte[] b ) throws IOException { this.count += b.length; }
[[0.05904104 0.0476146  0.08190414 0.04724082 0.08571815 0.04705223
 0.10236613 0.14071004 0.03023167 0.07759315 0.08190414 0.11780828
 0.05590744 0.0249081 ]
[0.04514434 0.03942123 0.08761663 0.03936109 0.07749611 0.05108047
 0.10981415 0.16042805 0.0253499  0.07875775 0.08761664 0.13810042
 0.03584823 0.02396505]
[0.04663439 0.04020926 0.07862401 0.04370414 0.08116226 0.03768803
 0.10432235 0.15036917 0.03041912 0.06956688 0.07862401 0.15190953
 0.06281072 0.02395615]
[0.05608274 0.04070723 0.0906429  0.03674411 0.07362644 0.03797283
 0.10978687 0.15350014 0.03351365 0.08855601 0.0906429  0.11848633
 0.05194213 0.01779572]
[0.05613977 0.04048557 0.0748476  0.04686431 0.07037204 0.0504858
 0.10387537 0.17463744 0.03219627 0.073126   0.07484761 0.13006732
 0.0508977  0.02115717]
[0.04258915 0.03925283 0.06939852 0.03927974 0.07959937 0.03196379
 0.09626116 0.16863371 0.03299647 0.09687941 0.06939852 0.16067806
 0.04691017 0.02615913]
[0.05690956 0.05501655 0.08274138 0.05403478 0.06255104 0.04623869
 0.08754518 0.12096235 0.03408519 0.1052619  0.08274139 0.11960785
 0.06487513 0.027429  ]
[0.03999035 0.03876035 0.06947377 0.03283165 0.06658433 0.03671914
 0.07455174 0.19444671 0.02557791 0.09705982 0.0694738  0.1799608
 0.05563184 0.01893784]
[0.04742507 0.03737124 0.09048515 0.04044461 0.06311132 0.04381143
 0.08838972 0.18376003 0.02585329 0.08064725 0.09048514 0.1243952
 0.06636253 0.01745795]
[0.06062462 0.05230811 0.08245105 0.05925564 0.08083755 0.04247331
 0.09543237 0.1086616  0.03958871 0.0906781  0.08245105 0.10876311
 0.06341817 0.03305656]
[0.04663439 0.04020926 0.07862401 0.04370414 0.08116226 0.03768803
 0.10432235 0.15036917 0.03041912 0.06956688 0.07862401 0.15190953
 0.06281072 0.02395615]
[0.05276925 0.03367797 0.0918728  0.04559166 0.07854933 0.03297309
 0.08531392 0.13653284 0.02948466 0.10246023 0.0918728  0.14834942
 0.05099002 0.019562  ]
[0.04912946 0.0331537  0.07372288 0.04397476 0.0862832  0.04596957
 0.11057627 0.1611701  0.02662209 0.10301986 0.07372288 0.11396874
 0.06032031 0.01836615]
[0.04232493 0.03838791 0.08067187 0.03757542 0.05175129 0.04689409
 0.10536519 0.178915   0.03222987 0.09999837 0.08067187 0.10886307
 0.07440906 0.02194204]]