36817
Test: public void test31() throws Throwable { TimeOfDay timeOfDay0 = new TimeOfDay((DateTimeZone) null); // Undeclared exception!  timeOfDay0.withHourOfDay((-1155));   }
Code: public TimeOfDay withHourOfDay(int hour) { int[] newValues = getValues(); newValues = getChronology().hourOfDay().set(this, HOUR_OF_DAY, newValues, hour); return new TimeOfDay(this, newValues); }
[[0.03823989 0.05687125 0.05305225 0.05305225 0.05476166 0.14836568
 0.05228831 0.02430223 0.05621986 0.05228831 0.02430223 0.05305225
 0.05305225 0.06489199 0.03570393 0.0425505  0.01902596 0.05305225
 0.04780854 0.01711842]
[0.03745761 0.05341637 0.0530353  0.0530353  0.0616102  0.16500886
 0.04325906 0.02541758 0.03919077 0.04325906 0.02541758 0.0530353
 0.0530353  0.07895391 0.03232387 0.04260353 0.01917976 0.05303531
 0.05186873 0.01585667]
[0.03122038 0.08105441 0.05161618 0.05161618 0.05221379 0.14202231
 0.04198156 0.03413339 0.03857303 0.04198156 0.03413339 0.05161618
 0.05161618 0.07431389 0.03476776 0.03796463 0.02397002 0.05161619
 0.05603947 0.01754948]
[0.03122038 0.08105441 0.05161618 0.05161618 0.05221379 0.14202231
 0.04198156 0.03413339 0.03857303 0.04198156 0.03413339 0.05161618
 0.05161618 0.07431389 0.03476776 0.03796463 0.02397002 0.05161619
 0.05603947 0.01754948]
[0.040823   0.07080726 0.0523255  0.0523255  0.06822343 0.10328428
 0.04908916 0.03410257 0.05077301 0.04908916 0.03410257 0.0523255
 0.0523255  0.06200745 0.03843546 0.04664348 0.02240198 0.0523255
 0.04494736 0.0236423 ]
[0.04217748 0.05780133 0.04879121 0.04879121 0.06384905 0.12585935
 0.05038213 0.02806572 0.05153075 0.05038213 0.02806572 0.04879121
 0.04879121 0.07870198 0.03804155 0.05061395 0.02040251 0.04879121
 0.05347028 0.01669997]
[0.03544546 0.06069903 0.04948685 0.04948685 0.05714448 0.13240576
 0.04520234 0.02639586 0.06125379 0.04520234 0.02639586 0.04948685
 0.04948685 0.0781433  0.03820277 0.04870809 0.02114356 0.04948686
 0.05874094 0.01748216]
[0.04223284 0.06664985 0.05971762 0.05971762 0.04835214 0.10453838
 0.04577264 0.03520386 0.05084969 0.04577264 0.03520386 0.05971762
 0.05971762 0.06183506 0.03384453 0.04647978 0.01991034 0.05971761
 0.04391017 0.02085615]
[0.03554828 0.06221262 0.05558422 0.05558422 0.05989948 0.1514053
 0.04457049 0.0215029  0.04389355 0.04457049 0.0215029  0.05558422
 0.05558422 0.07611322 0.03700287 0.03441309 0.01670592 0.05558422
 0.05866674 0.01407095]
[0.03544546 0.06069903 0.04948685 0.04948685 0.05714448 0.13240576
 0.04520234 0.02639586 0.06125379 0.04520234 0.02639586 0.04948685
 0.04948685 0.0781433  0.03820277 0.04870809 0.02114356 0.04948686
 0.05874094 0.01748216]
[0.04223284 0.06664985 0.05971762 0.05971762 0.04835214 0.10453838
 0.04577264 0.03520386 0.05084969 0.04577264 0.03520386 0.05971762
 0.05971762 0.06183506 0.03384453 0.04647978 0.01991034 0.05971761
 0.04391017 0.02085615]
[0.03122038 0.08105441 0.05161618 0.05161618 0.05221379 0.14202231
 0.04198156 0.03413339 0.03857303 0.04198156 0.03413339 0.05161618
 0.05161618 0.07431389 0.03476776 0.03796463 0.02397002 0.05161619
 0.05603947 0.01754948]
[0.03122038 0.08105441 0.05161618 0.05161618 0.05221379 0.14202231
 0.04198156 0.03413339 0.03857303 0.04198156 0.03413339 0.05161618
 0.05161618 0.07431389 0.03476776 0.03796463 0.02397002 0.05161619
 0.05603947 0.01754948]
[0.03563168 0.08565546 0.05199152 0.05199152 0.0529045  0.12411218
 0.03665758 0.02628176 0.04957837 0.03665758 0.02628176 0.05199152
 0.05199152 0.09241274 0.03752963 0.03903316 0.01945333 0.05199152
 0.05423693 0.0236157 ]
[0.03991227 0.05060104 0.06044829 0.06044829 0.04977079 0.14971595
 0.04112882 0.02128953 0.04554972 0.04112882 0.02128953 0.06044829
 0.06044829 0.07140063 0.04015789 0.04095751 0.01603401 0.06044829
 0.05258961 0.01623251]
[0.02579695 0.05075655 0.04971896 0.04971896 0.05392855 0.20784232
 0.05000412 0.02543361 0.04324399 0.05000412 0.02543361 0.04971896
 0.04971896 0.06961472 0.03152777 0.03685343 0.0151891  0.04971896
 0.05117458 0.01460172]
[0.03484805 0.04683443 0.05155019 0.05155019 0.06761663 0.1488718
 0.0429489  0.02750107 0.04011644 0.0429489  0.02750107 0.05155019
 0.05155019 0.08398816 0.03587715 0.04915338 0.02213537 0.05155019
 0.05259364 0.01931411]
[0.03122038 0.08105441 0.05161618 0.05161618 0.05221379 0.14202231
 0.04198156 0.03413339 0.03857303 0.04198156 0.03413339 0.05161618
 0.05161618 0.07431389 0.03476776 0.03796463 0.02397002 0.05161619
 0.05603947 0.01754948]
[0.03466205 0.07046972 0.04979158 0.04979158 0.05853414 0.15479687
 0.03835469 0.03129249 0.03940309 0.03835469 0.03129249 0.04979158
 0.04979158 0.08342028 0.03349226 0.04709526 0.0204491  0.04979158
 0.0490366  0.02038837]
[0.02807743 0.06589536 0.051711   0.051711   0.07676106 0.12260102
 0.05129352 0.0258892  0.04390776 0.05129352 0.0258892  0.051711
 0.051711   0.07935883 0.02407508 0.06265281 0.01576111 0.051711
 0.05169239 0.0162967 ]]