151284
Test: public void test9() throws Throwable { Map<String, String> map0 = BeanUtils.describe("Bv]l]X:o1bP136L^K-"); }
Code: public static Map<String, String> describe(final Object bean) throws IllegalAccessException, InvocationTargetException, NoSuchMethodException { return BeanUtilsBean.getInstance().describe(bean); }
[[0.04915697 0.14148799 0.08922653 0.01796189 0.06819047 0.03787689
 0.06819047 0.11874714 0.06819048 0.06819048 0.06819048 0.06242444
 0.05371374 0.06819049 0.02026152]
[0.0505397  0.13278235 0.0896613  0.01908939 0.06835052 0.03461184
 0.06835052 0.10425904 0.06835051 0.06835051 0.06835051 0.08739191
 0.0477113  0.06835053 0.02385001]
[0.02960572 0.16308866 0.07614868 0.01263368 0.07279824 0.03014116
 0.07279824 0.132066   0.07279824 0.07279824 0.07279824 0.06132837
 0.04285247 0.07279824 0.01534588]
[0.04920125 0.13022761 0.07880411 0.01692687 0.0687321  0.03032207
 0.0687321  0.13836202 0.0687321  0.0687321  0.0687321  0.07341413
 0.05284276 0.06873211 0.01750659]
[0.04101402 0.1400683  0.08749729 0.02026085 0.0689086  0.03161833
 0.0689086  0.13244471 0.0689086  0.0689086  0.0689086  0.0625076
 0.04971332 0.06890861 0.02142399]
[0.04592834 0.13397123 0.08430099 0.01840538 0.06054883 0.0322575
 0.06054883 0.15620264 0.06054884 0.06054884 0.06054884 0.09210662
 0.05624863 0.06054884 0.01728571]
[0.04101402 0.1400683  0.08749729 0.02026085 0.0689086  0.03161833
 0.0689086  0.13244471 0.0689086  0.0689086  0.0689086  0.0625076
 0.04971332 0.06890861 0.02142399]
[0.03526808 0.12653486 0.08946044 0.01553819 0.06154221 0.03260703
 0.06154221 0.17216776 0.06154222 0.06154222 0.06154222 0.08492443
 0.05763324 0.06154222 0.01661265]
[0.04101402 0.1400683  0.08749729 0.02026085 0.0689086  0.03161833
 0.0689086  0.13244471 0.0689086  0.0689086  0.0689086  0.0625076
 0.04971332 0.06890861 0.02142399]
[0.04101402 0.1400683  0.08749729 0.02026085 0.0689086  0.03161833
 0.0689086  0.13244471 0.0689086  0.0689086  0.0689086  0.0625076
 0.04971332 0.06890861 0.02142399]
[0.04101402 0.1400683  0.08749729 0.02026085 0.0689086  0.03161833
 0.0689086  0.13244471 0.0689086  0.0689086  0.0689086  0.0625076
 0.04971332 0.06890861 0.02142399]
[0.0518056  0.12115021 0.09366052 0.02953974 0.06833726 0.03085091
 0.06833726 0.09180537 0.06833727 0.06833727 0.06833727 0.08223984
 0.05975883 0.06833728 0.02916536]
[0.03409279 0.15164927 0.08217727 0.01714705 0.06994177 0.03198763
 0.06994177 0.1331366  0.06994177 0.06994177 0.06994177 0.06260455
 0.05019204 0.06994177 0.01736213]
[0.04101402 0.14006828 0.0874973  0.02026085 0.06890859 0.03161833
 0.06890859 0.13244471 0.06890859 0.06890859 0.06890859 0.06250761
 0.04971331 0.0689086  0.02142399]
[0.03304327 0.141243   0.09318472 0.01280556 0.06150032 0.03385039
 0.06150032 0.13903356 0.06150032 0.06150032 0.06150032 0.08662011
 0.07265923 0.06150033 0.01855822]]