1605
Test: public void test196() throws Throwable { File file0 = MockFile.createTempFile("nUBRmUzQ5&u0V", "nUBRmUzQ5&u0V"); ByteSourceFile byteSourceFile0 = new ByteSourceFile(file0); // Undeclared exception!  Imaging.guessFormat((ByteSource) byteSourceFile0);   }
Code: public static ImageFormat guessFormat(final byte[] bytes) throws IOException { return guessFormat(new ByteSourceArray(bytes)); }
[[0.05761394 0.16259839 0.07992022 0.07992022 0.08550195 0.04832109
 0.14052872 0.02837122 0.07131483 0.06272627 0.07992022 0.07992022
 0.02334274]
[0.05990551 0.15437207 0.08139282 0.08139282 0.071476   0.04741336
 0.12318555 0.03418815 0.10004084 0.05630998 0.08139282 0.08139282
 0.02753728]
[0.04774019 0.16237457 0.08032489 0.08032489 0.08269863 0.04567894
 0.15406978 0.03140256 0.07212014 0.05784928 0.08032489 0.08032489
 0.02476636]
[0.04774019 0.16237457 0.08032489 0.08032489 0.08269863 0.04567894
 0.15406978 0.03140256 0.07212014 0.05784928 0.08032489 0.08032489
 0.02476636]
[0.05550718 0.15916857 0.07441002 0.07441002 0.07073741 0.04448377
 0.17656694 0.03075832 0.0686757  0.07619961 0.07441002 0.07441002
 0.02026244]
[0.04157269 0.17587356 0.06478724 0.06478724 0.09309936 0.0448936
 0.19980708 0.02735092 0.08003854 0.0582485  0.06478724 0.06478724
 0.01996678]
[0.04128958 0.14552882 0.07358113 0.07358113 0.07101591 0.03557779
 0.20540117 0.02551648 0.09563261 0.06676409 0.07358115 0.07358115
 0.01894894]
[0.04492007 0.15610257 0.08604391 0.08604391 0.06094485 0.04536489
 0.17534813 0.02326969 0.0711664  0.06287715 0.0860439  0.0860439
 0.01583058]
[0.06024264 0.13912284 0.08051294 0.08051294 0.07873435 0.05615779
 0.1072747  0.03986842 0.09328746 0.06979769 0.08051294 0.08051294
 0.03346233]
[0.04014172 0.17412731 0.08374359 0.08374359 0.07329828 0.03787372
 0.16065057 0.02867899 0.07086229 0.05958645 0.08374359 0.08374359
 0.01980622]
[0.04774019 0.16237457 0.08032489 0.08032489 0.08269863 0.04567894
 0.15406978 0.03140256 0.07212014 0.05784928 0.08032489 0.08032489
 0.02476636]
[0.04774019 0.16237457 0.08032489 0.08032489 0.08269863 0.04567894
 0.15406978 0.03140256 0.07212014 0.05784928 0.08032489 0.08032489
 0.02476636]
[0.0398178  0.15997623 0.07563291 0.07563291 0.04858347 0.04879066
 0.16820331 0.03061307 0.09557854 0.08501193 0.07563291 0.07563291
 0.02089339]]