142177
Test: public void test37() throws Throwable { CompositeCacheManager compositeCacheManager0 = CompositeCacheManager.getInstance(""); RemoteHttpCacheServerAttributes remoteHttpCacheServerAttributes0 = new RemoteHttpCacheServerAttributes(); RemoteHttpCacheService<RemoteCacheNoWait<String, Object>, ForkJoinTask<Integer>> remoteHttpCacheService0 = new RemoteHttpCacheService<RemoteCacheNoWait<String, Object>, ForkJoinTask<Integer>>(compositeCacheManager0, remoteHttpCacheServerAttributes0, (ICacheEventLogger) null); Set<RemoteCacheNoWait<String, Object>> set0 = remoteHttpCacheService0.getKeySet(""); }
Code: public Set<K> getKeySet( final String cacheName ) { return processGetKeySet( cacheName ); }
[[0.06543216 0.04612998 0.09077027 0.05236815 0.08417121 0.09077027
 0.11353307 0.08609544 0.07186851 0.09077027 0.09077027 0.08969343
 0.02762689]
[0.05865233 0.05366088 0.08464412 0.04155394 0.09742665 0.08464412
 0.13392848 0.10334404 0.07168652 0.0846441  0.0846441  0.07968418
 0.02148654]
[0.05333388 0.05178272 0.08872262 0.05191826 0.097275   0.08872262
 0.12665913 0.08617563 0.06477536 0.08872263 0.08872263 0.0840193
 0.02917022]
[0.05930784 0.04561879 0.09203254 0.03949185 0.09236283 0.09203254
 0.12124779 0.09960445 0.08622392 0.09203254 0.09203254 0.06832828
 0.01968408]
[0.06632388 0.04741395 0.09315104 0.0513627  0.07610759 0.09315104
 0.11197942 0.10119665 0.06741901 0.09315104 0.09315104 0.08011471
 0.02547792]
[0.05333388 0.05178272 0.08872262 0.05191826 0.097275   0.08872262
 0.12665913 0.08617563 0.06477536 0.08872263 0.08872263 0.0840193
 0.02917022]
[0.06209167 0.04688242 0.08515696 0.05972143 0.09655482 0.08515696
 0.10148488 0.12698695 0.07234687 0.08515697 0.08515697 0.06129738
 0.0320057 ]
[0.06422382 0.05493822 0.08276572 0.06318137 0.09155886 0.08276572
 0.1085353  0.1063312  0.07351139 0.08276573 0.08276573 0.06965528
 0.0370017 ]
[0.04624818 0.04332432 0.09277961 0.04233219 0.10424408 0.09277961
 0.11326851 0.08922201 0.06735013 0.09277961 0.09277961 0.09838036
 0.02451182]
[0.05333388 0.05178272 0.08872262 0.05191826 0.097275   0.08872262
 0.12665913 0.08617563 0.06477536 0.08872263 0.08872263 0.0840193
 0.02917022]
[0.05333388 0.05178272 0.08872262 0.05191826 0.097275   0.08872262
 0.12665913 0.08617563 0.06477536 0.08872263 0.08872263 0.0840193
 0.02917022]
[0.04692891 0.04532626 0.08554009 0.05051462 0.10774313 0.08554009
 0.11605766 0.11574327 0.08158546 0.08554009 0.08554009 0.07433183
 0.01960855]
[0.04695605 0.03704607 0.0877769  0.04245619 0.08600551 0.0877769
 0.12539165 0.12088489 0.10261441 0.0877769  0.0877769  0.06153397
 0.02600366]]