10727
Test: public void test158() throws Throwable { Class<?> class0 = ClassUtils.getClass("java.lang.Byte[]"); String string0 = ClassUtils.getShortClassName(class0); }
Code: public static String getShortClassName(final Object object, final String valueIfNull) { if (object == null) { return valueIfNull; } return getShortClassName(object.getClass()); }
[[0.03266972 0.1016037  0.04162511 0.04532353 0.0252644  0.06956163
 0.02652055 0.04162511 0.05252276 0.04581977 0.08828978 0.04871958
 0.05088613 0.0172318  0.04581977 0.03623323 0.05696862 0.01441373
 0.03623323 0.10825412 0.01441373]
[0.03262425 0.09043728 0.04778042 0.04353292 0.02285699 0.0579037
 0.02454589 0.04778042 0.04952292 0.06196558 0.0886053  0.04334359
 0.04079762 0.01717874 0.06196558 0.03117892 0.04977231 0.01654255
 0.03117892 0.12394358 0.01654255]
[0.03258288 0.09809167 0.03752436 0.04593319 0.022706   0.06349458
 0.02509338 0.03752436 0.06326694 0.04893723 0.09466319 0.06348557
 0.04177852 0.01463074 0.04893723 0.03302974 0.06735048 0.0123687
 0.03302974 0.10320282 0.0123687 ]
[0.02603452 0.09302399 0.04688842 0.04302637 0.02071981 0.06396951
 0.02580114 0.04688842 0.07067722 0.04362995 0.064638   0.05737964
 0.0489064  0.01870228 0.04362995 0.03166087 0.07448063 0.01465831
 0.03166087 0.11896551 0.01465831]
[0.02918616 0.08759822 0.04686446 0.03740444 0.02022363 0.05962098
 0.02115016 0.04686446 0.05401866 0.0633348  0.08864594 0.05703056
 0.04723299 0.0139137  0.0633348  0.03569073 0.05936006 0.01163032
 0.03569073 0.1095738  0.01163032]
[0.02887492 0.0864486  0.05951412 0.04493601 0.02251514 0.06620193
 0.02864063 0.05951412 0.04574225 0.05271507 0.07736135 0.05463553
 0.04484996 0.02029222 0.05271507 0.0360956  0.05458929 0.01505564
 0.0360956  0.09815133 0.01505564]
[0.03084155 0.09157933 0.04752482 0.04736494 0.02248394 0.07343008
 0.02061881 0.04752482 0.04288311 0.05256684 0.10263169 0.04148688
 0.0455655  0.01377758 0.05256684 0.04485966 0.06368195 0.01034805
 0.04485966 0.09305595 0.01034805]
[0.03258288 0.09809167 0.03752436 0.04593319 0.022706   0.06349458
 0.02509338 0.03752436 0.06326694 0.04893723 0.09466319 0.06348557
 0.04177852 0.01463074 0.04893723 0.03302974 0.06735048 0.0123687
 0.03302974 0.10320282 0.0123687 ]
[0.02368326 0.0913735  0.0493867  0.03893785 0.0179495  0.05704262
 0.02422895 0.0493867  0.06581873 0.05003793 0.09774767 0.05817535
 0.04615097 0.01303967 0.05003793 0.03476033 0.05744817 0.01172966
 0.03476032 0.11657442 0.01172966]
[0.0356107  0.08511443 0.05075206 0.04588106 0.0212073  0.05917174
 0.03503364 0.05075206 0.05045749 0.05898234 0.06110483 0.05137715
 0.03770538 0.02268998 0.05898234 0.04075731 0.06451774 0.02052127
 0.04075731 0.08810255 0.02052127]
[0.01950584 0.12605563 0.04290486 0.04356977 0.01484331 0.05756664
 0.01559414 0.04290486 0.05484922 0.04426305 0.11119875 0.05065802
 0.03878121 0.00740203 0.04426305 0.02589549 0.07059744 0.00665065
 0.02589549 0.14994991 0.00665065]
[0.02616234 0.0877994  0.03992679 0.04633    0.01918228 0.06574074
 0.01804256 0.03992679 0.04755545 0.0650086  0.0970815  0.04922423
 0.03478678 0.01438462 0.0650086  0.03764051 0.06539876 0.00983727
 0.03764052 0.12348498 0.00983727]
[0.01782351 0.10849328 0.04687961 0.0278838  0.01960552 0.05259833
 0.01710066 0.04687961 0.05062988 0.0498141  0.09782254 0.05435407
 0.04339982 0.0115164  0.0498141  0.0295966  0.08139509 0.01002774
 0.0295966  0.14474101 0.01002774]
[0.02408196 0.10644303 0.03808548 0.04335112 0.02190126 0.06126705
 0.02019391 0.03808548 0.0486324  0.05480383 0.10915551 0.05957793
 0.04497544 0.01484964 0.05480383 0.02926028 0.06458339 0.00842498
 0.02926028 0.11983815 0.00842498]
[0.0356107  0.08511443 0.05075206 0.04588106 0.0212073  0.05917174
 0.03503364 0.05075206 0.05045749 0.05898234 0.06110483 0.05137715
 0.03770538 0.02268998 0.05898234 0.04075731 0.06451774 0.02052127
 0.04075731 0.08810255 0.02052127]
[0.02170732 0.1034722  0.04615293 0.04235864 0.0205108  0.07022148
 0.02019047 0.04615293 0.05002731 0.04431137 0.08831989 0.05526014
 0.04076557 0.01263125 0.04431137 0.03119425 0.07746731 0.01204844
 0.03119425 0.12965366 0.01204844]
[0.02461251 0.11601415 0.04778036 0.03668416 0.02075028 0.06623491
 0.02242207 0.04778036 0.06136588 0.04549135 0.10173751 0.04899055
 0.04748537 0.01175688 0.04549135 0.03517181 0.06893914 0.0076898
 0.03517181 0.10073996 0.0076898 ]
[0.02339638 0.09599128 0.04287059 0.04414403 0.02357633 0.06757017
 0.02097189 0.04287059 0.04288451 0.05787472 0.08979791 0.05240842
 0.040353   0.01473989 0.05787472 0.0504473  0.06425028 0.01256291
 0.0504473  0.09240481 0.01256291]
[0.02170732 0.1034722  0.04615293 0.04235864 0.0205108  0.07022148
 0.02019047 0.04615293 0.05002731 0.04431137 0.08831989 0.05526014
 0.04076557 0.01263125 0.04431137 0.03119425 0.07746731 0.01204844
 0.03119425 0.12965366 0.01204844]
[0.02465524 0.09998666 0.03808675 0.04158238 0.02487821 0.06148209
 0.02199674 0.03808675 0.04705588 0.04836318 0.1065466  0.04796192
 0.04650989 0.01159998 0.04836318 0.03872174 0.07022616 0.00891699
 0.03872174 0.12734097 0.00891699]
[0.02339638 0.09599126 0.0428706  0.04414403 0.02357634 0.06757019
 0.02097189 0.0428706  0.04288451 0.05787473 0.0897979  0.05240842
 0.040353   0.01473989 0.05787473 0.0504473  0.06425028 0.01256292
 0.0504473  0.09240483 0.01256292]]