134273
Test: public void test59() throws Throwable { W3CDom w3CDom0 = new W3CDom(); W3CDom w3CDom1 = w3CDom0.namespaceAware(true); Document document0 = Document.createShell("javax.xml.xpath.XPathFactory:jsoup"); w3CDom1.factory = null; // Undeclared exception!  w3CDom0.fromJsoup((Element) document0);   }
Code: public Document fromJsoup(org.jsoup.nodes.Document in) { // just method API backcompat return fromJsoup((org.jsoup.nodes.Element) in); }
[[0.042509   0.14343318 0.05898909 0.04639889 0.07561211 0.05898909
 0.06238212 0.03975376 0.17337619 0.05898909 0.04912092 0.05898909
 0.10920367 0.02225387]
[0.03623782 0.13131279 0.05357138 0.04043283 0.0937032  0.05357138
 0.05653194 0.04511686 0.23180227 0.05357139 0.04565715 0.05357139
 0.08877372 0.01614592]
[0.03860633 0.12411363 0.06071907 0.04179289 0.08175001 0.06071907
 0.0494331  0.04158581 0.22066715 0.06071907 0.04739957 0.06071907
 0.08546929 0.02630589]
[0.03208363 0.11959444 0.05779131 0.05442842 0.0898588  0.05779131
 0.04525219 0.04810742 0.21502607 0.05779132 0.04968766 0.05779132
 0.09696995 0.01782621]
[0.04990247 0.13943288 0.05883207 0.05606552 0.09490177 0.05883207
 0.05723976 0.05265826 0.15064389 0.05883208 0.05551403 0.05883208
 0.07719145 0.03112164]
[0.03860633 0.12411363 0.06071907 0.04179289 0.08175001 0.06071907
 0.0494331  0.04158581 0.22066715 0.06071907 0.04739957 0.06071907
 0.08546929 0.02630589]
[0.03336687 0.13561125 0.06191072 0.04684253 0.08149251 0.06191072
 0.05151057 0.04157261 0.21675517 0.06191073 0.03888306 0.06191073
 0.08728193 0.01904056]
[0.03062296 0.12367843 0.05008287 0.03608096 0.09506941 0.05008287
 0.05390667 0.03552865 0.26973978 0.05008287 0.05034696 0.05008287
 0.08626215 0.01843258]
[0.03757741 0.13615909 0.05560998 0.0507102  0.08812356 0.05560998
 0.05687137 0.04639709 0.20445955 0.05560999 0.04686258 0.05560999
 0.0882332  0.02216605]
[0.03860633 0.12411363 0.06071907 0.04179289 0.08175001 0.06071907
 0.0494331  0.04158581 0.22066715 0.06071907 0.04739957 0.06071907
 0.08546929 0.02630589]
[0.03033822 0.13891456 0.05242937 0.03957201 0.07578917 0.05242937
 0.04776182 0.03609555 0.25620225 0.05242937 0.04121882 0.05242937
 0.10445634 0.01993381]
[0.03860633 0.12411363 0.06071907 0.04179289 0.08175001 0.06071907
 0.0494331  0.04158581 0.22066715 0.06071907 0.04739957 0.06071907
 0.08546929 0.02630589]
[0.02964761 0.1370861  0.05706787 0.04269275 0.09128373 0.05706787
 0.05345741 0.03490519 0.23524053 0.05706787 0.05069578 0.05706787
 0.08413637 0.01258295]
[0.03043902 0.14364666 0.05255494 0.06124847 0.10346275 0.05255494
 0.05395414 0.05572158 0.17367731 0.05255494 0.07377476 0.05255494
 0.0728073  0.0210483 ]]