26237
Test: public void test71() throws Throwable { // Undeclared exception!  Interval.max(Double.NaN, (Precision.DoubleEquivalence) null);   }
Code: public static Interval max(final double max, final Precision.DoubleEquivalence precision) { return of(Double.NEGATIVE_INFINITY, max, precision); }
[[0.05261295 0.14432955 0.05836444 0.07365361 0.09155902 0.05288637
 0.04125375 0.07298073 0.07298073 0.06274681 0.05698786 0.07298073
 0.05288637 0.07298075 0.02079631]
[0.05386836 0.13749628 0.05761603 0.05874027 0.08395701 0.05639859
 0.03872667 0.07335449 0.07335448 0.08840916 0.050529   0.07335448
 0.05639859 0.07335451 0.024442  ]
[0.04685184 0.13285094 0.06959055 0.0574622  0.09071366 0.0490233
 0.04118164 0.07513379 0.07513382 0.0760092  0.06758285 0.07513382
 0.04902329 0.07513382 0.01917535]
[0.05606116 0.14939018 0.06829642 0.06074426 0.07636328 0.06259513
 0.04176962 0.07046086 0.07046085 0.06564544 0.05659284 0.07046085
 0.06259512 0.07046087 0.01810312]
[0.04193274 0.1640836  0.05752944 0.06290383 0.09387349 0.04731873
 0.03396361 0.0769697  0.0769697  0.06428834 0.06125549 0.0769697
 0.04731873 0.0769697  0.01765323]
[0.05020877 0.13928556 0.07084317 0.05214451 0.07193669 0.06183192
 0.0417308  0.07667628 0.07667626 0.0681221  0.05492733 0.07667626
 0.06183192 0.07667629 0.02043213]
[0.04836643 0.14197809 0.05947592 0.04084629 0.09490249 0.05446494
 0.0317528  0.07778457 0.07778457 0.0769746  0.07020042 0.07778457
 0.05446494 0.07778458 0.01543479]
[0.04376864 0.1467042  0.07113613 0.06889266 0.08264392 0.05547708
 0.0406529  0.0740184  0.0740184  0.06404264 0.05298191 0.0740184
 0.05547708 0.07401841 0.02214925]
[0.04376864 0.1467042  0.07113613 0.06889266 0.08264392 0.05547708
 0.0406529  0.0740184  0.0740184  0.06404264 0.05298191 0.0740184
 0.05547708 0.07401841 0.02214925]
[0.05257729 0.12023818 0.0651116  0.0629669  0.07184955 0.06103397
 0.0514376  0.07097222 0.07097223 0.07983933 0.06112278 0.07097223
 0.06103397 0.07097223 0.02889988]
[0.03813671 0.16030665 0.06320556 0.05439383 0.08560006 0.05037056
 0.03364746 0.08117156 0.08117156 0.06402574 0.057176   0.08117156
 0.05037057 0.08117159 0.01808068]
[0.04376864 0.1467042  0.07113613 0.06889266 0.08264392 0.05547708
 0.0406529  0.0740184  0.0740184  0.06404264 0.05298191 0.0740184
 0.05547708 0.07401841 0.02214925]
[0.05020877 0.13928556 0.07084317 0.05214451 0.0719367  0.06183193
 0.0417308  0.07667627 0.07667627 0.0681221  0.05492733 0.07667627
 0.06183192 0.07667628 0.02043213]
[0.04376864 0.14670418 0.07113613 0.06889266 0.0826439  0.05547708
 0.04065289 0.0740184  0.0740184  0.06404265 0.05298191 0.0740184
 0.05547708 0.0740184  0.02214926]
[0.03731487 0.13997886 0.07952698 0.04547096 0.07916206 0.06008554
 0.03257462 0.07236026 0.07236026 0.08101374 0.07719465 0.07236026
 0.06008554 0.07236028 0.01815109]]