90982
Test: public void test16() throws Throwable { LocalVariables localVariables0 = new LocalVariables(298); String string0 = localVariables0.toString(); }
Code: public String toString() { final StringBuilder sb = new StringBuilder(); for (int i=0; i<locals.length; i++) { sb.append(Integer.toString(i)); sb.append(": "); sb.append(locals[i]); sb.append("\n"); } return sb.toString(); }
[[0.03471548 0.04448851 0.04519636 0.04687366 0.02794188 0.03391194
 0.02192041 0.02188106 0.01746859 0.05709073 0.03328755 0.02859034
 0.03345373 0.04815993 0.03577939 0.04687366 0.04815993 0.04815993
 0.03046178 0.04815993 0.04815993 0.01491913 0.03827794 0.13114905
 0.01491913]
[0.03299299 0.03794035 0.04484782 0.04987746 0.02546741 0.04292462
 0.01638466 0.02233005 0.01413334 0.06657402 0.03031179 0.0246796
 0.02969401 0.04644005 0.02807454 0.04987746 0.04644005 0.04644005
 0.03110606 0.04644005 0.04644005 0.01258603 0.03348349 0.16192804
 0.01258603]
[0.02307769 0.05518313 0.03607487 0.04444892 0.02260781 0.02683453
 0.01234316 0.01989062 0.01282546 0.0770074  0.02464471 0.02824397
 0.02545823 0.04113881 0.03692775 0.04444892 0.04113881 0.04113881
 0.02300142 0.04113881 0.04113881 0.01152972 0.03493146 0.22329639
 0.01152972]
[0.03354769 0.04821412 0.03378853 0.05493443 0.032979   0.04160111
 0.0213203  0.02797377 0.01857339 0.0671798  0.03272455 0.02694204
 0.03609249 0.04350446 0.03097411 0.05493443 0.04350446 0.04350446
 0.03079547 0.04350446 0.04350446 0.01921062 0.0384786  0.11300264
 0.01921062]
[0.03137583 0.04872444 0.03776264 0.05290492 0.02091498 0.0315383
 0.01912775 0.02429878 0.01406958 0.05816111 0.03421278 0.03426871
 0.03315934 0.04855296 0.03261781 0.05290492 0.04855296 0.04855296
 0.02400992 0.04855296 0.04855296 0.01044416 0.0456211  0.14067394
 0.01044416]
[0.03188466 0.04629174 0.04121599 0.06195518 0.02605596 0.03776748
 0.02024848 0.0219426  0.01579866 0.06592737 0.02828766 0.02623023
 0.03447645 0.04407651 0.03575791 0.06195518 0.04407651 0.04407651
 0.02881262 0.04407651 0.04407651 0.01615218 0.04081023 0.1218947
 0.01615217]
[0.03242203 0.05732138 0.03540633 0.04935052 0.02702511 0.03755765
 0.01778182 0.02169422 0.01629995 0.06927255 0.03060453 0.02800929
 0.03071518 0.04883217 0.0361356  0.04935052 0.04883217 0.04883217
 0.02492319 0.04883217 0.04883217 0.01598886 0.0385733  0.12141829
 0.01598886]
[0.03688361 0.0437924  0.03019317 0.0412465  0.0310547  0.03932003
 0.02454479 0.0304624  0.01733365 0.05382711 0.03487113 0.0289998
 0.03625502 0.05218133 0.03597583 0.0412465  0.05218133 0.05218133
 0.02906534 0.05218133 0.05218133 0.01797789 0.04040645 0.10765921
 0.01797789]
[0.02862881 0.05142735 0.04748965 0.05208645 0.0229959  0.03105905
 0.01829376 0.02288554 0.0185829  0.0751173  0.02562473 0.02642787
 0.02985879 0.04380447 0.02710867 0.05208645 0.04380447 0.04380447
 0.02597514 0.04380447 0.04380447 0.01510763 0.0402844  0.15482968
 0.01510763]
[0.02835901 0.03955794 0.03835704 0.0544601  0.02421785 0.03705085
 0.01516531 0.0204441  0.01317536 0.0590529  0.02801616 0.02645065
 0.0312755  0.04664246 0.03355987 0.0544601  0.04664246 0.04664246
 0.02078367 0.04664246 0.04664246 0.01090109 0.04066339 0.17993578
 0.01090109]
[0.03309884 0.04994728 0.02885225 0.06123582 0.02756533 0.03817017
 0.0127475  0.02214662 0.01281545 0.06961796 0.03148145 0.02734455
 0.02742192 0.04566159 0.03068186 0.06123582 0.04566159 0.04566159
 0.03103182 0.04566159 0.04566159 0.00986826 0.0366446  0.14991629
 0.00986826]
[0.03176809 0.05388219 0.03682433 0.05742807 0.02951363 0.03941017
 0.01607893 0.02231565 0.01429876 0.09267204 0.02909974 0.02259619
 0.03092668 0.04308119 0.03362125 0.05742807 0.04308119 0.04308119
 0.02259998 0.04308119 0.04308119 0.01074078 0.0325162  0.14013249
 0.01074078]
[0.02767319 0.04919716 0.03521864 0.05004216 0.02511109 0.04045308
 0.01637324 0.02296333 0.01342209 0.05648324 0.02800773 0.02196498
 0.02889493 0.0410451  0.02750324 0.05004216 0.0410451  0.0410451
 0.03040169 0.0410451  0.0410451  0.01263553 0.04120946 0.20454201
 0.01263553]
[0.02659614 0.04808999 0.04073529 0.04407205 0.02621169 0.04924977
 0.01813848 0.02899082 0.0203841  0.07108602 0.03558006 0.03024149
 0.03019243 0.04404482 0.03835827 0.04407205 0.04404482 0.04404482
 0.02553966 0.04404482 0.04404482 0.01484078 0.0323307  0.1402253
 0.01484078]
[0.0293656  0.04910768 0.03677986 0.05527528 0.02963811 0.0376117
 0.01334755 0.02066098 0.01243541 0.0709774  0.02811122 0.02647085
 0.02452689 0.0457395  0.03076111 0.05527528 0.0457395  0.0457395
 0.02675026 0.0457395  0.0457395  0.01142175 0.0402149  0.16114888
 0.01142175]
[0.03354769 0.04821412 0.03378853 0.05493443 0.032979   0.04160111
 0.0213203  0.02797377 0.01857339 0.0671798  0.03272455 0.02694204
 0.03609249 0.04350446 0.03097411 0.05493443 0.04350446 0.04350446
 0.03079547 0.04350446 0.04350446 0.01921062 0.0384786  0.11300264
 0.01921062]
[0.02659614 0.04808999 0.04073529 0.04407205 0.02621169 0.04924977
 0.01813848 0.02899082 0.0203841  0.07108602 0.03558006 0.03024149
 0.03019243 0.04404482 0.03835827 0.04407205 0.04404482 0.04404482
 0.02553966 0.04404482 0.04404482 0.01484078 0.0323307  0.1402253
 0.01484078]
[0.02659614 0.04808999 0.04073529 0.04407205 0.02621169 0.04924977
 0.01813848 0.02899082 0.0203841  0.07108602 0.03558006 0.03024149
 0.03019243 0.04404482 0.03835827 0.04407205 0.04404482 0.04404482
 0.02553966 0.04404482 0.04404482 0.01484078 0.0323307  0.1402253
 0.01484078]
[0.03205843 0.04973088 0.03640476 0.04688299 0.02508454 0.03268217
 0.0116035  0.02027784 0.0123045  0.07660949 0.03107907 0.02594451
 0.02802679 0.04937068 0.03075943 0.04688299 0.04937068 0.04937068
 0.02737065 0.04937068 0.04937068 0.01100211 0.03187629 0.16556352
 0.01100211]
[0.02659614 0.04808999 0.04073529 0.04407205 0.02621169 0.04924977
 0.01813848 0.02899082 0.0203841  0.07108602 0.03558006 0.03024149
 0.03019243 0.04404482 0.03835827 0.04407205 0.04404482 0.04404482
 0.02553966 0.04404482 0.04404482 0.01484078 0.0323307  0.1402253
 0.01484078]
[0.02659614 0.04808999 0.04073529 0.04407205 0.02621169 0.04924977
 0.01813848 0.02899082 0.0203841  0.07108602 0.03558006 0.03024149
 0.03019243 0.04404482 0.03835827 0.04407205 0.04404482 0.04404482
 0.02553966 0.04404482 0.04404482 0.01484078 0.0323307  0.1402253
 0.01484078]
[0.02424419 0.04441193 0.04833197 0.06162103 0.02185943 0.03488214
 0.01941729 0.02184851 0.01358443 0.05915377 0.03113716 0.02545527
 0.03386086 0.04545814 0.03017135 0.06162103 0.04545814 0.04545814
 0.02231676 0.04545814 0.04545814 0.01329355 0.05275206 0.139453
 0.01329355]
[0.02161416 0.04633338 0.02904929 0.04378931 0.02006002 0.03581251
 0.01661572 0.02122465 0.01279913 0.07771587 0.03508001 0.02484264
 0.0296086  0.04233899 0.03791263 0.04378931 0.04233899 0.04233899
 0.02429856 0.04233899 0.04233899 0.01192262 0.03111732 0.21279667
 0.01192262]
[0.02760202 0.04474012 0.0324617  0.05913527 0.02336383 0.0456329
 0.01622522 0.02053526 0.01345261 0.066959   0.03062381 0.02467743
 0.0285737  0.04521871 0.02890933 0.05913527 0.04521871 0.04521871
 0.02585417 0.04521871 0.04521871 0.01320083 0.04451264 0.15511057
 0.01320083]
[0.02424419 0.04441194 0.04833196 0.06162102 0.02185942 0.03488212
 0.01941729 0.0218485  0.01358444 0.05915379 0.03113716 0.02545527
 0.03386086 0.04545814 0.03017136 0.06162102 0.04545814 0.04545814
 0.02231676 0.04545814 0.04545814 0.01329355 0.05275206 0.13945302
 0.01329355]]