13877
Test: public void test2() throws Throwable { Class<Object> class0 = Object.class; Field field0 = FieldUtils.getDeclaredField(class0, "#i/Z[_XG0xL"); }
Code: public static Field getDeclaredField(final Class<?> cls, final String fieldName) { return getDeclaredField(cls, fieldName, false); }
[[0.04497346 0.12537149 0.08887623 0.06238489 0.02195512 0.15886873
 0.03541446 0.05847538 0.06238489 0.05477973 0.0488544  0.06238489
 0.08453046 0.0727189  0.01802692]
[0.04460146 0.11518899 0.08696134 0.06056772 0.0176993  0.14477368
 0.03226968 0.06802716 0.06056771 0.07478238 0.04194496 0.06056771
 0.09096408 0.08051969 0.02056409]
[0.03879335 0.11123745 0.08326315 0.06650643 0.0203498  0.13439618
 0.03313462 0.06064816 0.06650642 0.05623995 0.04742    0.06650642
 0.11126877 0.08645169 0.01727753]
[0.03720652 0.1258152  0.09077044 0.0627288  0.01953703 0.13638307
 0.0348689  0.06961762 0.0627288  0.05550363 0.04506653 0.0627288
 0.08775133 0.09018002 0.01911325]
[0.03405167 0.1269616  0.1138624  0.05726513 0.01708371 0.16709317
 0.03318437 0.0520548  0.05726514 0.06288812 0.05675275 0.05726514
 0.08143175 0.06438556 0.01845472]
[0.03204897 0.12810668 0.09994002 0.05759998 0.01751546 0.16223882
 0.02851061 0.06129751 0.05759997 0.07181314 0.05092497 0.05759997
 0.07906771 0.08105639 0.01467985]
[0.04148806 0.12247951 0.08963714 0.0652407  0.01760418 0.1385859
 0.02748315 0.06549245 0.0652407  0.06833642 0.06028015 0.0652407
 0.08442195 0.07489398 0.01357505]
[0.04433763 0.12840247 0.0998842  0.0633947  0.01747255 0.15288484
 0.03341943 0.0517652  0.06339469 0.06254221 0.04447099 0.06339469
 0.08622678 0.07234852 0.01606102]
[0.03720652 0.1258152  0.09077044 0.0627288  0.01953703 0.13638307
 0.0348689  0.06961762 0.0627288  0.05550363 0.04506653 0.0627288
 0.08775133 0.09018002 0.01911325]
[0.04473647 0.1035661  0.08114383 0.0596388  0.02142863 0.13640799
 0.04383345 0.06661693 0.05963881 0.06961311 0.05178799 0.05963881
 0.10083903 0.07619566 0.02491442]
[0.02855291 0.1311942  0.07856911 0.05726018 0.02186104 0.21766159
 0.02614078 0.06431078 0.05726018 0.05512626 0.04157373 0.05726018
 0.07883036 0.0692561  0.01514259]
[0.03720652 0.1258152  0.09077044 0.0627288  0.01953703 0.13638307
 0.0348689  0.06961762 0.0627288  0.05550363 0.04506653 0.0627288
 0.08775133 0.09018002 0.01911325]
[0.02687987 0.14107329 0.10558999 0.0537806  0.01225692 0.20344602
 0.02238365 0.07051402 0.0537806  0.05023292 0.03356621 0.0537806
 0.08991166 0.06798468 0.01481897]
[0.04200152 0.09413957 0.08332525 0.06460007 0.02514723 0.15528107
 0.02944817 0.0643796  0.06460007 0.0651878  0.04601064 0.06460007
 0.10190213 0.08223494 0.01714183]
[0.03126813 0.12280933 0.10529731 0.05981283 0.01744981 0.15667991
 0.02766314 0.05732924 0.05981283 0.07263141 0.06605733 0.05981283
 0.07781535 0.06955831 0.01600228]]