40111
Test: public void test34() throws Throwable { Instant instant0 = new Instant(); boolean boolean0 = instant0.isSupported((DateTimeFieldType) null); }
Code: public boolean isSupported(DateTimeFieldType type) { if (type == null) { return false; } return type.getField(getChronology()).isSupported(); }
[[0.05052954 0.12409319 0.0700994  0.058129   0.06928842 0.13639492
 0.01985836 0.07915522 0.02686554 0.06928842 0.055846   0.07061119
 0.0219477  0.055846   0.0700994  0.0219477 ]
[0.0348001  0.19152488 0.06750031 0.06500944 0.08032515 0.12669522
 0.00792368 0.05311139 0.01746431 0.08032515 0.05525996 0.06664902
 0.01532559 0.05525996 0.06750031 0.01532559]
[0.04206443 0.15751594 0.07012373 0.06351951 0.06714743 0.10359263
 0.01859437 0.0796497  0.03003217 0.06714743 0.05106671 0.08278149
 0.02278701 0.05106671 0.07012373 0.02278701]
[0.04615496 0.1575603  0.06084077 0.07318914 0.07554143 0.13461152
 0.01122661 0.06139802 0.02230719 0.07554143 0.05966116 0.07115247
 0.01515653 0.05966116 0.06084077 0.01515653]
[0.05222594 0.11445671 0.06818528 0.06915625 0.08449104 0.08987969
 0.02249203 0.05576158 0.03367164 0.08449104 0.0600367  0.07751449
 0.02970779 0.0600367  0.06818528 0.02970779]
[0.03143399 0.19041261 0.07074754 0.07030611 0.07018185 0.17876938
 0.00673858 0.06291794 0.01194908 0.07018185 0.04165925 0.06112026
 0.01058741 0.04165925 0.07074754 0.01058741]
[0.03625534 0.16749868 0.07253655 0.07011995 0.07284831 0.13225108
 0.01096919 0.07868308 0.01374779 0.07284831 0.05417404 0.06635925
 0.01249888 0.05417404 0.07253655 0.01249888]
[0.02849146 0.22307502 0.04458851 0.06538719 0.07958049 0.15637767
 0.00922743 0.06938513 0.01841015 0.07958049 0.04730782 0.05464846
 0.01602192 0.04730782 0.04458851 0.01602192]
[0.03546276 0.18503477 0.0622304  0.06309546 0.08410636 0.15980084
 0.00966747 0.06533916 0.0214754  0.08410636 0.04319979 0.05559557
 0.01272774 0.04319979 0.0622304  0.01272774]
[0.05222594 0.11445671 0.06818528 0.06915625 0.08449104 0.08987969
 0.02249203 0.05576158 0.03367164 0.08449104 0.0600367  0.07751449
 0.02970779 0.0600367  0.06818528 0.02970779]
[0.03458962 0.17729665 0.06845688 0.0585202  0.06864246 0.14200191
 0.01278826 0.06620647 0.02029858 0.06864246 0.05004391 0.07649238
 0.0187597  0.05004391 0.06845688 0.0187597 ]
[0.04981799 0.13010621 0.07107782 0.05411315 0.0684839  0.10355143
 0.024667   0.06750481 0.03096559 0.0684839  0.05785624 0.08901519
 0.02771137 0.05785624 0.07107782 0.02771137]
[0.03423832 0.12095806 0.06452242 0.06386515 0.08514494 0.13150942
 0.0098591  0.05909104 0.02155547 0.08514494 0.07395506 0.07475878
 0.01845991 0.07395506 0.06452242 0.01845991]
[0.03458962 0.17729665 0.06845688 0.0585202  0.06864246 0.14200191
 0.01278826 0.06620647 0.02029858 0.06864246 0.05004391 0.07649238
 0.0187597  0.05004391 0.06845688 0.0187597 ]
[0.04206443 0.15751594 0.07012373 0.06351951 0.06714743 0.10359263
 0.01859437 0.0796497  0.03003217 0.06714743 0.05106671 0.08278149
 0.02278701 0.05106671 0.07012373 0.02278701]
[0.03423832 0.12095806 0.06452242 0.06386515 0.08514494 0.13150942
 0.0098591  0.05909104 0.02155547 0.08514494 0.07395506 0.07475878
 0.01845991 0.07395506 0.06452242 0.01845991]]