31424
Test: public void test3() throws Throwable { byte[] byteArray0 = CryptoUtil.generateAesKey(); byte[] byteArray1 = CryptoUtil.hmacSha1(byteArray0, byteArray0); boolean boolean0 = CryptoUtil.isMacValid(byteArray1, byteArray0, byteArray0); }
Code: public static boolean isMacValid(byte[] expected, byte[] input, byte[] key) { byte[] actual = hmacSha1(input, key); return Arrays.equals(expected, actual); }
[[0.03421836 0.10903594 0.08148105 0.04747343 0.02389102 0.04777527
 0.14081618 0.04777527 0.04037189 0.04948877 0.04777527 0.06466616
 0.0217775  0.04747343 0.04747343 0.03813568 0.04747344 0.04747344
 0.01542452]
[0.03652407 0.10469751 0.10466074 0.04830699 0.02352004 0.0411314
 0.10589805 0.0411314  0.04759216 0.07342745 0.0411314  0.06051535
 0.0236942  0.04830699 0.04830699 0.03518379 0.04830699 0.04830699
 0.01935755]
[0.02523745 0.09949505 0.12615302 0.04789452 0.01564788 0.04030754
 0.1307359  0.04030754 0.04100456 0.06628652 0.04030754 0.06037934
 0.01979515 0.04789452 0.04789452 0.04260347 0.04789454 0.04789454
 0.01226639]
[0.02801188 0.10283665 0.09911169 0.04581676 0.02385574 0.04540274
 0.13148023 0.04540274 0.04795723 0.04958368 0.04540274 0.07004847
 0.03120802 0.04581676 0.04581676 0.03413523 0.04581677 0.04581677
 0.01647905]
[0.02897534 0.10392945 0.11180985 0.04084557 0.02041808 0.04183475
 0.13711953 0.04183475 0.04299267 0.07071225 0.04183475 0.07382444
 0.02586279 0.04084557 0.04084557 0.03964914 0.04084557 0.04084557
 0.01497443]
[0.03527141 0.110222   0.10941737 0.04670313 0.02658272 0.04329411
 0.11163621 0.04329411 0.04409814 0.04882089 0.04329411 0.06083206
 0.02602069 0.04670313 0.04670313 0.04988702 0.04670314 0.04670314
 0.01381339]
[0.02774644 0.10854384 0.11789006 0.03613722 0.01935552 0.04508025
 0.13796729 0.04508025 0.0492873  0.05410281 0.04508025 0.08661057
 0.02461206 0.03613722 0.03613722 0.04221517 0.03613722 0.03613722
 0.01574213]
[0.03527141 0.110222   0.10941737 0.04670313 0.02658272 0.04329411
 0.11163621 0.04329411 0.04409814 0.04882089 0.04329411 0.06083206
 0.02602069 0.04670313 0.04670313 0.04988702 0.04670314 0.04670314
 0.01381339]
[0.02998661 0.091152   0.07895053 0.05021556 0.02491943 0.04383798
 0.11909501 0.04383798 0.0502517  0.07156687 0.04383798 0.06852742
 0.02317217 0.05021556 0.05021556 0.04240296 0.05021556 0.05021556
 0.01738359]
[0.03892998 0.0965884  0.07783121 0.04805033 0.02231486 0.04640944
 0.10652908 0.04640944 0.04257033 0.069205   0.04640944 0.06655727
 0.03270883 0.04805033 0.04805033 0.04393886 0.04805034 0.04805034
 0.02334622]
[0.03527141 0.110222   0.10941737 0.04670313 0.02658272 0.04329411
 0.11163621 0.04329411 0.04409814 0.04882089 0.04329411 0.06083206
 0.02602069 0.04670313 0.04670313 0.04988702 0.04670314 0.04670314
 0.01381339]
[0.02793641 0.13513233 0.09003337 0.04297535 0.01932579 0.04999239
 0.11278531 0.04999239 0.04898563 0.05327602 0.04999239 0.06505822
 0.02393222 0.04297535 0.04297535 0.04553162 0.04297535 0.04297535
 0.01314922]
[0.04234189 0.10482556 0.08696686 0.05987804 0.02895838 0.03142405
 0.08441797 0.03142405 0.0508148  0.04825497 0.03142405 0.05711222
 0.03523084 0.05987804 0.05987804 0.04655766 0.05987805 0.05987805
 0.02085647]
[0.02801188 0.10283665 0.09911169 0.04581676 0.02385574 0.04540274
 0.13148023 0.04540274 0.04795723 0.04958368 0.04540274 0.07004847
 0.03120802 0.04581676 0.04581676 0.03413523 0.04581677 0.04581677
 0.01647905]
[0.02801188 0.10283665 0.09911169 0.04581676 0.02385574 0.04540274
 0.13148023 0.04540274 0.04795723 0.04958368 0.04540274 0.07004847
 0.03120802 0.04581676 0.04581676 0.03413523 0.04581677 0.04581677
 0.01647905]
[0.02322707 0.11007914 0.11605783 0.04552453 0.01571032 0.0387093
 0.15996814 0.0387093  0.04314898 0.04700356 0.0387093  0.07200031
 0.02280523 0.04552453 0.04552453 0.03344854 0.04552454 0.04552454
 0.01280039]
[0.02801189 0.10283668 0.0991117  0.04581677 0.02385574 0.04540273
 0.13148023 0.04540273 0.04795724 0.0495837  0.04540273 0.07004847
 0.03120802 0.04581677 0.04581677 0.03413523 0.04581678 0.04581678
 0.01647905]
[0.02801189 0.10283668 0.0991117  0.04581677 0.02385574 0.04540273
 0.13148023 0.04540273 0.04795724 0.0495837  0.04540273 0.07004847
 0.03120802 0.04581677 0.04581677 0.03413523 0.04581678 0.04581678
 0.01647905]
[0.0265522  0.11880134 0.08887886 0.04862858 0.01977986 0.03168745
 0.1337432  0.03168745 0.04539286 0.0741699  0.03168745 0.0544414
 0.02465431 0.04862858 0.04862858 0.0597057  0.04862859 0.04862859
 0.01567505]]