77748
Test: public void test34() throws Throwable { ObjectType objectType0 = ObjectType.getInstance("+a&JbovVveL`[#T");  objectType0.referencesClassExact();   }
Code: public boolean referencesClassExact() throws ClassNotFoundException { final JavaClass jc = Repository.lookupClass(className); return jc.isClass(); }
[[0.05417936 0.12889999 0.07516678 0.1238092  0.07516678 0.07847054
 0.04430906 0.07516678 0.07516678 0.03448842 0.07516678 0.06039576
 0.07516679 0.02444699]
[0.03654088 0.17991975 0.06911869 0.12613024 0.06911869 0.09769943
 0.03606934 0.06911869 0.0691187  0.02869302 0.0691187  0.06222752
 0.06911872 0.01800757]
[0.04283346 0.15447617 0.07050431 0.13952744 0.07050431 0.07335865
 0.04291072 0.07050431 0.07050431 0.04719684 0.07050431 0.05213184
 0.07050432 0.02453904]
[0.0381351  0.16172887 0.06195506 0.17466    0.06195506 0.10319133
 0.03221282 0.06195506 0.06195508 0.03443578 0.06195508 0.06444385
 0.06195509 0.01946189]
[0.04283346 0.15447617 0.07050431 0.13952744 0.07050431 0.07335865
 0.04291072 0.07050431 0.07050431 0.04719684 0.07050431 0.05213184
 0.07050432 0.02453904]
[0.05703668 0.1154881  0.07093918 0.09894759 0.07093918 0.10018169
 0.05633922 0.07093918 0.07093919 0.04786718 0.07093919 0.06453352
 0.0709392  0.03397094]
[0.05040079 0.13134888 0.07256886 0.12451746 0.07256886 0.09343553
 0.0344976  0.07256886 0.07256886 0.03886704 0.07256886 0.07351514
 0.07256886 0.01800447]
[0.04283346 0.15447617 0.07050431 0.13952744 0.07050431 0.07335865
 0.04291072 0.07050431 0.07050431 0.04719684 0.07050431 0.05213184
 0.07050432 0.02453904]
[0.04283346 0.15447617 0.07050431 0.13952744 0.07050431 0.07335865
 0.04291072 0.07050431 0.07050431 0.04719684 0.07050431 0.05213184
 0.07050432 0.02453904]
[0.05721819 0.11339715 0.08083421 0.08717394 0.08083421 0.06810018
 0.04831915 0.08083421 0.08083421 0.04844119 0.08083421 0.06346369
 0.08083422 0.02888127]
[0.04283346 0.15447617 0.07050431 0.13952744 0.07050431 0.07335865
 0.04291072 0.07050431 0.07050431 0.04719684 0.07050431 0.05213184
 0.07050432 0.02453904]
[0.03747796 0.17466106 0.07158686 0.13154177 0.07158686 0.07966817
 0.03527668 0.07158686 0.07158686 0.03703062 0.07158686 0.05331428
 0.07158688 0.02150833]
[0.04283346 0.15447617 0.0705043  0.13952745 0.0705043  0.07335865
 0.04291071 0.0705043  0.0705043  0.04719683 0.0705043  0.05213184
 0.07050431 0.02453904]
[0.03704899 0.11788353 0.06609843 0.15464103 0.06609843 0.11362312
 0.03490983 0.06609843 0.06609843 0.03550132 0.06609843 0.08623773
 0.06609844 0.02356381]]