151088
Test: public void test1() throws Throwable { FTPTimestampParserImpl fTPTimestampParserImpl0 = new FTPTimestampParserImpl(); FTPClientConfig fTPClientConfig0 = new FTPClientConfig("", "", ""); fTPTimestampParserImpl0.configure(fTPClientConfig0); Calendar calendar0 = fTPTimestampParserImpl0.parseTimestamp(""); calendar0.setFirstDayOfWeek(0); fTPTimestampParserImpl0.parseTimestamp("", calendar0); }
Code: public Calendar parseTimestamp(final String timestampStr) throws ParseException { final Calendar now = Calendar.getInstance(); return parseTimestamp(timestampStr, now); }
[[0.04569491 0.08517192 0.06340212 0.05697353 0.06340212 0.09950595
 0.04788742 0.07290262 0.0382565  0.08517192 0.0657823  0.02951654
 0.04567099 0.05176784 0.06340212 0.06340212 0.02208902]
[0.03926278 0.07962839 0.05759059 0.06591915 0.05759059 0.11271293
 0.04318018 0.08580072 0.03620122 0.07962839 0.05856213 0.03576148
 0.0626476  0.05125313 0.05759059 0.05759059 0.01907954]
[0.0359706  0.08735821 0.05821955 0.06219823 0.05821955 0.1179888
 0.04746025 0.06706949 0.03763449 0.08735821 0.06167238 0.04079832
 0.05561779 0.04392339 0.05821955 0.05821955 0.02207165]
[0.04747819 0.06495579 0.06468619 0.05290496 0.06468619 0.12488146
 0.05279493 0.0815217  0.03839754 0.06495579 0.04748953 0.03173453
 0.06484987 0.04932643 0.06468619 0.06468619 0.0199645 ]
[0.0359706  0.08735821 0.05821955 0.06219823 0.05821955 0.1179888
 0.04746025 0.06706949 0.03763449 0.08735821 0.06167238 0.04079832
 0.05561779 0.04392339 0.05821955 0.05821955 0.02207165]
[0.03502407 0.06869028 0.05551557 0.05942031 0.05551557 0.15693963
 0.04406835 0.09820247 0.02987655 0.06869028 0.06073485 0.03184634
 0.04629007 0.05982802 0.05551557 0.05551557 0.01832653]
[0.03527284 0.06527828 0.0530794  0.07576078 0.0530794  0.16198587
 0.04638246 0.06973476 0.02838059 0.06527828 0.0663574  0.03261833
 0.07055102 0.05272075 0.0530794  0.0530794  0.01736102]
[0.04868776 0.06527346 0.05941863 0.06465655 0.05941863 0.08390117
 0.05497684 0.08806568 0.04819357 0.06527346 0.06824126 0.04097583
 0.0498354  0.05475418 0.05941863 0.05941863 0.02949032]
[0.04460692 0.07357388 0.06292327 0.06302031 0.06292327 0.10823446
 0.04990493 0.08472521 0.03074831 0.07357388 0.05158851 0.03435929
 0.05262182 0.06511974 0.06292327 0.06292327 0.01622967]
[0.03926278 0.07962839 0.05759059 0.06591915 0.05759059 0.11271293
 0.04318018 0.08580072 0.03620122 0.07962839 0.05856213 0.03576148
 0.0626476  0.05125313 0.05759059 0.05759059 0.01907954]
[0.04074392 0.08243386 0.06387198 0.05885349 0.06387198 0.08216089
 0.05213363 0.07429554 0.03757522 0.08243386 0.07878562 0.03076577
 0.05164432 0.05198916 0.06387198 0.06387198 0.02069679]
[0.04869477 0.07101239 0.06872024 0.05690211 0.06872024 0.07455644
 0.05642101 0.06053972 0.04121146 0.07101239 0.06180035 0.04196913
 0.06129703 0.05450014 0.06872024 0.06872024 0.02520203]
[0.04241967 0.07700923 0.05108976 0.06730919 0.05108976 0.13441138
 0.03587642 0.07685271 0.04191497 0.07700923 0.06642226 0.03681229
 0.05293202 0.06458625 0.05108976 0.05108976 0.02208535]
[0.03434917 0.07827181 0.06452084 0.06717975 0.06452084 0.11751409
 0.04096659 0.07524762 0.03262603 0.07827181 0.06241037 0.0340752
 0.0523128  0.04848066 0.06452084 0.06452084 0.0202108 ]
[0.0359706  0.08735821 0.05821955 0.06219823 0.05821955 0.1179888
 0.04746025 0.06706949 0.03763449 0.08735821 0.06167238 0.04079832
 0.05561779 0.04392339 0.05821955 0.05821955 0.02207165]
[0.0359706  0.08735821 0.05821955 0.06219823 0.05821955 0.1179888
 0.04746025 0.06706949 0.03763449 0.08735821 0.06167238 0.04079832
 0.05561779 0.04392339 0.05821955 0.05821955 0.02207165]
[0.03123107 0.06581698 0.05470378 0.05704677 0.05470378 0.12991425
 0.04682779 0.10164252 0.02988131 0.06581698 0.06815111 0.03056316
 0.05906045 0.07439004 0.05470378 0.05470378 0.02084244]]