91177
Test: public void test166() throws Throwable { ExecutionVisitor executionVisitor0 = new ExecutionVisitor(); DUP dUP0 = new DUP(); // Undeclared exception!  executionVisitor0.visitDUP(dUP0);   }
Code: public void visitDUP(final DUP o) { final Type t = stack().pop(); stack().push(t); stack().push(t); }
[[0.06113869 0.04926842 0.0848138  0.0848138  0.09529287 0.08004612
 0.04887916 0.07044725 0.10675624 0.03837563 0.0848138  0.0848138
 0.08481382 0.02572658]
[0.04933624 0.04395859 0.09447207 0.09447207 0.08908352 0.09009242
 0.04390942 0.04342068 0.09971966 0.04087038 0.09447207 0.09447207
 0.09447208 0.02724879]
[0.05386505 0.04740879 0.09028989 0.09028989 0.09161252 0.08325423
 0.05132934 0.04533084 0.08986533 0.0574365  0.0902899  0.0902899
 0.09028991 0.02844792]
[0.05386505 0.04740879 0.09028989 0.09028989 0.09161252 0.08325423
 0.05132934 0.04533084 0.08986533 0.0574365  0.0902899  0.0902899
 0.09028991 0.02844792]
[0.05626815 0.04557008 0.08247018 0.08247018 0.10871119 0.10705946
 0.05338488 0.04861292 0.0883424  0.04741306 0.08247018 0.08247018
 0.08247019 0.03228693]
[0.06262153 0.05485015 0.08099055 0.08099055 0.08028443 0.10302883
 0.06157929 0.05254032 0.09195053 0.05223901 0.08099055 0.08099055
 0.08099056 0.03595316]
[0.05774662 0.04272227 0.08976524 0.08976524 0.10192598 0.09674042
 0.03842648 0.03066429 0.11908319 0.04473378 0.08976523 0.08976523
 0.08976524 0.01913077]
[0.06023194 0.03813391 0.08843131 0.08843131 0.09483779 0.08373024
 0.05260836 0.05608484 0.11246987 0.03652056 0.08843131 0.08843131
 0.08843132 0.02322592]
[0.05094737 0.03750434 0.08920866 0.08920866 0.10177952 0.12325676
 0.04357646 0.04980756 0.09714697 0.03024393 0.08920866 0.08920866
 0.08920866 0.01969373]
[0.06319916 0.05155028 0.08939033 0.08939033 0.09036246 0.07142507
 0.05323762 0.04392693 0.09594866 0.05241255 0.08939034 0.08939034
 0.08939035 0.03098555]
[0.05386505 0.04740879 0.09028989 0.09028989 0.09161252 0.08325423
 0.05132934 0.04533084 0.08986533 0.0574365  0.0902899  0.0902899
 0.09028991 0.02844792]
[0.05386505 0.04740879 0.09028989 0.09028989 0.09161252 0.08325423
 0.05132934 0.04533084 0.08986533 0.0574365  0.0902899  0.0902899
 0.09028991 0.02844792]
[0.05386505 0.04740879 0.09028989 0.09028989 0.09161254 0.08325425
 0.05132934 0.04533084 0.08986532 0.0574365  0.09028989 0.09028989
 0.0902899  0.02844792]
[0.04530556 0.04297444 0.0830617  0.0830617  0.10181366 0.12604898
 0.04169207 0.03856364 0.11961925 0.04201227 0.0830617  0.0830617
 0.08306171 0.0266616 ]]