10984
Test: public void test66() throws Throwable { MutableShort mutableShort0 = new MutableShort(); mutableShort0.decrement(); short short0 = mutableShort0.getAndIncrement(); }
Code: public short getAndIncrement() { final short last = value; value++; return last; }
[[0.07454243 0.07145707 0.10339788 0.08705779 0.05820566 0.07145707
 0.08924537 0.0461163  0.05801848 0.10339789 0.08051328 0.12752946
 0.02906126]
[0.066697   0.06760821 0.10298218 0.09489944 0.05388293 0.06760821
 0.09886304 0.05279049 0.04578667 0.10298218 0.07749065 0.13544118
 0.03296778]
[0.06157714 0.07677045 0.10571168 0.08138284 0.05464283 0.07677045
 0.097738   0.06272364 0.0521815  0.10571168 0.07430906 0.1216554
 0.02882536]
[0.07190557 0.06682748 0.09897447 0.10490327 0.0701767  0.06682748
 0.08692452 0.0593772  0.04604797 0.09897449 0.08415265 0.10621175
 0.03869646]
[0.06566138 0.06914882 0.11100513 0.09607648 0.04220939 0.06914882
 0.09449229 0.0511376  0.03940701 0.11100513 0.09507224 0.13590507
 0.01973071]
[0.066697   0.06760821 0.10298218 0.09489944 0.05388293 0.06760821
 0.09886304 0.05279049 0.04578667 0.10298218 0.07749065 0.13544118
 0.03296778]
[0.06256673 0.06349811 0.11318102 0.10466883 0.05826259 0.06349811
 0.10179722 0.04179077 0.04529034 0.11318101 0.09809493 0.11085096
 0.02331939]
[0.0738835  0.07506149 0.10461673 0.07943567 0.06209615 0.07506149
 0.08888318 0.06010321 0.05389125 0.10461673 0.08033559 0.10677105
 0.03524396]
[0.05932621 0.08398201 0.105714   0.08277223 0.05001671 0.08398201
 0.09783107 0.0544301  0.05067028 0.105714   0.07835152 0.12697995
 0.02022991]
[0.06157714 0.07677045 0.10571168 0.08138284 0.05464283 0.07677045
 0.097738   0.06272364 0.0521815  0.10571168 0.07430906 0.1216554
 0.02882536]
[0.05514163 0.06024851 0.11855951 0.09013043 0.0483281  0.06024851
 0.10064884 0.05283154 0.04740507 0.11855951 0.08308983 0.13921155
 0.02559698]
[0.06143416 0.07773489 0.10686251 0.10755259 0.052247   0.07773489
 0.09247193 0.04125322 0.04897567 0.10686252 0.0789358  0.12114176
 0.02679314]
[0.05242524 0.07504008 0.1022135  0.11063445 0.04551905 0.07504008
 0.08262847 0.04478856 0.04950162 0.1022135  0.10753329 0.1274929
 0.02496933]]