15996
Test: public void test0() throws Throwable { // Undeclared exception!  FastTimeZone.getTimeZone((String) null);   }
Code: public static TimeZone getTimeZone(final String id) { final TimeZone tz = getGmtTimeZone(id); if (tz != null) { return tz; } return TimeZone.getTimeZone(id); }
[[0.03376503 0.09600309 0.05435579 0.04683815 0.04374997 0.04683815
 0.04220155 0.02673    0.05435579 0.05360493 0.02106567 0.04683815
 0.09072478 0.06931083 0.01807302 0.01850597 0.04220154 0.03681141
 0.04683815 0.01376922 0.03681142 0.04683816 0.01376922]
[0.03425251 0.08857638 0.03598095 0.04649978 0.05220592 0.04649978
 0.05756553 0.0247996  0.03598095 0.05344674 0.02215672 0.04649978
 0.09307629 0.07580955 0.02203251 0.01796772 0.05756554 0.03222165
 0.04649977 0.01582046 0.03222166 0.04649979 0.01582046]
[0.03212836 0.07694837 0.04733713 0.04353426 0.05268104 0.04353426
 0.05133097 0.02084959 0.04733713 0.05454618 0.02749877 0.04353426
 0.088249   0.08980373 0.02012398 0.01670173 0.05133096 0.03742537
 0.04353426 0.01530552 0.03742537 0.04353427 0.01530551]
[0.02857902 0.09677421 0.04624389 0.04816    0.05342583 0.04816
 0.04276139 0.0268209  0.04624389 0.05887942 0.03017359 0.04816
 0.06966066 0.07970539 0.01825396 0.02024573 0.04276138 0.03461981
 0.04816    0.01471555 0.03461982 0.04816001 0.01471555]
[0.03409464 0.09744214 0.04220795 0.04897646 0.03998587 0.04897646
 0.04705939 0.02551321 0.04220795 0.04299931 0.02325933 0.04897646
 0.09927784 0.08692846 0.01914188 0.0154804  0.04705942 0.03407597
 0.04897645 0.01215397 0.03407598 0.04897646 0.01215397]
[0.02857902 0.09677421 0.04624389 0.04816    0.05342583 0.04816
 0.04276139 0.0268209  0.04624389 0.05887942 0.03017359 0.04816
 0.06966066 0.07970539 0.01825396 0.02024573 0.04276138 0.03461981
 0.04816    0.01471555 0.03461982 0.04816001 0.01471555]
[0.03463136 0.08105975 0.04455666 0.04563944 0.05081457 0.04563944
 0.05507292 0.03397934 0.04455666 0.0506397  0.02880333 0.04563944
 0.05972525 0.06703928 0.02443445 0.02251516 0.05507292 0.03993535
 0.04563945 0.01951532 0.03993536 0.04563946 0.01951532]
[0.03184264 0.0936802  0.03157965 0.05076728 0.05097718 0.05076728
 0.05136762 0.02097844 0.03157965 0.04585383 0.02470581 0.05076728
 0.10715474 0.06317057 0.01434447 0.0145647  0.05136764 0.04623623
 0.05076728 0.01026196 0.04623622 0.05076729 0.01026196]
[0.03212836 0.07694837 0.04733713 0.04353426 0.05268104 0.04353426
 0.05133097 0.02084959 0.04733713 0.05454618 0.02749877 0.04353426
 0.088249   0.08980373 0.02012398 0.01670173 0.05133096 0.03742537
 0.04353426 0.01530552 0.03742537 0.04353427 0.01530551]
[0.02542131 0.0916269  0.0435126  0.04717717 0.05476127 0.04717717
 0.04526068 0.02538541 0.0435126  0.04828378 0.01968396 0.04717717
 0.11774258 0.06487942 0.01371288 0.01559512 0.04526069 0.04639523
 0.04717717 0.00834225 0.04639524 0.04717717 0.00834225]
[0.03631485 0.08652268 0.04586085 0.05139958 0.0432396  0.05139958
 0.03979472 0.03054737 0.04586085 0.03726161 0.02975781 0.05139958
 0.08014362 0.06004185 0.03017935 0.02341706 0.03979473 0.0396286
 0.05139958 0.01750398 0.0396286  0.05139959 0.01750398]
[0.02857902 0.09677421 0.04624389 0.04816    0.05342583 0.04816
 0.04276139 0.0268209  0.04624389 0.05887942 0.03017359 0.04816
 0.06966066 0.07970539 0.01825396 0.02024573 0.04276138 0.03461981
 0.04816    0.01471555 0.03461982 0.04816001 0.01471555]
[0.02238799 0.12355851 0.0313149  0.05441464 0.05394068 0.05441464
 0.04132438 0.015676   0.0313149  0.05774671 0.01702614 0.05441464
 0.12408704 0.08014742 0.00803523 0.00866563 0.04132438 0.02912961
 0.05441465 0.00655884 0.02912961 0.05441465 0.00655884]
[0.02768975 0.09663414 0.03773822 0.04588909 0.05023665 0.04588909
 0.05683419 0.02087809 0.03773822 0.06503975 0.02030321 0.04588909
 0.0913624  0.08783231 0.01236671 0.01501656 0.0568342  0.03620388
 0.04588909 0.0108212  0.03620388 0.04588909 0.0108212 ]
[0.02521718 0.13158594 0.03926646 0.04366631 0.06528652 0.04366631
 0.04645815 0.02465226 0.03926646 0.05425965 0.01982094 0.04366631
 0.09077048 0.09166239 0.00969591 0.01308808 0.04645814 0.03313265
 0.04366631 0.00895728 0.03313265 0.04366631 0.00895728]
[0.02542231 0.10681217 0.04083818 0.04762015 0.04135178 0.04762015
 0.05392534 0.02102305 0.04083818 0.06480245 0.0162417  0.04762015
 0.11631605 0.07191534 0.01379238 0.01612866 0.05392535 0.03076009
 0.04762015 0.00852303 0.03076009 0.04762015 0.00852303]
[0.03463136 0.08105975 0.04455666 0.04563944 0.05081457 0.04563944
 0.05507292 0.03397934 0.04455666 0.0506397  0.02880333 0.04563944
 0.05972525 0.06703928 0.02443445 0.02251516 0.05507292 0.03993535
 0.04563945 0.01951532 0.03993536 0.04563946 0.01951532]
[0.02405248 0.10602789 0.0430174  0.04964604 0.05746849 0.04964604
 0.04354925 0.02163937 0.0430174  0.05523631 0.02330311 0.04964604
 0.10144196 0.06532476 0.01440763 0.01447934 0.04354926 0.03551662
 0.04964605 0.01211092 0.03551662 0.04964605 0.01211092]
[0.02857902 0.09677421 0.04624389 0.04816    0.05342583 0.04816
 0.04276139 0.0268209  0.04624389 0.05887942 0.03017359 0.04816
 0.06966066 0.07970539 0.01825396 0.02024573 0.04276138 0.03461981
 0.04816    0.01471555 0.03461982 0.04816001 0.01471555]
[0.02444974 0.09651782 0.03408312 0.04669712 0.04482481 0.04669712
 0.05721374 0.02166339 0.03408312 0.04834728 0.02149828 0.04669712
 0.09312417 0.07203823 0.01723078 0.0155116  0.05721376 0.05177429
 0.04669712 0.01258301 0.05177429 0.04669713 0.01258301]
[0.02405249 0.10602789 0.04301741 0.04964605 0.0574685  0.04964605
 0.04354925 0.02163937 0.04301741 0.05523631 0.02330311 0.04964605
 0.10144196 0.06532476 0.01440763 0.01447935 0.04354925 0.03551662
 0.04964605 0.01211093 0.03551663 0.04964606 0.01211092]
[0.02857902 0.09677421 0.04624389 0.04816    0.05342583 0.04816
 0.04276139 0.0268209  0.04624389 0.05887942 0.03017359 0.04816
 0.06966066 0.07970539 0.01825396 0.02024573 0.04276139 0.03461982
 0.04816    0.01471555 0.03461982 0.04816001 0.01471555]
[0.02444974 0.0965178  0.03408312 0.04669712 0.04482481 0.04669712
 0.05721375 0.02166339 0.03408312 0.04834729 0.02149828 0.04669712
 0.09312415 0.07203825 0.01723078 0.0155116  0.05721375 0.05177429
 0.04669712 0.01258301 0.05177429 0.04669713 0.01258301]]