84041
Test: public void test11() throws Throwable { ConstantFieldref constantFieldref0 = new ConstantFieldref(0, (-1580)); MockFileOutputStream mockFileOutputStream0 = new MockFileOutputStream("<illegal type>"); DataOutputStream dataOutputStream0 = new DataOutputStream(mockFileOutputStream0); EvoSuiteFile evoSuiteFile0 = new EvoSuiteFile("<illegal type>"); FileSystemHandling.setPermissions(evoSuiteFile0, false, false, false);  constantFieldref0.dump(dataOutputStream0);   }
Code: public final void dump( final DataOutputStream file ) throws IOException { file.writeByte(super.getTag()); file.writeShort(class_index); file.writeShort(name_and_type_index); }
[[0.05517583 0.04372241 0.04409508 0.0765391  0.04372241 0.09129654
 0.06972298 0.09296884 0.13385925 0.02742413 0.06928495 0.0765391
 0.07653911 0.07653911 0.02257109]
[0.04980248 0.03253743 0.03602333 0.08104662 0.03253743 0.07765395
 0.09036529 0.0967466  0.13714793 0.0295455  0.07777604 0.08104661
 0.08104663 0.08104663 0.01567754]
[0.04250886 0.03598154 0.03605822 0.08405168 0.03598154 0.07890494
 0.06980733 0.09840067 0.1528244  0.02275017 0.06929104 0.08405168
 0.08405169 0.08405169 0.02128454]
[0.04579745 0.04184975 0.03827111 0.07787439 0.04184975 0.08993354
 0.06926952 0.09838695 0.14712399 0.02881242 0.06466161 0.07787439
 0.07787441 0.07787441 0.02254633]
[0.04980248 0.03253743 0.03602333 0.08104662 0.03253743 0.07765395
 0.09036529 0.0967466  0.13714793 0.0295455  0.07777604 0.08104661
 0.08104663 0.08104663 0.01567754]
[0.04905003 0.04803266 0.03471468 0.08038475 0.04803266 0.08971328
 0.08980621 0.09230264 0.11143802 0.03068896 0.06540915 0.08038474
 0.08038475 0.08038475 0.01927267]
[0.04690129 0.04470536 0.03837567 0.08472897 0.04470536 0.07443126
 0.07381886 0.09746082 0.11507174 0.02553318 0.07548021 0.08472895
 0.08472896 0.08472896 0.02460047]
[0.05110944 0.04870779 0.04992771 0.07310522 0.04870779 0.09853794
 0.06943864 0.08002566 0.1076594  0.03095493 0.09738764 0.07310522
 0.07310523 0.07310523 0.02512222]
[0.04090608 0.03311663 0.03884439 0.0732821  0.03311663 0.08110514
 0.06412864 0.073663   0.20445679 0.02509408 0.09379274 0.07328212
 0.07328213 0.07328213 0.01864743]
[0.04393084 0.03691613 0.03447393 0.08399595 0.03691613 0.06813538
 0.08196924 0.07970171 0.17090066 0.02330857 0.07196243 0.08399595
 0.08399597 0.08399597 0.01580118]
[0.05523757 0.0540195  0.04772453 0.07479581 0.0540195  0.07690091
 0.07677282 0.08748606 0.09884329 0.0361935  0.08335751 0.07479582
 0.07479583 0.07479583 0.03026146]
[0.04579745 0.04184975 0.03827111 0.07787439 0.04184975 0.08993354
 0.06926952 0.09838695 0.14712399 0.02881242 0.06466161 0.07787439
 0.07787441 0.07787441 0.02254633]
[0.04579746 0.04184975 0.03827111 0.07787438 0.04184975 0.08993354
 0.06926952 0.09838694 0.14712399 0.02881242 0.06466161 0.07787438
 0.07787439 0.07787439 0.02254633]
[0.04579746 0.04184975 0.03827111 0.07787438 0.04184975 0.08993354
 0.06926952 0.09838694 0.14712399 0.02881242 0.06466161 0.07787438
 0.07787439 0.07787439 0.02254633]
[0.03737299 0.03343352 0.03422233 0.07066412 0.03343352 0.08073083
 0.10396053 0.09584709 0.15773383 0.0290983  0.09158666 0.07066412
 0.07066414 0.07066415 0.01992393]]