28603
Test: public void test293() throws Throwable { double[] doubleArray0 = new double[1]; // Undeclared exception!  Vector2D.of(doubleArray0);   }
Code: public static Vector2D of(final double x, final double y) { return new Vector2D(x, y); }
[[0.05076193 0.14203015 0.06808931 0.07041466 0.08816572 0.06031745
 0.04001202 0.08816572 0.12207515 0.06212924 0.0551793  0.02598574
 0.07041467 0.03584645 0.02041253]
[0.05338923 0.13891125 0.05101195 0.07237341 0.08284508 0.06044504
 0.03878419 0.08284508 0.11347453 0.09072345 0.05029202 0.02293289
 0.07237341 0.04473338 0.02486508]
[0.05307704 0.14906348 0.06257167 0.07517396 0.07208081 0.06968068
 0.03596848 0.07208081 0.12629409 0.07457869 0.05442782 0.02076958
 0.07517397 0.03972261 0.01933617]
[0.04212952 0.14170274 0.07156685 0.07116083 0.07948667 0.0670299
 0.03926896 0.07948667 0.12997952 0.06211757 0.05101025 0.03161839
 0.07116084 0.0408347  0.0214466 ]
[0.04119485 0.16142966 0.05663395 0.07558731 0.09217636 0.05976045
 0.03339532 0.09217636 0.10935929 0.06330474 0.0602196  0.02059037
 0.07558732 0.0412145  0.01736993]
[0.05155195 0.1389588  0.05355858 0.07982954 0.06739493 0.05757952
 0.04430472 0.06739493 0.11114106 0.07430116 0.07192191 0.02558193
 0.07982954 0.05767099 0.0189805 ]
[0.04726832 0.13813873 0.05739938 0.07733616 0.09348208 0.06214842
 0.03081311 0.09348208 0.10372411 0.07317415 0.06855039 0.02179327
 0.07733617 0.04056738 0.01478622]
[0.04119485 0.16142966 0.05663395 0.07558731 0.09217636 0.05976045
 0.03339532 0.09217636 0.10935929 0.06330474 0.0602196  0.02059037
 0.07558732 0.0412145  0.01736993]
[0.04912037 0.16316997 0.06534182 0.07189619 0.06947098 0.05855637
 0.04646615 0.06947098 0.13470033 0.05789962 0.0614388  0.02067245
 0.07189621 0.04172318 0.01817657]
[0.05268442 0.12113304 0.06262659 0.07073    0.07184391 0.06458582
 0.05157684 0.07184391 0.11024401 0.08086931 0.06113397 0.02995094
 0.07073002 0.05092108 0.0291262 ]
[0.03614038 0.15106769 0.0622012  0.07718898 0.08135008 0.07587764
 0.03181416 0.08135008 0.13468972 0.06012883 0.05427663 0.02208439
 0.07718899 0.03762887 0.01701243]
[0.04505333 0.13241933 0.05753621 0.07129217 0.08832775 0.05597735
 0.03583264 0.08832775 0.11680675 0.07635696 0.06323909 0.02988897
 0.07129219 0.04510541 0.02254406]
[0.04212952 0.14170273 0.07156685 0.07116082 0.07948665 0.06702989
 0.03926896 0.07948665 0.12997952 0.06211757 0.05101025 0.03161839
 0.07116083 0.04083469 0.0214466 ]
[0.05183123 0.11861628 0.06682748 0.07196071 0.09076291 0.0473461
 0.04337107 0.09076291 0.11053607 0.09043036 0.05822873 0.03012483
 0.07196073 0.03610712 0.02113343]
[0.03719635 0.13936716 0.05863615 0.07215533 0.07885605 0.0634189
 0.03246003 0.07885605 0.13104728 0.08061261 0.07690789 0.02076732
 0.07215534 0.03949409 0.01806943]]