131148
Test: public void test10() throws Throwable { Combinations combinations0 = Combinations.of(0, 0); combinations0.iterator(); }
Code: public Iterator<int[]> iterator() { return k == 0 || k == n ? new SingletonIterator(k) : new LexicographicIterator(n, k); }
[[0.047937   0.02975207 0.04292431 0.06696101 0.05313231 0.04380522
 0.07474377 0.03814059 0.04785018 0.04380522 0.07474377 0.03130483
 0.08244946 0.0239672  0.06650396 0.04550778 0.02396721 0.06650396
 0.07490991 0.02109022]
[0.05930243 0.03544149 0.04638059 0.06252354 0.06719944 0.0476964
 0.0662528  0.04125618 0.04965348 0.0476964  0.0662528  0.03497007
 0.07052436 0.02743464 0.05665446 0.04042465 0.02743464 0.05665446
 0.06853444 0.02771267]
[0.04261683 0.02792992 0.04675177 0.08507255 0.06123346 0.04041499
 0.06742123 0.03463659 0.03624147 0.04041499 0.06742123 0.0309706
 0.08408491 0.0176079  0.07154065 0.03665909 0.01760789 0.07154065
 0.10217929 0.01765394]
[0.05047807 0.03697983 0.04735854 0.0818938  0.05799731 0.04282295
 0.05384226 0.05691238 0.04475021 0.04282295 0.05384226 0.03350043
 0.06511952 0.02805748 0.06580052 0.04151455 0.02805748 0.06580053
 0.07369091 0.02875804]
[0.03633437 0.03210786 0.0472115  0.06877833 0.05313905 0.04230335
 0.07165873 0.03988527 0.04122712 0.04230335 0.07165873 0.02716088
 0.10521224 0.02176823 0.07353516 0.03326207 0.02176823 0.07353516
 0.07818725 0.01896314]
[0.04836042 0.02819789 0.04534057 0.06632057 0.05269456 0.04458309
 0.07530361 0.03814974 0.04525681 0.04458309 0.07530361 0.03280635
 0.09651038 0.02076065 0.06740917 0.03733454 0.02076065 0.06740916
 0.0754249  0.01749018]
[0.03255854 0.02603109 0.04210334 0.07884941 0.05324673 0.04461436
 0.08154222 0.03130711 0.05183718 0.04461436 0.08154222 0.03048513
 0.10066833 0.02141283 0.05474325 0.04101808 0.02141283 0.05474326
 0.09087451 0.01639523]
[0.04064768 0.02632683 0.04470002 0.07064638 0.06324984 0.03619497
 0.07723226 0.03882007 0.04948173 0.03619497 0.07723226 0.02924841
 0.10923728 0.0210791  0.06351887 0.03523062 0.0210791  0.06351887
 0.08133369 0.01502703]
[0.03839897 0.03678467 0.03918089 0.10303505 0.0562432  0.04093865
 0.06332276 0.03704535 0.04598814 0.04093865 0.06332276 0.03627584
 0.07898761 0.02028069 0.0777985  0.04258411 0.02028069 0.07779848
 0.06797066 0.01282429]
[0.04836042 0.02819789 0.04534057 0.06632057 0.05269456 0.04458309
 0.07530361 0.03814974 0.04525681 0.04458309 0.07530361 0.03280635
 0.09651038 0.02076065 0.06740917 0.03733454 0.02076065 0.06740916
 0.0754249  0.01749018]
[0.03255854 0.02603109 0.04210334 0.07884941 0.05324673 0.04461436
 0.08154222 0.03130711 0.05183718 0.04461436 0.08154222 0.03048513
 0.10066833 0.02141283 0.05474325 0.04101808 0.02141283 0.05474326
 0.09087451 0.01639523]
[0.04166665 0.02366154 0.05144677 0.07224362 0.06158365 0.03083816
 0.07095505 0.03281383 0.03886715 0.03083816 0.07095505 0.033413
 0.11937203 0.02136523 0.068707   0.03438558 0.02136524 0.06870701
 0.09096783 0.01584746]
[0.04405798 0.02629917 0.04576137 0.09630037 0.05959563 0.0437888
 0.05477435 0.03051117 0.04183261 0.0437888  0.05477435 0.03372524
 0.10219803 0.01940861 0.06974214 0.0424007  0.01940862 0.06974214
 0.08336175 0.01852812]
[0.04148015 0.03311461 0.05265445 0.07358976 0.05831543 0.04012784
 0.07774603 0.03728282 0.03720491 0.04012784 0.07774603 0.03013934
 0.08461319 0.02714052 0.06425682 0.04752742 0.02714052 0.06425682
 0.06405811 0.02147743]
[0.03902577 0.03559189 0.05406754 0.0637868  0.04741706 0.0439038
 0.07361507 0.04120301 0.05453996 0.0439038  0.07361507 0.03300725
 0.08892144 0.02983362 0.06478859 0.03752394 0.02983362 0.0647886
 0.05909301 0.02154018]
[0.04785433 0.03281867 0.04857272 0.07380344 0.0602836  0.04323226
 0.05892619 0.0502423  0.03893611 0.04323226 0.05892619 0.03536411
 0.10788795 0.02435147 0.05836802 0.03293007 0.02435146 0.05836802
 0.07599118 0.02555973]
[0.04148015 0.03311461 0.05265445 0.07358976 0.05831543 0.04012784
 0.07774603 0.03728282 0.03720491 0.04012784 0.07774603 0.03013934
 0.08461319 0.02714052 0.06425682 0.04752742 0.02714052 0.06425682
 0.06405811 0.02147743]
[0.03902577 0.03559189 0.05406754 0.0637868  0.04741706 0.0439038
 0.07361507 0.04120301 0.05453996 0.0439038  0.07361507 0.03300725
 0.08892144 0.02983362 0.06478859 0.03752394 0.02983362 0.0647886
 0.05909301 0.02154018]
[0.03454774 0.02207557 0.04510446 0.09257071 0.06104406 0.03925289
 0.06772659 0.02918965 0.05460317 0.03925289 0.06772659 0.03083657
 0.1108748  0.01712407 0.06753664 0.02761532 0.01712407 0.06753664
 0.09067661 0.01758101]
[0.03622046 0.02997832 0.034164   0.09011701 0.07824889 0.03706009
 0.06251562 0.03845815 0.05148713 0.03706009 0.06251562 0.03261508
 0.09234089 0.02028456 0.06825037 0.03315251 0.02028456 0.06825036
 0.08746059 0.01953575]]