148994
Test: public void test1() throws Throwable { SMTPClient sMTPClient0 = new SMTPClient(""); // Undeclared exception!  sMTPClient0.verify("");   }
Code: public boolean verify(final String username) throws IOException { final int result; result = vrfy(username); return result == SMTPReply.ACTION_OK || result == SMTPReply.USER_NOT_LOCAL_WILL_FORWARD; }
[[0.03620136 0.0854359  0.05022531 0.04579168 0.05022531 0.08221777
 0.01996104 0.05312757 0.02969796 0.02193702 0.06134402 0.02813599
 0.02308873 0.05022531 0.04044089 0.02813599 0.05571526 0.05022531
 0.03730395 0.02813599 0.05571526 0.05022532 0.01648705]
[0.02641031 0.13268182 0.0501756  0.0512779  0.0501756  0.09144039
 0.01704737 0.06894711 0.0257511  0.01294822 0.05252322 0.02608998
 0.0207073  0.0501756  0.04445123 0.02608998 0.03996131 0.0501756
 0.03396723 0.02608998 0.03996131 0.05017561 0.01277622]
[0.02812313 0.1027142  0.04648739 0.05066948 0.04648739 0.09144714
 0.0198315  0.04707909 0.02785609 0.01797531 0.07319129 0.02740883
 0.03075678 0.04648739 0.03419951 0.02740883 0.05283953 0.04648739
 0.0399934  0.02740883 0.05283953 0.0464874  0.01582058]
[0.03600296 0.1129497  0.04966112 0.04059935 0.04966112 0.0953104
 0.02182891 0.05904741 0.02861981 0.01877464 0.05748771 0.02535023
 0.02417798 0.04966112 0.0370797  0.02535023 0.04566793 0.04966112
 0.03781683 0.02535023 0.04566793 0.04966112 0.01461244]
[0.02812313 0.1027142  0.04648739 0.05066948 0.04648739 0.09144714
 0.0198315  0.04707909 0.02785609 0.01797531 0.07319129 0.02740883
 0.03075678 0.04648739 0.03419951 0.02740883 0.05283953 0.04648739
 0.0399934  0.02740883 0.05283953 0.0464874  0.01582058]
[0.02679574 0.11569387 0.04401563 0.04766654 0.04401563 0.12393518
 0.01836159 0.07131268 0.02253281 0.01520614 0.06207587 0.02662538
 0.02411982 0.04401563 0.04505813 0.02662538 0.04000288 0.04401565
 0.03376422 0.02662538 0.04000288 0.04401565 0.01351734]
[0.02709366 0.11400567 0.05123141 0.04694075 0.05123141 0.10321209
 0.01643445 0.05320871 0.02453283 0.01470868 0.05071805 0.02314329
 0.02168474 0.05123141 0.04019986 0.02314329 0.0527967  0.05123141
 0.04514272 0.02314329 0.05279671 0.05123142 0.01093744]
[0.03880873 0.08017001 0.04885778 0.05367511 0.04885778 0.06761747
 0.02680598 0.06684348 0.03828167 0.01814497 0.06894933 0.0268505
 0.03250981 0.04885778 0.04408244 0.0268505  0.04050045 0.04885778
 0.03541042 0.0268505  0.04050045 0.04885779 0.02285922]
[0.0345121  0.09513218 0.05132218 0.0514607  0.05132218 0.08772677
 0.02235493 0.06144009 0.02335163 0.01490041 0.04890902 0.02723242
 0.02666406 0.05132218 0.05027018 0.02723242 0.05056201 0.05132218
 0.03188611 0.02723242 0.05056201 0.05132218 0.0119597 ]
[0.02292519 0.08331081 0.05729373 0.04366302 0.05729373 0.07203856
 0.01884417 0.05556195 0.03215525 0.01590198 0.06741074 0.02432715
 0.01931085 0.05729373 0.03744972 0.02432715 0.05593911 0.05729374
 0.04848563 0.02432715 0.05593911 0.05729375 0.01161376]
[0.03243047 0.10253903 0.04893403 0.05277143 0.04893403 0.08043775
 0.02433337 0.06609833 0.03017686 0.01692901 0.06475657 0.02810389
 0.0233189  0.04893403 0.0463357  0.02810389 0.04376093 0.04893403
 0.02989373 0.02810389 0.04376093 0.04893403 0.01347511]
[0.03788767 0.10141544 0.0553984  0.04738863 0.0553984  0.08338929
 0.01880737 0.05957198 0.02738573 0.01461698 0.05685927 0.02816795
 0.01983547 0.0553984  0.04030605 0.02816795 0.04080033 0.05539841
 0.03536645 0.02816795 0.04080033 0.05539842 0.01407312]
[0.03986324 0.07982035 0.05633235 0.04698585 0.05633235 0.06065135
 0.02621086 0.0468712  0.03364338 0.02380542 0.06871629 0.02440496
 0.03358332 0.05633235 0.04410562 0.02440496 0.04451313 0.05633235
 0.03185719 0.02440496 0.04451313 0.05633236 0.01998299]
[0.02812313 0.1027142  0.04648739 0.05066948 0.04648739 0.09144714
 0.0198315  0.04707909 0.02785609 0.01797531 0.07319129 0.02740883
 0.03075678 0.04648739 0.03419951 0.02740883 0.05283953 0.04648739
 0.0399934  0.02740883 0.05283953 0.0464874  0.01582058]
[0.02526783 0.11950313 0.04852311 0.05189437 0.04852311 0.08940983
 0.02081044 0.05318277 0.02371378 0.01433063 0.0680216  0.03074911
 0.02493392 0.04852311 0.03603569 0.03074911 0.04643378 0.04852311
 0.03078281 0.03074911 0.04643378 0.04852312 0.01438269]
[0.03788767 0.10141544 0.0553984  0.04738863 0.0553984  0.08338929
 0.01880737 0.05957198 0.02738573 0.01461698 0.05685927 0.02816795
 0.01983547 0.0553984  0.04030605 0.02816795 0.04080033 0.05539841
 0.03536645 0.02816795 0.04080033 0.05539842 0.01407312]
[0.02206457 0.16039334 0.03312284 0.05594267 0.03312284 0.10075971
 0.01887018 0.06612049 0.02184967 0.01267347 0.0711472  0.02769584
 0.02348189 0.03312284 0.0369389  0.02769584 0.05289704 0.03312284
 0.04214337 0.02769584 0.05289704 0.03312284 0.01311868]
[0.02812313 0.1027142  0.04648739 0.05066948 0.04648739 0.09144714
 0.0198315  0.04707909 0.02785609 0.01797531 0.07319129 0.02740883
 0.03075678 0.04648739 0.03419951 0.02740883 0.05283953 0.04648739
 0.0399934  0.02740883 0.05283953 0.0464874  0.01582058]
[0.02698058 0.09368874 0.05285959 0.0517921  0.05285959 0.0956457
 0.01821727 0.0803654  0.02621441 0.0158666  0.06451102 0.02384645
 0.02227159 0.05285959 0.04022759 0.02384645 0.04230034 0.05285957
 0.03439178 0.02384645 0.04230033 0.05285959 0.00938937]
[0.03788767 0.10141544 0.0553984  0.04738863 0.0553984  0.08338929
 0.01880737 0.05957198 0.02738573 0.01461698 0.05685927 0.02816795
 0.01983547 0.0553984  0.04030605 0.02816795 0.04080033 0.05539841
 0.03536645 0.02816795 0.04080033 0.05539842 0.01407312]
[0.02206458 0.1603933  0.03312284 0.05594268 0.03312284 0.10075974
 0.01887018 0.06612052 0.02184967 0.01267347 0.07114722 0.02769584
 0.0234819  0.03312284 0.0369389  0.02769584 0.05289706 0.03312284
 0.04214337 0.02769584 0.05289705 0.03312284 0.01311868]
[0.02812314 0.1027142  0.04648739 0.05066948 0.04648739 0.09144714
 0.0198315  0.04707909 0.02785609 0.01797532 0.07319128 0.02740884
 0.03075678 0.04648739 0.03419951 0.02740884 0.05283953 0.04648739
 0.0399934  0.02740884 0.05283953 0.04648739 0.01582059]
[0.02623254 0.08748837 0.04795145 0.04800173 0.04795145 0.10999572
 0.02227555 0.07380657 0.02420391 0.01957866 0.05289911 0.02106404
 0.02441502 0.04795145 0.05913999 0.02106404 0.04600304 0.04795145
 0.0414326  0.02106404 0.04600304 0.04795146 0.01557478]]