161522
Test: public void test0() throws Throwable { TimeUnit timeUnit0 = TimeUnit.DAYS; Duration duration0 = PoolImplUtils.toDuration((-1508L), timeUnit0); Duration duration1 = PoolImplUtils.nonNull((Duration) null, duration0); }
Code: static Duration nonNull(final Duration value, final Duration defaultValue) { return value != null ? value : Objects.requireNonNull(defaultValue, "defaultValue"); }
[[0.09236495 0.0539893  0.0538227  0.0539893  0.03576639 0.02690816
 0.0539893  0.06183076 0.05571227 0.03592574 0.09767258 0.02284576
 0.0375065  0.0665838  0.09767258 0.02980443 0.05382271 0.05382271
 0.01597003]
[0.09055839 0.05299478 0.06092868 0.05299478 0.02914658 0.03137079
 0.05299478 0.07104442 0.04931584 0.03644759 0.09047563 0.02434008
 0.03456517 0.06734872 0.09047563 0.0264007  0.06092869 0.06092869
 0.01674005]
[0.09511399 0.06292905 0.05091248 0.06292905 0.0339018  0.0263393
 0.06292905 0.06747793 0.03926144 0.03579737 0.09627293 0.01789011
 0.03383715 0.07554044 0.09627293 0.02686875 0.05091248 0.05091248
 0.01390118]
[0.09055839 0.05299478 0.06092868 0.05299478 0.02914658 0.03137079
 0.05299478 0.07104442 0.04931584 0.03644759 0.09047563 0.02434008
 0.03456517 0.06734872 0.09047563 0.0264007  0.06092869 0.06092869
 0.01674005]
[0.09915621 0.05351597 0.05028203 0.05351597 0.02685937 0.02174449
 0.05351597 0.07708699 0.04624056 0.03530205 0.11517723 0.01190345
 0.03472794 0.07626693 0.11517723 0.01985045 0.05028204 0.05028204
 0.00911305]
[0.10341001 0.04719176 0.05931552 0.04719176 0.02656273 0.02299693
 0.04719176 0.09234557 0.0533009  0.05152988 0.08577351 0.01549891
 0.0326257  0.07276491 0.08577351 0.02702534 0.05931553 0.05931553
 0.01087026]
[0.09055839 0.05299478 0.06092868 0.05299478 0.02914658 0.03137079
 0.05299478 0.07104442 0.04931584 0.03644759 0.09047563 0.02434008
 0.03456517 0.06734872 0.09047563 0.0264007  0.06092869 0.06092869
 0.01674005]
[0.07721089 0.04954905 0.05124662 0.04954905 0.03484982 0.02691904
 0.04954905 0.07450645 0.05080991 0.04999802 0.1007209  0.02078743
 0.04299458 0.07275134 0.1007209  0.03190378 0.05124663 0.05124663
 0.01343986]
[0.087545   0.05781792 0.05435589 0.05781792 0.04689194 0.03829924
 0.05781792 0.05996148 0.05661412 0.04604748 0.08048715 0.02667298
 0.03312167 0.05493161 0.08048715 0.03141594 0.0543559  0.0543559
 0.0210028 ]
[0.10420326 0.04427442 0.05601975 0.04427442 0.03029973 0.02236743
 0.04427442 0.0872018  0.04064967 0.03901895 0.10181116 0.01468693
 0.0366024  0.08703493 0.10181116 0.02179985 0.05601976 0.05601976
 0.01163022]
[0.08516599 0.05147578 0.0520299  0.05147578 0.0290463  0.02186388
 0.05147578 0.0762353  0.03725425 0.0409366  0.11734577 0.01565183
 0.03438223 0.07939059 0.11734577 0.02195518 0.0520299  0.0520299
 0.01290928]
[0.11178237 0.05098053 0.04897355 0.05098053 0.03060524 0.0240976
 0.05098053 0.06937153 0.03793282 0.03546171 0.11583956 0.00975097
 0.0326598  0.09470549 0.11583956 0.01368727 0.04897356 0.04897356
 0.00840381]
[0.08431582 0.0569198  0.05209723 0.0569198  0.0287312  0.02455846
 0.0569198  0.06864205 0.06102156 0.05230246 0.09474949 0.01727991
 0.03224073 0.081199   0.09474949 0.02312966 0.05209723 0.05209723
 0.0100291 ]
[0.08303175 0.04075758 0.05313223 0.04075758 0.02786695 0.02145239
 0.04075758 0.08034174 0.05159051 0.04191237 0.12078561 0.01485614
 0.03448376 0.08506938 0.12078561 0.02555066 0.05313224 0.05313224
 0.01060365]
[0.08516599 0.05147578 0.0520299  0.05147578 0.0290463  0.02186388
 0.05147578 0.0762353  0.03725425 0.0409366  0.11734577 0.01565183
 0.03438223 0.07939059 0.11734577 0.02195518 0.0520299  0.0520299
 0.01290928]
[0.09563612 0.04878372 0.0478352  0.04878372 0.02891252 0.02765847
 0.04878372 0.08649923 0.05111258 0.04816262 0.0839093  0.02369824
 0.04071224 0.09693509 0.0839093  0.02433591 0.0478352  0.0478352
 0.01866156]
[0.09511399 0.06292906 0.05091248 0.06292906 0.0339018  0.02633929
 0.06292906 0.06747791 0.03926143 0.03579738 0.09627294 0.01789011
 0.03383715 0.07554044 0.09627294 0.02686875 0.05091249 0.05091249
 0.01390118]
[0.09511399 0.06292906 0.05091248 0.06292906 0.0339018  0.02633929
 0.06292906 0.06747791 0.03926143 0.03579738 0.09627294 0.01789011
 0.03383715 0.07554044 0.09627294 0.02686875 0.05091249 0.05091249
 0.01390118]
[0.08707152 0.04967902 0.05450508 0.04967902 0.02643069 0.02263091
 0.04967902 0.07510489 0.04637328 0.05233269 0.10932467 0.01714928
 0.03256499 0.07858523 0.10932467 0.01946488 0.05450509 0.05450509
 0.01109002]]