149911
Test: public void test13() throws Throwable { FTP fTP0 = new FTP(); // Undeclared exception!  fTP0.mode((-4546));   }
Code: public int mode(final int mode) throws IOException { return sendCommand(FTPCmd.MODE, modes.substring(mode, mode + 1)); }
[[0.05617134 0.03633351 0.07792036 0.03633351 0.09218028 0.13603488
 0.02800297 0.07086258 0.06132035 0.07792036 0.07792036 0.15985759
 0.04542126 0.02067059 0.02305   ]
[0.03539473 0.02634044 0.09296291 0.02634044 0.10218991 0.11090964
 0.02695377 0.07536485 0.05655923 0.09296292 0.09296292 0.18361787
 0.04243849 0.01824612 0.01675575]
[0.04551002 0.02963502 0.07628556 0.02963502 0.09971    0.14710958
 0.03039583 0.07033762 0.05518874 0.07628556 0.07628556 0.15660591
 0.06206799 0.02091305 0.02403454]
[0.03539473 0.02634044 0.09296291 0.02634044 0.10218991 0.11090964
 0.02695377 0.07536485 0.05655923 0.09296292 0.09296292 0.18361787
 0.04243849 0.01824612 0.01675575]
[0.04724406 0.02572647 0.07561763 0.02572647 0.09107111 0.13158926
 0.02738529 0.08788011 0.0675506  0.07561763 0.07561763 0.18936247
 0.04080186 0.02041475 0.01839468]
[0.03826023 0.02438777 0.07021952 0.02438777 0.09377861 0.19543621
 0.02266193 0.08357345 0.06092248 0.07021954 0.07021954 0.17945337
 0.03485715 0.01472883 0.01689358]
[0.04386231 0.02490296 0.08384433 0.02490296 0.08030452 0.17055532
 0.0233464  0.07216816 0.06198893 0.08384433 0.08384433 0.17809296
 0.03416505 0.01835803 0.01581948]
[0.05789345 0.02818672 0.07789781 0.02818672 0.07634549 0.10335112
 0.03811809 0.08847363 0.06722958 0.07789782 0.07789782 0.16025321
 0.06020401 0.02613413 0.03193041]
[0.0372524  0.02327307 0.07708274 0.02327307 0.11308132 0.14731735
 0.02703145 0.06705776 0.05507515 0.07708274 0.07708274 0.1923584
 0.05104908 0.01331278 0.01867001]
[0.04551002 0.02963502 0.07628556 0.02963502 0.09971    0.14710958
 0.03039583 0.07033762 0.05518874 0.07628556 0.07628556 0.15660591
 0.06206799 0.02091305 0.02403454]
[0.04551002 0.02963502 0.07628556 0.02963502 0.09971    0.14710958
 0.03039583 0.07033762 0.05518874 0.07628556 0.07628556 0.15660591
 0.06206799 0.02091305 0.02403454]
[0.05246635 0.02976497 0.07593953 0.02976497 0.08592609 0.14074633
 0.03021504 0.0698246  0.05284228 0.07593953 0.07593953 0.19518608
 0.04848133 0.01666345 0.02030001]
[0.05528167 0.03085919 0.07919155 0.03085919 0.09291621 0.13681918
 0.03426555 0.06915729 0.06350665 0.07919155 0.07919155 0.15882993
 0.04500252 0.02047896 0.02444907]
[0.05062526 0.02857177 0.07122868 0.02857177 0.1093706  0.1496073
 0.02720381 0.08618692 0.06449919 0.07122868 0.07122868 0.14767872
 0.04983871 0.02094152 0.02321837]
[0.03738597 0.02862164 0.07114867 0.02862164 0.10492399 0.15798937
 0.02859186 0.08896173 0.0795946  0.07114867 0.07114867 0.15372482
 0.04057454 0.01807659 0.01948719]]