13835
Test: public void test43() throws Throwable { MockRuntimeException mockRuntimeException0 = new MockRuntimeException("fM'w>&9Er8S_l", (Throwable) null); MockThrowable mockThrowable0 = new MockThrowable(mockRuntimeException0); UndeclaredThrowableException undeclaredThrowableException0 = new UndeclaredThrowableException(mockThrowable0, "+`:C=8PT.Y{?^"); Throwable[] throwableArray0 = ExceptionUtils.getThrowables(undeclaredThrowableException0); }
Code: public static Throwable[] getThrowables(final Throwable throwable) { final List<Throwable> list = getThrowableList(throwable); return list.toArray(ArrayUtils.EMPTY_THROWABLE_ARRAY); }
[[0.04787939 0.13214177 0.06641512 0.06641512 0.1132247  0.06641512
 0.0575579  0.03760234 0.06641512 0.11243527 0.02972565 0.06641512
 0.05191706 0.06641513 0.01902512]
[0.04906982 0.12931061 0.06631405 0.06631405 0.10579462 0.06631405
 0.08530869 0.03589597 0.06631404 0.09537222 0.03175757 0.06631404
 0.04635509 0.06631406 0.02325106]
[0.04091277 0.14131016 0.06846254 0.06846254 0.09133833 0.06846254
 0.06387889 0.03917518 0.06846254 0.09743621 0.04376251 0.06846254
 0.04963085 0.06846254 0.02177991]
[0.04091277 0.14131016 0.06846254 0.06846254 0.09133833 0.06846254
 0.06387889 0.03917518 0.06846254 0.09743621 0.04376251 0.06846254
 0.04963085 0.06846254 0.02177991]
[0.04278969 0.10945418 0.0630787  0.0630787  0.1006683  0.0630787
 0.09196494 0.03858573 0.0630787  0.10778368 0.035603   0.0630787
 0.0540296  0.06307871 0.04064873]
[0.04091277 0.14131016 0.06846254 0.06846254 0.09133833 0.06846254
 0.06387889 0.03917518 0.06846254 0.09743621 0.04376251 0.06846254
 0.04963085 0.06846254 0.02177991]
[0.0491357  0.11626764 0.0640052  0.0640052  0.09275284 0.0640052
 0.07981797 0.04827729 0.0640052  0.10432002 0.04094279 0.0640052
 0.05644166 0.06400521 0.02801296]
[0.04331211 0.12767763 0.06850867 0.06850867 0.1304888  0.06850867
 0.07071828 0.02862513 0.06850868 0.07754304 0.03358803 0.06850868
 0.06291338 0.06850868 0.01408147]
[0.04091277 0.14131016 0.06846254 0.06846254 0.09133833 0.06846254
 0.06387889 0.03917518 0.06846254 0.09743621 0.04376251 0.06846254
 0.04963085 0.06846254 0.02177991]
[0.03656539 0.14564492 0.06380575 0.06380575 0.12513155 0.06380575
 0.05802525 0.03577387 0.06380575 0.11417042 0.02591333 0.06380575
 0.05239455 0.06380576 0.02354625]
[0.04873868 0.11577528 0.06898872 0.06898872 0.10359798 0.06898872
 0.05324527 0.04099235 0.06898873 0.10721895 0.03989122 0.06898873
 0.05315504 0.06898873 0.02345285]
[0.04091277 0.14131016 0.06846254 0.06846254 0.09133833 0.06846254
 0.06387889 0.03917518 0.06846254 0.09743621 0.04376251 0.06846254
 0.04963085 0.06846254 0.02177991]
[0.0326034  0.14132486 0.06804942 0.06804942 0.12462886 0.06804942
 0.05748884 0.0291288  0.06804942 0.11055526 0.03149353 0.06804942
 0.04840788 0.06804942 0.01607201]
[0.04091278 0.14131016 0.06846254 0.06846254 0.09133833 0.06846254
 0.06387889 0.03917518 0.06846254 0.09743621 0.04376251 0.06846254
 0.04963084 0.06846254 0.02177991]
[0.03289411 0.13409318 0.06219326 0.06219326 0.13007121 0.06219326
 0.08062384 0.02942777 0.06219326 0.10216126 0.02931972 0.06219326
 0.07071096 0.06219327 0.01753839]]