141960
Test: public void test13() throws Throwable { RemoteLocation remoteLocation0 = new RemoteLocation((String) null, 398); String string0 = remoteLocation0.toString(); }
Code: public String toString() { final StringBuilder sb = new StringBuilder(); if (this.host != null) { sb.append(this.host); } sb.append(':').append(this.port); return sb.toString(); }
[[0.03977133 0.05101012 0.05196047 0.05340019 0.03197169 0.03869476
 0.02508709 0.02504859 0.02003337 0.06568265 0.10723945 0.0551735
 0.02175864 0.02129912 0.05340019 0.0551735  0.01702626 0.0551735
 0.04381555 0.15025371 0.01702626]
[0.03697788 0.04269637 0.05098167 0.05490214 0.028364   0.04734311
 0.01826888 0.02506801 0.01583982 0.07573936 0.10746612 0.05226882
 0.0214567  0.01663042 0.05490214 0.05226882 0.01391616 0.05226882
 0.03741045 0.18131423 0.01391616]
[0.02641387 0.06273998 0.04090654 0.05122083 0.02594355 0.03086122
 0.01417193 0.02280228 0.01470855 0.0872062  0.08540997 0.04689965
 0.01267965 0.01207648 0.05122083 0.04689965 0.01326908 0.04689965
 0.04000179 0.2543992  0.01326908]
[0.03899328 0.05714647 0.04026977 0.06211669 0.03826339 0.04730606
 0.02473299 0.03243605 0.02183967 0.08040022 0.06723371 0.05134005
 0.02753104 0.02532996 0.06211669 0.05134005 0.02199402 0.05134005
 0.04495131 0.13132447 0.02199402]
[0.0356537  0.05589135 0.04357301 0.0593214  0.02368168 0.03557582
 0.02163982 0.02762734 0.01606075 0.06725266 0.11923875 0.05568419
 0.01629299 0.0160966  0.0593214  0.05568419 0.01175244 0.05568419
 0.0518194  0.16039592 0.01175244]
[0.03601891 0.05272688 0.04740565 0.06803521 0.0291585  0.0417129
 0.02257293 0.02454467 0.01774499 0.07585122 0.10173413 0.05025138
 0.02425003 0.02039307 0.06803521 0.05025138 0.01785764 0.05025138
 0.04589741 0.13744885 0.01785764]
[0.03695473 0.06550668 0.04050589 0.05600183 0.03076961 0.04262917
 0.02022523 0.02472503 0.01856241 0.0793081  0.09989769 0.05575313
 0.02121407 0.02181343 0.05600183 0.05575313 0.01816217 0.05575313
 0.04394168 0.13835886 0.01816217]
[0.04269616 0.05080507 0.03529728 0.04700512 0.0359228  0.04481708
 0.02832242 0.03504955 0.02002384 0.0630406  0.09426955 0.0604255
 0.03552439 0.02748868 0.04700512 0.0604255  0.02063228 0.0604255
 0.0466335  0.12355776 0.02063228]
[0.03140387 0.05703209 0.05301689 0.05640414 0.02517854 0.0336969
 0.02001966 0.02516565 0.02046822 0.08387965 0.10698622 0.04835761
 0.02025653 0.01776296 0.05640414 0.04835761 0.01641167 0.04835762
 0.04416885 0.17025946 0.01641167]
[0.03228835 0.04569728 0.04534639 0.05878581 0.02676621 0.0404157
 0.0170988  0.02313041 0.0149448  0.0699008  0.10027738 0.05408327
 0.01661794 0.01548353 0.05878581 0.05408327 0.01193274 0.05408327
 0.04516613 0.20317943 0.01193274]
[0.02171959 0.04756134 0.03122935 0.04971615 0.01746466 0.03763176
 0.00857169 0.01734555 0.00856882 0.08267472 0.1239794  0.04831481
 0.00883098 0.00823439 0.04971615 0.04831481 0.00745414 0.04831482
 0.02886125 0.29804146 0.00745414]
[0.03113643 0.05661229 0.04830694 0.05077443 0.03044603 0.05676891
 0.02115388 0.03376505 0.0237923  0.08430964 0.07695036 0.05171236
 0.02075067 0.02228942 0.05077443 0.05171236 0.01715422 0.05171236
 0.03782826 0.16489545 0.01715421]
[0.02769526 0.0695507  0.03520698 0.06590333 0.03095489 0.03139291
 0.01237926 0.02304706 0.01296408 0.0922172  0.11028019 0.04846668
 0.01189837 0.01427671 0.06590333 0.04846668 0.01160336 0.04846669
 0.03849282 0.18923014 0.01160335]
[0.03011109 0.04821149 0.04395378 0.06649938 0.02509767 0.03680779
 0.01855704 0.01940661 0.01231295 0.06394196 0.13704288 0.05516121
 0.01650784 0.01880062 0.06649938 0.05516121 0.01034309 0.05516121
 0.03651948 0.1735602  0.01034309]
[0.03899328 0.05714647 0.04026977 0.06211669 0.03826339 0.04730606
 0.02473299 0.03243605 0.02183967 0.08040022 0.06723371 0.05134005
 0.02753104 0.02532996 0.06211669 0.05134005 0.02199402 0.05134005
 0.04495131 0.13132447 0.02199402]
[0.03113643 0.05661229 0.04830694 0.05077443 0.03044603 0.05676891
 0.02115388 0.03376505 0.0237923  0.08430964 0.07695036 0.05171236
 0.02075067 0.02228942 0.05077443 0.05171236 0.01715422 0.05171236
 0.03782826 0.16489545 0.01715421]
[0.0274228  0.05025613 0.05571536 0.06679172 0.02450038 0.03821512
 0.02155863 0.02439712 0.01534992 0.06848148 0.10502294 0.05192163
 0.01961978 0.01731107 0.06679172 0.05192163 0.01455076 0.05192162
 0.05882758 0.15487187 0.01455076]
[0.03113643 0.05661229 0.04830694 0.05077443 0.03044603 0.05676891
 0.02115388 0.03376505 0.0237923  0.08430964 0.07695036 0.05171236
 0.02075067 0.02228942 0.05077443 0.05171236 0.01715422 0.05171236
 0.03782826 0.16489545 0.01715421]
[0.0246289  0.0527473  0.03305998 0.04993968 0.02286361 0.04083752
 0.01893917 0.02418765 0.01458212 0.08843536 0.10042327 0.04822357
 0.01540755 0.01436052 0.04993968 0.04822357 0.01359511 0.04822358
 0.03545024 0.24233651 0.01359511]
[0.03075947 0.04982472 0.03655529 0.0638041  0.02581305 0.04951739
 0.01782009 0.02282002 0.01496445 0.07584022 0.11422963 0.05049282
 0.01596411 0.01746499 0.0638041  0.05049282 0.01434447 0.05049282
 0.04935218 0.1712988  0.01434446]
[0.02742279 0.05025613 0.05571534 0.06679172 0.02450038 0.03821512
 0.02155863 0.02439712 0.01534992 0.06848149 0.10502292 0.05192162
 0.01961978 0.01731107 0.06679172 0.05192162 0.01455076 0.05192162
 0.05882758 0.15487187 0.01455076]]