149414
Test: public void test17() throws Throwable { NNTPClient nNTPClient0 = new NNTPClient(); // Undeclared exception!  nNTPClient0.listNewsgroups("");   }
Code: public NewsgroupInfo[] listNewsgroups() throws IOException { if (!NNTPReply.isPositiveCompletion(list())) { return null; } return readNewsgroupListing(); }
[[0.05038963 0.06990102 0.06990102 0.12126951 0.02538845 0.06461247
 0.1355605  0.06990102 0.06461246 0.05513757 0.10647605 0.02090584
 0.05513757 0.06990103 0.02090583]
[0.04174978 0.07037721 0.07037721 0.1346286  0.02725139 0.06234386
 0.1017327  0.07037721 0.06234385 0.05057121 0.14437065 0.02146396
 0.05057122 0.07037722 0.02146396]
[0.04174978 0.07037721 0.07037721 0.1346286  0.02725139 0.06234386
 0.1017327  0.07037721 0.06234385 0.05057121 0.14437065 0.02146396
 0.05057122 0.07037722 0.02146396]
[0.03308015 0.06026653 0.06026653 0.16785836 0.01980879 0.07336234
 0.14762832 0.06026653 0.07336238 0.05288063 0.10856833 0.01475195
 0.05288064 0.06026655 0.01475196]
[0.03787768 0.07235133 0.07235133 0.147081   0.02035251 0.0631424
 0.1539002  0.07235133 0.06314242 0.05371271 0.09012917 0.01377194
 0.05371271 0.07235134 0.01377194]
[0.05203507 0.06944099 0.06944099 0.09260854 0.03447499 0.08080809
 0.08999505 0.06944099 0.08080809 0.06025822 0.11309414 0.02894782
 0.06025823 0.06944101 0.02894782]
[0.02964836 0.06977966 0.06977966 0.17470044 0.01804157 0.05963298
 0.16616201 0.06977966 0.05963296 0.03888283 0.11681308 0.00924212
 0.03888284 0.06977968 0.00924211]
[0.04174978 0.07037721 0.07037721 0.1346286  0.02725139 0.06234386
 0.1017327  0.07037721 0.06234385 0.05057121 0.14437065 0.02146396
 0.05057122 0.07037722 0.02146396]
[0.05203507 0.06944099 0.06944099 0.09260854 0.03447499 0.08080809
 0.08999505 0.06944099 0.08080809 0.06025822 0.11309414 0.02894782
 0.06025823 0.06944101 0.02894782]
[0.03406926 0.06927062 0.06927062 0.13130353 0.02552825 0.0638363
 0.14230032 0.06927062 0.0638363  0.04993862 0.12689662 0.01763484
 0.04993862 0.06927064 0.01763484]
[0.04680832 0.07720597 0.07720597 0.13562706 0.02315979 0.06036822
 0.12936768 0.07720597 0.06036821 0.0543393  0.08802874 0.01938473
 0.0543393  0.07720596 0.01938472]
[0.03222728 0.06112233 0.06112233 0.13609807 0.02488121 0.07789294
 0.12329119 0.06112233 0.07789296 0.06896053 0.11130643 0.01699975
 0.06896054 0.06112234 0.01699975]
[0.03406926 0.06927063 0.06927063 0.13130353 0.02552825 0.06383628
 0.14230031 0.06927063 0.06383628 0.04993861 0.12689662 0.01763484
 0.04993862 0.06927063 0.01763484]
[0.04174978 0.0703772  0.0703772  0.1346286  0.02725138 0.06234386
 0.1017327  0.0703772  0.06234386 0.05057121 0.14437065 0.02146396
 0.05057121 0.07037722 0.02146396]
[0.03222728 0.06112232 0.06112232 0.13609806 0.02488121 0.07789295
 0.12329118 0.06112232 0.07789295 0.06896054 0.11130644 0.01699975
 0.06896055 0.06112234 0.01699975]]