75413
Test: public void test7() throws Throwable { StringWriter stringWriter0 = new StringWriter(274); JSONWriter jSONWriter0 = new JSONWriter(stringWriter0); JSONWriter jSONWriter1 = jSONWriter0.array(); JSONWriter jSONWriter2 = jSONWriter1.value(0.0); jSONWriter2.mode = '3';  jSONWriter0.value(true);   }
Code: public JSONWriter value(boolean b) throws JSONException { return this.append(b ? "true" : "false"); }
[[0.05264549 0.07303867 0.07303867 0.0600072  0.12035237 0.07303867
 0.07618287 0.05867773 0.07303867 0.08811183 0.11110183 0.05108827
 0.06593732 0.02374041]
[0.04133492 0.06774168 0.06774168 0.06678566 0.13489062 0.06774168
 0.07242869 0.05035118 0.06774168 0.08998488 0.12333146 0.04061647
 0.0851903  0.02411906]
[0.04133492 0.06774168 0.06774168 0.06678566 0.13489062 0.06774168
 0.07242869 0.05035118 0.06774168 0.08998488 0.12333146 0.04061647
 0.0851903  0.02411906]
[0.0451583  0.07341293 0.07341293 0.06776326 0.15166861 0.07341293
 0.08043307 0.05280347 0.07341293 0.07883584 0.10317796 0.04715137
 0.06384899 0.01550735]
[0.03587093 0.05893679 0.05893679 0.05540533 0.16594449 0.05893679
 0.09543037 0.06031197 0.0589368  0.09478769 0.1176794  0.04532807
 0.07540369 0.01809085]
[0.04133492 0.06774168 0.06774168 0.06678566 0.13489062 0.06774168
 0.07242869 0.05035118 0.06774168 0.08998488 0.12333146 0.04061647
 0.0851903  0.02411906]
[0.05684    0.07141156 0.07141156 0.06994639 0.09896131 0.07141156
 0.09822858 0.06452106 0.07141156 0.06970795 0.11008318 0.04749336
 0.0650285  0.03354343]
[0.03571653 0.06884009 0.06884009 0.05983036 0.12708624 0.06884009
 0.07465942 0.05102553 0.06884009 0.09247503 0.13559131 0.03423374
 0.09380631 0.02021511]
[0.04133492 0.06774168 0.06774168 0.06678566 0.13489062 0.06774168
 0.07242869 0.05035118 0.06774168 0.08998488 0.12333146 0.04061647
 0.0851903  0.02411906]
[0.04230884 0.06543723 0.06543723 0.0591658  0.12031947 0.06543723
 0.1114057  0.05929066 0.06543722 0.08891889 0.10439338 0.04631041
 0.08535877 0.02077926]
[0.04692159 0.07504039 0.07504039 0.07400029 0.10153829 0.07504039
 0.08789355 0.06032002 0.07504039 0.081856   0.10574888 0.04348237
 0.07445098 0.0236265 ]
[0.05284612 0.0634423  0.0634423  0.04984815 0.12039728 0.0634423
 0.08683523 0.06640141 0.06344229 0.11125623 0.11463004 0.03766459
 0.07695653 0.02939519]
[0.0480338  0.06746967 0.06746967 0.06743169 0.12018251 0.06746967
 0.10058409 0.06527329 0.06746967 0.08130322 0.09924538 0.05051958
 0.06873761 0.02881016]
[0.0369494  0.06730057 0.06730057 0.06300494 0.15482758 0.06730057
 0.10534874 0.08370236 0.06730057 0.08793749 0.09034251 0.03720694
 0.04930804 0.02216968]]