10268
Test: public void test52() throws Throwable { Dimension dimension0 = new Dimension(0, 0); ObjectUtils.hashCode((Object) dimension0); }
Code: public static int hashCode(final Object obj) { // hashCode(Object) retained for performance, as hash code is often critical return obj == null ? 0 : obj.hashCode(); }
[[0.02711817 0.07760425 0.01754703 0.03761804 0.02088992 0.0651605
 0.03418002 0.03761804 0.03761804 0.03761804 0.0267203  0.03761804
 0.02539477 0.07991932 0.0315269  0.05769702 0.03761804 0.03761804
 0.02960019 0.02384513 0.04333845 0.03143399 0.05005006 0.02171826
 0.0241902  0.03761805 0.01112126]
[0.02902342 0.07621997 0.01516256 0.03925574 0.01987295 0.05492482
 0.05014783 0.03925574 0.03925574 0.03925574 0.02439241 0.03925574
 0.03204283 0.07053754 0.03358755 0.0561511  0.03925574 0.03925574
 0.0273965  0.02271706 0.03706835 0.02728429 0.0461948  0.024388
 0.0251538  0.03925575 0.01368834]
[0.01638931 0.09910609 0.01207501 0.04273922 0.01678498 0.06799297
 0.03560632 0.04273922 0.04273922 0.04273922 0.01897799 0.04273922
 0.03072739 0.06819436 0.02872293 0.06213514 0.04273922 0.04273922
 0.02627518 0.02230521 0.04200787 0.02220775 0.0484385  0.01482983
 0.01747078 0.04273923 0.00783862]
[0.02272056 0.0774579  0.0148529  0.03819693 0.01749418 0.06471104
 0.03449688 0.03819693 0.03819693 0.03819693 0.03127921 0.03819693
 0.03609092 0.06919896 0.02885408 0.06439707 0.03819693 0.03819693
 0.02753626 0.02545433 0.04335576 0.02517148 0.05404583 0.02410063
 0.02137325 0.03819693 0.01183329]
[0.02758221 0.07985623 0.01302377 0.03662382 0.01943922 0.06291708
 0.0541444  0.03662382 0.03662382 0.03662382 0.02988057 0.03662382
 0.02311114 0.07221948 0.02445562 0.0606553  0.03662382 0.03662382
 0.03379312 0.02459028 0.04665033 0.0271203  0.05550031 0.02250342
 0.01934301 0.03662383 0.01022362]
[0.03179299 0.05558365 0.01581083 0.04380101 0.01817784 0.04643936
 0.05161883 0.04380101 0.04380101 0.04380101 0.02249665 0.04380101
 0.03091121 0.0684144  0.0349348  0.04431487 0.04380101 0.04380101
 0.03240058 0.0275492  0.03801896 0.03080822 0.038268   0.02190226
 0.02701767 0.04380102 0.01313153]
[0.02984318 0.0705249  0.01425621 0.03892891 0.01777227 0.05887927
 0.04835607 0.03892891 0.03892891 0.03892891 0.02924652 0.03892891
 0.03899565 0.06867075 0.03432105 0.04564318 0.03892891 0.03892891
 0.03429652 0.02792161 0.03184605 0.02427773 0.03853571 0.03365529
 0.02453635 0.03892893 0.0169904 ]
[0.02272056 0.0774579  0.0148529  0.03819693 0.01749418 0.06471104
 0.03449688 0.03819693 0.03819693 0.03819693 0.03127921 0.03819693
 0.03609092 0.06919896 0.02885408 0.06439707 0.03819693 0.03819693
 0.02753626 0.02545433 0.04335576 0.02517148 0.05404583 0.02410063
 0.02137325 0.03819693 0.01183329]
[0.02272056 0.0774579  0.0148529  0.03819693 0.01749418 0.06471104
 0.03449688 0.03819693 0.03819693 0.03819693 0.03127921 0.03819693
 0.03609092 0.06919896 0.02885408 0.06439707 0.03819693 0.03819693
 0.02753626 0.02545433 0.04335576 0.02517148 0.05404583 0.02410063
 0.02137325 0.03819693 0.01183329]
[0.02272056 0.0774579  0.0148529  0.03819693 0.01749418 0.06471104
 0.03449688 0.03819693 0.03819693 0.03819693 0.03127921 0.03819693
 0.03609092 0.06919896 0.02885408 0.06439707 0.03819693 0.03819693
 0.02753626 0.02545433 0.04335576 0.02517148 0.05404583 0.02410063
 0.02137325 0.03819693 0.01183329]
[0.02741497 0.07627559 0.01307239 0.03885812 0.01451047 0.07058599
 0.04704915 0.03885812 0.03885812 0.03885812 0.02714653 0.03885812
 0.0330103  0.08262858 0.02784993 0.06677805 0.03885812 0.03885812
 0.02969433 0.02482085 0.03920763 0.02239976 0.04348797 0.01894252
 0.01643619 0.03885812 0.00782387]
[0.02272056 0.0774579  0.0148529  0.03819693 0.01749418 0.06471104
 0.03449688 0.03819693 0.03819693 0.03819693 0.03127921 0.03819693
 0.03609092 0.06919896 0.02885408 0.06439707 0.03819693 0.03819693
 0.02753626 0.02545433 0.04335576 0.02517148 0.05404583 0.02410063
 0.02137325 0.03819693 0.01183329]
[0.02930762 0.07332876 0.01601299 0.03939704 0.02173403 0.0565025
 0.04396971 0.03939704 0.03939704 0.03939704 0.02715472 0.03939704
 0.03388591 0.06576721 0.03651105 0.05095094 0.03939704 0.03939704
 0.03386667 0.02753225 0.03909493 0.02098569 0.04963993 0.02797099
 0.01898989 0.03939704 0.01161785]
[0.0308274  0.07013597 0.01617051 0.04117663 0.02033674 0.05233952
 0.03576026 0.04117663 0.04117663 0.04117663 0.02728274 0.04117663
 0.0274607  0.0730144  0.02935983 0.05363598 0.04117663 0.04117663
 0.02963723 0.02829691 0.03597119 0.02494081 0.05938838 0.02340235
 0.02192468 0.04117664 0.01070134]
[0.02698624 0.08570962 0.01332847 0.03883862 0.01715769 0.05711531
 0.04097851 0.03883862 0.03883862 0.03883862 0.03107493 0.03883862
 0.02994336 0.06597469 0.03026606 0.06052833 0.03883862 0.03883862
 0.03228176 0.02611659 0.03461794 0.01926857 0.05771992 0.02642982
 0.02105004 0.03883862 0.01274322]
[0.02856866 0.06329649 0.01340136 0.03727555 0.01759033 0.05523311
 0.04364711 0.03727555 0.03727555 0.03727555 0.02667538 0.03727555
 0.0321875  0.08359303 0.03688923 0.05538055 0.03727555 0.03727555
 0.03756014 0.03670316 0.03368915 0.02688168 0.04996984 0.02511556
 0.02391913 0.03727555 0.01149421]
[0.02272056 0.0774579  0.0148529  0.03819693 0.01749418 0.06471104
 0.03449688 0.03819693 0.03819693 0.03819693 0.03127921 0.03819693
 0.03609092 0.06919896 0.02885408 0.06439707 0.03819693 0.03819693
 0.02753626 0.02545433 0.04335576 0.02517148 0.05404583 0.02410063
 0.02137325 0.03819693 0.01183329]
[0.02272056 0.0774579  0.0148529  0.03819693 0.01749418 0.06471104
 0.03449688 0.03819693 0.03819693 0.03819693 0.03127921 0.03819693
 0.03609092 0.06919896 0.02885408 0.06439707 0.03819693 0.03819693
 0.02753626 0.02545433 0.04335576 0.02517148 0.05404583 0.02410063
 0.02137325 0.03819693 0.01183329]
[0.01944051 0.08632406 0.01203045 0.03992959 0.01823698 0.07058754
 0.03560211 0.03992959 0.03992959 0.03992959 0.03449948 0.03992959
 0.02469987 0.07266475 0.02377252 0.05183781 0.03992959 0.03992959
 0.02863724 0.0304963  0.03910109 0.0255547  0.05815253 0.02151106
 0.01753562 0.03992959 0.00987875]
[0.02507037 0.06096298 0.01513637 0.04241499 0.01774289 0.05870409
 0.03959221 0.04241499 0.04241499 0.04241499 0.02402739 0.04241499
 0.03205254 0.07529073 0.02644132 0.05165153 0.04241499 0.04241499
 0.02736879 0.02875562 0.03322175 0.02840761 0.04918581 0.02671615
 0.02272478 0.04241499 0.01762721]
[0.01842993 0.09803373 0.01194201 0.03165548 0.01921996 0.07900193
 0.04250265 0.03165548 0.03165548 0.03165548 0.02430634 0.03165548
 0.02560876 0.08958334 0.03214065 0.0747336  0.03165548 0.03165548
 0.02999713 0.02307752 0.04655431 0.02388332 0.05867871 0.01770977
 0.02240913 0.03165549 0.00894339]
[0.02449726 0.06625135 0.01404209 0.0375555  0.01915055 0.06222931
 0.05196896 0.0375555  0.0375555  0.0375555  0.03339678 0.0375555
 0.02796412 0.06428668 0.03114657 0.07134901 0.0375555  0.0375555
 0.03901061 0.02641625 0.03888805 0.02293639 0.05604707 0.02312258
 0.018698   0.0375555  0.00815428]
[0.02445274 0.07363012 0.01084754 0.0386776  0.01766419 0.06994808
 0.05381967 0.0386776  0.0386776  0.0386776  0.0205226  0.0386776
 0.02855892 0.08443241 0.02572395 0.06476991 0.0386776  0.0386776
 0.03311681 0.02105935 0.03038289 0.02418506 0.05654009 0.01694006
 0.02364277 0.03867761 0.010342  ]
[0.02294856 0.08890998 0.01377724 0.03604743 0.01740522 0.07619119
 0.03943285 0.03604743 0.03604743 0.03604743 0.03222796 0.03604743
 0.02073152 0.07027889 0.02823676 0.05915033 0.03604743 0.03604743
 0.03567395 0.02461967 0.04380608 0.02579196 0.062331   0.0219291
 0.01975204 0.03604744 0.00842627]
[0.02891707 0.07772609 0.01883181 0.03560742 0.01920036 0.05859087
 0.04282424 0.03560742 0.03560742 0.03560742 0.03012694 0.03560742
 0.02268515 0.06243345 0.03240945 0.05783568 0.03560742 0.03560742
 0.03648443 0.02819487 0.03613459 0.02987223 0.06781559 0.03053488
 0.01946668 0.03560742 0.01505629]
[0.02272056 0.07745789 0.0148529  0.03819693 0.01749418 0.06471105
 0.03449688 0.03819693 0.03819693 0.03819693 0.03127921 0.03819693
 0.03609092 0.06919895 0.02885408 0.06439704 0.03819693 0.03819693
 0.02753626 0.02545432 0.04335575 0.02517148 0.05404582 0.02410063
 0.02137325 0.03819693 0.01183329]
[0.01960825 0.07998808 0.01494737 0.03706536 0.01971412 0.06774147
 0.04810725 0.03706536 0.03706536 0.03706536 0.02542766 0.03706536
 0.02504827 0.07753621 0.03294035 0.07206514 0.03706536 0.03706536
 0.0421646  0.02263343 0.03378566 0.02244734 0.05030608 0.02077711
 0.01777614 0.03706537 0.01046256]]