13733
Test: public void test20() throws Throwable { NumericEntityUnescaper.OPTION[] numericEntityUnescaper_OPTIONArray0 = new NumericEntityUnescaper.OPTION[0]; NumericEntityUnescaper numericEntityUnescaper0 = new NumericEntityUnescaper(numericEntityUnescaper_OPTIONArray0); NumericEntityUnescaper.OPTION numericEntityUnescaper_OPTION0 = NumericEntityUnescaper.OPTION.semiColonOptional; boolean boolean0 = numericEntityUnescaper0.isSet(numericEntityUnescaper_OPTION0); }
Code: public boolean isSet(final OPTION option) { return options != null && options.contains(option); }
[[0.06821726 0.16422617 0.09464067 0.09464067 0.06712428 0.09686458
 0.07580502 0.05470811 0.03799326 0.07625443 0.04452762 0.09464068
 0.03035725]
[0.04793467 0.23704068 0.09075522 0.09075522 0.05539805 0.12751979
 0.08142819 0.04098865 0.02499556 0.05543162 0.03346679 0.09075522
 0.02353026]
[0.05636023 0.202875   0.09271093 0.09271093 0.06277856 0.09684902
 0.06860358 0.06169218 0.0385799  0.06053699 0.04121649 0.09271093
 0.03237521]
[0.05636023 0.202875   0.09271093 0.09271093 0.06277856 0.09684902
 0.06860358 0.06169218 0.0385799  0.06053699 0.04121649 0.09271093
 0.03237521]
[0.06905303 0.17120951 0.08494391 0.08494391 0.07649035 0.1026625
 0.07528263 0.05652937 0.04279836 0.06825357 0.04901046 0.08494389
 0.03387854]
[0.06872142 0.14521022 0.08772013 0.08772013 0.05878712 0.11566476
 0.07841279 0.06447499 0.04961793 0.05518354 0.06080954 0.08772014
 0.03995726]
[0.0491283  0.23638245 0.09494157 0.09494157 0.05313645 0.10217942
 0.0702743  0.05071557 0.03104786 0.05934821 0.03527166 0.09494158
 0.02769099]
[0.05772372 0.22667193 0.09944142 0.09944142 0.0414675  0.0955578
 0.06894872 0.04643158 0.03279608 0.06336657 0.04271244 0.09944142
 0.0259994 ]
[0.05226023 0.2131879  0.09215592 0.09215592 0.05754458 0.14482486
 0.07552932 0.04384003 0.02417078 0.05261561 0.03523478 0.09215593
 0.02432414]
[0.05963736 0.15724102 0.09051178 0.09051178 0.05421635 0.1460864
 0.09743185 0.05656739 0.03390217 0.05448195 0.04683354 0.09051178
 0.02206663]
[0.0508975  0.23441043 0.09173584 0.09173584 0.05212218 0.10978689
 0.06510834 0.04813675 0.03505535 0.05903424 0.03555179 0.09173585
 0.03468903]
[0.05636023 0.202875   0.09271093 0.09271093 0.06277856 0.09684902
 0.06860358 0.06169218 0.0385799  0.06053699 0.04121649 0.09271093
 0.03237521]
[0.04953526 0.1634475  0.09004439 0.09004439 0.04859513 0.14227487
 0.11251456 0.04652017 0.03786409 0.05499525 0.04422473 0.09004439
 0.02989519]]