167912
Test: public void test5() throws Throwable { boolean boolean0 = Os.isVersion("unix"); }
Code: public static boolean isVersion(final String version) { return isOs((OsFamily) null, null, null, version); }
[[0.04219001 0.10663252 0.11629619 0.05851783 0.05574532 0.06641721
 0.04510613 0.04505474 0.05851784 0.1104893  0.1104893  0.1104893
 0.05851784 0.01553648]
[0.0411184  0.09944117 0.13468474 0.05667904 0.0648765  0.05431112
 0.0610056  0.03812554 0.05667904 0.10636035 0.10636035 0.10636035
 0.05667905 0.01731873]
[0.02719386 0.08084646 0.17413157 0.05477733 0.06232883 0.05018459
 0.04734282 0.03832721 0.05477733 0.11518297 0.11518297 0.11518297
 0.05477734 0.00976374]
[0.03490718 0.1158824  0.13751118 0.05922719 0.06610482 0.05433356
 0.05000038 0.04222673 0.05922719 0.1013252  0.1013252  0.1013252
 0.0592272  0.01737653]
[0.04089512 0.10964589 0.15468742 0.06001357 0.04896329 0.04234061
 0.05067717 0.04019656 0.06001356 0.10635721 0.10635721 0.10635721
 0.06001357 0.01348158]
[0.03173929 0.1069167  0.14084598 0.05458468 0.06695684 0.05755331
 0.04664709 0.04708178 0.05458468 0.10950252 0.10950252 0.10950252
 0.05458469 0.00999737]
[0.04386869 0.09916349 0.10324085 0.05990674 0.06736135 0.05322967
 0.06506826 0.05120091 0.05990674 0.10444404 0.10444404 0.10444404
 0.05990675 0.02381442]
[0.02535403 0.10610789 0.15647681 0.05411131 0.06473096 0.05684022
 0.04226496 0.03806331 0.05411132 0.11195822 0.11195822 0.11195822
 0.05411132 0.01195326]
[0.03490718 0.1158824  0.13751118 0.05922719 0.06610482 0.05433356
 0.05000038 0.04222673 0.05922719 0.1013252  0.1013252  0.1013252
 0.0592272  0.01737653]
[0.02953206 0.0858252  0.16016407 0.0599817  0.05082208 0.0453423
 0.05158528 0.03634636 0.0599817  0.11605498 0.11605498 0.11605498
 0.05998171 0.01227257]
[0.02953206 0.0858252  0.16016407 0.0599817  0.05082208 0.0453423
 0.05158528 0.03634636 0.0599817  0.11605498 0.11605498 0.11605498
 0.05998171 0.01227257]
[0.02953206 0.0858252  0.16016407 0.0599817  0.05082208 0.0453423
 0.05158528 0.03634636 0.0599817  0.11605498 0.11605498 0.11605498
 0.05998171 0.01227257]
[0.03490719 0.1158824  0.13751118 0.05922719 0.06610481 0.05433355
 0.05000039 0.04222673 0.05922719 0.10132521 0.10132521 0.10132521
 0.05922719 0.01737653]
[0.03121769 0.11262883 0.11858422 0.06120406 0.05730011 0.04554861
 0.06392214 0.06346709 0.06120406 0.10305917 0.10305917 0.10305917
 0.06120407 0.01454162]]