29209
Test: public void test0() throws Throwable { // Undeclared exception!  Circle.from((Vector2D) null, 1590.608, (Precision.DoubleEquivalence) null);   }
Code: public static Circle from(final Vector2D center, final double radius, final Precision.DoubleEquivalence precision) { return new Circle(center, radius, precision); }
[[0.0408144  0.12398365 0.03292795 0.05662124 0.05285328 0.05662124
 0.03290959 0.07028224 0.06741752 0.03290959 0.05662124 0.05662124
 0.05555451 0.04505779 0.02050673 0.05662124 0.06741752 0.05662125
 0.01763773]
[0.04370799 0.12082514 0.02537121 0.05836478 0.04097895 0.05836478
 0.03283371 0.06683922 0.06044413 0.03283371 0.05836478 0.05836478
 0.08262134 0.04174446 0.01908656 0.05836478 0.06044413 0.05836479
 0.02208082]
[0.03415916 0.13787349 0.0243229  0.05284039 0.05053514 0.05284039
 0.03082551 0.05722234 0.08337325 0.03082551 0.05284039 0.05284039
 0.06626452 0.05571359 0.01692841 0.05284039 0.08337325 0.0528404
 0.01154054]
[0.03377896 0.12237592 0.03610279 0.0555333  0.05417243 0.0555333
 0.03394862 0.06262401 0.07248377 0.03394862 0.0555333  0.0555333
 0.05822305 0.04112157 0.0260853  0.0555333  0.07248378 0.0555333
 0.01945134]
[0.04252536 0.13303365 0.03466138 0.05529481 0.04538123 0.05529481
 0.03119288 0.05648167 0.07052836 0.03119288 0.05529481 0.05529481
 0.0731816  0.04449493 0.01729519 0.05529481 0.07052837 0.05529483
 0.01773367]
[0.03377896 0.12237592 0.03610279 0.0555333  0.05417243 0.0555333
 0.03394862 0.06262401 0.07248377 0.03394862 0.0555333  0.0555333
 0.05822305 0.04112157 0.0260853  0.0555333  0.07248378 0.0555333
 0.01945134]
[0.03918197 0.11734119 0.019773   0.0580424  0.04368977 0.0580424
 0.02654859 0.07411076 0.07326864 0.02654859 0.0580424  0.0580424
 0.07010297 0.05708186 0.01720086 0.0580424  0.07326864 0.05804241
 0.01362872]
[0.03242575 0.14027825 0.02509224 0.05791529 0.04217755 0.05791529
 0.027949   0.06999443 0.07358705 0.027949   0.05791529 0.05791529
 0.0581876  0.04977912 0.01628122 0.05791529 0.07358705 0.05791529
 0.01522001]
[0.0312797  0.1367004  0.03487409 0.05005214 0.05159317 0.05005214
 0.03373301 0.0558145  0.07715616 0.03373301 0.05005214 0.05005214
 0.08148014 0.05001433 0.01977084 0.05005214 0.07715617 0.05005215
 0.01638161]
[0.03918197 0.11734119 0.019773   0.0580424  0.04368977 0.0580424
 0.02654859 0.07411076 0.07326864 0.02654859 0.0580424  0.0580424
 0.07010297 0.05708186 0.01720086 0.0580424  0.07326864 0.05804241
 0.01362872]
[0.03377896 0.12237592 0.03610279 0.0555333  0.05417243 0.0555333
 0.03394862 0.06262401 0.07248377 0.03394862 0.0555333  0.0555333
 0.05822305 0.04112157 0.0260853  0.0555333  0.07248378 0.0555333
 0.01945134]
[0.03377896 0.12237592 0.03610279 0.0555333  0.05417243 0.0555333
 0.03394862 0.06262401 0.07248377 0.03394862 0.0555333  0.0555333
 0.05822305 0.04112157 0.0260853  0.0555333  0.07248378 0.0555333
 0.01945134]
[0.04404972 0.10603621 0.02811359 0.05630672 0.05042483 0.05630672
 0.04337572 0.0589564  0.05693972 0.04337572 0.05630672 0.05630672
 0.07396272 0.05028494 0.02412242 0.05630672 0.05693971 0.05630673
 0.02557798]
[0.03007554 0.13873929 0.0305492  0.06014106 0.04710441 0.06014106
 0.0275814  0.06415044 0.06862642 0.0275814  0.06014106 0.06014106
 0.05841924 0.04373008 0.01794081 0.06014106 0.06862642 0.06014108
 0.01602898]
[0.03714322 0.11305121 0.03489243 0.05559105 0.04356367 0.05559105
 0.0300226  0.06890658 0.07097598 0.0300226  0.05559105 0.05559105
 0.07053271 0.05234781 0.02376994 0.05559105 0.07097599 0.05559106
 0.02024898]
[0.03377896 0.12237592 0.03610279 0.0555333  0.05417243 0.0555333
 0.03394862 0.06262401 0.07248377 0.03394862 0.0555333  0.0555333
 0.05822305 0.04112157 0.0260853  0.0555333  0.07248378 0.0555333
 0.01945134]
[0.03127971 0.13670039 0.03487409 0.05005214 0.05159317 0.05005214
 0.033733   0.0558145  0.07715617 0.033733   0.05005214 0.05005214
 0.08148017 0.05001433 0.01977084 0.05005214 0.07715618 0.05005215
 0.01638161]
[0.03377897 0.12237592 0.03610279 0.0555333  0.05417244 0.0555333
 0.03394862 0.062624   0.07248378 0.03394862 0.0555333  0.0555333
 0.05822306 0.04112158 0.0260853  0.0555333  0.07248378 0.0555333
 0.01945134]
[0.02971158 0.1307296  0.02517718 0.05474379 0.04424939 0.05474379
 0.0272205  0.06932684 0.06832269 0.0272205  0.05474379 0.05474379
 0.08109504 0.06626066 0.01667772 0.05474379 0.06832269 0.0547438
 0.01722287]]