168309
Test: public void test5() throws Throwable { byte[] byteArray0 = new byte[4]; ByteArrayInputStream byteArrayInputStream0 = new ByteArrayInputStream(byteArray0);  StreamUtils.getGzipStreamContents(byteArrayInputStream0);   }
Code: public static String getGzipStreamContents(InputStream is) throws IOException { Preconditions.checkNotNull(is, "Cannot get String from a null object"); final GZIPInputStream gis = new GZIPInputStream(is); return getStreamContents(gis); }
[[0.0320155  0.10021549 0.0407392  0.04441626 0.03354043 0.07396346
 0.01721361 0.04527216 0.04441626 0.04441626 0.01725394 0.0407392
 0.03278201 0.05069491 0.03583617 0.05674405 0.02603825 0.04441626
 0.04441626 0.02030974 0.01596882 0.04441626 0.03555333 0.04441626
 0.01420603]
[0.03312943 0.09340203 0.04801948 0.04401214 0.03584782 0.06917471
 0.02061578 0.06476384 0.04401214 0.04401214 0.01700557 0.04801948
 0.02626205 0.04497451 0.03052628 0.05001481 0.02516436 0.04401214
 0.04401214 0.0214816  0.01454706 0.04401214 0.03178771 0.04401214
 0.01717852]
[0.03208619 0.09970136 0.03652219 0.04468845 0.04286599 0.08537359
 0.01898387 0.05066796 0.04468845 0.04468845 0.02155422 0.03652219
 0.02540633 0.04811766 0.02630575 0.05707689 0.02515531 0.04468845
 0.04468845 0.02162777 0.01374608 0.04468845 0.03281655 0.04468845
 0.01265098]
[0.02566902 0.09271139 0.04586665 0.04224967 0.0374584  0.08361681
 0.01839135 0.04397196 0.04224967 0.04224967 0.01670122 0.04586665
 0.0284554  0.06494556 0.02759452 0.05325047 0.02571823 0.04224967
 0.04224967 0.028286   0.01979876 0.04224967 0.03124158 0.04224967
 0.0147083 ]
[0.03270176 0.07845175 0.03973313 0.04797799 0.03541026 0.07188914
 0.01704553 0.06078563 0.04797799 0.04797799 0.01933383 0.03973313
 0.02624548 0.05136709 0.0295342  0.05457306 0.02564166 0.04797799
 0.04797799 0.01831688 0.01427598 0.04797799 0.03703512 0.04797799
 0.01208042]
[0.02376989 0.08977871 0.04198929 0.03883927 0.02795853 0.10942378
 0.0163875  0.06376981 0.03883927 0.03883927 0.01808327 0.04198929
 0.02556739 0.07488661 0.03034824 0.05816783 0.02003171 0.03883927
 0.03883927 0.02142882 0.01242086 0.03883927 0.04006542 0.03883927
 0.01205818]
[0.02486949 0.09643643 0.04339131 0.04726831 0.04000944 0.09566759
 0.01421168 0.04509586 0.04726831 0.04726831 0.01757051 0.04339131
 0.02418682 0.04547597 0.02560145 0.05321145 0.02176993 0.04726831
 0.04726831 0.01959089 0.01303672 0.04726831 0.03607127 0.04726831
 0.00953373]
[0.03378334 0.08298973 0.0462394  0.04219165 0.03993671 0.05869355
 0.02346147 0.05894899 0.04219165 0.04219165 0.0222249  0.0462394
 0.03046098 0.05113494 0.0267785  0.04557841 0.03335476 0.04219165
 0.04219165 0.02833453 0.01817809 0.04219165 0.03827469 0.04219165
 0.0200461 ]
[0.02566902 0.09271139 0.04586665 0.04224967 0.0374584  0.08361681
 0.01839135 0.04397196 0.04224967 0.04224967 0.01670122 0.04586665
 0.0284554  0.06494556 0.02759452 0.05325047 0.02571823 0.04224967
 0.04224967 0.028286   0.01979876 0.04224967 0.03124158 0.04224967
 0.0147083 ]
[0.02566902 0.09271139 0.04586665 0.04224967 0.0374584  0.08361681
 0.01839135 0.04397196 0.04224967 0.04224967 0.01670122 0.04586665
 0.0284554  0.06494556 0.02759452 0.05325047 0.02571823 0.04224967
 0.04224967 0.028286   0.01979876 0.04224967 0.03124158 0.04224967
 0.0147083 ]
[0.02531068 0.09240502 0.037249   0.04844737 0.03246293 0.07157832
 0.01572013 0.04892709 0.04844737 0.04844737 0.02058916 0.037249
 0.03424118 0.04748758 0.03545631 0.04874422 0.02728933 0.04844737
 0.04844737 0.0187692  0.01429559 0.04844737 0.03951337 0.04844737
 0.01358036]
[0.03208619 0.09970136 0.03652219 0.04468845 0.04286599 0.08537359
 0.01898387 0.05066796 0.04468845 0.04468845 0.02155422 0.03652219
 0.02540633 0.04811766 0.02630575 0.05707689 0.02515531 0.04468845
 0.04468845 0.02162777 0.01374608 0.04468845 0.03281655 0.04468845
 0.01265098]
[0.02322937 0.11274698 0.04551671 0.03834748 0.02962874 0.08165598
 0.01837011 0.05011863 0.03834748 0.03834748 0.02249327 0.04551671
 0.03217508 0.07530258 0.02613265 0.0525724  0.0259587  0.03834748
 0.03834748 0.02101825 0.01678135 0.03834748 0.03861524 0.03834748
 0.01373491]
[0.0378786  0.08192889 0.04339005 0.04012123 0.05016961 0.07742147
 0.02155034 0.05727592 0.04012123 0.04012123 0.02586155 0.04339005
 0.0268632  0.05135974 0.02946489 0.04703464 0.02789603 0.04012123
 0.04012123 0.02413171 0.020057   0.04012123 0.03805158 0.04012123
 0.0154261 ]
[0.02771988 0.08247846 0.0392001  0.04195329 0.03924702 0.08716406
 0.018486   0.07040923 0.04195329 0.04195329 0.02054114 0.0392001
 0.02512137 0.04951701 0.02514995 0.05839357 0.0229819  0.04195329
 0.04195329 0.02484133 0.01973285 0.04195329 0.04560251 0.04195329
 0.01054056]
[0.02009919 0.10884148 0.04649599 0.04338747 0.03000596 0.08725339
 0.01557523 0.04705057 0.04338747 0.04338747 0.01905908 0.04649599
 0.02843319 0.06349353 0.02643956 0.04640924 0.02979364 0.04338747
 0.04338747 0.02004825 0.01193342 0.04338747 0.03911117 0.04338747
 0.00974891]
[0.03062736 0.0918917  0.0451171  0.04500712 0.04151068 0.07703912
 0.02004765 0.05536274 0.04500712 0.04500712 0.02049805 0.0451171
 0.02478699 0.05020589 0.02422043 0.04530296 0.02081249 0.04500712
 0.04500712 0.0236463  0.01339367 0.04500712 0.04463464 0.04500712
 0.01073527]
[0.02566902 0.09271139 0.04586665 0.04224967 0.0374584  0.08361681
 0.01839135 0.04397196 0.04224967 0.04224967 0.01670122 0.04586665
 0.0284554  0.06494556 0.02759452 0.05325047 0.02571823 0.04224967
 0.04224967 0.028286   0.01979876 0.04224967 0.03124158 0.04224967
 0.0147083 ]
[0.02566902 0.09271139 0.04586665 0.04224967 0.0374584  0.08361681
 0.01839135 0.04397196 0.04224967 0.04224967 0.01670122 0.04586665
 0.0284554  0.06494556 0.02759452 0.05325047 0.02571823 0.04224967
 0.04224967 0.028286   0.01979876 0.04224967 0.03124158 0.04224967
 0.0147083 ]
[0.03450159 0.08473486 0.0409016  0.04879963 0.04293876 0.05227029
 0.02211577 0.03899951 0.04879963 0.04879963 0.02487812 0.0409016
 0.02988551 0.04759438 0.02839459 0.04157658 0.02906365 0.04879963
 0.04879963 0.02861506 0.01623749 0.04879963 0.03787598 0.04879963
 0.01691733]
[0.02717618 0.08334309 0.04594494 0.04015831 0.04152938 0.08793031
 0.01964834 0.05283307 0.04015831 0.04015831 0.02160177 0.04594494
 0.02872356 0.06282833 0.03116908 0.05606667 0.02204419 0.04015831
 0.04015831 0.021438   0.01725046 0.04015831 0.03833502 0.04015831
 0.01508452]
[0.02566902 0.09271139 0.04586665 0.04224967 0.0374584  0.08361681
 0.01839135 0.04397196 0.04224967 0.04224967 0.01670122 0.04586665
 0.0284554  0.06494556 0.02759452 0.05325047 0.02571823 0.04224967
 0.04224967 0.028286   0.01979876 0.04224967 0.03124158 0.04224967
 0.0147083 ]
[0.02187325 0.10495839 0.04599538 0.04246382 0.03969216 0.07868259
 0.01771228 0.04509751 0.04246382 0.04246382 0.01956752 0.04599538
 0.02848288 0.07654764 0.02659292 0.05311668 0.02040386 0.04246382
 0.04246382 0.02152684 0.01291166 0.04246382 0.03135591 0.04246382
 0.01224046]
[0.02566902 0.09271139 0.04586665 0.04224967 0.0374584  0.08361681
 0.01839135 0.04397196 0.04224967 0.04224967 0.01670122 0.04586665
 0.0284554  0.06494556 0.02759452 0.05325047 0.02571823 0.04224967
 0.04224967 0.028286   0.01979876 0.04224967 0.03124158 0.04224967
 0.0147083 ]
[0.02275394 0.10232188 0.04163651 0.04159557 0.0415188  0.09541079
 0.01931853 0.0640032  0.04159557 0.04159557 0.01907218 0.04163651
 0.02127046 0.04017269 0.02537345 0.05459122 0.02099306 0.04159557
 0.04159557 0.02117568 0.0127824  0.04159557 0.05129298 0.04159557
 0.01350677]]