78963
Test: public void test75() throws Throwable { LOOKUPSWITCH lOOKUPSWITCH0 = new LOOKUPSWITCH(); // Undeclared exception!  lOOKUPSWITCH0.setMatch((-1296), (-1296));   }
Code: final void setMatch(final int index, final int value) { match[index] = value; }
[[0.05090996 0.05634885 0.12732074 0.03574603 0.18743417 0.05090996
 0.03574603 0.07413229 0.12127366 0.12732074 0.06061979 0.04776056
 0.02447717]
[0.0543842  0.05450755 0.12840107 0.03497472 0.17867735 0.0543842
 0.03497472 0.09839778 0.10379943 0.12840107 0.05116819 0.04597357
 0.0319562 ]
[0.05891936 0.05401379 0.10815835 0.04216741 0.17277282 0.05891936
 0.04216741 0.10689572 0.09215299 0.10815834 0.06667331 0.05703372
 0.03196746]
[0.06612311 0.04265954 0.12703314 0.0358029  0.15513472 0.06612311
 0.0358029  0.12226005 0.10823492 0.12703314 0.0413447  0.04880981
 0.02363793]
[0.05543053 0.06504667 0.11139353 0.03422501 0.15794626 0.05543053
 0.03422501 0.1217688  0.11821943 0.11139356 0.05045347 0.0539306
 0.03053659]
[0.05090996 0.05634885 0.12732074 0.03574603 0.18743417 0.05090996
 0.03574603 0.07413229 0.12127366 0.12732074 0.06061979 0.04776056
 0.02447717]
[0.06612311 0.04265954 0.12703314 0.0358029  0.15513472 0.06612311
 0.0358029  0.12226005 0.10823492 0.12703314 0.0413447  0.04880981
 0.02363793]
[0.05893803 0.05173528 0.11392478 0.03592962 0.18782675 0.05893803
 0.03592962 0.09319399 0.11796396 0.11392477 0.0545553  0.04737367
 0.02976625]
[0.07293633 0.06453585 0.10004236 0.03622812 0.16910416 0.07293633
 0.03622812 0.08286609 0.11432031 0.10004237 0.06177778 0.04780116
 0.04118105]
[0.05891936 0.05401379 0.10815835 0.04216741 0.17277282 0.05891936
 0.04216741 0.10689572 0.09215299 0.10815834 0.06667331 0.05703372
 0.03196746]
[0.06839605 0.06613263 0.11489171 0.04919298 0.12296461 0.06839605
 0.04919298 0.08772206 0.09122168 0.11489171 0.06719232 0.06012232
 0.03968294]
[0.05700612 0.04536974 0.10247586 0.04319086 0.20024973 0.05700612
 0.04319086 0.10011029 0.10723439 0.10247586 0.05833802 0.06020074
 0.02315144]
[0.05081902 0.05187162 0.10988832 0.0441226  0.19831425 0.05081902
 0.0441226  0.06992626 0.13340954 0.10988832 0.05039947 0.05702467
 0.02939431]]