29807
Test: public void test7() throws Throwable { TimeUnit timeUnit0 = TimeUnit.HOURS; // Undeclared exception!  ThreadUtil.sleep((-1L), timeUnit0);   }
Code: public static void sleep(long durationMillis) { try { Thread.sleep(durationMillis); } catch (InterruptedException e) { Thread.currentThread().interrupt(); } }
[[0.04072373 0.11996971 0.03281384 0.0564934  0.13818    0.05329168
 0.0749986  0.05329168 0.0564934  0.01713046 0.04303607 0.06468562
 0.10484579 0.05329168 0.0564934  0.01713046 0.01713046]
[0.04200166 0.10794073 0.02676299 0.05710378 0.12137211 0.06979574
 0.06603673 0.06979574 0.05710378 0.01923578 0.04326876 0.05672934
 0.09748186 0.06979574 0.05710378 0.01923578 0.01923577]
[0.0318288  0.11413728 0.02799971 0.06147296 0.1686526  0.05647238
 0.05688245 0.05647238 0.06147296 0.01714506 0.03297802 0.04584143
 0.11640848 0.05647238 0.06147296 0.01714506 0.01714506]
[0.03551996 0.12225133 0.03131026 0.05951348 0.15226454 0.05504336
 0.06284948 0.05504336 0.05951348 0.01879771 0.0391464  0.05891367
 0.09768073 0.05504336 0.05951348 0.01879771 0.01879771]
[0.02945871 0.15801191 0.0210316  0.06676804 0.16495223 0.056439
 0.05797946 0.056439   0.06676804 0.01334386 0.02797159 0.05200893
 0.07893291 0.056439   0.06676804 0.01334386 0.01334385]
[0.04520624 0.10156266 0.03888261 0.06210486 0.11982933 0.06621902
 0.05075584 0.06621902 0.06210486 0.02437968 0.04818648 0.05562188
 0.08184426 0.06621902 0.06210486 0.02437968 0.02437968]
[0.03341629 0.13360007 0.02634713 0.05430375 0.18095236 0.05347549
 0.06334929 0.05347549 0.05430375 0.01428125 0.0350044  0.0561118
 0.1050373  0.05347549 0.05430375 0.01428125 0.01428125]
[0.04520624 0.10156266 0.03888261 0.06210486 0.11982933 0.06621902
 0.05075584 0.06621902 0.06210486 0.02437968 0.04818648 0.05562188
 0.08184426 0.06621902 0.06210486 0.02437968 0.02437968]
[0.03551996 0.12225133 0.03131026 0.05951348 0.15226454 0.05504336
 0.06284948 0.05504336 0.05951348 0.01879771 0.0391464  0.05891367
 0.09768073 0.05504336 0.05951348 0.01879771 0.01879771]
[0.03170318 0.1245482  0.02863183 0.06064056 0.12374061 0.0736679
 0.07289062 0.0736679  0.06064056 0.01622926 0.02955824 0.05457368
 0.08274043 0.0736679  0.06064056 0.01622926 0.01622926]
[0.02927912 0.14218499 0.02229451 0.05363216 0.16929944 0.0636384
 0.06380048 0.0636384  0.05363216 0.01387285 0.03481084 0.05203966
 0.09286076 0.0636384  0.05363216 0.01387285 0.01387284]
[0.03326287 0.12856802 0.02501717 0.06335993 0.15792759 0.0615621
 0.05632408 0.0615621  0.06335993 0.01469351 0.03570663 0.05851918
 0.08582781 0.0615621  0.06335993 0.01469351 0.01469351]
[0.03623496 0.11865085 0.02660638 0.05479588 0.16744423 0.05776067
 0.069072   0.05776067 0.05479588 0.02204385 0.03680415 0.05016913
 0.09121701 0.05776067 0.05479588 0.02204385 0.02204385]
[0.04520624 0.10156266 0.03888261 0.06210486 0.11982933 0.06621902
 0.05075584 0.06621902 0.06210486 0.02437968 0.04818648 0.05562188
 0.08184426 0.06621902 0.06210486 0.02437968 0.02437968]
[0.03551996 0.12225133 0.03131026 0.05951348 0.15226454 0.05504336
 0.06284948 0.05504336 0.05951348 0.01879771 0.0391464  0.05891367
 0.09768073 0.05504336 0.05951348 0.01879771 0.01879771]
[0.03170318 0.1245482  0.02863183 0.06064056 0.12374061 0.0736679
 0.07289062 0.0736679  0.06064056 0.01622926 0.02955824 0.05457368
 0.08274043 0.0736679  0.06064056 0.01622926 0.01622926]
[0.03170318 0.12454818 0.02863182 0.06064055 0.12374066 0.07366791
 0.07289062 0.07366791 0.06064055 0.01622926 0.02955823 0.05457368
 0.08274042 0.07366791 0.06064055 0.01622926 0.01622926]]