165666
Test: public void test1() throws Throwable { long[] longArray0 = new long[6]; longArray0[0] = (-1L); PcgXshRr32 pcgXshRr32_0 = new PcgXshRr32(longArray0); int int0 = pcgXshRr32_0.next(); }
Code: public int next() { final long x = state; state = bump(state); return transform(x); }
[[0.05955647 0.03853604 0.06978254 0.07506794 0.04723091 0.10033319
 0.14174607 0.03719696 0.0457302  0.09295783 0.03719696 0.08261611
 0.06500775 0.08261613 0.02442484]
[0.03666047 0.02698593 0.06473302 0.07978647 0.04917184 0.08072788
 0.15361747 0.03093601 0.04349335 0.1355298  0.03093601 0.09554067
 0.05879068 0.09554069 0.01754967]
[0.03807008 0.02178253 0.08749264 0.09247127 0.04005392 0.08423617
 0.16790023 0.03345714 0.04777982 0.10499544 0.03345715 0.08176083
 0.06465419 0.08176085 0.02012779]
[0.05882534 0.02896735 0.06619188 0.08661293 0.05744244 0.09846058
 0.10384163 0.04861186 0.04236953 0.09827974 0.04861186 0.08061677
 0.06874104 0.08061679 0.03181023]
[0.05266974 0.02389166 0.07567562 0.08393236 0.03458958 0.08264824
 0.17292069 0.0408852  0.04189645 0.08746145 0.04088519 0.08463527
 0.07644936 0.08463529 0.01682392]
[0.04158131 0.0260081  0.06788284 0.0893078  0.03734551 0.08952842
 0.17983568 0.03156247 0.03539342 0.12661383 0.03156247 0.07984069
 0.06188424 0.0798407  0.02181247]
[0.05921994 0.03398876 0.07631761 0.07536274 0.0448155  0.08619411
 0.12085575 0.04244331 0.0551322  0.10516818 0.04244331 0.07915552
 0.06750694 0.07915553 0.03224063]
[0.06401418 0.03936072 0.0718307  0.06826888 0.05378199 0.0793733
 0.10058597 0.05191463 0.0534294  0.08430912 0.05191463 0.0906577
 0.06949896 0.09065771 0.03040208]
[0.05236992 0.02967841 0.07958367 0.08470733 0.0440336  0.08521396
 0.16863972 0.04363956 0.0522199  0.0962496  0.04363956 0.06692582
 0.06187645 0.06692584 0.02429668]
[0.04672137 0.03264506 0.08479176 0.07733502 0.04541185 0.0779957
 0.14342682 0.03785589 0.0505059  0.11102521 0.03785589 0.08286699
 0.06571439 0.08286699 0.02298119]
[0.06401418 0.03936072 0.0718307  0.06826888 0.05378199 0.0793733
 0.10058597 0.05191463 0.0534294  0.08430912 0.05191463 0.0906577
 0.06949896 0.09065771 0.03040208]
[0.04764741 0.03108081 0.06661444 0.07306357 0.04523449 0.08554844
 0.15107656 0.05068298 0.0512569  0.10439184 0.05068298 0.07997277
 0.05776545 0.07997277 0.02500859]
[0.04158311 0.02556219 0.06431303 0.0770565  0.03764432 0.11955506
 0.16439652 0.04039527 0.03613791 0.10059365 0.04039527 0.08496749
 0.06109974 0.08496749 0.0213324 ]
[0.04764741 0.03108081 0.06661445 0.07306357 0.04523449 0.08554845
 0.15107656 0.05068298 0.0512569  0.10439182 0.05068298 0.07997277
 0.05776545 0.07997277 0.02500859]
[0.0409232  0.03163141 0.07631634 0.09056545 0.03585745 0.06638246
 0.16261597 0.03541864 0.04404192 0.1173594  0.03541864 0.07906005
 0.08515587 0.07906006 0.02019315]]