168471
Test: public void test2() throws Throwable { ResultSetIterator resultSetIterator0 = new ResultSetIterator((ResultSet) null); // Undeclared exception!  resultSetIterator0.remove();   }
Code: public void remove() { try { this.rs.deleteRow(); } catch (SQLException e) { rethrow(e); } }
[[0.0565845  0.04538974 0.06317323 0.07240902 0.10526983 0.07240902
 0.07849447 0.02344385 0.06029713 0.07849447 0.1462435  0.07240901
 0.07849448 0.02344385 0.02344385]
[0.0452617  0.03851258 0.05818106 0.07432523 0.08366518 0.07432523
 0.08932071 0.02280686 0.04798738 0.08932072 0.16703379 0.0743252
 0.08932072 0.02280686 0.02280686]
[0.04001673 0.02592506 0.07016816 0.09883006 0.0901465  0.09883006
 0.08072621 0.01289732 0.04762972 0.08072621 0.14875305 0.09883005
 0.08072622 0.01289733 0.01289733]
[0.05729041 0.04916596 0.0860427  0.08265766 0.06478052 0.08265766
 0.0792693  0.03065293 0.06120039 0.07926932 0.10378027 0.08265767
 0.07926933 0.03065292 0.03065292]
[0.04945264 0.03845173 0.07360749 0.07379743 0.09614386 0.07379743
 0.08240141 0.02025583 0.05279173 0.08240142 0.1601885  0.07379745
 0.08240142 0.02025583 0.02025583]
[0.05729041 0.04916596 0.0860427  0.08265766 0.06478052 0.08265766
 0.0792693  0.03065293 0.06120039 0.07926932 0.10378027 0.08265767
 0.07926933 0.03065292 0.03065292]
[0.05008395 0.04210055 0.08007491 0.07145733 0.09152174 0.07145733
 0.08502869 0.02485586 0.0556183  0.08502869 0.13657486 0.07145733
 0.0850287  0.02485585 0.02485585]
[0.04276688 0.03845516 0.0643807  0.09767526 0.09858366 0.09767526
 0.08209728 0.02160883 0.04001403 0.08209728 0.11165538 0.09767529
 0.0820973  0.02160884 0.02160884]
[0.04357688 0.03237765 0.06844927 0.08850157 0.09776816 0.08850157
 0.08097488 0.01963803 0.05204361 0.08097488 0.138441   0.08850154
 0.08097489 0.01963803 0.01963803]
[0.05008395 0.04210055 0.08007491 0.07145733 0.09152174 0.07145733
 0.08502869 0.02485586 0.0556183  0.08502869 0.13657486 0.07145733
 0.0850287  0.02485585 0.02485585]
[0.05291544 0.03795512 0.0579021  0.07678434 0.10322159 0.07678434
 0.07995726 0.02981795 0.0541865  0.07995725 0.13414066 0.07678433
 0.07995726 0.02981795 0.02981795]
[0.05729041 0.04916596 0.0860427  0.08265766 0.06478052 0.08265766
 0.0792693  0.03065293 0.06120039 0.07926932 0.10378027 0.08265767
 0.07926933 0.03065292 0.03065292]
[0.05008397 0.04210055 0.08007491 0.07145734 0.09152173 0.07145734
 0.08502869 0.02485586 0.0556183  0.08502869 0.1365749  0.07145734
 0.0850287  0.02485586 0.02485586]
[0.04276688 0.03845516 0.06438071 0.09767527 0.09858367 0.09767527
 0.08209728 0.02160884 0.04001402 0.08209728 0.11165538 0.09767527
 0.08209729 0.02160884 0.02160884]
[0.04276688 0.03845516 0.06438071 0.09767527 0.09858367 0.09767527
 0.08209728 0.02160884 0.04001402 0.08209728 0.11165538 0.09767527
 0.08209729 0.02160884 0.02160884]]