8400
Test: public void test6() throws Throwable { StringBuilder stringBuilder0 = new StringBuilder(0); StringBuilder stringBuilder1 = stringBuilder0.append(1.0F); StringBuilder stringBuilder2 = stringBuilder1.deleteCharAt(0); StringBuilder stringBuilder3 = stringBuilder1.append((Object) stringBuilder0); stringBuilder2.append(715L); CharSequenceUtils.subSequence(stringBuilder2, 0); CharSequenceUtils.toCharArray(".0.0715"); CharSequenceUtils.lastIndexOf(stringBuilder0, stringBuilder1, 2053); CharSequenceUtils.lastIndexOf(".0.0715", stringBuilder0, 0); // Undeclared exception!  CharSequenceUtils.subSequence(stringBuilder3, (-1727));   }
Code: public static CharSequence subSequence(final CharSequence cs, final int start) { return cs == null ? null : cs.subSequence(start, cs.length()); }
[[0.03527124 0.1132061  0.11155427 0.0489346  0.11155427 0.06555469
 0.02889741 0.02142983 0.02056604 0.05147801 0.03936671 0.01277897
 0.05436496 0.03906541 0.05863008 0.03906541 0.03441156 0.04893461
 0.04893461 0.01600119]
[0.03910561 0.11112121 0.10001083 0.05184298 0.10001083 0.06184734
 0.02983637 0.01957774 0.01745148 0.07746972 0.03759196 0.01419098
 0.04840647 0.03594881 0.05820854 0.03594881 0.03725563 0.05184297
 0.05184297 0.02048869]
[0.03208071 0.11970439 0.10170847 0.05241688 0.10170847 0.06431738
 0.03118188 0.01919198 0.0186821  0.07242198 0.0384627  0.01497357
 0.05323046 0.03957354 0.05595952 0.03957354 0.02527001 0.05241687
 0.05241687 0.01470865]
[0.03085206 0.11304946 0.10469072 0.05049942 0.10469072 0.07168958
 0.03136615 0.01946174 0.02403767 0.05440542 0.03759084 0.0180738
 0.05744693 0.03290398 0.06686629 0.03290398 0.03037767 0.05049942
 0.05049942 0.01809479]
[0.03208071 0.11970439 0.10170847 0.05241688 0.10170847 0.06431738
 0.03118188 0.01919198 0.0186821  0.07242198 0.0384627  0.01497357
 0.05323046 0.03957354 0.05595952 0.03957354 0.02527001 0.05241687
 0.05241687 0.01470865]
[0.04170685 0.11217141 0.08506088 0.05111529 0.08506088 0.07354513
 0.03458307 0.02214597 0.02148543 0.0542839  0.04591945 0.02145025
 0.05229613 0.03680238 0.07011938 0.03680238 0.02983467 0.0511153
 0.0511153  0.02338593]
[0.03630488 0.10880685 0.10576791 0.05360527 0.10576791 0.07845707
 0.02462824 0.01560455 0.01811983 0.06522829 0.05289788 0.01299467
 0.05309133 0.028873   0.06197418 0.028873   0.02912709 0.05360526
 0.05360526 0.01266761]
[0.02388207 0.15046786 0.08707636 0.0610922  0.08707636 0.06369589
 0.03269026 0.01712439 0.01571054 0.0546276  0.03861931 0.01660064
 0.05986846 0.03159926 0.06810403 0.03159926 0.02624952 0.06109221
 0.06109221 0.01173159]
[0.03410921 0.09909417 0.09594758 0.04858654 0.09594758 0.09998088
 0.03030793 0.01791734 0.01854023 0.06005071 0.04893932 0.0159605
 0.05698556 0.02690531 0.08520637 0.02690531 0.02822449 0.04858655
 0.04858655 0.0132179 ]
[0.04152449 0.10024276 0.09500216 0.05290904 0.09500216 0.06417507
 0.04090425 0.01955581 0.02449125 0.07010337 0.04735251 0.02204224
 0.04366138 0.03330854 0.05192268 0.03330854 0.0344905  0.05290905
 0.05290905 0.02418517]
[0.02628366 0.12767328 0.12727195 0.05053813 0.12727195 0.06102444
 0.02464977 0.01493163 0.01626775 0.0551893  0.03750699 0.01103114
 0.04838409 0.0315271  0.06766737 0.0315271  0.02524649 0.05053813
 0.05053813 0.01493154]
[0.03483256 0.10675684 0.10805429 0.04544328 0.10805429 0.06586928
 0.0358794  0.01946829 0.01994255 0.06670669 0.04330509 0.0163971
 0.04847167 0.03872626 0.06501617 0.03872626 0.02885612 0.04544329
 0.04544329 0.01860719]
[0.02216341 0.13617082 0.14414653 0.0344219  0.14414653 0.08176659
 0.02138701 0.01312147 0.0122503  0.06274553 0.03685716 0.01043977
 0.05381794 0.02622281 0.06131122 0.02622281 0.03136806 0.0344219
 0.0344219  0.01259637]
[0.0331047  0.09573565 0.09823468 0.05030281 0.09823468 0.08651467
 0.02686157 0.01890885 0.01811851 0.07981566 0.05392376 0.01539092
 0.05195675 0.03033138 0.07188974 0.03033138 0.02763398 0.05030281
 0.05030281 0.01210464]
[0.0293054  0.09845125 0.14465359 0.04524541 0.14465359 0.07536056
 0.02346334 0.01261251 0.00950126 0.07815123 0.04117525 0.00827219
 0.03576705 0.02743498 0.06110992 0.02743498 0.03236834 0.0452454
 0.0452454  0.01454836]
[0.0331047  0.09573565 0.09823468 0.05030281 0.09823468 0.08651467
 0.02686157 0.01890885 0.01811851 0.07981566 0.05392376 0.01539092
 0.05195675 0.03033138 0.07188974 0.03033138 0.02763398 0.05030281
 0.05030281 0.01210464]
[0.03846096 0.10935189 0.09321454 0.04646231 0.09321454 0.07058284
 0.02777097 0.02391474 0.02252157 0.06167537 0.04837506 0.01664217
 0.04665831 0.03845336 0.08322264 0.03845336 0.02704097 0.04646231
 0.04646231 0.02105976]
[0.03085206 0.11304946 0.10469072 0.05049942 0.10469072 0.07168958
 0.03136615 0.01946174 0.02403767 0.05440542 0.03759084 0.0180738
 0.05744693 0.03290398 0.06686629 0.03290398 0.03037767 0.05049942
 0.05049942 0.01809479]
[0.03085206 0.11304946 0.10469072 0.05049942 0.10469072 0.07168958
 0.03136615 0.01946174 0.02403767 0.05440542 0.03759084 0.0180738
 0.05744693 0.03290398 0.06686629 0.03290398 0.03037767 0.05049942
 0.05049942 0.01809479]
[0.02730318 0.11726435 0.08641759 0.0507338  0.08641759 0.10439759
 0.02482303 0.02058883 0.0163255  0.07205258 0.06017593 0.01375169
 0.0474752  0.03083824 0.06768353 0.03083824 0.02603106 0.0507338
 0.0507338  0.01541449]]