149201
Test: public void test15() throws Throwable { int int0 = IMAPReply.getUntaggedReplyCode("+"); }
Code: public static int getUntaggedReplyCode(final String line) throws IOException { return getReplyCode(line, UNTAGGED_PATTERN); }
[[0.060619   0.17320117 0.03925497 0.08408989 0.07847674 0.05182266
 0.14697047 0.0301626  0.0762488  0.06614795 0.0840899  0.0840899
 0.02482594]
[0.06200255 0.16178358 0.03249733 0.08399194 0.09403819 0.04079609
 0.12776019 0.03581215 0.1059026  0.05844285 0.08399193 0.08399193
 0.02898868]
[0.03786889 0.21525408 0.02896942 0.1014452  0.0758712  0.03786735
 0.11852491 0.02789553 0.07604548 0.05995792 0.10144521 0.10144521
 0.01740964]
[0.0495747  0.169018   0.0324071  0.08334133 0.09225509 0.0527669
 0.16004822 0.03272184 0.07527958 0.06008249 0.08334133 0.08334133
 0.02582204]
[0.06070454 0.17429258 0.03311    0.08706099 0.07108296 0.03548148
 0.16404606 0.03316655 0.08442575 0.06074607 0.08706098 0.08706098
 0.02176105]
[0.05281379 0.15888114 0.02588077 0.09540512 0.09485437 0.03790217
 0.13250062 0.02631228 0.09031744 0.07784326 0.09540512 0.09540512
 0.01647877]
[0.04300632 0.15233591 0.02642091 0.07619673 0.08444495 0.03524637
 0.21282917 0.02679145 0.10070743 0.0697455  0.07619675 0.07619675
 0.01988171]
[0.04725432 0.16576579 0.0269851  0.09045798 0.08325435 0.0375812
 0.18424124 0.02468478 0.07574706 0.06633978 0.09045797 0.09045797
 0.01677242]
[0.06366028 0.14787567 0.03075149 0.08456852 0.09437054 0.04529073
 0.11310707 0.0423212  0.09972778 0.07360739 0.08456853 0.08456853
 0.03558232]
[0.04174507 0.18514144 0.02586056 0.08581227 0.09891827 0.03772984
 0.1634998  0.03066444 0.07630492 0.0615182  0.08581227 0.08581227
 0.02118064]
[0.0495747  0.169018   0.0324071  0.08334133 0.09225509 0.0527669
 0.16004822 0.03272184 0.07527958 0.06008249 0.08334133 0.08334133
 0.02582204]
[0.0495747  0.169018   0.0324071  0.08334133 0.09225509 0.0527669
 0.16004822 0.03272184 0.07527958 0.06008249 0.08334133 0.08334133
 0.02582204]
[0.04086411 0.1661914  0.03117    0.07732059 0.07488709 0.04137995
 0.17249243 0.03175411 0.09982137 0.08774628 0.07732059 0.07732059
 0.02173153]]