34611
Test: public void test10() throws Throwable { JexlBuilder jexlBuilder0 = new JexlBuilder(); JexlBuilder jexlBuilder1 = jexlBuilder0.strict(false); Engine engine0 = new Engine(jexlBuilder1); MapContext mapContext0 = new MapContext(); Scope scope0 = mock(Scope.class, new ViolatedAssumptionAnswer()); Scope scope1 = new Scope(scope0, (String[]) null); Frame frame0 = new Frame(scope1, (Object[]) null, 9); ASTJexlScript aSTJexlScript0 = new ASTJexlScript(85); JexlOptions jexlOptions0 = engine0.options(aSTJexlScript0, mapContext0); Interpreter interpreter0 = engine0.createInterpreter(mapContext0, frame0, jexlOptions0); Object object0 = interpreter0.undefinedVariable(aSTJexlScript0, "org.apache.commons.jexl3.internal.InterpreterBase$Funcall"); }
Code: protected Object undefinedVariable(final JexlNode node, final String var) { return variableError(node, var, VariableIssue.UNDEFINED); }
[[0.07918289 0.03310903 0.07335628 0.07335628 0.131738   0.04605555
 0.0708541  0.07335628 0.11178694 0.06533118 0.07335627 0.07335627
 0.07335629 0.02180459]
[0.09205833 0.03667724 0.06651089 0.06651089 0.13471878 0.0395954
 0.08098119 0.06651089 0.12817843 0.0657431  0.0665109  0.0665109
 0.06651091 0.02298215]
[0.09344035 0.03781488 0.07479201 0.07479201 0.12376614 0.04771785
 0.08019158 0.07479201 0.08430383 0.05617607 0.07479202 0.07479202
 0.07479203 0.02783717]
[0.09344035 0.03781488 0.07479201 0.07479201 0.12376614 0.04771785
 0.08019158 0.07479201 0.08430383 0.05617607 0.07479202 0.07479202
 0.07479203 0.02783717]
[0.07918788 0.0377801  0.06399877 0.06399877 0.19140097 0.03719895
 0.07506516 0.06399877 0.11349522 0.058151   0.06399879 0.06399879
 0.06399879 0.02372807]
[0.06193779 0.03872381 0.07784398 0.07784398 0.1132828  0.03772272
 0.07797492 0.07784398 0.10341036 0.08003988 0.07784398 0.07784398
 0.07784399 0.01984384]
[0.07378803 0.03849352 0.07622863 0.07622863 0.14102097 0.04583072
 0.06235669 0.07622863 0.09846468 0.05866265 0.07622862 0.07622862
 0.07622863 0.02401097]
[0.09344035 0.03781488 0.07479201 0.07479201 0.12376614 0.04771785
 0.08019158 0.07479201 0.08430383 0.05617607 0.07479202 0.07479202
 0.07479203 0.02783717]
[0.09295966 0.03430796 0.06807173 0.06807173 0.12460845 0.05721624
 0.07331255 0.06807173 0.10918329 0.06412745 0.06807174 0.06807174
 0.06807174 0.03585392]
[0.09327817 0.03717996 0.07404347 0.07404347 0.14729506 0.0370935
 0.07767466 0.07404347 0.08491295 0.05545653 0.07404347 0.07404347
 0.07404348 0.02284837]
[0.09344035 0.03781488 0.07479201 0.07479201 0.12376614 0.04771785
 0.08019158 0.07479201 0.08430383 0.05617607 0.07479202 0.07479202
 0.07479203 0.02783717]
[0.09344035 0.03781488 0.07479201 0.07479201 0.12376614 0.04771785
 0.08019158 0.07479201 0.08430383 0.05617607 0.07479202 0.07479202
 0.07479203 0.02783717]
[0.09344036 0.03781489 0.07479203 0.07479203 0.12376614 0.04771784
 0.08019157 0.07479203 0.08430384 0.05617607 0.07479203 0.07479203
 0.07479203 0.02783718]
[0.07380114 0.0420605  0.06778365 0.06778365 0.12969336 0.03674814
 0.07040694 0.06778365 0.12380935 0.0913292  0.06778365 0.06778365
 0.06778367 0.0254494 ]]