15222
Test: public void test254() throws Throwable { Locale locale0 = Locale.TRADITIONAL_CHINESE; String[] stringArray0 = new String[1]; stringArray0[0] = ""; Date date0 = DateUtils.parseDate("", locale0, stringArray0); Date date1 = DateUtils.addDays(date0, 100); }
Code: public static Date addDays(final Date date, final int amount) { return add(date, Calendar.DAY_OF_MONTH, amount); }
[[0.0503332  0.13851269 0.02300764 0.13694677 0.02300764 0.1174174
 0.03949917 0.03319576 0.08344257 0.06027805 0.05454943 0.06981867
 0.08022251 0.06981868 0.01994991]
[0.04967152 0.12435569 0.01832555 0.12248899 0.01832555 0.12225452
 0.03533948 0.02656552 0.10907908 0.07866696 0.04639675 0.06794203
 0.09069814 0.06794205 0.02194815]
[0.04351616 0.13563967 0.0231398  0.12907414 0.0231398  0.14935607
 0.0344532  0.03104402 0.07862899 0.07820552 0.06351191 0.06745503
 0.05952255 0.06745503 0.01585807]
[0.04566088 0.137825   0.01760959 0.13433108 0.01760959 0.14247154
 0.03894326 0.02482474 0.06383447 0.079584   0.0519823  0.06815001
 0.08911848 0.06815001 0.01990508]
[0.04351616 0.13563967 0.0231398  0.12907414 0.0231398  0.14935607
 0.0344532  0.03104402 0.07862899 0.07820552 0.06351191 0.06745503
 0.05952255 0.06745503 0.01585807]
[0.03519275 0.16907014 0.01491129 0.11540928 0.01491129 0.13891707
 0.03627077 0.02238918 0.07617331 0.08935765 0.06617616 0.0692159
 0.06986368 0.06921591 0.01292561]
[0.04764888 0.13955489 0.02219774 0.12641616 0.02219774 0.11919371
 0.03116917 0.02174941 0.08988796 0.07477647 0.06913005 0.0773085
 0.06640837 0.07730851 0.01505241]
[0.03231631 0.18193531 0.01698985 0.11049769 0.01698985 0.12079008
 0.04179884 0.02485844 0.07739058 0.06409908 0.05107021 0.08691496
 0.07266674 0.08691497 0.01476714]
[0.04304818 0.16536354 0.01711477 0.11906324 0.01711477 0.13337448
 0.04372266 0.02645567 0.08748113 0.07599304 0.06204359 0.06097404
 0.07259166 0.06097404 0.01468514]
[0.05225522 0.11700784 0.02615325 0.11943135 0.02615325 0.09020932
 0.05099035 0.02582329 0.10106957 0.07602215 0.06118327 0.07202181
 0.08157712 0.07202183 0.02808034]
[0.03261769 0.14209524 0.01660243 0.14865388 0.01660243 0.17381622
 0.02920174 0.02051838 0.07529494 0.05796994 0.04835087 0.06785652
 0.08638231 0.06785653 0.01618086]
[0.04047386 0.13563831 0.02188971 0.1205662  0.02188971 0.1282087
 0.03758636 0.0266691  0.11436783 0.05920015 0.04899302 0.06845041
 0.08714013 0.06845042 0.02047615]
[0.04114541 0.15918873 0.01589987 0.12632334 0.01589987 0.15259293
 0.04114854 0.0282664  0.08110141 0.06369912 0.0632268  0.06320511
 0.06917114 0.06320512 0.01592617]
[0.04047387 0.1356383  0.02188971 0.1205662  0.02188971 0.12820867
 0.03758636 0.0266691  0.11436784 0.05920015 0.04899302 0.06845041
 0.08714013 0.06845041 0.02047615]
[0.03585886 0.13857259 0.01555629 0.11202321 0.01555629 0.1475777
 0.03157362 0.027629   0.09978385 0.08134343 0.07519162 0.06893236
 0.06344299 0.06893238 0.0180258 ]]