163852
Test: public void test2632() throws Throwable { LinkedBlockingDeque<Object> linkedBlockingDeque0 = new LinkedBlockingDeque<Object>(Integer.MAX_VALUE, false); LinkedBlockingDeque<Object> linkedBlockingDeque1 = new LinkedBlockingDeque<Object>(false); int int0 = (-650); Integer integer0 = new Integer((-650)); boolean boolean0 = linkedBlockingDeque0.remove((Object) null); linkedBlockingDeque1.putLast(integer0); Object object0 = linkedBlockingDeque1.peekFirst(); linkedBlockingDeque0.putLast(object0); Iterator<Object> iterator0 = linkedBlockingDeque0.iterator(); Object object1 = linkedBlockingDeque1.getLast(); }
Code: public E getLast() { final E x = peekLast(); if (x == null) { throw new NoSuchElementException(); } return x; }
[[0.03845198 0.0541995  0.05334486 0.05336499 0.03114003 0.0541995
 0.09025452 0.02432847 0.05334486 0.10385882 0.05324506 0.06005359
 0.02035796 0.05336499 0.03865943 0.0192489  0.05334487 0.01684133
 0.04257648 0.06897853 0.01684133]
[0.03502677 0.05583396 0.05159945 0.06574162 0.02776957 0.05583396
 0.08833142 0.02334994 0.05159945 0.10499138 0.04842934 0.057038
 0.01838003 0.06574162 0.03340312 0.01981226 0.05159946 0.0137619
 0.03708088 0.08091401 0.0137619 ]
[0.03195475 0.06214989 0.0534398  0.05007249 0.03065033 0.06214989
 0.10041726 0.03421889 0.0534398  0.07845907 0.05236299 0.06068347
 0.02276238 0.05007249 0.0377399  0.02424004 0.0534398  0.01705938
 0.03876872 0.06885933 0.01705938]
[0.04071227 0.05465093 0.05406739 0.06381463 0.03990889 0.05465093
 0.0713145  0.03381887 0.05406739 0.07033454 0.05636285 0.04394091
 0.02665094 0.06381463 0.03713201 0.02295322 0.0540674  0.02276275
 0.04706893 0.06514327 0.02276276]
[0.03542206 0.04187749 0.05577257 0.05823466 0.02345308 0.04187749
 0.11411227 0.02746158 0.05577257 0.11875172 0.0481948  0.0526813
 0.01607406 0.05823466 0.0380495  0.01602056 0.05577256 0.01157422
 0.05146354 0.06762516 0.01157422]
[0.03502677 0.05583396 0.05159945 0.06574162 0.02776957 0.05583396
 0.08833142 0.02334994 0.05159945 0.10499138 0.04842934 0.057038
 0.01838003 0.06574162 0.03340312 0.01981226 0.05159946 0.0137619
 0.03708088 0.08091401 0.0137619 ]
[0.03929654 0.05355173 0.05245923 0.05618532 0.03024107 0.05355173
 0.07985054 0.02881749 0.05245923 0.08520918 0.05001387 0.05467105
 0.02418813 0.05618532 0.04408645 0.02190155 0.05245924 0.02371081
 0.04633449 0.07111617 0.02371081]
[0.04266824 0.05533438 0.06032551 0.04912653 0.03597436 0.05533438
 0.06654936 0.03564622 0.06032551 0.09463267 0.05295449 0.04791518
 0.02704276 0.04912653 0.03480651 0.02013102 0.06032551 0.02113769
 0.0470113  0.06249417 0.02113768]
[0.03195475 0.06214989 0.0534398  0.05007249 0.03065033 0.06214989
 0.10041726 0.03421889 0.0534398  0.07845907 0.05236299 0.06068347
 0.02276238 0.05007249 0.0377399  0.02424004 0.0534398  0.01705938
 0.03876872 0.06885933 0.01705938]
[0.02474891 0.05671062 0.05590338 0.05482226 0.01947196 0.05671062
 0.15229976 0.01960761 0.05590338 0.1405882  0.04231272 0.04969632
 0.00941564 0.05482226 0.02427643 0.00968919 0.05590339 0.00828658
 0.03277245 0.06777173 0.00828658]
[0.02754566 0.05191632 0.04896442 0.06457455 0.02805333 0.05191632
 0.11833578 0.02205949 0.04896442 0.11396922 0.04859485 0.06237931
 0.01382203 0.06457455 0.03311824 0.01467902 0.04896442 0.00980081
 0.04464625 0.07332015 0.0098008 ]
[0.02412049 0.05545985 0.03910365 0.06304689 0.02247557 0.05545985
 0.1325144  0.02505887 0.03910365 0.13284552 0.05021239 0.05954625
 0.01565757 0.06304689 0.02970141 0.01606076 0.03910365 0.01287939
 0.03975894 0.07196458 0.01287939]
[0.02981912 0.05133973 0.05363919 0.06794392 0.02501109 0.05133973
 0.09793584 0.01935307 0.05363919 0.13513693 0.04997683 0.05566816
 0.01837767 0.06794392 0.02811444 0.01216638 0.0536392  0.01044003
 0.03623384 0.07184165 0.01044003]
[0.04071227 0.05465093 0.05406739 0.06381463 0.03990889 0.05465093
 0.0713145  0.03381887 0.05406739 0.07033454 0.05636285 0.04394091
 0.02665094 0.06381463 0.03713201 0.02295322 0.0540674  0.02276275
 0.04706893 0.06514327 0.02276276]
[0.02995516 0.04703094 0.04914095 0.07643925 0.02684243 0.04703094
 0.09489873 0.02582162 0.04914095 0.10368201 0.05761483 0.0450508
 0.01746115 0.07643925 0.03566106 0.01625375 0.04914095 0.0126488
 0.05134386 0.07575375 0.01264879]
[0.03358355 0.05164361 0.05157107 0.0606594  0.02694774 0.05164361
 0.07807492 0.0268836  0.05157107 0.11420786 0.05667467 0.06205638
 0.01893898 0.0606594  0.03749418 0.02184976 0.05157107 0.01762543
 0.04724403 0.06147436 0.01762543]
[0.03195475 0.06214989 0.0534398  0.05007249 0.03065033 0.06214989
 0.10041726 0.03421889 0.0534398  0.07845907 0.05236299 0.06068347
 0.02276238 0.05007249 0.0377399  0.02424004 0.0534398  0.01705938
 0.03876872 0.06885933 0.01705938]
[0.02743043 0.04089237 0.05163492 0.06854964 0.02464175 0.04089237
 0.1097414  0.02459284 0.05163492 0.10543376 0.05315752 0.04736995
 0.01725833 0.06854964 0.03703677 0.01536349 0.05163492 0.01484528
 0.05934673 0.0751477  0.01484528]
[0.02788993 0.05384988 0.05626001 0.05317208 0.02544483 0.05384988
 0.10761318 0.02718413 0.05626001 0.11590073 0.06086364 0.05476422
 0.01655642 0.05317208 0.03215893 0.01668934 0.05626001 0.01464044
 0.0407241  0.06210575 0.01464044]
[0.03465116 0.04883762 0.04967796 0.06982525 0.0283733  0.04883762
 0.09553356 0.02070151 0.04967796 0.10349776 0.05384765 0.04775824
 0.01821765 0.06982525 0.04064065 0.01867925 0.04967796 0.01440543
 0.04209568 0.08083309 0.01440543]
[0.02743043 0.04089237 0.05163492 0.06854966 0.02464176 0.04089237
 0.10974141 0.02459283 0.05163492 0.10543375 0.05315752 0.04736995
 0.01725834 0.06854966 0.03703678 0.01536349 0.05163492 0.01484528
 0.05934674 0.0751477  0.01484528]]