36236
Test: public void test68() throws Throwable { // Undeclared exception!  Duration.standardHours((-9223372036854775808L));   }
Code: public static Duration standardHours(long hours) { if (hours == 0) { return ZERO; } return new Duration(FieldUtils.safeMultiply(hours, DateTimeConstants.MILLIS_PER_HOUR)); }
[[0.03975057 0.11636958 0.06629177 0.05514301 0.10180632 0.05159856
 0.10700279 0.03937151 0.06309978 0.02196451 0.05159856 0.04357362
 0.07347757 0.01662929 0.04357362 0.0201454  0.05514301 0.0168312
 0.01662929]
[0.04170082 0.10847773 0.05947062 0.05653156 0.09697782 0.07083575
 0.11331113 0.03485552 0.05344883 0.02538414 0.07083575 0.03927991
 0.05766676 0.01941609 0.03927991 0.01791127 0.05653156 0.01866877
 0.01941609]
[0.03858294 0.10063303 0.05767693 0.06193482 0.07973272 0.05910804
 0.12464554 0.03984898 0.06816707 0.03591184 0.05910804 0.03835656
 0.05506317 0.01962458 0.03835656 0.01977314 0.06193483 0.02191661
 0.01962458]
[0.0350293  0.11906435 0.07627983 0.0589518  0.08446259 0.05284332
 0.0854917  0.03870074 0.06690801 0.02537975 0.05284332 0.04244487
 0.07575474 0.01815226 0.04244487 0.02639382 0.05895181 0.02175066
 0.01815226]
[0.03894843 0.110457   0.05502566 0.05512706 0.09076014 0.06540795
 0.13103749 0.03713455 0.0514218  0.01939287 0.06540795 0.04569628
 0.06579108 0.01311678 0.04569628 0.01668889 0.05512707 0.02464595
 0.01311678]
[0.04409775 0.09964979 0.06505106 0.06023826 0.06492109 0.06536601
 0.07667726 0.04635159 0.04846048 0.0288595  0.06536601 0.05147374
 0.0720273  0.02393067 0.05147374 0.02540603 0.06023828 0.0264808
 0.02393066]
[0.02688595 0.14902714 0.05502743 0.06521259 0.10133385 0.04991609
 0.14912541 0.02447814 0.05752341 0.01993171 0.04991609 0.03500009
 0.07882015 0.00790936 0.03500009 0.01013161 0.06521259 0.01163888
 0.00790935]
[0.03913851 0.10384969 0.05830394 0.06761928 0.08269621 0.05769971
 0.09838947 0.04001281 0.05351179 0.02513779 0.05769971 0.0544797
 0.069667   0.01540274 0.0544797  0.02035254 0.06761929 0.01853744
 0.01540274]
[0.02499831 0.13010818 0.07467219 0.04350887 0.09306929 0.05582736
 0.13868833 0.02927102 0.06348579 0.02423952 0.05582736 0.04056527
 0.08578188 0.01184223 0.04056527 0.01623985 0.04350888 0.0159582
 0.01184223]
[0.03424121 0.11619843 0.05218566 0.05730238 0.07436267 0.0544135
 0.11523297 0.04860423 0.05878457 0.02243961 0.0544135  0.05361376
 0.07340964 0.01917573 0.05361376 0.0169173  0.05730239 0.01861293
 0.01917573]
[0.04409775 0.09964979 0.06505106 0.06023826 0.06492109 0.06536601
 0.07667726 0.04635159 0.04846048 0.0288595  0.06536601 0.05147374
 0.0720273  0.02393067 0.05147374 0.02540603 0.06023828 0.0264808
 0.02393066]
[0.02830133 0.12472143 0.04885029 0.05842734 0.10784614 0.0512189
 0.1193766  0.03932408 0.05731066 0.02129601 0.0512189  0.04179458
 0.08358209 0.01424511 0.04179458 0.01707843 0.05842736 0.020941
 0.01424511]
[0.04317102 0.13128743 0.05329305 0.05905443 0.09252739 0.06286362
 0.10968121 0.0378997  0.04794077 0.01738615 0.06286362 0.04557972
 0.07502499 0.01272014 0.04557972 0.01810992 0.05905443 0.0132426
 0.01272014]
[0.03085445 0.11394539 0.06369804 0.06010038 0.06420476 0.06543954
 0.11603498 0.02690428 0.05229062 0.02039126 0.06543954 0.06338223
 0.07044847 0.01475002 0.06338223 0.01721889 0.06010039 0.01666454
 0.01475002]
[0.02830133 0.12472143 0.04885029 0.05842734 0.10784614 0.0512189
 0.1193766  0.03932408 0.05731066 0.02129601 0.0512189  0.04179458
 0.08358209 0.01424511 0.04179458 0.01707843 0.05842736 0.020941
 0.01424511]
[0.03518878 0.1034944  0.05506206 0.05562624 0.07979721 0.0597725
 0.12193675 0.04197706 0.06814255 0.01970359 0.0597725  0.04939646
 0.06960784 0.01763739 0.04939646 0.02332929 0.05562625 0.01689533
 0.01763739]
[0.03502931 0.11906435 0.07627985 0.0589518  0.0844626  0.05284333
 0.08549172 0.03870074 0.066908   0.02537975 0.05284333 0.04244487
 0.07575475 0.01815226 0.04244487 0.02639382 0.0589518  0.02175066
 0.01815226]
[0.04268751 0.09298615 0.06218638 0.06321586 0.08736449 0.06833789
 0.09960977 0.03590421 0.05794846 0.02185595 0.06833789 0.04291676
 0.0911928  0.01225949 0.04291676 0.0178748  0.06321587 0.01692958
 0.01225949]
[0.03085445 0.11394538 0.06369805 0.06010038 0.06420477 0.06543954
 0.11603497 0.02690428 0.05229062 0.02039126 0.06543954 0.06338223
 0.07044847 0.01475002 0.06338223 0.0172189  0.06010039 0.01666454
 0.01475002]]