30853
Test: public void test18() throws Throwable { String[] stringArray0 = new String[6]; String[] stringArray1 = ArrayUtil.concat(stringArray0, "U(am{ZjJ~1.sy+Aob"); }
Code: public static <T> T[] concat(@Nullable T element, T[] array) { return ObjectArrays.concat(element, array); }
[[0.05847069 0.14386886 0.12306057 0.0472668  0.08109711 0.03971362
 0.08109711 0.0472668  0.07248443 0.06027339 0.0621644  0.08109711
 0.08109712 0.02104202]
[0.05884092 0.13696758 0.14532891 0.03106729 0.08177288 0.03266581
 0.08177288 0.03106729 0.07832365 0.08103023 0.05412853 0.08177287
 0.08177289 0.02348826]
[0.05578747 0.12662856 0.14401487 0.03318479 0.08772109 0.02540952
 0.08772109 0.03318479 0.06677453 0.08268267 0.06196488 0.08772109
 0.0877211  0.01948366]
[0.05457239 0.13625999 0.10706787 0.03813752 0.08561976 0.03155833
 0.08561976 0.03813752 0.08906882 0.07865132 0.06283444 0.08561976
 0.08561978 0.02123273]
[0.04857442 0.15404698 0.12929189 0.03967757 0.0836691  0.03102128
 0.0836691  0.03967757 0.07948084 0.06265181 0.05857703 0.0836691
 0.08366911 0.02232425]
[0.05182628 0.12811092 0.13293988 0.03728563 0.08734066 0.02993323
 0.08734066 0.03728563 0.0876454  0.06594551 0.05911027 0.08734066
 0.08734067 0.02055454]
[0.04857442 0.15404698 0.12929189 0.03967757 0.0836691  0.03102128
 0.0836691  0.03967757 0.07948084 0.06265181 0.05857703 0.0836691
 0.08366911 0.02232425]
[0.05457239 0.13625999 0.10706787 0.03813752 0.08561976 0.03155833
 0.08561976 0.03813752 0.08906882 0.07865132 0.06283444 0.08561976
 0.08561978 0.02123273]
[0.0557787  0.14235356 0.11645734 0.03354576 0.08121085 0.03456794
 0.08121085 0.03354576 0.09287842 0.07070388 0.07304668 0.08121086
 0.08121087 0.02227855]
[0.05663886 0.12412177 0.11192796 0.03836842 0.07967179 0.03112773
 0.07967179 0.03836842 0.10543884 0.07879393 0.06678706 0.07967179
 0.07967181 0.02973988]
[0.04051447 0.1552519  0.14429253 0.03403549 0.09096429 0.0240228
 0.09096429 0.03403549 0.06620947 0.05833247 0.06240286 0.09096429
 0.09096432 0.01704525]
[0.04857442 0.15404698 0.12929189 0.03967757 0.0836691  0.03102128
 0.0836691  0.03967757 0.07948084 0.06265181 0.05857703 0.0836691
 0.08366911 0.02232425]
[0.04857442 0.15404695 0.12929189 0.03967756 0.08366908 0.03102128
 0.08366908 0.03967756 0.07948083 0.06265181 0.05857703 0.08366908
 0.08366909 0.02232425]
[0.04017084 0.13526356 0.1558518  0.03306083 0.08019792 0.02668972
 0.08019792 0.03306083 0.08458979 0.07393426 0.07926409 0.08019792
 0.08019793 0.01732261]]