145196
Test: public void test34() throws Throwable { CompositeCacheManager compositeCacheManager0 = CompositeCacheManager.getUnconfiguredInstance(); // Undeclared exception!  compositeCacheManager0.freeCache((String) null, false);   }
Code: public void freeCache( final String name ) { freeCache( name, false ); }
[[0.06844987 0.05271433 0.0949374  0.05213649 0.09089322 0.02851967
 0.10200881 0.06999388 0.0949374  0.17720073 0.03557396 0.1081249
 0.02450934]
[0.05520693 0.04256717 0.11538225 0.04238711 0.09070033 0.01777588
 0.10771014 0.07044192 0.11538226 0.16855727 0.03747888 0.11391208
 0.02249781]
[0.05719767 0.04468342 0.09895277 0.04952789 0.11232834 0.03145333
 0.11247605 0.0713959  0.09895278 0.15039097 0.04064486 0.10634591
 0.0256501 ]
[0.06404446 0.04450911 0.11224569 0.04051014 0.11291161 0.03220348
 0.11361113 0.08751903 0.11224569 0.140162   0.03336379 0.08832825
 0.01834562]
[0.06955832 0.04546875 0.10347301 0.04915056 0.08438435 0.02965075
 0.09969361 0.07984621 0.10347302 0.16944739 0.04271403 0.10141645
 0.02172356]
[0.08712777 0.05003597 0.09496909 0.05332316 0.08725896 0.03702027
 0.10363717 0.07092217 0.09496909 0.15094453 0.04258961 0.09078814
 0.03641407]
[0.06428616 0.05953704 0.09952684 0.06013144 0.11502469 0.0310607
 0.09182672 0.10453214 0.09952685 0.12742335 0.04525888 0.07334246
 0.02852274]
[0.06814367 0.05803224 0.09656995 0.0662583  0.10965838 0.03408895
 0.10094757 0.09319638 0.09656996 0.11207519 0.04630138 0.0826866
 0.03547142]
[0.05719767 0.04468342 0.09895277 0.04952789 0.11232834 0.03145333
 0.11247605 0.0713959  0.09895278 0.15039097 0.04064486 0.10634591
 0.0256501 ]
[0.06446324 0.05371226 0.10728741 0.05097916 0.08119982 0.03195876
 0.09449634 0.08841853 0.10728744 0.13701876 0.04882861 0.10370974
 0.03063994]
[0.06093994 0.04447819 0.09698857 0.05639254 0.10660799 0.0349272
 0.10816044 0.09090995 0.09698857 0.1619812  0.03858192 0.08088569
 0.02215777]
[0.05062277 0.03941632 0.09770875 0.05000085 0.12681678 0.02773744
 0.10091069 0.09207147 0.09770874 0.17336623 0.0323255  0.09390272
 0.01741178]
[0.05077649 0.04279539 0.10247472 0.04253457 0.09332483 0.03088113
 0.09830534 0.08708104 0.10247472 0.2178815  0.03326442 0.07737404
 0.02083177]]