135953
Test: public void test52() throws Throwable { Document document0 = new Document("5i?@7R "); document0.body(); Elements elements0 = document0.getElementsByIndexLessThan(721); elements0.unwrap(); // Undeclared exception!  elements0.remove();   }
Code: public Elements remove() { for (Element element : this) { element.remove(); } return this; }
[[0.07420435 0.04584642 0.08940751 0.08031094 0.07700964 0.05421388
 0.10137098 0.06064237 0.04068364 0.08031093 0.10292289 0.02753968
 0.07936364 0.05863353 0.02753967]
[0.0673828  0.03351686 0.10915461 0.09895929 0.06746812 0.04303223
 0.105451   0.0479816  0.03959723 0.09895932 0.09731528 0.02502817
 0.08602834 0.05509704 0.02502817]
[0.05503976 0.03080632 0.10294953 0.11107095 0.08207377 0.03613139
 0.12305755 0.04233222 0.0331709  0.11107094 0.11582901 0.01607712
 0.08362354 0.04068989 0.01607712]
[0.06682937 0.04130464 0.10477327 0.09066951 0.07015647 0.05461216
 0.08891638 0.05275831 0.04244552 0.09066951 0.09503271 0.03464647
 0.07910418 0.05343507 0.03464647]
[0.07774416 0.03823828 0.08852455 0.10428602 0.08548538 0.04666776
 0.09587232 0.04294986 0.03471078 0.10428602 0.11843162 0.01941098
 0.07898941 0.04499187 0.01941098]
[0.05880572 0.03334947 0.08727853 0.09915008 0.0823849  0.05009595
 0.1147919  0.05420147 0.03263851 0.09915004 0.10673793 0.02549725
 0.08171189 0.04870917 0.02549724]
[0.06440311 0.04245673 0.0910036  0.08877283 0.07676686 0.04758778
 0.09903269 0.05812663 0.03705468 0.08877283 0.11019836 0.0264862
 0.08870529 0.05414623 0.02648619]
[0.07230861 0.04367637 0.09295382 0.09229361 0.08018519 0.04221552
 0.0939941  0.04507346 0.03843698 0.0922936  0.09185091 0.03440629
 0.09170407 0.05420119 0.03440629]
[0.06882191 0.04490273 0.08424206 0.08746509 0.07235479 0.03405828
 0.11120458 0.05591725 0.03721531 0.08746509 0.12655622 0.02376195
 0.08329748 0.05897529 0.02376195]
[0.06682937 0.04130464 0.10477327 0.09066951 0.07015647 0.05461216
 0.08891638 0.05275831 0.04244552 0.09066951 0.09503271 0.03464647
 0.07910418 0.05343507 0.03464647]
[0.06132237 0.0413101  0.10019356 0.08178969 0.08759448 0.05635677
 0.10502062 0.05565815 0.03643567 0.08178969 0.10513981 0.02890535
 0.07402124 0.05555712 0.02890534]
[0.05342543 0.03386426 0.08298624 0.105189   0.07293831 0.0448645
 0.1121536  0.04189901 0.04046969 0.10518903 0.10547191 0.02418385
 0.10740063 0.04578075 0.02418385]
[0.05391817 0.0426253  0.09984499 0.08510278 0.10630929 0.03780276
 0.11638473 0.04566112 0.03407814 0.08510278 0.11740828 0.02435292
 0.08176588 0.0452899  0.02435292]
[0.07262917 0.04367778 0.09927136 0.09651558 0.06020889 0.04495566
 0.1056514  0.04558093 0.03560609 0.09651558 0.11086608 0.02822131
 0.08950992 0.04256887 0.02822131]
[0.05342542 0.03386425 0.08298625 0.10518901 0.0729383  0.04486449
 0.11215361 0.041899   0.0404697  0.10518901 0.10547189 0.02418385
 0.10740063 0.04578074 0.02418385]]