38632
Test: public void test15() throws Throwable { Days days0 = Days.FIVE; Days days1 = days0.dividedBy(3519); Duration duration0 = days1.toStandardDuration(); }
Code: public Duration toStandardDuration() { long days = getValue(); // assign to a long return new Duration(days * DateTimeConstants.MILLIS_PER_DAY); }
[[0.04207537 0.06969462 0.05837622 0.06319006 0.06745877 0.07103325
 0.02692714 0.05837622 0.05837622 0.04543509 0.07247821 0.06320689
 0.06745877 0.04718091 0.02073154 0.05837622 0.03177057 0.05837623
 0.01947774]
[0.04084502 0.06357776 0.06265213 0.07213281 0.06167169 0.05868354
 0.0289884  0.06265213 0.06265213 0.04552156 0.07371613 0.06653379
 0.06167169 0.04059741 0.02101377 0.06265213 0.02834906 0.06265214
 0.02343673]
[0.03494952 0.07925823 0.05693822 0.06311277 0.05708096 0.05552366
 0.03920312 0.05693822 0.05693822 0.04666051 0.07148726 0.0837376
 0.05708096 0.04262238 0.02723969 0.05693822 0.03645729 0.05693823
 0.02089502]
[0.0442767  0.06613138 0.05529203 0.07726941 0.06714101 0.04990907
 0.03713592 0.05529203 0.05529203 0.04736842 0.05511807 0.06700613
 0.06714101 0.05016172 0.02382282 0.05529203 0.0447837  0.05529205
 0.02627457]
[0.03210574 0.06902434 0.05818239 0.08502196 0.06336798 0.05511571
 0.02476903 0.05818239 0.05818239 0.04966066 0.07079004 0.08784986
 0.06336798 0.04723875 0.0181407  0.05818239 0.02287441 0.05818239
 0.01976097]
[0.0369066  0.06559632 0.05462479 0.07715289 0.07053851 0.06080461
 0.02379432 0.05462479 0.05462479 0.04537043 0.07351778 0.08442652
 0.07053851 0.04721618 0.0200548  0.05462479 0.03373817 0.0546248
 0.01722047]
[0.04626779 0.05483763 0.0653844  0.05434771 0.05691794 0.05690598
 0.03896339 0.0653844  0.0653844  0.04602478 0.06352486 0.0619587
 0.05691794 0.05118152 0.02188948 0.0653844  0.04015975 0.06538441
 0.02318051]
[0.03494952 0.07925823 0.05693822 0.06311277 0.05708096 0.05552366
 0.03920312 0.05693822 0.05693822 0.04666051 0.07148726 0.0837376
 0.05708096 0.04262238 0.02723969 0.05693822 0.03645729 0.05693823
 0.02089502]
[0.03494952 0.07925823 0.05693822 0.06311277 0.05708096 0.05552366
 0.03920312 0.05693822 0.05693822 0.04666051 0.07148726 0.0837376
 0.05708096 0.04262238 0.02723969 0.05693822 0.03645729 0.05693823
 0.02089502]
[0.03176574 0.06086691 0.06574802 0.07168644 0.06063964 0.05457354
 0.02589841 0.06574802 0.06574802 0.0425061  0.07224382 0.07354882
 0.06063964 0.04947332 0.0194527  0.06574802 0.03199319 0.06574801
 0.01597164]
[0.04151396 0.0531549  0.06393913 0.08359474 0.05567738 0.04537464
 0.03459343 0.06393913 0.06393913 0.04793679 0.07146326 0.08318225
 0.05567738 0.04231517 0.0180878  0.06393913 0.02388347 0.06393914
 0.02384916]
[0.05038406 0.07304522 0.05322028 0.07678441 0.05717535 0.06380369
 0.03215802 0.05322028 0.05322028 0.03995261 0.08111799 0.06780641
 0.05717535 0.05067248 0.02671685 0.05322028 0.03646865 0.05322029
 0.02063743]
[0.03210574 0.06902434 0.05818239 0.08502196 0.06336798 0.05511571
 0.02476903 0.05818239 0.05818239 0.04966066 0.07079004 0.08784986
 0.06336798 0.04723875 0.0181407  0.05818239 0.02287441 0.05818239
 0.01976097]
[0.02986883 0.05181598 0.05643062 0.0647663  0.07464293 0.06132238
 0.02958996 0.05643062 0.05643062 0.04479089 0.0867397  0.09557586
 0.07464293 0.04227144 0.0174652  0.05643062 0.02692876 0.05643063
 0.0174258 ]
[0.03572737 0.05501475 0.05267467 0.06974255 0.06974819 0.07547827
 0.02815955 0.05267467 0.05267467 0.04635189 0.08620557 0.0820403
 0.06974819 0.0504054  0.02264568 0.05267467 0.02546532 0.05267469
 0.01989353]
[0.03494952 0.07925823 0.05693822 0.06311277 0.05708096 0.05552366
 0.03920312 0.05693822 0.05693822 0.04666051 0.07148726 0.0837376
 0.05708096 0.04262238 0.02723969 0.05693822 0.03645729 0.05693823
 0.02089502]
[0.05063106 0.07182528 0.05519188 0.0819676  0.06485096 0.05535138
 0.02636674 0.05519188 0.05519188 0.04512427 0.06532448 0.06209361
 0.06485096 0.04828131 0.01720311 0.05519188 0.0549546  0.05519189
 0.01521527]
[0.03494952 0.07925824 0.05693821 0.06311277 0.05708095 0.05552367
 0.03920311 0.05693821 0.05693821 0.04666052 0.07148726 0.08373758
 0.05708095 0.04262237 0.02723968 0.05693821 0.03645729 0.05693822
 0.02089501]
[0.03177158 0.0774776  0.05819518 0.08870529 0.05160971 0.05868825
 0.02949581 0.05819518 0.05819518 0.05098531 0.06854813 0.05636311
 0.05160971 0.07142929 0.01784466 0.05819518 0.03574668 0.05819519
 0.01874892]]