20336
Test: public void test117() throws Throwable { URL uRL0 = MockURL.getHttpExample(); HttpRequest httpRequest0 = HttpRequest.trace(uRL0); MockPrintStream mockPrintStream0 = new MockPrintStream("Content-Type"); FileSystemHandling fileSystemHandling0 = new FileSystemHandling(); Object[] objectArray0 = new Object[1]; objectArray0[0] = (Object) mockPrintStream0; EvoSuiteFile evoSuiteFile0 = new EvoSuiteFile("Content-Type"); boolean boolean0 = FileSystemHandling.createFolder(evoSuiteFile0); PrintStream printStream0 = mockPrintStream0.format("*JodChI+", objectArray0); PrintStream printStream1 = mockPrintStream0.format("TRACE", objectArray0); HttpRequest httpRequest1 = httpRequest0.proxyBasic("*JodChI+", "*JodChI+"); }
Code: public HttpRequest proxyBasic(final String name, final String password) { return proxyAuthorization("Basic " + Base64.encode(name + ':' + password)); }
[[0.04297937 0.05962076 0.05962076 0.05559188 0.1422254  0.0341152
 0.05559188 0.0184577  0.05440576 0.04694203 0.05962076 0.0706172
 0.03475822 0.05962076 0.03475822 0.05901787 0.03475821 0.05962078
 0.01767722]
[0.03466477 0.05798953 0.05798953 0.06390591 0.11876398 0.03322122
 0.06390591 0.02055282 0.05422163 0.04205404 0.05798953 0.06375089
 0.04736967 0.05798953 0.04736967 0.0544221  0.04736967 0.05798954
 0.01848005]
[0.03466477 0.05798953 0.05798953 0.06390591 0.11876398 0.03322122
 0.06390591 0.02055282 0.05422163 0.04205404 0.05798953 0.06375089
 0.04736967 0.05798953 0.04736967 0.0544221  0.04736967 0.05798954
 0.01848005]
[0.04365001 0.06220286 0.06220286 0.05079755 0.13691862 0.03307144
 0.05079755 0.02208897 0.06252129 0.04389255 0.06220286 0.06280534
 0.03763962 0.06220286 0.03763962 0.05353121 0.03763962 0.06220286
 0.01599234]
[0.03958029 0.06409139 0.06409139 0.04790716 0.10134277 0.03210777
 0.04790716 0.02431915 0.06385572 0.04723208 0.06409139 0.07060467
 0.04207813 0.06409139 0.04207813 0.05785066 0.04207814 0.06409141
 0.02060113]
[0.04039971 0.06302746 0.06302746 0.06326054 0.11039221 0.02684551
 0.06326054 0.01712931 0.06732553 0.05872025 0.06302746 0.04712575
 0.03945644 0.06302746 0.03945644 0.05870155 0.03945644 0.06302747
 0.01333248]
[0.04365001 0.06220286 0.06220286 0.05079755 0.13691862 0.03307144
 0.05079755 0.02208897 0.06252129 0.04389255 0.06220286 0.06280534
 0.03763962 0.06220286 0.03763962 0.05353121 0.03763962 0.06220286
 0.01599234]
[0.03523194 0.05750028 0.05750028 0.06120092 0.1136824  0.02260974
 0.06120092 0.01594246 0.07340373 0.05349818 0.05750028 0.08403446
 0.0426047  0.05750028 0.0426047  0.04941289 0.0426047  0.0575003
 0.01446686]
[0.04365092 0.05623838 0.05623838 0.0622084  0.08731199 0.04294373
 0.0622084  0.02825448 0.07230338 0.04995903 0.05623838 0.06000868
 0.04569133 0.05623838 0.04569133 0.04772972 0.04569132 0.05623839
 0.02515534]
[0.02983429 0.06038289 0.06038289 0.06848796 0.11260337 0.02716451
 0.06848796 0.01748194 0.05646823 0.04363368 0.06038289 0.08107308
 0.04105458 0.06038289 0.04105458 0.05411737 0.04105458 0.0603829
 0.01556938]
[0.03466477 0.05798953 0.05798953 0.06390591 0.11876398 0.03322122
 0.06390591 0.02055282 0.05422163 0.04205404 0.05798953 0.06375089
 0.04736967 0.05798953 0.04736967 0.0544221  0.04736967 0.05798954
 0.01848005]
[0.0344024  0.05682188 0.05682188 0.08023924 0.14144307 0.03272011
 0.08023924 0.01697893 0.07590236 0.04689589 0.05682188 0.05936594
 0.02481641 0.05682188 0.02481641 0.06131878 0.02481641 0.05682189
 0.01193542]
[0.04182561 0.05837201 0.05837201 0.06792863 0.12011013 0.03760579
 0.06792863 0.02300766 0.05631642 0.04889005 0.05837201 0.06074625
 0.0348905  0.05837201 0.0348905  0.05953798 0.0348905  0.05837201
 0.01957128]
[0.03466477 0.05798953 0.05798953 0.06390591 0.11876398 0.03322122
 0.06390591 0.02055282 0.05422163 0.04205404 0.05798953 0.06375089
 0.04736967 0.05798953 0.04736967 0.0544221  0.04736967 0.05798954
 0.01848005]
[0.04182561 0.05837201 0.05837201 0.06792863 0.12011013 0.03760579
 0.06792863 0.02300766 0.05631642 0.04889005 0.05837201 0.06074625
 0.0348905  0.05837201 0.0348905  0.05953798 0.0348905  0.05837201
 0.01957128]
[0.0356176  0.05979432 0.05979432 0.05169275 0.15574257 0.02793204
 0.05169275 0.01902687 0.06761636 0.05282966 0.05979432 0.07540073
 0.0309264  0.05979432 0.0309264  0.05390514 0.03092639 0.05979433
 0.01679274]
[0.04182562 0.05837201 0.05837201 0.06792863 0.12011015 0.03760579
 0.06792863 0.02300766 0.05631643 0.04889005 0.05837201 0.06074623
 0.0348905  0.05837201 0.0348905  0.05953799 0.0348905  0.05837201
 0.01957128]
[0.03466477 0.05798953 0.05798953 0.06390589 0.118764   0.03322121
 0.06390589 0.02055282 0.05422163 0.04205404 0.05798953 0.06375088
 0.04736968 0.05798953 0.04736968 0.05442211 0.04736967 0.05798953
 0.01848005]
[0.02917263 0.05528617 0.05528617 0.05346514 0.18392523 0.02604074
 0.05346514 0.01992616 0.07075648 0.06249542 0.05528617 0.07096207
 0.03173337 0.05528617 0.03173337 0.04273034 0.03173337 0.05528618
 0.01542961]]