167974
Test: public void test21() throws Throwable { Properties properties0 = FileObjectUtils.readProperties((FileObject) null, (Properties) null); }
Code: public static Properties readProperties(final FileObject fileObject) throws FileSystemException, IOException { return readProperties(fileObject, new Properties()); }
[[0.05167376 0.14648148 0.05241974 0.07168053 0.07168053 0.07168053
 0.12576877 0.07168053 0.02554113 0.06433259 0.05630476 0.07168054
 0.02637743 0.07168055 0.0210171 ]
[0.05238115 0.13794418 0.05844407 0.07080059 0.07080059 0.07080059
 0.10810013 0.07080059 0.03052427 0.09095669 0.04947577 0.07080059
 0.02257264 0.0708006  0.02479761]
[0.0436774  0.10822527 0.05423628 0.07698922 0.07698922 0.07698922
 0.13700083 0.07698922 0.02976108 0.072725   0.04877677 0.07698923
 0.01957807 0.07698925 0.02408389]
[0.04217011 0.14475541 0.05412268 0.07072254 0.07072254 0.07072254
 0.13628411 0.07072254 0.02810825 0.06497958 0.05113334 0.07072254
 0.0318932  0.07072255 0.02221815]
[0.04217011 0.14475541 0.05412268 0.07072254 0.07072254 0.07072254
 0.13628411 0.07072254 0.02810825 0.06497958 0.05113334 0.07072254
 0.0318932  0.07072255 0.02221815]
[0.04217011 0.14475541 0.05412268 0.07072254 0.07072254 0.07072254
 0.13628411 0.07072254 0.02810825 0.06497958 0.05113334 0.07072254
 0.0318932  0.07072255 0.02221815]
[0.03660342 0.13028485 0.06083187 0.06448318 0.06448318 0.06448318
 0.18021736 0.06448318 0.02298072 0.08662774 0.05953254 0.0644832
 0.01898018 0.0644832  0.0170422 ]
[0.04217011 0.14475541 0.05412268 0.07072254 0.07072254 0.07072254
 0.13628411 0.07072254 0.02810825 0.06497958 0.05113334 0.07072254
 0.0318932  0.07072255 0.02221815]
[0.03856135 0.13751814 0.05981997 0.07373441 0.07373441 0.07373441
 0.1500311  0.07373441 0.02044191 0.06309067 0.0544186  0.0737344
 0.01985219 0.07373442 0.01385958]
[0.05370064 0.1268533  0.05890439 0.07008024 0.07008024 0.07008024
 0.09478897 0.07008024 0.03616913 0.08694497 0.06172305 0.07008025
 0.02987435 0.07008026 0.03055981]
[0.03543604 0.15682393 0.04889241 0.07294911 0.07294911 0.07294911
 0.13908556 0.07294911 0.02596039 0.06455614 0.05225799 0.07294911
 0.02136169 0.07294913 0.01793118]
[0.04217011 0.14475541 0.05412268 0.07072254 0.07072254 0.07072254
 0.13628411 0.07072254 0.02810825 0.06497958 0.05113334 0.07072254
 0.0318932  0.07072255 0.02221815]
[0.04314059 0.12825182 0.05921773 0.06707225 0.06707225 0.06707225
 0.15049356 0.06707225 0.02936912 0.07595642 0.06063363 0.06707225
 0.02829351 0.06707226 0.02221014]
[0.04217011 0.1447554  0.05412266 0.07072254 0.07072254 0.07072254
 0.13628413 0.07072254 0.02810825 0.06497958 0.05113335 0.07072254
 0.0318932  0.07072254 0.02221815]
[0.0341971  0.14499801 0.06459338 0.06382325 0.06382325 0.06382325
 0.143965   0.06382325 0.02756425 0.08863169 0.07490355 0.06382325
 0.01917038 0.06382328 0.01903707]]