31432
Test: public void test11() throws Throwable { byte[] byteArray0 = CryptoUtil.generateHmacSha1Key(); byte[] byteArray1 = new byte[0]; // Undeclared exception!  CryptoUtil.aesEncrypt(byteArray0, byteArray1, byteArray1);   }
Code: public static byte[] aesEncrypt(byte[] input, byte[] key) { return aes(input, key, Cipher.ENCRYPT_MODE); }
[[0.04891462 0.14304277 0.07138677 0.06785553 0.20106432 0.07138677
 0.05561891 0.06340562 0.05360811 0.06785554 0.06756185 0.06785554
 0.02044364]
[0.05349251 0.14114952 0.06306013 0.07226804 0.14976257 0.06306013
 0.06510395 0.09321397 0.05054793 0.07226803 0.07841387 0.07226803
 0.02539138]
[0.05335123 0.1502147  0.06849511 0.07169686 0.1648818  0.06849511
 0.06265661 0.06442657 0.0727922  0.07169686 0.06040697 0.07169686
 0.01918916]
[0.04205642 0.1458561  0.07169169 0.07027272 0.19447991 0.07169169
 0.06804681 0.06623708 0.0510333  0.07027273 0.05554668 0.07027273
 0.02254215]
[0.0431774  0.14914832 0.07184556 0.05782581 0.2119761  0.07184556
 0.06758348 0.0697627  0.06255756 0.05782581 0.05770946 0.05782581
 0.02091642]
[0.05335123 0.1502147  0.06849511 0.07169686 0.1648818  0.06849511
 0.06265661 0.06442657 0.0727922  0.07169686 0.06040697 0.07169686
 0.01918916]
[0.04343464 0.12814003 0.0651026  0.07352637 0.16969125 0.0651026
 0.0691814  0.09293756 0.05979605 0.07352637 0.06266929 0.07352637
 0.02336549]
[0.05449538 0.12925524 0.06894585 0.07080512 0.1521782  0.06894585
 0.05867192 0.0889318  0.06254502 0.07080513 0.07246818 0.07080513
 0.03114723]
[0.03399464 0.14708138 0.06222511 0.07103938 0.23829974 0.06222511
 0.05931805 0.05976561 0.0505038  0.07103938 0.05674994 0.07103938
 0.01671844]
[0.04205642 0.1458561  0.07169169 0.07027272 0.19447991 0.07169169
 0.06804681 0.06623708 0.0510333  0.07027273 0.05554668 0.07027273
 0.02254215]
[0.04578499 0.1647848  0.06039609 0.07621273 0.18556094 0.06039609
 0.05273439 0.06485257 0.04956899 0.07621272 0.07257675 0.07621272
 0.01470624]
[0.04205642 0.1458561  0.07169169 0.07027272 0.19447991 0.07169169
 0.06804681 0.06623708 0.0510333  0.07027273 0.05554668 0.07027273
 0.02254215]
[0.03781742 0.15139008 0.04617488 0.07191508 0.18424833 0.04617488
 0.05915215 0.09030412 0.08060442 0.07191508 0.06862358 0.07191508
 0.0197648 ]]