143406
Test: public void test17() throws Throwable { CacheAccess<String, Integer> cacheAccess0 = new CacheAccess<String, Integer>((CompositeCache<String, Integer>) null); // Undeclared exception!  cacheAccess0.getMatchingCacheElements("i>_ao:eO8\"45$");   }
Code: public Map<K, ICacheElement<K, V>> getMatchingCacheElements( final String pattern ) { return this.getCacheControl().getMatching( pattern ); }
[[0.06047222 0.08388907 0.08388907 0.04731305 0.08388907 0.04832086
 0.07787411 0.03599111 0.10443532 0.07898035 0.06634796 0.08388907
 0.03599111 0.08331377 0.02540387]
[0.04859789 0.08117119 0.08117119 0.04817964 0.08117119 0.0467789
 0.08932566 0.0446443  0.11340294 0.07671528 0.05897567 0.0811712
 0.0446443  0.07795517 0.02609544]
[0.04859789 0.08117119 0.08117119 0.04817964 0.08117119 0.0467789
 0.08932566 0.0446443  0.11340294 0.07671528 0.05897567 0.0811712
 0.0446443  0.07795517 0.02609544]
[0.03776906 0.09111658 0.09111658 0.04903805 0.09111658 0.04225021
 0.0949876  0.03005103 0.10073097 0.08829226 0.06678526 0.0911166
 0.03005103 0.07551266 0.02006553]
[0.04859789 0.08117119 0.08117119 0.04817964 0.08117119 0.0467789
 0.08932566 0.0446443  0.11340294 0.07671528 0.05897567 0.0811712
 0.0446443  0.07795517 0.02609544]
[0.05591511 0.08774889 0.08774889 0.04203864 0.08774889 0.0370698
 0.08808387 0.02770694 0.11299066 0.09237802 0.08124959 0.08774889
 0.02770694 0.06552879 0.01833605]
[0.06182732 0.08726269 0.08726269 0.04831156 0.08726269 0.04753195
 0.07128503 0.03227647 0.10307632 0.09239373 0.06262055 0.08726268
 0.03227647 0.07596842 0.0233814 ]
[0.06930254 0.07276641 0.07276641 0.05921499 0.07276641 0.04984371
 0.07822394 0.04262754 0.09103608 0.08985649 0.07395434 0.0727664
 0.04262755 0.08393719 0.02831005]
[0.05860418 0.08074403 0.08074403 0.04055307 0.08074403 0.05631167
 0.09162213 0.02951428 0.09535336 0.11897687 0.06834    0.08074403
 0.02951428 0.05817631 0.03005774]
[0.0593801  0.0770785  0.0770785  0.05612712 0.0770785  0.05836686
 0.08544677 0.03439492 0.09944858 0.09706754 0.0681298  0.07707851
 0.03439492 0.06495858 0.03397084]
[0.04300335 0.08696735 0.08696735 0.04563028 0.08696735 0.03917374
 0.09855802 0.03075802 0.10400986 0.08153486 0.06286968 0.08696735
 0.03075803 0.09336141 0.02247334]
[0.04859789 0.08117119 0.08117119 0.04817964 0.08117119 0.0467789
 0.08932566 0.0446443  0.11340294 0.07671528 0.05897567 0.0811712
 0.0446443  0.07795517 0.02609544]
[0.06930253 0.07276639 0.07276639 0.05921499 0.07276639 0.0498437
 0.07822394 0.04262754 0.09103608 0.0898565  0.07395434 0.07276639
 0.04262754 0.08393719 0.02831005]
[0.04467047 0.08142766 0.08142766 0.03605337 0.08142766 0.04808017
 0.10256613 0.02761853 0.11045377 0.11014795 0.07765325 0.08142766
 0.02761853 0.07076518 0.01866202]
[0.0437483  0.08190028 0.08190028 0.04650658 0.08190028 0.03950234
 0.08013524 0.02865917 0.11623468 0.11193513 0.0954045  0.08190028
 0.02865917 0.05750205 0.02411175]]