165944
Test: public void test36() throws Throwable { XMLConfiguration xMLConfiguration0 = new XMLConfiguration(); xMLConfiguration0.setRootElementName("H;_SjEEXPn."); String string0 = xMLConfiguration0.getRootElementNameInternal(); }
Code: protected String getRootElementNameInternal() { final Document doc = getDocument(); if (doc == null) { return rootElementName == null ? DEFAULT_ROOT_NAME : rootElementName; } return doc.getDocumentElement().getNodeName(); }
[[0.04197067 0.0366656  0.03775848 0.05383048 0.02266198 0.10295778
 0.02871512 0.01976439 0.03775848 0.07908973 0.06376674 0.03831944
 0.01056565 0.05383048 0.03255536 0.03775848 0.03831944 0.02457116
 0.04955116 0.03775848 0.02255349 0.03775848 0.01060252 0.03255536
 0.03775848 0.01060252]
[0.04200057 0.03380276 0.04134738 0.04918685 0.02383454 0.09434742
 0.03777378 0.02013164 0.04134738 0.08687445 0.05443413 0.03802469
 0.01329009 0.04918685 0.03087768 0.04134738 0.03802469 0.02437356
 0.03732484 0.04134738 0.02320728 0.04134738 0.01217114 0.03087768
 0.04134738 0.01217113]
[0.04968683 0.04220836 0.03922972 0.04327541 0.0247091  0.08509225
 0.03548978 0.02695186 0.03922972 0.06048203 0.05858998 0.04464141
 0.01744789 0.04327541 0.02933819 0.03922972 0.04464141 0.02551789
 0.05141682 0.03922972 0.02384221 0.03922972 0.01433834 0.02933819
 0.03922973 0.01433834]
[0.05560961 0.04203914 0.03850021 0.05547935 0.03084444 0.08991329
 0.03274326 0.02621404 0.03850021 0.05303422 0.04820728 0.0321572
 0.01913187 0.05547935 0.0352108  0.03850021 0.0321572  0.02455586
 0.03732169 0.03850021 0.02626266 0.03850021 0.01871335 0.0352108
 0.03850022 0.01871335]
[0.03253926 0.03974816 0.03964784 0.04832739 0.01823436 0.10174648
 0.02555751 0.02075196 0.03964784 0.08838701 0.0623906  0.03928971
 0.01170892 0.04832739 0.03915538 0.03964784 0.03928971 0.02135224
 0.04581931 0.03964784 0.021566   0.03964784 0.00938311 0.03915538
 0.03964784 0.0093831 ]
[0.0374214  0.04927707 0.03930724 0.05353677 0.02244648 0.10110761
 0.0312666  0.01436267 0.03930724 0.08642535 0.06989676 0.03216334
 0.01101589 0.05353677 0.02996998 0.03930724 0.03216334 0.0210959
 0.04446123 0.03930724 0.02471872 0.03930724 0.00966032 0.02996998
 0.03930725 0.00966031]
[0.04442517 0.04539531 0.03574093 0.0536756  0.02196478 0.09833652
 0.03025594 0.02236972 0.03574093 0.07218534 0.06948401 0.04189593
 0.0141263  0.0536756  0.0274136  0.03574093 0.04189593 0.02701469
 0.04423084 0.03574093 0.01991859 0.03574093 0.01493847 0.0274136
 0.03574094 0.01493846]
[0.04714609 0.03697946 0.04444677 0.03773141 0.02658279 0.07258274
 0.03841614 0.02672071 0.04444677 0.07008621 0.05233564 0.03494801
 0.01964498 0.03773141 0.03495484 0.04444677 0.03494801 0.02588901
 0.0421751  0.04444677 0.02759058 0.04444677 0.01595068 0.03495484
 0.04444679 0.01595068]
[0.04968683 0.04220836 0.03922972 0.04327541 0.0247091  0.08509225
 0.03548978 0.02695186 0.03922972 0.06048203 0.05858998 0.04464141
 0.01744789 0.04327541 0.02933819 0.03922972 0.04464141 0.02551789
 0.05141682 0.03922972 0.02384221 0.03922972 0.01433834 0.02933819
 0.03922973 0.01433834]
[0.04129047 0.03804087 0.03887461 0.04890904 0.01647722 0.12645099
 0.02372716 0.01548011 0.03887461 0.10919423 0.0809756  0.03490295
 0.00699489 0.04890904 0.02527166 0.03887461 0.03490295 0.01849623
 0.04119833 0.03887461 0.01603345 0.03887461 0.00711277 0.02527166
 0.03887461 0.00711277]
[0.04758523 0.03458149 0.03711664 0.05609532 0.02182838 0.10546865
 0.02642097 0.01576062 0.03711664 0.08111522 0.05923221 0.03279378
 0.01408333 0.05609532 0.03562811 0.03711664 0.03279378 0.0225057
 0.05054531 0.03711664 0.02202606 0.03711664 0.01355623 0.03562811
 0.03711665 0.01355623]
[0.03636692 0.04357545 0.02572892 0.05464931 0.01769939 0.13587697
 0.02537712 0.01882346 0.02572892 0.09579487 0.09640837 0.04172476
 0.01125474 0.05464931 0.02953649 0.02572892 0.04172476 0.01971874
 0.04465751 0.02572892 0.02672864 0.02572892 0.01076157 0.02953649
 0.02572893 0.01076157]
[0.04505225 0.03469222 0.03877781 0.05711687 0.01955916 0.0889651
 0.02535171 0.01516637 0.03877781 0.10226917 0.06562896 0.04138795
 0.01351954 0.05711687 0.02795563 0.03877781 0.04138795 0.02196567
 0.04715508 0.03877781 0.01812718 0.03877781 0.00847988 0.02795563
 0.03877782 0.00847988]
[0.05560961 0.04203914 0.03850021 0.05547935 0.03084444 0.08991329
 0.03274326 0.02621404 0.03850021 0.05303422 0.04820728 0.0321572
 0.01913187 0.05547935 0.0352108  0.03850021 0.0321572  0.02455586
 0.03732169 0.03850021 0.02626266 0.03850021 0.01871335 0.0352108
 0.03850022 0.01871335]
[0.04807163 0.04000983 0.03809347 0.04356577 0.01905474 0.10860944
 0.03066138 0.01994325 0.03809347 0.08034528 0.08003389 0.03625522
 0.01150342 0.04356577 0.02851605 0.03809347 0.03625522 0.02360515
 0.04985242 0.03809347 0.01962227 0.03809347 0.01172619 0.02851605
 0.03809348 0.01172619]
[0.04968683 0.04220836 0.03922972 0.04327541 0.0247091  0.08509225
 0.03548978 0.02695186 0.03922972 0.06048203 0.05858998 0.04464141
 0.01744789 0.04327541 0.02933819 0.03922972 0.04464141 0.02551789
 0.05141682 0.03922972 0.02384221 0.03922972 0.01433834 0.02933819
 0.03922973 0.01433834]
[0.03636692 0.04357545 0.02572892 0.05464931 0.01769939 0.13587697
 0.02537712 0.01882346 0.02572892 0.09579487 0.09640837 0.04172476
 0.01125474 0.05464931 0.02953649 0.02572892 0.04172476 0.01971874
 0.04465751 0.02572892 0.02672864 0.02572892 0.01076157 0.02953649
 0.02572893 0.01076157]
[0.03035169 0.0342358  0.03667311 0.06194617 0.02014949 0.09831087
 0.02439937 0.02175697 0.03667311 0.07636873 0.06803647 0.03783071
 0.01411239 0.06194617 0.03992832 0.03667311 0.03783071 0.02196937
 0.05124013 0.03667311 0.02109952 0.03667311 0.00926011 0.03992832
 0.03667311 0.00926011]
[0.03706256 0.04428166 0.03527544 0.06192683 0.01844441 0.12164077
 0.02601926 0.0150208  0.03527544 0.08035157 0.0727718  0.02790042
 0.01137726 0.06192683 0.03226186 0.03527544 0.02790042 0.02133339
 0.04731417 0.03527544 0.02554485 0.03527544 0.01150329 0.03226186
 0.03527544 0.01150329]
[0.04968683 0.04220836 0.03922972 0.04327541 0.0247091  0.08509225
 0.03548978 0.02695186 0.03922972 0.06048203 0.05858998 0.04464141
 0.01744789 0.04327541 0.02933819 0.03922972 0.04464141 0.02551789
 0.05141682 0.03922972 0.02384221 0.03922972 0.01433834 0.02933819
 0.03922973 0.01433834]
[0.03790638 0.0354971  0.0366375  0.05122203 0.0220936  0.06847411
 0.02721348 0.02414099 0.0366375  0.07054497 0.07566583 0.03657239
 0.01618087 0.05122203 0.03848891 0.0366375  0.03657239 0.03008747
 0.06327271 0.0366375  0.02205527 0.0366375  0.01723776 0.03848891
 0.0366375  0.01723776]
[0.04968683 0.04220836 0.03922972 0.04327541 0.0247091  0.08509225
 0.03548978 0.02695186 0.03922972 0.06048203 0.05858998 0.04464141
 0.01744789 0.04327541 0.02933819 0.03922972 0.04464141 0.02551789
 0.05141682 0.03922972 0.02384221 0.03922972 0.01433834 0.02933819
 0.03922973 0.01433834]
[0.04163821 0.03661576 0.0364568  0.05703546 0.01852174 0.09098874
 0.02500662 0.01870555 0.0364568  0.07846461 0.0698621  0.03515817
 0.01235927 0.05703546 0.04532894 0.0364568  0.03515817 0.02225589
 0.0476419  0.0364568  0.02014626 0.0364568  0.01200369 0.04532894
 0.03645681 0.01200369]
[0.04807163 0.04000983 0.03809347 0.04356577 0.01905474 0.10860944
 0.03066138 0.01994325 0.03809347 0.08034528 0.08003389 0.03625522
 0.01150342 0.04356577 0.02851605 0.03809347 0.03625522 0.02360515
 0.04985242 0.03809347 0.01962227 0.03809347 0.01172619 0.02851605
 0.03809348 0.01172619]
[0.04968684 0.04220835 0.03922973 0.04327541 0.0247091  0.08509223
 0.03548978 0.02695185 0.03922973 0.06048203 0.05858995 0.0446414
 0.01744789 0.04327541 0.02933819 0.03922973 0.0446414  0.02551789
 0.05141681 0.03922973 0.02384222 0.03922973 0.01433834 0.02933819
 0.03922973 0.01433834]
[0.04163821 0.03661576 0.0364568  0.05703547 0.01852175 0.09098877
 0.02500662 0.01870555 0.0364568  0.0784646  0.06986208 0.03515817
 0.01235928 0.05703547 0.04532894 0.0364568  0.03515817 0.02225589
 0.0476419  0.0364568  0.02014626 0.0364568  0.01200369 0.04532894
 0.0364568  0.01200369]]