25511
Test: public void test15() throws Throwable { StlBoundaryWriteHandler3D stlBoundaryWriteHandler3D0 = new StlBoundaryWriteHandler3D(); // Undeclared exception!  stlBoundaryWriteHandler3D0.setInitialBufferSize((-2207));   }
Code: public void setInitialBufferSize(final int initialBufferSize) { if (initialBufferSize < 1) { throw new IllegalArgumentException("Buffer size must be greater than 0"); } this.initialBufferSize = initialBufferSize; }
[[0.03015597 0.0247581  0.04183696 0.01849321 0.04183696 0.0431488
 0.08158346 0.04183696 0.02406275 0.03011064 0.0431488  0.03023905
 0.01500637 0.04183696 0.00819704 0.06714854 0.02728048 0.18382657
 0.04868105 0.02699167 0.01349166 0.04183696 0.01916242 0.04183696
 0.01349166]
[0.02209241 0.02111028 0.04022197 0.01114467 0.04022197 0.04688245
 0.07479904 0.04022197 0.01645841 0.02289102 0.04688245 0.02697032
 0.01043167 0.04022197 0.00720287 0.06626772 0.03025791 0.25195625
 0.03608053 0.01999085 0.01392302 0.04022197 0.01940326 0.04022197
 0.01392302]
[0.02413683 0.02269257 0.03967101 0.01531008 0.03967101 0.04166101
 0.06023201 0.03967101 0.02070559 0.03509421 0.04166101 0.02858276
 0.01864433 0.03967101 0.01103708 0.070707   0.03276482 0.21855214
 0.03291095 0.03278828 0.01391443 0.03967101 0.0266644  0.03967101
 0.01391443]
[0.01863598 0.01697535 0.04618932 0.01277393 0.04618932 0.04605673
 0.10777317 0.04618932 0.01480831 0.02681547 0.04605673 0.02519131
 0.00995722 0.04618932 0.00714365 0.06142185 0.03089182 0.19675076
 0.04588599 0.02095076 0.00954128 0.04618932 0.01569243 0.04618932
 0.00954127]
[0.02413683 0.02269257 0.03967101 0.01531008 0.03967101 0.04166101
 0.06023201 0.03967101 0.02070559 0.03509421 0.04166101 0.02858276
 0.01864433 0.03967101 0.01103708 0.070707   0.03276482 0.21855214
 0.03291095 0.03278828 0.01391443 0.03967101 0.0266644  0.03967101
 0.01391443]
[0.03292356 0.02881542 0.04269491 0.01567144 0.04269491 0.05391286
 0.05657534 0.04269491 0.02612907 0.04084125 0.05391286 0.03013446
 0.01822779 0.04269491 0.01125416 0.06545299 0.03470846 0.14943951
 0.03031762 0.03035374 0.01885331 0.04269491 0.02745336 0.04269491
 0.01885331]
[0.01712272 0.01409414 0.03497152 0.00799171 0.03497152 0.04589943
 0.10024546 0.03497152 0.01054019 0.02424684 0.04589943 0.01780736
 0.00702948 0.03497152 0.00722925 0.0622519  0.02794857 0.3205815
 0.03827659 0.01548199 0.00663662 0.03497152 0.01425107 0.03497152
 0.00663662]
[0.02413683 0.02269257 0.03967101 0.01531008 0.03967101 0.04166101
 0.06023201 0.03967101 0.02070559 0.03509421 0.04166101 0.02858276
 0.01864433 0.03967101 0.01103708 0.070707   0.03276482 0.21855214
 0.03291095 0.03278828 0.01391443 0.03967101 0.0266644  0.03967101
 0.01391443]
[0.02390334 0.02238504 0.03880562 0.01715045 0.03880562 0.050021
 0.07608642 0.03880562 0.02329918 0.0352087  0.050021   0.04030419
 0.01552949 0.03880562 0.00982396 0.06383672 0.0332314  0.17232844
 0.0471287  0.03287768 0.01515733 0.03880562 0.02371596 0.03880562
 0.01515733]
[0.02480299 0.01978616 0.03408761 0.01207651 0.03408761 0.06673495
 0.07986528 0.03408761 0.01444099 0.02980495 0.06673495 0.0252352
 0.01054555 0.03408761 0.00651194 0.06059888 0.02799316 0.24645513
 0.0509407  0.02207308 0.00899534 0.03408761 0.01288319 0.03408761
 0.00899534]
[0.03292356 0.02881542 0.04269491 0.01567144 0.04269491 0.05391286
 0.05657534 0.04269491 0.02612907 0.04084125 0.05391286 0.03013446
 0.01822779 0.04269491 0.01125416 0.06545299 0.03470846 0.14943951
 0.03031762 0.03035374 0.01885331 0.04269491 0.02745336 0.04269491
 0.01885331]
[0.02298432 0.01950445 0.03686386 0.01317084 0.03686386 0.0642128
 0.08049175 0.03686386 0.01830182 0.02535504 0.0642128  0.0276291
 0.01227452 0.03686386 0.00540589 0.09362441 0.03462259 0.19767663
 0.03528918 0.02351931 0.01017891 0.03686386 0.02018355 0.03686386
 0.01017891]
[0.02573993 0.0242333  0.03777222 0.01564126 0.03777222 0.05066883
 0.08502995 0.03777222 0.02137524 0.02496403 0.05066883 0.02782585
 0.01626661 0.03777222 0.00825606 0.07885642 0.03523395 0.20507583
 0.03026118 0.02416727 0.01442505 0.03777222 0.02025197 0.03777222
 0.01442505]
[0.02413683 0.02269257 0.03967101 0.01531008 0.03967101 0.04166101
 0.06023201 0.03967101 0.02070559 0.03509421 0.04166101 0.02858276
 0.01864433 0.03967101 0.01103708 0.070707   0.03276482 0.21855214
 0.03291095 0.03278828 0.01391443 0.03967101 0.0266644  0.03967101
 0.01391443]
[0.02623197 0.02449352 0.04305057 0.01555324 0.04305057 0.04927226
 0.09007362 0.04305057 0.01910397 0.03072923 0.04927226 0.02348721
 0.01599597 0.04305057 0.00897034 0.06728898 0.0322974  0.18055926
 0.03073447 0.02981593 0.01333968 0.04305057 0.02113757 0.04305057
 0.01333968]
[0.02436707 0.02098378 0.03754519 0.01595428 0.03754519 0.05857633
 0.09295373 0.03754519 0.02095342 0.03511266 0.05857633 0.03267823
 0.01869197 0.03754519 0.00775632 0.07390423 0.047069   0.15048653
 0.03998733 0.02778215 0.01319798 0.03754519 0.02249954 0.03754519
 0.01319798]
[0.02528001 0.02199715 0.04441172 0.01755003 0.04441172 0.04318133
 0.08635615 0.04441172 0.01816652 0.023555   0.04318133 0.02375982
 0.01209414 0.04441172 0.00898563 0.07569359 0.03691397 0.18367326
 0.04241817 0.02262487 0.01409034 0.04441172 0.01991799 0.04441172
 0.01409034]
[0.02518431 0.02422602 0.03915753 0.01251093 0.03915753 0.05163772
 0.06751579 0.03915753 0.01827714 0.03238591 0.05163772 0.02940396
 0.01344564 0.03915753 0.00732927 0.08539206 0.03149021 0.20031802
 0.04176626 0.02586461 0.01294006 0.03915753 0.02078908 0.03915753
 0.01294006]
[0.02604072 0.01907681 0.03812942 0.012526   0.03812942 0.05392252
 0.08199079 0.03812942 0.01830434 0.03062884 0.05392252 0.02600141
 0.01737236 0.03812942 0.00767295 0.08062106 0.03813653 0.19997016
 0.03084464 0.02527586 0.01507154 0.03812942 0.01877283 0.03812942
 0.01507153]
[0.02262088 0.01943252 0.03948523 0.01333332 0.03948523 0.04887875
 0.07559857 0.03948523 0.01489849 0.03108303 0.04887875 0.02768342
 0.01081585 0.03948523 0.00784659 0.07664393 0.0277543  0.23264802
 0.04570638 0.01655181 0.01126374 0.03948523 0.02018651 0.03948523
 0.01126374]
[0.02159862 0.02048935 0.0395946  0.01614921 0.0395946  0.0601123
 0.08436446 0.0395946  0.01859212 0.02820735 0.0601123  0.03046626
 0.01212995 0.0395946  0.00932804 0.05566704 0.0446591  0.18864298
 0.04102756 0.02542715 0.0127139  0.0395946  0.02003085 0.0395946
 0.0127139 ]
[0.02413683 0.02269257 0.03967101 0.01531008 0.03967101 0.04166101
 0.06023201 0.03967101 0.02070559 0.03509421 0.04166101 0.02858276
 0.01864433 0.03967101 0.01103708 0.070707   0.03276482 0.21855214
 0.03291095 0.03278828 0.01391443 0.03967101 0.0266644  0.03967101
 0.01391443]
[0.03546001 0.02894588 0.05015241 0.0214204  0.05015241 0.04018342
 0.07851867 0.05015241 0.02403497 0.03542887 0.04018342 0.0288492
 0.01669417 0.05015241 0.01083722 0.04911343 0.03573615 0.12473334
 0.03432713 0.0303573  0.01741152 0.05015241 0.02943891 0.05015241
 0.01741152]
[0.02413683 0.02269257 0.03967101 0.01531008 0.03967101 0.04166101
 0.06023201 0.03967101 0.02070559 0.03509421 0.04166101 0.02858276
 0.01864433 0.03967101 0.01103708 0.070707   0.03276482 0.21855214
 0.03291095 0.03278828 0.01391443 0.03967101 0.0266644  0.03967101
 0.01391443]
[0.02159862 0.02048935 0.0395946  0.0161492  0.0395946  0.06011231
 0.08436444 0.0395946  0.01859212 0.02820735 0.06011231 0.03046627
 0.01212995 0.0395946  0.00932804 0.05566702 0.0446591  0.18864293
 0.04102756 0.02542715 0.0127139  0.0395946  0.02003085 0.0395946
 0.0127139 ]]