90854
Test: public void test186() throws Throwable { InstConstraintVisitor instConstraintVisitor0 = new InstConstraintVisitor(); FLOAD fLOAD0 = new FLOAD(0); instConstraintVisitor0.visitFLOAD(fLOAD0); }
Code: public void visitFLOAD(final FLOAD o) { //visitLoadInstruction(LoadInstruction) is called before. // Nothing else needs to be done here. }
[[0.04254875 0.03465107 0.05902795 0.05902795 0.06624965 0.05862218
 0.05902795 0.09379588 0.04780538 0.05902795 0.05902795 0.05902795
 0.06058528 0.02687029 0.07606488 0.03753981 0.02352917 0.05902797
 0.0185419 ]
[0.03282535 0.03018708 0.061484   0.061484   0.05890948 0.06425171
 0.061484   0.0905038  0.0468123  0.061484   0.061484   0.061484
 0.06223088 0.02936947 0.06972802 0.04238572 0.02314421 0.06148401
 0.01926397]
[0.03469485 0.0317103  0.05751805 0.05751805 0.05862331 0.05715353
 0.05751805 0.10406438 0.04059167 0.05751805 0.05751805 0.05751805
 0.07427137 0.03339622 0.07313108 0.04559634 0.02487148 0.05751806
 0.01926912]
[0.03469485 0.0317103  0.05751805 0.05751805 0.05862331 0.05715353
 0.05751805 0.10406438 0.04059167 0.05751805 0.05751805 0.05751805
 0.07427137 0.03339622 0.07313108 0.04559634 0.02487148 0.05751806
 0.01926912]
[0.03751399 0.03089938 0.05435404 0.05435404 0.07128225 0.07412575
 0.05435404 0.09079859 0.05079655 0.05435404 0.05435404 0.05435404
 0.07097823 0.03360706 0.06302142 0.04777581 0.02654814 0.05435404
 0.02217452]
[0.04534028 0.03995724 0.05739736 0.05739736 0.05737352 0.07738306
 0.05739736 0.07051921 0.03940074 0.05739736 0.05739736 0.05739736
 0.06935914 0.04026058 0.05671678 0.04877642 0.02656215 0.05739737
 0.02656933]
[0.03469485 0.0317103  0.05751805 0.05751805 0.05862331 0.05715353
 0.05751805 0.10406438 0.04059167 0.05751805 0.05751805 0.05751805
 0.07427137 0.03339622 0.07313108 0.04559634 0.02487148 0.05751806
 0.01926912]
[0.0451032  0.0386471  0.05532884 0.05532884 0.06836569 0.07423794
 0.05532884 0.09054755 0.05170749 0.05532884 0.05532884 0.05532884
 0.06855424 0.03906499 0.05655178 0.03784532 0.02279805 0.05532885
 0.01927474]
[0.04319811 0.03459425 0.04786883 0.04786883 0.0663031  0.07166295
 0.04786883 0.10832953 0.0478313  0.04786883 0.04786883 0.04786883
 0.07106154 0.03742785 0.07943828 0.05801152 0.02941643 0.04786884
 0.01764325]
[0.03469485 0.0317103  0.05751805 0.05751805 0.05862331 0.05715353
 0.05751805 0.10406438 0.04059167 0.05751805 0.05751805 0.05751805
 0.07427137 0.03339622 0.07313108 0.04559634 0.02487148 0.05751806
 0.01926912]
[0.03469485 0.0317103  0.05751805 0.05751805 0.05862331 0.05715353
 0.05751805 0.10406438 0.04059167 0.05751805 0.05751805 0.05751805
 0.07427137 0.03339622 0.07313108 0.04559634 0.02487148 0.05751806
 0.01926912]
[0.03469485 0.0317103  0.05751805 0.05751805 0.05862331 0.05715353
 0.05751805 0.10406438 0.04059167 0.05751805 0.05751805 0.05751805
 0.07427137 0.03339622 0.07313108 0.04559634 0.02487148 0.05751806
 0.01926912]
[0.03428945 0.02616296 0.0591012  0.0591012  0.05924146 0.06708796
 0.0591012  0.09324534 0.03892009 0.0591012  0.0591012  0.0591012
 0.06958443 0.02585968 0.09134049 0.03893199 0.02770887 0.05910121
 0.01391886]
[0.0331426  0.02623476 0.05563602 0.05563602 0.0598181  0.07327267
 0.05563602 0.1024766  0.05011885 0.05563602 0.05563602 0.05563602
 0.0641147  0.0296041  0.07796907 0.04864584 0.02664438 0.05563602
 0.01850624]
[0.03714752 0.03350355 0.05869751 0.05869751 0.06266841 0.07167708
 0.05869751 0.09987365 0.03743315 0.05869751 0.05869751 0.05869751
 0.06460156 0.02940536 0.06515287 0.04765215 0.01925828 0.05869753
 0.02074379]
[0.03435756 0.02975623 0.06057072 0.06057072 0.054998   0.05788774
 0.06057072 0.09886747 0.04337241 0.06057072 0.06057072 0.06057072
 0.06123496 0.03206971 0.06730672 0.04963699 0.02756736 0.06057073
 0.01894974]
[0.03463474 0.02667756 0.06110174 0.06110174 0.0643501  0.06463818
 0.06110174 0.08162807 0.03754669 0.06110174 0.06110174 0.06110174
 0.06951887 0.02436334 0.08819025 0.0443534  0.02236834 0.06110174
 0.01401832]
[0.03469486 0.0317103  0.05751805 0.05751805 0.05862333 0.05715354
 0.05751805 0.10406435 0.04059167 0.05751805 0.05751805 0.05751805
 0.07427135 0.03339621 0.07313108 0.04559633 0.02487149 0.05751806
 0.01926913]
[0.02923516 0.02791263 0.05328117 0.05328117 0.06539089 0.08317217
 0.05328117 0.12012159 0.03945714 0.05328117 0.05328117 0.05328117
 0.06536379 0.02720775 0.06279349 0.06143036 0.02743611 0.05328118
 0.01751073]]