36721
Test: public void test99() throws Throwable { LocalTime localTime0 = new LocalTime(); LocalTime localTime1 = localTime0.plusMinutes(0); }
Code: public LocalTime plusMinutes(int minutes) { if (minutes == 0) { return this; } long instant = getChronology().minutes().add(getLocalMillis(), minutes); return withLocalMillis(instant); }
[[0.04052765 0.05950647 0.05621976 0.07441309 0.0513244  0.10896388
 0.03409792 0.06469927 0.02208349 0.0513244  0.04426699 0.03431395
 0.01667369 0.06819446 0.04792529 0.02532761 0.05621976 0.02675745
 0.04426699 0.05621976 0.01667369]
[0.03344032 0.05484705 0.05421542 0.05493544 0.07039892 0.11484985
 0.03693815 0.06326269 0.0208767  0.07039892 0.0470381  0.02608242
 0.01360365 0.06305993 0.05334932 0.02318415 0.05421542 0.03044636
 0.04703809 0.05421542 0.01360365]
[0.03531592 0.06074204 0.05949184 0.06418489 0.05295672 0.08611074
 0.03896713 0.06751558 0.02549351 0.05295672 0.04278374 0.03368261
 0.01821531 0.06412094 0.04252413 0.03731091 0.05949184 0.03764452
 0.04278373 0.05949184 0.01821531]
[0.0380532  0.04269258 0.05218558 0.07620776 0.05019091 0.11653799
 0.04873733 0.06604235 0.02243517 0.05019091 0.05274871 0.03343169
 0.01054286 0.0643734  0.0569353  0.02251437 0.05218558 0.02851715
 0.05274871 0.05218558 0.01054286]
[0.04231064 0.04949549 0.05667651 0.06891135 0.06522938 0.07323934
 0.04025665 0.04591744 0.02817168 0.06522938 0.04905939 0.03509886
 0.02344588 0.06912681 0.03333685 0.03509724 0.05667651 0.03353883
 0.04905939 0.05667651 0.02344588]
[0.02734542 0.06528337 0.0646321  0.07051487 0.05441468 0.15303624
 0.03031483 0.05716931 0.02160937 0.05441468 0.03582597 0.02105473
 0.00845777 0.081032   0.04144917 0.02113507 0.06463212 0.01876256
 0.03582597 0.06463212 0.00845777]
[0.02591258 0.05076356 0.0561238  0.08075542 0.06736865 0.1327232
 0.02929175 0.05735929 0.02203245 0.06736865 0.03940532 0.02725658
 0.0164396  0.07050806 0.03702895 0.02442275 0.0561238  0.02714688
 0.03940532 0.0561238  0.0164396 ]
[0.02614409 0.06001797 0.04450831 0.07906191 0.06155984 0.14470875
 0.03059333 0.06580438 0.02649563 0.06155984 0.04263826 0.02773441
 0.01288734 0.07985759 0.04121452 0.02671285 0.04450832 0.02395876
 0.04263826 0.04450832 0.01288734]
[0.03374806 0.05606728 0.05606432 0.05993592 0.05589426 0.11369146
 0.03245869 0.05715112 0.02264072 0.05589426 0.05305953 0.03099655
 0.01952084 0.06863813 0.03691936 0.02614434 0.05606432 0.03646618
 0.05305953 0.05606432 0.01952084]
[0.04231064 0.04949549 0.05667651 0.06891135 0.06522938 0.07323934
 0.04025665 0.04591744 0.02817168 0.06522938 0.04905939 0.03509886
 0.02344588 0.06912681 0.03333685 0.03509724 0.05667651 0.03353883
 0.04905939 0.05667651 0.02344588]
[0.02892344 0.05978188 0.05979892 0.0739956  0.05216624 0.12211592
 0.02497329 0.05868386 0.021699   0.05216624 0.04274395 0.02551271
 0.01451837 0.08486429 0.04621908 0.02800997 0.05979892 0.02696711
 0.04274395 0.05979892 0.01451837]
[0.04230206 0.05074713 0.06063765 0.06404928 0.0644768  0.10244323
 0.03077708 0.05449894 0.02507964 0.0644768  0.05137314 0.02613498
 0.01768203 0.06444693 0.03712851 0.02488217 0.06063765 0.02853317
 0.05137313 0.06063765 0.01768203]
[0.02970179 0.04782997 0.05695273 0.06901732 0.06820659 0.11284355
 0.04741453 0.05078042 0.02060514 0.06820659 0.06252094 0.0269999
 0.01506934 0.04818967 0.03150536 0.02597542 0.05695273 0.02668507
 0.06252093 0.05695273 0.01506934]
[0.02973579 0.07246278 0.05703699 0.06832446 0.06413976 0.11194147
 0.02702556 0.06048025 0.0229053  0.06413976 0.04424564 0.02688529
 0.01564834 0.06392583 0.04807495 0.02257787 0.05703698 0.02648208
 0.04424563 0.05703698 0.01564833]
[0.04002839 0.05984088 0.05852711 0.06601597 0.0529263  0.11006451
 0.03161231 0.06409164 0.02239332 0.0529263  0.0479695  0.03071442
 0.01610648 0.0642041  0.04432338 0.02705419 0.05852711 0.03007104
 0.0479695  0.05852711 0.01610648]
[0.04428246 0.04873247 0.06268619 0.06197993 0.04819315 0.09766178
 0.04048074 0.0504504  0.03261719 0.04819315 0.04826014 0.04355133
 0.02126421 0.05482011 0.03328738 0.036191   0.0626862  0.03245156
 0.04826015 0.0626862  0.02126421]
[0.03531592 0.06074204 0.05949184 0.06418489 0.05295672 0.08611074
 0.03896713 0.06751558 0.02549351 0.05295672 0.04278374 0.03368261
 0.01821531 0.06412094 0.04252413 0.03731091 0.05949184 0.03764452
 0.04278373 0.05949184 0.01821531]
[0.0304771  0.06578325 0.05500777 0.07299501 0.05361485 0.1297597
 0.03223841 0.07099281 0.02154464 0.05361485 0.04835503 0.02901206
 0.01031895 0.06120943 0.04146574 0.02561505 0.05500776 0.02930588
 0.04835503 0.05500776 0.01031895]
[0.02892344 0.05978188 0.05979892 0.0739956  0.05216624 0.12211592
 0.02497329 0.05868386 0.021699   0.05216624 0.04274395 0.02551271
 0.01451837 0.08486429 0.04621908 0.02800997 0.05979892 0.02696711
 0.04274395 0.05979892 0.01451837]
[0.03531592 0.06074204 0.05949184 0.06418489 0.05295672 0.08611074
 0.03896713 0.06751558 0.02549351 0.05295672 0.04278374 0.03368261
 0.01821531 0.06412094 0.04252413 0.03731091 0.05949184 0.03764452
 0.04278373 0.05949184 0.01821531]
[0.02970178 0.04782995 0.05695273 0.06901732 0.0682066  0.11284353
 0.04741453 0.05078042 0.02060514 0.0682066  0.06252093 0.0269999
 0.01506934 0.04818967 0.03150537 0.02597542 0.05695273 0.02668507
 0.06252093 0.05695273 0.01506934]]