15940
Test: public void test16() throws Throwable { StopWatch stopWatch0 = StopWatch.createStarted(); stopWatch0.split(); long long0 = stopWatch0.getSplitNanoTime(); }
Code: public long getSplitNanoTime() { if (this.splitState != SplitState.SPLIT) { throw new IllegalStateException("Stopwatch must be split to get the split time."); } return this.stopTimeNanos - this.startTimeNanos; }
[[0.026123   0.0407035  0.03624692 0.04272924 0.07121782 0.03624692
 0.0152677  0.03624692 0.04272924 0.02586658 0.01262995 0.04723834
 0.05089904 0.02588667 0.08862819 0.0431632  0.01512212 0.01501797
 0.08862819 0.03624692 0.0128581  0.02972473 0.03624692 0.07522681
 0.03624693 0.0128581 ]
[0.01643514 0.0286892  0.02752853 0.0539832  0.06315202 0.02752853
 0.0106953  0.02752853 0.0539832  0.01902165 0.00922865 0.04254804
 0.04867076 0.03081612 0.13912487 0.03322117 0.01565244 0.01248764
 0.13912487 0.02752853 0.01201633 0.02382812 0.02752853 0.07013376
 0.02752853 0.01201633]
[0.01956793 0.02782601 0.03062372 0.04227728 0.0509754  0.03062372
 0.01517869 0.03062372 0.04227728 0.02334097 0.01585651 0.05024885
 0.0438314  0.0312345  0.1347467  0.03729291 0.01359994 0.01472927
 0.1347467  0.03062372 0.01355888 0.02404707 0.03062372 0.0673625
 0.03062373 0.01355888]
[0.02751253 0.0396717  0.03277393 0.05156336 0.04642061 0.03277393
 0.0207964  0.03277393 0.05156336 0.02548164 0.0142886  0.04701507
 0.04623484 0.0310338  0.09697637 0.03368944 0.01842732 0.01680027
 0.09697637 0.03277393 0.01701175 0.03070544 0.03277393 0.0741758
 0.03277393 0.01701175]
[0.0150375  0.02794047 0.02782072 0.04652975 0.09036183 0.02782072
 0.00741694 0.02782072 0.04652975 0.01642816 0.00642779 0.06217353
 0.04127707 0.02764763 0.14164329 0.03392116 0.01008964 0.00847762
 0.14164329 0.02782072 0.00653349 0.02073845 0.02782072 0.07572481
 0.02782072 0.00653348]
[0.01956793 0.02782601 0.03062372 0.04227728 0.0509754  0.03062372
 0.01517869 0.03062372 0.04227728 0.02334097 0.01585651 0.05024885
 0.0438314  0.0312345  0.1347467  0.03729291 0.01359994 0.01472927
 0.1347467  0.03062372 0.01355888 0.02404707 0.03062372 0.0673625
 0.03062373 0.01355888]
[0.01532587 0.02298326 0.02738693 0.05302499 0.07280881 0.02738693
 0.00797466 0.02738693 0.05302499 0.0203629  0.00784812 0.06208578
 0.04405456 0.03382586 0.13481602 0.03832294 0.0117452  0.01027739
 0.13481602 0.02738693 0.00838575 0.02364222 0.02738693 0.07196726
 0.02738694 0.00838575]
[0.01956793 0.02782601 0.03062372 0.04227728 0.0509754  0.03062372
 0.01517869 0.03062372 0.04227728 0.02334097 0.01585651 0.05024885
 0.0438314  0.0312345  0.1347467  0.03729291 0.01359994 0.01472927
 0.1347467  0.03062372 0.01355888 0.02404707 0.03062372 0.0673625
 0.03062373 0.01355888]
[0.02751253 0.0396717  0.03277393 0.05156336 0.04642061 0.03277393
 0.0207964  0.03277393 0.05156336 0.02548164 0.0142886  0.04701507
 0.04623484 0.0310338  0.09697637 0.03368944 0.01842732 0.01680027
 0.09697637 0.03277393 0.01701175 0.03070544 0.03277393 0.0741758
 0.03277393 0.01701175]
[0.01773373 0.02938332 0.02677195 0.06058505 0.06396516 0.02677195
 0.01032671 0.02677195 0.06058505 0.02184689 0.00907975 0.04740351
 0.0553551  0.03078712 0.12332401 0.03876974 0.01273741 0.011351
 0.12332401 0.02677195 0.00879385 0.03235208 0.02677195 0.0728709
 0.02677196 0.00879385]
[0.02032261 0.03532586 0.02744617 0.0456632  0.06374196 0.02744617
 0.01480862 0.02744617 0.0456632  0.02073489 0.01219278 0.03209926
 0.04778643 0.02996158 0.13129492 0.04332007 0.01728205 0.01395742
 0.13129492 0.02744617 0.01263021 0.02883916 0.02744617 0.07577358
 0.02744618 0.01263021]
[0.02589264 0.03371654 0.03017911 0.04425051 0.08852407 0.03017911
 0.01472968 0.03017911 0.04425051 0.02288162 0.01261022 0.0462303
 0.04036886 0.03137283 0.11955465 0.03521196 0.01295392 0.01467236
 0.11955465 0.03017911 0.00973097 0.02946074 0.03017911 0.06322733
 0.03017911 0.00973096]
[0.01918614 0.03089441 0.02866436 0.05600471 0.07637803 0.02866436
 0.0138235  0.02866436 0.05600471 0.02682079 0.01538618 0.03563485
 0.05064455 0.0429061  0.09662018 0.04593561 0.01654923 0.01625299
 0.09662018 0.02866436 0.01208963 0.03582968 0.02866436 0.07234277
 0.02866436 0.01208963]
[0.02040632 0.02774185 0.03396937 0.04195621 0.07176492 0.03396937
 0.01453999 0.03396937 0.04195621 0.02016552 0.01009128 0.04544762
 0.04995624 0.03452418 0.11522537 0.03801461 0.01642989 0.01630632
 0.11522537 0.03396937 0.01315208 0.02427163 0.03396937 0.0658561
 0.03396937 0.01315208]
[0.01664078 0.02940212 0.02782036 0.04953461 0.06706163 0.02782036
 0.00922411 0.02782036 0.04953461 0.02240356 0.00906728 0.08126926
 0.04719678 0.02360624 0.11780074 0.0446197  0.01343594 0.01196925
 0.11780074 0.02782036 0.00822419 0.02515564 0.02782036 0.08090654
 0.02782036 0.00822419]
[0.02348816 0.02928613 0.03363856 0.05264261 0.06634284 0.03363856
 0.01552631 0.03363856 0.05264261 0.02255948 0.01015944 0.03544946
 0.04572497 0.03334348 0.11187983 0.0383701  0.01287675 0.0134309
 0.11187983 0.03363856 0.01451462 0.02447315 0.03363856 0.06906345
 0.03363856 0.01451462]
[0.01994586 0.0391538  0.03683192 0.04408031 0.06455173 0.03683192
 0.01422515 0.03683192 0.04408031 0.02580898 0.01117022 0.04921332
 0.04279219 0.02298652 0.10014854 0.03977196 0.01707744 0.01789343
 0.10014854 0.03683192 0.01172261 0.03109328 0.03683192 0.0714217
 0.03683192 0.01172261]
[0.0230116  0.02854432 0.02998903 0.05290258 0.06330252 0.02998903
 0.01358031 0.02998903 0.05290258 0.02227607 0.01109656 0.04862402
 0.05305848 0.03493154 0.10869413 0.03938347 0.01571427 0.01661995
 0.10869413 0.02998903 0.01041708 0.02698997 0.02998903 0.07890517
 0.02998903 0.01041708]
[0.01664078 0.02940212 0.02782036 0.04953461 0.06706163 0.02782036
 0.00922411 0.02782036 0.04953461 0.02240356 0.00906728 0.08126926
 0.04719678 0.02360624 0.11780074 0.0446197  0.01343594 0.01196925
 0.11780074 0.02782036 0.00822419 0.02515564 0.02782036 0.08090654
 0.02782036 0.00822419]
[0.01956793 0.02782601 0.03062372 0.04227728 0.0509754  0.03062372
 0.01517869 0.03062372 0.04227728 0.02334097 0.01585651 0.05024885
 0.0438314  0.0312345  0.1347467  0.03729291 0.01359994 0.01472927
 0.1347467  0.03062372 0.01355888 0.02404707 0.03062372 0.0673625
 0.03062373 0.01355888]
[0.01679177 0.02731916 0.02887994 0.05772319 0.06799978 0.02887994
 0.01389952 0.02887994 0.05772319 0.0260204  0.00948911 0.03756896
 0.03838936 0.04069053 0.1165582  0.03425273 0.0150839  0.01532474
 0.1165582  0.02887994 0.01171951 0.04088528 0.02887994 0.07100323
 0.02887995 0.01171952]
[0.01743122 0.03781901 0.03058052 0.04261114 0.06638696 0.03058052
 0.01179442 0.03058052 0.04261114 0.01955618 0.00994124 0.04087964
 0.05208406 0.02746182 0.12981363 0.04316428 0.01711854 0.01102705
 0.12981363 0.03058052 0.01124455 0.02384317 0.03058052 0.07067061
 0.03058053 0.01124455]
[0.01956793 0.02782601 0.03062372 0.04227728 0.0509754  0.03062372
 0.01517869 0.03062372 0.04227728 0.02334097 0.01585651 0.05024885
 0.0438314  0.0312345  0.1347467  0.03729291 0.01359994 0.01472927
 0.1347467  0.03062372 0.01355888 0.02404707 0.03062372 0.0673625
 0.03062373 0.01355888]
[0.0253313  0.02907886 0.03449042 0.04894461 0.06198592 0.03449042
 0.01912917 0.03449042 0.04894461 0.02264409 0.01265146 0.03690514
 0.03023043 0.03623104 0.11581008 0.04078301 0.01541    0.02161797
 0.11581008 0.03449042 0.01351452 0.02790929 0.03449042 0.05661136
 0.03449043 0.01351451]
[0.01956793 0.027826   0.03062372 0.04227728 0.05097541 0.03062372
 0.01517869 0.03062372 0.04227728 0.02334097 0.01585651 0.05024885
 0.04383137 0.0312345  0.1347467  0.03729291 0.01359994 0.01472927
 0.1347467  0.03062372 0.01355888 0.02404707 0.03062372 0.06736248
 0.03062372 0.01355888]
[0.01679178 0.02731917 0.02887994 0.05772321 0.06799978 0.02887994
 0.01389952 0.02887994 0.05772321 0.02602041 0.00948912 0.03756896
 0.03838935 0.04069054 0.11655821 0.03425274 0.01508391 0.01532474
 0.11655821 0.02887994 0.01171952 0.04088528 0.02887994 0.07100326
 0.02887995 0.01171952]]