37305
Test: public void test51() throws Throwable { PeriodType periodType0 = PeriodType.standard(); PeriodType periodType1 = periodType0.withMinutesRemoved(); PeriodType periodType2 = periodType1.withWeeksRemoved(); MutablePeriod mutablePeriod0 = new MutablePeriod(periodType2); Period period0 = mutablePeriod0.toPeriod(); // Undeclared exception!  period0.withMinutes(6);   }
Code: public Period withMinutes(int minutes) { int[] values = getValues(); // cloned getPeriodType().setIndexedField(this, PeriodType.MINUTE_INDEX, values, minutes); return new Period(values, getPeriodType()); }
[[0.0356602  0.06291215 0.04947785 0.06029758 0.05581897 0.12750752
 0.03162662 0.02296608 0.05199531 0.04947785 0.07051437 0.04947785
 0.04947785 0.08725844 0.02189126 0.04026686 0.01741434 0.04947785
 0.04947785 0.01700322]
[0.03601974 0.06336824 0.04478342 0.06094559 0.08038233 0.11714324
 0.03865635 0.02502092 0.0517625  0.04478342 0.06819502 0.04478342
 0.04478342 0.08484025 0.02627263 0.04123804 0.01900701 0.04478342
 0.04478342 0.01844764]
[0.03106281 0.08005617 0.05036953 0.05276248 0.05740223 0.12926307
 0.02742587 0.0351219  0.03793079 0.05036953 0.05808525 0.05036953
 0.05036953 0.07710066 0.03040841 0.0379169  0.02432445 0.05036953
 0.05036953 0.01892185]
[0.03544153 0.08967163 0.04375522 0.06164614 0.0594363  0.15424395
 0.02798977 0.02184501 0.03728304 0.04375522 0.06931658 0.04375522
 0.04375522 0.08002479 0.02334793 0.05165702 0.01428646 0.04375523
 0.04375523 0.01127853]
[0.04115711 0.06926818 0.05049135 0.06035546 0.07385438 0.09681538
 0.02952139 0.0346113  0.04957231 0.05049135 0.05216366 0.05049135
 0.05049135 0.06688101 0.02982401 0.04636233 0.02185034 0.05049136
 0.05049136 0.02481509]
[0.04124354 0.06947313 0.04601469 0.06679706 0.06803154 0.11475942
 0.03183351 0.02825147 0.04835376 0.04601469 0.06828191 0.04601469
 0.04601469 0.07667597 0.02345515 0.04967703 0.01988627 0.04601469
 0.04601469 0.01719209]
[0.02661211 0.06697594 0.04789089 0.05374667 0.06100299 0.17893021
 0.02586747 0.02208848 0.03967803 0.04789089 0.05465342 0.04789089
 0.04789089 0.09190889 0.01877157 0.04417989 0.01444854 0.0478909
 0.0478909  0.01379043]
[0.04094414 0.05681393 0.05783972 0.05690154 0.0488571  0.09814873
 0.0343683  0.03469978 0.04909762 0.05783972 0.05018447 0.05783972
 0.05783972 0.06850997 0.02888815 0.04543719 0.01941346 0.05783972
 0.05783972 0.02069722]
[0.03357878 0.07802082 0.05124752 0.0557467  0.06077122 0.13331413
 0.03129886 0.02070993 0.04066034 0.05124752 0.07228145 0.05124752
 0.05124752 0.083755   0.01925158 0.0332878  0.0159402  0.05124752
 0.05124752 0.01389801]
[0.03106281 0.08005617 0.05036953 0.05276248 0.05740223 0.12926307
 0.02742587 0.0351219  0.03793079 0.05036953 0.05808525 0.05036953
 0.05036953 0.07710066 0.03040841 0.0379169  0.02432445 0.05036953
 0.05036953 0.01892185]
[0.02929752 0.0890014  0.04240807 0.05734001 0.07616174 0.17583184
 0.02387302 0.02393204 0.04082455 0.04240807 0.06503075 0.04240807
 0.04240807 0.08086796 0.02253551 0.03309236 0.01546884 0.04240806
 0.04240806 0.01229404]
[0.03106281 0.08005617 0.05036953 0.05276248 0.05740223 0.12926307
 0.02742587 0.0351219  0.03793079 0.05036953 0.05808525 0.05036953
 0.05036953 0.07710066 0.03040841 0.0379169  0.02432445 0.05036953
 0.05036953 0.01892185]
[0.03106281 0.08005617 0.05036953 0.05276248 0.05740223 0.12926307
 0.02742587 0.0351219  0.03793079 0.05036953 0.05808525 0.05036953
 0.05036953 0.07710066 0.03040841 0.0379169  0.02432445 0.05036953
 0.05036953 0.01892185]
[0.03031915 0.08814075 0.04058325 0.06508864 0.05846709 0.15828341
 0.02945315 0.02936849 0.04724088 0.04058325 0.06292202 0.04058325
 0.04058325 0.08541937 0.02221222 0.04089524 0.02109135 0.04058325
 0.04058325 0.0175987 ]
[0.02590852 0.08382636 0.04251347 0.05860373 0.0681835  0.15947236
 0.03010797 0.02306894 0.03473195 0.04251347 0.0722302  0.04251347
 0.04251347 0.0918911  0.02094    0.0477931  0.01627386 0.04251347
 0.04251347 0.01188755]
[0.02560047 0.0668412  0.04769202 0.05813849 0.05689146 0.18513988
 0.02710957 0.02544564 0.04108179 0.04769202 0.0694814  0.04769202
 0.04769202 0.07153038 0.02045265 0.03599379 0.01489729 0.04769202
 0.04769202 0.01524386]
[0.03278112 0.06328651 0.04694852 0.05136295 0.06728274 0.12692387
 0.02984088 0.02555934 0.03624762 0.04694852 0.07045531 0.04694852
 0.04694852 0.10307801 0.025775   0.04634065 0.02039993 0.04694852
 0.04694852 0.01897498]
[0.03106281 0.08005617 0.05036953 0.05276248 0.05740223 0.12926307
 0.02742587 0.0351219  0.03793079 0.05036953 0.05808525 0.05036953
 0.05036953 0.07710066 0.03040841 0.0379169  0.02432445 0.05036953
 0.05036953 0.01892185]
[0.03106281 0.08005617 0.05036953 0.05276248 0.05740223 0.12926307
 0.02742587 0.0351219  0.03793079 0.05036953 0.05808525 0.05036953
 0.05036953 0.07710066 0.03040841 0.0379169  0.02432445 0.05036953
 0.05036953 0.01892185]
[0.02606381 0.09267887 0.04651754 0.05850857 0.07983193 0.10550892
 0.03092375 0.02496402 0.04064759 0.04651754 0.0693839  0.04651754
 0.04651754 0.07906731 0.02144081 0.06063855 0.0146766  0.04651754
 0.04651754 0.0165601 ]]