167355
Test: public void test1() throws Throwable { DefaultFileSystemManager defaultFileSystemManager0 = new DefaultFileSystemManager();  defaultFileSystemManager0.resolveFile((FileObject) null, ":\"eRWta|?3mwO9c");   }
Code: public FileObject resolveFile(final File baseFile, final String uri) throws FileSystemException { return resolveFile(getLocalFileProvider().findLocalFile(baseFile), uri); }
[[0.04852651 0.06732242 0.06732242 0.1177211  0.06732242 0.03944293
 0.06177471 0.06732242 0.11223963 0.06732243 0.0684397  0.05386663
 0.06732243 0.07256137 0.02149293]
[0.03935101 0.0649084  0.0649084  0.10713559 0.0649084  0.03920157
 0.07060694 0.0649084  0.12807098 0.0649084  0.06664117 0.04787353
 0.06490841 0.08932671 0.02234212]
[0.03935101 0.0649084  0.0649084  0.10713559 0.0649084  0.03920157
 0.07060694 0.0649084  0.12807098 0.0649084  0.06664117 0.04787353
 0.06490841 0.08932671 0.02234212]
[0.03696351 0.05951569 0.05951569 0.12305202 0.05951569 0.04423577
 0.07093271 0.05951569 0.11979687 0.0595157  0.0990924  0.06686408
 0.05951571 0.06681427 0.0151542 ]
[0.03935101 0.0649084  0.0649084  0.10713559 0.0649084  0.03920157
 0.07060694 0.0649084  0.12807098 0.0649084  0.06664117 0.04787353
 0.06490841 0.08932671 0.02234212]
[0.04628989 0.06814277 0.06814277 0.10167401 0.06814277 0.03143595
 0.06831188 0.06814277 0.11661664 0.06814276 0.08348862 0.06745527
 0.06814278 0.05967298 0.01619815]
[0.0476635  0.06639378 0.06639378 0.11488473 0.06639378 0.03735977
 0.05426088 0.06639378 0.12683095 0.06639378 0.07522174 0.0487432
 0.06639379 0.07788823 0.01878432]
[0.03935101 0.0649084  0.0649084  0.10713559 0.0649084  0.03920157
 0.07060694 0.0649084  0.12807098 0.0649084  0.06664117 0.04787353
 0.06490841 0.08932671 0.02234212]
[0.03493211 0.0579953  0.0579953  0.11597563 0.0579953  0.02924539
 0.06301914 0.0579953  0.16310763 0.05799532 0.09144492 0.05845518
 0.05799532 0.078427   0.01742112]
[0.03935101 0.0649084  0.0649084  0.10713559 0.0649084  0.03920157
 0.07060694 0.0649084  0.12807098 0.0649084  0.06664117 0.04787353
 0.06490841 0.08932671 0.02234212]
[0.05062227 0.06297804 0.06297804 0.09412175 0.06297804 0.05000174
 0.06893876 0.06297804 0.08782811 0.06297804 0.08887756 0.05728092
 0.06297805 0.09431729 0.03014328]
[0.03338486 0.06534348 0.06534348 0.11948717 0.06534348 0.03099855
 0.07144301 0.06534348 0.12157799 0.06534348 0.0677438  0.0480448
 0.0653435  0.09681934 0.0184395 ]
[0.03935101 0.0649084  0.0649084  0.10713557 0.0649084  0.03920157
 0.07060693 0.0649084  0.128071   0.0649084  0.06664118 0.04787353
 0.0649084  0.08932672 0.02234212]
[0.04264577 0.05570018 0.05570018 0.12221254 0.05570018 0.04011997
 0.07500175 0.05570018 0.15461802 0.05570018 0.08727649 0.05353463
 0.05570019 0.06977084 0.02061893]
[0.03320194 0.0604063  0.0604063  0.11401324 0.0604063  0.03076158
 0.06074259 0.0604063  0.13909481 0.0604063  0.09506003 0.07532759
 0.06040631 0.06937312 0.01998732]]