34572
Test: public void test2() throws Throwable { Parser parser0 = new Parser(""); ASTReferenceExpression aSTReferenceExpression0 = new ASTReferenceExpression(parser0, 47); FeatureController featureController0 = parser0.featureController; Object object0 = aSTReferenceExpression0.jjtAccept(featureController0, ""); }
Code: public Object jjtAccept(final ParserVisitor visitor, final Object data) { return visitor.visit(this, data); }
[[0.06114732 0.04727522 0.08483069 0.08483069 0.08153803 0.04956491
 0.04727522 0.11292986 0.08520541 0.06774858 0.0848307  0.16596676
 0.02685657]
[0.06067048 0.04255912 0.0797794  0.0797794  0.07159366 0.04351456
 0.04255912 0.13209523 0.12258685 0.07429315 0.07977941 0.14783242
 0.0229572 ]
[0.05242688 0.04141083 0.0869893  0.0869893  0.08273784 0.05139852
 0.04141083 0.12881297 0.08595129 0.06370655 0.0869893  0.16216968
 0.02900674]
[0.05242688 0.04141083 0.0869893  0.0869893  0.08273784 0.05139852
 0.04141083 0.12881297 0.08595129 0.06370655 0.0869893  0.16216968
 0.02900674]
[0.05909946 0.0486032  0.08668241 0.08668241 0.07703057 0.05127894
 0.0486032  0.12688467 0.0954944  0.06788054 0.08668241 0.144918
 0.02015978]
[0.05908879 0.04324012 0.09157591 0.09157591 0.07643387 0.03936537
 0.04324012 0.11299486 0.09941843 0.08591043 0.09157591 0.1459425
 0.01963779]
[0.06067048 0.04255912 0.0797794  0.0797794  0.07159366 0.04351456
 0.04255912 0.13209523 0.12258685 0.07429315 0.07977941 0.14783242
 0.0229572 ]
[0.05333422 0.04373227 0.08794472 0.08794472 0.082606   0.05227914
 0.04373227 0.12098955 0.0835926  0.0943978  0.08794471 0.1326933
 0.02880872]
[0.06475377 0.03856234 0.0843987  0.0843987  0.0879843  0.06361813
 0.03856234 0.13416144 0.10507852 0.07439634 0.0843987  0.10279088
 0.03689579]
[0.04395682 0.04140903 0.08766223 0.08766223 0.07995778 0.04037548
 0.04140903 0.12745047 0.08586714 0.06383042 0.08766223 0.18922178
 0.02353534]
[0.05242688 0.04141083 0.0869893  0.0869893  0.08273784 0.05139852
 0.04141083 0.12881297 0.08595129 0.06370655 0.0869893  0.16216968
 0.02900674]
[0.04965537 0.03461682 0.07182541 0.07182541 0.08534014 0.05961112
 0.03461682 0.14554602 0.10755142 0.07209863 0.07182541 0.1727436
 0.02274387]
[0.04457976 0.04514612 0.08377099 0.08377099 0.08232848 0.04011275
 0.04514612 0.12935124 0.11224824 0.09669327 0.08377099 0.12881406
 0.02426703]]