29688
Test: public void test34() throws Throwable { StringReader stringReader0 = new StringReader(""); CharReadBuffer charReadBuffer0 = new CharReadBuffer(stringReader0); int int0 = charReadBuffer0.makeAvailable(0); }
Code: public int makeAvailable(final int n) { final int diff = n - count; if (diff > 0) { readChars(diff); } return count; }
[[0.036715   0.02251264 0.05093666 0.02251264 0.05685009 0.05254848
 0.02994357 0.02251264 0.08987075 0.02333125 0.02371474 0.11328965
 0.02276643 0.09932964 0.05093666 0.06079837 0.02147045 0.05254847
 0.05093666 0.01642935 0.04085008 0.02276644 0.01642935]
[0.02353889 0.0167197  0.05981481 0.0167197  0.04909821 0.05476635
 0.03244967 0.0167197  0.11053785 0.01984174 0.0278889  0.08993171
 0.02158676 0.13591051 0.05981481 0.04820079 0.01878157 0.05476633
 0.05981482 0.01166719 0.03817608 0.02158676 0.01166719]
[0.03012992 0.01915283 0.04960112 0.01915283 0.05085626 0.05156337
 0.03017297 0.01915283 0.11739396 0.03319099 0.02504478 0.11751652
 0.02425023 0.07507593 0.04960112 0.06792913 0.02362901 0.05156337
 0.04960112 0.01725092 0.03666957 0.02425023 0.01725092]
[0.02353889 0.0167197  0.05981481 0.0167197  0.04909821 0.05476635
 0.03244967 0.0167197  0.11053785 0.01984174 0.0278889  0.08993171
 0.02158676 0.13591051 0.05981481 0.04820079 0.01878157 0.05476633
 0.05981482 0.01166719 0.03817608 0.02158676 0.01166719]
[0.03080272 0.0170601  0.05389262 0.0170601  0.04707902 0.05143295
 0.02714298 0.0170601  0.103238   0.02168218 0.0270621  0.133451
 0.02442359 0.0927958  0.05389262 0.05644821 0.02013268 0.05143295
 0.05389263 0.01780579 0.03998236 0.0244236  0.01780579]
[0.03787559 0.01812649 0.04955544 0.01812649 0.04219589 0.06103801
 0.03719448 0.01812649 0.0899231  0.03153808 0.02521138 0.10849193
 0.03546229 0.06521423 0.04955544 0.05401349 0.02572607 0.06103802
 0.04955544 0.02149909 0.04357114 0.0354623  0.02149909]
[0.03212111 0.013781   0.04728924 0.013781   0.05240464 0.05792727
 0.02181309 0.013781   0.09548968 0.02480222 0.01962579 0.15016119
 0.02663795 0.10558558 0.04728924 0.05860504 0.01776433 0.0579273
 0.04728923 0.01123915 0.04680784 0.02663796 0.01123915]
[0.02353889 0.0167197  0.05981481 0.0167197  0.04909821 0.05476635
 0.03244967 0.0167197  0.11053785 0.01984174 0.0278889  0.08993171
 0.02158676 0.13591051 0.05981481 0.04820079 0.01878157 0.05476633
 0.05981482 0.01166719 0.03817608 0.02158676 0.01166719]
[0.03537264 0.01690317 0.04280105 0.01690317 0.0537091  0.05799114
 0.02749168 0.01690317 0.1236604  0.02007136 0.02810491 0.12671289
 0.02462172 0.09510811 0.04280105 0.05016747 0.02014588 0.05799112
 0.04280106 0.0178674  0.03938242 0.02462173 0.0178674 ]
[0.03998613 0.02413819 0.05655104 0.02413819 0.05026842 0.04541324
 0.03369122 0.02413819 0.08341962 0.03322551 0.02955723 0.08579873
 0.02748246 0.08856069 0.05655104 0.05431218 0.03006715 0.04541324
 0.05655104 0.01965823 0.04393757 0.02748246 0.01965823]
[0.03066264 0.01456976 0.04781386 0.01456976 0.04989809 0.05644227
 0.02217988 0.01456976 0.12803589 0.01969007 0.02356281 0.12823904
 0.02806945 0.09892547 0.04781386 0.05632386 0.01765845 0.05644227
 0.04781387 0.01214743 0.04435464 0.02806946 0.01214743]
[0.03697856 0.02191886 0.05301169 0.02191886 0.04919424 0.05808678
 0.02936804 0.02191886 0.09181009 0.02706029 0.02583288 0.0862602
 0.02470422 0.08267467 0.05301169 0.07921546 0.02862515 0.05808678
 0.05301168 0.01745101 0.03770485 0.02470422 0.01745101]
[0.02745074 0.01386712 0.04072224 0.01386712 0.0604367  0.05169419
 0.02017192 0.01386712 0.1314385  0.02172267 0.02310636 0.14421843
 0.02305008 0.10955031 0.04072224 0.05907197 0.02079356 0.05169419
 0.04072224 0.01456631 0.03964955 0.02305008 0.01456631]
[0.02427519 0.01201065 0.05561107 0.01201065 0.04259851 0.05210019
 0.01870709 0.01201065 0.1173415  0.01908846 0.01605203 0.16576971
 0.01889979 0.13727215 0.05561107 0.04553789 0.020575   0.05210018
 0.05561108 0.00793836 0.03204066 0.01889979 0.00793835]
[0.03012992 0.01915283 0.04960112 0.01915283 0.05085626 0.05156337
 0.03017297 0.01915283 0.11739396 0.03319099 0.02504478 0.11751652
 0.02425023 0.07507593 0.04960112 0.06792913 0.02362901 0.05156337
 0.04960112 0.01725092 0.03666957 0.02425023 0.01725092]
[0.03948664 0.01819993 0.05226137 0.01819993 0.04973174 0.05397937
 0.03583977 0.01819993 0.09564947 0.02140583 0.02102377 0.10730521
 0.02018037 0.10378368 0.05226137 0.07705741 0.01961612 0.05397938
 0.05226137 0.01259684 0.04420331 0.02018038 0.01259684]
[0.02951562 0.0177547  0.04816924 0.0177547  0.05664039 0.05362347
 0.03490581 0.0177547  0.104138   0.02308779 0.02372721 0.11873612
 0.02242335 0.09968023 0.04816924 0.05519776 0.02089852 0.05362347
 0.04816923 0.01837291 0.04686125 0.02242335 0.01837291]
[0.03787559 0.01812649 0.04955544 0.01812649 0.04219589 0.06103801
 0.03719448 0.01812649 0.0899231  0.03153808 0.02521138 0.10849193
 0.03546229 0.06521423 0.04955544 0.05401349 0.02572607 0.06103802
 0.04955544 0.02149909 0.04357114 0.0354623  0.02149909]
[0.03012992 0.01915283 0.04960112 0.01915283 0.05085626 0.05156337
 0.03017297 0.01915283 0.11739396 0.03319099 0.02504478 0.11751652
 0.02425023 0.07507593 0.04960112 0.06792913 0.02362901 0.05156337
 0.04960112 0.01725092 0.03666957 0.02425023 0.01725092]
[0.02614626 0.01981127 0.04895489 0.01981127 0.04492588 0.06685773
 0.02360551 0.01981127 0.08953209 0.02360631 0.02366339 0.11393812
 0.02419758 0.1008307  0.04895489 0.06011379 0.01941453 0.06685774
 0.04895488 0.01440367 0.05700698 0.02419758 0.01440367]
[0.02569801 0.01507444 0.05064109 0.01507444 0.05511097 0.05144396
 0.02376852 0.01507444 0.1172723  0.02519714 0.01870196 0.13333347
 0.025791   0.10521064 0.05064109 0.0577755  0.02113783 0.05144396
 0.05064109 0.01403709 0.03710296 0.02579101 0.01403709]
[0.02745074 0.01386713 0.04072224 0.01386713 0.06043671 0.05169419
 0.02017192 0.01386713 0.13143851 0.02172267 0.02310635 0.14421842
 0.02305008 0.10955034 0.04072224 0.05907197 0.02079356 0.05169419
 0.04072224 0.01456632 0.03964955 0.02305008 0.01456632]
[0.02614626 0.01981127 0.04895488 0.01981127 0.04492589 0.06685773
 0.02360551 0.01981127 0.08953211 0.02360631 0.02366339 0.11393815
 0.02419758 0.10083067 0.04895488 0.0601138  0.01941453 0.06685773
 0.04895488 0.01440367 0.05700698 0.02419758 0.01440367]]