38075
Test: public void test12() throws Throwable { Seconds seconds0 = Seconds.MAX_VALUE; Duration duration0 = seconds0.toStandardDuration(); }
Code: public Duration toStandardDuration() { long seconds = getValue(); // assign to a long return new Duration(seconds * DateTimeConstants.MILLIS_PER_SECOND); }
[[0.04314645 0.07166725 0.05985882 0.06121007 0.07038601 0.07679819
 0.02738354 0.05985882 0.05985882 0.04581599 0.07620712 0.06813699
 0.07038601 0.04793875 0.02150709 0.05985882 0.03139316 0.02939967
 0.01918841]
[0.04168235 0.06399199 0.06496486 0.07023785 0.06406058 0.07489377
 0.02932139 0.06496486 0.06496486 0.04515187 0.07661114 0.07127456
 0.06406058 0.04143246 0.02141584 0.06496486 0.02801138 0.02501697
 0.02297786]
[0.0351233  0.07869369 0.05779286 0.06026684 0.05924628 0.08037364
 0.03872531 0.05779286 0.05779286 0.04596332 0.07308648 0.08872225
 0.05924628 0.04275092 0.0270996  0.05779286 0.03536078 0.0240177
 0.02015221]
[0.0438909  0.06529683 0.0564528  0.07291334 0.06868085 0.07254372
 0.03664563 0.0564528  0.0564528  0.04621768 0.05521843 0.0705512
 0.06868085 0.05020592 0.02414886 0.0564528  0.04294079 0.03091916
 0.02533465]
[0.03241508 0.06780805 0.05996858 0.0801572  0.06601591 0.07819232
 0.02486651 0.05996858 0.05996858 0.04846991 0.07311139 0.09511582
 0.06601591 0.0478861  0.01834683 0.05996858 0.02198887 0.02081717
 0.01891859]
[0.04175742 0.06470461 0.06177604 0.07852525 0.05048708 0.08211593
 0.03269371 0.06177604 0.06177604 0.03919562 0.07708567 0.06827345
 0.05048708 0.05125646 0.02623925 0.06177604 0.03863881 0.03437587
 0.01705968]
[0.04806545 0.05688725 0.06796513 0.05502426 0.05925873 0.05825313
 0.04006411 0.06796513 0.06796513 0.04741412 0.0662609  0.06567418
 0.05925873 0.05289785 0.02265976 0.06796513 0.04108031 0.0316055
 0.02373515]
[0.0351233  0.07869369 0.05779286 0.06026684 0.05924628 0.08037364
 0.03872531 0.05779286 0.05779286 0.04596332 0.07308648 0.08872225
 0.05924628 0.04275092 0.0270996  0.05779286 0.03536078 0.0240177
 0.02015221]
[0.0351233  0.07869369 0.05779286 0.06026684 0.05924628 0.08037364
 0.03872531 0.05779286 0.05779286 0.04596332 0.07308648 0.08872225
 0.05924628 0.04275092 0.0270996  0.05779286 0.03536078 0.0240177
 0.02015221]
[0.03124049 0.05885496 0.06600776 0.06579281 0.06183861 0.09676921
 0.02551981 0.06600776 0.06600776 0.04064606 0.07397477 0.07833279
 0.06183861 0.04858441 0.01916803 0.06600776 0.02974869 0.02879668
 0.01486299]
[0.04112912 0.05193107 0.06549025 0.07830358 0.05703305 0.08485865
 0.03412226 0.06549025 0.06549025 0.04632744 0.07254377 0.08855741
 0.05703305 0.04147372 0.01798302 0.06549025 0.02269073 0.02128668
 0.02276546]
[0.05074187 0.07200772 0.05470298 0.07282168 0.05810252 0.07763008
 0.03194    0.05470298 0.05470298 0.03942154 0.08392828 0.07212202
 0.05810252 0.05059344 0.02661975 0.05470298 0.03546801 0.03179617
 0.01989248]
[0.03241508 0.06780805 0.05996858 0.0801572  0.06601591 0.07819232
 0.02486651 0.05996858 0.05996858 0.04846991 0.07311139 0.09511582
 0.06601591 0.0478861  0.01834683 0.05996858 0.02198887 0.02081717
 0.01891859]
[0.03000164 0.05198387 0.05793909 0.06248029 0.07804501 0.07243066
 0.02956455 0.05793909 0.05793909 0.04484046 0.09111218 0.10323914
 0.07804501 0.0429011  0.01767723 0.05793909 0.02617365 0.02282039
 0.0169285 ]
[0.03708192 0.05735694 0.05576723 0.06977829 0.07428563 0.06141021
 0.02944751 0.05576723 0.05576723 0.04734691 0.09196211 0.0902502
 0.07428563 0.05224359 0.02380403 0.05576723 0.02586656 0.02173586
 0.02007562]
[0.0351233  0.07869369 0.05779286 0.06026684 0.05924628 0.08037364
 0.03872531 0.05779286 0.05779286 0.04596332 0.07308648 0.08872225
 0.05924628 0.04275092 0.0270996  0.05779286 0.03536078 0.0240177
 0.02015221]
[0.05045141 0.07049614 0.05617882 0.07687943 0.06685419 0.08779506
 0.02607775 0.05617882 0.05617882 0.04418909 0.06690969 0.06561579
 0.06685419 0.04778637 0.01702471 0.05617882 0.05201941 0.02169366
 0.01463792]
[0.03513462 0.0605086  0.05932667 0.09033304 0.06556322 0.08084886
 0.02747993 0.05932667 0.05932667 0.03448914 0.0812502  0.07520071
 0.06556322 0.05592219 0.01831461 0.05932667 0.03223345 0.02695741
 0.01289412]
[0.03221666 0.07316809 0.060686   0.08027097 0.05229467 0.08826898
 0.02885791 0.060686   0.060686   0.04762141 0.07127227 0.06108622
 0.05229467 0.06963265 0.01804293 0.060686   0.03357689 0.03125612
 0.01739555]]