30101
Test: public void test0() throws Throwable { String string0 = IdGenerator.randomBase64(69); }
Code: public static String randomBase64(int length) { byte[] randomBytes = new byte[length]; random.nextBytes(randomBytes); return EncodeUtil.encodeBase64UrlSafe(randomBytes); }
[[0.04744715 0.14016542 0.06105222 0.06582059 0.16511834 0.0623126
 0.06890406 0.06582059 0.02979397 0.02399604 0.0658206  0.0658206
 0.05209978 0.0658206  0.02000736]
[0.04626539 0.12987447 0.06723928 0.06153313 0.18795003 0.08978256
 0.05273701 0.06153313 0.02999541 0.02029034 0.06153312 0.06153312
 0.04434642 0.06153313 0.02385346]
[0.04668793 0.14399427 0.05329216 0.06521447 0.17752722 0.07286514
 0.06216013 0.06521447 0.03150537 0.02000116 0.06521446 0.06521446
 0.04764978 0.06521448 0.01824455]
[0.03809389 0.13553979 0.06881736 0.06305618 0.17707515 0.0632885
 0.06352285 0.06305618 0.04155865 0.0292106  0.06305618 0.06305618
 0.04631187 0.06305619 0.02130045]
[0.0345375  0.15767342 0.06976438 0.06202008 0.18229605 0.07699663
 0.04475245 0.06202008 0.03022229 0.02260564 0.06202008 0.06202008
 0.04896006 0.06202009 0.02209118]
[0.04989728 0.12149662 0.06921135 0.0629575  0.14306478 0.08562849
 0.06102366 0.0629575  0.04178441 0.027057   0.06295751 0.06295751
 0.05671883 0.06295751 0.02933006]
[0.0449759  0.13477854 0.06937326 0.05992137 0.19930838 0.05896081
 0.05625767 0.05992137 0.0326999  0.02433985 0.05992138 0.05992138
 0.06268076 0.05992138 0.01701804]
[0.03809389 0.13553979 0.06881736 0.06305618 0.17707515 0.0632885
 0.06352285 0.06305618 0.04155865 0.0292106  0.06305618 0.06305618
 0.04631187 0.06305619 0.02130045]
[0.05344048 0.12712349 0.06364516 0.07564166 0.12664855 0.05846626
 0.03962708 0.07564166 0.04376382 0.02504223 0.07564167 0.07564167
 0.05829891 0.07564168 0.02573569]
[0.04161417 0.12685765 0.07161848 0.06211974 0.1758444  0.07941043
 0.05308495 0.06211974 0.03295344 0.02658658 0.06211975 0.06211975
 0.05865977 0.06211976 0.02277139]
[0.03809389 0.13553979 0.06881736 0.06305618 0.17707515 0.0632885
 0.06352285 0.06305618 0.04155865 0.0292106  0.06305618 0.06305618
 0.04631187 0.06305619 0.02130045]
[0.03809389 0.13553979 0.06881736 0.06305618 0.17707515 0.0632885
 0.06352285 0.06305618 0.04155865 0.0292106  0.06305618 0.06305618
 0.04631187 0.06305619 0.02130045]
[0.03157332 0.14753564 0.06930567 0.06254283 0.21038973 0.06254295
 0.05345224 0.06254283 0.03091753 0.01877088 0.06254283 0.06254283
 0.04569948 0.06254284 0.01709842]
[0.0380939  0.1355398  0.06881736 0.06305619 0.17707515 0.0632885
 0.06352285 0.06305619 0.04155865 0.0292106  0.06305619 0.06305619
 0.04631186 0.0630562  0.02130046]
[0.03320512 0.14499031 0.06078818 0.06134619 0.18277997 0.08967432
 0.03983663 0.06134619 0.03049719 0.0186336  0.06134619 0.06134619
 0.07377535 0.0613462  0.01908831]]