40343
Test: public void test25() throws Throwable { Duration duration0 = Duration.ZERO; boolean boolean0 = duration0.isLongerThan((ReadableDuration) null); }
Code: public boolean isLongerThan(ReadableDuration duration) { if (duration == null) { duration = Duration.ZERO; } return compareTo(duration) > 0; }
[[0.0411561  0.10223051 0.05709455 0.05709455 0.05527224 0.11097464
 0.05709455 0.06480335 0.02203899 0.05527224 0.03072337 0.02592155
 0.05709455 0.01762188 0.04534271 0.05709455 0.06973618 0.05581164
 0.01762187]
[0.02928077 0.15663415 0.05642004 0.05642004 0.07043175 0.10760626
 0.05642004 0.04456468 0.01471609 0.07043175 0.0238875  0.02284654
 0.05642004 0.0133031  0.04739141 0.05642004 0.05329983 0.05020295
 0.0133031 ]
[0.03349431 0.12393501 0.05561012 0.05561012 0.0547205  0.0828031
 0.05561012 0.06318574 0.02398294 0.0547205  0.03688238 0.0363435
 0.05561012 0.01848034 0.04069557 0.05561012 0.07813174 0.05609347
 0.01848034]
[0.03349431 0.12393501 0.05561012 0.05561012 0.0547205  0.0828031
 0.05561012 0.06318574 0.02398294 0.0547205  0.03688238 0.0363435
 0.05561012 0.01848034 0.04069557 0.05561012 0.07813174 0.05609347
 0.01848034]
[0.0435581  0.0942855  0.056433   0.056433   0.07144513 0.07483402
 0.056433   0.04628175 0.02789138 0.07144513 0.03327221 0.03632633
 0.056433   0.02496584 0.04994486 0.056433   0.06155274 0.05706615
 0.02496584]
[0.02570243 0.15461785 0.05761535 0.05761535 0.05788485 0.14635992
 0.05761535 0.05126242 0.00976137 0.05788485 0.0296916  0.02044478
 0.05761535 0.00871358 0.03409447 0.05761535 0.04680254 0.05998906
 0.00871358]
[0.03349431 0.12393501 0.05561012 0.05561012 0.0547205  0.0828031
 0.05561012 0.06318574 0.02398294 0.0547205  0.03688238 0.0363435
 0.05561012 0.01848034 0.04069557 0.05561012 0.07813174 0.05609347
 0.01848034]
[0.02477666 0.19006947 0.03832849 0.03832849 0.07062881 0.13583776
 0.03832849 0.06007315 0.01598614 0.07062881 0.02420523 0.02612874
 0.03832849 0.01415837 0.04123558 0.03832849 0.06180305 0.05866743
 0.01415837]
[0.02958488 0.15048957 0.05117425 0.05117425 0.07173555 0.13288064
 0.05117425 0.05409837 0.01773511 0.07173555 0.02204437 0.01947976
 0.05117425 0.01076631 0.03609096 0.05117425 0.06775223 0.04896913
 0.01076631]
[0.0435581  0.0942855  0.056433   0.056433   0.07144513 0.07483402
 0.056433   0.04628175 0.02789138 0.07144513 0.03327221 0.03632633
 0.056433   0.02496584 0.04994486 0.056433   0.06155274 0.05706615
 0.02496584]
[0.04024554 0.09628135 0.05418146 0.05418146 0.06072092 0.12632242
 0.05418146 0.06287323 0.01997234 0.06072092 0.03569278 0.02778295
 0.05418146 0.01376422 0.04947503 0.05418146 0.06170586 0.05977086
 0.01376422]
[0.04381103 0.088532   0.06192702 0.06192702 0.05094743 0.09726693
 0.06192702 0.04906777 0.02766661 0.05094743 0.02654123 0.03674636
 0.06192702 0.02182561 0.04836624 0.06192702 0.05907192 0.06774867
 0.02182561]
[0.03349431 0.12393501 0.05561012 0.05561012 0.0547205  0.0828031
 0.05561012 0.06318574 0.02398294 0.0547205  0.03688238 0.0363435
 0.05561012 0.01848034 0.04069557 0.05561012 0.07813174 0.05609347
 0.01848034]
[0.02850896 0.0970803  0.05268481 0.05268481 0.07690678 0.11082146
 0.05268481 0.04971404 0.01774957 0.07690678 0.03001415 0.02617478
 0.05268481 0.01637448 0.06331682 0.05268481 0.06412031 0.06251308
 0.01637448]
[0.0287508  0.14628512 0.05674051 0.05674051 0.05738426 0.11781941
 0.05674051 0.05482178 0.01684347 0.05738426 0.0180487  0.02818
 0.05674051 0.01566644 0.04153993 0.05674051 0.06482934 0.05307746
 0.01566644]
[0.03349431 0.12393501 0.05561012 0.05561012 0.0547205  0.0828031
 0.05561012 0.06318574 0.02398294 0.0547205  0.03688238 0.0363435
 0.05561012 0.01848034 0.04069557 0.05561012 0.07813174 0.05609347
 0.01848034]
[0.04170138 0.1165239  0.0552441  0.0552441  0.05617093 0.10960414
 0.0552441  0.05581096 0.01426186 0.05617093 0.02975576 0.02258702
 0.0552441  0.01318903 0.04641596 0.0552441  0.08217172 0.06622683
 0.01318903]
[0.03658608 0.12690532 0.05118529 0.05118529 0.06436453 0.12123108
 0.05118529 0.05046185 0.01676746 0.06436453 0.03171799 0.0221829
 0.05118529 0.01709548 0.04485377 0.05118529 0.06839504 0.06205206
 0.01709548]
[0.02850896 0.09708032 0.05268479 0.05268479 0.07690679 0.11082144
 0.05268479 0.04971404 0.01774958 0.07690679 0.03001416 0.02617478
 0.05268479 0.01637448 0.06331682 0.05268479 0.06412032 0.06251308
 0.01637448]]