10055
Test: public void test59() throws Throwable { Integer integer0 = new Integer(2002); Comparator<Integer> comparator0 = (Comparator<Integer>) mock(Comparator.class, new ViolatedAssumptionAnswer()); doReturn(2002).when(comparator0).compare(anyInt() , anyInt()); Range<Integer> range0 = Range.is(integer0, comparator0); Comparator<Object> comparator1 = (Comparator<Object>) mock(Comparator.class, new ViolatedAssumptionAnswer()); doReturn(3).when(comparator1).compare(any() , any()); Range<Object> range1 = Range.between((Object) range0, (Object) range0, comparator1); boolean boolean0 = range1.isAfter((Object) null); }
Code: public boolean isAfter(final T element) { if (element == null) { return false; } return comparator.compare(element, minimum) < 0; }
[[0.04157692 0.10489052 0.0576768  0.02730304 0.04483581 0.05421467
 0.11194405 0.02744844 0.0659289  0.0224836  0.05421467 0.04560593
 0.0577037  0.01744702 0.04560593 0.0576768  0.0576768  0.03286379
 0.05545565 0.01744702]
[0.03004474 0.1688204  0.05856425 0.01923629 0.03807352 0.06716319
 0.10861079 0.01523346 0.04594844 0.01506124 0.06716319 0.04702095
 0.05710959 0.01291794 0.04702095 0.05856425 0.05856426 0.02168993
 0.05027467 0.01291794]
[0.03498482 0.13369052 0.05873052 0.02273835 0.04473202 0.05358564
 0.08558732 0.02731245 0.06667046 0.02485236 0.05358564 0.04241232
 0.06794839 0.0183461  0.04241232 0.05873052 0.05873052 0.02980016
 0.05680342 0.0183461 ]
[0.03620972 0.13060242 0.05909763 0.02089625 0.05325978 0.0555057
 0.10280593 0.02196919 0.05878627 0.0193865  0.0555057  0.04201607
 0.06645482 0.01576517 0.04201607 0.05909763 0.05909763 0.02907869
 0.05668364 0.01576517]
[0.04186666 0.12409265 0.06357379 0.0209084  0.04591367 0.06846712
 0.09223892 0.02282842 0.04698122 0.02250269 0.06846712 0.04125065
 0.05643448 0.01602156 0.04125065 0.06357379 0.06357379 0.03253968
 0.05149312 0.01602156]
[0.04317511 0.09659085 0.05709902 0.02315152 0.04457139 0.06821109
 0.07451881 0.0326636  0.04647548 0.02815787 0.06821109 0.04984624
 0.06431018 0.02424326 0.04984624 0.05709902 0.05709903 0.03410521
 0.05638179 0.02424325]
[0.02694666 0.16954456 0.06201191 0.0130656  0.0391372  0.05722965
 0.15215307 0.01662941 0.05501211 0.01029588 0.05722965 0.03552897
 0.05155629 0.00874348 0.03552897 0.06201191 0.06201193 0.01610594
 0.06051328 0.00874348]
[0.03350143 0.13459407 0.05098915 0.02154747 0.04320365 0.07549515
 0.10183861 0.02298357 0.05151827 0.01975055 0.07549515 0.04703298
 0.05720446 0.01587518 0.04703298 0.05098915 0.05098915 0.02925083
 0.05483305 0.01587518]
[0.02471378 0.20410222 0.03988412 0.01466637 0.0430116  0.0651762
 0.13605177 0.01777142 0.06090311 0.01603309 0.0651762  0.04077584
 0.04660038 0.01328776 0.04077584 0.03988412 0.03988412 0.021318
 0.05669631 0.01328776]
[0.03046542 0.16543221 0.05469932 0.01791968 0.03898395 0.06963336
 0.13800599 0.01632064 0.05681793 0.01875101 0.06963336 0.03702628
 0.04770915 0.01068677 0.03702628 0.05469932 0.05469932 0.02170245
 0.04910072 0.01068677]
[0.04317511 0.09659085 0.05709902 0.02315152 0.04457139 0.06821109
 0.07451881 0.0326636  0.04647548 0.02815787 0.06821109 0.04984624
 0.06431018 0.02424326 0.04984624 0.05709902 0.05709903 0.03410521
 0.05638179 0.02424325]
[0.02878705 0.15476257 0.05804189 0.01621063 0.04924271 0.05493937
 0.11959212 0.0210216  0.05648964 0.01708402 0.05493937 0.04202428
 0.06311324 0.01512409 0.04202428 0.05804189 0.05804189 0.02326299
 0.05213229 0.01512409]
[0.04095271 0.10836226 0.05844998 0.02348313 0.04906622 0.0542657
 0.08475167 0.02367387 0.05585853 0.02543259 0.0542657  0.04686923
 0.07243928 0.02210483 0.04686923 0.05844998 0.05844998 0.03203294
 0.06211731 0.02210484]
[0.02891129 0.1025338  0.05459666 0.02023272 0.04070739 0.07124448
 0.11090504 0.01772031 0.04984172 0.01822333 0.07124448 0.06225987
 0.06293046 0.01547873 0.06225987 0.05459666 0.05459666 0.02463955
 0.0615982  0.01547873]
[0.02878705 0.15476257 0.05804189 0.01621063 0.04924271 0.05493937
 0.11959212 0.0210216  0.05648964 0.01708402 0.05493937 0.04202428
 0.06311324 0.01512409 0.04202428 0.05804189 0.05804189 0.02326299
 0.05213229 0.01512409]
[0.03498482 0.13369052 0.05873052 0.02273835 0.04473202 0.05358564
 0.08558732 0.02731245 0.06667046 0.02485236 0.05358564 0.04241232
 0.06794839 0.0183461  0.04241232 0.05873052 0.05873052 0.02980016
 0.05680342 0.0183461 ]
[0.03498482 0.13369052 0.05873052 0.02273835 0.04473202 0.05358564
 0.08558732 0.02731245 0.06667046 0.02485236 0.05358564 0.04241232
 0.06794839 0.0183461  0.04241232 0.05873052 0.05873052 0.02980016
 0.05680342 0.0183461 ]
[0.03206228 0.10022707 0.05173284 0.02946286 0.05238692 0.06191512
 0.09975778 0.02264597 0.05852171 0.02273547 0.06191512 0.05707467
 0.06458459 0.01913168 0.05707467 0.05173284 0.05173285 0.03059124
 0.05558266 0.01913169]
[0.03676512 0.13402216 0.05289466 0.02373329 0.03109508 0.06108262
 0.12255255 0.03134979 0.05159673 0.01717969 0.06108262 0.04520829
 0.05523328 0.01654386 0.04520829 0.05289466 0.05289466 0.03062714
 0.06149165 0.01654386]
[0.02891129 0.1025338  0.05459666 0.02023272 0.04070739 0.07124448
 0.11090504 0.01772031 0.04984172 0.01822333 0.07124448 0.06225987
 0.06293046 0.01547873 0.06225987 0.05459666 0.05459666 0.02463955
 0.0615982  0.01547873]]