72314
Test: public void test9934() throws Throwable { ArrayDeque<SQLRecoverableException> arrayDeque0 = new ArrayDeque<SQLRecoverableException>(); ArrayDeque<SQLRecoverableException> arrayDeque1 = arrayDeque0.clone(); JSONArray jSONArray0 = new JSONArray((Iterable<?>) arrayDeque1); Spliterator<SQLRecoverableException> spliterator0 = arrayDeque1.spliterator(); String string0 = "EO)$D"; BigInteger bigInteger0 = BigInteger.ZERO; float float0 = bigInteger0.floatValue(); BigInteger bigInteger1 = jSONArray0.optBigInteger(0, bigInteger0); }
Code: public BigInteger optBigInteger(int index, BigInteger defaultValue) { Object val = this.opt(index); return JSONObject.objectToBigInteger(val, defaultValue); }
[[0.05027368 0.08260201 0.0697466  0.09721018 0.08260201 0.10404171
 0.07119039 0.0388924  0.08413172 0.0318986  0.0697466  0.05584145
 0.06974661 0.06974661 0.02232947]
[0.04703729 0.05667732 0.0765985  0.11184071 0.05667732 0.10583229
 0.09887177 0.03109373 0.06921606 0.02949084 0.0765985  0.07559672
 0.07659852 0.07659852 0.01127195]
[0.04368743 0.07311673 0.07256031 0.12270264 0.07311673 0.10090329
 0.07122568 0.03444238 0.06605047 0.04737228 0.07256031 0.05307631
 0.07256032 0.07256032 0.0240648 ]
[0.05620271 0.07876733 0.07250807 0.10352185 0.07876733 0.09232944
 0.07844105 0.03261528 0.06671027 0.03312837 0.07250808 0.06929621
 0.07250809 0.07250809 0.02018784]
[0.04703729 0.05667732 0.0765985  0.11184071 0.05667732 0.10583229
 0.09887177 0.03109373 0.06921606 0.02949084 0.0765985  0.07559672
 0.07659852 0.07659852 0.01127195]
[0.04666812 0.0699975  0.06752796 0.11692829 0.0699975  0.10237156
 0.08355301 0.03635547 0.06190463 0.04939916 0.06752796 0.07244359
 0.06752798 0.06752798 0.02026928]
[0.05442453 0.06284405 0.07092251 0.12401918 0.06284405 0.08427671
 0.08834662 0.03241105 0.06825571 0.04534692 0.07092252 0.06252507
 0.07092252 0.07092252 0.03101608]
[0.04822024 0.07173954 0.06265993 0.10130624 0.07173954 0.13077936
 0.10077995 0.03363372 0.07905796 0.03439745 0.06265993 0.05900995
 0.06265993 0.06265993 0.01869636]
[0.03603447 0.07345772 0.0663006  0.14543222 0.07345772 0.10993584
 0.08292135 0.03237008 0.07014509 0.03937723 0.06630061 0.05475161
 0.06630062 0.06630062 0.0169142 ]
[0.05942834 0.06668137 0.08407609 0.08985725 0.06668137 0.0711616
 0.06647709 0.03878507 0.06145634 0.04908773 0.08407609 0.06510811
 0.08407611 0.08407611 0.02897129]
[0.04368743 0.07311673 0.07256031 0.12270264 0.07311673 0.10090329
 0.07122568 0.03444238 0.06605047 0.04737228 0.07256031 0.05307631
 0.07256032 0.07256032 0.0240648 ]
[0.03669514 0.07416156 0.07249609 0.10878278 0.07416156 0.11558555
 0.07308252 0.03461352 0.0839707  0.03595699 0.07249609 0.05304525
 0.0724961  0.0724961  0.01996007]
[0.04368743 0.07311672 0.07256031 0.12270266 0.07311672 0.10090327
 0.07122569 0.03444238 0.06605047 0.04737227 0.07256031 0.0530763
 0.07256031 0.07256031 0.0240648 ]
[0.04368743 0.07311672 0.07256031 0.12270266 0.07311672 0.10090327
 0.07122569 0.03444238 0.06605047 0.04737227 0.07256031 0.0530763
 0.07256031 0.07256031 0.0240648 ]
[0.0351796  0.05734216 0.06577258 0.12740368 0.05734216 0.10682827
 0.09051023 0.03584522 0.09830116 0.03182225 0.06577258 0.07686251
 0.06577259 0.0657726  0.01947248]]