149302
Test: public void test18() throws Throwable { boolean boolean0 = NNTPReply.isInformational(320); }
Code: public static boolean isInformational(final int reply) { return reply >= 100 && reply < 200; }
[[0.04788682 0.14023724 0.12106259 0.06642984 0.03062243 0.06642984
 0.06218784 0.05249583 0.06642984 0.03996136 0.07834311 0.03041776
 0.06642984 0.03783627 0.07319021 0.02003913]
[0.04833688 0.13186713 0.1446336  0.06476441 0.02475405 0.06476441
 0.08930968 0.04602415 0.06476441 0.04269286 0.05707414 0.03505887
 0.06476441 0.03274916 0.06444844 0.02399343]
[0.03446565 0.12765904 0.18418816 0.06639549 0.01704055 0.06639549
 0.08301808 0.05581931 0.06639549 0.03115198 0.06306413 0.02312955
 0.06639549 0.02545097 0.0737554  0.01567519]
[0.03870387 0.1369501  0.14280733 0.06419796 0.02485218 0.06419796
 0.0635716  0.04703415 0.06419796 0.04053053 0.07031031 0.02821103
 0.06419796 0.03310136 0.09568985 0.02144583]
[0.02939928 0.18217246 0.11338244 0.07580462 0.02131827 0.07580462
 0.06586261 0.04737356 0.07580462 0.04014515 0.05832838 0.02508326
 0.07580462 0.023741   0.07568955 0.01428561]
[0.03870387 0.1369501  0.14280733 0.06419796 0.02485218 0.06419796
 0.0635716  0.04703415 0.06419796 0.04053053 0.07031031 0.02821103
 0.06419796 0.03310136 0.09568985 0.02144583]
[0.05019464 0.11854415 0.10997198 0.06552102 0.02398815 0.06552102
 0.08123225 0.05769802 0.06552102 0.03828086 0.07688347 0.04389007
 0.06552102 0.03977412 0.06890059 0.02855762]
[0.03311969 0.15236077 0.17524515 0.06636083 0.01985142 0.06636083
 0.06406112 0.04820284 0.06636083 0.03494129 0.06349904 0.02311776
 0.06636083 0.02673034 0.0758364  0.01759084]
[0.03870387 0.1369501  0.14280733 0.06419796 0.02485218 0.06419796
 0.0635716  0.04703415 0.06419796 0.04053053 0.07031031 0.02821103
 0.06419796 0.03310136 0.09568985 0.02144583]
[0.03959691 0.12205343 0.14764456 0.06572632 0.01902443 0.06572632
 0.08713206 0.0579575  0.06572632 0.04653124 0.07117608 0.03000054
 0.06572632 0.02597573 0.07166471 0.01833758]
[0.03850201 0.15218958 0.1780178  0.05769256 0.02238211 0.05769256
 0.07654881 0.05546761 0.05769256 0.03746244 0.06978809 0.02470513
 0.05769256 0.02678962 0.07036647 0.01701011]
[0.03584948 0.13376592 0.17776103 0.06607844 0.0191671  0.06607844
 0.07220344 0.04586735 0.06607844 0.03831203 0.07155327 0.02442394
 0.06607844 0.02794169 0.06577489 0.02306604]
[0.03870387 0.1369501  0.14280733 0.06419796 0.02485218 0.06419796
 0.0635716  0.04703415 0.06419796 0.04053053 0.07031031 0.02821103
 0.06419796 0.03310136 0.09568985 0.02144583]
[0.0380498  0.12760672 0.11843117 0.06149641 0.0273133  0.06149641
 0.07514787 0.06813313 0.06149641 0.0499238  0.08850843 0.02683493
 0.06149641 0.03651709 0.07445695 0.02309121]
[0.0490673  0.1396725  0.14485453 0.05986456 0.023989   0.05986456
 0.07040362 0.05213882 0.05986456 0.03409631 0.06655102 0.03869668
 0.05986456 0.03858342 0.08067913 0.02180939]
[0.03426791 0.14574233 0.11865472 0.06388925 0.0258955  0.06388925
 0.0891974  0.07516914 0.06388925 0.03794403 0.06572171 0.02946961
 0.06388925 0.02933221 0.07390814 0.01914032]]