40032
Test: public void test19() throws Throwable { MonthDay monthDay0 = MonthDay.parse(""); YearMonth yearMonth0 = new YearMonth(); // Undeclared exception!  yearMonth0.isEqual(monthDay0);   }
Code: public boolean isEqual(ReadablePartial partial) { if (partial == null) { throw new IllegalArgumentException("Partial cannot be null"); } return compareTo(partial) == 0; }
[[0.03669388 0.09165122 0.05090377 0.05090377 0.0487723  0.0988909
 0.05090377 0.05792196 0.01971802 0.0487723  0.03702395 0.01851746
 0.05090377 0.0219054  0.03162284 0.0550336  0.01560031 0.04036393
 0.05090378 0.05792195 0.04947079 0.0156003 ]
[0.0269716  0.1495228  0.05240554 0.05240554 0.06157298 0.09795333
 0.05240554 0.04119319 0.01353042 0.06157298 0.02582253 0.01165827
 0.05240554 0.02024889 0.03827152 0.0368437  0.01178012 0.04261409
 0.05240554 0.04119319 0.04544258 0.01178012]
[0.03068613 0.11466005 0.05111766 0.05111766 0.0491933  0.07562387
 0.05111766 0.05806529 0.02192014 0.0491933  0.0362636  0.02337437
 0.05111766 0.02740461 0.03958263 0.03884134 0.01667921 0.03725883
 0.05111766 0.05806528 0.05092053 0.01667921]
[0.03068613 0.11466005 0.05111766 0.05111766 0.0491933  0.07562387
 0.05111766 0.05806529 0.02192014 0.0491933  0.0362636  0.02337437
 0.05111766 0.02740461 0.03958263 0.03884134 0.01667921 0.03725883
 0.05111766 0.05806528 0.05092053 0.01667921]
[0.03890238 0.08492965 0.05066881 0.05066881 0.06320856 0.06691432
 0.05066881 0.04147325 0.02502806 0.06320856 0.03558401 0.02160958
 0.05066881 0.03233166 0.0408572  0.05116297 0.0221815  0.04468492
 0.05066882 0.04147325 0.05092457 0.0221815 ]
[0.02372782 0.14602481 0.05389871 0.05389871 0.05191138 0.13454531
 0.05389871 0.04788403 0.00903881 0.05191138 0.02319247 0.0092629
 0.05389871 0.0123573  0.03289666 0.0384178  0.00787112 0.03137979
 0.05389872 0.04788403 0.05432967 0.00787112]
[0.03068613 0.11466005 0.05111766 0.05111766 0.0491933  0.07562387
 0.05111766 0.05806529 0.02192014 0.0491933  0.0362636  0.02337437
 0.05111766 0.02740461 0.03958263 0.03884134 0.01667921 0.03725883
 0.05111766 0.05806528 0.05092053 0.01667921]
[0.02253181 0.1819321  0.0358902  0.0358902  0.06092958 0.12388012
 0.0358902  0.05524513 0.01459252 0.06092958 0.02805756 0.01508966
 0.0358902  0.01585902 0.03500536 0.03705605 0.01235324 0.03727731
 0.03589019 0.05524512 0.05221163 0.01235324]
[0.02709639 0.14378232 0.04800837 0.04800837 0.06329174 0.12236921
 0.04800837 0.05017893 0.01652092 0.06329174 0.02568886 0.01103531
 0.04800837 0.02069882 0.02993737 0.03954886 0.00963324 0.03297624
 0.04800838 0.05017892 0.04409608 0.00963324]
[0.03890238 0.08492965 0.05066881 0.05066881 0.06320856 0.06691432
 0.05066881 0.04147325 0.02502806 0.06320856 0.03558401 0.02160958
 0.05066881 0.03233166 0.0408572  0.05116297 0.0221815  0.04468492
 0.05066882 0.04147325 0.05092457 0.0221815 ]
[0.02884017 0.10571159 0.04759973 0.04759973 0.07169139 0.09950206
 0.04759973 0.0437684  0.01690072 0.07169139 0.03424246 0.01571609
 0.04759973 0.02450708 0.04016673 0.04432986 0.01201596 0.04919001
 0.04759973 0.0437684  0.04794309 0.01201596]
[0.0309052  0.11011381 0.04717989 0.04717989 0.05648438 0.10470231
 0.04717989 0.05656123 0.01731785 0.05648438 0.03435936 0.02003105
 0.04717989 0.0221857  0.04065599 0.04140232 0.01636512 0.04349475
 0.04717989 0.05656122 0.04011073 0.01636512]
[0.03068613 0.11466005 0.05111766 0.05111766 0.0491933  0.07562387
 0.05111766 0.05806529 0.02192014 0.0491933  0.0362636  0.02337437
 0.05111766 0.02740461 0.03958263 0.03884134 0.01667921 0.03725883
 0.05111766 0.05806528 0.05092053 0.01667921]
[0.03016669 0.13495238 0.04536282 0.04536282 0.06299434 0.09992775
 0.04536282 0.0451525  0.01732366 0.06299434 0.0285209  0.01799114
 0.04536282 0.02157691 0.04422558 0.03803295 0.01312094 0.04836889
 0.04536282 0.0451525  0.04956341 0.01312094]
[0.03040904 0.1113054  0.05466868 0.05466868 0.04723635 0.10251322
 0.05466868 0.04929078 0.01866462 0.04723635 0.02792666 0.01433
 0.05466868 0.0166928  0.04127029 0.05386186 0.01577045 0.03388283
 0.05466868 0.04929078 0.05120464 0.01577045]
[0.03567221 0.13616288 0.03941565 0.03941565 0.05367149 0.10832371
 0.03941565 0.05185395 0.01761162 0.05367149 0.03485405 0.01726619
 0.03941565 0.02017562 0.0328168  0.06078989 0.01275461 0.04132786
 0.03941565 0.05185395 0.06136088 0.01275461]
[0.02545094 0.08862806 0.04759466 0.04759466 0.06541674 0.09822319
 0.04759466 0.04410582 0.01595289 0.06541674 0.0347494  0.01426449
 0.04759466 0.02723015 0.04968129 0.0501145  0.0140769  0.05558837
 0.04759466 0.04410582 0.05494452 0.0140769 ]
[0.02576848 0.13557857 0.05151736 0.05151736 0.05007572 0.10647298
 0.05151736 0.04999639 0.01521445 0.05007572 0.02965785 0.01537037
 0.05151736 0.02337893 0.03501336 0.04384673 0.01373855 0.03746372
 0.05151736 0.04999639 0.04702652 0.01373855]
[0.03068613 0.11466005 0.05111766 0.05111766 0.0491933  0.07562387
 0.05111766 0.05806529 0.02192014 0.0491933  0.0362636  0.02337437
 0.05111766 0.02740461 0.03958263 0.03884134 0.01667921 0.03725883
 0.05111766 0.05806528 0.05092053 0.01667921]
[0.02253181 0.1819321  0.0358902  0.0358902  0.06092958 0.12388012
 0.0358902  0.05524513 0.01459252 0.06092958 0.02805756 0.01508966
 0.0358902  0.01585902 0.03500536 0.03705605 0.01235324 0.03727731
 0.03589019 0.05524512 0.05221163 0.01235324]
[0.03253001 0.11731546 0.04651671 0.04651671 0.0547485  0.1082931
 0.04651671 0.04547976 0.01513624 0.0547485  0.03335767 0.01492116
 0.04651671 0.02553623 0.04025707 0.0555377  0.01476214 0.03997421
 0.04651671 0.04547976 0.05457688 0.01476214]
[0.02545094 0.08862808 0.04759464 0.04759464 0.06541675 0.09822317
 0.04759464 0.04410582 0.01595289 0.06541675 0.0347494  0.01426449
 0.04759464 0.02723015 0.04968129 0.05011448 0.0140769  0.05558837
 0.04759464 0.04410582 0.05494452 0.0140769 ]]