79206
Test: public void test0() throws Throwable { LDC_W lDC_W0 = new LDC_W(); byte[] byteArray0 = new byte[6]; ByteSequence byteSequence0 = new ByteSequence(byteArray0); lDC_W0.initFromFile(byteSequence0, true); }
Code: protected void initFromFile( final ByteSequence bytes, final boolean wide ) throws IOException { setIndex(bytes.readUnsignedShort()); // Override just in case it has been changed super.setOpcode(org.apache.bcel.Const.LDC_W); super.setLength(3); }
[[0.04609709 0.02120443 0.03950822 0.0218346  0.03950822 0.02760724
 0.0218346  0.08259466 0.04328625 0.04276638 0.06892168 0.01621277
 0.0496545  0.03950822 0.03950822 0.03950822 0.05066941 0.01571815
 0.05502151 0.03309397 0.02279684 0.05546718 0.03868387 0.03950822
 0.03950822 0.00997728]
[0.05004138 0.01978363 0.04029142 0.01977384 0.04029142 0.02054949
 0.01977384 0.08716549 0.04853813 0.05703523 0.07478722 0.01313328
 0.04211074 0.04029142 0.04029142 0.04029142 0.04656297 0.01609502
 0.04417039 0.02636741 0.02407907 0.05909735 0.03626992 0.04029142
 0.04029143 0.0126255 ]
[0.05249352 0.02073684 0.03839988 0.022361   0.03839988 0.03261442
 0.022361   0.08612017 0.04183188 0.0544423  0.07472025 0.01578709
 0.036974   0.03839988 0.03839988 0.03839988 0.03701748 0.02264116
 0.04879394 0.03553725 0.0298178  0.04230724 0.04210843 0.03839988
 0.03839989 0.01253501]
[0.03417623 0.02086742 0.04128973 0.01870414 0.04128973 0.02846984
 0.01870414 0.07671291 0.03916373 0.05881225 0.07055151 0.01787524
 0.04906285 0.04128973 0.04128973 0.04128973 0.0552393  0.0195128
 0.05296979 0.02817339 0.01940852 0.04688421 0.04612298 0.04128973
 0.04128974 0.00956065]
[0.05249352 0.02073684 0.03839988 0.022361   0.03839988 0.03261442
 0.022361   0.08612017 0.04183188 0.0544423  0.07472025 0.01578709
 0.036974   0.03839988 0.03839988 0.03839988 0.03701748 0.02264116
 0.04879394 0.03553725 0.0298178  0.04230724 0.04210843 0.03839988
 0.03839989 0.01253501]
[0.04221876 0.02271282 0.03590708 0.02061795 0.03590708 0.02584289
 0.02061795 0.07420348 0.03553302 0.0515088  0.0527078  0.01712259
 0.0593296  0.03590708 0.03590708 0.03590708 0.06041436 0.02849716
 0.06377877 0.03360602 0.02862583 0.05469474 0.04287967 0.03590708
 0.03590709 0.01373821]
[0.03417623 0.02086742 0.04128973 0.01870414 0.04128973 0.02846984
 0.01870414 0.07671291 0.03916373 0.05881225 0.07055151 0.01787524
 0.04906285 0.04128973 0.04128973 0.04128973 0.0552393  0.0195128
 0.05296979 0.02817339 0.01940852 0.04688421 0.04612298 0.04128973
 0.04128974 0.00956065]
[0.04853803 0.01633096 0.03851883 0.01943953 0.03851883 0.02263568
 0.01943953 0.1034326  0.03830362 0.05115639 0.07010441 0.01278934
 0.05142684 0.03851883 0.03851883 0.03851883 0.05938322 0.01331332
 0.05568433 0.02706232 0.02176789 0.05251405 0.03746314 0.03851883
 0.03851884 0.00958295]
[0.05129193 0.02220874 0.04114759 0.02413421 0.04114759 0.02991924
 0.02413421 0.07311471 0.03950559 0.0500655  0.05989766 0.02063731
 0.0549866  0.04114759 0.04114759 0.04114759 0.04128592 0.02487631
 0.04425422 0.02806874 0.02811496 0.04107178 0.03766484 0.04114759
 0.0411476  0.01673442]
[0.04119872 0.02824807 0.03677072 0.02679627 0.03677072 0.02495454
 0.02679627 0.09079261 0.04183177 0.0466153  0.05601636 0.01756575
 0.05941105 0.03677072 0.03677072 0.03677072 0.04876487 0.02154312
 0.04455311 0.03131491 0.0328184  0.05209719 0.0365398  0.03677072
 0.03677072 0.01474685]
[0.05485002 0.02151237 0.03508551 0.01801887 0.03508551 0.02479588
 0.01801887 0.09209141 0.03598029 0.04237429 0.09881523 0.01470805
 0.05717113 0.03508551 0.03508551 0.03508551 0.05191299 0.01923299
 0.03829304 0.03609181 0.02654992 0.04669935 0.04645949 0.03508551
 0.03508552 0.01082542]
[0.04884372 0.01766818 0.04173417 0.01990178 0.04173417 0.02366552
 0.01990178 0.09334026 0.03508351 0.04543489 0.08412098 0.01329638
 0.04296069 0.04173417 0.04173417 0.04173417 0.04588129 0.01825643
 0.04942802 0.03374209 0.02138328 0.04917137 0.03692434 0.04173417
 0.04173418 0.00885626]
[0.05703695 0.02666401 0.03830013 0.02982626 0.03830013 0.03117105
 0.02982626 0.06306776 0.04383954 0.05225269 0.05281946 0.02082004
 0.05164153 0.03830013 0.03830013 0.03830013 0.0390911  0.03011014
 0.04747232 0.0317328  0.02930213 0.04399708 0.03349749 0.03830013
 0.03830013 0.01773052]
[0.05249352 0.02073684 0.03839988 0.022361   0.03839988 0.03261442
 0.022361   0.08612017 0.04183188 0.0544423  0.07472025 0.01578709
 0.036974   0.03839988 0.03839988 0.03839988 0.03701748 0.02264116
 0.04879394 0.03553725 0.0298178  0.04230724 0.04210843 0.03839988
 0.03839989 0.01253501]
[0.05249352 0.02073684 0.03839988 0.022361   0.03839988 0.03261442
 0.022361   0.08612017 0.04183188 0.0544423  0.07472025 0.01578709
 0.036974   0.03839988 0.03839988 0.03839988 0.03701748 0.02264116
 0.04879394 0.03553725 0.0298178  0.04230724 0.04210843 0.03839988
 0.03839989 0.01253501]
[0.05249352 0.02073684 0.03839988 0.022361   0.03839988 0.03261442
 0.022361   0.08612017 0.04183188 0.0544423  0.07472025 0.01578709
 0.036974   0.03839988 0.03839988 0.03839988 0.03701748 0.02264116
 0.04879394 0.03553725 0.0298178  0.04230724 0.04210843 0.03839988
 0.03839989 0.01253501]
[0.04414139 0.02029452 0.04643143 0.02028629 0.04643143 0.02670504
 0.02028629 0.08905116 0.03824896 0.04474565 0.05920158 0.01664823
 0.04450972 0.04643143 0.04643143 0.04643143 0.04458042 0.01519564
 0.05428648 0.02752348 0.02044226 0.0437541  0.03410569 0.04643143
 0.04643145 0.01097311]
[0.04187851 0.01695639 0.03685727 0.01821978 0.03685727 0.01754561
 0.01821978 0.06485705 0.04486205 0.05986278 0.07656133 0.01515026
 0.05272841 0.03685727 0.03685727 0.03685727 0.05455113 0.02035301
 0.06349745 0.03267226 0.02558748 0.05364547 0.05660679 0.03685727
 0.03685728 0.00824357]
[0.05356383 0.01804572 0.03802644 0.02072101 0.03802644 0.0250325
 0.02072101 0.10331227 0.03912415 0.05283601 0.07693085 0.01219938
 0.0522147  0.03802644 0.03802644 0.03802644 0.03477415 0.01598023
 0.0476398  0.0325674  0.02459414 0.05527958 0.03924559 0.03802644
 0.03802645 0.00903262]
[0.04124102 0.01888384 0.03847343 0.02037898 0.03847343 0.0244295
 0.02037898 0.09365971 0.04359429 0.04979136 0.06842589 0.01602282
 0.04608008 0.03847343 0.03847343 0.03847343 0.04979219 0.01869164
 0.05417042 0.03775541 0.02374325 0.04748752 0.04485632 0.03847343
 0.03847344 0.01130275]
[0.04453953 0.02207828 0.04386551 0.02445554 0.04386551 0.02468675
 0.02445554 0.07702751 0.04231103 0.05183465 0.04686692 0.01729228
 0.05226615 0.04386551 0.04386551 0.04386551 0.0409236  0.01860738
 0.04837512 0.02637547 0.02643637 0.05065397 0.03844479 0.04386551
 0.04386552 0.01531049]
[0.03638687 0.01722002 0.0363115  0.0193299  0.0363115  0.02209325
 0.0193299  0.0918     0.04059126 0.06276053 0.08151004 0.01061136
 0.04521475 0.0363115  0.0363115  0.0363115  0.0496321  0.02033848
 0.05992623 0.03280788 0.02194208 0.06072617 0.04375202 0.0363115
 0.03631151 0.00984664]
[0.04152174 0.01429004 0.03599607 0.02337736 0.03599607 0.03437593
 0.02337736 0.09905438 0.03957964 0.05289117 0.076439   0.0140267
 0.05671959 0.03599607 0.03599607 0.03599607 0.04336219 0.01999917
 0.05138596 0.03177786 0.02398171 0.05130476 0.04235408 0.03599607
 0.03599608 0.00820883]
[0.05249352 0.02073684 0.03839988 0.022361   0.03839988 0.03261442
 0.022361   0.08612017 0.04183188 0.0544423  0.07472025 0.01578709
 0.036974   0.03839988 0.03839988 0.03839988 0.03701748 0.02264116
 0.04879394 0.03553725 0.0298178  0.04230724 0.04210843 0.03839988
 0.03839989 0.01253501]
[0.05249353 0.02073684 0.03839988 0.022361   0.03839988 0.03261443
 0.022361   0.08612018 0.04183188 0.05444229 0.07472026 0.01578709
 0.03697401 0.03839988 0.03839988 0.03839988 0.03701748 0.02264116
 0.04879394 0.03553725 0.0298178  0.04230724 0.04210842 0.03839988
 0.03839989 0.01253501]
[0.04246322 0.01960759 0.03726074 0.01898973 0.03726074 0.02791893
 0.01898973 0.06766333 0.03676019 0.0598436  0.08582769 0.01761296
 0.05875094 0.03726074 0.03726074 0.03726074 0.04109846 0.01939292
 0.05794131 0.0297698  0.02529978 0.05206409 0.04683153 0.03726074
 0.03726074 0.01234907]]