24552
Test: public void test21() throws Throwable { PolarCoordinates polarCoordinates0 = PolarCoordinates.of((-10.3575702160912), (-10.3575702160912)); Point1S point1S0 = Point1S.from(polarCoordinates0); Precision.DoubleEquivalence precision_DoubleEquivalence0 = mock(Precision.DoubleEquivalence.class, new ViolatedAssumptionAnswer()); doReturn(false).when(precision_DoubleEquivalence0).eqZero(anyDouble()); AngularInterval angularInterval0 = AngularInterval.of(point1S0, point1S0, precision_DoubleEquivalence0); double double0 = angularInterval0.getMin(); }
Code: public double getMin() { return (minBoundary != null) ? minBoundary.getAzimuth() : 0.0; }
[[0.06640448 0.11415511 0.09212369 0.09217091 0.07352881 0.09212369
 0.03671338 0.03515539 0.11475285 0.0921237  0.06279314 0.0988681
 0.02908679]
[0.05622087 0.12134647 0.10040791 0.10092759 0.08632009 0.10040791
 0.03165808 0.02750103 0.11960273 0.10040792 0.04762271 0.08118036
 0.02639636]
[0.0571389  0.10640489 0.0945879  0.09489164 0.06946443 0.0945879
 0.03843341 0.04099865 0.12889972 0.09458791 0.05520869 0.09285659
 0.03193944]
[0.06945397 0.09346201 0.09006318 0.11374079 0.07966118 0.09006318
 0.04958721 0.04450841 0.08896086 0.09006319 0.05725259 0.0934097
 0.03977372]
[0.04905608 0.10507286 0.09860057 0.09425423 0.07150523 0.09860057
 0.03005026 0.02905786 0.1398845  0.09860057 0.04521216 0.11419101
 0.0259141 ]
[0.0571389  0.10640489 0.0945879  0.09489164 0.06946443 0.0945879
 0.03843341 0.04099865 0.12889972 0.09458791 0.05520869 0.09285659
 0.03193944]
[0.0532443  0.10439537 0.09357222 0.1382323  0.07563359 0.09357222
 0.02384324 0.02737146 0.14744629 0.09357224 0.03573067 0.08970989
 0.02367616]
[0.0572565  0.09280927 0.10138129 0.13387443 0.06968543 0.10138129
 0.03187472 0.03489429 0.12577745 0.10138129 0.0435208  0.08579481
 0.02036839]
[0.05524949 0.11292161 0.08683886 0.12839018 0.07556453 0.08683886
 0.03321467 0.02756438 0.12444192 0.08683886 0.05542512 0.10227332
 0.02443818]
[0.0571389  0.10640489 0.0945879  0.09489164 0.06946443 0.0945879
 0.03843341 0.04099865 0.12889972 0.09458791 0.05520869 0.09285659
 0.03193944]
[0.06496833 0.09823606 0.07934102 0.09967684 0.08185929 0.07934102
 0.0411353  0.03548718 0.14724147 0.07934101 0.04457986 0.11420614
 0.03458641]
[0.05950243 0.08729804 0.08811402 0.12319581 0.07777643 0.08811402
 0.03557185 0.03477658 0.12094486 0.08811402 0.05212971 0.11545404
 0.0290081 ]
[0.04776601 0.11003941 0.08865457 0.12664582 0.10544699 0.08865457
 0.03532952 0.02981206 0.11813375 0.08865457 0.04568997 0.08810672
 0.02706604]]