33380
Test: public void test320() throws Throwable { MathContext mathContext0 = MathContext.DECIMAL128; mathContext0.getPrecision(); mathContext0.getPrecision(); JexlArithmetic jexlArithmetic0 = new JexlArithmetic(true, mathContext0, (-1)); Short short0 = new Short((short)666); Short.toUnsignedLong((short)666); jexlArithmetic0.negate(short0); mathContext0.getRoundingMode(); JexlArithmetic.isMultiplyExact(34, 0L, 0L); jexlArithmetic0.contains(mathContext0, mathContext0); jexlArithmetic0.matches(mathContext0, (Object) null); }
Code: public final Object matches(final Object lhs, final Object rhs) { return contains(rhs, lhs); }
[[0.06143606 0.04903124 0.0473756  0.0852257  0.0473756  0.11268572
 0.04903124 0.0473756  0.15716702 0.07978581 0.06734945 0.08522571
 0.08522572 0.02570958]
[0.05812807 0.03869116 0.04257762 0.09029281 0.04257762 0.11698312
 0.03869116 0.04257762 0.14763704 0.09748133 0.08450484 0.0902928
 0.09029281 0.01927193]
[0.06132915 0.04384083 0.04318944 0.08130164 0.04318944 0.12210952
 0.04384083 0.04318944 0.13648301 0.12097939 0.07513254 0.08130164
 0.08130164 0.02281145]
[0.05494471 0.05085651 0.04170902 0.09302791 0.04170902 0.13188629
 0.05085651 0.04170902 0.1333165  0.07979111 0.06649458 0.09302792
 0.09302793 0.02764297]
[0.06132915 0.04384083 0.04318944 0.08130164 0.04318944 0.12210952
 0.04384083 0.04318944 0.13648301 0.12097939 0.07513254 0.08130164
 0.08130164 0.02281145]
[0.05783609 0.03767391 0.0389993  0.09861687 0.0389993  0.13347326
 0.03767391 0.0389993  0.12923127 0.10157084 0.06211951 0.09861688
 0.09861689 0.02757273]
[0.05812807 0.03869116 0.04257762 0.09029281 0.04257762 0.11698312
 0.03869116 0.04257762 0.14763704 0.09748133 0.08450484 0.0902928
 0.09029281 0.01927193]
[0.06132915 0.04384083 0.04318944 0.08130164 0.04318944 0.12210952
 0.04384083 0.04318944 0.13648301 0.12097939 0.07513254 0.08130164
 0.08130164 0.02281145]
[0.06129259 0.05546939 0.04281719 0.08678253 0.04281719 0.13118683
 0.05546939 0.04281719 0.14056003 0.07084127 0.0724715  0.08678254
 0.08678254 0.02390989]
[0.06571434 0.0643964  0.03913325 0.08750908 0.03913325 0.10096566
 0.0643964  0.03913325 0.10944651 0.10247053 0.07604447 0.08750909
 0.0875091  0.0366387 ]
[0.04494501 0.04052373 0.04215392 0.09244421 0.04215392 0.13189314
 0.04052373 0.04215392 0.16724434 0.08204333 0.06625281 0.0924442
 0.09244423 0.02277951]
[0.05494471 0.05085651 0.04170902 0.09302791 0.04170902 0.13188629
 0.05085651 0.04170902 0.1333165  0.07979111 0.06649458 0.09302792
 0.09302793 0.02764297]
[0.05494472 0.05085651 0.04170902 0.0930279  0.04170902 0.13188627
 0.05085651 0.04170902 0.1333165  0.07979111 0.06649459 0.0930279
 0.09302792 0.02764297]
[0.04350217 0.0391625  0.0440832  0.08170269 0.0440832  0.13446975
 0.0391625  0.0440832  0.13840938 0.10978537 0.09442836 0.08170269
 0.08170271 0.02372226]]