166234
Test: public void test6() throws Throwable { DefaultEntityResolver defaultEntityResolver0 = new DefaultEntityResolver(); URL uRL0 = MockURL.getFileExample(); // Undeclared exception!  defaultEntityResolver0.registerEntityId((String) null, uRL0);   }
Code: public void registerEntityId(final String publicId, final URL entityURL) { if (publicId == null) { throw new IllegalArgumentException("Public ID must not be null!"); } getRegisteredEntities().put(publicId, entityURL); }
[[0.03197422 0.02588444 0.0443567  0.04102677 0.04028122 0.02568773
 0.0327336  0.0443567  0.04281019 0.08620298 0.0443567  0.05038312
 0.0171398  0.04281019 0.03224274 0.01611421 0.0443567  0.0443567
 0.07519148 0.02965358 0.02768651 0.0443567  0.01366182 0.0443567
 0.0443567  0.01366182]
[0.02553473 0.02293756 0.04862374 0.03790546 0.0352487  0.02291563
 0.02582864 0.04862374 0.04748227 0.08541472 0.04862374 0.03651971
 0.01285506 0.04748227 0.03012772 0.01178879 0.04862374 0.04862374
 0.08555833 0.02297204 0.03178302 0.04862374 0.01432768 0.04862374
 0.04862375 0.01432768]
[0.02659198 0.0239307  0.0442881  0.0486092  0.04174228 0.02580285
 0.03893221 0.0442881  0.04268201 0.06554726 0.0442881  0.05030838
 0.01899844 0.04268201 0.03142633 0.0202603  0.0442881  0.0442881
 0.08300334 0.02191209 0.03433013 0.0442881  0.01446783 0.0442881
 0.04428811 0.01446782]
[0.03230816 0.02305331 0.04563909 0.03728158 0.04439259 0.02480577
 0.02864429 0.04563909 0.04810088 0.09388779 0.04563909 0.04146852
 0.01452483 0.04810088 0.03062601 0.01383957 0.04563909 0.04563909
 0.06725173 0.0249576  0.03727603 0.04563909 0.01218387 0.04563909
 0.04563909 0.01218386]
[0.02596233 0.02133139 0.04015414 0.05120763 0.03885802 0.01793514
 0.02314856 0.04015414 0.06601849 0.09474319 0.04015414 0.04642521
 0.0167045  0.06601849 0.02789542 0.02048144 0.04015414 0.04015414
 0.08033295 0.02408572 0.03548532 0.04015414 0.01106654 0.04015414
 0.04015415 0.01106654]
[0.02954372 0.02196658 0.04544114 0.04559595 0.03625267 0.01973964
 0.02782326 0.04544114 0.05024676 0.09835719 0.04544114 0.04366568
 0.01321045 0.05024676 0.03167653 0.01320859 0.04544114 0.04544114
 0.07185657 0.02946934 0.03381741 0.04544114 0.00989691 0.04544114
 0.04544114 0.00989691]
[0.02812193 0.0274055  0.04924434 0.0401155  0.04083841 0.02522506
 0.03134951 0.04924434 0.05136702 0.06726272 0.04924434 0.03757781
 0.01673399 0.05136702 0.02836377 0.01665867 0.04924434 0.04924434
 0.06181858 0.02668929 0.02977801 0.04924434 0.01268625 0.04924434
 0.04924435 0.01268625]
[0.02659198 0.0239307  0.0442881  0.0486092  0.04174228 0.02580285
 0.03893221 0.0442881  0.04268201 0.06554726 0.0442881  0.05030838
 0.01899844 0.04268201 0.03142633 0.0202603  0.0442881  0.0442881
 0.08300334 0.02191209 0.03433013 0.0442881  0.01446783 0.0442881
 0.04428811 0.01446782]
[0.03315172 0.02907173 0.04270206 0.04723205 0.03841113 0.03261547
 0.03676217 0.04270206 0.05493383 0.05688224 0.04270206 0.03509616
 0.02111842 0.05493383 0.0303731  0.01826031 0.04270206 0.04270206
 0.06506536 0.03110737 0.03515079 0.04270206 0.01910893 0.04270206
 0.04270206 0.01910893]
[0.02133332 0.0165204  0.04754451 0.04681027 0.02978991 0.01710922
 0.02820036 0.04754451 0.04864068 0.12170301 0.04754451 0.04232995
 0.00809138 0.04864068 0.02110175 0.00840861 0.04754451 0.04754451
 0.09596186 0.01984429 0.03055853 0.04754451 0.00729989 0.04754451
 0.04754451 0.00729989]
[0.02659198 0.0239307  0.0442881  0.0486092  0.04174228 0.02580285
 0.03893221 0.0442881  0.04268201 0.06554726 0.0442881  0.05030838
 0.01899844 0.04268201 0.03142633 0.0202603  0.0442881  0.0442881
 0.08300334 0.02191209 0.03433013 0.0442881  0.01446783 0.0442881
 0.04428811 0.01446782]
[0.02129399 0.02322199 0.03424457 0.05740352 0.04458243 0.01997667
 0.03162296 0.03424457 0.056542   0.11718476 0.03424457 0.05240395
 0.01380812 0.056542   0.02635648 0.01421635 0.03424457 0.03424457
 0.11547491 0.019726   0.03266742 0.03424457 0.01150993 0.03424457
 0.03424458 0.01150993]
[0.02518896 0.01902366 0.0448035  0.0395024  0.03474852 0.02120799
 0.03345132 0.0448035  0.05846673 0.11385722 0.0448035  0.0467434
 0.01540051 0.05846673 0.02384681 0.01026329 0.0448035  0.0448035
 0.07126102 0.02456453 0.02773839 0.0448035  0.00892022 0.0448035
 0.04480351 0.00892022]
[0.03315172 0.02907173 0.04270206 0.04723205 0.03841113 0.03261547
 0.03676217 0.04270206 0.05493383 0.05688224 0.04270206 0.03509616
 0.02111842 0.05493383 0.0303731  0.01826031 0.04270206 0.04270206
 0.06506536 0.03110737 0.03515079 0.04270206 0.01910893 0.04270206
 0.04270206 0.01910893]
[0.02464135 0.02054206 0.04004212 0.05064261 0.03779587 0.02236021
 0.02887774 0.04004212 0.06540155 0.08571474 0.04004212 0.03653625
 0.01424504 0.06540155 0.02945601 0.01328121 0.04004212 0.04004212
 0.1056347  0.02204341 0.03584921 0.04004212 0.01061976 0.04004212
 0.04004213 0.01061976]
[0.02722925 0.02475146 0.04155672 0.04869869 0.03886067 0.02188778
 0.02273743 0.04155672 0.04979329 0.09223236 0.04155672 0.04981118
 0.01525345 0.04979329 0.03026661 0.01764536 0.04155672 0.04155672
 0.09315781 0.02074783 0.03583059 0.04155672 0.0144246  0.04155672
 0.04155672 0.0144246 ]
[0.02659198 0.0239307  0.0442881  0.0486092  0.04174228 0.02580285
 0.03893221 0.0442881  0.04268201 0.06554726 0.0442881  0.05030838
 0.01899844 0.04268201 0.03142633 0.0202603  0.0442881  0.0442881
 0.08300334 0.02191209 0.03433013 0.0442881  0.01446783 0.0442881
 0.04428811 0.01446782]
[0.02659198 0.0239307  0.0442881  0.0486092  0.04174228 0.02580285
 0.03893221 0.0442881  0.04268201 0.06554726 0.0442881  0.05030838
 0.01899844 0.04268201 0.03142633 0.0202603  0.0442881  0.0442881
 0.08300334 0.02191209 0.03433013 0.0442881  0.01446783 0.0442881
 0.04428811 0.01446782]
[0.02495815 0.02107738 0.03870752 0.04337268 0.0496878  0.0285541
 0.03191472 0.03870752 0.05722822 0.09431526 0.03870752 0.04125379
 0.01742945 0.05722822 0.03316534 0.01895808 0.03870752 0.03870752
 0.07781121 0.02072743 0.04657312 0.03870752 0.01304243 0.03870752
 0.03870753 0.01304243]
[0.02432317 0.02485856 0.04155628 0.04053215 0.04237247 0.02584445
 0.03342595 0.04155628 0.05381665 0.08231636 0.04155628 0.05021618
 0.01830371 0.05381665 0.03195487 0.01580596 0.04155628 0.04155628
 0.07982133 0.02359945 0.03707377 0.04155628 0.01473407 0.04155628
 0.04155628 0.01473407]
[0.02646591 0.02256675 0.0471957  0.04023947 0.03493043 0.02050123
 0.03413403 0.0471957  0.04256159 0.08964063 0.0471957  0.04293976
 0.01627679 0.04256159 0.02450691 0.01253899 0.0471957  0.0471957
 0.08339694 0.02411144 0.0368844  0.0471957  0.01408876 0.0471957
 0.04719571 0.01408876]
[0.02659198 0.0239307  0.0442881  0.0486092  0.04174228 0.02580285
 0.03893221 0.0442881  0.04268201 0.06554726 0.0442881  0.05030838
 0.01899844 0.04268201 0.03142633 0.0202603  0.0442881  0.0442881
 0.08300334 0.02191209 0.03433013 0.0442881  0.01446783 0.0442881
 0.04428811 0.01446782]
[0.02311129 0.02151226 0.04308785 0.04232614 0.04735664 0.02094791
 0.03335639 0.04308785 0.06016285 0.08936045 0.04308785 0.04011589
 0.01446124 0.06016285 0.03171636 0.01295725 0.04308785 0.04308785
 0.06141617 0.02498705 0.04552697 0.04308785 0.01290971 0.04308785
 0.04308785 0.01290971]
[0.02659198 0.0239307  0.0442881  0.0486092  0.04174228 0.02580285
 0.03893221 0.0442881  0.04268201 0.06554726 0.0442881  0.05030838
 0.01899844 0.04268201 0.03142633 0.0202603  0.0442881  0.0442881
 0.08300334 0.02191209 0.03433013 0.0442881  0.01446783 0.0442881
 0.04428811 0.01446782]
[0.02659198 0.0239307  0.0442881  0.04860919 0.0417423  0.02580285
 0.03893221 0.0442881  0.04268201 0.06554726 0.0442881  0.05030838
 0.01899844 0.04268201 0.03142633 0.0202603  0.0442881  0.0442881
 0.08300331 0.02191209 0.03433012 0.0442881  0.01446783 0.0442881
 0.04428811 0.01446782]
[0.0231113  0.02151226 0.04308785 0.04232615 0.04735662 0.02094792
 0.0333564  0.04308785 0.06016287 0.08936045 0.04308785 0.0401159
 0.01446124 0.06016287 0.03171637 0.01295725 0.04308785 0.04308785
 0.06141616 0.02498705 0.04552697 0.04308785 0.01290972 0.04308785
 0.04308785 0.01290972]]