8024
Test: public void test2() throws Throwable { boolean boolean0 = ObjectUtils.isEmpty((Object[]) null); }
Code: public static boolean isEmpty(Object[] array) { return (array == null || array.length == 0); }
[[0.04755099 0.14022267 0.11966187 0.06596451 0.06989254 0.06230619
 0.05219615 0.04999958 0.075316   0.05450403 0.04558654 0.06596451
 0.075316   0.05549848 0.02001991]
[0.04790939 0.12886657 0.14503276 0.06442016 0.07859047 0.08636376
 0.04546938 0.04344738 0.0606323  0.0447441  0.0445031  0.06442015
 0.0606323  0.06163232 0.02333587]
[0.03492171 0.12345883 0.19515952 0.06798227 0.08272656 0.07873636
 0.05486472 0.04048068 0.0533779  0.04253791 0.03942823 0.06798227
 0.0533779  0.04985411 0.01511105]
[0.03843024 0.13506155 0.14284813 0.06390405 0.0730273  0.0622378
 0.04667829 0.05310954 0.07260021 0.04191957 0.05335048 0.06390405
 0.07260022 0.05927131 0.02105723]
[0.04797247 0.13417263 0.12425901 0.06805593 0.08847739 0.07132459
 0.06325088 0.04536995 0.05560179 0.05390422 0.05182988 0.06805594
 0.05560179 0.05055778 0.02156573]
[0.05168735 0.11885252 0.11840636 0.06938431 0.10261082 0.07935476
 0.05997492 0.05206289 0.05616965 0.04278423 0.04465645 0.06938432
 0.05616965 0.04992371 0.02857806]
[0.03293229 0.1505315  0.17630412 0.06628943 0.06470798 0.06307623
 0.0480369  0.05234936 0.06448058 0.04210453 0.03765809 0.06628944
 0.06448058 0.05340669 0.01735232]
[0.03772891 0.1498564  0.13356273 0.06104802 0.08864546 0.06623439
 0.0483526  0.04482523 0.07176831 0.04100967 0.05818462 0.06104803
 0.0717683  0.05320843 0.01275893]
[0.02672357 0.1525265  0.22687438 0.04383067 0.07918061 0.06823348
 0.04394081 0.04702192 0.06627378 0.03321245 0.04449075 0.04383067
 0.06627377 0.04357328 0.01401333]
[0.0426041  0.11801236 0.11661253 0.06511246 0.09071971 0.09469436
 0.06838751 0.0450244  0.0673639  0.03959078 0.04338103 0.06511246
 0.0673639  0.06135092 0.01466968]
[0.03561172 0.13364694 0.13464282 0.07198942 0.08775268 0.09627122
 0.05222432 0.04474454 0.05852962 0.0416011  0.04283655 0.0719894
 0.05852961 0.0577026  0.01192739]
[0.03843024 0.13506155 0.14284813 0.06390405 0.0730273  0.0622378
 0.04667829 0.05310954 0.07260021 0.04191957 0.05335048 0.06390405
 0.07260022 0.05927131 0.02105723]
[0.02672357 0.15252638 0.22687432 0.04383067 0.07918064 0.06823353
 0.04394081 0.04702193 0.06627379 0.03321245 0.04449075 0.04383067
 0.06627379 0.0435733  0.01401333]
[0.03824747 0.14657505 0.13897868 0.0657768  0.09395683 0.06911787
 0.05227743 0.04028728 0.06486282 0.03691845 0.0527858  0.0657768
 0.06486282 0.05518213 0.01439382]
[0.03448528 0.13704705 0.12441817 0.06572817 0.08896022 0.08148327
 0.0732525  0.05025278 0.05915359 0.03973626 0.04692628 0.06572817
 0.05915359 0.05579574 0.01787901]]