141460
Test: public void test6() throws Throwable { int[] intArray0 = new int[5]; BlockDiskElementDescriptor<String> blockDiskElementDescriptor0 = new BlockDiskElementDescriptor<String>("", intArray0); // Undeclared exception!  blockDiskElementDescriptor0.readExternal((ObjectInput) null);   }
Code: public void readExternal( final ObjectInput input ) throws IOException, ClassNotFoundException { this.key = (K) input.readObject(); this.blocks = (int[]) input.readObject(); }
[[0.04340921 0.03463466 0.06021616 0.03433816 0.03458256 0.05975256
 0.07276175 0.10564639 0.07699366 0.06021616 0.05405338 0.02939146
 0.02706969 0.06021616 0.06021616 0.06021616 0.02706969 0.02134197
 0.06021617 0.01765787]
[0.03291397 0.02770464 0.06539343 0.02764122 0.02257458 0.05774027
 0.07517846 0.11868598 0.08646885 0.06539343 0.05266637 0.01789691
 0.02601304 0.06539343 0.06539343 0.06539343 0.02601303 0.01992098
 0.06539343 0.01622115]
[0.03489917 0.02886302 0.05950642 0.03162628 0.03135501 0.05162554
 0.07396932 0.11197818 0.09302948 0.05950642 0.04836999 0.02685453
 0.03602711 0.05950642 0.05950642 0.05950642 0.03602711 0.02139795
 0.05950642 0.01693873]
[0.03973081 0.02894899 0.06372531 0.0261119  0.0270918  0.04374498
 0.07843499 0.10800565 0.0810685  0.06372531 0.06349776 0.02638997
 0.03083766 0.06372531 0.06372531 0.06372531 0.03083766 0.02022972
 0.06372531 0.01271771]
[0.03673121 0.02876817 0.05273734 0.03051474 0.03075389 0.04741265
 0.07925018 0.13924733 0.10510558 0.05273734 0.06649414 0.03009165
 0.02756429 0.05273734 0.05273734 0.05273734 0.02756429 0.02041144
 0.05273733 0.01366636]
[0.03674767 0.02930908 0.06499869 0.03065227 0.03203107 0.05806952
 0.06671011 0.08018446 0.07628884 0.06499869 0.07724212 0.02677389
 0.02681242 0.06499869 0.06499869 0.06499869 0.02681241 0.02456441
 0.06499869 0.01780955]
[0.03948316 0.03853198 0.05656423 0.03761454 0.03790553 0.07040641
 0.06171799 0.08324121 0.08441326 0.05656423 0.07502337 0.03049024
 0.03026563 0.05656423 0.05656423 0.05656423 0.03026563 0.02188421
 0.05656424 0.01937138]
[0.03201047 0.03021339 0.0578529  0.0258082  0.02592249 0.05518522
 0.05705036 0.16126548 0.08130969 0.0578529  0.07214087 0.02320004
 0.0279774  0.0578529  0.0578529  0.0578529  0.02797739 0.01839486
 0.05785291 0.01442672]
[0.03899331 0.03076959 0.05756333 0.02883967 0.03266353 0.07211192
 0.06619029 0.10363602 0.08013705 0.05756333 0.08502184 0.02075427
 0.02833994 0.05756333 0.05756333 0.05756333 0.02833994 0.0206913
 0.05756333 0.01813132]
[0.03489917 0.02886302 0.05950642 0.03162628 0.03135501 0.05162554
 0.07396932 0.11197818 0.09302948 0.05950642 0.04836999 0.02685453
 0.03602711 0.05950642 0.05950642 0.05950642 0.03602711 0.02139795
 0.05950642 0.01693873]
[0.04248857 0.03674776 0.05733798 0.04156898 0.04047447 0.05275522
 0.06761023 0.07593358 0.08488882 0.05733798 0.06455499 0.02628729
 0.03520189 0.05733798 0.05733798 0.05733798 0.03520189 0.02889714
 0.05733798 0.02336133]
[0.03703466 0.02994275 0.05720263 0.03266137 0.03437392 0.05433482
 0.0753918  0.10829394 0.10271405 0.05720263 0.06801088 0.02285404
 0.0286056  0.05720263 0.05720263 0.05720263 0.0286056  0.01942609
 0.05720264 0.0145348 ]
[0.04501982 0.0362604  0.0637411  0.03784427 0.03529995 0.05325469
 0.06176865 0.06787946 0.07316907 0.0637411  0.04860086 0.03447061
 0.03667998 0.0637411  0.0637411  0.0637411  0.03667998 0.02910256
 0.0637411  0.0215231 ]
[0.03489917 0.02886302 0.05950642 0.03162628 0.03135501 0.05162554
 0.07396932 0.11197818 0.09302948 0.05950642 0.04836999 0.02685453
 0.03602711 0.05950642 0.05950642 0.05950642 0.03602711 0.02139795
 0.05950642 0.01693873]
[0.03489917 0.02886302 0.05950642 0.03162628 0.03135501 0.05162554
 0.07396932 0.11197818 0.09302948 0.05950642 0.04836999 0.02685453
 0.03602711 0.05950642 0.05950642 0.05950642 0.03602711 0.02139795
 0.05950642 0.01693873]
[0.03489917 0.02886302 0.05950642 0.03162628 0.03135501 0.05162554
 0.07396932 0.11197818 0.09302948 0.05950642 0.04836999 0.02685453
 0.03602711 0.05950642 0.05950642 0.05950642 0.03602711 0.02139795
 0.05950642 0.01693873]
[0.04501982 0.0362604  0.0637411  0.03784427 0.03529995 0.05325469
 0.06176865 0.06787946 0.07316907 0.0637411  0.04860086 0.03447061
 0.03667998 0.0637411  0.0637411  0.0637411  0.03667998 0.02910256
 0.0637411  0.0215231 ]
[0.03324839 0.02915613 0.06569056 0.03119454 0.03212793 0.06537192
 0.0601713  0.11168319 0.07824624 0.06569056 0.05415523 0.02034385
 0.02493497 0.06569056 0.06569056 0.06569056 0.02493497 0.02190903
 0.06569057 0.01837894]
[0.03489917 0.02886302 0.05950642 0.03162628 0.03135501 0.05162554
 0.07396932 0.11197818 0.09302948 0.05950642 0.04836999 0.02685453
 0.03602711 0.05950642 0.05950642 0.05950642 0.03602711 0.02139795
 0.05950642 0.01693873]
[0.02999547 0.02748179 0.0566886  0.02684539 0.02564328 0.06364332
 0.07705624 0.12658533 0.08647645 0.0566886  0.07365891 0.02916409
 0.02675124 0.0566886  0.0566886  0.0566886  0.02675123 0.0237995
 0.05668859 0.01601623]]