135786
Test: public void test484() throws Throwable { TokenQueue tokenQueue0 = new TokenQueue("Queue not long enough to consume sequence"); String string0 = tokenQueue0.consumeToIgnoreCase(" "); boolean boolean0 = tokenQueue0.consumeWhitespace(); }
Code: public boolean consumeWhitespace() { boolean seen = false; while (matchesWhitespace()) { pos++; seen = true; } return seen; }
[[0.04122524 0.10295298 0.05718994 0.05481163 0.10295298 0.04584333
 0.02592977 0.05736536 0.09830877 0.05718994 0.05481163 0.06374186
 0.04584333 0.02592977 0.02830227 0.01753039 0.04535053 0.05718995
 0.01753039]
[0.02635402 0.1372442  0.05047075 0.06574559 0.1372442  0.03406635
 0.02060655 0.05144463 0.11293612 0.05047075 0.06574559 0.05211897
 0.03406635 0.02060655 0.02239149 0.01231095 0.0433952  0.05047076
 0.01231095]
[0.03130995 0.11824201 0.05234734 0.04914014 0.11824201 0.04805721
 0.03354502 0.06128239 0.08909353 0.05234734 0.04914014 0.06132978
 0.04805721 0.03354502 0.03051294 0.01673606 0.03798849 0.05234735
 0.01673606]
[0.04083382 0.09003749 0.0535149  0.06560581 0.09003749 0.05278619
 0.0339923  0.06066981 0.07034198 0.0535149  0.06560581 0.06033567
 0.05278619 0.0339923  0.0291507  0.02313974 0.04700029 0.05351491
 0.02313973]
[0.02635402 0.1372442  0.05047075 0.06574559 0.1372442  0.03406635
 0.02060655 0.05144463 0.11293612 0.05047075 0.06574559 0.05211897
 0.03406635 0.02060655 0.02239149 0.01231095 0.0433952  0.05047076
 0.01231095]
[0.03054248 0.11878039 0.05678927 0.07133003 0.11878039 0.03965181
 0.02212562 0.05472105 0.08980144 0.05678927 0.07133003 0.05808619
 0.03965181 0.02212562 0.02719858 0.01138214 0.04274244 0.05678928
 0.01138214]
[0.04300051 0.08913532 0.0608255  0.04843371 0.08913532 0.06067833
 0.03561421 0.05650821 0.06618495 0.0608255  0.04843371 0.0647303
 0.06067833 0.03561421 0.03011701 0.021043   0.04717337 0.06082551
 0.02104301]
[0.03827245 0.10050619 0.05461334 0.05181561 0.10050619 0.05004244
 0.03355658 0.06809705 0.07602511 0.05461334 0.05181561 0.0633228
 0.05004244 0.03355658 0.03237578 0.02102426 0.04417661 0.05461334
 0.02102426]
[0.03006401 0.12823272 0.04705249 0.06752954 0.12823272 0.0402204
 0.02601414 0.04477734 0.10337336 0.04705249 0.06752954 0.06300309
 0.0402204  0.02601414 0.02674819 0.01158752 0.04370788 0.0470525
 0.01158752]
[0.03130995 0.11824201 0.05234734 0.04914014 0.11824201 0.04805721
 0.03354502 0.06128239 0.08909353 0.05234734 0.04914014 0.06132978
 0.04805721 0.03354502 0.03051294 0.01673606 0.03798849 0.05234735
 0.01673606]
[0.04083382 0.09003749 0.0535149  0.06560581 0.09003749 0.05278619
 0.0339923  0.06066981 0.07034198 0.0535149  0.06560581 0.06033567
 0.05278619 0.0339923  0.0291507  0.02313974 0.04700029 0.05351491
 0.02313973]
[0.02690866 0.10109261 0.05165026 0.05275249 0.10109261 0.04802252
 0.02797314 0.05885141 0.11760013 0.05165026 0.05275249 0.07802428
 0.04802252 0.02797314 0.02504755 0.01662111 0.0456935  0.05165026
 0.01662111]
[0.03054248 0.11878039 0.05678927 0.07133003 0.11878039 0.03965181
 0.02212562 0.05472105 0.08980144 0.05678927 0.07133003 0.05808619
 0.03965181 0.02212562 0.02719858 0.01138214 0.04274244 0.05678928
 0.01138214]
[0.04300051 0.08913532 0.0608255  0.04843371 0.08913532 0.06067833
 0.03561421 0.05650821 0.06618495 0.0608255  0.04843371 0.0647303
 0.06067833 0.03561421 0.03011701 0.021043   0.04717337 0.06082551
 0.02104301]
[0.03019954 0.1474561  0.04893489 0.05695343 0.1474561  0.0422618
 0.02235778 0.05056596 0.08108542 0.04893489 0.05695343 0.06089222
 0.0422618  0.02235778 0.0286944  0.0120911  0.03951735 0.0489349
 0.0120911 ]
[0.02709943 0.09478097 0.05079541 0.06897245 0.09478097 0.04285578
 0.02443185 0.05964763 0.10630953 0.05079541 0.06897245 0.06719011
 0.04285578 0.02443185 0.03654321 0.01487488 0.05899193 0.05079542
 0.01487488]
[0.02584674 0.13315365 0.05125314 0.05108884 0.13315365 0.04155895
 0.02530316 0.05710725 0.1128658  0.05125314 0.05108884 0.06239087
 0.04155895 0.02530316 0.02044589 0.01397255 0.03742973 0.05125314
 0.01397254]
[0.03130996 0.11824203 0.05234735 0.04914014 0.11824203 0.04805721
 0.03354501 0.06128239 0.08909352 0.05234735 0.04914014 0.06132979
 0.04805721 0.03354501 0.03051294 0.01673606 0.03798848 0.05234735
 0.01673606]
[0.02709943 0.094781   0.0507954  0.06897247 0.094781   0.0428558
 0.02443185 0.05964765 0.10630953 0.0507954  0.06897247 0.0671901
 0.0428558  0.02443185 0.03654321 0.01487489 0.05899194 0.05079541
 0.01487489]]