83212
Test: public void test8() throws Throwable { int[] intArray0 = new int[1]; Constant[] constantArray0 = new Constant[1]; ConstantPool constantPool0 = new ConstantPool(constantArray0); NestMembers nestMembers0 = new NestMembers(2248, (-1738), intArray0, constantPool0); PipedOutputStream pipedOutputStream0 = new PipedOutputStream(); DataOutputStream dataOutputStream0 = new DataOutputStream(pipedOutputStream0);  nestMembers0.dump(dataOutputStream0);   }
Code: public void dump( final DataOutputStream file ) throws IOException { super.dump(file); file.writeShort(classes.length); for (final int index : classes) { file.writeShort(index); } }
[[0.04054087 0.03226338 0.05623665 0.03198166 0.06704248 0.05076946
 0.06739953 0.09915115 0.01987044 0.0498178  0.05623665 0.05623665
 0.04032328 0.03757098 0.02648625 0.03292654 0.03562601 0.06077418
 0.0498178  0.05623665 0.01634583 0.01634583]
[0.0328031  0.02705367 0.06598733 0.02697993 0.06037027 0.0522478
 0.07229751 0.11921172 0.01674187 0.04993149 0.06598733 0.06598733
 0.03718127 0.02596993 0.01792922 0.01938949 0.02581924 0.07120583
 0.04993147 0.06598733 0.01549339 0.01549339]
[0.03416783 0.02835799 0.05820515 0.03105133 0.06700461 0.05158757
 0.07275265 0.10967644 0.02132613 0.04765642 0.05820515 0.05820515
 0.04822187 0.03510722 0.02273078 0.02954493 0.03138535 0.05562361
 0.04765642 0.05820515 0.01666417 0.01666417]
[0.03675413 0.02642    0.06054185 0.02389141 0.05727152 0.06643976
 0.07041638 0.10231711 0.02152113 0.05626183 0.06054185 0.06054185
 0.04311175 0.02968306 0.0169425  0.03096179 0.02809664 0.06867195
 0.05626186 0.06054184 0.0114049  0.0114049 ]
[0.03789684 0.02667211 0.06306475 0.03670983 0.06912282 0.06889932
 0.06909339 0.08717798 0.022997   0.04857404 0.06306475 0.06306475
 0.03969371 0.03077341 0.02087319 0.02436389 0.02332737 0.06366039
 0.04857405 0.06306474 0.01466582 0.01466582]
[0.03429273 0.02778657 0.06281087 0.03247947 0.05443944 0.05363782
 0.06936707 0.08521061 0.01828726 0.05333364 0.06281087 0.06281087
 0.04142739 0.03092013 0.01842506 0.03046551 0.03102827 0.07923277
 0.05333363 0.06281085 0.01754465 0.01754465]
[0.03768627 0.03581348 0.05622989 0.03556736 0.07461207 0.05105707
 0.05629767 0.08126721 0.02216116 0.06629667 0.05622989 0.05622989
 0.0364419  0.02954244 0.02837353 0.02704123 0.03375043 0.0577153
 0.06629667 0.05622989 0.01758001 0.01758001]
[0.0303142  0.02814568 0.0560751  0.02416948 0.06056361 0.0473293
 0.05251957 0.15594757 0.01774367 0.06512977 0.0560751  0.0560751
 0.03214466 0.02685737 0.01948217 0.02121476 0.03323448 0.06929016
 0.06512981 0.05607511 0.01324171 0.01324171]
[0.0338496  0.02638539 0.06493981 0.02776781 0.05201418 0.061756
 0.05872756 0.13252144 0.01717024 0.05206436 0.06493981 0.06493981
 0.03296392 0.02911786 0.01950159 0.0235354  0.02545663 0.0719084
 0.05206438 0.0649398  0.01171801 0.01171801]
[0.04150062 0.03557307 0.05763752 0.04045704 0.05822712 0.05726846
 0.06338694 0.07497622 0.02665451 0.05939306 0.05763752 0.05763752
 0.04274936 0.03781611 0.02060646 0.02363143 0.03314596 0.05044778
 0.05939306 0.05763752 0.02211137 0.02211137]
[0.03416783 0.02835799 0.05820515 0.03105133 0.06700461 0.05158757
 0.07275265 0.10967644 0.02132613 0.04765642 0.05820515 0.05820515
 0.04822187 0.03510722 0.02273078 0.02954493 0.03138535 0.05562361
 0.04765642 0.05820515 0.01666417 0.01666417]
[0.03416783 0.02835799 0.05820515 0.03105133 0.06700461 0.05158757
 0.07275265 0.10967644 0.02132613 0.04765642 0.05820515 0.05820515
 0.04822187 0.03510722 0.02273078 0.02954493 0.03138535 0.05562361
 0.04765642 0.05820515 0.01666417 0.01666417]
[0.04076051 0.03168108 0.05946375 0.03188567 0.06441465 0.05675402
 0.06474867 0.09710621 0.02027047 0.06397563 0.05946375 0.05946375
 0.04210551 0.0273977  0.0197195  0.02655919 0.02368644 0.06497803
 0.06397563 0.05946375 0.01106303 0.01106303]
[0.03479047 0.02597888 0.05970698 0.02763224 0.06567556 0.06919987
 0.06302114 0.0912055  0.02210678 0.05117888 0.05970698 0.05970698
 0.04119097 0.03030726 0.0197113  0.03092959 0.03080721 0.07901523
 0.05117889 0.05970697 0.01362118 0.01362118]
[0.02673113 0.02230263 0.0720099  0.03450809 0.0561863  0.0597853
 0.08300801 0.0836373  0.01950055 0.052752   0.0720099  0.0720099
 0.03232564 0.03540126 0.02060838 0.02486164 0.02695918 0.05627173
 0.05275199 0.07200991 0.01218462 0.01218462]
[0.02911625 0.02635781 0.05127432 0.03106827 0.05801252 0.05878892
 0.06889528 0.14752787 0.02530729 0.04655143 0.05127432 0.05127432
 0.0416858  0.030506   0.0246034  0.02573787 0.02727785 0.07481594
 0.04655143 0.05127432 0.01604944 0.01604944]
[0.04020192 0.03082157 0.05017843 0.02919183 0.05598018 0.06760484
 0.06306768 0.10402407 0.02483884 0.05598548 0.05017843 0.05017843
 0.04304859 0.03909243 0.02703327 0.0285192  0.0261983  0.06738564
 0.05598548 0.05017843 0.02015349 0.02015349]
[0.03047131 0.02800308 0.06517405 0.02818795 0.0582464  0.05454938
 0.06086526 0.11724284 0.02268994 0.04600316 0.06517405 0.06517405
 0.03683976 0.03295188 0.02340016 0.03090717 0.02673544 0.06414434
 0.04600316 0.06517404 0.01603128 0.01603128]
[0.04150062 0.03557307 0.05763752 0.04045704 0.05822712 0.05726846
 0.06338694 0.07497622 0.02665451 0.05939306 0.05763752 0.05763752
 0.04274936 0.03781611 0.02060646 0.02363143 0.03314596 0.05044778
 0.05939306 0.05763752 0.02211137 0.02211137]
[0.03416783 0.02835799 0.05820515 0.03105133 0.06700461 0.05158757
 0.07275265 0.10967644 0.02132613 0.04765642 0.05820515 0.05820515
 0.04822187 0.03510722 0.02273078 0.02954493 0.03138535 0.05562361
 0.04765642 0.05820515 0.01666417 0.01666417]
[0.02813156 0.02511038 0.05432596 0.02465897 0.06046893 0.07456246
 0.06654362 0.11922561 0.02062812 0.06238244 0.05432596 0.05432596
 0.03741807 0.03442037 0.0217386  0.02103939 0.02382788 0.07235293
 0.06238244 0.05432596 0.01390222 0.01390222]
[0.02813156 0.02511038 0.05432596 0.02465897 0.06046893 0.07456246
 0.06654362 0.11922561 0.02062812 0.06238244 0.05432596 0.05432596
 0.03741807 0.03442037 0.0217386  0.02103939 0.02382788 0.07235293
 0.06238244 0.05432596 0.01390222 0.01390222]]