31705
Test: public void test42() throws Throwable { String string0 = " is exist but it is a dir"; FileUtil.getFileExtension(" is exist but it is a dir"); File file0 = FileUtil.createTempFile(); FileUtil.isDirExists(file0); FileSystemHandling.shouldAllThrowIOExceptions(); FileUtil.isFileExists(file0); FileUtil.getFileExtension("");  FileUtil.toLines(file0);   }
Code: public static List<String> toLines(final File file) throws IOException { return Files.readLines(file, Charsets.UTF_8); }
[[0.05433914 0.15586464 0.04792297 0.07537889 0.132266   0.07448751
 0.13149124 0.02712692 0.06869674 0.05933818 0.07537889 0.07537889
 0.02233   ]
[0.05717679 0.14586546 0.03828646 0.07786909 0.1315065  0.07055759
 0.11738159 0.03231701 0.09375035 0.05362625 0.07786908 0.07786908
 0.02592485]
[0.05008752 0.13946353 0.04479359 0.07730065 0.10632752 0.07243929
 0.15578744 0.02640967 0.08340558 0.06724564 0.07730065 0.07730065
 0.02213824]
[0.04617801 0.15494977 0.04605273 0.07806345 0.12230451 0.07076703
 0.148725   0.02978642 0.06773122 0.05590276 0.07806345 0.07806345
 0.02341225]
[0.04230105 0.16080114 0.0357047  0.07132106 0.1353226  0.0753818
 0.13419211 0.02439005 0.09110113 0.07185636 0.07132107 0.07132107
 0.01498583]
[0.04339034 0.16225986 0.04176888 0.07918628 0.12876448 0.0679667
 0.13316143 0.03103483 0.07375199 0.05849122 0.07918628 0.07918628
 0.02185145]
[0.03884477 0.13568649 0.03391393 0.06994334 0.13056341 0.06420125
 0.19504118 0.02365881 0.08819    0.06247793 0.06994335 0.06994335
 0.01759217]
[0.04281851 0.15039653 0.03368365 0.08195954 0.11142582 0.08239
 0.16691932 0.02239299 0.06874546 0.06013647 0.08195953 0.08195953
 0.01521268]
[0.05975338 0.1361185  0.04339177 0.08097476 0.10932449 0.07010972
 0.10695577 0.03912846 0.09002826 0.06955773 0.08097477 0.08097477
 0.03270762]
[0.03747457 0.16391852 0.03748135 0.07775153 0.13615337 0.07468955
 0.14878038 0.02705505 0.06702972 0.05547705 0.07775153 0.07775153
 0.01868579]
[0.04617801 0.15494977 0.04605273 0.07806345 0.12230451 0.07076703
 0.148725   0.02978642 0.06773122 0.05590276 0.07806345 0.07806345
 0.02341225]
[0.04617801 0.15494977 0.04605273 0.07806345 0.12230451 0.07076703
 0.148725   0.02978642 0.06773122 0.05590276 0.07806345 0.07806345
 0.02341225]
[0.0377129  0.14971295 0.03557498 0.07190393 0.11841524 0.06618181
 0.15942904 0.02869246 0.08897112 0.08006847 0.07190393 0.07190393
 0.01952925]]