129837
Test: public void test2() throws Throwable { Reduce reduce0 = new Reduce((-1073.0221455012659), (-1073.0221455012659)); double double0 = reduce0.applyAsDouble((-1073.0221455012659)); }
Code: public double applyAsDouble(double x) { final double xMo = x - offset; return xMo - period * Math.floor(xMo / period); }
[[0.03038559 0.05154518 0.04216037 0.04995643 0.04855406 0.02544935
 0.05154518 0.06579369 0.01963238 0.06967592 0.08865771 0.06130504
 0.03443331 0.06579369 0.08865771 0.0571183  0.02390897 0.04216038
 0.02640126 0.04216038 0.01470514]
[0.02168399 0.04387505 0.03691806 0.05583497 0.04848348 0.02059411
 0.04387505 0.08292764 0.0165347  0.05806919 0.08659149 0.06829827
 0.03601231 0.08292764 0.08659149 0.07793043 0.02238775 0.03691806
 0.02467797 0.03691806 0.01195029]
[0.02460416 0.04490883 0.03947951 0.06543194 0.0477729  0.02629733
 0.04490883 0.05794851 0.02831022 0.06956144 0.09018889 0.06432385
 0.03009399 0.05794851 0.09018889 0.06604312 0.02701714 0.03947951
 0.03040739 0.03947951 0.01560546]
[0.03004991 0.04712502 0.03614783 0.06549257 0.05530761 0.02590148
 0.04712502 0.05590529 0.02329843 0.06478322 0.09765676 0.06004609
 0.03335357 0.05590529 0.09765676 0.06838703 0.02282863 0.03614783
 0.02679665 0.03614783 0.01393722]
[0.03292324 0.04339858 0.04038954 0.06804159 0.05908033 0.03257038
 0.04339858 0.05818567 0.02768704 0.05660292 0.09044531 0.04104214
 0.03708695 0.05818567 0.09044531 0.05934546 0.03394097 0.04038954
 0.0266004  0.04038954 0.01985083]
[0.02691115 0.0486421  0.03581118 0.05054462 0.05446423 0.01890732
 0.0486421  0.05437911 0.02066321 0.07421489 0.10496748 0.05331933
 0.03937815 0.05437911 0.10496748 0.07946624 0.0258652  0.03581117
 0.02257691 0.03581117 0.01027781]
[0.02168399 0.04387505 0.03691806 0.05583497 0.04848348 0.02059411
 0.04387505 0.08292764 0.0165347  0.05806919 0.08659149 0.06829827
 0.03601231 0.08292764 0.08659149 0.07793043 0.02238775 0.03691806
 0.02467797 0.03691806 0.01195029]
[0.0230799  0.04293131 0.04150543 0.04797477 0.05956882 0.02391405
 0.04293131 0.06291632 0.01585707 0.09346645 0.08435491 0.06649478
 0.0326427  0.06291632 0.08435491 0.07298086 0.02720941 0.04150543
 0.02120875 0.04150543 0.01068103]
[0.03640833 0.04377092 0.05143178 0.06403434 0.04346049 0.03075027
 0.04377092 0.05238554 0.03086027 0.05657496 0.07805561 0.05549993
 0.04040664 0.05238554 0.07805561 0.060819   0.03191131 0.05143178
 0.02814681 0.05143178 0.01840818]
[0.03260333 0.04145209 0.04345754 0.06684525 0.05284852 0.02559767
 0.04145209 0.06255945 0.02456846 0.06590118 0.07824758 0.05180737
 0.03999546 0.06255945 0.07824758 0.06550093 0.02580505 0.04345754
 0.03162572 0.04345754 0.0220102 ]
[0.03306807 0.0479223  0.04579407 0.07128485 0.06003187 0.02735158
 0.0479223  0.06869943 0.02416283 0.0548241  0.07494764 0.05635587
 0.03555577 0.06869943 0.07494764 0.03958727 0.02862394 0.04579406
 0.03164891 0.04579406 0.01698401]
[0.02421707 0.04376883 0.0369735  0.05504106 0.05870513 0.02507505
 0.04376883 0.06285731 0.01865535 0.06597281 0.09587753 0.04957855
 0.03805983 0.06285731 0.09587753 0.0777597  0.03026773 0.03697352
 0.02880041 0.03697352 0.01193943]
[0.02131147 0.04225799 0.03892417 0.06819373 0.04895201 0.02054139
 0.04225799 0.06222712 0.02127968 0.06744055 0.09445925 0.06077319
 0.02969037 0.06222712 0.09445925 0.09225563 0.02014538 0.03892417
 0.02170987 0.03892417 0.01304544]
[0.0230799  0.04293131 0.04150543 0.04797477 0.05956882 0.02391405
 0.04293131 0.06291632 0.01585707 0.09346645 0.08435491 0.06649478
 0.0326427  0.06291632 0.08435491 0.07298086 0.02720941 0.04150543
 0.02120875 0.04150543 0.01068103]
[0.03306807 0.0479223  0.04579407 0.07128485 0.06003187 0.02735158
 0.0479223  0.06869943 0.02416283 0.0548241  0.07494764 0.05635587
 0.03555577 0.06869943 0.07494764 0.03958727 0.02862394 0.04579406
 0.03164891 0.04579406 0.01698401]
[0.0288584  0.0377401  0.03764878 0.06246133 0.05583568 0.02105656
 0.0377401  0.06046218 0.01693049 0.07635337 0.08879367 0.0520246
 0.03033105 0.06046218 0.08879367 0.09752141 0.0315344  0.03764878
 0.02626652 0.03764878 0.01388796]
[0.03118458 0.04525049 0.03224512 0.03995753 0.05757744 0.02480779
 0.04525049 0.0703419  0.01652868 0.06945889 0.10499109 0.05402478
 0.03021576 0.0703419  0.10499109 0.06590082 0.0378985  0.03224512
 0.02439782 0.03224512 0.01014505]
[0.02460416 0.04490883 0.03947951 0.06543194 0.0477729  0.02629733
 0.04490883 0.05794851 0.02831022 0.06956144 0.09018889 0.06432385
 0.03009399 0.05794851 0.09018889 0.06604312 0.02701714 0.03947951
 0.03040739 0.03947951 0.01560546]
[0.02074983 0.04737015 0.0375963  0.05024385 0.05545125 0.0223522
 0.04737015 0.07059421 0.01951585 0.06875053 0.09052654 0.06547433
 0.03631891 0.07059421 0.09052654 0.07216661 0.02509104 0.0375963
 0.02531248 0.0375963  0.00880244]
[0.02460416 0.04490883 0.03947951 0.06543194 0.0477729  0.02629733
 0.04490883 0.05794851 0.02831022 0.06956144 0.09018889 0.06432385
 0.03009399 0.05794851 0.09018889 0.06604312 0.02701714 0.03947951
 0.03040739 0.03947951 0.01560546]
[0.02096116 0.05084438 0.03773808 0.04298105 0.06231118 0.01959824
 0.05084438 0.05902852 0.01987121 0.08479816 0.09006391 0.05685052
 0.04822021 0.05902852 0.09006391 0.07129048 0.02462916 0.03773808
 0.02239865 0.03773808 0.01300214]]