136021
Test: public void test126() throws Throwable { Element[] elementArray0 = new Element[3]; Parser parser0 = Parser.xmlParser(); Document document0 = parser0.parseInput("qu)", "qu)"); elementArray0[0] = (Element) document0; Elements elements0 = new Elements(elementArray0); boolean boolean0 = elements0.hasText(); }
Code: public boolean hasText() { for (Element element: this) { if (element.hasText()) return true; } return false; }
[[0.04887819 0.12430157 0.0678044  0.06273895 0.04782744 0.04061716
 0.0678044  0.02901352 0.06273895 0.13150091 0.0678044  0.05349168
 0.03370538 0.02029289 0.05349168 0.06769563 0.02029288]
[0.03373848 0.19178645 0.0659477  0.07402635 0.03379963 0.02905159
 0.0659477  0.01906051 0.07402635 0.12147132 0.0659477  0.05236306
 0.02800258 0.01430618 0.05236306 0.06385522 0.01430618]
[0.04034156 0.1542798  0.06774125 0.0616902  0.05541481 0.04167471
 0.06774125 0.02548943 0.0616902  0.09866683 0.06774125 0.04890369
 0.03915219 0.02112832 0.04890369 0.07831245 0.02112832]
[0.04922485 0.111664   0.06567036 0.07648963 0.04910662 0.04434216
 0.06567036 0.0330269  0.07648963 0.08512874 0.06567036 0.05699793
 0.03523358 0.02739328 0.05699793 0.07350034 0.02739327]
[0.04532262 0.15023041 0.06396545 0.07875503 0.0445949  0.03303622
 0.06396545 0.02314631 0.07875503 0.13945706 0.06396545 0.04926516
 0.03032318 0.01302719 0.04926516 0.0598982  0.01302718]
[0.03683625 0.14491028 0.06149238 0.07724314 0.04673379 0.03704885
 0.06149238 0.02252503 0.07724314 0.14372024 0.06149238 0.04948246
 0.03056423 0.01843689 0.04948246 0.06285913 0.01843689]
[0.04034156 0.1542798  0.06774125 0.0616902  0.05541481 0.04167471
 0.06774125 0.02548943 0.0616902  0.09866683 0.06774125 0.04890369
 0.03915219 0.02112832 0.04890369 0.07831245 0.02112832]
[0.04338833 0.1398162  0.07048734 0.06700253 0.04063263 0.02387808
 0.07048734 0.02520115 0.06700253 0.13336104 0.07048734 0.05179279
 0.04172829 0.01688313 0.05179279 0.06917541 0.01688313]
[0.04922485 0.111664   0.06567036 0.07648963 0.04910662 0.04434216
 0.06567036 0.0330269  0.07648963 0.08512874 0.06567036 0.05699793
 0.03523358 0.02739328 0.05699793 0.07350034 0.02739327]
[0.03055575 0.19263957 0.07040108 0.06471484 0.03825913 0.02413164
 0.07040108 0.01467227 0.06471484 0.17246446 0.07040108 0.0402763
 0.0278933  0.00989415 0.0402763  0.05841005 0.00989415]
[0.04034156 0.1542798  0.06774125 0.0616902  0.05541481 0.04167471
 0.06774125 0.02548943 0.0616902  0.09866683 0.06774125 0.04890369
 0.03915219 0.02112832 0.04890369 0.07831245 0.02112832]
[0.03271508 0.17491294 0.06581835 0.0627295  0.05586219 0.02653123
 0.06581835 0.02359364 0.0627295  0.1357212  0.06581835 0.04770817
 0.02602818 0.01725334 0.04770817 0.07179855 0.01725334]
[0.03839032 0.19551699 0.06226156 0.06713232 0.04154976 0.02479322
 0.06226156 0.02562161 0.06713232 0.12648939 0.06226156 0.04927627
 0.03567174 0.01458886 0.04927627 0.06318741 0.01458886]
[0.03234372 0.11540455 0.06127813 0.07854994 0.04205622 0.03190308
 0.06127813 0.02736317 0.07854994 0.12381905 0.06127813 0.06931826
 0.04323746 0.01712389 0.06931826 0.07005421 0.01712389]
[0.03271508 0.17491294 0.06581835 0.0627295  0.05586219 0.02653123
 0.06581835 0.02359364 0.0627295  0.1357212  0.06581835 0.04770817
 0.02602818 0.01725334 0.04770817 0.07179855 0.01725334]
[0.04820863 0.12838006 0.06881806 0.06270045 0.04068053 0.03658623
 0.06881806 0.02851371 0.06270045 0.09955144 0.06881806 0.05477184
 0.04057573 0.02562911 0.05477184 0.08484676 0.02562911]
[0.03234372 0.11540458 0.06127812 0.07854995 0.04205621 0.03190308
 0.06127812 0.02736317 0.07854995 0.12381902 0.06127812 0.06931826
 0.04323746 0.01712389 0.06931826 0.07005423 0.01712389]]