77158
Test: public void test119() throws Throwable { ConstantPoolGen constantPoolGen0 = new ConstantPoolGen(); int int0 = constantPoolGen0.lookupUtf8((String) null); }
Code: public int lookupUtf8( final String n ) { final Index index = utf8Table.get(n); return (index != null) ? index.index : -1; }
[[0.04463892 0.02811533 0.06192634 0.03591143 0.0572245  0.02961001
 0.07862564 0.06013871 0.03591143 0.06192634 0.03521816 0.02812722
 0.06192634 0.04920317 0.04564837 0.02444754 0.02387849 0.07881739
 0.06192634 0.04144656 0.0361773  0.01915449]
[0.028465   0.02066538 0.07345755 0.03859528 0.05549085 0.03425375
 0.09757258 0.06362639 0.03859528 0.07345755 0.02532839 0.02401001
 0.07345755 0.04585076 0.03589238 0.01773866 0.01732216 0.08251454
 0.07345755 0.03085848 0.03557445 0.01381548]
[0.03569458 0.02313278 0.05961843 0.03435994 0.06560684 0.03056664
 0.08329841 0.05635121 0.03435994 0.05961843 0.03051601 0.03831279
 0.05961843 0.04331706 0.06117529 0.02340567 0.02544957 0.08304821
 0.05961843 0.0339642  0.03979902 0.01916806]
[0.04195718 0.01874233 0.0658323  0.02781818 0.06608337 0.02673637
 0.08480141 0.06933676 0.02781818 0.0658323  0.03422099 0.03252104
 0.0658323  0.060968   0.04336707 0.01911292 0.01899771 0.07850017
 0.0658323  0.03280135 0.03912615 0.01376161]
[0.04734774 0.02552275 0.06721377 0.03608401 0.05489659 0.02886407
 0.07774667 0.06899337 0.03608401 0.06721377 0.03199381 0.03215141
 0.06721377 0.04774865 0.04504251 0.02723873 0.02134791 0.06189834
 0.06721376 0.03527286 0.03534085 0.01757061]
[0.03782121 0.01855541 0.0609965  0.02737975 0.08480564 0.02981799
 0.07300566 0.06720991 0.02737975 0.0609965  0.02752583 0.02448589
 0.0609965  0.05541912 0.0562846  0.01872704 0.01770583 0.10432397
 0.0609965  0.0314825  0.03945721 0.01462672]
[0.04102178 0.02850411 0.05720603 0.03931425 0.06504402 0.02763187
 0.06594472 0.08165257 0.03931425 0.05720603 0.02847029 0.0310863
 0.05720603 0.04794173 0.05026439 0.03266262 0.02555805 0.0711497
 0.05720604 0.04003    0.03482438 0.02076087]
[0.04404801 0.02110682 0.05774929 0.04324541 0.06420276 0.02936821
 0.07284088 0.07072052 0.04324541 0.05774929 0.02450823 0.03666573
 0.05774929 0.0507063  0.05453623 0.0311977  0.02850518 0.05727053
 0.0577493  0.03613424 0.03574895 0.02495162]
[0.04195718 0.01874233 0.0658323  0.02781818 0.06608337 0.02673637
 0.08480141 0.06933676 0.02781818 0.0658323  0.03422099 0.03252104
 0.0658323  0.060968   0.04336707 0.01911292 0.01899771 0.07850017
 0.0658323  0.03280135 0.03912615 0.01376161]
[0.03569458 0.02313278 0.05961843 0.03435994 0.06560684 0.03056664
 0.08329841 0.05635121 0.03435994 0.05961843 0.03051601 0.03831279
 0.05961843 0.04331706 0.06117529 0.02340567 0.02544957 0.08304821
 0.05961843 0.0339642  0.03979902 0.01916806]
[0.03325594 0.02760829 0.05688951 0.03733005 0.07006516 0.03111596
 0.08430464 0.05847479 0.03733005 0.05688951 0.02926668 0.03563976
 0.05688951 0.04735648 0.05580047 0.02483231 0.02222526 0.09393142
 0.05688951 0.03288255 0.0312051  0.01981695]
[0.04554503 0.02749986 0.06441385 0.03837372 0.05396249 0.03367706
 0.06512732 0.05168983 0.03837372 0.06441385 0.02772792 0.03783396
 0.06441385 0.05003883 0.04704695 0.03819268 0.02901497 0.062556
 0.06441385 0.03887614 0.03442589 0.02238227]
[0.03569458 0.02313278 0.05961843 0.03435994 0.06560684 0.03056664
 0.08329841 0.05635121 0.03435994 0.05961843 0.03051601 0.03831279
 0.05961843 0.04331706 0.06117529 0.02340567 0.02544957 0.08304821
 0.05961843 0.0339642  0.03979902 0.01916806]
[0.03309787 0.02025587 0.06739625 0.03002582 0.07693251 0.02489426
 0.07918461 0.06181009 0.03002582 0.06739625 0.02726235 0.03218154
 0.06739625 0.04855012 0.0502681  0.02005648 0.0197605  0.09714755
 0.06739625 0.0301157  0.03175978 0.01708602]
[0.03876628 0.02057565 0.05229077 0.03807313 0.07002218 0.02760249
 0.07735471 0.07420019 0.03807313 0.05229077 0.02407315 0.02610276
 0.05229077 0.06678398 0.04849365 0.02196512 0.01757065 0.12000644
 0.05229077 0.03431163 0.03091983 0.01594196]
[0.03436811 0.01969907 0.06001636 0.0374393  0.08684814 0.02348486
 0.11132659 0.07804745 0.0374393  0.06001636 0.01944876 0.02827915
 0.06001636 0.0472391  0.03922404 0.01445151 0.017741   0.09997859
 0.06001636 0.02137121 0.02959258 0.01395586]
[0.03620048 0.01997761 0.06713042 0.03004393 0.05846408 0.02641502
 0.10988891 0.07822494 0.03004393 0.06713042 0.03133176 0.02322023
 0.06713042 0.04384838 0.04324227 0.01973373 0.02280111 0.08496681
 0.06713042 0.02620701 0.034596   0.01227217]
[0.03943966 0.01742256 0.06217323 0.02950859 0.08339518 0.03006324
 0.06380963 0.08938827 0.02950859 0.06217323 0.02334575 0.02469806
 0.06217323 0.05369511 0.0444077  0.0232667  0.01968831 0.08993474
 0.06217322 0.03889646 0.03375035 0.01708809]
[0.03569458 0.02313278 0.05961843 0.03435994 0.06560684 0.03056664
 0.08329841 0.05635121 0.03435994 0.05961843 0.03051601 0.03831279
 0.05961843 0.04331706 0.06117529 0.02340567 0.02544957 0.08304821
 0.05961843 0.0339642  0.03979902 0.01916806]
[0.04414042 0.02839847 0.05407774 0.03194847 0.05400339 0.03289771
 0.07282183 0.06681583 0.03194847 0.05407774 0.03042294 0.03385329
 0.05407774 0.05564535 0.05129433 0.02789949 0.02423212 0.1013777
 0.05407774 0.03006743 0.04262194 0.02329986]
[0.04817465 0.02783053 0.05446376 0.03550107 0.06678796 0.02728528
 0.07779038 0.08256805 0.03550107 0.05446376 0.03295717 0.02735508
 0.05446376 0.05247957 0.04945889 0.02537366 0.02655123 0.07867476
 0.05446376 0.02874513 0.0400575  0.01905307]
[0.0323576  0.02450939 0.0605523  0.02922774 0.05926951 0.02929731
 0.08608772 0.08292755 0.02922774 0.0605523  0.02379698 0.02923457
 0.0605523  0.0706037  0.04452324 0.0236118  0.02029004 0.0813629
 0.0605523  0.03022809 0.04337826 0.01785665]]