37926
Test: public void test123() throws Throwable { BuddhistChronology buddhistChronology0 = BuddhistChronology.getInstance(); DateTime dateTime0 = new DateTime((Chronology) buddhistChronology0); // Undeclared exception!  dateTime0.minusWeeks(10125000);   }
Code: public DateTime minusWeeks(int weeks) { if (weeks == 0) { return this; } long instant = getChronology().weeks().subtract(getMillis(), weeks); return withMillis(instant); }
[[0.04113566 0.0414439  0.05706336 0.04423646 0.05226532 0.11061603
 0.03954865 0.06562116 0.02245615 0.05226532 0.04495222 0.03488122
 0.01696124 0.06915992 0.04857132 0.0257185  0.05706336 0.05706336
 0.04495222 0.05706336 0.01696124]
[0.0391669  0.03448911 0.05620737 0.03803592 0.07124963 0.11369623
 0.03696024 0.05508559 0.02350896 0.07124963 0.04265333 0.02903236
 0.01764598 0.0790986  0.04145817 0.02154057 0.05620738 0.05620738
 0.04265332 0.05620738 0.01764598]
[0.03568567 0.0424322  0.05997875 0.04769926 0.05426287 0.08720194
 0.04157481 0.06808078 0.02598171 0.05426287 0.04325152 0.0342519
 0.01860745 0.06434468 0.04272673 0.0378616  0.05997876 0.05997876
 0.04325151 0.05997876 0.01860745]
[0.03813623 0.04603126 0.0559932  0.04572755 0.0542871  0.10911845
 0.0355473  0.06838895 0.02499093 0.0542871  0.05048103 0.03011935
 0.01582602 0.07276109 0.03857204 0.02544578 0.0559932  0.0559932
 0.05048103 0.0559932  0.01582602]
[0.04195239 0.05488677 0.05615565 0.04554738 0.06476893 0.07260713
 0.04245162 0.04550748 0.02795076 0.06476893 0.04863199 0.03481656
 0.02326509 0.06848851 0.03303253 0.03480422 0.05615566 0.05615566
 0.048632   0.05615566 0.02326509]
[0.02760324 0.02948381 0.06418144 0.04233966 0.05720767 0.1553311
 0.04078205 0.05687206 0.02264929 0.05720767 0.03630618 0.0218045
 0.00879596 0.07951426 0.04074423 0.0215304  0.06418145 0.06418145
 0.03630618 0.06418145 0.00879596]
[0.03345139 0.040205   0.05400533 0.04818688 0.05397862 0.1179053
 0.0484122  0.06716579 0.02421758 0.05397862 0.05248505 0.03217353
 0.01461315 0.06076241 0.03915845 0.0301865  0.05400532 0.05400532
 0.05248505 0.05400532 0.01461315]
[0.02703878 0.03825606 0.04552659 0.04932941 0.06527714 0.14949018
 0.03142588 0.06775622 0.0279835  0.06527714 0.04420584 0.0291096
 0.0135833  0.08162729 0.04201062 0.02773356 0.04552659 0.04552659
 0.04420584 0.04552659 0.0135833 ]
[0.03406344 0.03979471 0.05661577 0.04149753 0.05626548 0.11474601
 0.03964196 0.05773769 0.0228173  0.05626548 0.05354082 0.03126853
 0.01966181 0.06933449 0.03731745 0.02638157 0.05661577 0.05661577
 0.05354082 0.05661577 0.0196618 ]
[0.04195239 0.05488677 0.05615565 0.04554738 0.06476893 0.07260713
 0.04245162 0.04550748 0.02795076 0.06476893 0.04863199 0.03481656
 0.02326509 0.06848851 0.03303253 0.03480422 0.05615566 0.05615566
 0.048632   0.05615566 0.02326509]
[0.02890513 0.04581312 0.05944289 0.05154416 0.05278441 0.12161842
 0.03066358 0.0582331  0.02192281 0.05278441 0.04260512 0.02561829
 0.01465459 0.08403379 0.04575581 0.02803195 0.05944289 0.05944289
 0.04260512 0.05944289 0.01465459]
[0.04152161 0.04238005 0.05901399 0.05194643 0.06434738 0.1005249
 0.03665018 0.0529598  0.02479148 0.06434738 0.05032768 0.02582489
 0.01751554 0.06253148 0.0360292  0.02440285 0.059014   0.059014
 0.05032768 0.059014   0.01751553]
[0.02960789 0.03451516 0.05634503 0.04525015 0.07046089 0.11302871
 0.04994652 0.05082997 0.02100238 0.07046089 0.06303725 0.02730767
 0.01543416 0.04804704 0.03105815 0.02616159 0.05634502 0.05634502
 0.06303725 0.05634502 0.01543416]
[0.03034    0.03732711 0.05776151 0.04911809 0.06745779 0.11435534
 0.03137202 0.0611278  0.02391909 0.06745779 0.04507654 0.02781977
 0.01633238 0.06450257 0.04825208 0.02308668 0.0577615  0.0577615
 0.04507654 0.0577615  0.01633238]
[0.04043863 0.03802223 0.05897707 0.04228758 0.05462057 0.11139551
 0.03669528 0.06485161 0.02297023 0.05462057 0.04879906 0.03140458
 0.01649039 0.06446677 0.04435866 0.02738054 0.05897707 0.05897707
 0.04879906 0.05897707 0.01649039]
[0.04371233 0.041747   0.06188305 0.04879902 0.04743294 0.09637682
 0.04223066 0.04983702 0.03215196 0.04743294 0.04761229 0.04290652
 0.02095674 0.0541269  0.03289075 0.03568482 0.06188305 0.06188305
 0.0476123  0.06188305 0.02095674]
[0.03568567 0.0424322  0.05997875 0.04769926 0.05426287 0.08720194
 0.04157481 0.06808078 0.02598171 0.05426287 0.04325152 0.0342519
 0.01860745 0.06434468 0.04272673 0.0378616  0.05997876 0.05997876
 0.04325151 0.05997876 0.01860745]
[0.03568567 0.0424322  0.05997875 0.04769926 0.05426287 0.08720194
 0.04157481 0.06808078 0.02598171 0.05426287 0.04325152 0.0342519
 0.01860745 0.06434468 0.04272673 0.0378616  0.05997876 0.05997876
 0.04325151 0.05997876 0.01860745]
[0.02890513 0.04581312 0.05944289 0.05154416 0.05278441 0.12161842
 0.03066358 0.0582331  0.02192281 0.05278441 0.04260512 0.02561829
 0.01465459 0.08403379 0.04575581 0.02803195 0.05944289 0.05944289
 0.04260512 0.05944289 0.01465459]
[0.03568567 0.0424322  0.05997875 0.04769926 0.05426287 0.08720194
 0.04157481 0.06808078 0.02598171 0.05426287 0.04325152 0.0342519
 0.01860745 0.06434468 0.04272673 0.0378616  0.05997876 0.05997876
 0.04325151 0.05997876 0.01860745]
[0.02960789 0.03451517 0.05634502 0.04525016 0.07046091 0.11302869
 0.04994654 0.05082996 0.02100239 0.07046091 0.06303726 0.02730767
 0.01543417 0.04804704 0.03105816 0.02616159 0.05634502 0.05634502
 0.06303726 0.05634502 0.01543417]]