165316
Test: public void test3() throws Throwable { Int2Long int2Long0 = new Int2Long(); // Undeclared exception!  int2Long0.convert((Integer) null);   }
Code: public Long convert(Integer seed) { final int s = seed; return NumberFactory.makeLong(s, ~s); }
[[0.06383653 0.14595284 0.08856441 0.08856441 0.09201445 0.05214848
 0.03901426 0.02379008 0.04060751 0.08856441 0.07110626 0.08856441
 0.08856443 0.0287076 ]
[0.05016253 0.1633994  0.07532163 0.07532163 0.13311547 0.06477809
 0.02803133 0.0215045  0.04940251 0.07532164 0.08520679 0.07532164
 0.07532164 0.02779116]
[0.05252429 0.1588559  0.08585272 0.08585272 0.09328815 0.05359418
 0.03307057 0.02582077 0.05858438 0.08585271 0.06401432 0.08585271
 0.08585273 0.03098386]
[0.05252429 0.1588559  0.08585272 0.08585272 0.09328815 0.05359418
 0.03307057 0.02582077 0.05858438 0.08585271 0.06401432 0.08585271
 0.08585273 0.03098386]
[0.06618772 0.10781486 0.08327469 0.08327469 0.1141161  0.06529342
 0.03093448 0.02965453 0.05545023 0.08327471 0.07516687 0.08327471
 0.08327471 0.03900836]
[0.05992666 0.15645088 0.08660012 0.08660012 0.11060341 0.04096533
 0.02541394 0.01868433 0.04622263 0.08660012 0.08739622 0.08660012
 0.08660014 0.02133596]
[0.03950293 0.15557982 0.09507465 0.09507465 0.10417874 0.05750094
 0.02595206 0.02217378 0.03322344 0.09507465 0.06555124 0.09507465
 0.09507468 0.02096367]
[0.06039468 0.15370934 0.07784306 0.07784306 0.10286137 0.04673849
 0.03542712 0.02677682 0.05946235 0.07784306 0.0900419  0.07784306
 0.07784307 0.03537262]
[0.06521693 0.09952302 0.09214032 0.09214032 0.07740633 0.05506639
 0.03882882 0.04294348 0.05515139 0.09214032 0.07229494 0.09214032
 0.09214033 0.03286713]
[0.05252429 0.1588559  0.08585272 0.08585272 0.09328815 0.05359418
 0.03307057 0.02582077 0.05858438 0.08585271 0.06401432 0.08585271
 0.08585273 0.03098386]
[0.04605628 0.18992457 0.08845977 0.08845977 0.09690571 0.04321947
 0.0261268  0.01812537 0.0454457  0.08845978 0.06568857 0.08845978
 0.0884598  0.02620858]
[0.05252429 0.1588559  0.08585272 0.08585272 0.09328815 0.05359418
 0.03307057 0.02582077 0.05858438 0.08585271 0.06401432 0.08585271
 0.08585273 0.03098386]
[0.05252429 0.1588559  0.08585271 0.08585271 0.09328816 0.05359418
 0.03307057 0.02582077 0.05858438 0.08585271 0.06401432 0.08585271
 0.08585272 0.03098386]
[0.04454795 0.15189667 0.07918289 0.07918289 0.13832082 0.0421073
 0.03267336 0.01886651 0.04287163 0.07918289 0.10418412 0.07918289
 0.07918291 0.02861711]]