83884
Test: public void test751() throws Throwable { Signature signature0 = new Signature(2080, (-2660), 2080, (ConstantPool) null); MockFileOutputStream mockFileOutputStream0 = new MockFileOutputStream("<ZmKpEYeE{"); Signature signature1 = (Signature)signature0.copy((ConstantPool) null); DataOutputStream dataOutputStream0 = new DataOutputStream(mockFileOutputStream0); byte[] byteArray0 = new byte[3]; byteArray0[0] = (byte)76; EvoSuiteFile evoSuiteFile0 = new EvoSuiteFile("/media/FSE_USER/extradrive1/toga-eval-FSE_USER-2023/toga-eval/artifacts/bcel-6.5.0-src"); boolean boolean0 = FileSystemHandling.shouldThrowIOException(evoSuiteFile0); byteArray0[1] = (byte)0; mockFileOutputStream0.write(2080); byteArray0[2] = (byte)0; signature0.dump(dataOutputStream0); }
Code: public void dump( final DataOutputStream file ) throws IOException { super.dump(file); file.writeShort(signatureIndex); }
[[0.06283619 0.05011513 0.08716464 0.0496848  0.10394296 0.07905784
 0.10519342 0.15304165 0.03102175 0.07808648 0.08716465 0.08716465
 0.02552586]
[0.04856407 0.04067922 0.09677692 0.0405819  0.08979811 0.07866855
 0.10998905 0.17544894 0.02544726 0.07679778 0.09677693 0.09677693
 0.02369438]
[0.05225083 0.04321724 0.08909067 0.04735394 0.10239613 0.07881948
 0.1107588  0.16765475 0.0324829  0.07243037 0.08909067 0.08909067
 0.02536354]
[0.0561701  0.04035594 0.09261628 0.03649713 0.08752146 0.10150611
 0.10749082 0.1565071  0.03285421 0.08583944 0.09261627 0.09261627
 0.01740886]
[0.05635773 0.03979737 0.09293485 0.05494858 0.1029647  0.10289457
 0.10472375 0.12868705 0.03483355 0.0739787  0.09293483 0.09293483
 0.02200948]
[0.05396162 0.0438961  0.09829296 0.05123965 0.08565248 0.08461482
 0.11035022 0.13340493 0.02901748 0.08509658 0.09829293 0.09829293
 0.02788728]
[0.05821274 0.05640135 0.08434599 0.05531557 0.11314097 0.07902222
 0.08988811 0.1234973  0.03494856 0.10836033 0.084346   0.084346
 0.02817493]
[0.04575273 0.04314512 0.08279719 0.03686512 0.09093086 0.07163522
 0.08141626 0.23076762 0.02766578 0.10284467 0.08279721 0.08279721
 0.020585  ]
[0.05013821 0.0392766  0.09594905 0.04187129 0.07757556 0.09301026
 0.08992816 0.1953724  0.02629754 0.08082536 0.09594904 0.09594904
 0.01785755]
[0.0635058  0.05465116 0.08709811 0.06200689 0.08875743 0.08794865
 0.09878473 0.11418639 0.04119839 0.09335396 0.08709812 0.08709812
 0.0343122 ]
[0.05225083 0.04321724 0.08909067 0.04735394 0.10239613 0.07881948
 0.1107588  0.16765475 0.0324829  0.07243037 0.08909067 0.08909067
 0.02536354]
[0.05225083 0.04321724 0.08909067 0.04735394 0.10239613 0.07881948
 0.1107588  0.16765475 0.0324829  0.07243037 0.08909067 0.08909067
 0.02536354]
[0.04210117 0.03817117 0.08026949 0.037366   0.09076904 0.11494954
 0.10468923 0.17797966 0.03203242 0.09933053 0.08026949 0.08026949
 0.0218028 ]]