166318
Test: public void test47() throws Throwable { // Undeclared exception!  PropertyConverter.toLong((Object) null);   }
Code: public static Long toLong(final Object value) throws ConversionException { final Number n = toNumber(value, Long.class); if (n instanceof Long) { return (Long) n; } return n.longValue(); }
[[0.02770547 0.08091734 0.06926461 0.03843363 0.02136205 0.03359959
 0.06643647 0.03843363 0.03585443 0.0220947  0.02070635 0.01868245
 0.01736346 0.03843363 0.03962686 0.07456803 0.01918288 0.01282854
 0.03843363 0.03585443 0.03035662 0.07197206 0.05596582 0.01156651
 0.03035663 0.03843364 0.01156651]
[0.02815582 0.07377334 0.07068135 0.03810321 0.01926056 0.02698237
 0.05805687 0.03810321 0.04845108 0.02053218 0.0185033  0.01673566
 0.01821939 0.03810321 0.04449847 0.07650205 0.01748529 0.0138562
 0.03810321 0.04845108 0.02656399 0.07812776 0.05160661 0.01323832
 0.02656399 0.03810322 0.01323832]
[0.01994789 0.09235355 0.07911224 0.03236604 0.02001215 0.03273397
 0.07338587 0.03236604 0.04115935 0.02263266 0.01454524 0.01982633
 0.01825218 0.03236604 0.04306304 0.08174603 0.01588535 0.01284957
 0.03236604 0.04115935 0.03261811 0.06924984 0.0569111  0.00905391
 0.03261812 0.03236605 0.00905391]
[0.02319581 0.07938827 0.08040373 0.03894199 0.01790909 0.03746661
 0.07492979 0.03894199 0.0355165  0.0220058  0.01827829 0.02007222
 0.02466242 0.03894199 0.05173997 0.05674347 0.02218618 0.01945045
 0.03894199 0.0355165  0.02812011 0.05782804 0.04743531 0.01216068
 0.02812011 0.038942   0.01216068]
[0.02551505 0.07416224 0.0912843  0.03375237 0.01794985 0.02640638
 0.0871435  0.03375237 0.05065375 0.01825533 0.01478076 0.01592662
 0.01796397 0.03375237 0.04238511 0.07950939 0.01272602 0.01496391
 0.03375237 0.05065375 0.03125414 0.0659855  0.04339714 0.00953365
 0.03125414 0.03375237 0.00953365]
[0.02554588 0.08355077 0.07924602 0.03811233 0.01658063 0.03081094
 0.08017565 0.03811233 0.0416917  0.02034265 0.01748276 0.01748295
 0.01841151 0.03811233 0.04263701 0.07498994 0.01337075 0.01221394
 0.03811233 0.0416917  0.0305654  0.06418059 0.04717287 0.01036464
 0.03056539 0.03811233 0.01036464]
[0.01902205 0.06769095 0.1121016  0.03351962 0.01757221 0.03794307
 0.09367791 0.03351962 0.04499626 0.01551725 0.01684172 0.01445963
 0.01676173 0.03351962 0.04379163 0.08490006 0.01308187 0.01150085
 0.03351962 0.04499626 0.03093364 0.05689926 0.04107323 0.00885353
 0.03093366 0.03351963 0.00885353]
[0.02319581 0.07938827 0.08040373 0.03894199 0.01790909 0.03746661
 0.07492979 0.03894199 0.0355165  0.0220058  0.01827829 0.02007222
 0.02466242 0.03894199 0.05173997 0.05674347 0.02218618 0.01945045
 0.03894199 0.0355165  0.02812011 0.05782804 0.04743531 0.01216068
 0.02812011 0.038942   0.01216068]
[0.0300133  0.06892828 0.05460473 0.04034048 0.01787286 0.03342586
 0.05355805 0.04034048 0.0459644  0.02937815 0.01692854 0.02041614
 0.02488256 0.04034048 0.04471703 0.05199306 0.02464713 0.02192939
 0.04034048 0.0459644  0.03484061 0.06219456 0.04805329 0.01657231
 0.03484061 0.04034049 0.01657231]
[0.02557245 0.07564236 0.07831731 0.03989585 0.01876539 0.02296777
 0.06782436 0.03989585 0.04261559 0.01699278 0.01809114 0.01623369
 0.01981426 0.03989585 0.03886949 0.08549573 0.01958656 0.01454593
 0.03989585 0.04261559 0.03716908 0.06552912 0.03982469 0.0084392
 0.03716908 0.03989585 0.00843919]
[0.02646775 0.06368252 0.07478865 0.03816225 0.01801025 0.03217186
 0.08786753 0.03816225 0.04361759 0.01896829 0.01667164 0.01785006
 0.01838293 0.03816225 0.04647298 0.0790045  0.01964745 0.01455788
 0.03816225 0.04361759 0.03785628 0.05022512 0.04141724 0.01002714
 0.03785628 0.03816227 0.01002714]
[0.02302096 0.06884321 0.10703132 0.03730929 0.016994   0.03004714
 0.08669373 0.03730929 0.04069209 0.01666743 0.01702087 0.01821753
 0.01492197 0.03730929 0.04407614 0.07515658 0.01459256 0.01378859
 0.03730929 0.04069209 0.03379635 0.06020729 0.03945571 0.00887083
 0.03379636 0.0373093  0.00887083]
[0.03145732 0.07402977 0.05167627 0.04453646 0.0203068  0.03454345
 0.04744167 0.04453646 0.03403898 0.02644622 0.01781004 0.02374624
 0.02565278 0.04453646 0.04162576 0.06933808 0.02215032 0.01796745
 0.04453646 0.03403898 0.03424572 0.05589827 0.05054128 0.01505829
 0.03424573 0.04453647 0.01505829]
[0.02319581 0.07938827 0.08040373 0.03894199 0.01790909 0.03746661
 0.07492979 0.03894199 0.0355165  0.0220058  0.01827829 0.02007222
 0.02466242 0.03894199 0.05173997 0.05674347 0.02218618 0.01945045
 0.03894199 0.0355165  0.02812011 0.05782804 0.04743531 0.01216068
 0.02812011 0.038942   0.01216068]
[0.0255028  0.0750931  0.09780513 0.03485542 0.01574435 0.03043639
 0.0608711  0.03485542 0.04295584 0.01884418 0.01799727 0.01339897
 0.01912156 0.03485542 0.04706768 0.09301441 0.01200883 0.012588
 0.03485542 0.04295584 0.02836235 0.07034087 0.05465768 0.00929715
 0.02836235 0.03485543 0.00929714]
[0.01701994 0.09940285 0.10374054 0.04022611 0.01312758 0.02418258
 0.10039952 0.04022611 0.03387073 0.01249284 0.01238114 0.01144205
 0.01315482 0.04022611 0.04227537 0.09525163 0.02033613 0.01112566
 0.04022611 0.03387073 0.02229846 0.05921273 0.0404567  0.00526447
 0.02229846 0.04022612 0.00526447]
[0.02588677 0.08038422 0.08578405 0.0329951  0.01984444 0.02937312
 0.08987646 0.0329951  0.03853443 0.02000982 0.01542362 0.01422276
 0.01665699 0.0329951  0.04419731 0.08445986 0.01623309 0.01757664
 0.0329951  0.03853443 0.03577121 0.06083731 0.04886111 0.00839279
 0.03577121 0.0329951  0.00839279]
[0.02173405 0.10138024 0.08635261 0.03448648 0.01837016 0.03824525
 0.07414533 0.03448648 0.0349331  0.01903897 0.01934659 0.01256369
 0.01650757 0.03448648 0.04612355 0.06969528 0.01499143 0.01265155
 0.03448648 0.0349331  0.0270024  0.07066395 0.06122248 0.01033194
 0.0270024  0.03448648 0.01033194]
[0.02319581 0.07938827 0.08040373 0.03894199 0.01790909 0.03746661
 0.07492979 0.03894199 0.0355165  0.0220058  0.01827829 0.02007222
 0.02466242 0.03894199 0.05173997 0.05674347 0.02218618 0.01945045
 0.03894199 0.0355165  0.02812011 0.05782804 0.04743531 0.01216068
 0.02812011 0.038942   0.01216068]
[0.0300133  0.06892828 0.05460473 0.04034048 0.01787286 0.03342586
 0.05355805 0.04034048 0.0459644  0.02937815 0.01692854 0.02041614
 0.02488256 0.04034048 0.04471703 0.05199306 0.02464713 0.02192939
 0.04034048 0.0459644  0.03484061 0.06219456 0.04805329 0.01657231
 0.03484061 0.04034049 0.01657231]
[0.01912956 0.08553527 0.09577397 0.0391048  0.0179576  0.03190809
 0.07431273 0.0391048  0.03541361 0.017313   0.01642933 0.01444451
 0.018581   0.0391048  0.05019113 0.08017761 0.01693301 0.01359501
 0.0391048  0.03541361 0.02811382 0.05309694 0.05243073 0.00980581
 0.02811382 0.03910481 0.00980581]
[0.02305895 0.07585727 0.06460667 0.03404241 0.02232909 0.03070041
 0.08403379 0.03404241 0.04148974 0.02439607 0.01415029 0.02167565
 0.02488898 0.03404241 0.04282709 0.07551638 0.02063888 0.01686772
 0.03404241 0.04148974 0.03388058 0.06738444 0.04154034 0.01428767
 0.03388058 0.03404241 0.01428767]
[0.02563474 0.07744679 0.08493319 0.03513746 0.0211036  0.04204405
 0.06100756 0.03513746 0.04111181 0.02312073 0.02366497 0.01999667
 0.01729518 0.03513746 0.04201629 0.06242167 0.01757488 0.01550595
 0.03513746 0.04111181 0.03435117 0.06087971 0.05724549 0.0107476
 0.03435117 0.03513747 0.0107476 ]
[0.01938812 0.07912082 0.07790388 0.03664467 0.01949579 0.02327662
 0.08182202 0.03664467 0.0475936  0.01735068 0.01316004 0.0174155
 0.01728928 0.03664467 0.03389317 0.07433346 0.01286205 0.01294829
 0.03664467 0.0475936  0.04169888 0.07284204 0.04439088 0.01034951
 0.04169888 0.03664468 0.01034951]
[0.01912956 0.08553527 0.09577394 0.0391048  0.0179576  0.03190809
 0.07431275 0.0391048  0.0354136  0.017313   0.01642932 0.01444451
 0.018581   0.0391048  0.05019112 0.08017761 0.01693301 0.01359501
 0.0391048  0.0354136  0.02811382 0.05309694 0.05243073 0.00980581
 0.02811382 0.03910481 0.00980581]
[0.02319581 0.07938826 0.08040374 0.03894199 0.01790909 0.03746662
 0.0749298  0.03894199 0.0355165  0.0220058  0.01827829 0.02007222
 0.02466242 0.03894199 0.05173997 0.05674347 0.02218618 0.01945045
 0.03894199 0.0355165  0.02812011 0.05782804 0.04743532 0.01216068
 0.02812011 0.03894199 0.01216068]
[0.01938812 0.07912081 0.0779039  0.03664467 0.01949579 0.02327662
 0.08182202 0.03664467 0.04759361 0.01735068 0.01316004 0.0174155
 0.01728928 0.03664467 0.03389317 0.07433344 0.01286205 0.01294829
 0.03664467 0.04759361 0.04169888 0.07284203 0.04439088 0.01034951
 0.04169888 0.03664468 0.01034951]]