168689
Test: public void test11() throws Throwable { BasicRowProcessor basicRowProcessor0 = new BasicRowProcessor((BeanProcessor) null); Class<String> class0 = String.class; // Undeclared exception!  basicRowProcessor0.toBeanList((ResultSet) null, (Class<? extends String>) class0);   }
Code: public <T> List<T> toBeanList(ResultSet rs, Class<? extends T> type) throws SQLException { return this.convert.toBeanList(rs, type); }
[[0.0510167  0.12508613 0.07076798 0.07076798 0.07076798 0.04287553
 0.03242913 0.07076798 0.06183213 0.12500887 0.03913818 0.06236689
 0.05544706 0.07076798 0.03046074 0.02049875]
[0.04581523 0.13223313 0.06886077 0.06886077 0.06886077 0.03661263
 0.03165847 0.06886077 0.06343061 0.13771303 0.03751137 0.07843399
 0.05068952 0.06886077 0.02364565 0.01795255]
[0.04169053 0.1192328  0.0710276  0.0710276  0.0710276  0.04016641
 0.03845266 0.0710276  0.06525198 0.13381761 0.04238394 0.05810754
 0.05038998 0.0710276  0.03504648 0.02032202]
[0.04169053 0.1192328  0.0710276  0.0710276  0.0710276  0.04016641
 0.03845266 0.0710276  0.06525198 0.13381761 0.04238394 0.05810754
 0.05038998 0.0710276  0.03504648 0.02032202]
[0.04169053 0.1192328  0.0710276  0.0710276  0.0710276  0.04016641
 0.03845266 0.0710276  0.06525198 0.13381761 0.04238394 0.05810754
 0.05038998 0.0710276  0.03504648 0.02032202]
[0.05085798 0.12660486 0.06994102 0.06994102 0.06994102 0.03510999
 0.03630418 0.06994102 0.07860409 0.11529548 0.03977086 0.06268078
 0.05074877 0.06994102 0.03599484 0.01832299]
[0.04511835 0.14120439 0.0745068  0.0745068  0.0745068  0.04372491
 0.02959464 0.0745068  0.05892657 0.0962163  0.04434891 0.06747048
 0.05413567 0.0745068  0.02667456 0.0200512 ]
[0.04169053 0.1192328  0.0710276  0.0710276  0.0710276  0.04016641
 0.03845266 0.0710276  0.06525198 0.13381761 0.04238394 0.05810754
 0.05038998 0.0710276  0.03504648 0.02032202]
[0.04383741 0.14947774 0.06035293 0.06035293 0.06035293 0.04036351
 0.03391296 0.06035293 0.07372895 0.16236725 0.03326365 0.06314506
 0.05560774 0.06035293 0.02933596 0.01319504]
[0.03509378 0.13243784 0.06459783 0.06459783 0.06459783 0.03184165
 0.03101959 0.06459783 0.05240662 0.17973724 0.0379192  0.07618715
 0.05579261 0.06459783 0.02914174 0.01543351]
[0.03769782 0.12317218 0.06415483 0.06415483 0.06415483 0.040921
 0.02985603 0.06415483 0.0733901  0.13741258 0.0422596  0.08674128
 0.06605905 0.06415483 0.02816711 0.01354912]
[0.05164691 0.10865524 0.0694409  0.0694409  0.0694409  0.05219848
 0.04254093 0.0694409  0.07024421 0.09217411 0.03746824 0.07904407
 0.05996047 0.0694409  0.03035515 0.0285077 ]
[0.03438555 0.14366426 0.07238565 0.07238565 0.07238565 0.02912578
 0.04110535 0.07238565 0.06569558 0.13943246 0.03243008 0.05936931
 0.05127049 0.07238565 0.02492415 0.01666873]
[0.04169053 0.1192328  0.0710276  0.0710276  0.0710276  0.04016641
 0.03845266 0.0710276  0.06525198 0.13381761 0.04238394 0.05810754
 0.05038998 0.0710276  0.03504648 0.02032202]
[0.04507447 0.1336807  0.07249343 0.07249343 0.07249343 0.03605453
 0.03208734 0.07249343 0.06201805 0.12154782 0.03223269 0.07025237
 0.06117784 0.07249343 0.02579128 0.01761573]
[0.03272617 0.15711087 0.06284965 0.06284965 0.06284965 0.03883684
 0.03508758 0.06284965 0.06213015 0.13854586 0.03893019 0.07458749
 0.06872404 0.06284965 0.02256299 0.01650955]]