79548
Test: public void test68() throws Throwable { ReferenceType referenceType0 = Type.NULL; String string0 = referenceType0.toString(); }
Code: public String toString() { return ((this.equals(Type.NULL) || (type >= Const.T_UNKNOWN))) ? signature : Utility .signatureToString(signature, false); }
[[0.05022525 0.06453163 0.06610449 0.06663448 0.05523346 0.06967513
 0.04852648 0.02013892 0.04203854 0.06967513 0.08962995 0.06286468
 0.04620075 0.06967513 0.06967513 0.08784465 0.02132616]
[0.05201038 0.06000056 0.07148799 0.0775267  0.05265461 0.07345037
 0.0514569  0.01661357 0.04224164 0.07345037 0.06740385 0.06712146
 0.03902256 0.07345037 0.07345037 0.08902673 0.01963151]
[0.0360482  0.08794494 0.0579428  0.06799272 0.05447898 0.06503417
 0.04728833 0.01093658 0.03649214 0.06503417 0.1268234  0.08373654
 0.02817997 0.06503417 0.06503417 0.08429032 0.01770838]
[0.05184026 0.07461484 0.05231242 0.08471449 0.0594826  0.06730381
 0.04611602 0.02219585 0.03948429 0.06730381 0.06650928 0.06943108
 0.04271067 0.06730381 0.06730381 0.09172101 0.029652  ]
[0.03611426 0.08111929 0.05166503 0.06991954 0.05254979 0.07232857
 0.04159219 0.01357928 0.03810073 0.07232857 0.10215582 0.08346897
 0.03340024 0.07232857 0.07232857 0.08782435 0.01919614]
[0.03957782 0.07203739 0.0615554  0.06433782 0.04807855 0.06576864
 0.05509347 0.01733644 0.0414037  0.06576864 0.09048231 0.08304764
 0.0379918  0.06576864 0.06576864 0.10423233 0.02175075]
[0.03737814 0.07657875 0.05682051 0.10017528 0.05473725 0.07575755
 0.04473409 0.01451112 0.03585876 0.07575755 0.07693736 0.05359798
 0.0414255  0.07575755 0.07575755 0.09173749 0.01247763]
[0.03735523 0.07024383 0.05802035 0.07234419 0.05515119 0.07530303
 0.0521514  0.01142284 0.03147472 0.07530303 0.09675294 0.05890636
 0.02747533 0.07530303 0.07530303 0.11486781 0.0126217 ]
[0.04121185 0.08203091 0.04571687 0.08569109 0.05921946 0.07002748
 0.0461821  0.01100586 0.04823849 0.07002748 0.08776757 0.05588008
 0.03755613 0.07002748 0.07002748 0.10092022 0.01846943]
[0.03957782 0.07203739 0.0615554  0.06433782 0.04807855 0.06576864
 0.05509347 0.01733644 0.0414037  0.06576864 0.09048231 0.08304764
 0.0379918  0.06576864 0.06576864 0.10423233 0.02175075]
[0.04135769 0.0840611  0.074224   0.10198048 0.05720419 0.06452775
 0.04332018 0.0118876  0.03299958 0.06452775 0.0902916  0.05874987
 0.04322436 0.06452775 0.06452775 0.08336824 0.0192201 ]
[0.04709699 0.06880204 0.05516411 0.09305333 0.06099511 0.07067642
 0.04941488 0.01759913 0.03648204 0.07067642 0.07203259 0.06357457
 0.03353353 0.07067642 0.07067642 0.09613223 0.02341375]
[0.05100252 0.06156456 0.05135675 0.07920853 0.06423191 0.06210333
 0.04168713 0.01640964 0.04558823 0.06210333 0.11417267 0.08584569
 0.0352304  0.06210333 0.06210333 0.07792685 0.02736176]
[0.03957782 0.07203739 0.0615554  0.06433782 0.04807855 0.06576864
 0.05509347 0.01733644 0.0414037  0.06576864 0.09048231 0.08304764
 0.0379918  0.06576864 0.06576864 0.10423233 0.02175075]
[0.03957782 0.07203739 0.0615554  0.06433782 0.04807855 0.06576864
 0.05509347 0.01733644 0.0414037  0.06576864 0.09048231 0.08304764
 0.0379918  0.06576864 0.06576864 0.10423233 0.02175075]
[0.04842638 0.07294713 0.06058729 0.07953499 0.05397723 0.07398505
 0.0494319  0.01364983 0.03239556 0.07398505 0.07714672 0.05792005
 0.03725626 0.07398505 0.07398505 0.10009668 0.02068979]
[0.03606668 0.06603097 0.07004096 0.0968374  0.0799699  0.06673072
 0.05471473 0.01024373 0.04028367 0.06673072 0.08863413 0.0447813
 0.03480482 0.06673072 0.06673072 0.09002983 0.02063898]]