83137
Test: public void test12() throws Throwable { Constant[] constantArray0 = new Constant[0]; ConstantPool constantPool0 = new ConstantPool(constantArray0); PMGClass pMGClass0 = new PMGClass(1, 1, 99, (-679), constantPool0); // Undeclared exception!  pMGClass0.getPMGClassName();   }
Code: public String getPMGClassName() { final ConstantUtf8 c = (ConstantUtf8) super.getConstantPool().getConstant(pmgClassIndex, Const.CONSTANT_Utf8); return c.getBytes(); }
[[0.06091419 0.07812479 0.08450434 0.08180834 0.04897081 0.08450434
 0.09159699 0.03836597 0.08450434 0.08450434 0.08450434 0.06711084
 0.08450435 0.02608199]
[0.06141932 0.07012126 0.08580908 0.09577616 0.04793467 0.08580908
 0.08178332 0.04144949 0.08580908 0.08580908 0.08580908 0.06267526
 0.0858091  0.02398601]
[0.05134821 0.09280857 0.08501816 0.08518552 0.0506344  0.08501816
 0.06282127 0.05599221 0.08501816 0.08501816 0.08501816 0.06242226
 0.08501817 0.02867861]
[0.06228203 0.08610773 0.07838643 0.10732454 0.06143821 0.07838643
 0.05291921 0.05217554 0.07838643 0.07838643 0.07838643 0.07073886
 0.07838644 0.03669538]
[0.05683407 0.08493329 0.08470075 0.100892   0.0384246  0.08470075
 0.06436606 0.04391564 0.08470075 0.08470075 0.08470075 0.08277644
 0.08470076 0.01965343]
[0.05134821 0.09280857 0.08501816 0.08518552 0.0506344  0.08501816
 0.06282127 0.05599221 0.08501816 0.08501816 0.08501816 0.06242226
 0.08501817 0.02867861]
[0.04439246 0.08322765 0.08199699 0.10361607 0.04930411 0.08199699
 0.08027831 0.03862971 0.08199699 0.08199699 0.08199699 0.08826093
 0.08199701 0.02030876]
[0.06291176 0.07445341 0.08895943 0.07196855 0.05302579 0.08895943
 0.05117875 0.05242417 0.08895943 0.08895943 0.08895943 0.06922702
 0.08895944 0.03105399]
[0.05134821 0.09280857 0.08501816 0.08518552 0.0506344  0.08501816
 0.06282127 0.05599221 0.08501816 0.08501816 0.08501816 0.06242226
 0.08501817 0.02867861]
[0.05134821 0.09280857 0.08501816 0.08518552 0.0506344  0.08501816
 0.06282127 0.05599221 0.08501816 0.08501816 0.08501816 0.06242226
 0.08501817 0.02867861]
[0.05134821 0.09280857 0.08501816 0.08518552 0.0506344  0.08501816
 0.06282127 0.05599221 0.08501816 0.08501816 0.08501816 0.06242226
 0.08501817 0.02867861]
[0.04445032 0.09823395 0.08833429 0.08747    0.04091309 0.08833429
 0.06705552 0.04349165 0.08833429 0.08833429 0.08833429 0.0644374
 0.08833431 0.02394222]
[0.05134822 0.09280855 0.08501816 0.08518553 0.0506344  0.08501816
 0.06282127 0.0559922  0.08501816 0.08501816 0.08501816 0.06242227
 0.08501817 0.02867861]
[0.04311609 0.07888125 0.07846293 0.12333414 0.03993845 0.07846293
 0.07987824 0.04034873 0.07846293 0.07846293 0.07846293 0.09778846
 0.07846295 0.02593703]]