18748
Test: public void test266() throws Throwable { String string0 = "`M"; Locale locale0 = Locale.PRC; FastDateFormat fastDateFormat0 = FastDateFormat.getInstance("`M", locale0); SimpleTimeZone simpleTimeZone0 = new SimpleTimeZone(3421, "`M"); Locale locale1 = Locale.forLanguageTag("`M"); Calendar calendar0 = MockCalendar.getInstance((TimeZone) simpleTimeZone0, locale0); StringBuffer stringBuffer0 = new StringBuffer((CharSequence) "`M"); StringBuffer stringBuffer1 = fastDateFormat0.applyRules(calendar0, stringBuffer0); }
Code: protected StringBuffer applyRules(final Calendar calendar, final StringBuffer buf) { return printer.applyRules(calendar, buf); }
[[0.08893622 0.03780814 0.08087227 0.10461445 0.11792752 0.04936254
 0.03780814 0.11815359 0.1182247  0.07057484 0.08087227 0.07164626
 0.02319907]
[0.08675429 0.04796698 0.09105093 0.08682084 0.13284262 0.05662717
 0.04796698 0.11359103 0.08677748 0.0637439  0.09105092 0.06923959
 0.02556721]
[0.08841338 0.04192517 0.07484776 0.10965779 0.12751728 0.05016503
 0.04192517 0.12133532 0.0914823  0.05717691 0.07484776 0.09086651
 0.02983966]
[0.08163737 0.03946426 0.07620007 0.10516658 0.11203472 0.04804276
 0.03946426 0.1320262  0.11421529 0.06799932 0.07620007 0.08220497
 0.0253441 ]
[0.09728073 0.04260366 0.07102606 0.08521681 0.15056297 0.03713373
 0.04260366 0.12975799 0.10916638 0.05885856 0.07102606 0.08369066
 0.02107278]
[0.06596755 0.04455451 0.08298223 0.09727374 0.12423143 0.04027042
 0.04455451 0.12192786 0.11049228 0.08541809 0.08298221 0.07814878
 0.02119638]
[0.08675429 0.04796698 0.09105093 0.08682084 0.13284262 0.05662717
 0.04796698 0.11359103 0.08677748 0.0637439  0.09105092 0.06923959
 0.02556721]
[0.08141267 0.04568316 0.07481845 0.08025505 0.1165514  0.0453483
 0.04568316 0.14719334 0.11767988 0.06690301 0.07481845 0.08248495
 0.02116824]
[0.10610211 0.05610534 0.07441165 0.08174589 0.11705055 0.06030359
 0.05610534 0.08284761 0.11007783 0.06853491 0.07441165 0.07542419
 0.03687934]
[0.09029115 0.03513107 0.07751465 0.09013106 0.14853647 0.04141548
 0.03513107 0.12780301 0.09959158 0.05938864 0.07751465 0.09106696
 0.02648424]
[0.08841338 0.04192517 0.07484776 0.10965779 0.12751728 0.05016503
 0.04192517 0.12133532 0.0914823  0.05717691 0.07484776 0.09086651
 0.02983966]
[0.06773628 0.04116005 0.06867793 0.09991048 0.13398412 0.04822623
 0.04116005 0.13621622 0.11668732 0.06778461 0.06867793 0.08779519
 0.02198356]
[0.078562   0.04973494 0.07096139 0.08620443 0.12449747 0.03763953
 0.04973494 0.10780434 0.12322265 0.09307452 0.07096139 0.08208637
 0.02551601]]