32425
Test: public void test62() throws Throwable { JexlBuilder jexlBuilder0 = new JexlBuilder(); JexlBuilder jexlBuilder1 = jexlBuilder0.cache(Integer.MAX_VALUE); jexlBuilder1.stackOverflow(Integer.MAX_VALUE); }
Code: public JexlBuilder cacheThreshold(final int length) { this.cacheThreshold = length > 0? length : CACHE_THRESHOLD; return this; }
[[0.04636918 0.06432636 0.06432636 0.02927236 0.16058359 0.06213074
 0.06432636 0.02919583 0.05903838 0.07863156 0.06432636 0.05903838
 0.04291072 0.06432636 0.05106848 0.04030622 0.01982277]
[0.03770041 0.06230181 0.06230181 0.0240881  0.17492263 0.06320446
 0.06230181 0.04125068 0.05975477 0.08632045 0.06230181 0.05975477
 0.03653342 0.06230181 0.04584853 0.03787968 0.02123309]
[0.03770041 0.06230181 0.06230181 0.0240881  0.17492263 0.06320446
 0.06230181 0.04125068 0.05975477 0.08632045 0.06230181 0.05975477
 0.03653342 0.06230181 0.04584853 0.03787968 0.02123309]
[0.02881817 0.07278399 0.07278399 0.02029248 0.18638614 0.0680806
 0.07278399 0.02428552 0.0607369  0.05819023 0.07278399 0.0607369
 0.03229889 0.07278399 0.04686293 0.03499104 0.0144002 ]
[0.03394281 0.06044681 0.06044681 0.01958041 0.17734616 0.07714657
 0.06044681 0.02969646 0.07142591 0.07831264 0.06044681 0.07142591
 0.03198818 0.06044681 0.0481448  0.03665212 0.02210402]
[0.04812596 0.06175917 0.06175917 0.02276265 0.14051905 0.08026449
 0.06175917 0.04019588 0.06416015 0.06740821 0.06175917 0.06416015
 0.03985159 0.06175917 0.05500907 0.04090677 0.02784015]
[0.03770041 0.06230181 0.06230181 0.0240881  0.17492263 0.06320446
 0.06230181 0.04125068 0.05975477 0.08632045 0.06230181 0.05975477
 0.03653342 0.06230181 0.04584853 0.03787968 0.02123309]
[0.04886996 0.06914335 0.06914335 0.02966351 0.1156664  0.05449913
 0.06914335 0.04031837 0.0655043  0.06674618 0.06914335 0.0655043
 0.04136507 0.06914335 0.05350889 0.04885345 0.02378376]
[0.04165436 0.05533654 0.05533654 0.0207033  0.21793886 0.07808406
 0.05533654 0.0286121  0.05843467 0.08541663 0.05533654 0.05843467
 0.03425393 0.05533654 0.04960211 0.03431    0.01587259]
[0.04742594 0.06276669 0.06276669 0.02185243 0.18460795 0.06487315
 0.06276669 0.0257107  0.06087212 0.09251236 0.06276669 0.06087212
 0.02785188 0.06276669 0.05310389 0.03134887 0.01513514]
[0.03770041 0.06230181 0.06230181 0.0240881  0.17492263 0.06320446
 0.06230181 0.04125068 0.05975477 0.08632045 0.06230181 0.05975477
 0.03653342 0.06230181 0.04584853 0.03787968 0.02123309]
[0.04165436 0.05533654 0.05533654 0.0207033  0.21793886 0.07808406
 0.05533654 0.0286121  0.05843467 0.08541663 0.05533654 0.05843467
 0.03425393 0.05533654 0.04960211 0.03431    0.01587259]
[0.04728475 0.05745176 0.05745176 0.02981782 0.15092796 0.07408999
 0.05745176 0.03659415 0.06579206 0.08703474 0.05745176 0.06579206
 0.03282199 0.05745176 0.05952884 0.03754596 0.02551092]
[0.03770041 0.06230181 0.06230181 0.0240881  0.17492263 0.06320446
 0.06230181 0.04125068 0.05975477 0.08632045 0.06230181 0.05975477
 0.03653342 0.06230181 0.04584853 0.03787968 0.02123309]
[0.0320757  0.06342869 0.06342869 0.01890055 0.2130626  0.06376176
 0.06342869 0.03142311 0.06389204 0.07261475 0.06342869 0.06389204
 0.03002736 0.06342869 0.04638823 0.02939805 0.01742042]
[0.04835732 0.06533648 0.06533648 0.02594903 0.14109989 0.08206496
 0.06533648 0.0282842  0.06096341 0.08271245 0.06533648 0.06096341
 0.03226051 0.06533648 0.05795702 0.03123288 0.02147246]
[0.03218985 0.05888744 0.05888744 0.02403677 0.17607284 0.09029984
 0.05888744 0.02993048 0.06319818 0.07116702 0.05888744 0.06319818
 0.03204095 0.05888744 0.07249302 0.03186867 0.01906702]]