134697
Test: public void test129() throws Throwable { Document document0 = Parser.parseBodyFragment("$Hj*L\"4.Xgl", ":eq("); HttpConnection httpConnection0 = new HttpConnection(); Document document1 = document0.connection((Connection) httpConnection0); document1.siblingIndex = (-1065); Document document2 = document1.connection((Connection) httpConnection0); }
Code: public Connection connection() { if (connection == null) return Jsoup.newSession(); else return connection; }
[[0.05236406 0.11819457 0.07264931 0.07692823 0.14186886 0.07264931
 0.08056717 0.02714854 0.05850641 0.07264931 0.07145283 0.05850641
 0.07264933 0.02386568]
[0.04389356 0.1222496  0.06209379 0.08701466 0.14033367 0.06209379
 0.08168182 0.02791217 0.06944019 0.06209379 0.08363568 0.06944019
 0.0620938  0.02602331]
[0.04533988 0.11922435 0.07407723 0.08070675 0.11376064 0.07407723
 0.08428147 0.03283234 0.05526299 0.07407723 0.09022599 0.05526299
 0.07407723 0.02679372]
[0.05876957 0.09365884 0.07303997 0.10334757 0.10005327 0.07303997
 0.06084184 0.03626641 0.06647822 0.07303998 0.08691946 0.06647822
 0.07303999 0.03502663]
[0.03285585 0.13944125 0.0682015  0.08571537 0.19147414 0.0682015
 0.06123075 0.01226806 0.04431571 0.06820151 0.10310978 0.04431571
 0.06820151 0.01246728]
[0.04533988 0.11922435 0.07407723 0.08070675 0.11376064 0.07407723
 0.08428147 0.03283234 0.05526299 0.07407723 0.09022599 0.05526299
 0.07407723 0.02679372]
[0.03486856 0.13197607 0.05274398 0.10321356 0.19076213 0.05274398
 0.08383083 0.02243419 0.05828846 0.05274399 0.08483241 0.05828846
 0.05274399 0.02052938]
[0.04201372 0.09091928 0.07209572 0.10309383 0.1883673  0.07209572
 0.07650562 0.02504504 0.05129307 0.07209573 0.06768154 0.05129307
 0.07209574 0.01540464]
[0.03743318 0.12615165 0.07134148 0.07990017 0.15005305 0.07134148
 0.06808324 0.02147812 0.05319443 0.07134148 0.10359016 0.05319443
 0.07134149 0.02155569]
[0.04533988 0.11922435 0.07407723 0.08070675 0.11376064 0.07407723
 0.08428147 0.03283234 0.05526299 0.07407723 0.09022599 0.05526299
 0.07407723 0.02679372]
[0.04348038 0.12084036 0.07416776 0.08913036 0.13907565 0.07416776
 0.06718174 0.02212945 0.05959779 0.07416776 0.08405043 0.05959779
 0.07416777 0.01824502]
[0.03743318 0.12615165 0.07134148 0.07990017 0.15005305 0.07134148
 0.06808324 0.02147812 0.05319443 0.07134148 0.10359016 0.05319443
 0.07134149 0.02155569]
[0.04533989 0.11922435 0.07407723 0.08070675 0.11376064 0.07407723
 0.08428147 0.03283235 0.05526299 0.07407723 0.09022599 0.05526299
 0.07407723 0.02679372]
[0.03647596 0.09364093 0.0660173  0.10642986 0.14355306 0.0660173
 0.06428999 0.02244407 0.08333257 0.0660173  0.08014023 0.08333257
 0.06601731 0.02229158]]