150901
Test: public void test51() throws Throwable { FTPSClient fTPSClient0 = new FTPSClient("AATH"); boolean boolean0 = fTPSClient0.getNeedClientAuth(); }
Code: public boolean getNeedClientAuth() { if (_socket_ instanceof SSLSocket) { return ((SSLSocket)_socket_).getNeedClientAuth(); } return false; }
[[0.05198517 0.13167754 0.07211494 0.06725501 0.13991368 0.07211494
 0.0240693  0.07211494 0.06725499 0.05695713 0.07211495 0.02169834
 0.05695714 0.07207365 0.02169834]
[0.03453871 0.19263212 0.06720457 0.07811684 0.12517685 0.06720457
 0.01812894 0.06720457 0.07811683 0.0543398  0.06720457 0.01498031
 0.0543398  0.06583119 0.01498031]
[0.04282928 0.16209272 0.07165958 0.06692645 0.10511249 0.07165958
 0.03621771 0.07165958 0.06692644 0.05195719 0.07165958 0.02281496
 0.0519572  0.08371221 0.02281496]
[0.05250309 0.11599173 0.06889109 0.08416823 0.09045811 0.06889109
 0.03876722 0.06889109 0.08416823 0.06045609 0.0688911  0.02971656
 0.0604561  0.07803372 0.02971656]
[0.03106508 0.18987066 0.07028288 0.06857174 0.17637739 0.07028288
 0.0212435  0.07028288 0.06857172 0.04112121 0.07028289 0.010374
 0.04112121 0.06017803 0.010374  ]
[0.04282928 0.16209272 0.07165958 0.06692645 0.10511249 0.07165958
 0.03621771 0.07165958 0.06692644 0.05195719 0.07165958 0.02281496
 0.0519572  0.08371221 0.02281496]
[0.04258597 0.16884597 0.06768067 0.0695604  0.13709173 0.06768067
 0.02500535 0.06768067 0.06956039 0.05302259 0.06768067 0.02052771
 0.05302259 0.0695269  0.02052771]
[0.04282928 0.16209272 0.07165958 0.06692645 0.10511249 0.07165958
 0.03621771 0.07165958 0.06692644 0.05195719 0.07165958 0.02281496
 0.0519572  0.08371221 0.02281496]
[0.05250309 0.11599173 0.06889109 0.08416823 0.09045811 0.06889109
 0.03876722 0.06889109 0.08416823 0.06045609 0.0688911  0.02971656
 0.0604561  0.07803372 0.02971656]
[0.03421076 0.18170062 0.06864815 0.06596439 0.14168936 0.06864815
 0.02480424 0.06864815 0.06596439 0.04982634 0.06864816 0.01812409
 0.04982634 0.07517284 0.01812409]
[0.04282928 0.16209272 0.07165958 0.06692645 0.10511249 0.07165958
 0.03621771 0.07165958 0.06692644 0.05195719 0.07165958 0.02281496
 0.0519572  0.08371221 0.02281496]
[0.03425473 0.12051277 0.06440935 0.08601738 0.13175492 0.06440935
 0.02308303 0.06440935 0.0860174  0.07423091 0.06440935 0.01860763
 0.07423091 0.0750453  0.01860763]
[0.03421076 0.18170062 0.06864815 0.06596438 0.14168933 0.06864815
 0.02480424 0.06864815 0.06596438 0.04982633 0.06864815 0.01812409
 0.04982633 0.07517282 0.01812409]
[0.05036211 0.133116   0.07187748 0.0669413  0.10426243 0.07187748
 0.03178623 0.07187748 0.0669413  0.05770858 0.07187748 0.02725264
 0.05770859 0.08915818 0.02725264]
[0.03425473 0.12051281 0.06440935 0.08601739 0.1317549  0.06440935
 0.02308303 0.06440935 0.08601739 0.0742309  0.06440935 0.01860764
 0.07423091 0.0750453  0.01860763]]