10327
Test: public void test111() throws Throwable { Object object0 = ObjectUtils.cloneIfPossible((Object) "b;,sd,s2Y"); }
Code: public static <T> T cloneIfPossible(final T obj) { final T clone = clone(obj); return clone == null ? obj : clone; }
[[0.03773033 0.09917373 0.08597949 0.02532766 0.05233431 0.02532766
 0.08546007 0.04252011 0.0292576  0.02532766 0.03103022 0.02324357
 0.05233431 0.04056172 0.03103022 0.06173466 0.0450397  0.07427428
 0.0322057  0.03154201 0.05419335 0.01437159]
[0.04070543 0.0966802  0.1042476  0.02255706 0.05632933 0.02255706
 0.06796971 0.05832154 0.02816373 0.02255706 0.03286114 0.02627385
 0.05632933 0.03760071 0.03286114 0.05385501 0.03925315 0.06968112
 0.02966005 0.03119774 0.05362111 0.01671693]
[0.03914437 0.08949556 0.1029726  0.01776687 0.06111352 0.01776687
 0.09632322 0.05946549 0.02758269 0.01776687 0.02434452 0.02367797
 0.06111352 0.0434515  0.02434452 0.05143229 0.03248631 0.08580355
 0.03467335 0.02407209 0.05126254 0.01393973]
[0.03515621 0.09025961 0.09626991 0.02029799 0.05845514 0.02029799
 0.08030163 0.04861479 0.03224025 0.02029799 0.02663268 0.02890902
 0.05845514 0.04039241 0.02663268 0.060039   0.04212501 0.0795737
 0.03713432 0.03077604 0.05261753 0.01452094]
[0.03230323 0.10345356 0.08782973 0.02067528 0.05546682 0.02067528
 0.08606903 0.04263402 0.02864818 0.02067528 0.02850261 0.03289207
 0.05546682 0.0389808  0.02850261 0.06285032 0.03686997 0.08237059
 0.03383325 0.02923864 0.05695609 0.01510584]
[0.03515621 0.09025961 0.09626991 0.02029799 0.05845514 0.02029799
 0.08030163 0.04861479 0.03224025 0.02029799 0.02663268 0.02890902
 0.05845514 0.04039241 0.02663268 0.060039   0.04212501 0.0795737
 0.03713432 0.03077604 0.05261753 0.01452094]
[0.04543384 0.07582189 0.0818579  0.02597652 0.06346811 0.02597652
 0.06242722 0.06568135 0.03009937 0.02597652 0.03365508 0.0286857
 0.06346811 0.04429702 0.03365508 0.05553329 0.04483366 0.05701521
 0.03733837 0.0352669  0.04634905 0.01718329]
[0.04073492 0.09000338 0.08139716 0.02231781 0.05686314 0.02231781
 0.07794726 0.05764911 0.03968485 0.02231781 0.03290389 0.03355698
 0.05686314 0.04790546 0.03290389 0.04539474 0.03453713 0.05762802
 0.03817616 0.03245393 0.05486514 0.02157828]
[0.03587515 0.1033953  0.10740204 0.02111676 0.06179265 0.02111676
 0.08077509 0.05071183 0.02287197 0.02111676 0.0285772  0.02797473
 0.06179265 0.05189549 0.0285772  0.05470214 0.0341609  0.07687227
 0.03135716 0.02682636 0.0405681  0.01052152]
[0.03515621 0.09025961 0.09626991 0.02029799 0.05845514 0.02029799
 0.08030163 0.04861479 0.03224025 0.02029799 0.02663268 0.02890902
 0.05845514 0.04039241 0.02663268 0.060039   0.04212501 0.0795737
 0.03713432 0.03077604 0.05261753 0.01452094]
[0.03242796 0.0981867  0.11089762 0.01563359 0.06114493 0.01563359
 0.09103888 0.04794907 0.02337413 0.01563359 0.02170807 0.02105401
 0.06114493 0.03992306 0.02170807 0.06488185 0.03516643 0.10310647
 0.03466014 0.02176185 0.05338101 0.00958402]
[0.04202455 0.09248605 0.07662876 0.02320677 0.05958206 0.02320677
 0.06464798 0.04245584 0.03522487 0.02320677 0.03710619 0.03340137
 0.05958206 0.04517714 0.03710619 0.04872679 0.03460502 0.06043163
 0.04231604 0.03397423 0.06551389 0.01938914]
[0.03230323 0.10345356 0.08782973 0.02067528 0.05546682 0.02067528
 0.08606903 0.04263402 0.02864818 0.02067528 0.02850261 0.03289207
 0.05546682 0.0389808  0.02850261 0.06285032 0.03686997 0.08237059
 0.03383325 0.02923864 0.05695609 0.01510584]
[0.02714697 0.10698001 0.10076897 0.01597572 0.06002286 0.01597572
 0.09340665 0.04098612 0.02334566 0.01597572 0.02860133 0.02580315
 0.06002286 0.04148734 0.02860133 0.06014516 0.03942515 0.09475937
 0.03896139 0.02258373 0.04717918 0.01184557]
[0.03242796 0.0981867  0.11089762 0.01563359 0.06114493 0.01563359
 0.09103888 0.04794907 0.02337413 0.01563359 0.02170807 0.02105401
 0.06114493 0.03992306 0.02170807 0.06488185 0.03516643 0.10310647
 0.03466014 0.02176185 0.05338101 0.00958402]
[0.02661251 0.11985579 0.09271843 0.01582335 0.05003959 0.01582335
 0.10253989 0.04756011 0.02143847 0.01582335 0.02413405 0.0261922
 0.05003959 0.04238523 0.02413405 0.06979699 0.03745412 0.09571988
 0.02946069 0.02711076 0.05460974 0.01072777]
[0.03496822 0.08760598 0.09377682 0.02284972 0.05411102 0.02284972
 0.07912337 0.06342551 0.02551456 0.02284972 0.02936995 0.02914467
 0.05411102 0.05433158 0.02936995 0.05617791 0.03348525 0.08432359
 0.03574196 0.02403519 0.05241233 0.010422  ]
[0.03599672 0.0942266  0.11170799 0.01573402 0.05847396 0.01573402
 0.08947569 0.06028874 0.02414228 0.01573402 0.02484944 0.0210907
 0.05847396 0.04668888 0.02484944 0.04562178 0.03775258 0.09245905
 0.02728852 0.02920827 0.05796736 0.01223603]
[0.03717601 0.08075424 0.07248352 0.01832362 0.06639577 0.01832362
 0.08265351 0.04815453 0.03319538 0.01832362 0.03646286 0.02389008
 0.06639577 0.03989369 0.03646286 0.05161035 0.04444192 0.07980514
 0.03949904 0.02904413 0.05458317 0.02212711]
[0.03872925 0.09631293 0.08691318 0.02099073 0.0488594  0.02099073
 0.07567275 0.0512051  0.02817519 0.02099073 0.02721652 0.02873145
 0.0488594  0.04906102 0.02721652 0.05022407 0.04167473 0.09992084
 0.03679489 0.02457351 0.05807025 0.01881679]
[0.03496685 0.11250256 0.09516976 0.02237667 0.05659588 0.02237667
 0.08477198 0.0500767  0.0305714  0.02237667 0.03385797 0.02695206
 0.05659588 0.04265993 0.03385797 0.05574001 0.03545396 0.06820298
 0.03206275 0.02169706 0.04922779 0.0119065 ]
[0.0290227  0.10008062 0.11685662 0.01939794 0.05759056 0.01939794
 0.08558594 0.0554433  0.02475042 0.01939794 0.02087043 0.02416459
 0.05759056 0.05785285 0.02087043 0.04866648 0.03452591 0.08181478
 0.03214462 0.02233214 0.05878943 0.0128538 ]]