149151
Test: public void test44() throws Throwable { IMAP iMAP0 = new IMAP(); StringWriter stringWriter0 = new StringWriter(143); BufferedWriter bufferedWriter0 = new BufferedWriter(stringWriter0, 143); iMAP0.__writer = bufferedWriter0; IMAPCommand iMAPCommand0 = IMAPCommand.XOAUTH; // Undeclared exception!  iMAP0.sendCommand(iMAPCommand0);   }
Code: public int sendCommand(final String command, final String args) throws IOException { return sendCommandWithID(generateCommandID(), command, args); }
[[0.05155838 0.03151705 0.07153013 0.06541257 0.07153013 0.04211393
 0.06541257 0.08316865 0.11810613 0.02807412 0.07428288 0.05742569
 0.07153013 0.07153013 0.07362889 0.02317867]
[0.03297649 0.02270545 0.08198896 0.06257283 0.08198896 0.04649694
 0.06257283 0.09630535 0.10365254 0.02730788 0.08090429 0.05398792
 0.08198896 0.08198896 0.06574518 0.01681643]
[0.04076723 0.02573503 0.06676505 0.07213874 0.06676505 0.04138792
 0.07213874 0.11313739 0.1330763  0.02974676 0.07168981 0.04966642
 0.06676505 0.06676505 0.05959912 0.02385638]
[0.05143007 0.02695475 0.0712502  0.0582405  0.0712502  0.04063063
 0.0582405  0.09598758 0.13646147 0.03084398 0.08294117 0.05280317
 0.0712502  0.0712502  0.0598592  0.02060619]
[0.04076723 0.02573503 0.06676505 0.07213874 0.06676505 0.04138792
 0.07213874 0.11313739 0.1330763  0.02974676 0.07168981 0.04966642
 0.06676505 0.06676505 0.05959912 0.02385638]
[0.04745505 0.02022138 0.06910589 0.06926118 0.06910589 0.0323521
 0.06926118 0.11566369 0.11841582 0.03130705 0.08676182 0.06918526
 0.06910589 0.06910589 0.04691593 0.01677605]
[0.05143007 0.02695475 0.0712502  0.0582405  0.0712502  0.04063063
 0.0582405  0.09598758 0.13646147 0.03084398 0.08294117 0.05280317
 0.0712502  0.0712502  0.0598592  0.02060619]
[0.03749508 0.02258723 0.06927173 0.06793015 0.06927173 0.04270439
 0.06793015 0.11667208 0.13027453 0.02363836 0.08421294 0.06044427
 0.06927173 0.06927173 0.05427406 0.01474983]
[0.03705884 0.02098484 0.06074899 0.06574441 0.06074899 0.0311895
 0.06574441 0.10108122 0.17109016 0.02545467 0.09893614 0.06237389
 0.06074899 0.06074899 0.05861042 0.01873551]
[0.03894027 0.02111814 0.07361403 0.0674427  0.07361403 0.03531572
 0.0674427  0.10345402 0.1482718  0.02368569 0.07675404 0.05783907
 0.07361403 0.07361403 0.04952205 0.01575762]
[0.05346957 0.02484974 0.06664313 0.07299186 0.06664313 0.05280321
 0.07299186 0.07988885 0.09282891 0.03718309 0.09360117 0.06053872
 0.06664313 0.06664313 0.06049491 0.03178555]
[0.03594774 0.02010383 0.0682985  0.07211539 0.0682985  0.03393507
 0.07211539 0.12615702 0.12514931 0.03008929 0.0771634  0.05100909
 0.0682985  0.0682985  0.06222327 0.02079719]
[0.04076723 0.02573503 0.06676505 0.07213874 0.06676505 0.04138792
 0.07213874 0.11313739 0.1330763  0.02974676 0.07168981 0.04966642
 0.06676505 0.06676505 0.05959912 0.02385638]
[0.04076723 0.02573503 0.06676505 0.07213874 0.06676505 0.04138792
 0.07213874 0.11313739 0.1330763  0.02974676 0.07168981 0.04966642
 0.06676505 0.06676505 0.05959912 0.02385638]
[0.04556026 0.02167356 0.06433475 0.07076047 0.06433475 0.04051616
 0.07076047 0.11614209 0.13701099 0.02658926 0.08239588 0.05224805
 0.06433475 0.06433475 0.05944828 0.01955559]
[0.03421187 0.0253636  0.06187085 0.06257437 0.06187085 0.03186388
 0.06257437 0.10227872 0.14316307 0.02979947 0.10010512 0.07824142
 0.06187085 0.06187085 0.06138584 0.02095493]]