166980
Test: public void test23() throws Throwable { BaseEventSource baseEventSource0 = new BaseEventSource();  baseEventSource0.clone();   }
Code: protected Object clone() throws CloneNotSupportedException { final BaseEventSource copy = (BaseEventSource) super.clone(); copy.initListeners(); return copy; }
[[0.07888366 0.02973088 0.04930799 0.11975908 0.07606564 0.08921967
 0.0387354  0.06848902 0.08486149 0.03467306 0.06848902 0.08167049
 0.06848902 0.05661642 0.03718726 0.01782188]
[0.08360037 0.03094257 0.0546142  0.1456689  0.05973166 0.09951392
 0.03260284 0.05696978 0.10853875 0.03249945 0.05696978 0.07735445
 0.05696978 0.05480653 0.03105199 0.01816506]
[0.08181074 0.02863851 0.04568621 0.1620444  0.05830761 0.07928088
 0.03871119 0.07317188 0.07848307 0.02620851 0.07317188 0.07698556
 0.07317188 0.06344893 0.02772044 0.01315831]
[0.09219643 0.032115   0.05431727 0.16231745 0.06936623 0.08988281
 0.02891342 0.05774574 0.08920337 0.03100965 0.05774574 0.07568984
 0.05774574 0.05777945 0.02680645 0.01716538]
[0.07354294 0.02918942 0.06255569 0.12253737 0.06721317 0.10797577
 0.03407294 0.06409234 0.08993685 0.03537725 0.06409234 0.07463568
 0.06409234 0.05715941 0.03152591 0.02200062]
[0.09213054 0.0300044  0.05503817 0.08751568 0.07961358 0.08796814
 0.04974366 0.06289349 0.09189676 0.04225742 0.06289349 0.07171065
 0.06289349 0.05707068 0.03646416 0.02990569]
[0.06054096 0.03549167 0.04437869 0.12537651 0.07844298 0.08788589
 0.03339029 0.07334469 0.08056958 0.03812019 0.07334469 0.06899318
 0.07334469 0.07187158 0.03779916 0.01710526]
[0.0840418  0.03049114 0.0569752  0.12452337 0.07877804 0.06428793
 0.03797988 0.06325157 0.0938338  0.04191324 0.06325157 0.08350323
 0.06325157 0.04656363 0.04576382 0.02159019]
[0.08708687 0.03069103 0.06395739 0.13390847 0.06943345 0.07766589
 0.03579409 0.06715973 0.10051778 0.02405116 0.06715973 0.07385361
 0.06715973 0.05453303 0.03232774 0.01470032]
[0.08158227 0.0365868  0.05103653 0.08339804 0.07649858 0.06582546
 0.04619271 0.07721119 0.07657131 0.0465015  0.07721119 0.07210183
 0.07721119 0.06078008 0.04351373 0.02777757]
[0.0840418  0.03049114 0.0569752  0.12452337 0.07877804 0.06428793
 0.03797988 0.06325157 0.0938338  0.04191324 0.06325157 0.08350323
 0.06325157 0.04656363 0.04576382 0.02159019]
[0.07298476 0.02898421 0.04841058 0.11851494 0.06223163 0.09262849
 0.03768835 0.07278702 0.10739471 0.03511574 0.07278702 0.07171652
 0.07278702 0.05235171 0.03519568 0.01842165]
[0.0840418  0.03049114 0.0569752  0.12452337 0.07877804 0.06428793
 0.03797988 0.06325157 0.0938338  0.04191324 0.06325157 0.08350323
 0.06325157 0.04656363 0.04576382 0.02159019]
[0.09074927 0.03402768 0.05474527 0.12833211 0.07832024 0.07489875
 0.03364545 0.06944629 0.09188147 0.03543822 0.06944629 0.0682129
 0.06944629 0.05142279 0.02969417 0.02029288]
[0.07931235 0.029443   0.07142127 0.11344418 0.07496093 0.06315503
 0.04015163 0.07383272 0.09094872 0.02851929 0.07383272 0.08002925
 0.07383272 0.04605536 0.03964236 0.02141846]
[0.07188928 0.0354346  0.05375974 0.14268664 0.05800503 0.09442192
 0.03127926 0.06237885 0.09279697 0.03151367 0.06237885 0.07193777
 0.06237885 0.07630228 0.03285599 0.01998038]]