165807
Test: public void test0() throws Throwable { int[] intArray0 = new int[4]; intArray0[0] = 18; intArray0[1] = (-560); intArray0[2] = 1872770499; MersenneTwister mersenneTwister0 = new MersenneTwister(intArray0); byte[] byteArray0 = mersenneTwister0.getStateInternal(); float float0 = mersenneTwister0.nextFloat(); }
Code: protected byte[] getStateInternal() { final int[] s = Arrays.copyOf(mt, N + 1); s[N] = mti; return composeStateInternal(NumberFactory.makeByteArray(s), super.getStateInternal()); }
[[0.05903491 0.04467016 0.0537429  0.07876938 0.0328609  0.17088152
 0.01569503 0.02843188 0.0537429  0.08187009 0.02987269 0.0446143
 0.0537429  0.02843188 0.0537429  0.04695889 0.0537429  0.0537429
 0.01545092]
[0.04947226 0.05052046 0.05466602 0.05794908 0.03511552 0.14870666
 0.01710469 0.03060709 0.05466602 0.08777291 0.03697246 0.05217037
 0.05466602 0.03060709 0.05466602 0.05868264 0.05466602 0.05466602
 0.01632272]
[0.0674856  0.05281639 0.05368572 0.05993514 0.03405592 0.13957614
 0.01634107 0.0370839  0.05368572 0.07401907 0.04628136 0.05314139
 0.05368572 0.0370839  0.05368572 0.04024527 0.05368572 0.05368572
 0.01982051]
[0.07396379 0.04953996 0.05130635 0.07422888 0.04117554 0.09866843
 0.01867442 0.03499629 0.05130635 0.09293014 0.04386809 0.05713568
 0.05130635 0.03499629 0.05130635 0.04697271 0.05130637 0.05130637
 0.02501165]
[0.04676918 0.04597319 0.05731802 0.07105597 0.02662929 0.14307939
 0.0121898  0.0302119  0.05731802 0.09590086 0.0377724  0.04548695
 0.05731802 0.0302119  0.05731802 0.05704762 0.05731802 0.05731802
 0.01376335]
[0.05806086 0.05808775 0.05244634 0.0736493  0.03695627 0.1327603
 0.01809461 0.03131267 0.05244634 0.07953408 0.03111408 0.05990934
 0.05244634 0.03131267 0.05244634 0.05565307 0.05244635 0.05244635
 0.01887695]
[0.06589648 0.05057258 0.04421791 0.06673445 0.02916205 0.2008141
 0.01644253 0.03527271 0.04421791 0.08307762 0.03481623 0.04124958
 0.04421791 0.03527271 0.04421791 0.0529961  0.04421792 0.04421792
 0.02238535]
[0.06503636 0.03200671 0.06087069 0.05126113 0.0363848  0.10353129
 0.02837287 0.03647164 0.06087069 0.07774805 0.03874424 0.05921765
 0.06087069 0.03647164 0.06087069 0.04778591 0.0608707  0.0608707
 0.02174349]
[0.0674856  0.05281639 0.05368572 0.05993514 0.03405592 0.13957614
 0.01634107 0.0370839  0.05368572 0.07401907 0.04628136 0.05314139
 0.05368572 0.0370839  0.05368572 0.04024527 0.05368572 0.05368572
 0.01982051]
[0.06200457 0.0538449  0.05098028 0.06118936 0.03261717 0.14445789
 0.01568608 0.02899715 0.05098028 0.09642468 0.043911   0.05613823
 0.05098028 0.02899715 0.05098028 0.04509076 0.05098028 0.05098028
 0.02475933]
[0.06081062 0.04970622 0.05324978 0.06118256 0.03854362 0.14935884
 0.0185477  0.02924281 0.05324978 0.08234702 0.03498606 0.05741424
 0.05324978 0.02924281 0.05324978 0.04841858 0.05324978 0.05324978
 0.02070022]
[0.05453029 0.0423786  0.0485125  0.06976967 0.03294916 0.17370409
 0.01409046 0.02697515 0.0485125  0.10051593 0.03915529 0.05925622
 0.0485125  0.02697515 0.0485125  0.05439813 0.04851253 0.04851253
 0.01422676]
[0.0674856  0.05281639 0.05368572 0.05993514 0.03405592 0.13957614
 0.01634107 0.0370839  0.05368572 0.07401907 0.04628136 0.05314139
 0.05368572 0.0370839  0.05368572 0.04024527 0.05368572 0.05368572
 0.01982051]
[0.06503636 0.03200671 0.06087069 0.05126113 0.0363848  0.10353129
 0.02837287 0.03647164 0.06087069 0.07774805 0.03874424 0.05921765
 0.06087069 0.03647164 0.06087069 0.04778591 0.0608707  0.0608707
 0.02174349]
[0.0674856  0.05281639 0.05368572 0.05993514 0.03405592 0.13957614
 0.01634107 0.0370839  0.05368572 0.07401907 0.04628136 0.05314139
 0.05368572 0.0370839  0.05368572 0.04024527 0.05368572 0.05368572
 0.01982051]
[0.06440337 0.04261374 0.051      0.05826172 0.0254951  0.20508239
 0.01066306 0.02668713 0.051      0.08883256 0.03753339 0.05388707
 0.051      0.02668713 0.051      0.03816958 0.05100001 0.05100001
 0.01568366]
[0.06748562 0.05281639 0.05368572 0.05993515 0.03405593 0.13957609
 0.01634107 0.0370839  0.05368572 0.07401908 0.04628137 0.05314138
 0.05368572 0.0370839  0.05368572 0.04024528 0.05368573 0.05368573
 0.01982051]
[0.06748562 0.05281639 0.05368572 0.05993515 0.03405593 0.13957609
 0.01634107 0.0370839  0.05368572 0.07401908 0.04628137 0.05314138
 0.05368572 0.0370839  0.05368572 0.04024528 0.05368573 0.05368573
 0.01982051]
[0.05936086 0.03456466 0.05270785 0.08657657 0.02731359 0.1212691
 0.01229593 0.02768341 0.05270785 0.11809137 0.03265855 0.05100665
 0.05270785 0.02768341 0.05270785 0.06716864 0.05270785 0.05270785
 0.01808012]]