2797
Test: public void test15() throws Throwable { JpegIptcRewriter jpegIptcRewriter0 = new JpegIptcRewriter(); ByteArrayOutputStream byteArrayOutputStream0 = new ByteArrayOutputStream();  jpegIptcRewriter0.removeIPTC((InputStream) null, (OutputStream) byteArrayOutputStream0, true);   }
Code: public void removeIPTC(final File src, final OutputStream os) throws ImageReadException, IOException, ImageWriteException { removeIPTC(src, os, false); }
[[0.04468162 0.03572132 0.06198176 0.10877423 0.04503059 0.03542027
 0.04830293 0.06198176 0.10832386 0.06198176 0.07977587 0.06198176
 0.05621106 0.06198176 0.03512969 0.07441886 0.01830088]
[0.03520977 0.02973946 0.06980523 0.0896447  0.03532732 0.02967354
 0.04369836 0.06980523 0.12679456 0.06980523 0.09314208 0.06980523
 0.05680947 0.06980523 0.0253819  0.06807656 0.01747617]
[0.03656257 0.02988137 0.06253698 0.09552326 0.04521412 0.03281936
 0.05073306 0.06253698 0.11715486 0.06253698 0.09563822 0.06253698
 0.04960127 0.06253698 0.03585769 0.08087105 0.01745824]
[0.0335294  0.031943   0.05713679 0.10622583 0.04225972 0.03470684
 0.04424264 0.05713679 0.10581864 0.05713679 0.11032573 0.05713679
 0.06800847 0.05713679 0.03150431 0.09431723 0.0114343 ]
[0.0357926  0.02267306 0.06879184 0.08690028 0.03441477 0.02959412
 0.0470777  0.06879184 0.11101343 0.06879184 0.11085513 0.06879184
 0.0566747  0.06879184 0.02562458 0.08146606 0.01395437]
[0.04155841 0.03030847 0.06653363 0.09531628 0.0395332  0.02733346
 0.04950847 0.06653363 0.11278801 0.06653363 0.08496606 0.06653363
 0.06661031 0.06653363 0.03267074 0.07340804 0.01333055]
[0.03976803 0.03281036 0.06312139 0.10638189 0.03950773 0.03770813
 0.04888606 0.06312139 0.11155574 0.06312139 0.08148032 0.06312139
 0.06397621 0.06312139 0.03409764 0.0709887  0.01723224]
[0.03656257 0.02988137 0.06253698 0.09552326 0.04521412 0.03281936
 0.05073306 0.06253698 0.11715486 0.06253698 0.09563822 0.06253698
 0.04960127 0.06253698 0.03585769 0.08087105 0.01745824]
[0.0320619  0.03012078 0.05833543 0.10794246 0.03516256 0.02576765
 0.04035017 0.05833543 0.16250096 0.05833543 0.080777   0.05833543
 0.07129236 0.05833543 0.03265339 0.07537085 0.01432269]
[0.03656257 0.02988137 0.06253698 0.09552326 0.04521412 0.03281936
 0.05073306 0.06253698 0.11715486 0.06253698 0.09563822 0.06253698
 0.04960127 0.06253698 0.03585769 0.08087105 0.01745824]
[0.04018334 0.03120729 0.05986171 0.11461248 0.04381163 0.02940116
 0.04128639 0.05986171 0.10618885 0.05986171 0.07982694 0.05986171
 0.08354028 0.05986171 0.0235678  0.08905055 0.0180147 ]
[0.03656257 0.02988137 0.06253698 0.09552326 0.04521412 0.03281936
 0.05073306 0.06253698 0.11715486 0.06253698 0.09563822 0.06253698
 0.04960127 0.06253698 0.03585769 0.08087105 0.01745824]
[0.04505406 0.03876766 0.06181451 0.0822276  0.04978059 0.04398862
 0.05689693 0.06181451 0.08102065 0.06181451 0.08741581 0.06181451
 0.06617837 0.06181451 0.04185358 0.07341079 0.02433279]
[0.03656257 0.02988137 0.06253698 0.09552326 0.04521412 0.03281936
 0.05073306 0.06253698 0.11715486 0.06253698 0.09563822 0.06253698
 0.04960127 0.06253698 0.03585769 0.08087105 0.01745824]
[0.03434229 0.02467125 0.05245079 0.1189063  0.04169021 0.03232449
 0.05908586 0.05245079 0.13670385 0.05245079 0.11254604 0.05245079
 0.06112365 0.05245079 0.03546479 0.07007548 0.01081182]
[0.04307864 0.03472563 0.06667399 0.0925419  0.04205243 0.02947018
 0.04046737 0.06667399 0.11222928 0.06667399 0.08283036 0.06667399
 0.06318386 0.06667399 0.02934054 0.07990622 0.01680369]
[0.031481   0.02866467 0.05980744 0.0995709  0.04579331 0.0280358
 0.04465557 0.05980744 0.13299033 0.05980744 0.08908758 0.05980744
 0.07550868 0.05980744 0.0368464  0.07181932 0.01650914]]