28856
Test: public void test21() throws Throwable { AffineTransformMatrix2D affineTransformMatrix2D0 = AffineTransformMatrix2D.createTranslation(0.0, (-1447.31)); double double0 = affineTransformMatrix2D0.applyX(0.0, 0.0); }
Code: public double applyX(final double x, final double y) { return applyVectorX(x, y) + m02; }
[[0.04796382 0.08279876 0.06653771 0.08279876 0.06059224 0.03842425
 0.08279876 0.11487094 0.06338942 0.05271629 0.06653772 0.11487095
 0.03885029 0.06653772 0.02031237]
[0.03997362 0.08727379 0.0720059  0.08727379 0.06166647 0.03381428
 0.08727379 0.1058668  0.06851185 0.06045006 0.0720059  0.10586683
 0.02784447 0.07200591 0.01816658]
[0.03986962 0.07495002 0.06696851 0.07495002 0.06548471 0.03776939
 0.07495002 0.12340724 0.06085947 0.04832871 0.0669685  0.12340726
 0.05426614 0.06696852 0.02085193]
[0.03997362 0.08727379 0.0720059  0.08727379 0.06166647 0.03381428
 0.08727379 0.1058668  0.06851185 0.06045006 0.0720059  0.10586683
 0.02784447 0.07200591 0.01816658]
[0.05054444 0.06558694 0.0762704  0.06558694 0.05777013 0.04390121
 0.06558694 0.10768643 0.0758548  0.0711607  0.07627039 0.10768643
 0.04076309 0.0762704  0.01906068]
[0.04453578 0.08751331 0.07185216 0.08751331 0.05973777 0.02920008
 0.08751331 0.0976664  0.07052268 0.06463078 0.07185216 0.09766641
 0.04378296 0.07185216 0.01416072]
[0.03997362 0.08727379 0.0720059  0.08727379 0.06166647 0.03381428
 0.08727379 0.1058668  0.06851185 0.06045006 0.0720059  0.10586683
 0.02784447 0.07200591 0.01816658]
[0.04694504 0.06713942 0.0683814  0.06713942 0.05983684 0.04624698
 0.06713942 0.13151416 0.06083982 0.06086136 0.06838141 0.13151418
 0.03722832 0.06838142 0.01845087]
[0.05069043 0.06853264 0.06654643 0.06853264 0.06345859 0.04975891
 0.06853264 0.10485089 0.08118656 0.05837874 0.06654643 0.10485089
 0.05291184 0.06654644 0.02867597]
[0.03403174 0.07451726 0.07027754 0.07451726 0.07749029 0.03060836
 0.07451726 0.12394924 0.06154885 0.05026409 0.07027754 0.12394923
 0.04665346 0.07027756 0.01712033]
[0.03986962 0.07495002 0.06696851 0.07495002 0.06548471 0.03776939
 0.07495002 0.12340724 0.06085947 0.04832871 0.0669685  0.12340726
 0.05426614 0.06696852 0.02085193]
[0.04694504 0.06713942 0.0683814  0.06713942 0.05983684 0.04624698
 0.06713942 0.13151416 0.06083982 0.06086136 0.06838141 0.13151418
 0.03722832 0.06838142 0.01845087]
[0.05003043 0.0755488  0.07073499 0.0755488  0.07569116 0.04417068
 0.0755488  0.10212773 0.06500414 0.05798335 0.07073499 0.10212773
 0.04123724 0.070735   0.02277617]
[0.03986962 0.07495    0.0669685  0.07495    0.0654847  0.03776938
 0.07495    0.12340725 0.06085947 0.04832871 0.0669685  0.12340725
 0.05426614 0.06696851 0.02085193]
[0.03428927 0.07518208 0.06538032 0.07518208 0.06267516 0.03043054
 0.07518208 0.12116297 0.08087156 0.07279321 0.06538032 0.12116297
 0.03717457 0.06538033 0.01775258]]