36068
Test: public void test130() throws Throwable { LocalDateTime localDateTime0 = new LocalDateTime(1358L, (DateTimeZone) null); localDateTime0.minusMonths(0); }
Code: public LocalDateTime minusMonths(int months) { if (months == 0) { return this; } long instant = getChronology().months().subtract(getLocalMillis(), months); return withLocalMillis(instant); }
[[0.03623264 0.06343706 0.05026647 0.03088272 0.05081866 0.09791877
 0.11629263 0.05643521 0.02093686 0.05081866 0.04018502 0.03219191
 0.01598608 0.05930394 0.04074021 0.02295838 0.05026647 0.0578908
 0.04018502 0.05026647 0.01598607]
[0.03057864 0.06840886 0.05335844 0.02430002 0.05843101 0.11226843
 0.11271583 0.04518572 0.02036461 0.05843101 0.04017258 0.02985578
 0.01535042 0.05454068 0.033968   0.02406933 0.05335844 0.05576078
 0.04017258 0.05335844 0.01535042]
[0.03175759 0.07052109 0.05274489 0.03113953 0.05178246 0.07848425
 0.10593785 0.05992847 0.02414995 0.05178246 0.03858279 0.03148816
 0.01749512 0.05518227 0.03689631 0.0344376  0.05274489 0.06612147
 0.03858279 0.05274489 0.01749512]
[0.0373198  0.0792501  0.04757319 0.02815646 0.04984882 0.08972856
 0.10528254 0.0570538  0.02034584 0.04984882 0.04338516 0.02903767
 0.01453929 0.05982288 0.04489471 0.02967527 0.0475732  0.06116615
 0.04338516 0.0475732  0.01453929]
[0.04014612 0.06335197 0.05284835 0.02917167 0.06397462 0.06921867
 0.07736351 0.04308842 0.02712975 0.06397462 0.0462775  0.03364076
 0.02264842 0.06438904 0.03113149 0.03339599 0.05284836 0.06362645
 0.0462775  0.05284836 0.02264842]
[0.02450654 0.07631663 0.05520851 0.01599186 0.05460247 0.13932993
 0.12370539 0.04909335 0.0215067  0.05460247 0.03247131 0.02028021
 0.00824138 0.06677815 0.03434091 0.01944286 0.05520852 0.0524516
 0.03247132 0.05520852 0.00824137]
[0.03058294 0.07939841 0.04886197 0.0277878  0.05781717 0.11945697
 0.11450522 0.04757408 0.02446617 0.05781717 0.0335921  0.02528621
 0.01511378 0.06213915 0.03926446 0.01868978 0.04886198 0.05121678
 0.0335921  0.04886198 0.01511378]
[0.02265428 0.07907081 0.03663422 0.02115016 0.05950936 0.124739
 0.14187859 0.05587168 0.02518397 0.05950936 0.03736198 0.02566368
 0.01214317 0.06551036 0.03336102 0.02355513 0.03663422 0.05342963
 0.03736198 0.03663422 0.01214317]
[0.03074113 0.06460731 0.05040485 0.02911298 0.05455755 0.10375164
 0.09739752 0.05079301 0.02146701 0.05455755 0.04868259 0.028661
 0.01878118 0.06119744 0.03234986 0.02398579 0.05040485 0.06067815
 0.04868259 0.05040485 0.01878118]
[0.04014612 0.06335197 0.05284835 0.02917167 0.06397462 0.06921867
 0.07736351 0.04308842 0.02712975 0.06397462 0.0462775  0.03364076
 0.02264842 0.06438904 0.03113149 0.03339599 0.05284836 0.06362645
 0.0462775  0.05284836 0.02264842]
[0.02604042 0.0681223  0.05206011 0.02964365 0.05060604 0.10759539
 0.1135731  0.05052282 0.02086377 0.05060604 0.03785875 0.02365003
 0.01388395 0.07206397 0.03918647 0.02543997 0.0520601  0.0624203
 0.03785875 0.0520601  0.01388395]
[0.03808441 0.07269011 0.05293772 0.02845832 0.06152139 0.09213662
 0.08925414 0.04731692 0.02315094 0.06152139 0.04593119 0.02409302
 0.01644236 0.05564149 0.0320694  0.02233499 0.05293773 0.06816663
 0.04593119 0.05293773 0.01644235]
[0.02649828 0.07784801 0.04990881 0.02901137 0.06605516 0.10181468
 0.09420264 0.04574617 0.01935716 0.06605516 0.0572823  0.02491626
 0.01431324 0.0430126  0.02737478 0.02373919 0.04990881 0.06145103
 0.05728229 0.04990881 0.01431324]
[0.02653262 0.06514286 0.04939269 0.03188154 0.06418814 0.10036408
 0.11006588 0.05195767 0.02233162 0.06418814 0.03924418 0.02532972
 0.01522687 0.05454579 0.04013464 0.02031857 0.04939268 0.06589861
 0.03924418 0.04939268 0.01522687]
[0.03646036 0.06738028 0.05295453 0.02845724 0.05094178 0.10073528
 0.09365053 0.05862335 0.02122159 0.05094178 0.0444955  0.02886735
 0.01519007 0.05754302 0.03937833 0.0247591  0.05295453 0.06280527
 0.0444955  0.05295453 0.01519007]
[0.04048466 0.07274953 0.05726627 0.0318914  0.04561727 0.08959336
 0.0803527  0.04572061 0.03032462 0.04561727 0.04441665 0.04075342
 0.019816   0.04997822 0.03007666 0.03353549 0.05726627 0.06304067
 0.04441666 0.05726627 0.019816  ]
[0.03175759 0.07052109 0.05274489 0.03113953 0.05178246 0.07848425
 0.10593785 0.05992847 0.02414995 0.05178246 0.03858279 0.03148816
 0.01749512 0.05518227 0.03689631 0.0344376  0.05274489 0.06612147
 0.03858279 0.05274489 0.01749512]
[0.0324476  0.06135142 0.06829877 0.03117394 0.047778   0.09535994
 0.10445783 0.0482226  0.01718643 0.047778   0.04332562 0.02691063
 0.01391156 0.05554921 0.03062265 0.01990754 0.06829877 0.06188349
 0.04332562 0.06829877 0.01391156]
[0.02604042 0.0681223  0.05206011 0.02964365 0.05060604 0.10759539
 0.1135731  0.05052282 0.02086377 0.05060604 0.03785875 0.02365003
 0.01388395 0.07206397 0.03918647 0.02543997 0.0520601  0.0624203
 0.03785875 0.0520601  0.01388395]
[0.03175759 0.07052109 0.05274489 0.03113953 0.05178246 0.07848425
 0.10593785 0.05992847 0.02414995 0.05178246 0.03858279 0.03148816
 0.01749512 0.05518227 0.03689631 0.0344376  0.05274489 0.06612147
 0.03858279 0.05274489 0.01749512]
[0.02649828 0.07784802 0.04990881 0.02901137 0.06605516 0.10181466
 0.09420262 0.04574617 0.01935717 0.06605516 0.0572823  0.02491626
 0.01431325 0.04301261 0.02737478 0.02373919 0.04990881 0.06145103
 0.0572823  0.04990881 0.01431324]]