35295
Test: public void test24() throws Throwable { JexlUberspect.ResolverStrategy jexlUberspect_ResolverStrategy0 = JexlUberspect.MAP_STRATEGY; Permissions permissions0 = new Permissions(); Uberspect uberspect0 = new Uberspect((Log) null, jexlUberspect_ResolverStrategy0, permissions0); Class<SQLSyntaxErrorException> class0 = SQLSyntaxErrorException.class; // Undeclared exception!  uberspect0.getField(class0, "org.apache.commons.jexl3.JexlEngine$EmptyNamespaceResolver");   }
Code: public final Field getField(final Class<?> c, final String key) { return base().getField(c, key); }
[[0.05819653 0.04602139 0.1160714  0.08072868 0.02891631 0.1624211
 0.04602139 0.07545972 0.06529567 0.07236008 0.0634006  0.08072868
 0.08072869 0.02364969]
[0.0512246  0.03410489 0.11115816 0.07951629 0.02206208 0.202333
 0.03410489 0.07980223 0.04920821 0.08598684 0.07447106 0.07951629
 0.0795163  0.01699515]
[0.05229247 0.04476115 0.11262113 0.08960286 0.02761285 0.14817509
 0.04476115 0.08160534 0.05564732 0.07632802 0.0640211  0.08960284
 0.08960286 0.02336583]
[0.04604663 0.04372898 0.11381206 0.07727721 0.02472913 0.18644361
 0.04372898 0.0854096  0.07360457 0.07065742 0.05582602 0.07727721
 0.07727722 0.0241814 ]
[0.04341436 0.04167863 0.14369072 0.07417852 0.02141203 0.1713629
 0.04167863 0.06763425 0.0732265  0.07775947 0.07255712 0.07417852
 0.07417854 0.02304983]
[0.04669587 0.04400747 0.10214227 0.08399937 0.0328155  0.13654691
 0.04400747 0.0933648  0.06434996 0.08771951 0.0766192  0.08399937
 0.08399937 0.01973297]
[0.0512246  0.03410489 0.11115816 0.07951629 0.02206208 0.202333
 0.03410489 0.07980223 0.04920821 0.08598684 0.07447106 0.07951629
 0.0795163  0.01699515]
[0.05674099 0.04298399 0.12859313 0.08086513 0.02261847 0.16400445
 0.04298399 0.06603778 0.07436755 0.08123941 0.05705245 0.08086513
 0.08086514 0.02078239]
[0.0449299  0.04481844 0.09446001 0.07604252 0.03118797 0.18007249
 0.04481844 0.07752275 0.07163163 0.09634103 0.06188544 0.0760425
 0.07604252 0.02420438]
[0.056965   0.05586531 0.10412713 0.07537743 0.02749888 0.1408957
 0.05586531 0.08402108 0.06097699 0.08990476 0.06577896 0.07537744
 0.07537745 0.03196854]
[0.0396452  0.03615205 0.10871106 0.08003756 0.02994283 0.19298114
 0.03615205 0.09053832 0.07162032 0.07545117 0.05791152 0.08003756
 0.08003758 0.02078167]
[0.04604663 0.04372898 0.11381206 0.07727721 0.02472913 0.18644361
 0.04372898 0.0854096  0.07360457 0.07065742 0.05582602 0.07727721
 0.07727722 0.0241814 ]
[0.04604664 0.04372898 0.11381204 0.07727721 0.02472913 0.18644366
 0.04372898 0.08540959 0.07360457 0.07065743 0.05582603 0.07727721
 0.07727721 0.0241814 ]
[0.0397434  0.03516408 0.13387592 0.07601891 0.02218549 0.17501856
 0.03516408 0.07286815 0.0612506  0.0923545  0.08397275 0.07601891
 0.07601893 0.02034578]]