37928
Test: public void test125() throws Throwable { EthiopicChronology ethiopicChronology0 = EthiopicChronology.getInstanceUTC(); StrictChronology strictChronology0 = StrictChronology.getInstance(ethiopicChronology0); LocalDate localDate0 = new LocalDate((-71020805015L), (Chronology) strictChronology0); DateTime dateTime0 = localDate0.toDateTimeAtCurrentTime((DateTimeZone) null); DateTime.Property dateTime_Property0 = dateTime0.weekyear(); DateTime dateTime1 = dateTime_Property0.withMaximumValue(); // Undeclared exception!  dateTime1.minusDays((-1042));   }
Code: public DateTime minusDays(int days) { if (days == 0) { return this; } long instant = getChronology().days().subtract(getMillis(), days); return withMillis(instant); }
[[0.03536217 0.03776831 0.04906036 0.13512215 0.05120302 0.09572982
 0.07112294 0.05462141 0.02082228 0.05120302 0.03941784 0.03191128
 0.01595324 0.05733791 0.03907615 0.02250927 0.04906037 0.03828697
 0.03941784 0.04906037 0.01595324]
[0.03201483 0.02963141 0.04263011 0.1815284  0.06975189 0.09032699
 0.06682047 0.04192206 0.02172555 0.06975189 0.03640906 0.02630187
 0.01666855 0.05828181 0.03048986 0.01850021 0.04263011 0.02890729
 0.03640906 0.04263011 0.01666855]
[0.02966075 0.03765581 0.04829229 0.14591877 0.05372635 0.07465507
 0.08795628 0.05496071 0.0241342  0.05372635 0.03617684 0.03095465
 0.01777706 0.04834536 0.0327292  0.03330563 0.04829229 0.03948617
 0.03617684 0.04829229 0.01777705]
[0.03969646 0.03590406 0.05022828 0.15393972 0.04985568 0.08776182
 0.07874555 0.04399    0.0201916  0.04985568 0.04617127 0.02840256
 0.01482816 0.04802618 0.03192613 0.02420276 0.05022828 0.03481809
 0.04617127 0.05022828 0.01482816]
[0.03767163 0.05000572 0.04802549 0.09816247 0.06354138 0.06449053
 0.09467264 0.0396235  0.02613059 0.06354138 0.04296641 0.03213616
 0.02193006 0.05839515 0.02836997 0.03149645 0.0480255  0.03789309
 0.04296641 0.0480255  0.02193006]
[0.02178308 0.0267971  0.04512059 0.22041358 0.05703548 0.12702274
 0.0673437  0.04051939 0.02223445 0.05703548 0.02939378 0.0200819
 0.00828916 0.05084914 0.02643892 0.01801318 0.0451206  0.03370415
 0.02939378 0.0451206  0.00828915]
[0.0307426  0.03583817 0.04551155 0.15423997 0.06279909 0.11201078
 0.05787343 0.04429121 0.03050294 0.06279909 0.03716065 0.03119156
 0.01328654 0.04951671 0.02938296 0.02280334 0.04551156 0.03857913
 0.03716066 0.04551156 0.01328654]
[0.020346   0.03204518 0.02993867 0.21136948 0.06289836 0.11102755
 0.07667904 0.04841783 0.02602857 0.06289836 0.0341916  0.02554935
 0.01240204 0.05318316 0.02635661 0.02178048 0.02993866 0.03841679
 0.03419161 0.02993866 0.01240204]
[0.02952074 0.03595562 0.047831   0.13631298 0.05553413 0.0997967
 0.06431691 0.04768467 0.02134237 0.05553413 0.04705236 0.02789081
 0.01889777 0.05762509 0.02996161 0.02318098 0.047831   0.03995002
 0.04705236 0.047831   0.01889777]
[0.03767163 0.05000572 0.04802549 0.09816247 0.06354138 0.06449053
 0.09467264 0.0396235  0.02613059 0.06354138 0.04296641 0.03213616
 0.02193006 0.05839515 0.02836997 0.03149645 0.0480255  0.03789309
 0.04296641 0.0480255  0.02193006]
[0.02316065 0.0409587  0.04357213 0.20932263 0.05059892 0.09209035
 0.08104976 0.04138574 0.02059538 0.05059892 0.03271285 0.02207944
 0.01359666 0.05742773 0.03112793 0.02296749 0.04357214 0.03330107
 0.03271285 0.04357214 0.01359666]
[0.03735746 0.03922016 0.05051629 0.13170183 0.06330961 0.09029887
 0.06590348 0.04492246 0.02319679 0.06330961 0.04478162 0.02411404
 0.01657486 0.05254941 0.03029952 0.02185206 0.05051629 0.03770291
 0.04478162 0.05051629 0.01657485]
[0.02636376 0.03186649 0.04894957 0.12613095 0.06979649 0.10219218
 0.06677847 0.04586067 0.02002206 0.06979649 0.05816992 0.02543862
 0.01492137 0.04281027 0.02666205 0.02406148 0.04894957 0.02918871
 0.05816992 0.04894957 0.01492137]
[0.02372514 0.03194835 0.0426098  0.18827416 0.06461494 0.09024341
 0.09237089 0.04437696 0.02193342 0.06461494 0.03484756 0.02404036
 0.01492732 0.04618666 0.03302261 0.01834792 0.04260979 0.02892112
 0.03484756 0.04260979 0.01492732]
[0.03388276 0.03357401 0.04858769 0.13486439 0.05212967 0.09445763
 0.08254598 0.05490763 0.0211658  0.05212967 0.04275494 0.02838736
 0.01502611 0.05183115 0.03485235 0.02321277 0.04858769 0.04073362
 0.04275494 0.04858769 0.01502611]
[0.0405983  0.04011821 0.05738957 0.08334719 0.04707779 0.09010781
 0.07991739 0.04550412 0.03084164 0.04707779 0.04479412 0.04166969
 0.0201929  0.04999842 0.02985657 0.03401324 0.05738957 0.03772905
 0.04479413 0.05738957 0.02019289]
[0.02966075 0.03765581 0.04829229 0.14591877 0.05372635 0.07465507
 0.08795628 0.05496071 0.0241342  0.05372635 0.03617684 0.03095465
 0.01777706 0.04834536 0.0327292  0.03330563 0.04829229 0.03948617
 0.03617684 0.04829229 0.01777705]
[0.0258628  0.04006075 0.04758503 0.12350117 0.0553934  0.1333543
 0.06587723 0.0541725  0.02796268 0.0553934  0.04047463 0.03079107
 0.01262744 0.04712607 0.02889745 0.02423128 0.04758503 0.03841668
 0.04047463 0.04758503 0.01262744]
[0.02316065 0.0409587  0.04357213 0.20932263 0.05059892 0.09209035
 0.08104976 0.04138574 0.02059538 0.05059892 0.03271285 0.02207944
 0.01359666 0.05742773 0.03112793 0.02296749 0.04357214 0.03330107
 0.03271285 0.04357214 0.01359666]
[0.02966075 0.03765581 0.04829229 0.14591877 0.05372635 0.07465507
 0.08795628 0.05496071 0.0241342  0.05372635 0.03617684 0.03095465
 0.01777706 0.04834536 0.0327292  0.03330563 0.04829229 0.03948617
 0.03617684 0.04829229 0.01777705]
[0.02636376 0.0318665  0.04894957 0.126131   0.0697965  0.10219217
 0.06677847 0.04586067 0.02002206 0.0697965  0.05816992 0.02543862
 0.01492137 0.04281028 0.02666206 0.02406147 0.04894957 0.02918872
 0.05816992 0.04894957 0.01492137]]