32143
Test: public void test15() throws Throwable { MockDate mockDate0 = new MockDate(); Date date0 = DateUtil.addDays(mockDate0, 0); }
Code: public static Date addDays(@NotNull final Date date, final int amount) { return DateUtils.addDays(date, amount); }
[[0.05646062 0.15496963 0.02576387 0.07831798 0.04427711 0.02576387
 0.131897   0.04427711 0.03728291 0.09348032 0.06738425 0.06116149
 0.07831799 0.07831799 0.02232782]
[0.05555657 0.140559   0.02071358 0.07580867 0.03975043 0.02071358
 0.1357053  0.03975043 0.02956434 0.12362829 0.0897149  0.05201218
 0.07580867 0.07580867 0.0249054 ]
[0.04756611 0.15081334 0.02560973 0.07293821 0.03798441 0.02560973
 0.15980856 0.03798441 0.03361591 0.0870097  0.08782226 0.06979986
 0.07293822 0.07293822 0.01756134]
[0.04495676 0.15157384 0.02448336 0.07587346 0.04200593 0.02448336
 0.14155203 0.04200593 0.02954105 0.127722   0.0666337  0.05444264
 0.07587347 0.07587347 0.02297897]
[0.05212804 0.15311557 0.02443414 0.08363007 0.0342562  0.02443414
 0.12827216 0.0342562  0.02362135 0.09896266 0.08327908 0.07566884
 0.08363008 0.08363008 0.01668137]
[0.04756611 0.15081334 0.02560973 0.07293821 0.03798441 0.02560973
 0.15980856 0.03798441 0.03361591 0.0870097  0.08782226 0.06979986
 0.07293822 0.07293822 0.01756134]
[0.03838737 0.18263467 0.01616772 0.07555    0.03935027 0.01616772
 0.15215422 0.03935027 0.02444557 0.0826584  0.09622528 0.07181306
 0.07555    0.07555    0.01399543]
[0.05212804 0.15311557 0.02443414 0.08363007 0.0342562  0.02443414
 0.12827216 0.0342562  0.02362135 0.09896266 0.08327908 0.07566884
 0.08363008 0.08363008 0.01668137]
[0.03413607 0.19338982 0.01801403 0.09157216 0.04428855 0.01801403
 0.12695873 0.04428855 0.02616412 0.08210002 0.06825668 0.05401232
 0.09157218 0.09157218 0.0156605 ]
[0.0471288  0.18118392 0.01874919 0.06676689 0.04789271 0.01874919
 0.1459916  0.04789271 0.02896531 0.09582582 0.08328737 0.06794319
 0.06676689 0.06676689 0.01608945]
[0.05663265 0.12768796 0.0284726  0.07753228 0.05530836 0.0284726
 0.09700686 0.05530836 0.02786985 0.11026683 0.08356274 0.06615542
 0.0775323  0.0775323  0.03065893]
[0.03791437 0.16741799 0.01951372 0.07816862 0.03413468 0.01951372
 0.19740433 0.03413468 0.0235768  0.08796778 0.06883042 0.05595412
 0.07816864 0.07816864 0.01913152]
[0.04495677 0.15157385 0.02448336 0.07587346 0.04200593 0.02448336
 0.141552   0.04200593 0.02954105 0.127722   0.06663372 0.05444264
 0.07587347 0.07587347 0.02297898]
[0.04495677 0.15157385 0.02448336 0.07587346 0.04200593 0.02448336
 0.141552   0.04200593 0.02954105 0.127722   0.06663372 0.05444264
 0.07587347 0.07587347 0.02297898]
[0.03836531 0.15289202 0.01704103 0.07306001 0.03408907 0.01704103
 0.1554346  0.03408907 0.02938357 0.10991491 0.09101736 0.08160019
 0.07306002 0.07306003 0.01995178]]