34612
Test: public void test11() throws Throwable { ASTSetSubNode aSTSetSubNode0 = new ASTSetSubNode((-1981)); String string0 = InterpreterBase.stringifyPropertyValue(aSTSetSubNode0); }
Code: protected static String stringifyPropertyValue(final JexlNode node) { return node != null? new Debugger().depth(1).data(node) : "???"; }
[[0.05284401 0.12380408 0.04904995 0.05118228 0.05118228 0.03772862
 0.08534593 0.04770784 0.2562756  0.02256482 0.05118228 0.01754124
 0.05118228 0.03478267 0.05118228 0.0164438 ]
[0.06333283 0.12228756 0.05875268 0.05468294 0.05468294 0.05538556
 0.08717162 0.04033623 0.1861387  0.03064816 0.05468294 0.01849413
 0.05468294 0.04125615 0.05468294 0.02278172]
[0.05626179 0.1389648  0.04699931 0.05746283 0.05746283 0.06180698
 0.07286091 0.04391698 0.19635877 0.02633583 0.05746283 0.01809619
 0.05746283 0.0332598  0.05746283 0.01782451]
[0.06648605 0.13009891 0.05846905 0.05497646 0.05497646 0.0506417
 0.06503698 0.04170625 0.20531888 0.02467817 0.05497646 0.02689433
 0.05497646 0.03447077 0.05497646 0.02131661]
[0.06648605 0.13009891 0.05846905 0.05497646 0.05497646 0.0506417
 0.06503698 0.04170625 0.20531888 0.02467817 0.05497646 0.02689433
 0.05497646 0.03447077 0.05497646 0.02131661]
[0.06969729 0.13308293 0.05398783 0.04888452 0.04888452 0.0432537
 0.07641274 0.05156606 0.2408841  0.01886855 0.04888452 0.02018611
 0.04888452 0.03324068 0.04888452 0.01439738]
[0.07231032 0.11294281 0.05667074 0.05251481 0.05251481 0.05127285
 0.08299953 0.04926416 0.19054882 0.03342498 0.05251481 0.02290612
 0.05251481 0.03773288 0.05251481 0.02735277]
[0.05630855 0.13945186 0.04804619 0.04840568 0.04840568 0.04585871
 0.06230211 0.03710021 0.29218584 0.01771737 0.04840568 0.01540943
 0.04840568 0.02702622 0.04840568 0.01656502]
[0.04983474 0.14348522 0.05520532 0.05291801 0.05291801 0.05579989
 0.07703996 0.04609502 0.2306614  0.01639172 0.05291801 0.01376982
 0.05291801 0.03063452 0.05291801 0.01649233]
[0.05430327 0.2022259  0.05876922 0.04318545 0.04318545 0.03314539
 0.07448658 0.03618711 0.27081722 0.01185149 0.04318545 0.0120733
 0.04318545 0.01804761 0.04318545 0.01216566]
[0.06648605 0.13009891 0.05846905 0.05497646 0.05497646 0.0506417
 0.06503698 0.04170625 0.20531888 0.02467817 0.05497646 0.02689433
 0.05497646 0.03447077 0.05497646 0.02131661]
[0.06155854 0.11161779 0.05505965 0.04996332 0.04996332 0.05610585
 0.07462691 0.05015159 0.2285224  0.02489584 0.04996332 0.02183743
 0.04996332 0.04487942 0.04996332 0.02092787]
[0.06648605 0.13009891 0.05846905 0.05497646 0.05497646 0.0506417
 0.06503698 0.04170625 0.20531888 0.02467817 0.05497646 0.02689433
 0.05497646 0.03447077 0.05497646 0.02131661]
[0.05648305 0.12983412 0.05256274 0.05393214 0.05393214 0.05483631
 0.07371154 0.05643351 0.19757125 0.02869274 0.05393214 0.02326295
 0.05393214 0.03198834 0.05393214 0.02496271]
[0.06648605 0.13009891 0.05846905 0.05497646 0.05497646 0.0506417
 0.06503698 0.04170625 0.20531888 0.02467817 0.05497646 0.02689433
 0.05497646 0.03447077 0.05497646 0.02131661]
[0.05798478 0.13963024 0.05338307 0.05214459 0.05214459 0.04119768
 0.08929488 0.06789678 0.20105909 0.02292929 0.05214459 0.016443
 0.05214459 0.03092911 0.05214459 0.01852911]]