140694
Test: public void test48() throws Throwable { String string0 = StringUtil.normaliseWhitespace(" "); }
Code: public static String normaliseWhitespace(String string) { StringBuilder sb = StringUtil.borrowBuilder(); appendNormalisedWhitespace(sb, string, false); return StringUtil.releaseBuilder(sb); }
[[0.0559485  0.13809963 0.07419203 0.07759915 0.04587995 0.05792335
 0.04549086 0.03381654 0.03413946 0.07759915 0.07759915 0.0463736
 0.07803684 0.05951374 0.07759915 0.02018903]
[0.05358347 0.12850532 0.08489008 0.07399606 0.04318739 0.07822827
 0.05992264 0.02717992 0.03459438 0.07399606 0.07399606 0.03642475
 0.08559705 0.04959622 0.07399606 0.02230633]
[0.05387612 0.14307503 0.06469578 0.07930431 0.04702383 0.06566656
 0.05800087 0.02525991 0.0371105  0.07930431 0.07930431 0.04010369
 0.07759077 0.05282728 0.07930431 0.01755246]
[0.04337839 0.13828784 0.08423904 0.07459395 0.03888423 0.05664114
 0.06384003 0.02807975 0.04403925 0.07459395 0.07459395 0.03929683
 0.09248696 0.05232927 0.07459395 0.02012144]
[0.04543417 0.13840005 0.07816995 0.08415601 0.03906497 0.06177285
 0.05014098 0.02372604 0.0367802  0.08415601 0.08415601 0.03345932
 0.08481736 0.05452542 0.08415601 0.01708471]
[0.05172366 0.11496166 0.08108842 0.07179864 0.04721617 0.07410652
 0.05774324 0.03257789 0.04265039 0.07179864 0.07179864 0.03975663
 0.08269644 0.06071017 0.07179864 0.02757417]
[0.05044906 0.13174865 0.07762528 0.07439309 0.04573184 0.07825786
 0.05012527 0.02899104 0.03225811 0.07439309 0.07439309 0.04309484
 0.08002242 0.06250261 0.07439309 0.02162058]
[0.04958817 0.12836908 0.09465174 0.07851444 0.04488533 0.06538814
 0.05015384 0.02546539 0.03309438 0.07851444 0.07851444 0.03956913
 0.07483659 0.05800816 0.07851444 0.02193227]
[0.05555296 0.11895182 0.06709375 0.07880627 0.04759959 0.05456673
 0.05209342 0.036047   0.04370577 0.07880627 0.07880627 0.03930256
 0.0851806  0.05942515 0.07880627 0.02525558]
[0.04337839 0.13828784 0.08423904 0.07459395 0.03888423 0.05664114
 0.06384003 0.02807975 0.04403925 0.07459395 0.07459395 0.03929683
 0.09248696 0.05232927 0.07459395 0.02012144]
[0.04337839 0.13828784 0.08423904 0.07459395 0.03888423 0.05664114
 0.06384003 0.02807975 0.04403925 0.07459395 0.07459395 0.03929683
 0.09248696 0.05232927 0.07459395 0.02012144]
[0.04881432 0.13418464 0.06521694 0.08244578 0.03965829 0.07543267
 0.05346235 0.02490863 0.03278204 0.08244578 0.08244578 0.04430813
 0.08106118 0.05482562 0.08244578 0.01556211]
[0.05175412 0.10717207 0.08258646 0.08086386 0.05022766 0.06919066
 0.06060643 0.02690541 0.03633112 0.08086386 0.08086386 0.03078419
 0.08788827 0.05433172 0.08086386 0.01876638]
[0.03672594 0.14672598 0.09888338 0.08057427 0.04182366 0.05673378
 0.04846773 0.02579169 0.03498635 0.08057427 0.08057427 0.04285007
 0.07249609 0.05590582 0.08057427 0.01631239]
[0.04337839 0.13828784 0.08423904 0.07459395 0.03888423 0.05664114
 0.06384003 0.02807975 0.04403925 0.07459395 0.07459395 0.03929683
 0.09248696 0.05232927 0.07459395 0.02012144]
[0.03826443 0.138991   0.07022846 0.07487973 0.04188474 0.07915904
 0.04733622 0.02812972 0.03251767 0.07487973 0.07487973 0.05015608
 0.07782777 0.07802697 0.07487973 0.01795899]]