164937
Test: public void test10() throws Throwable { double[] doubleArray0 = new double[3]; doubleArray0[0] = 1042.94129003714; AliasMethodDiscreteSampler aliasMethodDiscreteSampler0 = (AliasMethodDiscreteSampler)AliasMethodDiscreteSampler.of((UniformRandomProvider) null, doubleArray0, (-3566)); // Undeclared exception!  aliasMethodDiscreteSampler0.toString();   }
Code: public String toString() { return "Alias method [" + rng.toString() + "]"; }
[[0.07061736 0.08963138 0.08822678 0.10146998 0.07861996 0.09797158
 0.07732145 0.07341836 0.05738542 0.09797158 0.05738542 0.07829341
 0.0316873 ]
[0.07164308 0.08078749 0.09078129 0.1175116  0.0737871  0.09881914
 0.08492256 0.06887838 0.06198038 0.09881914 0.06198038 0.06100955
 0.02907987]
[0.05452156 0.12610185 0.08133544 0.1085264  0.08273469 0.0953
 0.09058513 0.05087236 0.05453115 0.09530002 0.05453115 0.07768422
 0.02797602]
[0.06955407 0.09784796 0.06814884 0.11721066 0.07934397 0.08871852
 0.08323546 0.05106501 0.07291195 0.08871853 0.07291195 0.0698638
 0.04046928]
[0.05179463 0.11062331 0.06926811 0.10529014 0.07450613 0.10128392
 0.0859146  0.05931384 0.07172284 0.10128392 0.07172284 0.06862552
 0.02865015]
[0.05808892 0.10377237 0.08647922 0.09957063 0.07070123 0.09559962
 0.07235804 0.05949663 0.08063033 0.09559962 0.08063033 0.0637715
 0.03330152]
[0.05215321 0.09935433 0.08577858 0.1251498  0.0837177  0.09483401
 0.08076935 0.05180624 0.06501377 0.09483401 0.06501377 0.07562955
 0.02594564]
[0.0601464  0.1142929  0.07400586 0.12720661 0.09175835 0.08796555
 0.07462615 0.04593654 0.06755327 0.08796555 0.06755327 0.07032365
 0.0306659 ]
[0.06890218 0.10635941 0.07848271 0.10053652 0.08217594 0.09315901
 0.09009388 0.05968833 0.05911452 0.09315902 0.05911452 0.07488607
 0.03432792]
[0.05808892 0.10377237 0.08647922 0.09957063 0.07070123 0.09559962
 0.07235804 0.05949663 0.08063033 0.09559962 0.08063033 0.0637715
 0.03330152]
[0.06890218 0.10635941 0.07848271 0.10053652 0.08217594 0.09315901
 0.09009388 0.05968833 0.05911452 0.09315902 0.05911452 0.07488607
 0.03432792]
[0.0594771  0.10836871 0.08515151 0.11534256 0.08453068 0.09193225
 0.09893718 0.05700256 0.05732927 0.09193226 0.05732927 0.07032806
 0.02233855]
[0.0484907  0.08871967 0.091374   0.13795926 0.1097617  0.08837337
 0.0985522  0.05669318 0.05385166 0.08837337 0.05385166 0.0549541
 0.02904511]]