33483
Test: public void test423() throws Throwable { JexlArithmetic jexlArithmetic0 = new JexlArithmetic(false); Double double0 = new Double(81.0); Double double1 = new Double((-1.0)); Double.min(81.0, (-1.0)); jexlArithmetic0.greaterThanOrEqual(double0, double0); int int0 = JexlArithmetic.BIGD_SCALE; JexlArithmetic.isMultiplyExact((-1), (-2147483648L), (-2569L)); jexlArithmetic0.add("`dUQ8(!<XS", "`dUQ8(!<XS"); BigDecimal bigDecimal0 = new BigDecimal(1100.541); jexlArithmetic0.empty(bigDecimal0); }
Code: public Boolean empty(final Object object) { return object == null || isEmpty(object, false); }
[[0.05396647 0.19546807 0.07486209 0.04157997 0.09073526 0.0684003
 0.0589528  0.02918106 0.08613709 0.06245662 0.05068175 0.07486209
 0.09050129 0.02221508]
[0.05578675 0.16937435 0.0768029  0.03290565 0.11161745 0.08037132
 0.07223818 0.02708039 0.08250619 0.05995834 0.04327297 0.0768029
 0.09205037 0.01923223]
[0.04836856 0.16817626 0.08240345 0.03625392 0.08672853 0.0674231
 0.05846172 0.02797606 0.09343164 0.05460133 0.06037736 0.08240345
 0.10981528 0.02357933]
[0.05276896 0.1901526  0.07125697 0.0374954  0.09024529 0.09825702
 0.06471092 0.03168666 0.09112811 0.05318657 0.04768043 0.07125697
 0.08133122 0.01884292]
[0.04545707 0.1525192  0.09815066 0.03310988 0.09765547 0.07328457
 0.06858183 0.03074327 0.08054036 0.05400218 0.05060039 0.09815069
 0.09689821 0.02030618]
[0.06256101 0.13157064 0.08855176 0.03725222 0.08953262 0.08580054
 0.07393131 0.03761204 0.07034861 0.0535007  0.05139646 0.08855177
 0.09677865 0.03261162]
[0.04103802 0.21210083 0.08530019 0.03843055 0.08645543 0.07308574
 0.06080689 0.02130648 0.08385442 0.05483119 0.04475021 0.08530019
 0.09234812 0.02039164]
[0.03988218 0.17360738 0.0795675  0.03965902 0.11078741 0.07400669
 0.07042667 0.02358543 0.07634075 0.05657441 0.04050118 0.0795675
 0.12362304 0.01187083]
[0.03623882 0.23080155 0.06474891 0.03685834 0.0883335  0.07558236
 0.05844538 0.02264012 0.09302852 0.04867823 0.05096216 0.06474891
 0.11261246 0.01632064]
[0.05138071 0.14818195 0.0791088  0.03974227 0.09648593 0.10173695
 0.08090721 0.03347664 0.08201495 0.04861002 0.04825956 0.0791088
 0.09470561 0.01628064]
[0.0417913  0.17892012 0.087502   0.03275393 0.10675252 0.09963836
 0.06009995 0.02867288 0.07235608 0.05154917 0.04679042 0.08750199
 0.09230778 0.01336352]
[0.04836856 0.16817626 0.08240345 0.03625392 0.08672853 0.0674231
 0.05846172 0.02797606 0.09343164 0.05460133 0.06037736 0.08240345
 0.10981528 0.02357933]
[0.05793023 0.17040008 0.08972693 0.03262129 0.0859731  0.084379
 0.06228621 0.02583126 0.06432809 0.05411732 0.05346234 0.08972693
 0.10674471 0.02247249]
[0.04219148 0.15312877 0.08267576 0.04050834 0.11503704 0.08664095
 0.0858492  0.0342285  0.07126223 0.0496931  0.05108064 0.08267576
 0.08533344 0.01969487]]