26503
Test: public void test21() throws Throwable { Vector3D.Unit vector3D_Unit0 = Vector3D.Unit.PLUS_Y; Precision.DoubleEquivalence precision_DoubleEquivalence0 = mock(Precision.DoubleEquivalence.class, new ViolatedAssumptionAnswer()); doReturn(false, true, true, false, false).when(precision_DoubleEquivalence0).eq(anyDouble() , anyDouble()); doReturn(false, false, false, true).when(precision_DoubleEquivalence0).eqZero(anyDouble()); Plane plane0 = new Plane(vector3D_Unit0, (-1024.24), precision_DoubleEquivalence0); QuaternionRotation quaternionRotation0 = QuaternionRotation.of(3.141592653589793, (-1024.24), 3.141592653589793, 3.141592653589793); Plane plane1 = plane0.rotate(vector3D_Unit0, quaternionRotation0); plane1.intersection(plane0); plane1.transform(quaternionRotation0); boolean boolean0 = plane0.isParallel(plane0); }
Code: public boolean isParallel(final Line3D line) { final double dot = normal.dot(line.getDirection()); return getPrecision().eqZero(dot); }
[[0.05475503 0.1275813  0.07596803 0.07596803 0.04556156 0.08200597
 0.04513612 0.0934788  0.12591277 0.03502733 0.07596803 0.06137115
 0.07596804 0.02529785]
[0.03973921 0.19001906 0.07469973 0.07469973 0.03064578 0.10981193
 0.03990688 0.06903756 0.10188095 0.03127046 0.07469973 0.06879485
 0.07469974 0.02009442]
[0.04464591 0.1556528  0.07267141 0.07267141 0.04850816 0.08097517
 0.04604685 0.08224158 0.11984582 0.05015466 0.07267141 0.05445682
 0.07267143 0.02678656]
[0.04464591 0.1556528  0.07267141 0.07267141 0.04850816 0.08097517
 0.04604685 0.08224158 0.11984582 0.05015466 0.07267141 0.05445682
 0.07267143 0.02678656]
[0.04897176 0.15681776 0.08159514 0.08159514 0.03288076 0.09862994
 0.04668403 0.06854106 0.09921791 0.02821525 0.08159514 0.07653458
 0.08159515 0.01712633]
[0.05932442 0.11909387 0.07340395 0.07340395 0.04076482 0.10505335
 0.05863287 0.07844599 0.09273445 0.04982576 0.07340395 0.06701044
 0.07340395 0.03549827]
[0.05172025 0.1341431  0.07426625 0.07426625 0.03567047 0.09619699
 0.03543434 0.09651686 0.11940464 0.03987838 0.07426625 0.07544836
 0.07426625 0.01852162]
[0.04301606 0.16302153 0.07409073 0.07409073 0.02872458 0.09166871
 0.03995667 0.08842    0.1229874  0.03281431 0.07409074 0.07015644
 0.07409075 0.02287133]
[0.06077759 0.14805807 0.0730401  0.0730401  0.03822577 0.08647354
 0.05392637 0.07090277 0.13704118 0.03255364 0.07304011 0.0542159
 0.07304011 0.02566473]
[0.0601015  0.11702433 0.08486645 0.08486645 0.04377434 0.07299495
 0.05080504 0.07262579 0.09427609 0.05130342 0.08486645 0.06693929
 0.08486646 0.03068941]
[0.04464591 0.1556528  0.07267141 0.07267141 0.04850816 0.08097517
 0.04604685 0.08224158 0.11984582 0.05015466 0.07267141 0.05445682
 0.07267143 0.02678656]
[0.03943362 0.17339757 0.0737834  0.0737834  0.03289051 0.08697538
 0.0375332  0.07971716 0.13687414 0.03915505 0.0737834  0.05555575
 0.07378341 0.02333407]
[0.04464592 0.1556528  0.07267141 0.07267141 0.04850817 0.08097518
 0.04604685 0.08224156 0.1198458  0.05015466 0.07267141 0.05445682
 0.07267141 0.02678656]
[0.03993652 0.12998213 0.07208289 0.07208289 0.03999528 0.11766848
 0.03725852 0.0964732  0.09644297 0.03774575 0.07208289 0.09156846
 0.07208291 0.02459704]]