62341
Test: public void test37() throws Throwable { LinkedList<Object> linkedList0 = new LinkedList<Object>(); PeriodFormatterBuilder.Composite periodFormatterBuilder_Composite0 = new PeriodFormatterBuilder.Composite(linkedList0); Locale locale0 = new Locale(""); PeriodType periodType0 = PeriodType.time(); PeriodFormatter periodFormatter0 = new PeriodFormatter((PeriodPrinter) null, periodFormatterBuilder_Composite0, locale0, periodType0); PeriodFormatter periodFormatter1 = periodFormatter0.withParseType(periodType0); }
Code: public PeriodFormatter withParseType(PeriodType type) { if (type == iParseType) { return this; } return new PeriodFormatter(iPrinter, iParser, iLocale, type); }
[[0.04021734 0.1359005  0.05579367 0.04611824 0.05550441 0.10859542
 0.01574183 0.0628993  0.05579367 0.05550441 0.04449284 0.03545501
 0.01754657 0.04449284 0.02015408 0.05579367 0.05579367 0.05068284
 0.02597314 0.01754657]
[0.03460925 0.14762706 0.04830931 0.04169536 0.06857272 0.11052739
 0.01178677 0.04369623 0.04830931 0.06857272 0.04530157 0.0339084
 0.01937027 0.04530157 0.01720914 0.04830931 0.0483093  0.07628008
 0.02293395 0.01937027]
[0.03354081 0.12370186 0.05573428 0.0503775  0.05453688 0.08285257
 0.01469027 0.0633224  0.05573428 0.05453688 0.04074521 0.0332121
 0.01843644 0.04074521 0.02561575 0.05573428 0.05573428 0.09004252
 0.03227005 0.01843644]
[0.03700161 0.15191662 0.04779144 0.05705963 0.06385635 0.10839183
 0.0087795  0.04905108 0.04779144 0.06385635 0.04823453 0.02793769
 0.01261064 0.04823453 0.01856231 0.04779144 0.04779144 0.07333392
 0.02739698 0.01261064]
[0.04299614 0.09040597 0.05527446 0.05614095 0.07148857 0.0737416
 0.01822088 0.04546217 0.05527446 0.07148857 0.04917437 0.03651073
 0.02483008 0.04917437 0.02364763 0.05527446 0.05527447 0.07511215
 0.0256779  0.02483008]
[0.025214   0.16994923 0.05476587 0.05405232 0.06055869 0.14498888
 0.00515602 0.04890405 0.05476587 0.06055869 0.03368232 0.02192469
 0.00897579 0.03368232 0.01006374 0.05476587 0.05476587 0.07183283
 0.0224172  0.00897579]
[0.02943116 0.14505284 0.05865293 0.05660971 0.06024136 0.10760234
 0.0088553  0.06381784 0.05865293 0.06024136 0.04424838 0.02500234
 0.01025065 0.04424838 0.01494478 0.05865293 0.05865293 0.05941683
 0.02517437 0.01025065]
[0.02393902 0.17337331 0.0371533  0.05443035 0.06785629 0.1312862
 0.00767453 0.05811391 0.0371533  0.06785629 0.03981561 0.02843441
 0.01361881 0.03981561 0.01616508 0.0371533  0.0371533  0.09110365
 0.02428489 0.01361881]
[0.03354081 0.12370186 0.05573428 0.0503775  0.05453688 0.08285257
 0.01469027 0.0633224  0.05573428 0.05453688 0.04074521 0.0332121
 0.01843644 0.04074521 0.02561575 0.05573428 0.05573428 0.09004252
 0.03227005 0.01843644]
[0.04299614 0.09040597 0.05527446 0.05614095 0.07148857 0.0737416
 0.01822088 0.04546217 0.05527446 0.07148857 0.04917437 0.03651073
 0.02483008 0.04917437 0.02364763 0.05527446 0.05527447 0.07511215
 0.0256779  0.02483008]
[0.02860812 0.14993727 0.05632568 0.04789165 0.05737223 0.11705875
 0.01049881 0.05437651 0.05632568 0.05737223 0.04128698 0.02631406
 0.0156496  0.04128698 0.01697132 0.05632568 0.05632567 0.07135315
 0.02307    0.0156496 ]
[0.04203484 0.10467933 0.05831381 0.04553117 0.06814446 0.10168734
 0.01176465 0.05210342 0.05831381 0.06814446 0.05067331 0.02663136
 0.01818429 0.05067331 0.01797336 0.05831381 0.05831382 0.06326009
 0.02707506 0.01818429]
[0.02762256 0.12737034 0.05090913 0.05046772 0.07531016 0.1075501
 0.00782269 0.04823591 0.05090913 0.07531016 0.06157785 0.0270004
 0.01599806 0.06157785 0.01550466 0.05090913 0.05090913 0.05840683
 0.02061009 0.01599806]
[0.02860812 0.14993727 0.05632568 0.04789165 0.05737223 0.11705875
 0.01049881 0.05437651 0.05632568 0.05737223 0.04128698 0.02631406
 0.0156496  0.04128698 0.01697132 0.05632568 0.05632567 0.07135315
 0.02307    0.0156496 ]
[0.03413625 0.11734616 0.05193452 0.05058877 0.06281321 0.11539469
 0.01234042 0.06212552 0.05193452 0.06281321 0.04805381 0.02490871
 0.01816895 0.04805381 0.02207655 0.05193452 0.05193452 0.06987967
 0.02539321 0.01816895]
[0.03354081 0.12370186 0.05573428 0.0503775  0.05453688 0.08285257
 0.01469027 0.0633224  0.05573428 0.05453688 0.04074521 0.0332121
 0.01843644 0.04074521 0.02561575 0.05573428 0.05573428 0.09004252
 0.03227005 0.01843644]
[0.03354081 0.12370186 0.05573428 0.0503775  0.05453688 0.08285257
 0.01469027 0.0633224  0.05573428 0.05453688 0.04074521 0.0332121
 0.01843644 0.04074521 0.02561575 0.05573428 0.05573428 0.09004252
 0.03227005 0.01843644]
[0.0445638  0.15834817 0.04958225 0.05973713 0.06278242 0.10414855
 0.01081552 0.04143208 0.04958225 0.06278242 0.04143214 0.02825486
 0.01503151 0.04143214 0.01531565 0.04958225 0.04958226 0.0714789
 0.02908419 0.01503151]
[0.03560593 0.14759341 0.05433979 0.04412337 0.06712648 0.10411111
 0.0135527  0.04796521 0.05433979 0.06712648 0.05121976 0.02016906
 0.01566643 0.05121976 0.01417998 0.05433979 0.05433979 0.06387635
 0.02343842 0.01566643]
[0.02762256 0.12737034 0.05090913 0.05046772 0.07531016 0.1075501
 0.00782269 0.04823591 0.05090913 0.07531016 0.06157785 0.0270004
 0.01599806 0.06157785 0.01550466 0.05090913 0.05090913 0.05840683
 0.02061009 0.01599806]]