14978
Test: public void test19() throws Throwable { Object object0 = new Object(); DurationFormatUtils.Token durationFormatUtils_Token0 = new DurationFormatUtils.Token(object0); DurationFormatUtils.Token durationFormatUtils_Token1 = new DurationFormatUtils.Token(durationFormatUtils_Token0, 1212); durationFormatUtils_Token0.toString(); durationFormatUtils_Token1.increment(); DurationFormatUtils.Token durationFormatUtils_Token2 = new DurationFormatUtils.Token(durationFormatUtils_Token1); durationFormatUtils_Token1.increment(); durationFormatUtils_Token2.toString(); DurationFormatUtils.Token durationFormatUtils_Token3 = new DurationFormatUtils.Token(durationFormatUtils_Token2, (-276)); durationFormatUtils_Token3.increment(); durationFormatUtils_Token3.toString(); DurationFormatUtils durationFormatUtils0 = new DurationFormatUtils(); durationFormatUtils_Token2.increment(); durationFormatUtils_Token1.increment(); durationFormatUtils_Token3.increment(); DurationFormatUtils.formatPeriodISO((-276), 1212); durationFormatUtils_Token0.toString(); durationFormatUtils_Token2.toString(); DurationFormatUtils.Token[] durationFormatUtils_TokenArray0 = DurationFormatUtils.lexx("*\"$Axn+"); durationFormatUtils_Token3.toString(); durationFormatUtils_Token0.getValue(); durationFormatUtils_Token0.increment(); DurationFormatUtils.lexx(""); DurationFormatUtils.format(durationFormatUtils_TokenArray0, 1212, (-626L), (-276), 2161L, (-276), (-1L), (-3369L), true); // Undeclared exception!  DurationFormatUtils.formatDuration((-3369L), "", true);   }
Code: public static String formatDuration(final long durationMillis, final String format) { return formatDuration(durationMillis, format, true); }
[[0.04623055 0.13764322 0.05939998 0.06413347 0.07685265 0.06413347
 0.03706598 0.05939998 0.07442512 0.06132818 0.05083963 0.06413347
 0.05936398 0.12542175 0.01962855]
[0.04858406 0.1333491  0.07158049 0.06499498 0.06113116 0.06499498
 0.03635107 0.07158049 0.05808535 0.09071572 0.04632455 0.06499496
 0.05132993 0.11167087 0.02431222]
[0.04794941 0.14458428 0.05518934 0.06755538 0.06196446 0.06755538
 0.03696086 0.05518934 0.0748374  0.07220117 0.04862864 0.06755538
 0.05844745 0.12314444 0.01823702]
[0.0386615  0.13798447 0.0696872  0.06392185 0.06622563 0.06392185
 0.03827079 0.0696872  0.06510154 0.06463999 0.0470127  0.06392185
 0.06687272 0.12236342 0.02172729]
[0.03114495 0.16274737 0.06587581 0.05738478 0.06304014 0.05738478
 0.02961066 0.06587581 0.07543194 0.07810178 0.04597307 0.05738477
 0.04826819 0.14340144 0.01837452]
[0.0386615  0.13798447 0.0696872  0.06392185 0.06622563 0.06392185
 0.03827079 0.0696872  0.06510154 0.06463999 0.0470127  0.06392185
 0.06687272 0.12236342 0.02172729]
[0.0445372  0.13316163 0.06662407 0.06644026 0.06497528 0.06644026
 0.03009997 0.06662407 0.0552618  0.07896017 0.06486376 0.06644026
 0.04375083 0.13643417 0.01538625]
[0.04794941 0.14458428 0.05518934 0.06755538 0.06196446 0.06755538
 0.03696086 0.05518934 0.0748374  0.07220117 0.04862864 0.06755538
 0.05844745 0.12314444 0.01823702]
[0.03092549 0.14292116 0.06142861 0.06857994 0.07087041 0.06857994
 0.02961341 0.06142861 0.0723705  0.07780083 0.05927014 0.06857994
 0.04990803 0.1261385  0.01158448]
[0.04902306 0.11910377 0.06822348 0.06201169 0.07536355 0.06201169
 0.04833104 0.06822348 0.06649737 0.0837757  0.05577115 0.06201169
 0.04757483 0.10332946 0.02874812]
[0.03099958 0.14741892 0.06616405 0.06060008 0.08243243 0.06060008
 0.02880396 0.06616405 0.07836071 0.06305667 0.04458585 0.06060008
 0.04461277 0.14844453 0.01715621]
[0.0386615  0.13798447 0.0696872  0.06392185 0.06622563 0.06392185
 0.03827079 0.0696872  0.06510154 0.06463999 0.0470127  0.06392185
 0.06687272 0.12236342 0.02172729]
[0.04377579 0.12729998 0.07301203 0.05734528 0.07316121 0.05734528
 0.04318331 0.07301203 0.05972128 0.05961066 0.05565765 0.05734528
 0.04399019 0.15203595 0.02350406]
[0.04527881 0.12511568 0.06553487 0.07075503 0.06182171 0.07075503
 0.04461553 0.06553487 0.0684447  0.0721273  0.04819783 0.07075503
 0.04925874 0.12111619 0.0206886 ]
[0.0341011  0.14412983 0.06245874 0.06371283 0.0553654  0.06371283
 0.03084825 0.06245874 0.05445056 0.08798596 0.07457855 0.06371283
 0.04578917 0.13777786 0.01891735]]