78392
Test: public void test1() throws Throwable { BasicType basicType0 = Type.INT; BasicType basicType1 = Type.SHORT; boolean boolean0 = basicType1.equals(basicType0); }
Code: public boolean equals( final Object _type ) { return (_type instanceof BasicType) ? ((BasicType) _type).getType() == this.getType() : false; }
[[0.03989272 0.09697563 0.05534394 0.03235141 0.03084493 0.05534394
 0.07190098 0.05570276 0.04421354 0.03513913 0.01877714 0.05534394
 0.06863352 0.05534394 0.05534394 0.06220721 0.05534395 0.0378621
 0.05588891 0.01754636]
[0.02893747 0.15055336 0.05540632 0.02759171 0.0220301  0.05540632
 0.07219738 0.07228176 0.04767786 0.02761696 0.01588188 0.05540632
 0.06719118 0.05540632 0.05540632 0.04392637 0.05540632 0.02163961
 0.0565057  0.01353086]
[0.03202613 0.11745301 0.05301271 0.03160282 0.02541179 0.05301271
 0.07767719 0.05320544 0.03893504 0.03262595 0.02779485 0.05301271
 0.07223137 0.05301271 0.05301271 0.06024952 0.05301271 0.03094767
 0.06385597 0.01790704]
[0.03749356 0.10590573 0.05655845 0.02523569 0.027132   0.05655845
 0.07883675 0.06549741 0.05457875 0.02930643 0.02172252 0.05655845
 0.06612618 0.05655845 0.05655845 0.05513373 0.05655845 0.02981513
 0.05105408 0.01281128]
[0.03713447 0.13476601 0.04737769 0.02695748 0.02567649 0.04737769
 0.07890202 0.0815374  0.04539977 0.03114538 0.02204401 0.04737769
 0.06795071 0.04737769 0.04737769 0.05975948 0.0473777  0.02786175
 0.06167305 0.01492594]
[0.03202613 0.11745301 0.05301271 0.03160282 0.02541179 0.05301271
 0.07767719 0.05320544 0.03893504 0.03262595 0.02779485 0.05301271
 0.07223137 0.05301271 0.05301271 0.06024952 0.05301271 0.03094767
 0.06385597 0.01790704]
[0.03775042 0.12466474 0.05037397 0.03651889 0.02530438 0.05037397
 0.0633325  0.08052488 0.04377121 0.03927565 0.02281366 0.05037397
 0.06112378 0.05037397 0.05037397 0.05299691 0.05037398 0.03870594
 0.05094586 0.02002728]
[0.0422794  0.08905333 0.05386258 0.04164863 0.0251791  0.05386258
 0.07246218 0.07139657 0.04821093 0.03559914 0.03160834 0.05386258
 0.05285537 0.05386258 0.05386258 0.04445083 0.05386259 0.03511987
 0.06233247 0.02462847]
[0.02796026 0.14148349 0.05506478 0.02587019 0.02638569 0.05506478
 0.07041048 0.05604296 0.04035714 0.02760699 0.02067013 0.05506478
 0.07612475 0.05506478 0.05506478 0.05316415 0.05506478 0.02627548
 0.06197117 0.0152885 ]
[0.03029957 0.13871932 0.05571934 0.03070138 0.02662127 0.05571934
 0.07672799 0.06731904 0.03832242 0.02756232 0.01846917 0.05571934
 0.06585998 0.05571934 0.05571934 0.05671727 0.05571933 0.02434785
 0.05274367 0.01127264]
[0.0315341  0.12238438 0.05043898 0.0283891  0.02730352 0.05043898
 0.09418321 0.0548481  0.03960388 0.03052404 0.01916399 0.05043898
 0.08622435 0.05043898 0.05043898 0.06562941 0.05043898 0.02894431
 0.05258293 0.01605087]
[0.03202613 0.11745301 0.05301271 0.03160282 0.02541179 0.05301271
 0.07767719 0.05320544 0.03893504 0.03262595 0.02779485 0.05301271
 0.07223137 0.05301271 0.05301271 0.06024952 0.05301271 0.03094767
 0.06385597 0.01790704]
[0.03354608 0.14164957 0.05229216 0.0260522  0.02422554 0.05229216
 0.05784498 0.08330537 0.0464634  0.03014587 0.01611516 0.05229216
 0.07295144 0.05229216 0.05229216 0.04123372 0.05229216 0.03523359
 0.06179775 0.01568243]
[0.03202613 0.11745301 0.05301271 0.03160282 0.02541179 0.05301271
 0.07767719 0.05320544 0.03893504 0.03262595 0.02779485 0.05301271
 0.07223137 0.05301271 0.05301271 0.06024952 0.05301271 0.03094767
 0.06385597 0.01790704]
[0.03202613 0.11745301 0.05301271 0.03160282 0.02541179 0.05301271
 0.07767719 0.05320544 0.03893504 0.03262595 0.02779485 0.05301271
 0.07223137 0.05301271 0.05301271 0.06024952 0.05301271 0.03094767
 0.06385597 0.01790704]
[0.02582963 0.19495411 0.03959379 0.02517913 0.02871602 0.03959379
 0.08293503 0.07479046 0.04306615 0.03176669 0.0204348  0.03959379
 0.07012806 0.03959379 0.03959379 0.06241006 0.03959379 0.0371897
 0.05009362 0.01494369]
[0.03202613 0.11745301 0.05301271 0.03160282 0.02541179 0.05301271
 0.07767719 0.05320544 0.03893504 0.03262595 0.02779485 0.05301271
 0.07223137 0.05301271 0.05301271 0.06024952 0.05301271 0.03094767
 0.06385597 0.01790704]
[0.04149416 0.10626779 0.05022569 0.02997119 0.02736899 0.05022569
 0.07060172 0.06601796 0.0522068  0.03707246 0.02155552 0.05022569
 0.0905569  0.05022569 0.05022569 0.05049299 0.05022569 0.02904649
 0.05338657 0.02260631]
[0.03883134 0.09865127 0.05536205 0.02944142 0.03134058 0.05536205
 0.05693023 0.05736266 0.04645205 0.03814344 0.02549804 0.05536205
 0.06876601 0.05536205 0.05536205 0.05189927 0.05536205 0.03076206
 0.07082569 0.02292363]
[0.0286615  0.09595729 0.05249676 0.02639797 0.02991639 0.05249676
 0.08187427 0.08003227 0.06444012 0.02778188 0.02017499 0.05249676
 0.06899969 0.05249676 0.05249676 0.05021087 0.05249676 0.02843558
 0.06522128 0.01691532]]