36009
Test: public void test71() throws Throwable { MockDate mockDate0 = new MockDate(); LocalDateTime localDateTime0 = LocalDateTime.fromDateFields(mockDate0); LocalDateTime.Property localDateTime_Property0 = localDateTime0.weekyear(); LocalDateTime localDateTime1 = localDateTime_Property0.withMinimumValue(); // Undeclared exception!  localDateTime1.plusDays((-283));   }
Code: public LocalDateTime plusDays(int days) { if (days == 0) { return this; } long instant = getChronology().days().add(getLocalMillis(), days); return withLocalMillis(instant); }
[[0.03453846 0.06050188 0.04791808 0.13098674 0.05053224 0.09355312
 0.06913206 0.05320021 0.02046354 0.05053224 0.03856412 0.03132818
 0.01569583 0.05582635 0.03794314 0.02201827 0.04791809 0.0371694
 0.03856412 0.04791809 0.01569582]
[0.02695655 0.0621732  0.0454616  0.16387257 0.05695836 0.09953811
 0.07876724 0.03861119 0.01941904 0.05695836 0.03581607 0.02778319
 0.0147341  0.04601108 0.02812262 0.02159602 0.04546159 0.03574742
 0.03581606 0.04546159 0.0147341 ]
[0.02878646 0.06556546 0.04690141 0.14213592 0.05196245 0.07240904
 0.08556472 0.05337463 0.02336975 0.05196245 0.03510572 0.02999027
 0.01720475 0.04702764 0.03182264 0.03228553 0.04690141 0.03841784
 0.03510572 0.04690141 0.01720475]
[0.03859612 0.06268086 0.04883219 0.14964378 0.04848032 0.08532314
 0.07655234 0.04276711 0.01963331 0.04848032 0.04489239 0.02761594
 0.01441817 0.04669007 0.03103814 0.02353251 0.04883219 0.03384835
 0.04489239 0.04883219 0.01441817]
[0.03730394 0.05924529 0.04756134 0.09722065 0.06291087 0.06386243
 0.09376085 0.03923913 0.02587356 0.06291087 0.04254838 0.03182083
 0.02171402 0.05783114 0.02809554 0.03118856 0.04756134 0.03752756
 0.04254838 0.04756134 0.02171402]
[0.02071685 0.06866947 0.04330183 0.21428375 0.05340539 0.12049199
 0.06485175 0.03884355 0.02083866 0.05340539 0.02790265 0.01889624
 0.00778839 0.0491992  0.02554771 0.01705939 0.04330183 0.03250312
 0.02790266 0.04330183 0.00778839]
[0.02961282 0.07092169 0.04393137 0.14926651 0.06019524 0.10777929
 0.05585774 0.04268362 0.02926968 0.06019524 0.03575918 0.02995249
 0.01275972 0.04781364 0.0284028  0.02194436 0.04393138 0.03727295
 0.03575919 0.04393138 0.01275972]
[0.01935856 0.07255875 0.02885992 0.20660038 0.05865173 0.10576563
 0.07439306 0.04629043 0.02433452 0.05865173 0.0324518  0.02399351
 0.01161115 0.05131602 0.02553285 0.02064442 0.02885992 0.03720274
 0.0324518  0.02885992 0.01161115]
[0.02875574 0.06096731 0.04658781 0.13274133 0.05411528 0.09721163
 0.06263767 0.04644193 0.02079399 0.05411528 0.045835   0.02717042
 0.01841361 0.05612442 0.02917807 0.02258122 0.04658781 0.03890507
 0.045835   0.04658781 0.01841361]
[0.03730394 0.05924529 0.04756134 0.09722065 0.06291087 0.06386243
 0.09376085 0.03923913 0.02587356 0.06291087 0.04254838 0.03182083
 0.02171402 0.05783114 0.02809554 0.03118856 0.04756134 0.03752756
 0.04254838 0.04756134 0.02171402]
[0.02266215 0.06099633 0.04265769 0.20520517 0.04946201 0.09013912
 0.07938956 0.04052537 0.02013464 0.04946201 0.03201696 0.02159527
 0.01329333 0.05624877 0.03048984 0.02247023 0.04265769 0.032626
 0.03201697 0.04265769 0.01329333]
[0.03617583 0.06931971 0.04894842 0.127693   0.06124415 0.08744437
 0.06387511 0.04353324 0.0224527  0.06124415 0.04337096 0.02334109
 0.0160411  0.0509304  0.02936574 0.02116208 0.04894843 0.03654908
 0.04337096 0.04894843 0.0160411 ]
[0.02519932 0.07521323 0.04683906 0.12079899 0.06641632 0.0976133
 0.06388513 0.0438098  0.01908205 0.06641632 0.0555147  0.02426771
 0.01421265 0.04091825 0.0255263  0.02296643 0.04683906 0.02791495
 0.05551469 0.04683906 0.01421266]
[0.02304509 0.05855073 0.04146571 0.1840368  0.06240445 0.0876319
 0.0900446  0.04320835 0.02120719 0.06240445 0.03386081 0.02328222
 0.01443433 0.04499123 0.0322183  0.01781309 0.0414657  0.0281742
 0.03386081 0.0414657  0.01443433]
[0.03285049 0.06317482 0.04718626 0.13179965 0.04993554 0.09147311
 0.08037752 0.05318058 0.0203382  0.04993554 0.04127459 0.02732503
 0.0144532  0.05046004 0.03401095 0.02247976 0.04718626 0.03964433
 0.0412746  0.04718626 0.0144532 ]
[0.0392836  0.0713122  0.05553354 0.08076434 0.04546707 0.08717284
 0.0773841  0.04405287 0.02981495 0.04546707 0.0433272  0.04026842
 0.0195182  0.04838708 0.02890943 0.03288697 0.05553355 0.03653759
 0.0433272  0.05553355 0.0195182 ]
[0.02878646 0.06556546 0.04690141 0.14213592 0.05196245 0.07240904
 0.08556472 0.05337463 0.02336975 0.05196245 0.03510572 0.02999027
 0.01720475 0.04702764 0.03182264 0.03228553 0.04690141 0.03841784
 0.03510572 0.04690141 0.01720475]
[0.02493236 0.07391583 0.04608679 0.12053894 0.05256589 0.12785524
 0.06401037 0.05242991 0.02657346 0.05256589 0.03899486 0.02946564
 0.01205504 0.04582456 0.0280997  0.02340722 0.04608679 0.03745487
 0.03899485 0.04608679 0.01205504]
[0.02266215 0.06099633 0.04265769 0.20520517 0.04946201 0.09013912
 0.07938956 0.04052537 0.02013464 0.04946201 0.03201696 0.02159527
 0.01329333 0.05624877 0.03048984 0.02247023 0.04265769 0.032626
 0.03201697 0.04265769 0.01329333]
[0.02878646 0.06556546 0.04690141 0.14213592 0.05196245 0.07240904
 0.08556472 0.05337463 0.02336975 0.05196245 0.03510572 0.02999027
 0.01720475 0.04702764 0.03182264 0.03228553 0.04690141 0.03841784
 0.03510572 0.04690141 0.01720475]
[0.02519932 0.07521324 0.04683906 0.12079903 0.06641632 0.0976133
 0.06388512 0.0438098  0.01908205 0.06641632 0.0555147  0.02426771
 0.01421266 0.04091826 0.0255263  0.02296642 0.04683906 0.02791495
 0.0555147  0.04683906 0.01421266]]