28141
Test: public void test115() throws Throwable { Vector2D.Unit vector2D_Unit0 = Vector2D.Unit.PLUS_X; Precision.DoubleEquivalence precision_DoubleEquivalence0 = mock(Precision.DoubleEquivalence.class, new ViolatedAssumptionAnswer()); Line line0 = new Line(vector2D_Unit0, 1214.45, precision_DoubleEquivalence0); // Undeclared exception!  line0.isParallel((Line) null);   }
Code: public boolean isParallel(final Line line) { final double area = direction.signedArea(line.direction); return getPrecision().eqZero(area); }
[[0.05702753 0.13912626 0.07911491 0.09179327 0.04804939 0.0791284
 0.04618113 0.09803824 0.07911491 0.03608013 0.07911491 0.06314249
 0.07911493 0.02497353]
[0.04018146 0.20475781 0.07657866 0.08761532 0.0313129  0.10307526
 0.03883017 0.07020901 0.07657866 0.03147093 0.07657866 0.06705575
 0.07657868 0.01917671]
[0.0456086  0.16818058 0.07563505 0.09956954 0.04897565 0.07499976
 0.04478032 0.08503078 0.07563505 0.04959215 0.07563505 0.05542729
 0.07563506 0.02529507]
[0.05761174 0.151345   0.07772212 0.09340326 0.04041625 0.07238894
 0.06402367 0.06516547 0.07772213 0.04115579 0.07772213 0.06400827
 0.07772213 0.0395931 ]
[0.04869709 0.1665123  0.08411487 0.09006887 0.03367766 0.09162632
 0.04535196 0.06975435 0.08411487 0.02740371 0.08411487 0.07421816
 0.08411488 0.01623005]
[0.05763572 0.12275024 0.07392728 0.10606042 0.04030115 0.09620468
 0.05673122 0.0772399  0.07392728 0.04814225 0.07392728 0.06586851
 0.07392729 0.03335682]
[0.05171489 0.14476413 0.07759909 0.09957573 0.0362839  0.09098253
 0.03487602 0.09836842 0.07759909 0.03997615 0.07759909 0.07529807
 0.07759909 0.01776383]
[0.04368953 0.18357468 0.0768779  0.09634946 0.02925939 0.08450595
 0.0388721  0.09243815 0.07687791 0.03335331 0.07687791 0.0688083
 0.07687791 0.02163748]
[0.0456086  0.16818058 0.07563505 0.09956954 0.04897565 0.07499976
 0.04478032 0.08503078 0.07563505 0.04959215 0.07563505 0.05542729
 0.07563506 0.02529507]
[0.06063773 0.12277637 0.08571637 0.08791362 0.04413176 0.07034574
 0.05114323 0.07229729 0.08571637 0.05081097 0.08571637 0.06691037
 0.08571638 0.03016745]
[0.0456086  0.16818058 0.07563505 0.09956954 0.04897565 0.07499976
 0.04478032 0.08503078 0.07563505 0.04959215 0.07563505 0.05542729
 0.07563506 0.02529507]
[0.03924004 0.19754866 0.07712899 0.10610959 0.03413026 0.07895923
 0.03634734 0.08253869 0.07712899 0.03849999 0.07712899 0.05658537
 0.07712901 0.02152484]
[0.0456086  0.16818058 0.07563505 0.09956953 0.04897565 0.07499977
 0.04478031 0.08503075 0.07563505 0.04959214 0.07563505 0.05542728
 0.07563505 0.02529507]
[0.04102508 0.13834062 0.07542548 0.07739738 0.04126165 0.1129185
 0.03765851 0.09608326 0.07542548 0.03791028 0.07542548 0.09176419
 0.0754255  0.02393865]]