91217
Test: public void test1() throws Throwable { String string0 = Utility.getStackTrace((Throwable) null); }
Code: public static String getStackTrace(final Throwable t) { final StringWriter sw = new StringWriter(); final PrintWriter pw = new PrintWriter(sw); t.printStackTrace(pw); return sw.toString(); }
[[0.03581727 0.10362344 0.04626455 0.04968596 0.0882806  0.01782979
 0.04578821 0.02848938 0.03240895 0.04043909 0.02241126 0.01820069
 0.01928737 0.02848938 0.07812128 0.13887411 0.02241127 0.01820069
 0.04968597 0.04968597 0.039175   0.01200014 0.01482964]
[0.03668671 0.09727918 0.0551451  0.04950436 0.07966253 0.01668402
 0.06448688 0.02692895 0.03838788 0.0377897  0.02374731 0.01583869
 0.01830415 0.02692895 0.0821323  0.12550722 0.02374732 0.01583869
 0.04950435 0.04950435 0.03470546 0.01415647 0.01752941]
[0.03629224 0.10601652 0.04224546 0.05173104 0.09514782 0.01500006
 0.05192219 0.027486   0.03572143 0.03561082 0.02468358 0.01554504
 0.01708142 0.027486   0.0628227  0.14820606 0.02468358 0.01554504
 0.05173104 0.05173104 0.03648683 0.01353889 0.01328516]
[0.02929424 0.10054691 0.05426853 0.04913047 0.0650427  0.01702926
 0.04512956 0.02787195 0.04504611 0.04034914 0.03120508 0.02215435
 0.01918512 0.02787195 0.08818318 0.1194362  0.03120508 0.02215435
 0.04913047 0.04913047 0.03552047 0.01568277 0.01543164]
[0.03008115 0.07659145 0.04919652 0.04527878 0.07043406 0.02142522
 0.06301033 0.02692691 0.04334234 0.055218   0.02502486 0.02150294
 0.01623363 0.02692691 0.07936795 0.12481406 0.02502486 0.02150294
 0.04527877 0.04527877 0.03834976 0.02114647 0.02804331]
[0.02190642 0.11591742 0.05233283 0.04935227 0.08761993 0.01226411
 0.06125924 0.02527126 0.03175548 0.03874214 0.02152181 0.0114291
 0.0153214  0.02527126 0.07970769 0.16389519 0.02152181 0.0114291
 0.04935227 0.04935227 0.03426962 0.01092197 0.00958539]
[0.03739094 0.08732411 0.05502945 0.04939216 0.06969034 0.01917084
 0.05920134 0.03667663 0.03788679 0.03722306 0.03108674 0.02099479
 0.02310076 0.03667663 0.06342059 0.10094599 0.03108673 0.02099479
 0.04939216 0.04939216 0.04315156 0.01975126 0.02102019]
[0.03323774 0.09788205 0.05299696 0.05278288 0.0998233  0.01218345
 0.05394316 0.02193218 0.03281136 0.03924966 0.02578186 0.01509671
 0.01730683 0.02193218 0.07230645 0.13513795 0.02578185 0.01509671
 0.05278288 0.05278288 0.04827083 0.0101214  0.01075877]
[0.03095713 0.09711656 0.05781368 0.05109986 0.08936024 0.01243261
 0.06740449 0.02555769 0.03811195 0.04246631 0.02069181 0.01613989
 0.01528154 0.02555769 0.06361119 0.1456742  0.02069181 0.01613989
 0.05109986 0.05109986 0.04194359 0.01064954 0.0090986 ]
[0.02111713 0.11933789 0.04477753 0.0450309  0.1130371  0.01263713
 0.04785032 0.02061098 0.03178291 0.03013583 0.02217066 0.0134488
 0.01133216 0.02061098 0.06047014 0.20152721 0.02217067 0.0134488
 0.04503091 0.04503091 0.04003959 0.00850081 0.00990062]
[0.03968167 0.09275152 0.04737515 0.05618864 0.08309808 0.02580706
 0.04264042 0.03335005 0.0368976  0.03225679 0.0322738  0.01855164
 0.02354291 0.03335005 0.06741524 0.0906062  0.0322738  0.01855164
 0.05618865 0.05618865 0.04314257 0.01894445 0.01892337]
[0.03044342 0.09076387 0.05577249 0.0471188  0.09062645 0.01519035
 0.0541073  0.0243722  0.03319704 0.02837851 0.0244443  0.01990794
 0.01547247 0.0243722  0.06374109 0.17421718 0.0244443  0.01990794
 0.0471188  0.0471188  0.04280204 0.01069823 0.01578432]
[0.03058757 0.10192312 0.04765983 0.04922277 0.08101289 0.01567056
 0.03715163 0.03085234 0.04253715 0.03759793 0.02915941 0.01956683
 0.02182191 0.03085234 0.07357503 0.13265763 0.02915941 0.01956682
 0.04922277 0.04922277 0.04120738 0.01419793 0.01557394]
[0.03323774 0.09788205 0.05299696 0.05278288 0.0998233  0.01218345
 0.05394316 0.02193218 0.03281136 0.03924966 0.02578186 0.01509671
 0.01730683 0.02193218 0.07230645 0.13513795 0.02578185 0.01509671
 0.05278288 0.05278288 0.04827083 0.0101214  0.01075877]
[0.03266729 0.10690282 0.05379706 0.04603606 0.08001366 0.01520749
 0.04253706 0.03258444 0.04519128 0.03316848 0.02270246 0.0205811
 0.01585867 0.03258444 0.07468312 0.1388555  0.02270246 0.0205811
 0.04603606 0.04603606 0.04063912 0.0123231  0.01831112]
[0.02789066 0.09545334 0.05585578 0.04386113 0.09003549 0.01426698
 0.06072835 0.02274266 0.03725717 0.03845278 0.02439909 0.01874618
 0.01419773 0.02274266 0.07820472 0.1572418  0.02439909 0.01874618
 0.04386113 0.04386113 0.04077875 0.01058222 0.01569498]
[0.03968167 0.09275152 0.04737515 0.05618864 0.08309808 0.02580706
 0.04264042 0.03335005 0.0368976  0.03225679 0.0322738  0.01855164
 0.02354291 0.03335005 0.06741524 0.0906062  0.0322738  0.01855164
 0.05618865 0.05618865 0.04314257 0.01894445 0.01892337]
[0.03044342 0.09076387 0.05577249 0.0471188  0.09062645 0.01519035
 0.0541073  0.0243722  0.03319704 0.02837851 0.0244443  0.01990794
 0.01547247 0.0243722  0.06374109 0.17421718 0.0244443  0.01990794
 0.0471188  0.0471188  0.04280204 0.01069823 0.01578432]
[0.02929424 0.10054691 0.05426853 0.04913047 0.0650427  0.01702926
 0.04512956 0.02787195 0.04504611 0.04034914 0.03120508 0.02215435
 0.01918512 0.02787195 0.08818318 0.1194362  0.03120508 0.02215435
 0.04913047 0.04913047 0.03552047 0.01568277 0.01543164]
[0.02929424 0.10054691 0.05426853 0.04913047 0.0650427  0.01702926
 0.04512956 0.02787195 0.04504611 0.04034914 0.03120508 0.02215435
 0.01918512 0.02787195 0.08818318 0.1194362  0.03120508 0.02215435
 0.04913047 0.04913047 0.03552047 0.01568277 0.01543164]
[0.02440038 0.10822409 0.05781337 0.0501558  0.09502119 0.01299414
 0.04460557 0.02200864 0.03793819 0.03094442 0.02366617 0.0147011
 0.0141992  0.02200864 0.0673928  0.17767677 0.02366617 0.0147011
 0.0501558  0.0501558  0.03595717 0.00923214 0.01238132]
[0.02992291 0.09542037 0.05289715 0.04701751 0.08006287 0.01335946
 0.05624194 0.0265521  0.03741536 0.04488464 0.01951605 0.01733592
 0.01409453 0.0265521  0.06749269 0.17858098 0.01951605 0.01733592
 0.04701751 0.04701751 0.03898371 0.00977236 0.01301036]
[0.02592484 0.10325237 0.0475234  0.04937861 0.09985721 0.01634652
 0.06145008 0.02303107 0.03474907 0.03625289 0.02288053 0.01450239
 0.01692045 0.02303107 0.07401589 0.13712166 0.02288053 0.01450239
 0.04937861 0.04937861 0.05512471 0.00902393 0.01347318]]