34976
Test: public void test0() throws Throwable { ScriptVisitor scriptVisitor0 = new ScriptVisitor(); ASTWhileStatement aSTWhileStatement0 = new ASTWhileStatement((-2047)); Object object0 = scriptVisitor0.visitNode(aSTWhileStatement0, (Object) null); }
Code: protected Object visitNode(final JexlNode node, final Object data) { return node.childrenAccept(this, data); }
[[0.08218855 0.03260535 0.07365678 0.07365678 0.13514894 0.04393648
 0.03260535 0.11239757 0.10404606 0.06322849 0.07365677 0.15235138
 0.02052152]
[0.09632444 0.03675034 0.06723373 0.06723373 0.1390362  0.03912297
 0.03675034 0.11952615 0.12250294 0.06542204 0.06723373 0.12067707
 0.02218629]
[0.09765089 0.03779063 0.07618979 0.07618979 0.12775955 0.04744358
 0.03779063 0.11785857 0.08243888 0.05676226 0.07618979 0.13853647
 0.02739923]
[0.09765089 0.03779063 0.07618979 0.07618979 0.12775955 0.04744358
 0.03779063 0.11785857 0.08243888 0.05676226 0.07618979 0.13853647
 0.02739923]
[0.08182088 0.03487253 0.06272265 0.06272265 0.19783956 0.03487103
 0.03487253 0.1354345  0.10005758 0.05531128 0.06272266 0.11527176
 0.02148033]
[0.06819312 0.04014713 0.08281228 0.08281228 0.12335475 0.03786081
 0.04014713 0.10910484 0.09994204 0.08141298 0.08281228 0.13196844
 0.01943187]
[0.09632444 0.03675034 0.06723373 0.06723373 0.1390362  0.03912297
 0.03675034 0.11952615 0.12250294 0.06542204 0.06723373 0.12067707
 0.02218629]
[0.07406043 0.04014685 0.08020597 0.08020597 0.12465599 0.04949626
 0.04014685 0.1131856  0.0822041  0.08814765 0.08020596 0.1194154
 0.02792301]
[0.10360589 0.03486854 0.07201582 0.07201582 0.1352266  0.05790218
 0.03486854 0.12077025 0.10463115 0.06600723 0.07201583 0.09085487
 0.03521728]
[0.09495986 0.03656551 0.07382672 0.07382672 0.14925417 0.03629887
 0.03656551 0.11335429 0.08182308 0.05494034 0.07382672 0.15265787
 0.02210031]
[0.09765089 0.03779063 0.07618979 0.07618979 0.12775955 0.04744358
 0.03779063 0.11785857 0.08243888 0.05676226 0.07618979 0.13853647
 0.02739923]
[0.07996118 0.03319817 0.0667982  0.0667982  0.09651238 0.05756508
 0.03319817 0.14069426 0.10715684 0.06977333 0.0667982  0.15929371
 0.0222523 ]
[0.07972859 0.04067274 0.0700867  0.0700867  0.13934743 0.03581126
 0.04067274 0.11954014 0.11121622 0.08776525 0.0700867  0.1116326
 0.02335295]]