77312
Test: public void test41() throws Throwable { F2I f2I0 = new F2I(); PipedOutputStream pipedOutputStream0 = new PipedOutputStream(); DataOutputStream dataOutputStream0 = new DataOutputStream(pipedOutputStream0);  f2I0.dump(dataOutputStream0);   }
Code: public void dump( final DataOutputStream out ) throws IOException { out.writeByte(opcode); // Common for all instructions }
[[0.04207405 0.03366649 0.05836482 0.03338476 0.06962956 0.04097677
 0.07117442 0.10182715 0.02099863 0.05317004 0.05836482 0.05836482
 0.05836482 0.04141567 0.18257314 0.05836482 0.01728524]
[0.03054945 0.02610872 0.0601198  0.02605731 0.05683707 0.04191258
 0.07163604 0.1095051  0.01655545 0.05069152 0.0601198  0.0601198
 0.0601198  0.03368532 0.22033063 0.0601198  0.01553186]
[0.03443566 0.02946156 0.05818222 0.0320699  0.06794427 0.0410138
 0.07626638 0.11093205 0.02226175 0.05067905 0.05818222 0.05818222
 0.05818222 0.04785723 0.17866257 0.05818222 0.01750465]
[0.03833437 0.02817458 0.06041158 0.02537244 0.0598723  0.03311087
 0.07712428 0.10258713 0.02350807 0.06293917 0.06041158 0.06041158
 0.06041158 0.04270309 0.19170213 0.06041158 0.01251371]
[0.03756794 0.02660521 0.06145915 0.0368341  0.06873399 0.02978624
 0.07094683 0.08522952 0.02358575 0.05031953 0.06145915 0.06145915
 0.06145915 0.03844753 0.20986113 0.06145915 0.01478655]
[0.03436808 0.02641879 0.05706647 0.03042242 0.06276935 0.04338299
 0.06815537 0.09575157 0.0235649  0.0719289  0.05706647 0.05706647
 0.05706647 0.04846245 0.19090733 0.05706647 0.01853554]
[0.03639261 0.03536869 0.05247836 0.03461911 0.07052019 0.0291882
 0.05648863 0.07700227 0.02192057 0.06834053 0.05247836 0.05247836
 0.05247836 0.0340199  0.2560312  0.05247836 0.0177163 ]
[0.03002624 0.02881365 0.0529612  0.02448329 0.05931797 0.03215682
 0.05504238 0.14799707 0.01882009 0.07090124 0.0529612  0.0529612
 0.0529612  0.03053292 0.22314353 0.0529612  0.01395876]
[0.03400381 0.02672023 0.06497054 0.02871287 0.05283833 0.033746
 0.06224147 0.13211054 0.01820328 0.05639439 0.06497054 0.06497054
 0.06497054 0.03268368 0.1851685  0.06497054 0.01232424]
[0.04295377 0.03744723 0.0564507  0.042159   0.05926488 0.03883847
 0.07081053 0.07601495 0.02878331 0.06865872 0.0564507  0.0564507
 0.0564507  0.04234407 0.18619864 0.0564507  0.0242729 ]
[0.03443566 0.02946156 0.05818222 0.0320699  0.06794427 0.0410138
 0.07626638 0.11093205 0.02226175 0.05067905 0.05818222 0.05818222
 0.05818222 0.04785723 0.17866257 0.05818222 0.01750465]
[0.03443566 0.02946156 0.05818222 0.0320699  0.06794427 0.0410138
 0.07626638 0.11093205 0.02226175 0.05067905 0.05818222 0.05818222
 0.05818222 0.04785723 0.17866257 0.05818222 0.01750465]
[0.03443566 0.02946156 0.05818222 0.0320699  0.06794427 0.0410138
 0.07626638 0.11093205 0.02226175 0.05067905 0.05818222 0.05818222
 0.05818222 0.04785723 0.17866257 0.05818222 0.01750465]
[0.03952985 0.03153965 0.05585482 0.03207895 0.06159463 0.03081596
 0.06698962 0.09415534 0.02061622 0.06845955 0.05585482 0.05585482
 0.05585482 0.03896216 0.22464368 0.05585482 0.01134028]
[0.04198184 0.03822258 0.05954776 0.03451777 0.06176099 0.03304016
 0.06953013 0.07713191 0.024528   0.06114681 0.05954776 0.05954776
 0.05954776 0.0469414  0.19478194 0.05954776 0.01867772]
[0.03443566 0.02946156 0.05818222 0.0320699  0.06794427 0.0410138
 0.07626638 0.11093205 0.02226175 0.05067905 0.05818222 0.05818222
 0.05818222 0.04785723 0.17866257 0.05818222 0.01750465]
[0.02895618 0.02676136 0.05431933 0.02609623 0.06266275 0.0445042
 0.07638545 0.12202254 0.02302838 0.0734463  0.05431933 0.05431933
 0.05431933 0.03721018 0.19147769 0.05431933 0.01585199]]