10615
Test: public void test46() throws Throwable { // Undeclared exception!  ClassUtils.getPackageCanonicalName("[java.lang.Double");   }
Code: public static String getPackageCanonicalName(final Object object, final String valueIfNull) { if (object == null) { return valueIfNull; } return getPackageCanonicalName(object.getClass().getName()); }
[[0.03504003 0.10479341 0.04498378 0.04860963 0.02704693 0.07552651
 0.02812913 0.04498378 0.0567128  0.04675095 0.09445175 0.0538949
 0.05526085 0.0188054  0.04675095 0.03856651 0.06264483 0.01493588
 0.03856651 0.04860963 0.01493588]
[0.03582478 0.09568068 0.05362955 0.04825569 0.02470415 0.06385652
 0.02640096 0.05362955 0.05399706 0.06377932 0.09732547 0.04845814
 0.04546282 0.01882508 0.06377932 0.03394541 0.05567574 0.01728438
 0.03394541 0.04825569 0.01728437]
[0.03470227 0.10183613 0.04033037 0.04938328 0.02428936 0.06865495
 0.02634829 0.04033037 0.06635706 0.05001775 0.10093348 0.06867258
 0.0447057  0.015669   0.05001775 0.03493174 0.0729579  0.01277353
 0.03493173 0.04938328 0.01277353]
[0.02827372 0.09878382 0.05174135 0.04711653 0.02214803 0.07077416
 0.02739013 0.05174135 0.07510836 0.04522905 0.06965421 0.06332357
 0.05351871 0.02019151 0.04522905 0.03432715 0.08332167 0.015342
 0.03432715 0.04711653 0.015342  ]
[0.03133245 0.09229821 0.05196836 0.04091354 0.02190536 0.06480722
 0.02253654 0.05196836 0.05859172 0.06459565 0.09661545 0.06345741
 0.05190394 0.0150171  0.06459565 0.03835331 0.06581496 0.01202899
 0.03835331 0.04091354 0.01202899]
[0.03050897 0.08999129 0.06364024 0.04806197 0.02369596 0.07037345
 0.03002689 0.06364024 0.04827221 0.05443553 0.08189416 0.05840728
 0.0474356  0.02153857 0.05443553 0.03802341 0.05831549 0.01560889
 0.03802342 0.04806197 0.01560889]
[0.03215951 0.09506433 0.05049441 0.05030566 0.0236253  0.07797128
 0.02134772 0.05049441 0.04499032 0.05338504 0.10760324 0.04414057
 0.04774533 0.01453342 0.05338504 0.04673756 0.06780787 0.01058284
 0.04673756 0.05030566 0.01058284]
[0.03470227 0.10183613 0.04033037 0.04938328 0.02428936 0.06865495
 0.02634829 0.04033037 0.06635706 0.05001775 0.10093348 0.06867258
 0.0447057  0.015669   0.05001775 0.03493174 0.0729579  0.01277353
 0.03493173 0.04938328 0.01277353]
[0.02606881 0.09567924 0.05509795 0.04329991 0.01934706 0.0632965
 0.02560609 0.05509795 0.07066823 0.05134333 0.10562126 0.06446274
 0.0514273  0.01428444 0.05134333 0.0375252  0.06467949 0.01216302
 0.0375252  0.04329991 0.01216302]
[0.03708999 0.08761339 0.05374242 0.04840408 0.02208789 0.06187981
 0.03643401 0.05374242 0.05285614 0.0600489  0.06382516 0.05440149
 0.03959062 0.02390425 0.0600489  0.04263121 0.06845076 0.02110662
 0.04263121 0.04840409 0.02110662]
[0.02188113 0.13119157 0.05040049 0.05100652 0.01682058 0.06842867
 0.01641846 0.05040049 0.05983611 0.04506944 0.1230269  0.05900101
 0.04518497 0.00838555 0.04506944 0.02876253 0.08546516 0.00694093
 0.02876253 0.05100653 0.00694093]
[0.02825619 0.0925086  0.0449842  0.05005436 0.02071716 0.07280568
 0.01933307 0.0449842  0.05323173 0.06574216 0.10445699 0.05601364
 0.03854751 0.01611012 0.06574216 0.04046822 0.07501857 0.01025142
 0.04046822 0.05005435 0.01025142]
[0.02015732 0.1155896  0.05514353 0.03295323 0.0216438  0.06179438
 0.01864891 0.05514353 0.05801981 0.05181176 0.11111087 0.06403548
 0.04992558 0.01309946 0.05181176 0.03316727 0.09857407 0.01062455
 0.03316728 0.03295323 0.01062455]
[0.02601435 0.11077084 0.04201114 0.04823754 0.02340877 0.06719631
 0.02159071 0.04201114 0.05337336 0.05622162 0.11873743 0.06700365
 0.04936454 0.01638442 0.05622162 0.03151053 0.07255447 0.00881974
 0.03151053 0.04823755 0.00881974]
[0.03708999 0.08761339 0.05374242 0.04840408 0.02208789 0.06187981
 0.03643401 0.05374242 0.05285614 0.0600489  0.06382516 0.05440149
 0.03959062 0.02390425 0.0600489  0.04263121 0.06845076 0.02110662
 0.04263121 0.04840409 0.02110662]
[0.02350052 0.10854481 0.05251625 0.04695038 0.02213286 0.07932074
 0.02156321 0.05251625 0.0543246  0.0457355  0.0970587  0.06232211
 0.04555345 0.01386953 0.0457355  0.03415491 0.08800666 0.01254436
 0.03415491 0.04695039 0.01254436]
[0.02667778 0.12063553 0.05191617 0.03968928 0.0222386  0.072128
 0.02369567 0.05191617 0.06569014 0.04708674 0.1080687  0.05316741
 0.05134501 0.01275678 0.04708674 0.03716332 0.07576825 0.00805851
 0.03716332 0.03968928 0.00805851]
[0.02474878 0.09947875 0.04536176 0.04700292 0.02473821 0.07148675
 0.0220469  0.04536176 0.0450378  0.05944597 0.09459936 0.0558624
 0.04253467 0.01565061 0.05944597 0.05285051 0.06850778 0.01299283
 0.05285051 0.04700292 0.01299283]
[0.02350052 0.10854481 0.05251625 0.04695038 0.02213286 0.07932074
 0.02156321 0.05251625 0.0543246  0.0457355  0.0970587  0.06232211
 0.04555345 0.01386953 0.0457355  0.03415491 0.08800666 0.01254436
 0.03415491 0.04695039 0.01254436]
[0.02827372 0.09878382 0.05174135 0.04711653 0.02214803 0.07077416
 0.02739013 0.05174135 0.07510836 0.04522905 0.06965421 0.06332357
 0.05351871 0.02019151 0.04522905 0.03432715 0.08332167 0.015342
 0.03432715 0.04711653 0.015342  ]
[0.02474878 0.09947874 0.04536176 0.04700293 0.02473821 0.07148676
 0.02204691 0.04536176 0.04503781 0.05944598 0.09459935 0.0558624
 0.04253467 0.01565062 0.05944598 0.05285052 0.06850778 0.01299283
 0.05285052 0.04700293 0.01299283]]