11149
Test: public void test20() throws Throwable { Float float0 = new Float((-133.373567133)); MutableLong mutableLong0 = new MutableLong(float0); long long0 = mutableLong0.getAndIncrement(); }
Code: public long getAndIncrement() { final long last = value; value++; return last; }
[[0.06620551 0.10960726 0.09184505 0.0891649  0.05325767 0.10960726
 0.07918099 0.0417146  0.05592318 0.09184506 0.07297134 0.11027484
 0.02840236]
[0.05004438 0.10428262 0.09400477 0.11715861 0.04636046 0.10428262
 0.08020903 0.03822668 0.0431335  0.09400477 0.07415242 0.12613046
 0.02800973]
[0.05609285 0.09864442 0.09351985 0.08948586 0.05426818 0.09864442
 0.09356558 0.06040568 0.0533358  0.09351985 0.06809592 0.11004989
 0.03037167]
[0.06561092 0.10412063 0.08551175 0.10647872 0.06446062 0.10412063
 0.08025032 0.0546663  0.04218709 0.08551176 0.07537992 0.09431535
 0.03738598]
[0.06226105 0.09505642 0.0972895  0.10351378 0.04134639 0.09505642
 0.08870162 0.04824637 0.03900339 0.0972895  0.09048866 0.12123519
 0.02051169]
[0.05004438 0.10428262 0.09400477 0.11715861 0.04636046 0.10428262
 0.08020903 0.03822668 0.0431335  0.09400477 0.07415242 0.12613046
 0.02800973]
[0.05571669 0.09663918 0.10026208 0.11015448 0.0554243  0.09663918
 0.09205595 0.03749673 0.04383927 0.10026206 0.0876445  0.10075773
 0.02310787]
[0.07104449 0.08767065 0.10048322 0.08042438 0.05985098 0.08767065
 0.08483681 0.05895711 0.05273376 0.10048322 0.07801531 0.10296538
 0.03486402]
[0.05482794 0.10535873 0.08876319 0.09705856 0.05069527 0.10535873
 0.095397   0.05139347 0.05385832 0.08876319 0.07558102 0.11234358
 0.0206009 ]
[0.05609285 0.09864442 0.09351985 0.08948586 0.05426818 0.09864442
 0.09356558 0.06040568 0.0533358  0.09351985 0.06809592 0.11004989
 0.03037167]
[0.04669654 0.12931219 0.09339061 0.0906774  0.04282051 0.12931219
 0.08195837 0.04561547 0.04435552 0.09339061 0.06790175 0.1096876
 0.0248813 ]
[0.05742016 0.09180224 0.09643839 0.12139755 0.05048726 0.09180224
 0.08680955 0.041264   0.05221277 0.09643841 0.07612947 0.10924163
 0.02855637]
[0.04990616 0.08099861 0.09444602 0.12181294 0.04460784 0.08099861
 0.08174607 0.04442804 0.05089241 0.09444602 0.10713424 0.12205902
 0.02652406]]