15832
Test: public void test1169() throws Throwable { MockDate mockDate0 = new MockDate(); Date date0 = DateUtils.setDays(mockDate0, 9); }
Code: public static Date setDays(final Date date, final int amount) { return set(date, Calendar.DAY_OF_MONTH, amount); }
[[0.05359813 0.15181673 0.02497606 0.07434991 0.02497606 0.12305619
 0.04238728 0.03485879 0.09013766 0.06665981 0.05839312 0.07434991
 0.08430562 0.07434992 0.02178479]
[0.05181497 0.1354307  0.01995855 0.07016269 0.01995855 0.12351438
 0.03773437 0.0271345  0.12010027 0.08877175 0.04885865 0.07016268
 0.0919539  0.0701627  0.02428133]
[0.04632203 0.14968666 0.02528951 0.07015236 0.02528951 0.15181895
 0.03734978 0.03238606 0.08590849 0.08810923 0.06839089 0.07015236
 0.06163842 0.07015236 0.01735332]
[0.04242803 0.14593777 0.02364202 0.07110347 0.02364202 0.13087474
 0.04045569 0.02761986 0.12271331 0.06566241 0.05145362 0.07110346
 0.0898296  0.07110348 0.02243051]
[0.04632203 0.14968666 0.02528951 0.07015236 0.02528951 0.15181895
 0.03734978 0.03238606 0.08590849 0.08810923 0.06839089 0.07015236
 0.06163842 0.07015236 0.01735332]
[0.03659331 0.18005787 0.01573681 0.07184859 0.01573681 0.14294767
 0.03822302 0.02322281 0.08023095 0.09588538 0.06969433 0.07184859
 0.07243797 0.07184859 0.01368729]
[0.05048251 0.14899878 0.02390558 0.079457   0.02390558 0.1207761
 0.03342938 0.0225959  0.09685182 0.08303877 0.07334559 0.079457
 0.0677973  0.07945701 0.01650169]
[0.03293272 0.19319576 0.01774845 0.08704606 0.01774845 0.11901624
 0.0434719  0.02472642 0.08113062 0.0688519  0.05247135 0.08704607
 0.07212104 0.08704609 0.01544694]
[0.04496631 0.17872933 0.01837606 0.06422761 0.01837606 0.1382563
 0.04672338 0.02771143 0.09353417 0.08312805 0.06556676 0.06422761
 0.07610288 0.06422761 0.01584639]
[0.05490201 0.12648287 0.02799702 0.0735577  0.02799702 0.09171101
 0.05376112 0.02665998 0.10914063 0.08460837 0.06366343 0.0735577
 0.08198653 0.07355772 0.03041687]
[0.03588805 0.16292787 0.01889759 0.0725894  0.01889759 0.1776601
 0.03268895 0.02177449 0.08415043 0.06802043 0.05247139 0.07258941
 0.09010532 0.07258942 0.01874961]
[0.04242803 0.14593777 0.02364202 0.07110347 0.02364202 0.13087474
 0.04045569 0.02761986 0.12271331 0.06566241 0.05145362 0.07110346
 0.0898296  0.07110348 0.02243051]
[0.04372489 0.17433706 0.01708519 0.06662256 0.01708519 0.15750909
 0.04453563 0.02963249 0.08797924 0.07071681 0.06785075 0.06662256
 0.07226008 0.06662256 0.01741588]
[0.04242804 0.14593777 0.02364203 0.07110347 0.02364203 0.13087472
 0.04045569 0.02761987 0.12271333 0.06566241 0.05145362 0.07110347
 0.08982961 0.07110348 0.02243052]
[0.03688809 0.15028097 0.01666584 0.06975869 0.01666584 0.14771163
 0.03299463 0.02812731 0.10791432 0.09033247 0.07927331 0.06975869
 0.06421512 0.06975871 0.01965442]]