30041
Test: public void test47() throws Throwable { Boolean boolean0 = SystemPropertiesUtil.getBoolean("ZH$a@?bN{!m%0kqCXN"); // Undeclared exception!  SystemPropertiesUtil.getBoolean((String) null, "XhvAr8hVX:W_-T[X$}9", boolean0);   }
Code: public static Boolean getBoolean(String name) { String stringResult = System.getProperty(name); return BooleanUtil.toBooleanObject(stringResult); }
[[0.05324508 0.1563108  0.19091646 0.07386318 0.05199306 0.06936481
 0.06859221 0.07386318 0.03339884 0.07386318 0.0583968  0.07386318
 0.0223292 ]
[0.05484765 0.15068616 0.1530485  0.0733562  0.04932045 0.10258184
 0.08076233 0.0733562  0.03553779 0.0733562  0.05230854 0.0733562
 0.0274819 ]
[0.05303764 0.16239272 0.1565767  0.07196444 0.04617926 0.08488519
 0.08444884 0.07196444 0.03446904 0.07196444 0.07059171 0.07196444
 0.01956111]
[0.04519739 0.15859686 0.1522225  0.07519989 0.05931534 0.07295931
 0.08246145 0.07519989 0.04885456 0.07519989 0.05489155 0.07519989
 0.02470144]
[0.0572822  0.15941554 0.18027955 0.06288551 0.05686622 0.06759483
 0.09494589 0.06288551 0.04335133 0.06288551 0.05899742 0.06288551
 0.02972502]
[0.05730804 0.13543181 0.11916596 0.07475403 0.06700052 0.09286166
 0.08298709 0.07475403 0.04774198 0.07475403 0.06585942 0.07475403
 0.03262738]
[0.05666329 0.16700809 0.14126237 0.08050773 0.04846969 0.08225005
 0.0657525  0.08050773 0.03849013 0.08050773 0.05710582 0.08050773
 0.02096721]
[0.04519739 0.15859686 0.1522225  0.07519989 0.05931534 0.07295931
 0.08246145 0.07519989 0.04885456 0.07519989 0.05489155 0.07519989
 0.02470144]
[0.05894735 0.14080133 0.1097229  0.08342864 0.08072486 0.06476311
 0.07016273 0.08342864 0.04835187 0.08342865 0.06435804 0.08342865
 0.02845328]
[0.04519739 0.15859686 0.1522225  0.07519989 0.05931534 0.07295931
 0.08246145 0.07519989 0.04885456 0.07519989 0.05489155 0.07519989
 0.02470144]
[0.03700086 0.16876912 0.18148391 0.07459208 0.04996459 0.0706375
 0.08424971 0.07459208 0.03607031 0.07459208 0.05401124 0.07459208
 0.01944442]
[0.04519739 0.15859686 0.1522225  0.07519989 0.05931534 0.07295931
 0.08246145 0.07519989 0.04885456 0.07519989 0.05489155 0.07519989
 0.02470144]
[0.03863917 0.16068687 0.14143857 0.07258248 0.06103593 0.0974369
 0.07078718 0.07258248 0.03473723 0.07258248 0.08385053 0.07258248
 0.02105774]]