35508
Test: public void test59() throws Throwable { Hours hours0 = Hours.parseHours((String) null); Duration duration0 = hours0.toStandardDuration(); }
Code: public Duration toStandardDuration() { long hours = getValue(); // assign to a long return new Duration(hours * DateTimeConstants.MILLIS_PER_HOUR); }
[[0.04572197 0.07583588 0.06343384 0.06684153 0.0739207  0.02387111
 0.02914437 0.06343384 0.06343384 0.04897836 0.07971791 0.07037401
 0.0739207  0.05104459 0.02265434 0.06343384 0.0339208  0.02955178
 0.02076652]
[0.04364464 0.06731433 0.06766494 0.07471988 0.06668455 0.03580444
 0.0307928  0.06766494 0.06766494 0.04773143 0.07973564 0.07345346
 0.06668455 0.04338202 0.02243404 0.06766494 0.02965021 0.02292137
 0.02438686]
[0.03693306 0.08334576 0.06041458 0.06534091 0.06112667 0.03054718
 0.04113984 0.06041458 0.06041458 0.04891058 0.07607736 0.09044734
 0.06112667 0.04500566 0.02866761 0.06041458 0.03797894 0.02997598
 0.02171814]
[0.04618672 0.06884617 0.05855478 0.07863513 0.0711726  0.03477225
 0.03864884 0.05855478 0.05855478 0.04901753 0.05780598 0.07210257
 0.0711726  0.05258274 0.02513559 0.05855478 0.04593948 0.02673453
 0.02702817]
[0.03441813 0.07287326 0.06310418 0.08775429 0.0691476  0.02674074
 0.02646877 0.06310418 0.06310418 0.05224149 0.0768667  0.09800736
 0.0691476  0.05075576 0.01946597 0.06310418 0.02386207 0.01926549
 0.02056803]
[0.04005761 0.07316096 0.06462185 0.08278818 0.06219713 0.022207
 0.02380127 0.06462185 0.06462185 0.04914833 0.10264899 0.06886321
 0.06219713 0.05893812 0.01998702 0.06462185 0.04303169 0.01804177
 0.01444423]
[0.04917264 0.05826873 0.06949532 0.05755093 0.06051026 0.03409284
 0.0413495  0.06949532 0.06949532 0.04885631 0.06755216 0.06603912
 0.06051026 0.05435524 0.0232521  0.06949532 0.04258798 0.03333518
 0.02458549]
[0.03693306 0.08334576 0.06041458 0.06534091 0.06112667 0.03054718
 0.04113984 0.06041458 0.06041458 0.04891058 0.07607736 0.09044734
 0.06112667 0.04500566 0.02866761 0.06041458 0.03797894 0.02997598
 0.02171814]
[0.03693306 0.08334576 0.06041458 0.06534091 0.06112667 0.03054718
 0.04113984 0.06041458 0.06041458 0.04891058 0.07607736 0.09044734
 0.06112667 0.04500566 0.02866761 0.06041458 0.03797894 0.02997598
 0.02171814]
[0.0343902  0.06541487 0.07182414 0.07535768 0.06670245 0.02699582
 0.02806185 0.07182414 0.07182414 0.04546457 0.07961151 0.08249455
 0.06670245 0.05352689 0.02107755 0.07182414 0.03381612 0.01619955
 0.01688735]
[0.04375336 0.05559442 0.06864282 0.08546117 0.05977621 0.03261178
 0.03637145 0.06864282 0.06864282 0.04984091 0.07633825 0.09126626
 0.05977621 0.04433493 0.01910033 0.06864282 0.02460338 0.02196923
 0.02463085]
[0.0536919  0.07685511 0.05741406 0.07897016 0.06125913 0.03443423
 0.03398653 0.05741406 0.05741406 0.04205951 0.08785871 0.07468652
 0.06125913 0.05372126 0.0282892  0.05741406 0.03806508 0.02377965
 0.02142766]
[0.03441813 0.07287326 0.06310418 0.08775429 0.0691476  0.02674074
 0.02646877 0.06310418 0.06310418 0.05224149 0.0768667  0.09800736
 0.0691476  0.05075576 0.01946597 0.06310418 0.02386207 0.01926549
 0.02056803]
[0.03172155 0.05498712 0.06079492 0.06701528 0.08138224 0.03091379
 0.03131754 0.06079492 0.06079492 0.04746643 0.09485909 0.10647722
 0.08138224 0.04519695 0.01864086 0.06079492 0.02799807 0.01935006
 0.01811181]
[0.03854708 0.05957282 0.05775541 0.07304792 0.07684878 0.02737713
 0.03056773 0.05775541 0.05775541 0.04936747 0.09510674 0.09281404
 0.07684878 0.05432213 0.02468566 0.05775541 0.02699947 0.02189128
 0.02098127]
[0.03693306 0.08334576 0.06041458 0.06534091 0.06112667 0.03054718
 0.04113984 0.06041458 0.06041458 0.04891058 0.07607736 0.09044734
 0.06112667 0.04500566 0.02866761 0.06041458 0.03797894 0.02997598
 0.02171814]
[0.05386592 0.07572132 0.05948104 0.08411023 0.07043487 0.02415662
 0.02792527 0.05948104 0.05948104 0.04750736 0.0706701  0.06847478
 0.07043487 0.0511573  0.01822653 0.05948104 0.05669822 0.0268427
 0.01584981]
[0.03942447 0.07576686 0.05648233 0.09445395 0.06760251 0.02482731
 0.02824898 0.05648233 0.05648233 0.04310034 0.10245594 0.09910947
 0.06760251 0.04566496 0.01975992 0.05648233 0.03170384 0.02047266
 0.01387696]
[0.03455209 0.08159491 0.06411531 0.09169134 0.05610759 0.02445051
 0.03155828 0.06411531 0.06411531 0.05343414 0.07541789 0.06323754
 0.05610759 0.07629959 0.01938082 0.06411531 0.03755675 0.0225577
 0.019592  ]]