168317
Test: public void test6() throws Throwable { // Undeclared exception!  Preconditions.checkNotNull((Object) null, "x{baN&vVVe");   }
Code: public static void checkNotNull(Object object, String errorMsg) { check(object != null, errorMsg); }
[[0.05492407 0.14316486 0.04292671 0.07618244 0.12301558 0.07221869
 0.07618244 0.06120846 0.07618244 0.02845008 0.1485916  0.07618244
 0.02077018]
[0.05499071 0.13567466 0.03376067 0.07546667 0.09885922 0.08590472
 0.07546667 0.08474278 0.07546666 0.03364506 0.14674212 0.07546666
 0.02381343]
[0.04197592 0.13378173 0.0345095  0.08459905 0.1179988  0.06629293
 0.08459905 0.06339288 0.08459905 0.0241414  0.15981667 0.08459905
 0.01969397]
[0.04543646 0.15273471 0.03888569 0.07676239 0.11723086 0.08534989
 0.07676239 0.06690609 0.07676238 0.02879879 0.1345014  0.07676238
 0.02310663]
[0.0461885  0.13097379 0.0422258  0.07503795 0.10819978 0.09930613
 0.07503795 0.07748345 0.07503796 0.03019993 0.142806   0.07503796
 0.0224648 ]
[0.0544395  0.14980377 0.03699705 0.07921591 0.11159298 0.0646474
 0.07921591 0.07052705 0.0792159  0.0297329  0.14686629 0.0792159
 0.01852944]
[0.04543646 0.15273471 0.03888569 0.07676239 0.11723086 0.08534989
 0.07676239 0.06690609 0.07676238 0.02879879 0.1345014  0.07676238
 0.02310663]
[0.05583759 0.12643687 0.04814228 0.07612151 0.09447499 0.08555423
 0.07612151 0.08311228 0.07612152 0.03838908 0.13319853 0.07612152
 0.03036803]
[0.04543646 0.15273471 0.03888569 0.07676239 0.11723086 0.08534989
 0.07676239 0.06690609 0.07676238 0.02879879 0.1345014  0.07676238
 0.02310663]
[0.03995303 0.18669906 0.02478333 0.0688892  0.10314254 0.10467848
 0.0688892  0.0650215  0.06888922 0.01464082 0.17235173 0.06888922
 0.01317273]
[0.04028214 0.12408279 0.0303563  0.08142618 0.12431359 0.06909475
 0.08142618 0.07625213 0.08142619 0.02289897 0.16926588 0.08142619
 0.01774871]
[0.04543646 0.15273471 0.03888569 0.07676239 0.11723086 0.08534989
 0.07676239 0.06690609 0.07676238 0.02879879 0.1345014  0.07676238
 0.02310663]
[0.03982688 0.15217943 0.03560327 0.07681759 0.11508102 0.07304843
 0.07681759 0.08885802 0.07681759 0.02758138 0.14077903 0.07681759
 0.01977222]]