37428
Test: public void test174() throws Throwable { Period period0 = Period.years((-1649)); Period period1 = period0.withYears(8); }
Code: public Period withYears(int years) { int[] values = getValues(); // cloned getPeriodType().setIndexedField(this, PeriodType.YEAR_INDEX, values, years); return new Period(values, getPeriodType()); }
[[0.03513935 0.06276597 0.04875177 0.06687792 0.0514403  0.13378143
 0.03033084 0.02240318 0.05155978 0.04875177 0.07068115 0.04875177
 0.04875177 0.08853705 0.02135252 0.03923862 0.01740605 0.04875177
 0.04875177 0.01597522]
[0.03538518 0.06365997 0.04524294 0.07180395 0.07315846 0.12193918
 0.03634512 0.02429021 0.05144282 0.04524294 0.0670204  0.04524294
 0.04524294 0.0839275  0.02321174 0.04005565 0.01883656 0.04524294
 0.04524294 0.01746565]
[0.02990998 0.0770203  0.04929474 0.08373827 0.05087914 0.1341686
 0.02551412 0.03288317 0.03688369 0.04929474 0.0575852  0.04929474
 0.04929474 0.07543525 0.02373889 0.03639377 0.02303866 0.04929474
 0.04929474 0.0170425 ]
[0.03708516 0.07887667 0.04360178 0.07694371 0.06124429 0.13916449
 0.02948913 0.02534908 0.04724743 0.04360178 0.06114229 0.04360178
 0.04360178 0.08469306 0.02138613 0.0420517  0.01752475 0.04360179
 0.04360179 0.01619133]
[0.04003955 0.0674157  0.05108903 0.06587879 0.06743492 0.10055119
 0.02866023 0.03347167 0.04963267 0.05108903 0.05167791 0.05108903
 0.05108903 0.06616165 0.0316755  0.04568027 0.0218966  0.05108903
 0.05108903 0.02328911]
[0.0412221  0.07053547 0.04705357 0.0522012  0.06448954 0.11990873
 0.03128541 0.02773099 0.04960435 0.04705357 0.07007401 0.04705357
 0.04705357 0.07803366 0.02649768 0.04953603 0.01991633 0.04705358
 0.04705358 0.01664308]
[0.02588588 0.06497648 0.04639858 0.08256468 0.05379742 0.18635283
 0.02340274 0.02063239 0.03909425 0.04639858 0.05279262 0.04639858
 0.04639858 0.08931951 0.01588297 0.04112845 0.0134361  0.04639859
 0.04639859 0.01234218]
[0.03987757 0.05487563 0.05640784 0.08121041 0.04492232 0.09989316
 0.03246328 0.03302947 0.04808808 0.05640784 0.04918107 0.05640784
 0.05640784 0.06587457 0.03011362 0.04374854 0.01875898 0.05640785
 0.05640785 0.01951623]
[0.03164171 0.07383384 0.04980803 0.09466574 0.05220945 0.13733083
 0.02752074 0.01903456 0.03928165 0.04980803 0.06835411 0.04980803
 0.04980803 0.08081642 0.01884582 0.0304248  0.01482778 0.04980803
 0.04980803 0.0123643 ]
[0.02990998 0.0770203  0.04929474 0.08373827 0.05087914 0.1341686
 0.02551412 0.03288317 0.03688369 0.04929474 0.0575852  0.04929474
 0.04929474 0.07543525 0.02373889 0.03639377 0.02303866 0.04929474
 0.04929474 0.0170425 ]
[0.02792911 0.08452636 0.04238417 0.0743328  0.06811084 0.18624139
 0.02204753 0.02271661 0.03984307 0.04238417 0.06410613 0.04238417
 0.04238417 0.07889606 0.01947897 0.03153793 0.01474562 0.04238417
 0.04238417 0.01118257]
[0.02990998 0.0770203  0.04929474 0.08373827 0.05087914 0.1341686
 0.02551412 0.03288317 0.03688369 0.04929474 0.0575852  0.04929474
 0.04929474 0.07543525 0.02373889 0.03639377 0.02303866 0.04929474
 0.04929474 0.0170425 ]
[0.02990998 0.0770203  0.04929474 0.08373827 0.05087914 0.1341686
 0.02551412 0.03288317 0.03688369 0.04929474 0.0575852  0.04929474
 0.04929474 0.07543525 0.02373889 0.03639377 0.02303866 0.04929474
 0.04929474 0.0170425 ]
[0.02974661 0.08767065 0.03960295 0.08917481 0.05121499 0.16453812
 0.02663938 0.02773574 0.04678643 0.03960295 0.0605765  0.03960295
 0.03960295 0.08371587 0.02036409 0.03893675 0.01951907 0.03960295
 0.03960295 0.01576333]
[0.02470048 0.07195574 0.04450857 0.10296469 0.06002213 0.17630771
 0.02557586 0.0178773  0.03514738 0.04450857 0.07030109 0.04450857
 0.04450857 0.06810577 0.01734667 0.04210075 0.01144947 0.04450856
 0.04450856 0.00909357]
[0.02459276 0.06608507 0.04705298 0.06767143 0.05211759 0.19371814
 0.02527032 0.02428946 0.04084161 0.04705298 0.06938743 0.04705298
 0.04705298 0.07112621 0.01904914 0.03501191 0.0144432  0.04705298
 0.04705298 0.01407786]
[0.0312354  0.06284385 0.04622346 0.07494531 0.06056548 0.1335863
 0.02759643 0.02465357 0.03597441 0.04622346 0.07040989 0.04622346
 0.04622346 0.10331265 0.01633118 0.04405657 0.0198454  0.04622346
 0.04622346 0.01730276]
[0.02990998 0.0770203  0.04929474 0.08373827 0.05087914 0.1341686
 0.02551412 0.03288317 0.03688369 0.04929474 0.0575852  0.04929474
 0.04929474 0.07543525 0.02373889 0.03639377 0.02303866 0.04929474
 0.04929474 0.0170425 ]
[0.02990998 0.0770203  0.04929474 0.08373827 0.05087914 0.1341686
 0.02551412 0.03288317 0.03688369 0.04929474 0.0575852  0.04929474
 0.04929474 0.07543525 0.02373889 0.03639377 0.02303866 0.04929474
 0.04929474 0.0170425 ]
[0.02491739 0.08675195 0.04597592 0.10291399 0.06763167 0.1092769
 0.02770383 0.0229222  0.0389724  0.04597592 0.06617546 0.04597592
 0.04597592 0.0745759  0.01847775 0.05545971 0.01398462 0.04597592
 0.04597592 0.01438069]]