164884
Test: public void test23() throws Throwable { PoissonSamplerCache poissonSamplerCache0 = new PoissonSamplerCache(4253.2803416, 4253.2803416); double double0 = poissonSamplerCache0.getMaxMean(); }
Code: public double getMaxMean() { if (isValidRange()) { return Math.nextDown(maxN + 1.0); } return 0; }
[[0.05757137 0.10030034 0.07985768 0.06762071 0.15424949 0.07985768
 0.06762071 0.06223019 0.07985768 0.04643897 0.02457269 0.02252877
 0.0622302  0.07253482 0.02252876]
[0.04536372 0.10240768 0.08379464 0.06676264 0.17813843 0.08379464
 0.06676264 0.06547477 0.08379465 0.03016962 0.02023565 0.01858183
 0.06547475 0.07066251 0.01858183]
[0.04980643 0.0944197  0.08474496 0.07002521 0.12026735 0.08474496
 0.07002521 0.0602154  0.08474496 0.06692864 0.02724553 0.02444047
 0.06021541 0.07773527 0.02444047]
[0.05749898 0.07911204 0.0789815  0.08425096 0.10010819 0.0789815
 0.08425096 0.06724453 0.0789815  0.05960083 0.02709104 0.03101402
 0.06724454 0.07462536 0.03101402]
[0.03782549 0.09788253 0.09244421 0.06872617 0.20924202 0.09244421
 0.06872617 0.04914746 0.09244424 0.02986099 0.01324067 0.01095752
 0.04914747 0.07695334 0.01095752]
[0.04980643 0.0944197  0.08474496 0.07002521 0.12026735 0.08474496
 0.07002521 0.0602154  0.08474496 0.06692864 0.02724553 0.02444047
 0.06021541 0.07773527 0.02444047]
[0.05749898 0.07911204 0.0789815  0.08425096 0.10010819 0.0789815
 0.08425096 0.06724453 0.0789815  0.05960083 0.02709104 0.03101402
 0.06724454 0.07462536 0.03101402]
[0.0402299  0.09006862 0.08536167 0.06808257 0.1727401  0.08536167
 0.06808257 0.06022107 0.08536167 0.05486115 0.02166058 0.01919424
 0.06022108 0.06935889 0.01919424]
[0.04980643 0.0944197  0.08474496 0.07002521 0.12026735 0.08474496
 0.07002521 0.0602154  0.08474496 0.06692864 0.02724553 0.02444047
 0.06021541 0.07773527 0.02444047]
[0.05610536 0.0858757  0.08133823 0.06768725 0.14520602 0.08133823
 0.06768725 0.06392591 0.08133824 0.04514575 0.02784167 0.02414117
 0.06392591 0.08430206 0.02414117]
[0.05175709 0.08774606 0.07326005 0.07939964 0.14123516 0.07326005
 0.07939964 0.07681395 0.07326005 0.04132296 0.02474669 0.01974718
 0.07681397 0.08149034 0.01974718]
[0.03871555 0.08215266 0.07506771 0.08410509 0.14603561 0.07506771
 0.08410509 0.08010683 0.07506771 0.04158215 0.02072773 0.01884084
 0.08010684 0.0794777  0.01884084]
[0.0402299  0.09006862 0.08536167 0.06808256 0.1727401  0.08536167
 0.06808256 0.06022107 0.08536167 0.05486114 0.02166058 0.01919425
 0.06022108 0.06935889 0.01919424]
[0.05104657 0.07465383 0.07658582 0.07705818 0.17172772 0.07658582
 0.07705818 0.06306046 0.07658582 0.04504248 0.02081637 0.02160119
 0.06306048 0.08351588 0.02160119]
[0.03871555 0.08215265 0.0750677  0.08410509 0.14603558 0.0750677
 0.08410509 0.08010682 0.0750677  0.04158215 0.02072773 0.01884084
 0.08010684 0.07947768 0.01884084]]