3283
Test: public void test266() throws Throwable { Service service0 = Service.ignite(); int int0 = 60; service0.threadIdleTimeoutMillis = 60; Service service1 = service0.webSocketIdleTimeoutMillis((-2012)); String string0 = "Must provide a keystore file to run secured"; Service service2 = service1.staticFileLocation(string0); DelayQueue<Delayed> delayQueue0 = new DelayQueue<Delayed>(); Delayed delayed0 = delayQueue0.poll(); service2.embeddedServerIdentifier((Object) delayed0); }
Code: public synchronized void embeddedServerIdentifier(Object obj) { if (initialized) { throwBeforeRouteMappingException(); } embeddedServerIdentifier = obj; }
[[0.04915793 0.09668977 0.03845914 0.06818482 0.11103134 0.05509577
 0.13143836 0.06818482 0.05509577 0.06818482 0.01865818 0.06818482
 0.03026416 0.12271219 0.01865818]
[0.04557353 0.10582343 0.03540898 0.07008997 0.10960418 0.05128951
 0.15195197 0.07008997 0.05128951 0.07008998 0.01737501 0.07008998
 0.03938081 0.09456813 0.017375  ]
[0.03770414 0.11730465 0.03073095 0.0763789  0.11299545 0.0557188
 0.12389143 0.0763789  0.05571878 0.0763789  0.01736795 0.0763789
 0.02902177 0.09666254 0.01736795]
[0.04234282 0.11320463 0.03412148 0.07268667 0.11291479 0.05598827
 0.10135113 0.07268667 0.05598827 0.07268667 0.01982848 0.07268667
 0.04313678 0.11054814 0.01982847]
[0.05279305 0.11486968 0.03383313 0.07398136 0.07148992 0.074166
 0.11553806 0.07398136 0.07416603 0.07398137 0.01954496 0.07398137
 0.03321569 0.09491299 0.01954496]
[0.05114    0.08410232 0.04368013 0.07181799 0.09757824 0.07141036
 0.08950037 0.07181799 0.07141036 0.071818   0.02690395 0.071818
 0.04208492 0.10801344 0.02690395]
[0.03066615 0.11500653 0.02171536 0.07611156 0.11966181 0.05321347
 0.16870219 0.07611156 0.05321347 0.07611158 0.00859963 0.07611158
 0.02303011 0.09314531 0.00859963]
[0.04234282 0.11320463 0.03412148 0.07268667 0.11291479 0.05598827
 0.10135113 0.07268667 0.05598827 0.07268667 0.01982848 0.07268667
 0.04313678 0.11054814 0.01982847]
[0.05114    0.08410232 0.04368013 0.07181799 0.09757824 0.07141036
 0.08950037 0.07181799 0.07141036 0.071818   0.02690395 0.071818
 0.04208492 0.10801344 0.02690395]
[0.04234282 0.11320463 0.03412148 0.07268667 0.11291479 0.05598827
 0.10135113 0.07268667 0.05598827 0.07268667 0.01982848 0.07268667
 0.04313678 0.11054814 0.01982847]
[0.03493958 0.10849267 0.03072749 0.06827671 0.10870847 0.07283868
 0.13112047 0.06827671 0.07283869 0.0682767  0.01649167 0.0682767
 0.02975275 0.10449111 0.01649167]
[0.04234282 0.11320463 0.03412148 0.07268667 0.11291479 0.05598827
 0.10135113 0.07268667 0.05598827 0.07268667 0.01982848 0.07268667
 0.04313678 0.11054814 0.01982847]
[0.05492273 0.08140846 0.0437002  0.07783651 0.08542164 0.05664261
 0.1205103  0.07783651 0.05664261 0.07783651 0.02561883 0.07783651
 0.04398579 0.09418196 0.02561883]
[0.06292825 0.09765087 0.04413    0.06598111 0.1204015  0.05835292
 0.11080065 0.06598111 0.05835292 0.06598111 0.02328956 0.06598111
 0.04557301 0.09130634 0.02328956]
[0.03493957 0.10849269 0.03072749 0.0682767  0.10870848 0.07283868
 0.13112044 0.0682767  0.07283868 0.0682767  0.01649167 0.0682767
 0.02975275 0.10449113 0.01649167]]