136009
Test: public void test114() throws Throwable { Document document0 = new Document("5i?@7R "); Elements elements0 = document0.getElementsByIndexLessThan(731); Elements elements1 = elements0.unwrap(); }
Code: public Elements unwrap() { for (Element element : this) { element.unwrap(); } return this; }
[[0.07396854 0.04435365 0.10259351 0.07764294 0.07747578 0.05283828
 0.1010748  0.05943649 0.04001106 0.07764293 0.10259351 0.02692426
 0.07881346 0.05770654 0.02692425]
[0.06854249 0.03355037 0.0994028  0.09898458 0.06880786 0.04331536
 0.10744899 0.04850075 0.03983373 0.09898461 0.0994028  0.0252115
 0.08714366 0.05565905 0.0252115 ]
[0.06125353 0.04070944 0.10522041 0.08059966 0.087804   0.05565276
 0.10511363 0.05539887 0.03618306 0.08059965 0.10522041 0.02857861
 0.07390916 0.05517826 0.02857861]
[0.06779154 0.04111905 0.09733181 0.08988773 0.07171902 0.05451317
 0.09061516 0.05325877 0.04267754 0.08988774 0.09733181 0.03474235
 0.08051582 0.0538661  0.03474235]
[0.07513193 0.03760514 0.11395712 0.10253365 0.0821019  0.04566836
 0.09267992 0.04172679 0.03382841 0.10253365 0.11395711 0.01892566
 0.07664907 0.04377571 0.01892566]
[0.05777332 0.03250979 0.10513683 0.09664033 0.08118612 0.04892842
 0.11303254 0.05306709 0.03195981 0.0966403  0.10513683 0.02492435
 0.08036384 0.04777614 0.02492434]
[0.06347137 0.04108786 0.10876224 0.08623097 0.07616843 0.0464425
 0.09763031 0.05698106 0.03612791 0.08623098 0.10876223 0.02585801
 0.08727294 0.05311517 0.02585801]
[0.07281424 0.04303325 0.09288357 0.09088626 0.08141918 0.04194162
 0.09506419 0.04488846 0.03822877 0.09088624 0.09288356 0.03419683
 0.09241095 0.05426606 0.03419683]
[0.06584583 0.04398156 0.11963049 0.08553608 0.06844734 0.03296147
 0.10586849 0.05401606 0.03587772 0.08553608 0.1196305  0.02303169
 0.07958268 0.0570223  0.02303169]
[0.06779154 0.04111905 0.09733181 0.08988773 0.07171902 0.05451317
 0.09061516 0.05325877 0.04267754 0.08988774 0.09733181 0.03474235
 0.08051582 0.0538661  0.03474235]
[0.06125353 0.04070944 0.10522041 0.08059966 0.087804   0.05565276
 0.10511363 0.05539887 0.03618306 0.08059965 0.10522041 0.02857861
 0.07390916 0.05517826 0.02857861]
[0.0520214  0.03338047 0.10246922 0.10375795 0.0708331  0.0441107
 0.10910743 0.04113448 0.03966286 0.10375797 0.10246921 0.02377095
 0.10496353 0.04478984 0.02377095]
[0.0530936  0.04128032 0.11621019 0.08257845 0.1056361  0.03682843
 0.11514374 0.0446962  0.03323546 0.08257845 0.11621019 0.02370742
 0.08072528 0.04436869 0.02370742]
[0.07189021 0.04290065 0.11009687 0.09478026 0.05977185 0.04431875
 0.10482022 0.04503626 0.03518444 0.09478026 0.11009687 0.02782068
 0.08866858 0.04201347 0.02782068]
[0.0520214  0.03338046 0.10246921 0.10375796 0.0708331  0.0441107
 0.10910744 0.04113448 0.03966287 0.10375796 0.10246921 0.02377096
 0.10496354 0.04478984 0.02377096]]