146872
Test: public void test0() throws Throwable { ISINValidator iSINValidator0 = ISINValidator.getInstance(true); Object object0 = iSINValidator0.validate("+BWlh$yI-T!BY-$#"); }
Code: public Object validate(String code) { final Object validate = VALIDATOR.validate(code); if (validate != null && checkCountryCode) { return checkCode(code.substring(0,2)) ? validate : null; } return validate; }
[[0.03065875 0.02366907 0.04253185 0.06050378 0.04109442 0.0246369
 0.02366907 0.04253185 0.01930485 0.04253185 0.08266111 0.04253185
 0.01676422 0.03490284 0.01965942 0.04253185 0.04109442 0.03376764
 0.04253185 0.05432639 0.04253185 0.02837807 0.06466724 0.01310971
 0.03376765 0.04253186 0.01310971]
[0.02909844 0.02033567 0.03796587 0.06946316 0.06012667 0.02093648
 0.02033567 0.03796587 0.02069602 0.03796587 0.08966836 0.03796587
 0.0177451  0.02787716 0.01904751 0.03796587 0.06012667 0.03561718
 0.03796587 0.05619625 0.03796587 0.02103933 0.06996664 0.01118969
 0.03561718 0.03796588 0.01118969]
[0.02581816 0.02017989 0.04307358 0.06270438 0.04102954 0.0249319
 0.02017989 0.04307358 0.02776948 0.04307358 0.06353632 0.04307358
 0.01698523 0.0282945  0.01877496 0.04307358 0.04102954 0.03133869
 0.04307358 0.0598363  0.04307358 0.024615   0.0891753  0.01393683
 0.0313387  0.04307358 0.01393683]
[0.02525964 0.0153826  0.04725708 0.04537933 0.04764691 0.02196993
 0.0153826  0.04725708 0.01657394 0.04725708 0.11749159 0.04725708
 0.01524377 0.02792067 0.01922642 0.04725708 0.04764691 0.03304744
 0.04725708 0.04638313 0.04725708 0.01874132 0.05879267 0.00840351
 0.03304744 0.04725708 0.00840351]
[0.03214156 0.01914123 0.04155611 0.0539752  0.0529119  0.03160783
 0.01914123 0.04155611 0.02681395 0.04155611 0.05519477 0.04155611
 0.02299656 0.02600825 0.02824938 0.04155611 0.0529119  0.0368292
 0.04155611 0.04100307 0.04155611 0.02652927 0.0683476  0.01845948
 0.03682921 0.04155613 0.01845948]
[0.02848703 0.02072496 0.04353318 0.05650815 0.04888997 0.01908055
 0.02072496 0.04353318 0.02204481 0.04353318 0.09465863 0.04353318
 0.0132095  0.02359437 0.02173888 0.04353318 0.04888997 0.04144416
 0.04353318 0.0512356  0.04353318 0.0225287  0.05731636 0.00960689
 0.04144416 0.04353319 0.00960688]
[0.02909844 0.02033567 0.03796587 0.06946316 0.06012667 0.02093648
 0.02033567 0.03796587 0.02069602 0.03796587 0.08966836 0.03796587
 0.0177451  0.02787716 0.01904751 0.03796587 0.06012667 0.03561718
 0.03796587 0.05619625 0.03796587 0.02103933 0.06996664 0.01118969
 0.03561718 0.03796588 0.01118969]
[0.02581816 0.02017989 0.04307358 0.06270438 0.04102954 0.0249319
 0.02017989 0.04307358 0.02776948 0.04307358 0.06353632 0.04307358
 0.01698523 0.0282945  0.01877496 0.04307358 0.04102954 0.03133869
 0.04307358 0.0598363  0.04307358 0.024615   0.0891753  0.01393683
 0.0313387  0.04307358 0.01393683]
[0.0326944  0.02140224 0.04624496 0.04155992 0.03690521 0.0275395
 0.02140224 0.04624496 0.02710138 0.04624496 0.07236634 0.04624496
 0.027378   0.02690747 0.02781161 0.04624496 0.03690521 0.03588227
 0.04624496 0.04500929 0.04624496 0.02783465 0.05342075 0.01601878
 0.03588227 0.04624496 0.01601878]
[0.02581816 0.02017989 0.04307358 0.06270438 0.04102954 0.0249319
 0.02017989 0.04307358 0.02776948 0.04307358 0.06353632 0.04307358
 0.01698523 0.0282945  0.01877496 0.04307358 0.04102954 0.03133869
 0.04307358 0.0598363  0.04307358 0.024615   0.0891753  0.01393683
 0.0313387  0.04307358 0.01393683]
[0.02089695 0.01594275 0.04718995 0.06137903 0.04631659 0.01644763
 0.01594275 0.04718995 0.01655817 0.04718995 0.11871689 0.04718995
 0.00833333 0.02339162 0.0109894  0.04718995 0.04631659 0.02767337
 0.04718995 0.05356684 0.04718995 0.01592906 0.08240621 0.0069999
 0.02767337 0.04718996 0.0069999 ]
[0.02581816 0.02017989 0.04307358 0.06270438 0.04102954 0.0249319
 0.02017989 0.04307358 0.02776948 0.04307358 0.06353632 0.04307358
 0.01698523 0.0282945  0.01877496 0.04307358 0.04102954 0.03133869
 0.04307358 0.0598363  0.04307358 0.024615   0.0891753  0.01393683
 0.0313387  0.04307358 0.01393683]
[0.02365433 0.01949595 0.04136348 0.06143974 0.05536501 0.02619779
 0.01949595 0.04136348 0.01960508 0.04136348 0.09353296 0.04136348
 0.01008483 0.02477648 0.01477197 0.04136348 0.05536501 0.03274598
 0.04136348 0.06810336 0.04136348 0.01495847 0.07715152 0.00980086
 0.03274599 0.04136349 0.00980086]
[0.02610917 0.02066859 0.03982012 0.05297171 0.05980463 0.02075476
 0.02066859 0.03982012 0.02283559 0.03982012 0.08105499 0.03982012
 0.01448261 0.02413972 0.02017173 0.03982012 0.05980463 0.04213315
 0.03982012 0.05796134 0.03982012 0.02101831 0.07634483 0.00919075
 0.04213316 0.03982012 0.00919075]
[0.02399231 0.02185351 0.04486079 0.06360309 0.046091   0.01964788
 0.02185351 0.04486079 0.02052525 0.04486079 0.07334942 0.04486079
 0.01578229 0.02967398 0.01607718 0.04486079 0.046091   0.0307005
 0.04486079 0.05147845 0.04486079 0.02442885 0.07558141 0.01484176
 0.0307005  0.04486079 0.01484176]
[0.02581816 0.02017989 0.04307358 0.06270438 0.04102954 0.0249319
 0.02017989 0.04307358 0.02776948 0.04307358 0.06353632 0.04307358
 0.01698523 0.0282945  0.01877496 0.04307358 0.04102954 0.03133869
 0.04307358 0.0598363  0.04307358 0.024615   0.0891753  0.01393683
 0.0313387  0.04307358 0.01393683]
[0.03214156 0.01914123 0.04155611 0.0539752  0.0529119  0.03160783
 0.01914123 0.04155611 0.02681395 0.04155611 0.05519477 0.04155611
 0.02299656 0.02600825 0.02824938 0.04155611 0.0529119  0.0368292
 0.04155611 0.04100307 0.04155611 0.02652927 0.0683476  0.01845948
 0.03682921 0.04155613 0.01845948]
[0.02191637 0.02063319 0.04390209 0.06228847 0.04241387 0.02007816
 0.02063319 0.04390209 0.02140019 0.04390209 0.09067003 0.04390209
 0.01346261 0.02783333 0.01530086 0.04390209 0.04241387 0.03189351
 0.04390209 0.06202191 0.04390209 0.02026549 0.08037372 0.01164547
 0.03189351 0.0439021  0.01164547]
[0.02581816 0.02017989 0.04307358 0.06270438 0.04102954 0.0249319
 0.02017989 0.04307358 0.02776948 0.04307358 0.06353632 0.04307358
 0.01698523 0.0282945  0.01877496 0.04307358 0.04102954 0.03133869
 0.04307358 0.0598363  0.04307358 0.024615   0.0891753  0.01393683
 0.0313387  0.04307358 0.01393683]
[0.0256542  0.01853018 0.04038074 0.07000011 0.05889477 0.01929273
 0.01853018 0.04038074 0.01611644 0.04038074 0.0878683  0.04038074
 0.01528135 0.02509745 0.01616058 0.04038074 0.05889477 0.03500865
 0.04038074 0.05813394 0.04038074 0.02552267 0.07049169 0.01123369
 0.03500865 0.04038074 0.01123368]
[0.02581816 0.02017989 0.04307358 0.06270438 0.04102954 0.0249319
 0.02017989 0.04307358 0.02776948 0.04307358 0.06353632 0.04307358
 0.01698523 0.0282945  0.01877496 0.04307358 0.04102954 0.03133869
 0.04307358 0.0598363  0.04307358 0.024615   0.0891753  0.01393683
 0.0313387  0.04307358 0.01393683]
[0.03090276 0.02044321 0.03769224 0.05221784 0.04765939 0.02235014
 0.02044321 0.03769224 0.02381618 0.03769224 0.07497589 0.03769224
 0.01957958 0.03141025 0.02743848 0.03769224 0.04765939 0.03892919
 0.03769224 0.06967118 0.03769224 0.02126505 0.07776008 0.01650554
 0.03892919 0.03769224 0.01650553]
[0.02846385 0.01941285 0.04727302 0.05829953 0.03863934 0.02424244
 0.01941285 0.04727302 0.01826586 0.04727302 0.07948409 0.04727302
 0.01601263 0.02741284 0.021388   0.04727302 0.03863934 0.03357352
 0.04727302 0.05951162 0.04727302 0.02700062 0.05397946 0.01225171
 0.03357352 0.04727302 0.01225171]
[0.02134587 0.02196537 0.03957908 0.05723991 0.05682259 0.01944487
 0.02196537 0.03957908 0.01951553 0.03957908 0.08280983 0.03957908
 0.01581359 0.02406906 0.01851059 0.03957908 0.05682259 0.04718808
 0.03957908 0.05268634 0.03957908 0.02047533 0.07523786 0.01213322
 0.04718808 0.03957909 0.01213322]
[0.02191637 0.02063319 0.0439021  0.06228847 0.04241386 0.02007816
 0.02063319 0.0439021  0.02140018 0.0439021  0.09067002 0.0439021
 0.01346261 0.02783333 0.01530086 0.0439021  0.04241386 0.03189351
 0.0439021  0.06202192 0.0439021  0.02026549 0.08037371 0.01164547
 0.03189351 0.0439021  0.01164547]
[0.02581816 0.02017989 0.04307358 0.06270438 0.04102954 0.0249319
 0.02017989 0.04307358 0.02776948 0.04307358 0.06353632 0.04307358
 0.01698522 0.0282945  0.01877497 0.04307358 0.04102954 0.0313387
 0.04307358 0.0598363  0.04307358 0.024615   0.0891753  0.01393683
 0.0313387  0.04307358 0.01393683]
[0.02134587 0.02196538 0.03957908 0.05723991 0.0568226  0.01944488
 0.02196538 0.03957908 0.01951553 0.03957908 0.08280982 0.03957908
 0.0158136  0.02406906 0.01851059 0.03957908 0.0568226  0.04718809
 0.03957908 0.05268634 0.03957908 0.02047533 0.07523788 0.01213323
 0.04718809 0.03957909 0.01213322]]