36587
Test: public void test19() throws Throwable { Years years0 = Years.ONE; Years years1 = years0.MAX_VALUE.minus(0); // Undeclared exception!  years1.plus(years1);   }
Code: public Years plus(int years) { if (years == 0) { return this; } return Years.years(FieldUtils.safeAdd(getValue(), years)); }
[[0.05180276 0.07185467 0.07185467 0.07679351 0.05944601 0.13865128
 0.04777506 0.08445568 0.02673746 0.05944601 0.05582197 0.04197025
 0.01996527 0.05582197 0.07185467 0.04578346 0.01996527]
[0.0441676  0.07573637 0.07573637 0.09492842 0.05885867 0.10583432
 0.05606981 0.08582738 0.02971325 0.05885867 0.05331265 0.04000059
 0.0208056  0.05331265 0.07573637 0.05029567 0.0208056 ]
[0.0441676  0.07573637 0.07573637 0.09492842 0.05885867 0.10583432
 0.05606981 0.08582738 0.02971325 0.05885867 0.05331265 0.04000059
 0.0208056  0.05331265 0.07573637 0.05029567 0.0208056 ]
[0.05422758 0.06472631 0.06472631 0.08447662 0.068266   0.13604856
 0.06004951 0.07772141 0.02716871 0.068266   0.05716003 0.03194372
 0.01916041 0.05716003 0.06472631 0.04501203 0.01916041]
[0.05148251 0.07147386 0.07147386 0.07208549 0.07373868 0.08985643
 0.06018736 0.05716911 0.03319889 0.07373868 0.06043003 0.04179473
 0.0274413  0.06043003 0.07147386 0.05658393 0.0274413 ]
[0.03422039 0.08661841 0.08661841 0.11403651 0.05575586 0.18690023
 0.03254568 0.07606833 0.02251668 0.05575586 0.04406221 0.02336463
 0.00918541 0.04406221 0.08661841 0.03248534 0.00918541]
[0.04720732 0.07906516 0.07906516 0.0988959  0.06113232 0.14042602
 0.04452702 0.06381168 0.02068321 0.06113232 0.05706024 0.03945517
 0.01762271 0.05706024 0.07906516 0.03616758 0.01762271]
[0.03297806 0.06007736 0.06007736 0.09531458 0.06509805 0.18386519
 0.05468462 0.08534405 0.02889204 0.06509805 0.05293843 0.03166321
 0.01426909 0.05293843 0.06007736 0.04241505 0.01426909]
[0.04223738 0.07156869 0.07156869 0.08664098 0.06226664 0.14188959
 0.039536   0.07419876 0.02655602 0.06226664 0.06566679 0.03789438
 0.02232204 0.06566679 0.07156869 0.03582989 0.02232204]
[0.05148251 0.07147386 0.07147386 0.07208549 0.07373868 0.08985643
 0.06018736 0.05716911 0.03319889 0.07373868 0.06043003 0.04179473
 0.0274413  0.06043003 0.07147386 0.05658393 0.0274413 ]
[0.03662723 0.07904942 0.07904942 0.07503574 0.05925914 0.15902999
 0.04396904 0.07863413 0.02499743 0.05925914 0.05529603 0.0310366
 0.01686652 0.05529603 0.07904942 0.05067824 0.01686652]
[0.05076225 0.07568371 0.07568371 0.06242611 0.07124324 0.12309487
 0.04605532 0.06848343 0.02908643 0.07124324 0.06221192 0.03036699
 0.02029499 0.06221192 0.07568371 0.05517314 0.02029499]
[0.03525147 0.0692399  0.0692399  0.10618527 0.07144611 0.13184276
 0.04599877 0.05946017 0.02267583 0.07144611 0.07145529 0.03053196
 0.01629775 0.07145529 0.0692399  0.04193579 0.01629775]
[0.03662723 0.07904942 0.07904942 0.07503574 0.05925914 0.15902999
 0.04396904 0.07863413 0.02499743 0.05925914 0.05529603 0.0310366
 0.01686652 0.05529603 0.07904942 0.05067824 0.01686652]
[0.0441676  0.07573637 0.07573637 0.09492842 0.05885867 0.10583432
 0.05606981 0.08582738 0.02971325 0.05885867 0.05331265 0.04000059
 0.0208056  0.05331265 0.07573637 0.05029567 0.0208056 ]
[0.04040248 0.06328778 0.06328778 0.09358037 0.06093616 0.16765967
 0.04864775 0.07038438 0.03012327 0.06093616 0.06142849 0.0401707
 0.01622368 0.06142849 0.06328778 0.04199143 0.01622368]
[0.03525146 0.06923988 0.06923988 0.10618526 0.07144612 0.13184275
 0.04599877 0.05946016 0.02267584 0.07144612 0.07145528 0.03053195
 0.01629775 0.07145528 0.06923988 0.0419358  0.01629775]]