141053
Test: public void test13() throws Throwable { TCPLateralCacheAttributes tCPLateralCacheAttributes0 = new TCPLateralCacheAttributes(); LateralTCPListener<SocketChannel, SocketChannel> lateralTCPListener0 = new LateralTCPListener<SocketChannel, SocketChannel>(tCPLateralCacheAttributes0); // Undeclared exception!  lateralTCPListener0.getCache("F6Po}\"-S8z5");   }
Code: protected CompositeCache<K, V> getCache( final String name ) { return getCacheManager().getCache( name ); }
[[0.10043544 0.08643842 0.08643842 0.08643842 0.04813123 0.08463671
 0.0306337  0.0943949  0.10991679 0.07067795 0.08643842 0.0306337
 0.06274278 0.0220431 ]
[0.10763126 0.08171341 0.08171341 0.08171341 0.04951052 0.08881424
 0.02846782 0.12247402 0.08436551 0.06033158 0.08171341 0.02846782
 0.07482595 0.02825766]
[0.10763126 0.08171341 0.08171341 0.08171341 0.04951052 0.08881424
 0.02846782 0.12247402 0.08436551 0.06033158 0.08171341 0.02846782
 0.07482595 0.02825766]
[0.10763126 0.08171341 0.08171341 0.08171341 0.04951052 0.08881424
 0.02846782 0.12247402 0.08436551 0.06033158 0.08171341 0.02846782
 0.07482595 0.02825766]
[0.07467074 0.0882002  0.0882002  0.0882002  0.03831222 0.08850076
 0.03106509 0.11827964 0.09751908 0.08339854 0.0882002  0.03106509
 0.06517984 0.01920821]
[0.09261089 0.08843768 0.08843768 0.08843768 0.04954074 0.07227201
 0.02970533 0.10874089 0.0992774  0.06472173 0.08843767 0.02970533
 0.07483963 0.02483536]
[0.0934923  0.0818041  0.0818041  0.0818041  0.05366483 0.07638061
 0.03714494 0.10599468 0.08071066 0.07789201 0.0818041  0.03714494
 0.07267126 0.03768738]
[0.09050982 0.08007503 0.08007503 0.08007503 0.05751993 0.09048592
 0.02924785 0.0992032  0.12559335 0.06914464 0.08007503 0.02924785
 0.05739954 0.03134771]
[0.11266278 0.07603174 0.07603174 0.07603174 0.05949195 0.08355929
 0.03201398 0.10470136 0.10368398 0.0685436  0.07603176 0.03201398
 0.06371304 0.03548913]
[0.11389469 0.08465202 0.08465202 0.08465202 0.03986286 0.09304659
 0.0233829  0.1086369  0.08653764 0.06208927 0.08465201 0.0233829
 0.08696332 0.02359481]
[0.10763126 0.08171341 0.08171341 0.08171341 0.04951052 0.08881424
 0.02846782 0.12247402 0.08436551 0.06033158 0.08171341 0.02846782
 0.07482595 0.02825766]
[0.0934923  0.0818041  0.0818041  0.0818041  0.05366483 0.07638061
 0.03714494 0.10599468 0.08071066 0.07789201 0.0818041  0.03714494
 0.07267126 0.03768738]
[0.09801736 0.07855894 0.07855894 0.07855894 0.04793683 0.09819826
 0.02566871 0.1129373  0.11434992 0.07751819 0.07855894 0.02566871
 0.06646041 0.01900864]
[0.09264451 0.07965994 0.07965994 0.07965994 0.03940828 0.07893688
 0.02918343 0.11980183 0.1164566  0.09580423 0.07965994 0.02918343
 0.05515224 0.02478883]]