11665
Test: public void test6() throws Throwable { FailableDoubleUnaryOperator<Throwable> failableDoubleUnaryOperator0 = FailableDoubleUnaryOperator.identity(); FailableDoubleUnaryOperator<Throwable> failableDoubleUnaryOperator1 = failableDoubleUnaryOperator0.andThen(failableDoubleUnaryOperator0); FailableDoubleUnaryOperator<Throwable> failableDoubleUnaryOperator2 = failableDoubleUnaryOperator0.compose(failableDoubleUnaryOperator1); }
Code: default FailableDoubleUnaryOperator<E> compose(final FailableDoubleUnaryOperator<E> before) { Objects.requireNonNull(before); return (final double v) -> applyAsDouble(before.applyAsDouble(v)); }
[[0.13146439 0.07125766 0.07125766 0.07125766 0.07125766 0.10427007
 0.07125766 0.06710391 0.04492972 0.07883911 0.03459556 0.0927352
 0.07125767 0.01851608]
[0.11799723 0.07278089 0.07278089 0.07278089 0.07278089 0.0785497
 0.07278089 0.05419555 0.05462262 0.08221041 0.03098725 0.11863443
 0.07278091 0.02611743]
[0.11799723 0.07278089 0.07278089 0.07278089 0.07278089 0.0785497
 0.07278089 0.05419555 0.05462262 0.08221041 0.03098725 0.11863443
 0.07278091 0.02611743]
[0.11799723 0.07278089 0.07278089 0.07278089 0.07278089 0.0785497
 0.07278089 0.05419555 0.05462262 0.08221041 0.03098725 0.11863443
 0.07278091 0.02611743]
[0.11799723 0.07278089 0.07278089 0.07278089 0.07278089 0.0785497
 0.07278089 0.05419555 0.05462262 0.08221041 0.03098725 0.11863443
 0.07278091 0.02611743]
[0.09467309 0.07168108 0.07168108 0.07168108 0.07168108 0.10100421
 0.07168108 0.06517042 0.06004346 0.07631353 0.04365751 0.09478125
 0.0716811  0.03427003]
[0.11799723 0.07278089 0.07278089 0.07278089 0.07278089 0.0785497
 0.07278089 0.05419555 0.05462262 0.08221041 0.03098725 0.11863443
 0.07278091 0.02611743]
[0.16369182 0.07245637 0.07245637 0.07245637 0.07245637 0.07990681
 0.07245637 0.05387105 0.0424119  0.0779184  0.04154546 0.08432157
 0.07245638 0.0215948 ]
[0.11740287 0.07342356 0.07342356 0.07342356 0.07342356 0.08907955
 0.07342356 0.07506346 0.04986882 0.08400948 0.03110006 0.09066958
 0.07342356 0.02226485]
[0.11405317 0.0769199  0.0769199  0.0769199  0.0769199  0.08223955
 0.0769199  0.06797692 0.05538248 0.09263945 0.02907885 0.07591733
 0.07691991 0.02119289]
[0.12958391 0.07096991 0.07096991 0.07096991 0.07096991 0.11802353
 0.07096991 0.06010284 0.04928017 0.07178419 0.02681715 0.09692287
 0.07096992 0.02166584]
[0.11351232 0.07227595 0.07227595 0.07227595 0.07227595 0.11108389
 0.07227595 0.06524825 0.0596763  0.07741958 0.03020118 0.0867389
 0.07227595 0.02246387]
[0.11799724 0.07278089 0.07278089 0.07278089 0.07278089 0.07854971
 0.07278089 0.05419555 0.05462262 0.08221041 0.03098726 0.11863442
 0.0727809  0.02611743]
[0.10789275 0.06817515 0.06817515 0.06817515 0.06817515 0.11080496
 0.06817515 0.08641209 0.05877786 0.09101234 0.03010825 0.08276258
 0.06817517 0.02317819]]