8211
Test: public void test48() throws Throwable { boolean boolean0 = CharUtils.isAsciiControl('\u0000'); }
Code: public static boolean isAsciiControl(final char ch) { return ch < 32 || ch == 127; }
[[0.04491506 0.13121589 0.11373109 0.06230717 0.06344468 0.04782697
 0.05814631 0.04921553 0.07653031 0.03547744 0.03139523 0.04273729
 0.07653031 0.07134237 0.07642873 0.01875566]
[0.04455471 0.12075377 0.13404426 0.05979593 0.06205034 0.03071097
 0.08138677 0.0423589  0.08619598 0.03008842 0.02417793 0.04180849
 0.08619598 0.05622042 0.07773413 0.02192295]
[0.03252715 0.11673097 0.17925961 0.06311182 0.06197829 0.02823729
 0.07492487 0.05160225 0.08093963 0.023693   0.01833851 0.03742522
 0.08093963 0.0496491  0.08634015 0.01430254]
[0.03352685 0.11538348 0.12741287 0.05617543 0.07399616 0.03098836
 0.05194703 0.04066051 0.09564244 0.02857674 0.02365699 0.04508531
 0.09564244 0.06377994 0.0997847  0.01774085]
[0.0297459  0.12384044 0.14626102 0.05622421 0.06098179 0.02863238
 0.06453582 0.04867483 0.0936607  0.02907418 0.02063646 0.03208116
 0.0936607  0.06840355 0.0878742  0.0157126 ]
[0.03253374 0.1127231  0.15422016 0.06020404 0.08946349 0.03434405
 0.06998117 0.04207868 0.09075624 0.02495899 0.01851986 0.03965448
 0.09075624 0.05546246 0.07173225 0.012611  ]
[0.04918566 0.11266499 0.11337374 0.06628501 0.06796885 0.03689484
 0.07493341 0.05714797 0.07507414 0.03867506 0.03307483 0.04234469
 0.07507414 0.05358484 0.07663503 0.02708279]
[0.02969147 0.13261133 0.16554055 0.06074271 0.0561313  0.03804857
 0.05486976 0.04365272 0.09286442 0.0240652  0.01821713 0.0331632
 0.09286442 0.05940484 0.08293416 0.01519827]
[0.04531992 0.11494569 0.13673252 0.05952728 0.06269231 0.02772332
 0.07981218 0.04431267 0.08829563 0.02769287 0.02461421 0.03035884
 0.08829563 0.05106621 0.10400124 0.01460954]
[0.03492144 0.10683388 0.11099716 0.05597939 0.08012664 0.05125695
 0.0614695  0.06073545 0.07742951 0.03255812 0.02916598 0.05225193
 0.07742951 0.06250757 0.08688086 0.01945615]
[0.03419282 0.11351842 0.11630797 0.05570659 0.07005324 0.03315044
 0.05817091 0.0437995  0.09638426 0.02842562 0.02611877 0.04320098
 0.09638426 0.06151405 0.10629633 0.01677589]
[0.03329466 0.12312502 0.12881249 0.06789773 0.08162959 0.0367157
 0.08739196 0.04859369 0.07814611 0.02577614 0.02332713 0.03936717
 0.07814611 0.05544103 0.08130841 0.01102711]
[0.04531992 0.11494569 0.13673252 0.05952728 0.06269231 0.02772332
 0.07981218 0.04431267 0.08829563 0.02769287 0.02461421 0.03035884
 0.08829563 0.05106621 0.10400124 0.01460954]
[0.02344318 0.13262983 0.20108116 0.03868449 0.05335218 0.02847584
 0.05911066 0.03849667 0.0910811  0.02000903 0.01850649 0.03861637
 0.0910811  0.05827769 0.09497929 0.01217492]
[0.04249412 0.10474549 0.1603236  0.05897266 0.086031   0.02737879
 0.08140694 0.04552133 0.06286052 0.03034992 0.02460707 0.04659104
 0.06286052 0.05369443 0.09617741 0.01598518]
[0.03099939 0.1215279  0.11270931 0.05933243 0.07694883 0.04088617
 0.07181268 0.06543337 0.09274326 0.02629633 0.02341143 0.04148708
 0.09274326 0.05305217 0.0747841  0.01583227]]