2683
Test: public void test12() throws Throwable { TiffImageMetadata tiffImageMetadata0 = new TiffImageMetadata((TiffContents) null); GenericImageMetadata.GenericImageMetadataItem genericImageMetadata_GenericImageMetadataItem0 = new GenericImageMetadata.GenericImageMetadataItem("nG$J!4F-H]", "nG$J!4F-H]"); tiffImageMetadata0.add((ImageMetadata.ImageMetadataItem) genericImageMetadata_GenericImageMetadataItem0); JpegImageMetadata jpegImageMetadata0 = new JpegImageMetadata((JpegPhotoshopMetadata) null, tiffImageMetadata0); // Undeclared exception!  jpegImageMetadata0.getEXIFThumbnailSize();   }
Code: public Dimension getEXIFThumbnailSize() throws ImageReadException, IOException { final byte[] data = getEXIFThumbnailData(); if (data != null) { return Imaging.getImageSize(data); } return null; }
[[0.0367985  0.05104899 0.05104899 0.08723837 0.05104899 0.01900458
 0.04899317 0.02952708 0.0531593  0.0383743  0.02314974 0.05104899
 0.09918119 0.03055042 0.02007925 0.01976318 0.04899316 0.04048912
 0.05104899 0.01566269 0.04048912 0.07763916 0.01566268]
[0.0297607  0.05002224 0.05002224 0.09608784 0.05002224 0.01965842
 0.04524301 0.02813868 0.05143136 0.03707645 0.03157312 0.05002224
 0.07272097 0.04662761 0.01915585 0.02112238 0.04524301 0.03607009
 0.05002224 0.01551521 0.0360701  0.1028788  0.01551521]
[0.0297607  0.05002224 0.05002224 0.09608784 0.05002224 0.01965842
 0.04524301 0.02813868 0.05143136 0.03707645 0.03157312 0.05002224
 0.07272097 0.04662761 0.01915585 0.02112238 0.04524301 0.03607009
 0.05002224 0.01551521 0.0360701  0.1028788  0.01551521]
[0.02540599 0.04577031 0.04577031 0.12762627 0.04577031 0.01546189
 0.05761863 0.02051417 0.04430374 0.03245387 0.02222823 0.04577031
 0.1133848  0.03199216 0.01929169 0.01557643 0.05761866 0.04085158
 0.04577032 0.01149791 0.04085159 0.08297293 0.01149791]
[0.0297607  0.05002224 0.05002224 0.09608784 0.05002224 0.01965842
 0.04524301 0.02813868 0.05143136 0.03707645 0.03157312 0.05002224
 0.07272097 0.04662761 0.01915585 0.02112238 0.04524301 0.03607009
 0.05002224 0.01551521 0.0360701  0.1028788  0.01551521]
[0.02879034 0.05494542 0.05494542 0.11161107 0.05494542 0.01564219
 0.04873319 0.02450765 0.03836336 0.03252984 0.02238866 0.05494542
 0.11731682 0.03559847 0.01696521 0.01253645 0.0487332  0.04098994
 0.05494541 0.01056776 0.04098994 0.06844108 0.01056776]
[0.03711404 0.04881024 0.04881024 0.06569739 0.04881024 0.02485734
 0.05924755 0.03642427 0.04761668 0.036279   0.03087847 0.04881024
 0.06397709 0.0369917  0.02622629 0.02408476 0.05924756 0.04276866
 0.04881025 0.02095809 0.04276867 0.07985307 0.02095809]
[0.03341001 0.05231538 0.05231538 0.08890164 0.05231538 0.02061871
 0.05537736 0.02216891 0.04232857 0.03278961 0.02589288 0.05231538
 0.11182158 0.03195578 0.01524061 0.01510832 0.05537738 0.04855263
 0.05231538 0.01098222 0.04855263 0.06836203 0.01098222]
[0.0351119  0.04688095 0.04688095 0.10988234 0.04688095 0.01995534
 0.04512383 0.02922088 0.04420873 0.03982208 0.02539618 0.04688095
 0.09506205 0.03381562 0.02016629 0.01715519 0.04512386 0.04867735
 0.04688095 0.01312174 0.04867736 0.08195274 0.01312174]
[0.03769094 0.04996651 0.04996651 0.08897696 0.04996651 0.01821254
 0.05764123 0.0240466  0.05065842 0.03277647 0.0243927  0.04996651
 0.07984082 0.03052944 0.0206381  0.01901311 0.05764121 0.04736402
 0.0499665  0.01122201 0.04736403 0.09093685 0.01122201]
[0.03984395 0.0563772  0.0563772  0.06025638 0.0563772  0.02526567
 0.04428283 0.03353764 0.02955461 0.03687545 0.03282843 0.0563772
 0.08805458 0.0334827  0.03323168 0.02556931 0.04428283 0.04359753
 0.0563772  0.01935472 0.04359753 0.06514347 0.01935472]
[0.0297607  0.05002224 0.05002224 0.09608784 0.05002224 0.01965842
 0.04524301 0.02813868 0.05143136 0.03707645 0.03157312 0.05002224
 0.07272097 0.04662761 0.01915585 0.02112238 0.04524301 0.03607009
 0.05002224 0.01551521 0.0360701  0.1028788  0.01551521]
[0.02330014 0.05461083 0.05461083 0.13714397 0.05461083 0.01429719
 0.04735456 0.01733371 0.04306078 0.02211633 0.01809361 0.05461083
 0.13076702 0.04072968 0.00883027 0.00894079 0.04735455 0.03058797
 0.05461084 0.00731877 0.03058797 0.09180978 0.00731877]
[0.02534778 0.0487509  0.0487509  0.08221106 0.0487509  0.01703412
 0.07423411 0.02280884 0.03140184 0.02961537 0.02539084 0.0487509
 0.11010234 0.0269048  0.01409581 0.01822641 0.07423409 0.04519015
 0.04875089 0.01200007 0.04519015 0.09025766 0.01200007]
[0.02804302 0.04888803 0.04888803 0.10476302 0.04888803 0.01599065
 0.06126082 0.02991721 0.04040027 0.03503571 0.02286652 0.04888803
 0.10777199 0.03374986 0.01158838 0.01449183 0.06126082 0.03820261
 0.04888804 0.0110999  0.03820261 0.0898147  0.0110999 ]
[0.02826362 0.05178901 0.05178901 0.09883278 0.05178901 0.01924628
 0.06239342 0.02355585 0.03748199 0.02997811 0.01821425 0.05178901
 0.12864172 0.02682514 0.01549331 0.01765009 0.06239342 0.03427796
 0.05178902 0.00970604 0.03427797 0.08411694 0.00970604]
[0.03711404 0.04881024 0.04881024 0.06569739 0.04881024 0.02485734
 0.05924755 0.03642427 0.04761668 0.036279   0.03087847 0.04881024
 0.06397709 0.0369917  0.02622629 0.02408476 0.05924756 0.04276866
 0.04881025 0.02095809 0.04276867 0.07985307 0.02095809]
[0.02590268 0.0525253  0.0525253  0.09943585 0.0525253  0.01950166
 0.04882257 0.02355778 0.04538714 0.03347837 0.02521297 0.0525253
 0.10800427 0.02907915 0.0157514  0.01542558 0.04882257 0.03791862
 0.0525253  0.01347203 0.03791863 0.09621016 0.01347203]
[0.0297607  0.05002224 0.05002224 0.09608784 0.05002224 0.01965842
 0.04524301 0.02813868 0.05143136 0.03707645 0.03157312 0.05002224
 0.07272097 0.04662761 0.01915585 0.02112238 0.04524301 0.03607009
 0.05002224 0.01551521 0.0360701  0.1028788  0.01551521]
[0.0248257  0.04671521 0.04671521 0.10467951 0.04671521 0.01958142
 0.06213601 0.02230923 0.03011777 0.03224826 0.02226795 0.04671521
 0.095443   0.03637271 0.01794883 0.01561636 0.06213603 0.05373896
 0.04671521 0.01345158 0.05373896 0.08636007 0.01345158]
[0.02590268 0.05252531 0.05252531 0.09943585 0.05252531 0.01950166
 0.04882257 0.02355778 0.04538713 0.03347837 0.02521296 0.05252531
 0.10800426 0.02907914 0.0157514  0.01542558 0.04882257 0.03791862
 0.05252531 0.01347203 0.03791862 0.09621016 0.01347203]
[0.0337722  0.05599856 0.05599856 0.09732203 0.05599856 0.01716532
 0.04530659 0.02861713 0.05214134 0.04051629 0.02165612 0.05599856
 0.09407948 0.03861339 0.01887839 0.01452389 0.04530659 0.03968678
 0.05599856 0.01440706 0.03968678 0.06392077 0.01440705]
[0.0248257  0.04671521 0.04671521 0.1046795  0.04671521 0.01958143
 0.06213602 0.02230923 0.03011778 0.03224827 0.02226795 0.04671521
 0.09544298 0.03637272 0.01794883 0.01561636 0.06213602 0.05373896
 0.04671521 0.01345158 0.05373896 0.08636008 0.01345158]]