78363
Test: public void test87() throws Throwable { BasicType basicType0 = Type.VOID; LocalVariableGen localVariableGen0 = new LocalVariableGen(0, "!", basicType0, (InstructionHandle) null, (InstructionHandle) null); boolean boolean0 = localVariableGen0.containsTarget((InstructionHandle) null); }
Code: public boolean containsTarget( final InstructionHandle ih ) { return (start == ih) || (end == ih); }
[[0.04497837 0.11081681 0.06239794 0.03627974 0.06239794 0.07217684
 0.07982651 0.06131814 0.04966652 0.03644046 0.07056144 0.06239794
 0.04420772 0.05411616 0.07056144 0.06239794 0.01945814]
[0.03237928 0.17123091 0.06222625 0.03053965 0.06222625 0.05839802
 0.07940591 0.07913209 0.05279891 0.0333063  0.04922655 0.06222625
 0.03926209 0.061299   0.04922655 0.06222625 0.01488971]
[0.03669918 0.1349003  0.06079509 0.03613791 0.06079509 0.05345394
 0.08872203 0.06070845 0.04460933 0.03485764 0.06908984 0.06079509
 0.05173798 0.05636311 0.06908984 0.06079509 0.02045014]
[0.04216009 0.12499657 0.06545411 0.02806838 0.06545411 0.06984469
 0.08614949 0.07075735 0.06129257 0.02797757 0.06246697 0.06545411
 0.03726025 0.05075692 0.06246697 0.06545411 0.01398578]
[0.03669918 0.1349003  0.06079509 0.03613791 0.06079509 0.05345394
 0.08872203 0.06070845 0.04460933 0.03485764 0.06908984 0.06079509
 0.05173798 0.05636311 0.06908984 0.06079509 0.02045014]
[0.04105253 0.14232577 0.05329005 0.04421113 0.05329005 0.07384918
 0.07778522 0.08460067 0.04784274 0.03424468 0.05916511 0.05329005
 0.04396347 0.06160715 0.05916511 0.05329005 0.0170271 ]
[0.04305568 0.14276132 0.05760604 0.04162823 0.05760604 0.0671042
 0.07205487 0.09147923 0.04994599 0.02954545 0.0606029  0.05760604
 0.04211146 0.04590384 0.0606029  0.05760604 0.02277978]
[0.0484721  0.10434236 0.06258443 0.04767481 0.06258443 0.06647232
 0.08172389 0.07998735 0.05551637 0.03593341 0.05139187 0.06258443
 0.04332101 0.05555943 0.05139187 0.06258443 0.02787544]
[0.03112563 0.15566236 0.06102601 0.02887259 0.06102601 0.07468913
 0.07889448 0.06294563 0.0448302  0.02929326 0.05882843 0.06102601
 0.03690629 0.07787558 0.05882843 0.06102601 0.01714392]
[0.05210542 0.13151552 0.05946276 0.03307863 0.05946276 0.06856561
 0.07776507 0.09701731 0.06050217 0.03733154 0.04670003 0.05946276
 0.03641017 0.05218475 0.04670003 0.05946276 0.02227271]
[0.02742836 0.2133161  0.04276133 0.0263884  0.04276133 0.07472122
 0.08611961 0.07713256 0.04557774 0.02380382 0.06669902 0.04276133
 0.0495896  0.05597265 0.06669902 0.04276133 0.01550663]
[0.03669918 0.1349003  0.06079509 0.03613791 0.06079509 0.05345394
 0.08872203 0.06070845 0.04460933 0.03485764 0.06908984 0.06079509
 0.05173798 0.05636311 0.06908984 0.06079509 0.02045014]
[0.03437946 0.1262961  0.06875301 0.0328434  0.06875301 0.06965552
 0.07486423 0.09623165 0.05071007 0.02743296 0.05559865 0.06875301
 0.04221295 0.04749329 0.05559865 0.06875301 0.01167103]
[0.03424744 0.16541466 0.05790769 0.03263836 0.05790769 0.07377644
 0.0857212  0.06819893 0.05386125 0.03178652 0.05818672 0.05790769
 0.03816161 0.05275252 0.05818672 0.05790769 0.01543684]
[0.02742836 0.2133161  0.04276133 0.0263884  0.04276133 0.07472122
 0.08611961 0.07713256 0.04557774 0.02380382 0.06669902 0.04276133
 0.0495896  0.05597265 0.06669902 0.04276133 0.01550663]
[0.03669918 0.1349003  0.06079509 0.03613791 0.06079509 0.05345394
 0.08872203 0.06070845 0.04460933 0.03485764 0.06908984 0.06079509
 0.05173798 0.05636311 0.06908984 0.06079509 0.02045014]
[0.03349959 0.11631241 0.06254777 0.03032252 0.06254777 0.06414302
 0.08982465 0.08667197 0.07333185 0.02472739 0.05810221 0.06254777
 0.04923241 0.04691527 0.05810221 0.06254777 0.01862341]]