11979
Test: public void test243() throws Throwable { char[] charArray0 = new char[3]; charArray0[1] = '@'; StrTokenizer strTokenizer0 = new StrTokenizer(charArray0, '@', '#'); Consumer<Object> consumer0 = (Consumer<Object>) mock(Consumer.class, new ViolatedAssumptionAnswer()); strTokenizer0.forEachRemaining(consumer0); String string0 = strTokenizer0.previous(); String string1 = strTokenizer0.next(); }
Code: public String next() { if (hasNext()) { return tokens[tokenPos++]; } throw new NoSuchElementException(); }
[[0.0617758  0.08023889 0.0721054  0.07583399 0.16584793 0.08569281
 0.07583399 0.06717934 0.08569282 0.02489058 0.06271666 0.0316084
 0.08569282 0.02489058]
[0.06123837 0.0719111  0.06782143 0.08399905 0.17834403 0.08808364
 0.08399905 0.06114323 0.08808362 0.02173017 0.05760421 0.02622823
 0.08808364 0.02173017]
[0.03876342 0.08504458 0.08817559 0.09085611 0.17308593 0.0849607
 0.09085611 0.06563794 0.0849607  0.01992699 0.04982083 0.02302344
 0.08496072 0.01992698]
[0.06171279 0.09339707 0.06960438 0.09367549 0.1070171  0.08332006
 0.09367549 0.07174782 0.08332007 0.03391435 0.056145   0.03523599
 0.08332008 0.03391435]
[0.04030337 0.09519111 0.06404243 0.0782566  0.22482812 0.09616221
 0.0782566  0.05268114 0.09616224 0.01224532 0.03813525 0.01532806
 0.09616224 0.01224532]
[0.05285169 0.09885943 0.0739166  0.07892685 0.1287862  0.08909073
 0.07892685 0.06401901 0.08909073 0.02717285 0.06234287 0.03975263
 0.08909073 0.02717285]
[0.06171279 0.09339707 0.06960438 0.09367549 0.1070171  0.08332006
 0.09367549 0.07174782 0.08332007 0.03391435 0.056145   0.03523599
 0.08332008 0.03391435]
[0.04309764 0.10222485 0.06696264 0.07868823 0.18134218 0.08863614
 0.07868823 0.0635267  0.08863614 0.02184703 0.04989582 0.02597117
 0.08863616 0.02184703]
[0.05285169 0.09885943 0.0739166  0.07892685 0.1287862  0.08909073
 0.07892685 0.06401901 0.08909073 0.02717285 0.06234287 0.03975263
 0.08909073 0.02717285]
[0.04193992 0.07690341 0.07868446 0.09636928 0.15935189 0.08040891
 0.09636928 0.0882988  0.0804089  0.02128831 0.05483459 0.02344499
 0.08040892 0.02128831]
[0.04539068 0.10159657 0.07308918 0.10248122 0.15485841 0.07648213
 0.10248122 0.07609805 0.07648213 0.01803005 0.05339681 0.02510144
 0.07648214 0.01803005]
[0.04967784 0.09513211 0.06984876 0.08342962 0.17271665 0.07893128
 0.08342962 0.06970891 0.07893128 0.0246903  0.05683714 0.03304486
 0.07893129 0.0246903 ]
[0.0528517  0.09885941 0.0739166  0.07892685 0.1287862  0.08909072
 0.07892685 0.06401901 0.08909072 0.02717285 0.06234287 0.03975263
 0.08909073 0.02717285]
[0.04193992 0.07690342 0.07868448 0.0963693  0.15935189 0.08040891
 0.0963693  0.0882988  0.08040891 0.02128831 0.0548346  0.023445
 0.08040893 0.02128831]]