11263
Test: public void test60() throws Throwable { MutableByte mutableByte0 = new MutableByte(); Object object0 = new Object(); boolean boolean0 = mutableByte0.equals(object0); }
Code: public boolean equals(final Object obj) { if (obj instanceof MutableByte) { return value == ((MutableByte) obj).byteValue(); } return false; }
[[0.03269967 0.08275978 0.10682817 0.02521394 0.07976759 0.04237293
 0.08801533 0.04783116 0.01514516 0.04536175 0.04237293 0.03583556
 0.10463626 0.05192809 0.04536175 0.04536175 0.0136636  0.03583556
 0.0453454  0.0136636 ]
[0.02139634 0.12664361 0.13141134 0.01577486 0.08464765 0.04378389
 0.0759183  0.03631043 0.01076333 0.04223913 0.04378389 0.03221252
 0.12841737 0.03289728 0.04223913 0.04223913 0.00861923 0.03221252
 0.03987084 0.00861923]
[0.02992925 0.110837   0.12908144 0.01890574 0.06919376 0.05090597
 0.09890096 0.0412051  0.01528264 0.04486576 0.05090597 0.03367885
 0.08640179 0.03669268 0.04486576 0.04486576 0.01201931 0.03367886
 0.03576412 0.01201931]
[0.02836022 0.10961268 0.12851281 0.01983859 0.06575152 0.05827248
 0.08753391 0.04037509 0.01669948 0.0370761  0.05827248 0.03471725
 0.08986841 0.04704921 0.0370761  0.0370761  0.01086162 0.03471725
 0.04746716 0.01086162]
[0.03831142 0.09098572 0.07673086 0.02141006 0.05401559 0.05820785
 0.08526448 0.05580012 0.02169289 0.0532133  0.05820785 0.03805296
 0.07593401 0.04640784 0.0532133  0.0532133  0.01504209 0.03805296
 0.05120125 0.01504209]
[0.03719924 0.08449585 0.07927026 0.02215227 0.07264934 0.0577107
 0.064344   0.04551487 0.02725975 0.04966839 0.0577107  0.04308545
 0.0793063  0.04028698 0.04966839 0.04966839 0.02068324 0.04308545
 0.05555718 0.02068324]
[0.01768203 0.11566903 0.15684587 0.01362665 0.07467015 0.03550158
 0.09907403 0.04116233 0.01160192 0.04164528 0.03550158 0.02318544
 0.14625399 0.03685074 0.04164528 0.04164528 0.00550478 0.02318545
 0.03324385 0.00550478]
[0.02555439 0.10129198 0.09885155 0.01949465 0.06592925 0.04343759
 0.10222313 0.04161501 0.01563946 0.04446116 0.04343759 0.03393117
 0.1350281  0.05019487 0.04446116 0.04446116 0.00788284 0.03393117
 0.04029093 0.00788284]
[0.02555002 0.10371225 0.10001954 0.02122394 0.08922783 0.03868691
 0.08079807 0.04939022 0.01441117 0.04031152 0.03868691 0.03149994
 0.13660252 0.05396551 0.04031152 0.04031152 0.01154003 0.03149994
 0.04071055 0.01154003]
[0.02792669 0.1089983  0.08843821 0.02124875 0.07810816 0.04085565
 0.06783611 0.05874856 0.02298801 0.04722889 0.04085565 0.03380506
 0.09938116 0.05358158 0.04722889 0.04722889 0.01413054 0.03380506
 0.05347532 0.01413054]
[0.03719924 0.08449585 0.07927026 0.02215227 0.07264934 0.0577107
 0.064344   0.04551487 0.02725975 0.04966839 0.0577107  0.04308545
 0.0793063  0.04028698 0.04966839 0.04966839 0.02068324 0.04308545
 0.05555718 0.02068324]
[0.02149015 0.11781319 0.1203806  0.02019095 0.07860088 0.04032147
 0.08972453 0.05217055 0.01537304 0.04366758 0.04032147 0.03149077
 0.0978044  0.0426102  0.04366758 0.04366758 0.01113594 0.03149077
 0.04694236 0.01113594]
[0.02309647 0.12238245 0.11056983 0.02040274 0.0814116  0.03925693
 0.08176249 0.04332381 0.01418984 0.0412525  0.03925693 0.03517979
 0.12127592 0.03932564 0.0412525  0.0412525  0.01293561 0.03517979
 0.04375704 0.01293561]
[0.01735792 0.149898   0.128753   0.01849571 0.07722043 0.04339916
 0.09580901 0.04025116 0.01287227 0.02875826 0.04339916 0.02847913
 0.13594456 0.04321878 0.02875826 0.02875826 0.0089564  0.02847913
 0.03223501 0.0089564 ]
[0.02792669 0.1089983  0.08843821 0.02124875 0.07810816 0.04085565
 0.06783611 0.05874856 0.02298801 0.04722889 0.04085565 0.03380506
 0.09938116 0.05358158 0.04722889 0.04722889 0.01413054 0.03380506
 0.05347532 0.01413054]
[0.02792669 0.1089983  0.08843821 0.02124875 0.07810816 0.04085565
 0.06783611 0.05874856 0.02298801 0.04722889 0.04085565 0.03380506
 0.09938116 0.05358158 0.04722889 0.04722889 0.01413054 0.03380506
 0.05347532 0.01413054]
[0.02312354 0.08598036 0.09022678 0.02253323 0.07400472 0.0504173
 0.08726272 0.04065147 0.01476506 0.04480364 0.0504173  0.04789843
 0.12018315 0.03930555 0.04480364 0.04480364 0.01128376 0.04789842
 0.04835356 0.01128376]
[0.02149015 0.11781319 0.1203806  0.02019095 0.07860088 0.04032147
 0.08972453 0.05217055 0.01537304 0.04366758 0.04032147 0.03149077
 0.0978044  0.0426102  0.04366758 0.04366758 0.01113594 0.03149077
 0.04694236 0.01113594]
[0.03338583 0.08918795 0.10147209 0.02651884 0.0650297  0.04301646
 0.06886784 0.05201941 0.02083747 0.04766256 0.04301646 0.03779308
 0.0984758  0.04575801 0.04766256 0.04766256 0.01761413 0.03779308
 0.05861201 0.01761413]
[0.02312354 0.08598036 0.09022678 0.02253323 0.07400472 0.0504173
 0.08726272 0.04065147 0.01476506 0.04480364 0.0504173  0.04789843
 0.12018315 0.03930555 0.04480364 0.04480364 0.01128376 0.04789842
 0.04835356 0.01128376]]