35117
Test: public void test5() throws Throwable { ClassLoader classLoader0 = ClassLoader.getSystemClassLoader(); Introspector introspector0 = new Introspector((Log) null, classLoader0); Class<Integer> class0 = Integer.class; // Undeclared exception!  introspector0.getMethodNames(class0);   }
Code: public String[] getMethodNames(final Class<?> c) { if (c == null) { return new String[0]; } final ClassMap classMap = getMap(c); return classMap.getMethodNames(); }
[[0.03942769 0.02172016 0.05469604 0.02066741 0.05887378 0.05216061
 0.1062336  0.0406635  0.06230734 0.02122023 0.05216061 0.04334087
 0.01991402 0.05469604 0.01670889 0.03159282 0.05469604 0.05469604
 0.02478249 0.05469604 0.04334087 0.05469605 0.01670889]
[0.03094496 0.01500615 0.05638153 0.01914076 0.06880456 0.05534324
 0.10789886 0.03564084 0.06575759 0.01603014 0.05534324 0.04628856
 0.01781347 0.05638153 0.01436916 0.02623108 0.05638153 0.05638153
 0.02644048 0.05638153 0.04628856 0.05638155 0.01436916]
[0.0330291  0.01926661 0.05521071 0.01807839 0.07252675 0.05189847
 0.08113287 0.04698898 0.06269681 0.02353557 0.05189847 0.04007592
 0.02506743 0.05521071 0.01767112 0.03172252 0.05521071 0.05521071
 0.03539969 0.05521071 0.04007592 0.05521072 0.01767112]
[0.03103983 0.01968586 0.05229466 0.0155428  0.06720509 0.05712975
 0.0974471  0.03880117 0.0635246  0.01810953 0.05712975 0.05174921
 0.02016893 0.05229466 0.01678362 0.03019824 0.05229466 0.05229466
 0.03318369 0.05229466 0.05174921 0.05229468 0.01678362]
[0.03772599 0.01615395 0.05698752 0.01398214 0.06421438 0.06665016
 0.10622066 0.03281792 0.05272651 0.01978165 0.06665016 0.04095083
 0.01979611 0.05698752 0.01460725 0.02892718 0.05698752 0.05698752
 0.02131188 0.05698752 0.04095084 0.05698753 0.01460724]
[0.04043873 0.02527654 0.05277632 0.01979807 0.04252875 0.06546608
 0.06958832 0.05065875 0.04316616 0.02606336 0.06546608 0.04648083
 0.02249758 0.05277632 0.02301142 0.03972335 0.05277632 0.05277632
 0.03368581 0.05277632 0.04648084 0.05277633 0.02301141]
[0.02711011 0.01006043 0.06169556 0.01406645 0.06655309 0.0590662
 0.15363258 0.03246949 0.05479949 0.01033163 0.0590662  0.03583752
 0.01057326 0.06169556 0.00896535 0.02109844 0.06169558 0.06169558
 0.02139347 0.06169558 0.03583752 0.06169558 0.00896535]
[0.04178821 0.01558958 0.05340729 0.01694243 0.05090889 0.06402459
 0.09171572 0.0492673  0.05700832 0.02326206 0.06402459 0.0452528
 0.02462926 0.05340729 0.01533377 0.03082973 0.05340728 0.05340728
 0.02839245 0.05340728 0.0452528  0.05340729 0.01533377]
[0.02758088 0.0145046  0.04546656 0.01257625 0.06761127 0.06968947
 0.15215847 0.03552336 0.06853648 0.01794372 0.06968947 0.04530112
 0.01826252 0.04546656 0.01434687 0.02533319 0.04546656 0.04546656
 0.02849495 0.04546656 0.04530112 0.04546656 0.01434687]
[0.03108352 0.01498331 0.05630149 0.01529907 0.04865243 0.07000399
 0.14109382 0.03765503 0.05824357 0.01925148 0.07000399 0.03774334
 0.01269294 0.05630149 0.01080522 0.02601002 0.05630149 0.05630149
 0.02012079 0.05630149 0.03774334 0.05630149 0.01080522]
[0.04043873 0.02527654 0.05277632 0.01979807 0.04252875 0.06546608
 0.06958832 0.05065875 0.04316616 0.02606336 0.06546608 0.04648083
 0.02249758 0.05277632 0.02301142 0.03972335 0.05277632 0.05277632
 0.03368581 0.05277632 0.04648084 0.05277633 0.02301141]
[0.0281461  0.01803122 0.0572473  0.02093051 0.07047995 0.05269739
 0.11758667 0.04180969 0.05587891 0.0167924  0.05269739 0.04126343
 0.01689291 0.0572473  0.01455986 0.02555143 0.0572473  0.0572473
 0.02737508 0.0572473  0.04126344 0.05724731 0.01455986]
[0.03315841 0.02390564 0.05157545 0.0170711  0.06349074 0.05832664
 0.11370029 0.03878833 0.06256031 0.01896069 0.05832664 0.04660226
 0.02175302 0.05157545 0.01705906 0.02650729 0.05157546 0.05157546
 0.02667547 0.05157546 0.04660227 0.05157547 0.01705906]
[0.0330291  0.01926661 0.05521071 0.01807839 0.07252675 0.05189847
 0.08113287 0.04698898 0.06269681 0.02353557 0.05189847 0.04007592
 0.02506743 0.05521071 0.01767112 0.03172252 0.05521071 0.05521071
 0.03539969 0.05521071 0.04007592 0.05521072 0.01767112]
[0.02789293 0.01479748 0.05205836 0.0167838  0.04864495 0.07228802
 0.10777807 0.04190145 0.04838831 0.01746387 0.07228802 0.06109391
 0.01563633 0.05205836 0.01552686 0.02525702 0.05205836 0.05205836
 0.025288   0.05205836 0.06109391 0.05205837 0.01552686]
[0.03615361 0.01816515 0.05658265 0.01542567 0.04544365 0.05996976
 0.12098584 0.0371861  0.05368255 0.01634374 0.05996976 0.05254095
 0.01630271 0.05658265 0.01189058 0.02399418 0.05658265 0.05658265
 0.0280183  0.05658265 0.05254095 0.05658266 0.01189058]
[0.0330291  0.01926661 0.05521071 0.01807839 0.07252675 0.05189847
 0.08113287 0.04698898 0.06269681 0.02353557 0.05189847 0.04007592
 0.02506743 0.05521071 0.01767112 0.03172252 0.05521071 0.05521071
 0.03539969 0.05521071 0.04007592 0.05521072 0.01767112]
[0.0330291  0.01926661 0.05521071 0.01807839 0.07252675 0.05189847
 0.08113287 0.04698898 0.06269681 0.02353557 0.05189847 0.04007592
 0.02506743 0.05521071 0.01767112 0.03172252 0.05521071 0.05521071
 0.03539969 0.05521071 0.04007592 0.05521072 0.01767112]
[0.04059046 0.02858324 0.05741107 0.02533524 0.04713755 0.04590954
 0.08986165 0.04459961 0.04579531 0.02588988 0.04590954 0.04456557
 0.01910463 0.05741107 0.01990952 0.03419378 0.05741107 0.05741107
 0.03367295 0.05741107 0.04456557 0.05741108 0.01990951]
[0.0330291  0.01926661 0.05521071 0.01807839 0.07252675 0.05189847
 0.08113287 0.04698898 0.06269681 0.02353557 0.05189847 0.04007592
 0.02506743 0.05521071 0.01767112 0.03172252 0.05521071 0.05521071
 0.03539969 0.05521071 0.04007592 0.05521072 0.01767112]
[0.0281461  0.01803122 0.0572473  0.02093052 0.07047994 0.05269738
 0.11758666 0.04180968 0.0558789  0.01679239 0.05269738 0.04126343
 0.01689291 0.0572473  0.01455986 0.02555143 0.0572473  0.0572473
 0.02737508 0.0572473  0.04126343 0.05724731 0.01455986]
[0.0330291  0.01926661 0.05521071 0.01807839 0.07252674 0.05189848
 0.08113287 0.04698897 0.06269681 0.02353558 0.05189848 0.04007592
 0.02506743 0.05521071 0.01767112 0.03172252 0.05521071 0.05521071
 0.03539969 0.05521071 0.04007592 0.05521072 0.01767112]
[0.02789294 0.01479748 0.05205836 0.0167838  0.04864494 0.07228804
 0.10777806 0.04190145 0.04838831 0.01746388 0.07228804 0.06109391
 0.01563634 0.05205836 0.01552686 0.02525703 0.05205836 0.05205836
 0.02528801 0.05205836 0.06109392 0.05205838 0.01552686]]