152188
Test: public void test131() throws Throwable { PropertyUtilsBean propertyUtilsBean0 = PropertyUtilsBean.getInstance(); FluentPropertyBeanIntrospector fluentPropertyBeanIntrospector0 = new FluentPropertyBeanIntrospector(); propertyUtilsBean0.addBeanIntrospector(fluentPropertyBeanIntrospector0); }
Code: public void addBeanIntrospector(final BeanIntrospector introspector) { if (introspector == null) { throw new IllegalArgumentException( "BeanIntrospector must not be null!"); } introspectors.add(introspector); }
[[0.03836156 0.03110091 0.05321798 0.05321798 0.05321798 0.05172846
 0.10346068 0.05321798 0.06034345 0.02051425 0.05172846 0.03866125
 0.01930798 0.02043959 0.05321798 0.0897146  0.03579902 0.03337165
 0.05321799 0.01647112 0.05321799 0.01647112]
[0.03046547 0.0274681  0.05786504 0.05786504 0.05786504 0.05711571
 0.10198025 0.05786504 0.04350089 0.01533505 0.05711571 0.03601777
 0.01408379 0.0102289  0.05786504 0.10145833 0.0276002  0.03814133
 0.05786504 0.01721664 0.05786505 0.01721664]
[0.03264538 0.02954916 0.05427695 0.05427695 0.05427695 0.05291177
 0.08059801 0.05427695 0.06166377 0.0233517  0.05291177 0.03859042
 0.02491714 0.01654091 0.05427695 0.10108323 0.02707301 0.04242726
 0.05427695 0.01789892 0.05427695 0.01789892]
[0.03264538 0.02954916 0.05427695 0.05427695 0.05427695 0.05291177
 0.08059801 0.05427695 0.06166377 0.0233517  0.05291177 0.03859042
 0.02491714 0.01654091 0.05427695 0.10108323 0.02707301 0.04242726
 0.05427695 0.01789892 0.05427695 0.01789892]
[0.03264538 0.02954916 0.05427695 0.05427695 0.05427695 0.05291177
 0.08059801 0.05427695 0.06166377 0.0233517  0.05291177 0.03859042
 0.02491714 0.01654091 0.05427695 0.10108323 0.02707301 0.04242726
 0.05427695 0.01789892 0.05427695 0.01789892]
[0.0405475  0.03551292 0.0524547  0.0524547  0.0524547  0.06668155
 0.06963877 0.0524547  0.04304267 0.02592934 0.06668155 0.03712563
 0.02240749 0.0177584  0.0524547  0.08024003 0.03786893 0.04283436
 0.0524547  0.02327397 0.05245471 0.02327397]
[0.02550632 0.01982099 0.05658078 0.05658078 0.05658078 0.05872281
 0.14572138 0.05658078 0.05040191 0.00966395 0.05872281 0.02530148
 0.01007662 0.00814966 0.05658078 0.11351077 0.02393238 0.03681917
 0.05658079 0.00879215 0.05658079 0.00879215]
[0.03264538 0.02954916 0.05427695 0.05427695 0.05427695 0.05291177
 0.08059801 0.05427695 0.06166377 0.0233517  0.05291177 0.03859042
 0.02491714 0.01654091 0.05427695 0.10108323 0.02707301 0.04242726
 0.05427695 0.01789892 0.05427695 0.01789892]
[0.0260107  0.02863022 0.04147658 0.04147658 0.04147658 0.07019356
 0.14302227 0.04147658 0.06380166 0.01684797 0.07019356 0.03236759
 0.01741337 0.00913867 0.04147658 0.1388271  0.0243886  0.04035294
 0.04147657 0.01423786 0.04147658 0.01423786]
[0.03013622 0.02276687 0.05334271 0.05334271 0.05334271 0.07050122
 0.13606718 0.05334271 0.05577974 0.01836177 0.07050122 0.02858074
 0.0122719  0.01279932 0.05334271 0.08450808 0.02955532 0.03332293
 0.05334271 0.01072424 0.05334272 0.01072424]
[0.0405475  0.03551292 0.0524547  0.0524547  0.0524547  0.06668155
 0.06963877 0.0524547  0.04304267 0.02592934 0.06668155 0.03712563
 0.02240749 0.0177584  0.0524547  0.08024003 0.03786893 0.04283436
 0.0524547  0.02327397 0.05245471 0.02327397]
[0.02967293 0.02466747 0.0483161  0.0483161  0.0483161  0.07811064
 0.10310829 0.0483161  0.04413051 0.01718413 0.07811064 0.03543976
 0.01601597 0.01235997 0.0483161  0.12819138 0.02639792 0.04293121
 0.0483161  0.01273328 0.04831611 0.01273328]
[0.03255515 0.02961469 0.04964523 0.04964523 0.04964523 0.05962725
 0.11021576 0.04964523 0.05947598 0.01822113 0.05962725 0.03616594
 0.02108582 0.01251906 0.04964523 0.11113682 0.02483032 0.04287473
 0.04964523 0.01726674 0.04964524 0.01726674]
[0.03922146 0.02978321 0.05416918 0.05416918 0.05416918 0.05950071
 0.10189326 0.05416918 0.0555639  0.01977519 0.05950071 0.03371132
 0.0185648  0.01606355 0.05416918 0.09259737 0.03208083 0.03627943
 0.05416918 0.01314    0.05416919 0.01314   ]
[0.03264538 0.02954916 0.05427695 0.05427695 0.05427695 0.05291177
 0.08059801 0.05427695 0.06166377 0.0233517  0.05291177 0.03859042
 0.02491714 0.01654091 0.05427695 0.10108323 0.02707301 0.04242726
 0.05427695 0.01789892 0.05427695 0.01789892]
[0.03029562 0.02572861 0.04689837 0.04689837 0.04689837 0.07042468
 0.11479421 0.04689837 0.05008373 0.02113505 0.07042468 0.04036368
 0.02307719 0.01713486 0.04689837 0.09372035 0.02543683 0.05709957
 0.04689837 0.01599619 0.04689838 0.01599619]
[0.0292765  0.03000168 0.04987283 0.04987283 0.04987283 0.06545776
 0.0990974  0.04987283 0.06036296 0.02196407 0.06545776 0.03855001
 0.01906734 0.01698152 0.04987283 0.09538172 0.02864803 0.0449678
 0.04987283 0.01783779 0.04987283 0.01783779]
[0.0317     0.02712571 0.05638399 0.05638399 0.05638399 0.05152816
 0.10752777 0.05638399 0.05144716 0.01950807 0.05152816 0.02942987
 0.01504423 0.01373818 0.05638399 0.0990279  0.0291369  0.04454461
 0.05638399 0.01701262 0.056384   0.01701262]
[0.03264538 0.02954916 0.05427695 0.05427695 0.05427695 0.05291177
 0.08059801 0.05427695 0.06166377 0.0233517  0.05291177 0.03859042
 0.02491714 0.01654091 0.05427695 0.10108323 0.02707301 0.04242726
 0.05427695 0.01789892 0.05427695 0.01789892]
[0.02792132 0.02606172 0.05192926 0.05192926 0.05192926 0.07341324
 0.1081185  0.05192926 0.04852701 0.01744686 0.07341324 0.03847219
 0.01565787 0.01638099 0.05192926 0.07387407 0.0303733  0.05539833
 0.05192926 0.01571828 0.05192927 0.01571828]
[0.03264538 0.02954916 0.05427695 0.05427695 0.05427695 0.05291177
 0.08059801 0.05427695 0.06166376 0.02335171 0.05291177 0.03859042
 0.02491714 0.01654092 0.05427695 0.1010832  0.02707302 0.04242726
 0.05427695 0.01789892 0.05427696 0.01789892]
[0.02792133 0.02606172 0.05192927 0.05192927 0.05192927 0.07341325
 0.10811849 0.05192927 0.04852701 0.01744686 0.07341325 0.03847219
 0.01565787 0.01638099 0.05192927 0.07387405 0.03037329 0.05539833
 0.05192927 0.01571829 0.05192928 0.01571829]]