80804
Test: public void test1800() throws Throwable { String string0 = Utility.classOrInterface(176); String string1 = Utility.compactClassName("class", false); boolean boolean0 = Utility.isSet((-20), (-20)); }
Code: public static boolean isSet( final int flag, final int i ) { return (flag & pow2(i)) != 0; }
[[0.04438466 0.12098701 0.11733031 0.06156664 0.03474381 0.02940376
 0.06156664 0.03474381 0.02940376 0.03311861 0.07207946 0.05249278
 0.04802091 0.06156664 0.04007348 0.06156664 0.02337707 0.05612664
 0.01744745]
[0.04287896 0.11103249 0.13374177 0.05819224 0.03106794 0.02256026
 0.05819224 0.03106794 0.02256026 0.03436634 0.06493868 0.07223757
 0.04034859 0.05819224 0.04528778 0.05819224 0.02762059 0.06768107
 0.01984082]
[0.03194619 0.10721049 0.18683252 0.06287875 0.02797575 0.01600361
 0.06287875 0.02797575 0.01600361 0.0405864  0.06944193 0.06679394
 0.04854287 0.06287875 0.02923586 0.06287875 0.01452684 0.05233622
 0.01307297]
[0.0361053  0.12013646 0.14191519 0.06121195 0.03328718 0.02386795
 0.06121195 0.03328718 0.02386795 0.03472916 0.07868209 0.05198237
 0.04368309 0.06121195 0.03596192 0.06121195 0.02264046 0.0569618
 0.01804418]
[0.0404861  0.11878408 0.12763494 0.06524289 0.02655746 0.01839888
 0.06524289 0.02655746 0.01839888 0.04319664 0.07951383 0.06422791
 0.05875708 0.06524289 0.03613095 0.06524289 0.0180992  0.04939478
 0.0128902 ]
[0.02639903 0.14594428 0.11151585 0.07152516 0.03384423 0.0205151
 0.07152516 0.03384423 0.0205151  0.03823119 0.08080916 0.05114878
 0.04157222 0.07152516 0.03184941 0.07152516 0.01560575 0.0501787
 0.01192634]
[0.0361053  0.12013646 0.14191519 0.06121195 0.03328718 0.02386795
 0.06121195 0.03328718 0.02386795 0.03472916 0.07868209 0.05198237
 0.04368309 0.06121195 0.03596192 0.06121195 0.02264046 0.0569618
 0.01804418]
[0.0404861  0.11878408 0.12763494 0.06524289 0.02655746 0.01839888
 0.06524289 0.02655746 0.01839888 0.04319664 0.07951383 0.06422791
 0.05875708 0.06524289 0.03613095 0.06524289 0.0180992  0.04939478
 0.0128902 ]
[0.02639903 0.14594428 0.11151585 0.07152516 0.03384423 0.0205151
 0.07152516 0.03384423 0.0205151  0.03823119 0.08080916 0.05114878
 0.04157222 0.07152516 0.03184941 0.07152516 0.01560575 0.0501787
 0.01192634]
[0.04764549 0.08454684 0.10489184 0.07093725 0.03860551 0.02583909
 0.07093725 0.03860551 0.02583909 0.04595497 0.05743179 0.05186991
 0.04595346 0.07093725 0.03568943 0.07093725 0.03480011 0.05270766
 0.02587027]
[0.03908558 0.08977889 0.13987078 0.05501488 0.03738246 0.02746159
 0.05501488 0.03738246 0.02746159 0.03441649 0.06223884 0.07659164
 0.04575679 0.05501488 0.04477504 0.05501488 0.03091472 0.06724933
 0.01957427]
[0.04362326 0.09895214 0.1021119  0.05936714 0.04263477 0.02138855
 0.05936714 0.04263477 0.02138855 0.0416486  0.06860731 0.06516258
 0.05085455 0.05936714 0.05301853 0.05936714 0.0300325  0.05670379
 0.02376968]
[0.03026643 0.13028671 0.17911917 0.06345726 0.02696375 0.01922974
 0.06345726 0.02696375 0.01922974 0.03689149 0.0689747  0.05278366
 0.04503835 0.06345726 0.02494157 0.06345726 0.01788293 0.05280951
 0.01478948]
[0.0361053  0.12013646 0.14191519 0.06121195 0.03328718 0.02386795
 0.06121195 0.03328718 0.02386795 0.03472916 0.07868209 0.05198237
 0.04368309 0.06121195 0.03596192 0.06121195 0.02264046 0.0569618
 0.01804418]
[0.03264388 0.10722761 0.15298514 0.0577933  0.0298941  0.02214241
 0.0577933  0.0298941  0.02214241 0.04847394 0.0655777  0.0717411
 0.05518422 0.0577933  0.04701721 0.0577933  0.02148848 0.04808001
 0.01433455]
[0.0361053  0.12013646 0.14191519 0.06121195 0.03328718 0.02386795
 0.06121195 0.03328718 0.02386795 0.03472916 0.07868209 0.05198237
 0.04368309 0.06121195 0.03596192 0.06121195 0.02264046 0.0569618
 0.01804418]
[0.03240946 0.16061838 0.1530811  0.05600591 0.03081002 0.01888713
 0.05600591 0.03081002 0.01888713 0.03452994 0.08229925 0.05635916
 0.04210887 0.05600591 0.03193047 0.05600591 0.01218002 0.05995075
 0.01111452]
[0.03877094 0.11675487 0.14691061 0.05703289 0.03431416 0.02205581
 0.05703289 0.03431416 0.02205581 0.04661305 0.05873145 0.06132721
 0.04779064 0.05703289 0.03742273 0.05703289 0.02380127 0.06410467
 0.01690107]
[0.03064949 0.12110187 0.11094456 0.05852179 0.02716392 0.02351381
 0.05852179 0.02716392 0.02351381 0.03407016 0.07578944 0.07181612
 0.06493011 0.05852179 0.05354249 0.05852179 0.02161062 0.06431305
 0.0157895 ]]