134308
Test: public void test31() throws Throwable { Validate.notNullParam("$b%&kPmU{Bfw%gXr3C", ""); }
Code: public static void notNullParam(@Nullable final Object obj, final String param) { if (obj == null) throw new ValidationException(String.format("The parameter '%s' must not be null.", param)); }
[[0.02954663 0.09045117 0.0240508  0.04099    0.02387666 0.02283185
 0.0403154  0.02387666 0.03776249 0.04099    0.04061575 0.07976573
 0.04357745 0.04625667 0.01569583 0.02972997 0.01481786 0.04099
 0.06111846 0.03578601 0.06804838 0.02804121 0.02602933 0.04099
 0.04099001 0.01285558]
[0.03056603 0.08320987 0.02053113 0.04097609 0.02276543 0.02124925
 0.04177466 0.02276543 0.04525326 0.04097609 0.05626746 0.08302698
 0.05005496 0.03850175 0.01607863 0.02648616 0.01329117 0.04097609
 0.05604171 0.03225132 0.06210517 0.02350294 0.03426684 0.04097609
 0.0409761  0.0151294 ]
[0.02398173 0.08732688 0.02128848 0.04603735 0.02126309 0.01794027
 0.0384296  0.02126309 0.0359164  0.04603735 0.04342942 0.08003931
 0.04787276 0.03447601 0.01207904 0.0281138  0.01102519 0.04603735
 0.07125372 0.02866375 0.08191239 0.02109279 0.02929583 0.04603735
 0.04603736 0.01314966]
[0.02393915 0.08454937 0.02179132 0.03973509 0.02344685 0.01889624
 0.04227178 0.02344685 0.04347607 0.03973509 0.03916937 0.05919625
 0.05267102 0.0451491  0.01714445 0.02830601 0.01830412 0.03973509
 0.08188657 0.03962374 0.0735402  0.01997697 0.03131488 0.03973509
 0.03973509 0.01322423]
[0.02858146 0.08492278 0.02129266 0.04377752 0.01912719 0.02081336
 0.03372807 0.01912719 0.04392288 0.04377752 0.04889618 0.09503633
 0.04393906 0.04219686 0.01274672 0.0306348  0.01275221 0.04377752
 0.05458385 0.02875859 0.06895908 0.02864596 0.03283112 0.04377752
 0.04377753 0.0096161 ]
[0.02911559 0.08661057 0.02039116 0.03765183 0.02102376 0.02026137
 0.03469159 0.02102376 0.04748947 0.03765183 0.06166871 0.08907775
 0.04168325 0.04765219 0.01391578 0.02893887 0.01326115 0.03765183
 0.0617905  0.04069864 0.06745052 0.02352315 0.03007422 0.03765183
 0.03765184 0.01139882]
[0.02313782 0.07884021 0.02139712 0.03972455 0.02485877 0.0220993
 0.04232806 0.02485877 0.04085878 0.03972455 0.0535469  0.08609903
 0.04877178 0.03915783 0.0144402  0.02699058 0.01323465 0.03972455
 0.05622182 0.03606081 0.08040731 0.01965591 0.03179651 0.03972455
 0.03972456 0.01661509]
[0.02858146 0.08492278 0.02129266 0.04377752 0.01912719 0.02081336
 0.03372807 0.01912719 0.04392288 0.04377752 0.04889618 0.09503633
 0.04393906 0.04219686 0.01274672 0.0306348  0.01275221 0.04377752
 0.05458385 0.02875859 0.06895908 0.02864596 0.03283112 0.04377752
 0.04377753 0.0096161 ]
[0.03005573 0.08986668 0.0214289  0.04247879 0.02305881 0.02096982
 0.0410743  0.02305881 0.03469942 0.04247879 0.04464951 0.08734746
 0.05006234 0.03858722 0.01351623 0.02848477 0.01287467 0.04247879
 0.06603117 0.03005558 0.06266316 0.02318242 0.03462328 0.04247879
 0.04247879 0.01131583]
[0.02393915 0.08454937 0.02179132 0.03973509 0.02344685 0.01889624
 0.04227178 0.02344685 0.04347607 0.03973509 0.03916937 0.05919625
 0.05267102 0.0451491  0.01714445 0.02830601 0.01830412 0.03973509
 0.08188657 0.03962374 0.0735402  0.01997697 0.03131488 0.03973509
 0.03973509 0.01322423]
[0.03218397 0.07714743 0.02824709 0.04133311 0.03167428 0.01916666
 0.03430352 0.03167428 0.0456783  0.04133311 0.05360468 0.05518566
 0.04042313 0.03400838 0.02044805 0.0294991  0.01768749 0.04133311
 0.06055177 0.03593132 0.06280936 0.03029567 0.03421024 0.04133311
 0.04133312 0.0186041 ]
[0.01898565 0.1178925  0.01441529 0.0434096  0.01467312 0.01452725
 0.03521206 0.01467312 0.04282816 0.0434096  0.04092798 0.10742807
 0.0459986  0.03853727 0.00724324 0.01848006 0.00738675 0.0434096
 0.07266165 0.03154794 0.09048326 0.01680244 0.02601847 0.0434096
 0.0434096  0.00622904]
[0.02291176 0.09174416 0.02003246 0.03956562 0.02212222 0.01871316
 0.04667841 0.02212222 0.04242092 0.03956562 0.0451315  0.0986282
 0.03949571 0.04570348 0.01134889 0.02368015 0.01194035 0.03956562
 0.07321779 0.03503283 0.07885876 0.01440261 0.030186   0.03956562
 0.03956562 0.00780035]
[0.01810364 0.1063357  0.01975872 0.02909262 0.01699406 0.01962632
 0.04495822 0.01699406 0.04877119 0.02909262 0.04813859 0.09962047
 0.04290634 0.04453992 0.0117382  0.02241807 0.0120893  0.02909262
 0.0905342  0.03858546 0.09803983 0.01678824 0.02780015 0.02909262
 0.02909262 0.00979622]
[0.02341793 0.10299168 0.01766838 0.04232825 0.01960968 0.02126673
 0.03694198 0.01960968 0.03714186 0.04232825 0.05292754 0.10624649
 0.04343836 0.04383087 0.01448223 0.02203987 0.00956026 0.04232825
 0.05787178 0.03512258 0.06819147 0.02240686 0.02543429 0.04232825
 0.04232826 0.0081582 ]
[0.02257128 0.09106606 0.01898022 0.03644682 0.02065125 0.0159281
 0.04232079 0.02065125 0.04568172 0.03644682 0.06143695 0.07877188
 0.04603738 0.03314979 0.01297639 0.02705482 0.01211135 0.03644682
 0.08054483 0.02961114 0.09442179 0.02053902 0.03340198 0.03644682
 0.03644683 0.00985788]
[0.0257374  0.07867887 0.0239709  0.03823885 0.02084589 0.01970639
 0.03843009 0.02084589 0.04392952 0.03823885 0.04954397 0.085693
 0.0411727  0.04503954 0.01400359 0.02806748 0.01639372 0.03823885
 0.07586917 0.02993199 0.08171327 0.02024806 0.03480633 0.03823885
 0.03823886 0.014178  ]
[0.02393915 0.08454937 0.02179132 0.03973509 0.02344685 0.01889624
 0.04227178 0.02344685 0.04347607 0.03973509 0.03916937 0.05919625
 0.05267102 0.0451491  0.01714445 0.02830601 0.01830412 0.03973509
 0.08188657 0.03962374 0.0735402  0.01997697 0.03131488 0.03973509
 0.03973509 0.01322423]
[0.02308707 0.0819786  0.01926506 0.0376035  0.02296339 0.02082513
 0.04073657 0.02296339 0.0493498  0.0376035  0.0621419  0.09680262
 0.0433661  0.03777534 0.01663536 0.02747061 0.01518738 0.0376035
 0.07067657 0.03460184 0.06538403 0.02038895 0.03161851 0.0376035
 0.0376035  0.00876423]
[0.02115632 0.12173628 0.01317821 0.03691158 0.01646831 0.01872611
 0.03866883 0.01646831 0.03735539 0.03691158 0.05325271 0.10996197
 0.03849806 0.04312655 0.00987559 0.02347162 0.0094808  0.03691158
 0.06592471 0.03506615 0.09138092 0.02046166 0.02482398 0.03691158
 0.03691158 0.00635957]
[0.02277642 0.09501323 0.0194772  0.03517713 0.02640192 0.02587429
 0.04239782 0.02640192 0.03950158 0.03517713 0.05384075 0.08659168
 0.0390834  0.03766026 0.01586907 0.03044442 0.01741011 0.03517713
 0.06944058 0.03113454 0.06977604 0.01938212 0.04345714 0.03517713
 0.03517713 0.01217979]
[0.02222153 0.09447352 0.0226303  0.03811113 0.02350982 0.02520936
 0.03744072 0.02350982 0.03709266 0.03811113 0.04848848 0.07518633
 0.03994165 0.04595645 0.01678898 0.02910661 0.01439791 0.03811113
 0.0690966  0.04257239 0.07361589 0.02131891 0.03352805 0.03811113
 0.03811114 0.01335831]
[0.0249611  0.08276229 0.02121297 0.04461931 0.01924003 0.02168998
 0.03448948 0.01924003 0.03801778 0.04461931 0.03973722 0.08442661
 0.04323569 0.04048697 0.01534227 0.0230573  0.01180732 0.04461931
 0.07597603 0.0316748  0.07928985 0.02255129 0.03451797 0.04461931
 0.04461932 0.01318641]
[0.02393915 0.08454937 0.02179132 0.03973509 0.02344685 0.01889624
 0.04227178 0.02344685 0.04347607 0.03973509 0.03916937 0.05919625
 0.05267102 0.0451491  0.01714445 0.02830601 0.01830412 0.03973509
 0.08188657 0.03962374 0.0735402  0.01997697 0.03131488 0.03973509
 0.03973509 0.01322423]
[0.02393915 0.08454937 0.02179132 0.03973509 0.02344685 0.01889624
 0.04227179 0.02344685 0.04347607 0.03973509 0.03916938 0.05919626
 0.05267102 0.0451491  0.01714445 0.02830601 0.01830412 0.03973509
 0.08188657 0.03962374 0.07354017 0.01997697 0.03131488 0.03973509
 0.03973509 0.01322423]
[0.02230055 0.09303805 0.02060302 0.04184649 0.02009235 0.02262248
 0.04867124 0.02009235 0.04085284 0.04184649 0.05649194 0.0858833
 0.04138902 0.0385759  0.01400556 0.03027226 0.01249437 0.04184649
 0.05159184 0.03284349 0.05995584 0.02371276 0.0430821  0.04184649
 0.0418465  0.01219626]]