11539
Test: public void test6() throws Throwable { FailableLongPredicate<Throwable> failableLongPredicate0 = FailableLongPredicate.falsePredicate(); FailableLongPredicate<Throwable> failableLongPredicate1 = failableLongPredicate0.negate(); FailableLongPredicate<Throwable> failableLongPredicate2 = failableLongPredicate0.and(failableLongPredicate1); }
Code: default FailableLongPredicate<E> and(final FailableLongPredicate<E> other) { Objects.requireNonNull(other); return t -> test(t) && other.test(t); }
[[0.12654653 0.06785579 0.06785579 0.06785579 0.08871852 0.09747024
 0.06785579 0.0632854  0.08395729 0.08901013 0.06785578 0.02648303
 0.06785581 0.01739409]
[0.11453819 0.06949791 0.06949791 0.06949791 0.09937049 0.07306217
 0.06949791 0.05148887 0.07560138 0.11361325 0.06949792 0.0309403
 0.06949793 0.02439783]
[0.11453819 0.06949791 0.06949791 0.06949791 0.09937049 0.07306217
 0.06949791 0.05148887 0.07560138 0.11361325 0.06949792 0.0309403
 0.06949793 0.02439783]
[0.11453819 0.06949791 0.06949791 0.06949791 0.09937049 0.07306217
 0.06949791 0.05148887 0.07560138 0.11361325 0.06949792 0.0309403
 0.06949793 0.02439783]
[0.11418694 0.06954014 0.06954014 0.06954014 0.10167884 0.08804904
 0.06954014 0.05997149 0.07640985 0.08367032 0.06954014 0.03956651
 0.06954015 0.01922619]
[0.09092193 0.06843866 0.06843866 0.06843866 0.08802741 0.09480616
 0.06843866 0.06194755 0.08190288 0.09065177 0.06843866 0.04879696
 0.06843868 0.03231338]
[0.11453819 0.06949791 0.06949791 0.06949791 0.09937049 0.07306217
 0.06949791 0.05148887 0.07560138 0.11361325 0.06949792 0.0309403
 0.06949793 0.02439783]
[0.15967156 0.06936827 0.06936827 0.06936827 0.09179685 0.07450821
 0.06936827 0.05132686 0.07882313 0.08172716 0.06936827 0.02573998
 0.06936829 0.02019663]
[0.12128654 0.07010791 0.07010791 0.07010791 0.09254761 0.10436538
 0.07010791 0.05624048 0.07880308 0.08647288 0.07010791 0.02339981
 0.07010791 0.01623669]
[0.10898019 0.06876558 0.06876558 0.06876558 0.08595896 0.10387412
 0.06876558 0.06176583 0.08332314 0.08299385 0.06876557 0.03934198
 0.06876559 0.02116846]
[0.11453819 0.06949791 0.06949791 0.06949791 0.09937049 0.07306217
 0.06949791 0.05148887 0.07560138 0.11361325 0.06949792 0.0309403
 0.06949793 0.02439783]
[0.11383852 0.07171373 0.07171373 0.07171373 0.09726762 0.08160166
 0.07171373 0.0502648  0.08408942 0.08965231 0.07171373 0.02706496
 0.07171375 0.02593827]
[0.11453819 0.06949791 0.06949791 0.06949791 0.09937049 0.07306217
 0.06949791 0.05148887 0.07560138 0.11361325 0.06949791 0.0309403
 0.06949792 0.02439783]
[0.10297866 0.06489697 0.06489697 0.06489697 0.09037928 0.10467423
 0.06489697 0.08193845 0.09761658 0.07888836 0.06489697 0.03222038
 0.06489699 0.02192219]]