90846
Test: public void test178() throws Throwable { InstConstraintVisitor instConstraintVisitor0 = new InstConstraintVisitor(); ACONST_NULL aCONST_NULL0 = new ACONST_NULL(); instConstraintVisitor0.visitACONST_NULL(aCONST_NULL0); }
Code: public void visitACONST_NULL(final ACONST_NULL o) { // Nothing needs to be done here. }
[[0.06310888 0.05076072 0.08754618 0.08754618 0.09838159 0.08186045
 0.08754618 0.08754618 0.03920491 0.1154919  0.05353546 0.033537
 0.0875462  0.02638821]
[0.04862817 0.04325202 0.09322671 0.09322671 0.0878341  0.08845234
 0.09322671 0.09322671 0.04161308 0.10555297 0.05958907 0.03217836
 0.09322672 0.02676637]
[0.05241065 0.04635112 0.08773109 0.08773109 0.089066   0.08167484
 0.08773109 0.08773109 0.04938555 0.11230829 0.06631683 0.03597239
 0.0877311  0.02785895]
[0.05241065 0.04635112 0.08773109 0.08773109 0.089066   0.08167484
 0.08773109 0.08773109 0.04938555 0.11230829 0.06631683 0.03597239
 0.0877311  0.02785895]
[0.0555283  0.04423835 0.08227545 0.08227545 0.10897313 0.10176242
 0.08227545 0.08227545 0.04828478 0.09522052 0.06682071 0.03685009
 0.08227546 0.03094449]
[0.0638718  0.05570126 0.0838517  0.0838517  0.08264354 0.10229634
 0.0838517  0.0838517  0.0565124  0.08095676 0.06661917 0.03600775
 0.08385172 0.03613245]
[0.05241065 0.04635112 0.08773109 0.08773109 0.089066   0.08167484
 0.08773109 0.08773109 0.04938555 0.11230829 0.06631683 0.03597239
 0.0877311  0.02785895]
[0.05241065 0.04635112 0.08773109 0.08773109 0.089066   0.08167484
 0.08773109 0.08773109 0.04938555 0.11230829 0.06631683 0.03597239
 0.0877311  0.02785895]
[0.05002486 0.03820865 0.08567233 0.08567233 0.08954574 0.10037015
 0.08567233 0.08567233 0.04237234 0.12014886 0.06827272 0.03687967
 0.08567233 0.02581538]
[0.05428523 0.04805075 0.08857311 0.08857311 0.09298748 0.09885466
 0.08857311 0.08857311 0.04240324 0.0974838  0.06705104 0.02682955
 0.08857313 0.02918875]
[0.05125318 0.04326816 0.09205569 0.09205569 0.08260618 0.0799401
 0.09205569 0.09205569 0.04590767 0.1020665  0.06977587 0.03824202
 0.0920557  0.02666189]
[0.0498197  0.03788979 0.0903707  0.0903707  0.09616585 0.08663921
 0.0903707  0.0903707  0.03431911 0.13237111 0.06115473 0.0304442
 0.09037069 0.01934275]
[0.05241065 0.04635112 0.08773107 0.08773107 0.089066   0.08167484
 0.08773107 0.08773107 0.04938554 0.11230829 0.06631683 0.03597238
 0.08773108 0.02785895]
[0.04397768 0.04145084 0.08108868 0.08108868 0.09927753 0.11968936
 0.08108868 0.08108868 0.03991313 0.09544729 0.08946098 0.03990466
 0.08108869 0.02543509]]