1325
Test: public void test29() throws Throwable { PnmImageParser pnmImageParser0 = new PnmImageParser(); MockFile mockFile0 = new MockFile("org.apache.commons.imaging.formats.tiff.datareaders.ImageDataReader"); PnmImagingParameters pnmImagingParameters0 = pnmImageParser0.getDefaultParameters(); ByteSourceFile byteSourceFile0 = new ByteSourceFile(mockFile0);  pnmImageParser0.getImageSize((ByteSource) byteSourceFile0, pnmImagingParameters0);   }
Code: public final Dimension getImageSize(final byte[] bytes) throws ImageReadException, IOException { return getImageSize(bytes, null); }
[[0.05798839 0.0472702  0.08045018 0.08045018 0.08140388 0.05276372
 0.13336734 0.08045018 0.03138874 0.08281973 0.06449762 0.08045019
 0.10078937 0.02591025]
[0.05441116 0.03655011 0.08251361 0.08251361 0.0664892  0.06191346
 0.14072552 0.08251361 0.03462293 0.09437267 0.07918684 0.0825136
 0.08318026 0.01849342]
[0.04887528 0.04776673 0.08118894 0.08118894 0.08218154 0.04892129
 0.15859708 0.08118894 0.03382634 0.0796165  0.0593773  0.08118893
 0.08917768 0.02690448]
[0.04887528 0.04776673 0.08118894 0.08118894 0.08218154 0.04892129
 0.15859708 0.08118894 0.03382634 0.0796165  0.0593773  0.08118893
 0.08917768 0.02690448]
[0.05697015 0.04814644 0.07550561 0.07550561 0.0701311  0.04922727
 0.17290771 0.07550561 0.03386226 0.0782205  0.0803975  0.07550561
 0.08591818 0.02219641]
[0.04422001 0.04070368 0.0657194  0.0657194  0.08932    0.0519469
 0.19902115 0.0657194  0.03205372 0.09618507 0.06220745 0.0657194
 0.09812579 0.02333865]
[0.04306557 0.03570911 0.07314065 0.07314065 0.06965037 0.03894205
 0.20520008 0.07314065 0.02835299 0.10867176 0.07130534 0.07314067
 0.08559881 0.02094126]
[0.04887528 0.04776673 0.08118894 0.08118894 0.08218154 0.04892129
 0.15859708 0.08118894 0.03382634 0.0796165  0.0593773  0.08118893
 0.08917768 0.02690448]
[0.0458206  0.04030006 0.08702752 0.08702752 0.05960838 0.05134574
 0.1760262  0.08702752 0.02640611 0.08403774 0.06666968 0.08702751
 0.08398155 0.01769383]
[0.06182842 0.06079934 0.07996527 0.07996527 0.07781039 0.05930196
 0.10877827 0.07996527 0.04191271 0.10172287 0.07085355 0.07996528
 0.06163381 0.03549759]
[0.04279714 0.0394431  0.08485784 0.08485784 0.07255728 0.04373331
 0.15890698 0.08485784 0.03348874 0.08460812 0.06197373 0.08485784
 0.09992107 0.02313915]
[0.04887528 0.04776673 0.08118894 0.08118894 0.08218154 0.04892129
 0.15859708 0.08118894 0.03382634 0.0796165  0.0593773  0.08118893
 0.08917768 0.02690448]
[0.0423103  0.03846343 0.08327103 0.08327103 0.05891188 0.04726543
 0.19146271 0.08327103 0.0273427  0.09435499 0.07667018 0.08327103
 0.0742785  0.0158557 ]
[0.0417503  0.03815395 0.07713992 0.07713992 0.050091   0.05611277
 0.17542246 0.07713992 0.03452846 0.11271364 0.09275013 0.07713992
 0.06592326 0.02399427]]