33432
Test: public void test372() throws Throwable { MathContext mathContext0 = MathContext.DECIMAL32; JexlArithmetic jexlArithmetic0 = new JexlArithmetic(false, mathContext0, 0); Byte byte0 = new Byte((byte) (-1)); Object object0 = jexlArithmetic0.add(byte0, (Object) null); mathContext0.equals(object0); JexlArithmetic jexlArithmetic1 = jexlArithmetic0.options((JexlContext) null); Class<Pattern> class0 = Pattern.class; Class<BigInteger> class1 = BigInteger.class; jexlArithmetic1.narrowAccept(class0, class1); }
Code: protected boolean narrowAccept(final Class<?> narrow, final Class<?> source) { return narrow == null || narrow.equals(source); }
[[0.07946491 0.14392768 0.06951393 0.02985134 0.06951393 0.03983079
 0.02985134 0.06009236 0.09238705 0.05799337 0.06951393 0.0704926
 0.04541088 0.05424664 0.06951393 0.01839527]
[0.08631881 0.18497306 0.07050709 0.02180863 0.07050709 0.0364932
 0.02180863 0.03943994 0.09828922 0.06297608 0.07050709 0.0562271
 0.04311162 0.04836176 0.07050709 0.01816363]
[0.08973274 0.15107413 0.06961448 0.02545335 0.06961448 0.04310813
 0.02545335 0.04835376 0.07461321 0.05176775 0.06961448 0.07918619
 0.04537525 0.06258764 0.06961448 0.0248366 ]
[0.08201403 0.15208562 0.06484014 0.02187292 0.06484014 0.04218154
 0.02187292 0.0539317  0.08426226 0.06763659 0.06484014 0.08124719
 0.05023074 0.05939158 0.06484014 0.02391233]
[0.08973274 0.15107413 0.06961448 0.02545335 0.06961448 0.04310813
 0.02545335 0.04835376 0.07461321 0.05176775 0.06961448 0.07918619
 0.04537525 0.06258764 0.06961448 0.0248366 ]
[0.06317964 0.1418555  0.07669868 0.02342139 0.07669868 0.03504516
 0.02342139 0.05543545 0.09247252 0.07536881 0.07669868 0.075736
 0.04134235 0.047945   0.07669868 0.0179821 ]
[0.08201403 0.15208562 0.06484014 0.02187292 0.06484014 0.04218154
 0.02187292 0.0539317  0.08426226 0.06763659 0.06484014 0.08124719
 0.05023074 0.05939158 0.06484014 0.02391233]
[0.07966133 0.1827203  0.07258241 0.02626131 0.07258241 0.04201825
 0.02626131 0.04513851 0.08429437 0.05496618 0.07258241 0.05876606
 0.0451071  0.04524219 0.07258241 0.01923342]
[0.10013431 0.11211491 0.06910738 0.02877975 0.06910738 0.05520754
 0.02877975 0.04973424 0.09893169 0.06309274 0.06910738 0.05766531
 0.04403093 0.05167204 0.06910738 0.03342729]
[0.0923126  0.17562805 0.07100657 0.03052305 0.07100657 0.03456829
 0.03052305 0.04444743 0.0772728  0.05266422 0.07100657 0.06800945
 0.04431757 0.04479267 0.07100657 0.02091454]
[0.08973274 0.15107413 0.06961448 0.02545335 0.06961448 0.04310813
 0.02545335 0.04835376 0.07461321 0.05176775 0.06961448 0.07918619
 0.04537525 0.06258764 0.06961448 0.0248366 ]
[0.07179163 0.24102087 0.05064727 0.01871397 0.05064727 0.0346419
 0.01871397 0.03844798 0.10667574 0.05791134 0.05064727 0.08196078
 0.0388025  0.06770268 0.05064727 0.02102754]
[0.05966705 0.12357055 0.07092518 0.02770444 0.07092518 0.03800601
 0.02770444 0.06622827 0.11341419 0.07617423 0.07092518 0.07324592
 0.04273265 0.05068274 0.07092518 0.01716872]
[0.07461567 0.13639843 0.07770833 0.02155142 0.07770833 0.03891373
 0.02155142 0.04462568 0.12063564 0.05962242 0.07770833 0.0620112
 0.04395967 0.05131548 0.07770833 0.0139658 ]
[0.08973274 0.15107413 0.06961448 0.02545335 0.06961448 0.04310813
 0.02545335 0.04835376 0.07461321 0.05176775 0.06961448 0.07918619
 0.04537525 0.06258764 0.06961448 0.0248366 ]
[0.07749534 0.12354354 0.06810888 0.02431965 0.06810888 0.03479002
 0.02431965 0.05915643 0.10799577 0.08525602 0.06810888 0.06596868
 0.04160491 0.06043501 0.06810888 0.0226795 ]]