134286
Test: public void test9() throws Throwable { // Undeclared exception!  Validate.notEmpty((String) null, "8HcALk\"r.n<c");   }
Code: public static void notEmpty(@Nullable String string) { if (string == null || string.length() == 0) throw new ValidationException("String must not be empty"); }
[[0.0309491  0.0951463  0.02522106 0.04293587 0.03952242 0.03032437
 0.04277352 0.08357535 0.04293587 0.04838672 0.03489919 0.03068408
 0.04293587 0.04838672 0.01773024 0.03112704 0.01550533 0.04293587
 0.07096608 0.02951136 0.02736172 0.11266986 0.01351609]
[0.03170865 0.08897945 0.0219008  0.04217658 0.04609361 0.03064594
 0.0614963  0.08611033 0.04217658 0.03945531 0.0292574  0.0311623
 0.04217658 0.03945531 0.02042104 0.02768083 0.01390487 0.04217657
 0.06217078 0.02544105 0.03701524 0.12205397 0.01634057]
[0.02396096 0.09224552 0.0219909  0.04494501 0.03498764 0.02738694
 0.04669781 0.08048232 0.04494501 0.03394272 0.02846694 0.02964942
 0.04494501 0.03394272 0.01716857 0.02860468 0.01114792 0.04494502
 0.07742116 0.02244261 0.03084308 0.16482958 0.01400838]
[0.026141   0.09329403 0.02410509 0.04322153 0.04712059 0.02732301
 0.0437023  0.0648756  0.04322153 0.04912642 0.02828384 0.03713827
 0.04322153 0.04912642 0.02019619 0.03092796 0.02006878 0.04322153
 0.07882804 0.02212746 0.03470627 0.11533269 0.01468983]
[0.03142446 0.09660931 0.02277598 0.04394848 0.03591248 0.03137431
 0.04879674 0.09121184 0.04394848 0.04013369 0.02585473 0.03188837
 0.04394848 0.04013369 0.0184619  0.0299133  0.01346214 0.04394848
 0.06335714 0.02499843 0.03736548 0.12829909 0.012233  ]
[0.02629288 0.09421552 0.02076487 0.04318456 0.04231659 0.0258312
 0.04575621 0.0822935  0.04318456 0.04101732 0.02506854 0.03742262
 0.04318456 0.04101732 0.01595254 0.02997295 0.01361136 0.04318456
 0.07542524 0.02641069 0.03458435 0.13739608 0.01191195]
[0.03526076 0.08448546 0.03094316 0.04530673 0.05007685 0.03343293
 0.05867956 0.06046795 0.04530673 0.03727105 0.0284263  0.03164138
 0.04530673 0.03727105 0.0243058  0.03231693 0.01938562 0.04530673
 0.06887855 0.03317448 0.03746525 0.09491699 0.02037305]
[0.01795598 0.11926687 0.01405756 0.03943457 0.03877832 0.02434609
 0.04219425 0.10290451 0.03943457 0.03516863 0.01929634 0.03852888
 0.03943457 0.03516863 0.01656007 0.01792023 0.0071287  0.03943457
 0.07806954 0.01715863 0.02634626 0.18512587 0.00628637]
[0.026141   0.09329403 0.02410509 0.04322153 0.04712059 0.02732301
 0.0437023  0.0648756  0.04322153 0.04912642 0.02828384 0.03713827
 0.04322153 0.04912642 0.02019619 0.03092796 0.02006878 0.04322153
 0.07882804 0.02212746 0.03470627 0.11533269 0.01468983]
[0.01771267 0.10966694 0.0201723  0.02734166 0.04603548 0.02057038
 0.05068071 0.09708953 0.02734166 0.04291075 0.02084188 0.03250504
 0.02734166 0.04291075 0.02118875 0.02248372 0.01198084 0.02734166
 0.08884957 0.01735729 0.02862812 0.18889704 0.01015158]
[0.02739429 0.08042155 0.02159422 0.04153913 0.03895247 0.02856009
 0.06790131 0.08593491 0.04153913 0.04287937 0.02497097 0.0301771
 0.04153913 0.04287937 0.02305128 0.03617017 0.01937334 0.04153913
 0.07295723 0.02228404 0.03627516 0.12184019 0.01022646]
[0.02285701 0.08868278 0.01753326 0.04526424 0.04479986 0.02753042
 0.06594798 0.10409726 0.04526424 0.03642276 0.02585061 0.02857865
 0.04526424 0.03642276 0.01635705 0.03240214 0.01202467 0.04526423
 0.06309324 0.02134567 0.03056421 0.1365798  0.00785295]
[0.026141   0.09329403 0.02410509 0.04322153 0.04712059 0.02732301
 0.0437023  0.0648756  0.04322153 0.04912642 0.02828384 0.03713827
 0.04322153 0.04912642 0.02019619 0.03092796 0.02006878 0.04322153
 0.07882804 0.02212746 0.03470627 0.11533269 0.01468983]
[0.01771267 0.10966694 0.0201723  0.02734166 0.04603548 0.02057038
 0.05068071 0.09708953 0.02734166 0.04291075 0.02084188 0.03250504
 0.02734166 0.04291075 0.02118875 0.02248372 0.01198084 0.02734166
 0.08884957 0.01735729 0.02862812 0.18889704 0.01015158]
[0.02615111 0.09593215 0.0264543  0.04271422 0.04351161 0.03074721
 0.04731438 0.08830737 0.04271422 0.04289526 0.02774096 0.03408886
 0.04271422 0.04289526 0.01847078 0.02947196 0.01238712 0.04271421
 0.06853124 0.0279525  0.03251173 0.11755466 0.01622465]
[0.02381059 0.09909216 0.0203696  0.03795745 0.04669258 0.02799477
 0.06805209 0.08364341 0.03795745 0.03429779 0.02912627 0.02761579
 0.03795745 0.03429779 0.0169016  0.02869575 0.0126616  0.03795745
 0.09464943 0.02240306 0.03643209 0.13075863 0.0106752 ]
[0.02759094 0.08440065 0.02572241 0.04094714 0.04700123 0.0253242
 0.05322049 0.09179933 0.04094714 0.04819376 0.03183726 0.02566514
 0.04094714 0.04819376 0.01661314 0.03006515 0.01756188 0.04094714
 0.08732048 0.02173415 0.03735409 0.10139056 0.01522286]
[0.026141   0.09329403 0.02410509 0.04322153 0.04712059 0.02732301
 0.0437023  0.0648756  0.04322153 0.04912642 0.02828384 0.03713827
 0.04322153 0.04912642 0.02019619 0.03092796 0.02006878 0.04322153
 0.07882804 0.02212746 0.03470627 0.11533269 0.01468983]
[0.02460874 0.10225051 0.02098706 0.03804161 0.04269816 0.02897271
 0.05779188 0.09343515 0.03804161 0.04068697 0.02417031 0.04015464
 0.03804161 0.04068697 0.01761462 0.03285165 0.01878499 0.03804161
 0.07567978 0.02083153 0.04672831 0.10580523 0.01309431]
[0.02317041 0.0999429  0.02369464 0.03956103 0.03860009 0.02766751
 0.05138606 0.07841818 0.03956103 0.04782224 0.03110453 0.02935618
 0.03956103 0.04782224 0.01809317 0.03045584 0.01506435 0.03956103
 0.07591597 0.0225237  0.03537729 0.13128665 0.01405393]
[0.02557541 0.08745019 0.02205687 0.04522971 0.03865162 0.02646297
 0.0425568  0.08703808 0.04522971 0.0415348  0.02288282 0.02859037
 0.04522971 0.0415348  0.02132857 0.0238806  0.01218318 0.04522971
 0.07835047 0.02396797 0.03659359 0.14446978 0.01397218]
[0.02509036 0.08144744 0.02716186 0.04465768 0.04353278 0.03283251
 0.04386418 0.08297199 0.04465768 0.04411263 0.02954222 0.02598057
 0.04465768 0.04411263 0.01564452 0.02498087 0.017334   0.04465768
 0.07805108 0.02800182 0.0312328  0.13316754 0.01230743]
[0.02321878 0.09917206 0.02164775 0.04322631 0.04252037 0.02823867
 0.06080037 0.08985451 0.04322631 0.0403329  0.0262641  0.03447625
 0.04322631 0.0403329  0.01750818 0.03193986 0.01301943 0.04322631
 0.06154266 0.02519444 0.04593306 0.11206907 0.01302949]]