37309
Test: public void test55() throws Throwable { Seconds seconds0 = Seconds.seconds((-1088)); Minutes minutes0 = Minutes.standardMinutesIn(seconds0); PeriodType periodType0 = minutes0.getPeriodType(); Period period0 = new Period(355L, periodType0, (Chronology) null); // Undeclared exception!  period0.withHours((-1088));   }
Code: public Period withHours(int hours) { int[] values = getValues(); // cloned getPeriodType().setIndexedField(this, PeriodType.HOUR_INDEX, values, hours); return new Period(values, getPeriodType()); }
[[0.03305437 0.05855818 0.04586123 0.07488343 0.05061817 0.12075163
 0.02905301 0.02121625 0.04829779 0.04586123 0.06573837 0.04586123
 0.04586123 0.08168592 0.07205517 0.03718583 0.01621927 0.04586123
 0.04586123 0.01551527]
[0.03342475 0.05932187 0.04201715 0.07631341 0.07245097 0.11123176
 0.03527062 0.02311148 0.04825158 0.04201715 0.06329186 0.04201715
 0.04201715 0.07894249 0.07361256 0.03809908 0.01769826 0.04201715
 0.04201715 0.01687648]
[0.02890945 0.07447289 0.04728948 0.0642369  0.05114682 0.12532979
 0.02506145 0.03220254 0.03548818 0.04728948 0.0549165  0.04728948
 0.04728948 0.07237555 0.0774548  0.03522832 0.02243973 0.04728948
 0.04728948 0.01700021]
[0.03289255 0.07588299 0.04585478 0.06690478 0.07358403 0.1182863
 0.02644874 0.02115578 0.04387743 0.04585478 0.06569465 0.04585478
 0.04585478 0.0585115  0.07196663 0.0418312  0.01471243 0.04585479
 0.04585479 0.01312232]
[0.03938524 0.0663047  0.04960808 0.05420741 0.06778149 0.09681931
 0.02821142 0.03299026 0.04836004 0.04960808 0.05052799 0.04960808
 0.04960808 0.06472056 0.06378163 0.04474448 0.02132888 0.04960808
 0.04960808 0.02318818]
[0.03918963 0.06614876 0.04385415 0.08187509 0.06421147 0.10968636
 0.03018271 0.02678223 0.04610298 0.04385415 0.06510672 0.04385415
 0.04385415 0.07302976 0.05220021 0.04718894 0.01890092 0.04385415
 0.04385415 0.01626938]
[0.0253789  0.06384467 0.04564182 0.05833365 0.0572856  0.17261626
 0.02438609 0.02092776 0.03791954 0.04564182 0.05206142 0.04564182
 0.04564182 0.08763677 0.05726368 0.04183594 0.01367965 0.04564183
 0.04564183 0.0129791 ]
[0.04009552 0.05553131 0.05665807 0.06205989 0.04723411 0.09710064
 0.03342446 0.03380486 0.04814178 0.05665807 0.049214   0.05665807
 0.05665807 0.06689495 0.04307232 0.04437965 0.01897698 0.05665807
 0.05665807 0.02012108]
[0.03219121 0.07485469 0.04940976 0.05801787 0.05732688 0.1299658
 0.02964146 0.01976543 0.03915858 0.04940976 0.06933931 0.04940976
 0.04940976 0.08064336 0.05246402 0.03173828 0.01524591 0.04940976
 0.04940976 0.01318862]
[0.02890945 0.07447289 0.04728948 0.0642369  0.05114682 0.12532979
 0.02506145 0.03220254 0.03548818 0.04728948 0.0549165  0.04728948
 0.04728948 0.07237555 0.0774548  0.03522832 0.02243973 0.04728948
 0.04728948 0.01700021]
[0.02722397 0.08253638 0.04042752 0.05657405 0.06842704 0.1731025
 0.02181276 0.02218731 0.03841792 0.04042752 0.06153042 0.04042752
 0.04042752 0.07608629 0.07327325 0.03074565 0.01437365 0.04042752
 0.04042752 0.01114364]
[0.02890945 0.07447289 0.04728948 0.0642369  0.05114682 0.12532979
 0.02506145 0.03220254 0.03548818 0.04728948 0.0549165  0.04728948
 0.04728948 0.07237555 0.0774548  0.03522832 0.02243973 0.04728948
 0.04728948 0.01700021]
[0.02890945 0.07447289 0.04728948 0.0642369  0.05114682 0.12532979
 0.02506145 0.03220254 0.03548818 0.04728948 0.0549165  0.04728948
 0.04728948 0.07237555 0.0774548  0.03522832 0.02243973 0.04728948
 0.04728948 0.01700021]
[0.0287399  0.08365992 0.03844963 0.07869878 0.05485439 0.15089177
 0.0277107  0.02773927 0.0448206  0.03844963 0.05953777 0.03844963
 0.03844963 0.08096175 0.05660395 0.03865565 0.01988442 0.03844963
 0.03844963 0.01654334]
[0.0307387  0.07608028 0.04890376 0.05801494 0.06423062 0.10813423
 0.03100437 0.0238     0.0357853  0.04890376 0.07045112 0.04890376
 0.04890376 0.07034327 0.06014856 0.04537918 0.01881906 0.04890376
 0.04890376 0.01364783]
[0.02396193 0.06293914 0.04488789 0.07257356 0.05274186 0.17647232
 0.02521959 0.02378602 0.03872855 0.04488789 0.06556401 0.04488789
 0.04488789 0.06743581 0.05934753 0.03377728 0.01397034 0.04488789
 0.04488789 0.01415468]
[0.03139269 0.06120979 0.04531369 0.05950143 0.06359094 0.12455253
 0.02837806 0.02454791 0.03505349 0.04531369 0.06824963 0.04531369
 0.04531369 0.09992256 0.0497452  0.04435439 0.01963267 0.04531369
 0.04531369 0.0179866 ]
[0.02890945 0.07447289 0.04728948 0.0642369  0.05114682 0.12532979
 0.02506145 0.03220254 0.03548818 0.04728948 0.0549165  0.04728948
 0.04728948 0.07237555 0.0774548  0.03522832 0.02243973 0.04728948
 0.04728948 0.01700021]
[0.02890945 0.07447289 0.04728948 0.0642369  0.05114682 0.12532979
 0.02506145 0.03220254 0.03548818 0.04728948 0.0549165  0.04728948
 0.04728948 0.07237555 0.0774548  0.03522832 0.02243973 0.04728948
 0.04728948 0.01700021]
[0.02538543 0.08968313 0.04578124 0.04828739 0.07501403 0.10541453
 0.0295324  0.02401664 0.03962517 0.04578124 0.06752863 0.04578124
 0.04578124 0.07668974 0.0559158  0.05826822 0.01427996 0.04578124
 0.04578124 0.0156715 ]]