13153
Test: public void test1417() throws Throwable { StrTokenizer strTokenizer0 = new StrTokenizer("StrTokenizer", ""); char[] charArray0 = new char[9]; StrTokenizer strTokenizer1 = strTokenizer0.setIgnoredChar('J'); StrTokenizer strTokenizer2 = strTokenizer1.setQuoteChar('J'); charArray0[0] = 'J'; StrTokenizer strTokenizer3 = strTokenizer0.reset(charArray0); String string0 = strTokenizer3.nextToken(); }
Code: public String nextToken() { if (hasNext()) { return tokens[tokenPos++]; } return null; }
[[0.06288803 0.08189562 0.04102828 0.07570046 0.16868123 0.08723422
 0.07570046 0.06820373 0.08723423 0.02501078 0.06820373 0.13320838
 0.02501077]
[0.062401   0.07389101 0.04316093 0.08205467 0.18191978 0.09053405
 0.08205467 0.06188922 0.09053405 0.02146994 0.06188921 0.1267315
 0.02146994]
[0.04866997 0.09276517 0.04513699 0.07200596 0.18317553 0.08031749
 0.07200596 0.08012328 0.0803175  0.02282201 0.08012328 0.11971491
 0.022822  ]
[0.06078057 0.09163868 0.0519046  0.09280556 0.10532881 0.08181831
 0.09280556 0.07059277 0.08181832 0.03350728 0.07059278 0.13289945
 0.03350728]
[0.03946626 0.09445558 0.026266   0.07412516 0.2192219  0.09533006
 0.07412516 0.05143039 0.09533008 0.01170691 0.05143039 0.15540522
 0.0117069 ]
[0.05171835 0.09727111 0.04224457 0.07583843 0.1256724  0.08743277
 0.07583843 0.06260935 0.08743277 0.0262161  0.06260935 0.1789003
 0.0262161 ]
[0.06078057 0.09163868 0.0519046  0.09280556 0.10532881 0.08181831
 0.09280556 0.07059277 0.08181832 0.03350728 0.07059278 0.13289945
 0.03350728]
[0.04185787 0.0993434  0.03401561 0.07637274 0.1761591  0.08611175
 0.07637274 0.06170817 0.08611175 0.02120697 0.06170817 0.1578247
 0.02120697]
[0.05171835 0.09727111 0.04224457 0.07583843 0.1256724  0.08743277
 0.07583843 0.06260935 0.08743277 0.0262161  0.06260935 0.1789003
 0.0262161 ]
[0.04131705 0.07579751 0.03551231 0.09002297 0.15590693 0.08006574
 0.09002297 0.08556662 0.08006574 0.02015134 0.08556662 0.13985285
 0.02015134]
[0.04185787 0.0993434  0.03401561 0.07637274 0.1761591  0.08611175
 0.07637274 0.06170817 0.08611175 0.02120697 0.06170817 0.1578247
 0.02120697]
[0.05965896 0.10081053 0.04006025 0.07290828 0.1631777  0.0977236
 0.07290828 0.06814952 0.0977236  0.02373685 0.06814953 0.11125605
 0.02373684]
[0.04131704 0.07579751 0.03551232 0.09002298 0.15590692 0.08006574
 0.09002298 0.08556662 0.08006574 0.02015135 0.08556662 0.13985287
 0.02015134]]