24632
Test: public void test101() throws Throwable { Point1S point1S0 = Point1S.NaN; Precision.DoubleEquivalence precision_DoubleEquivalence0 = mock(Precision.DoubleEquivalence.class, new ViolatedAssumptionAnswer()); doReturn(false, false, false).when(precision_DoubleEquivalence0).eqZero(anyDouble()); doReturn(0.0, 0.0).when(precision_DoubleEquivalence0).signum(anyDouble()); AngularInterval angularInterval0 = AngularInterval.of(1002.367689, (-228.3234396181), precision_DoubleEquivalence0); boolean boolean0 = angularInterval0.contains(point1S0); }
Code: public boolean isFull() { // minBoundary and maxBoundary are either both null or both not null return minBoundary == null; }
[[0.03228153 0.07799651 0.04478525 0.04555451 0.04478525 0.04478525
 0.02211941 0.04478525 0.13236353 0.023969   0.04654165 0.03615827
 0.07675545 0.04654165 0.0313505  0.03615827 0.03583718 0.04478525
 0.05020185 0.06794086 0.01430355]
[0.02282923 0.11679968 0.04354709 0.05826889 0.04354709 0.04354709
 0.01722317 0.04354709 0.143323   0.01872533 0.05508113 0.02677437
 0.07477058 0.05508113 0.01837087 0.02677437 0.03800554 0.04354709
 0.03460034 0.06478366 0.0108532 ]
[0.0255102  0.0942076  0.04232608 0.0418322  0.04232608 0.04232608
 0.02295274 0.04232608 0.11608428 0.02259133 0.06367379 0.02773895
 0.07977886 0.06367379 0.02131905 0.02773895 0.03099898 0.04232608
 0.04809469 0.0880574  0.01411682]
[0.03452517 0.07291675 0.04405668 0.058139   0.04405668 0.04405668
 0.0264309  0.04405668 0.11313973 0.03083202 0.05836563 0.02771884
 0.07027563 0.05836563 0.03272242 0.02771884 0.03939015 0.04405669
 0.03633595 0.07275996 0.02008001]
[0.0255102  0.0942076  0.04232608 0.0418322  0.04232608 0.04232608
 0.02295274 0.04232608 0.11608428 0.02259133 0.06367379 0.02773895
 0.07977886 0.06367379 0.02131905 0.02773895 0.03099898 0.04232608
 0.04809469 0.0880574  0.01411682]
[0.0255102  0.0942076  0.04232608 0.0418322  0.04232608 0.04232608
 0.02295274 0.04232608 0.11608428 0.02259133 0.06367379 0.02773895
 0.07977886 0.06367379 0.02131905 0.02773895 0.03099898 0.04232608
 0.04809469 0.0880574  0.01411682]
[0.02628475 0.1037667  0.04054314 0.05693948 0.04054314 0.04054314
 0.01929999 0.04054314 0.15451598 0.02356971 0.05573235 0.02601817
 0.06888831 0.05573235 0.02460865 0.02601817 0.03158159 0.04054314
 0.04217196 0.06917397 0.01298221]
[0.0255102  0.0942076  0.04232608 0.0418322  0.04232608 0.04232608
 0.02295274 0.04232608 0.11608428 0.02259133 0.06367379 0.02773895
 0.07977886 0.06367379 0.02131905 0.02773895 0.03099898 0.04232608
 0.04809469 0.0880574  0.01411682]
[0.02934362 0.09448308 0.03874488 0.04732917 0.03874488 0.03874488
 0.01660997 0.03874488 0.1733616  0.02264395 0.05139843 0.02542225
 0.08740453 0.05139843 0.02447037 0.02542225 0.03817575 0.03874488
 0.04237893 0.06577446 0.01065882]
[0.03028345 0.10700911 0.0396449  0.05656637 0.0396449  0.0396449
 0.02091037 0.0396449  0.15306294 0.02418912 0.04316686 0.02831521
 0.07785746 0.04316686 0.02421138 0.02831521 0.03759176 0.0396449
 0.04527967 0.07055786 0.0112919 ]
[0.03289741 0.07057676 0.04167182 0.05103632 0.04167182 0.04167182
 0.02061776 0.04167182 0.10474664 0.02959259 0.06282943 0.03443867
 0.06233239 0.06282943 0.02849129 0.03443867 0.05255444 0.04167181
 0.05564276 0.07339742 0.01521897]
[0.02907423 0.07845659 0.04431598 0.06715784 0.04431598 0.04431598
 0.02208211 0.04431598 0.101732   0.0220066  0.04434882 0.02684222
 0.10469955 0.04434882 0.02252558 0.02684222 0.04698862 0.04431598
 0.04581358 0.08520322 0.01029805]
[0.03213907 0.09828243 0.03701282 0.04891469 0.03701282 0.03701282
 0.02011047 0.03701282 0.11571981 0.02227248 0.06121452 0.02952034
 0.09274331 0.06121452 0.02953828 0.02952034 0.03859416 0.03701282
 0.04347686 0.08025196 0.01142261]
[0.03289741 0.07057676 0.04167182 0.05103632 0.04167182 0.04167182
 0.02061776 0.04167182 0.10474664 0.02959259 0.06282943 0.03443867
 0.06233239 0.06282943 0.02849129 0.03443867 0.05255444 0.04167181
 0.05564276 0.07339742 0.01521897]
[0.02262207 0.1046804  0.03822221 0.05204619 0.03822221 0.03822221
 0.01850583 0.03822221 0.11579354 0.02725015 0.06545747 0.02990035
 0.07971254 0.06545747 0.02265861 0.02990035 0.03436585 0.03822221
 0.04647144 0.08006136 0.01400538]
[0.02907423 0.07845659 0.04431598 0.06715784 0.04431598 0.04431598
 0.02208211 0.04431598 0.101732   0.0220066  0.04434882 0.02684222
 0.10469955 0.04434882 0.02252558 0.02684222 0.04698862 0.04431598
 0.04581358 0.08520322 0.01029805]
[0.02172211 0.10997041 0.04278726 0.04352327 0.04278726 0.04278726
 0.01794173 0.04278726 0.145478   0.02277334 0.06032413 0.02695017
 0.06245946 0.06032413 0.02482747 0.02695017 0.03135591 0.04278726
 0.04131302 0.07827642 0.01187393]
[0.0255102  0.0942076  0.04232608 0.0418322  0.04232608 0.04232608
 0.02295274 0.04232608 0.11608428 0.02259133 0.06367379 0.02773895
 0.07977886 0.06367379 0.02131905 0.02773895 0.03099898 0.04232608
 0.04809469 0.0880574  0.01411682]
[0.02000299 0.14833814 0.03036181 0.05887777 0.03036181 0.03036181
 0.01729376 0.03036181 0.16577125 0.02123907 0.0602874  0.02318374
 0.05914139 0.0602874  0.02002923 0.02318374 0.03341586 0.03036181
 0.04815305 0.07726179 0.01172441]
[0.03094771 0.09712402 0.0522099  0.04683745 0.0522099  0.0522099
 0.02014925 0.0522099  0.13618442 0.02303328 0.04091756 0.02968609
 0.06201525 0.04091756 0.02645176 0.02968609 0.03782906 0.0522099
 0.04287513 0.05981459 0.01448123]
[0.02304323 0.07842556 0.04257191 0.06223252 0.04257191 0.04257191
 0.01976104 0.04257191 0.1294433  0.01911119 0.05352939 0.02590936
 0.08464754 0.05352939 0.02548617 0.02590936 0.05119805 0.04257191
 0.04018885 0.08147858 0.01324691]]