152958
Test: public void test3() throws Throwable { CharacterConverter characterConverter0 = new CharacterConverter(); // Undeclared exception!  characterConverter0.convertToString((Object) null);   }
Code: protected String convertToString(final Object value) { final String strValue = value.toString(); return strValue.length() == 0 ? "" : strValue.substring(0, 1); }
[[0.06376314 0.05497647 0.05644625 0.02480118 0.03968281 0.07735391
 0.03300019 0.05497647 0.06907155 0.0291105  0.0399656  0.04776628
 0.05644625 0.05725973 0.02672437 0.07482912 0.04175669 0.03265481
 0.05644624 0.04764044 0.01532796]
[0.06098822 0.04830962 0.05910405 0.0294666  0.04662596 0.06828052
 0.03357768 0.04830962 0.09131632 0.02867088 0.04313552 0.04368538
 0.05910405 0.05418953 0.03166487 0.05358052 0.04032836 0.03271964
 0.05910404 0.05085056 0.01698807]
[0.06688345 0.05714123 0.05321212 0.02678435 0.04644217 0.05941593
 0.03375872 0.05714123 0.0639196  0.03675944 0.04535903 0.03989153
 0.05321212 0.06056301 0.03427271 0.06936963 0.03783259 0.03251275
 0.05321213 0.05266792 0.01964831]
[0.06854718 0.05943583 0.04839578 0.026532   0.03533509 0.08988605
 0.02837923 0.05943583 0.05914088 0.02843961 0.04556832 0.04734173
 0.04839578 0.06070571 0.03083723 0.06720361 0.04321545 0.03008975
 0.04839578 0.05849665 0.01622248]
[0.06528304 0.05610791 0.05432004 0.02538605 0.04158672 0.07358217
 0.03296933 0.05610791 0.08037409 0.02726203 0.04599155 0.0486185
 0.05432004 0.05535868 0.03072146 0.0686264  0.03599293 0.02557056
 0.05432004 0.05014369 0.01735684]
[0.07207993 0.05478191 0.05025965 0.02439607 0.04025447 0.07348987
 0.04052291 0.05478191 0.05768221 0.03444704 0.04636738 0.04614526
 0.05025965 0.04207131 0.04524334 0.04861131 0.05334086 0.03456203
 0.05025965 0.05574846 0.02469483]
[0.04904896 0.05951393 0.05935229 0.02869441 0.03374546 0.07086678
 0.02696329 0.05951393 0.05924191 0.03080294 0.04884614 0.05806649
 0.05935229 0.05842366 0.02888441 0.06891905 0.0473166  0.03187631
 0.05935229 0.04741904 0.01379988]
[0.06098822 0.04830962 0.05910405 0.0294666  0.04662596 0.06828052
 0.03357768 0.04830962 0.09131632 0.02867088 0.04313552 0.04368538
 0.05910405 0.05418953 0.03166487 0.05358052 0.04032836 0.03271964
 0.05910404 0.05085056 0.01698807]
[0.06258935 0.05018929 0.04617354 0.02992165 0.04002202 0.05745345
 0.02962725 0.05018929 0.08441762 0.03180578 0.05460492 0.04688651
 0.04617354 0.05249474 0.03456924 0.07690965 0.03771057 0.04081894
 0.04617354 0.05850552 0.0227637 ]
[0.06310993 0.05023403 0.0605201  0.02882694 0.0444633  0.05233181
 0.03624418 0.05023403 0.05805003 0.0366682  0.0493697  0.04779327
 0.0605201  0.04736539 0.03959968 0.05696881 0.03941795 0.03792242
 0.0605201  0.05788668 0.02195337]
[0.07770615 0.05044307 0.06025449 0.02403476 0.04888071 0.06206929
 0.03561658 0.05044307 0.07333151 0.02786135 0.03626139 0.0448608
 0.06025449 0.0500423  0.02931525 0.07191856 0.03733636 0.03094551
 0.06025451 0.05284805 0.01532176]
[0.0709425  0.058932   0.05585428 0.02789684 0.04093725 0.06321257
 0.0277782  0.058932   0.07593056 0.02910643 0.04078573 0.04172859
 0.05585428 0.05323159 0.03121743 0.0734857  0.03338238 0.0285705
 0.05585428 0.05933298 0.01703391]
[0.06688345 0.05714123 0.05321212 0.02678435 0.04644217 0.05941593
 0.03375872 0.05714123 0.0639196  0.03675944 0.04535903 0.03989153
 0.05321212 0.06056301 0.03427271 0.06936963 0.03783259 0.03251275
 0.05321213 0.05266792 0.01964831]
[0.059839   0.06860343 0.04072494 0.02942769 0.04757813 0.07642426
 0.02578728 0.06860343 0.08230498 0.02800711 0.03788859 0.04416755
 0.04072494 0.06409583 0.025552   0.07220747 0.03273978 0.03803918
 0.04072495 0.06127618 0.01528325]
[0.07069214 0.05049543 0.0501409  0.02537115 0.04053235 0.06867476
 0.03305244 0.05049543 0.07721254 0.02303295 0.04044543 0.05425017
 0.0501409  0.06143183 0.03263206 0.07961439 0.03963804 0.03253907
 0.05014091 0.05561482 0.01385221]
[0.0556777  0.06654225 0.05303492 0.0248544  0.05138703 0.09322619
 0.02774883 0.06654225 0.06281081 0.02259403 0.03270025 0.04852374
 0.05303492 0.04194873 0.02412957 0.07109409 0.03803294 0.03844334
 0.05303491 0.05732474 0.01731435]
[0.05662324 0.05214386 0.04799601 0.02953283 0.03905629 0.06892599
 0.03326968 0.05214386 0.06705396 0.02989694 0.04308069 0.06920748
 0.04799601 0.07027164 0.03134193 0.07800212 0.03882189 0.02522744
 0.04799601 0.05582939 0.01558269]
[0.05202806 0.0486482  0.05014052 0.02751734 0.03711751 0.06972677
 0.03020822 0.0486482  0.06350111 0.03296271 0.04795316 0.05262477
 0.05014052 0.05008312 0.04349223 0.08693175 0.04655532 0.03007822
 0.05014052 0.05800194 0.02349976]
[0.06688345 0.05714123 0.05321212 0.02678435 0.04644217 0.05941593
 0.03375872 0.05714123 0.0639196  0.03675944 0.04535903 0.03989153
 0.05321212 0.06056301 0.03427271 0.06936963 0.03783259 0.03251275
 0.05321213 0.05266792 0.01964831]
[0.05237497 0.06309977 0.04623635 0.02414955 0.04294935 0.06512574
 0.03108061 0.06309977 0.09303778 0.025567   0.04728214 0.05135167
 0.04623635 0.05666364 0.03255539 0.07619606 0.03623139 0.03024786
 0.04623636 0.05692851 0.01334979]
[0.06043876 0.05359163 0.05317253 0.03089727 0.03356555 0.08461572
 0.02720002 0.05359163 0.05646671 0.02750422 0.05013458 0.06667974
 0.05317253 0.05156188 0.03184136 0.06921579 0.04384818 0.02977492
 0.05317253 0.05179509 0.01775936]]