149032
Test: public void test20() throws Throwable { SMTP sMTP0 = new SMTP(); // Undeclared exception!  sMTP0.rcpt("'LrRB8A1YL_f");   }
Code: public int rcpt(final String forwardPath) throws IOException { return sendCommand(SMTPCommand.RCPT, forwardPath, false); }
[[0.06294331 0.04039959 0.08731589 0.08122858 0.08731589 0.15127644
 0.03178553 0.08099013 0.06890877 0.08731589 0.08731589 0.10702861
 0.02617555]
[0.03978616 0.02931345 0.10375369 0.07815566 0.10375369 0.12472172
 0.0306509  0.08643368 0.06378439 0.1037537  0.1037537  0.11311075
 0.01902843]
[0.05053925 0.03316796 0.08521505 0.09458103 0.08521505 0.16295382
 0.03295406 0.07535005 0.0612147  0.08521505 0.08521505 0.12242808
 0.02595085]
[0.06206692 0.03361015 0.08845899 0.07223915 0.08845899 0.16716915
 0.03451885 0.08884875 0.06240574 0.08845899 0.08845899 0.10257532
 0.02273005]
[0.05053925 0.03316796 0.08521505 0.09458103 0.08521505 0.16295382
 0.03295406 0.07535005 0.0612147  0.08521505 0.08521505 0.12242808
 0.02595085]
[0.04326709 0.02650747 0.07645588 0.08466686 0.07645588 0.21361125
 0.02705175 0.10182024 0.07026234 0.0764559  0.0764559  0.10692097
 0.0200685 ]
[0.04707957 0.02664926 0.08992762 0.08270104 0.08992762 0.18281041
 0.0252988  0.07849023 0.06676333 0.08992761 0.08992761 0.1133781
 0.01711876]
[0.06369085 0.03063566 0.08402389 0.0935793  0.08402389 0.11287167
 0.04255982 0.10108782 0.07347125 0.0840239  0.0840239  0.11015535
 0.03585272]
[0.04376328 0.02661305 0.08867442 0.10069709 0.08867442 0.16780806
 0.03299367 0.08262727 0.06404047 0.08867442 0.08867442 0.10396675
 0.02279267]
[0.05053925 0.03316796 0.08521505 0.09458103 0.08521505 0.16295382
 0.03295406 0.07535005 0.0612147  0.08521505 0.08521505 0.12242808
 0.02595085]
[0.05053925 0.03316796 0.08521505 0.09458103 0.08521505 0.16295382
 0.03295406 0.07535005 0.0612147  0.08521505 0.08521505 0.12242808
 0.02595085]
[0.05726839 0.030386   0.08776438 0.086964   0.08776438 0.1490256
 0.03084109 0.09167281 0.06332682 0.08776439 0.08776439 0.11549462
 0.023963  ]
[0.04199201 0.0317767  0.07846313 0.07691184 0.07846313 0.17682064
 0.03374402 0.10830341 0.09182362 0.07846313 0.07846313 0.10148753
 0.02328772]]