37719
Test: public void test72() throws Throwable { PeriodType periodType0 = PeriodType.hours(); DurationFieldType durationFieldType0 = DurationFieldType.weekyears(); int int0 = periodType0.indexOf(durationFieldType0); }
Code: public int indexOf(DurationFieldType type) { for (int i = 0, isize = size(); i < isize; i++) { if (iTypes[i].equals(type)) { return i; } } return -1; }
[[0.0299558  0.01995784 0.04155161 0.03703566 0.03485917 0.03036994
 0.02298235 0.02217574 0.01852436 0.05810789 0.09600925 0.01852436
 0.08723928 0.02217574 0.02342939 0.0601005  0.0299205  0.03485917
 0.08022666 0.04155161 0.03485917 0.0323397  0.03312734 0.01165104
 0.01165104 0.0323397  0.02282417 0.01165104]
[0.01950164 0.01525666 0.05309343 0.03600732 0.03719307 0.02391625
 0.02086866 0.02793963 0.01648855 0.04561241 0.09626772 0.01648855
 0.07227991 0.02793963 0.01611168 0.068652   0.02255344 0.03719307
 0.11208014 0.05309343 0.03719307 0.03063887 0.0345367  0.00874355
 0.00874355 0.03063886 0.02222468 0.00874355]
[0.02541904 0.01707133 0.04361274 0.04024591 0.03373324 0.03635683
 0.02511247 0.02313536 0.02592179 0.06755362 0.09710959 0.02592179
 0.06212922 0.02313536 0.0214904  0.06749268 0.03419099 0.03373324
 0.06087357 0.04361274 0.03373324 0.03067843 0.03527889 0.0119362
 0.0119362  0.03067843 0.02597051 0.0119362 ]
[0.0289994  0.01402689 0.04099891 0.05053687 0.03817206 0.03576488
 0.02177127 0.02757865 0.01876513 0.0551985  0.08479052 0.01876513
 0.07663967 0.02757865 0.01519371 0.06601478 0.02744018 0.03817206
 0.08323491 0.04099891 0.03817206 0.03634318 0.03361716 0.00822652
 0.00822652 0.03634317 0.02020386 0.00822652]
[0.03123269 0.01566613 0.04408536 0.04440798 0.04311012 0.03259286
 0.02387637 0.02904673 0.02567976 0.04958193 0.06943538 0.02567976
 0.05699221 0.02904673 0.0242714  0.05512784 0.02786903 0.04311012
 0.05472656 0.04408536 0.04311012 0.03687317 0.04065297 0.01633406
 0.01633406 0.03687317 0.02386412 0.01633406]
[0.02941949 0.01447107 0.04433859 0.03703708 0.04115289 0.03185584
 0.02072928 0.02652814 0.01988055 0.04787162 0.09112545 0.01988055
 0.07772189 0.02652814 0.01621008 0.07724065 0.02544139 0.04115289
 0.08947407 0.04433859 0.04115289 0.03019332 0.03702612 0.00750637
 0.00750637 0.03019332 0.01651701 0.00750637]
[0.03066317 0.02029858 0.04132637 0.04290322 0.04121465 0.02947763
 0.01840315 0.02244018 0.02015768 0.06481047 0.08563446 0.02015768
 0.07148434 0.02244018 0.01816382 0.07006088 0.03056146 0.04121465
 0.08110753 0.04132637 0.04121465 0.03066825 0.03729568 0.00848365
 0.00848365 0.03066825 0.02085575 0.00848365]
[0.03459463 0.01900878 0.05169746 0.03693447 0.0361129  0.03325139
 0.02632657 0.03269767 0.02210439 0.04516625 0.06458734 0.02210439
 0.07172628 0.03269767 0.0241468  0.04609884 0.03221069 0.0361129
 0.06561287 0.05169746 0.0361129  0.03347374 0.03651413 0.01818065
 0.01818064 0.03347374 0.02099381 0.01818064]
[0.03321423 0.02059549 0.04706842 0.03763598 0.03435374 0.03237338
 0.02525394 0.02935854 0.0266288  0.04645181 0.05930447 0.0266288
 0.08242573 0.02935854 0.02241887 0.04963528 0.03181938 0.03435374
 0.07289757 0.04706842 0.03435374 0.03585741 0.03463539 0.01551682
 0.01551682 0.03585741 0.02390039 0.01551682]
[0.02502294 0.01684809 0.04354733 0.0430165  0.0413574  0.02532569
 0.01743413 0.02209365 0.0185113  0.04678295 0.10126444 0.0185113
 0.10246594 0.02209365 0.01505757 0.056573   0.02571166 0.0413574
 0.08365412 0.04354733 0.0413574  0.03297516 0.03620265 0.00954993
 0.00954993 0.03297516 0.01766342 0.00954993]
[0.02036707 0.01475999 0.04198988 0.04287555 0.03871243 0.02529895
 0.01911155 0.02402942 0.01794994 0.06250099 0.11253383 0.01794994
 0.07513526 0.02402942 0.01574396 0.0644998  0.02377549 0.03871243
 0.09506722 0.04198988 0.03871243 0.03198379 0.03372227 0.00951424
 0.00951424 0.03198379 0.018022   0.00951424]
[0.03321423 0.02059549 0.04706842 0.03763598 0.03435374 0.03237338
 0.02525394 0.02935854 0.0266288  0.04645181 0.05930447 0.0266288
 0.08242573 0.02935854 0.02241887 0.04963528 0.03181938 0.03435374
 0.07289757 0.04706842 0.03435374 0.03585741 0.03463539 0.01551682
 0.01551682 0.03585741 0.02390039 0.01551682]
[0.02279792 0.01297828 0.04007775 0.04633081 0.04052489 0.02567753
 0.01918796 0.02549091 0.01507138 0.06408598 0.10555133 0.01507138
 0.0800834  0.02549091 0.01450349 0.07498761 0.02246979 0.04052489
 0.09299445 0.04007775 0.04052489 0.03046172 0.03127746 0.00748483
 0.00748483 0.03046172 0.02084137 0.00748483]
[0.03459463 0.01900878 0.05169746 0.03693447 0.0361129  0.03325139
 0.02632657 0.03269767 0.02210439 0.04516625 0.06458734 0.02210439
 0.07172628 0.03269767 0.0241468  0.04609884 0.03221069 0.0361129
 0.06561287 0.05169746 0.0361129  0.03347374 0.03651413 0.01818065
 0.01818064 0.03347374 0.02099381 0.01818064]
[0.0238955  0.0171771  0.03810381 0.0430854  0.03879251 0.03566157
 0.03059828 0.03033779 0.02125541 0.05083348 0.0668152  0.02125541
 0.07263529 0.03033779 0.02186141 0.06338732 0.0288155  0.03879251
 0.07108431 0.03810381 0.03879251 0.04077633 0.03251108 0.01255626
 0.01255626 0.04077633 0.02664561 0.01255626]
[0.02666242 0.0149362  0.04405631 0.04149504 0.04027292 0.03453273
 0.02298575 0.02526706 0.01964215 0.05538747 0.08422836 0.01964215
 0.0800586  0.02526706 0.01761124 0.05301268 0.03210298 0.04027292
 0.07222928 0.04405631 0.04027292 0.04219136 0.0292891  0.01022698
 0.01022698 0.04219136 0.02165471 0.01022698]
[0.02724027 0.01468256 0.04369644 0.03766892 0.03639503 0.02749539
 0.01972448 0.02190392 0.0176795  0.05279224 0.08971838 0.0176795
 0.07599178 0.02190392 0.01718247 0.10172237 0.02336689 0.03639503
 0.09043572 0.04369644 0.03639503 0.03306974 0.03191415 0.00882956
 0.00882956 0.03306973 0.02169128 0.00882956]
[0.03123269 0.01566613 0.04408536 0.04440798 0.04311012 0.03259286
 0.02387637 0.02904673 0.02567976 0.04958193 0.06943538 0.02567976
 0.05699221 0.02904673 0.0242714  0.05512784 0.02786903 0.04311012
 0.05472656 0.04408536 0.04311012 0.03687317 0.04065297 0.01633406
 0.01633406 0.03687317 0.02386412 0.01633406]
[0.0192125  0.01009388 0.04922438 0.05003948 0.03002608 0.02644645
 0.01721735 0.0206915  0.01414363 0.05542614 0.14022057 0.01414363
 0.07035012 0.0206915  0.01113735 0.10176333 0.02745909 0.03002608
 0.10445496 0.04922438 0.03002608 0.02465826 0.02716761 0.00501223
 0.00501223 0.02465826 0.01646073 0.00501223]
[0.02541904 0.01707133 0.04361274 0.04024591 0.03373324 0.03635683
 0.02511247 0.02313536 0.02592179 0.06755362 0.09710959 0.02592179
 0.06212922 0.02313536 0.0214904  0.06749268 0.03419099 0.03373324
 0.06087357 0.04361274 0.03373324 0.03067843 0.03527889 0.0119362
 0.0119362  0.03067843 0.02597051 0.0119362 ]
[0.03123269 0.01566613 0.04408536 0.04440798 0.04311012 0.03259286
 0.02387637 0.02904673 0.02567976 0.04958193 0.06943538 0.02567976
 0.05699221 0.02904673 0.0242714  0.05512784 0.02786903 0.04311012
 0.05472656 0.04408536 0.04311012 0.03687317 0.04065297 0.01633406
 0.01633406 0.03687317 0.02386412 0.01633406]
[0.02057143 0.01350861 0.04426406 0.04096714 0.03355575 0.03971393
 0.02134554 0.02396396 0.01970543 0.05264892 0.11098114 0.01970543
 0.07275291 0.02396396 0.01685055 0.06262799 0.0345564  0.03355575
 0.08914182 0.04426406 0.03355575 0.03100975 0.03903813 0.00953399
 0.00953399 0.03100975 0.01813984 0.00953399]
[0.02536553 0.01487109 0.0413028  0.04437073 0.03830973 0.029696
 0.02373411 0.02469935 0.01597917 0.04722896 0.08818004 0.01597917
 0.06742413 0.02469935 0.0194038  0.06467735 0.02876299 0.03830973
 0.10424529 0.0413028  0.03830973 0.03508275 0.03050916 0.01162914
 0.01162914 0.03508275 0.02758609 0.01162914]
[0.02178561 0.01711193 0.04315453 0.04257352 0.04205263 0.0298613
 0.01927631 0.02195797 0.01818612 0.04803621 0.0717617  0.01818612
 0.08149885 0.02195797 0.01825467 0.08071934 0.02583303 0.04205263
 0.08101855 0.04315453 0.04205263 0.04355232 0.02979516 0.00972116
 0.00972116 0.04355232 0.02345065 0.00972116]
[0.02178561 0.01711193 0.04315453 0.04257352 0.04205263 0.0298613
 0.01927631 0.02195797 0.01818612 0.04803621 0.0717617  0.01818612
 0.08149885 0.02195797 0.01825467 0.08071934 0.02583303 0.04205263
 0.08101855 0.04315453 0.04205263 0.04355232 0.02979516 0.00972116
 0.00972116 0.04355232 0.02345065 0.00972116]
[0.02057143 0.01350861 0.04426406 0.04096714 0.03355575 0.03971393
 0.02134554 0.02396396 0.01970543 0.05264892 0.11098114 0.01970543
 0.07275291 0.02396396 0.01685055 0.06262799 0.0345564  0.03355575
 0.08914182 0.04426406 0.03355575 0.03100975 0.03903813 0.00953399
 0.00953399 0.03100975 0.01813984 0.00953399]
[0.0323     0.01932982 0.0369779  0.04153601 0.04507933 0.03065721
 0.02542701 0.02512303 0.0169053  0.04518802 0.07762638 0.0169053
 0.07853211 0.02512303 0.02270341 0.05900546 0.0334252  0.04507933
 0.08031891 0.0369779  0.04507933 0.03344285 0.03763335 0.01091763
 0.01091763 0.03344285 0.02342797 0.01091763]
[0.02178561 0.01711193 0.04315453 0.04257352 0.04205263 0.0298613
 0.01927631 0.02195797 0.01818612 0.04803621 0.0717617  0.01818612
 0.08149885 0.02195797 0.01825467 0.08071934 0.02583303 0.04205263
 0.08101855 0.04315453 0.04205263 0.04355232 0.02979516 0.00972116
 0.00972116 0.04355232 0.02345065 0.00972116]]