151169
Test: public void test8() throws Throwable { MVSFTPEntryParser mVSFTPEntryParser0 = new MVSFTPEntryParser(); mVSFTPEntryParser0.matches(""); int int0 = mVSFTPEntryParser0.getGroupCnt(); }
Code: public int getGroupCnt() { if (this.result == null) { return 0; } return this.result.groupCount(); }
[[0.05753887 0.03762604 0.07981542 0.07053091 0.15446277 0.07981542
 0.09252298 0.03172305 0.0705309  0.0625592  0.07417753 0.02316114
 0.06255922 0.07981544 0.02316113]
[0.03450733 0.02566642 0.09059787 0.07355472 0.19881314 0.09059787
 0.08913948 0.02124393 0.0735547  0.05515081 0.06873579 0.01634462
 0.05515081 0.0905979  0.01634462]
[0.05076611 0.03351722 0.0859853  0.07354471 0.12313215 0.0859853
 0.09753896 0.03582956 0.0735447  0.06143291 0.08031897 0.02549294
 0.06143293 0.0859853  0.02549294]
[0.05956738 0.02910627 0.08061872 0.08998113 0.10335428 0.08061872
 0.06507227 0.03965915 0.08998114 0.06931075 0.077499   0.03265082
 0.06931076 0.08061874 0.03265082]
[0.03868282 0.01969509 0.09354359 0.07242591 0.21478504 0.09354359
 0.08254026 0.01495445 0.07242589 0.05039522 0.08017196 0.01144869
 0.05039523 0.09354361 0.01144869]
[0.05076611 0.03351722 0.0859853  0.07354471 0.12313215 0.0859853
 0.09753896 0.03582956 0.0735447  0.06143291 0.08031897 0.02549294
 0.06143293 0.0859853  0.02549294]
[0.03780891 0.02475151 0.06568383 0.08482428 0.20971924 0.06568383
 0.0959474  0.02477567 0.08482431 0.06137939 0.08159386 0.01797225
 0.0613794  0.06568384 0.01797225]
[0.04317453 0.02457046 0.08241987 0.08830694 0.19844311 0.08241987
 0.0832369  0.0277683  0.08830695 0.05213234 0.06633738 0.01416555
 0.05213235 0.08241989 0.01416555]
[0.05956738 0.02910627 0.08061872 0.08998113 0.10335428 0.08061872
 0.06507227 0.03965915 0.08998114 0.06931075 0.077499   0.03265082
 0.06931076 0.08061874 0.03265082]
[0.04159814 0.02632339 0.08694175 0.07310627 0.17686775 0.08694175
 0.08561943 0.02523428 0.07310627 0.06180448 0.07280666 0.0204518
 0.06180449 0.08694176 0.0204518 ]
[0.05162136 0.02948728 0.07631502 0.08071975 0.1730957  0.07631502
 0.07369174 0.02458488 0.08071971 0.06366567 0.08512744 0.02233786
 0.06366567 0.07631502 0.02233786]
[0.03913055 0.03010995 0.07506574 0.08966522 0.14862305 0.07506574
 0.0668841  0.02488846 0.08966525 0.08231215 0.08157036 0.01982076
 0.08231217 0.07506575 0.01982076]
[0.04159814 0.02632339 0.08694175 0.07310626 0.17686774 0.08694175
 0.08561942 0.02523428 0.07310626 0.06180448 0.07280666 0.0204518
 0.06180449 0.08694176 0.02045179]
[0.05076613 0.03351723 0.08598529 0.07354471 0.12313217 0.08598529
 0.09753894 0.03582957 0.07354471 0.06143292 0.08031896 0.02549294
 0.06143292 0.0859853  0.02549294]
[0.03913055 0.03010995 0.07506573 0.08966525 0.14862305 0.07506573
 0.0668841  0.02488847 0.08966525 0.08231216 0.08157034 0.01982077
 0.08231217 0.07506575 0.01982077]]