1438
Test: public void test29() throws Throwable { EvoSuiteFile evoSuiteFile0 = new EvoSuiteFile("dcx"); byte[] byteArray0 = new byte[3]; FileSystemHandling.appendDataToFile(evoSuiteFile0, byteArray0); MockFile mockFile0 = new MockFile("dcx"); byte[] byteArray1 = Imaging.getICCProfileBytes((File) mockFile0); }
Code: public static byte[] getICCProfileBytes(final byte[] bytes) throws ImageReadException, IOException { return getICCProfileBytes(new ByteSourceArray(bytes)); }
[[0.05280909 0.15312348 0.07738592 0.07325731 0.07738592 0.04516543
 0.12709925 0.07325731 0.02660502 0.06770527 0.05778381 0.07325731
 0.07325733 0.02190754]
[0.05560118 0.14582771 0.06575091 0.0752272  0.06575091 0.04472575
 0.11466743 0.0752272  0.03227379 0.09584715 0.05246917 0.0752272
 0.07522722 0.02617721]
[0.0517102  0.15070286 0.06545706 0.0691653  0.06545706 0.04207904
 0.16300324 0.0691653  0.02906413 0.06536023 0.07137845 0.0691653
 0.06916531 0.01912657]
[0.04394859 0.15166701 0.0752273  0.07356498 0.0752273  0.04283535
 0.14214762 0.07356498 0.02951855 0.06849519 0.0533103  0.07356498
 0.07356498 0.02336289]
[0.0517102  0.15070286 0.06545706 0.0691653  0.06545706 0.04207904
 0.16300324 0.0691653  0.02906413 0.06536023 0.07137845 0.0691653
 0.06916531 0.01912657]
[0.03812033 0.16638906 0.08249357 0.05846149 0.08249357 0.04240745
 0.17921421 0.05846149 0.02595637 0.07666363 0.05348526 0.05846149
 0.05846149 0.01893059]
[0.03866911 0.13802274 0.06526431 0.06789612 0.06526431 0.03383619
 0.1898211  0.06789612 0.02438668 0.09207631 0.06299692 0.06789614
 0.06789614 0.0180778 ]
[0.04394859 0.15166701 0.0752273  0.07356498 0.0752273  0.04283535
 0.14214762 0.07356498 0.02951855 0.06849519 0.0533103  0.07356498
 0.07356498 0.02336289]
[0.04209948 0.14981657 0.05667097 0.08051156 0.05667097 0.04340264
 0.163842   0.08051156 0.02227515 0.06869781 0.0593715  0.08051154
 0.08051156 0.01510671]
[0.05593463 0.13076475 0.07204019 0.07380855 0.07204019 0.05273332
 0.09913468 0.07380855 0.03737057 0.08873929 0.06452896 0.07380856
 0.07380857 0.03147925]
[0.03747092 0.1648751  0.06749482 0.07743817 0.06749482 0.03590984
 0.1479111  0.07743817 0.02725367 0.06764907 0.05536424 0.07743817
 0.07743818 0.01882373]
[0.04394859 0.15166701 0.0752273  0.07356498 0.0752273  0.04283535
 0.14214762 0.07356498 0.02951855 0.06849519 0.0533103  0.07356498
 0.07356498 0.02336289]
[0.0439486  0.15166701 0.07522728 0.07356498 0.07522728 0.04283535
 0.14214763 0.07356498 0.02951855 0.0684952  0.0533103  0.07356498
 0.07356498 0.0233629 ]
[0.0378239  0.15394406 0.04603472 0.07155065 0.04603472 0.04702264
 0.15965173 0.07155065 0.02941124 0.09249554 0.08124723 0.07155065
 0.07155067 0.02013156]]