128478
Test: public void test107() throws Throwable { Fraction fraction0 = Fraction.of(0); }
Code: public static Fraction of(final int num) { if (num == 0) { return ZERO; } return new Fraction(num); }
[[0.03858966 0.11154369 0.1028894  0.05353178 0.02484361 0.05353178
 0.04927482 0.10379458 0.06883837 0.06148998 0.0211254  0.04927482
 0.04220017 0.07179672 0.01596492 0.04220017 0.01961347 0.05353179
 0.01596492]
[0.04015774 0.10355189 0.09646931 0.05455328 0.02117243 0.05455328
 0.06714286 0.10912518 0.0702875  0.05163758 0.0242877  0.06714286
 0.03775298 0.05569825 0.01847625 0.03775298 0.01720841 0.05455329
 0.01847625]
[0.0338284  0.09467688 0.1042778  0.05720159 0.02059732 0.05720159
 0.06745562 0.0969618  0.0613076  0.05814149 0.02159939 0.06745562
 0.0436632  0.06577837 0.01636974 0.0436632  0.01624898 0.05720158
 0.01636974]
[0.03332563 0.11283872 0.11184506 0.05616021 0.02185514 0.05616021
 0.0498554  0.08122835 0.0705237  0.06373265 0.02402237 0.0498554
 0.0403695  0.07230937 0.01715744 0.0403695  0.0250737  0.05616022
 0.01715744]
[0.02279376 0.13238916 0.10044225 0.06050747 0.01721723 0.06050747
 0.04705293 0.13122822 0.07002809 0.05963248 0.01687698 0.04705293
 0.03624429 0.06768555 0.01062346 0.03624429 0.01234255 0.06050749
 0.01062346]
[0.03332563 0.11283872 0.11184506 0.05616021 0.02185514 0.05616021
 0.0498554  0.08122835 0.0705237  0.06373265 0.02402237 0.0498554
 0.0403695  0.07230937 0.01715744 0.0403695  0.0250737  0.05616022
 0.01715744]
[0.04277053 0.09822439 0.07489405 0.05748853 0.02081022 0.05748853
 0.06549897 0.07409322 0.07136846 0.04651782 0.02839364 0.06549897
 0.04965006 0.06859519 0.02361589 0.04965006 0.02433706 0.05748854
 0.02361589]
[0.02371393 0.1356552  0.11702009 0.05664032 0.0119942  0.05664032
 0.04591636 0.13223758 0.09587948 0.05004375 0.01827311 0.04591636
 0.03098879 0.06805708 0.00719038 0.03098879 0.00901355 0.05664033
 0.00719038]
[0.02629489 0.11001176 0.12223095 0.04303688 0.01395198 0.04303688
 0.05719433 0.1349699  0.07061276 0.05506832 0.02050815 0.05719433
 0.04100779 0.08458563 0.01125342 0.04100779 0.01374394 0.04303689
 0.01125342]
[0.02349724 0.1245371  0.11789235 0.04044911 0.01525605 0.04044911
 0.05390172 0.13020931 0.08255799 0.05940787 0.02329876 0.05390172
 0.0382255  0.07970209 0.01135694 0.0382255  0.01532549 0.04044912
 0.01135695]
[0.03281057 0.11050226 0.09631559 0.05503104 0.02059086 0.05503104
 0.05146623 0.11038324 0.05774555 0.0565626  0.02134605 0.05146623
 0.05130886 0.07044777 0.01818968 0.05130886 0.01627288 0.05503105
 0.01818968]
[0.04277053 0.09822439 0.07489405 0.05748853 0.02081022 0.05748853
 0.06549897 0.07409322 0.07136846 0.04651782 0.02839364 0.06549897
 0.04965006 0.06859519 0.02361589 0.04965006 0.02433706 0.05748854
 0.02361589]
[0.02700511 0.11916493 0.11588934 0.05570234 0.01680281 0.05570234
 0.04897332 0.11384437 0.06438462 0.05462211 0.02035722 0.04897332
 0.03986316 0.07962832 0.01361506 0.03986316 0.01629099 0.05570235
 0.01361506]
[0.04072559 0.12560081 0.0992115  0.05552285 0.02127922 0.05552285
 0.06049478 0.10377312 0.06170877 0.04514668 0.01663699 0.06049478
 0.0431396  0.07054876 0.01220061 0.0431396  0.01713003 0.05552285
 0.01220061]
[0.02775305 0.10639445 0.08639696 0.05347765 0.02141609 0.05347765
 0.06222074 0.10510841 0.07935125 0.04732021 0.0189704  0.06222074
 0.0579822  0.06328771 0.01382833 0.0579822  0.01550605 0.05347766
 0.01382833]
[0.02700511 0.11916493 0.11588934 0.05570234 0.01680281 0.05570234
 0.04897332 0.11384437 0.06438462 0.05462211 0.02035722 0.04897332
 0.03986316 0.07962832 0.01361506 0.03986316 0.01629099 0.05570235
 0.01361506]
[0.03383031 0.10000049 0.09184822 0.05306735 0.02316756 0.05306735
 0.05844467 0.11664203 0.05684398 0.06470463 0.01912239 0.05844467
 0.04751688 0.06605637 0.01717138 0.04751688 0.02231607 0.05306736
 0.01717138]
[0.03332563 0.1128387  0.11184505 0.05616021 0.02185514 0.05616021
 0.0498554  0.08122835 0.07052371 0.06373263 0.02402237 0.0498554
 0.0403695  0.07230937 0.01715744 0.0403695  0.0250737  0.05616021
 0.01715744]
[0.02775304 0.10639444 0.08639695 0.05347764 0.02141608 0.05347764
 0.06222076 0.10510839 0.07935125 0.04732021 0.01897041 0.06222076
 0.0579822  0.06328769 0.01382834 0.0579822  0.01550605 0.05347765
 0.01382834]]