11336
Test: public void test47() throws Throwable { MutableFloat mutableFloat0 = new MutableFloat(0.0F); // Undeclared exception!  mutableFloat0.getAndAdd((Number) null);   }
Code: public float getAndAdd(final float operand) { final float last = value; this.value += operand; return last; }
[[0.05455842 0.04714877 0.07568571 0.04714877 0.07568571 0.07173844
 0.04365893 0.04714877 0.06526342 0.03426495 0.04543943 0.03347304
 0.10884139 0.07568571 0.05991906 0.09131451 0.02302496]
[0.04904519 0.04236542 0.07495771 0.04236542 0.07495771 0.07864387
 0.04485845 0.04236542 0.07282034 0.04258588 0.03931325 0.04191204
 0.1071474  0.07495771 0.06186721 0.08630204 0.02353495]
[0.04223708 0.05358318 0.0710477  0.05358318 0.0710477  0.06390601
 0.03984614 0.05358318 0.06942733 0.0447446  0.03884755 0.03455164
 0.13638505 0.0710477  0.0511835  0.08304034 0.0219381 ]
[0.04904519 0.04236542 0.07495771 0.04236542 0.07495771 0.07864387
 0.04485845 0.04236542 0.07282034 0.04258588 0.03931325 0.04191204
 0.1071474  0.07495771 0.06186721 0.08630204 0.02353495]
[0.04223708 0.05358318 0.0710477  0.05358318 0.0710477  0.06390601
 0.03984614 0.05358318 0.06942733 0.0447446  0.03884755 0.03455164
 0.13638505 0.0710477  0.0511835  0.08304034 0.0219381 ]
[0.05451987 0.0460557  0.07194148 0.0460557  0.07194148 0.08649525
 0.05348523 0.0460557  0.06651212 0.04533555 0.03502428 0.03854576
 0.09365927 0.07194148 0.06289676 0.07885122 0.03068312]
[0.04910131 0.04817471 0.07873341 0.04817471 0.07873341 0.07850718
 0.03227395 0.04817471 0.07017938 0.03811006 0.03034698 0.03352936
 0.10269504 0.07873341 0.07127699 0.09753338 0.01572204]
[0.04904519 0.04236542 0.07495771 0.04236542 0.07495771 0.07864387
 0.04485845 0.04236542 0.07282034 0.04258588 0.03931325 0.04191204
 0.1071474  0.07495771 0.06186721 0.08630204 0.02353495]
[0.04506097 0.04403507 0.08113724 0.04403507 0.08113724 0.08747788
 0.04448817 0.04403507 0.07431705 0.03029882 0.03512188 0.02913294
 0.10797022 0.08113724 0.07085516 0.0812939  0.01846609]
[0.05598702 0.04717245 0.07921145 0.04717245 0.07921145 0.06248669
 0.0471348  0.04717245 0.06699544 0.04620463 0.04135549 0.05029698
 0.08073947 0.07921145 0.06131114 0.08107689 0.02725967]
[0.04149918 0.05425284 0.06936363 0.05425284 0.06936363 0.06844925
 0.03728091 0.05425284 0.07099053 0.03863374 0.03905099 0.04098503
 0.1344446  0.06936363 0.05643407 0.08625402 0.01512827]
[0.05092908 0.04507527 0.07352588 0.04507527 0.07352588 0.08341455
 0.04465256 0.04507527 0.0680464  0.03276692 0.03712388 0.03761537
 0.11151352 0.07352588 0.05884432 0.09057021 0.02871978]
[0.04851622 0.03933235 0.0829945  0.03933235 0.0829945  0.09787415
 0.04264129 0.03933235 0.06998631 0.02988129 0.0274254  0.04195951
 0.13151598 0.0829945  0.04615034 0.07862322 0.01844574]
[0.04223708 0.05358318 0.0710477  0.05358318 0.0710477  0.06390601
 0.03984614 0.05358318 0.06942733 0.0447446  0.03884755 0.03455164
 0.13638505 0.0710477  0.0511835  0.08304034 0.0219381 ]
[0.03622889 0.05206315 0.07372665 0.05206315 0.07372665 0.06774976
 0.03287843 0.05206315 0.06418007 0.03523152 0.03364944 0.02820358
 0.16607226 0.07372665 0.05312703 0.08658653 0.01872299]
[0.04524148 0.04720136 0.07677645 0.04720136 0.07677645 0.09084414
 0.03939824 0.04720136 0.06831005 0.03188898 0.03965661 0.03862524
 0.10598069 0.07677645 0.05944129 0.08698917 0.02169066]
[0.03909709 0.04443439 0.07385053 0.04443439 0.07385053 0.09623605
 0.0350087  0.04443439 0.06419181 0.03489304 0.04005399 0.03570024
 0.09923069 0.07385053 0.08416333 0.09565635 0.02091392]]