36424
Test: public void test40() throws Throwable { DateMidnight dateMidnight0 = new DateMidnight((-455L)); Interval interval0 = dateMidnight0.toInterval(); }
Code: public Interval toInterval() { Chronology chrono = getChronology(); long start = getMillis(); long end = DurationFieldType.days().getField(chrono).add(start, 1); return new Interval(start, end, chrono); }
[[0.04075915 0.0470591  0.05654682 0.05782116 0.04891537 0.0373562
 0.02586827 0.05654682 0.06649227 0.02501597 0.02586827 0.03892527
 0.06649227 0.01322136 0.02586827 0.05654682 0.05405555 0.04528603
 0.02031725 0.05654682 0.0598179  0.05654683 0.01812624]
[0.03331766 0.05293746 0.0523166  0.06545895 0.04730371 0.04764604
 0.02811944 0.0523166  0.05379357 0.02091934 0.02811944 0.05179847
 0.05379357 0.01642931 0.02811944 0.0523166  0.06512131 0.04981875
 0.02271696 0.05231661 0.05702048 0.05231662 0.01598305]
[0.03251449 0.05468691 0.05361344 0.05516476 0.03866138 0.04925843
 0.03571574 0.05361344 0.05521833 0.02235434 0.03571574 0.04319937
 0.05521833 0.01459319 0.03571574 0.05361344 0.05537003 0.03955905
 0.0250322  0.05361344 0.06546707 0.05361345 0.01848772]
[0.03966093 0.04878638 0.04965714 0.06892455 0.04295004 0.04530095
 0.03325146 0.04965714 0.06030882 0.02427945 0.03325146 0.04892095
 0.06030882 0.01721563 0.03325146 0.04965714 0.0561331  0.04497031
 0.02138131 0.04965714 0.04933911 0.04965714 0.02347958]
[0.04228345 0.0431815  0.05410843 0.07496974 0.04288423 0.03679243
 0.02837676 0.05410843 0.06132711 0.02537544 0.02837676 0.05113592
 0.06132711 0.01606357 0.02837676 0.05410843 0.04878739 0.04371912
 0.01845007 0.05410843 0.05731413 0.05410843 0.02071632]
[0.03238162 0.05884591 0.050932   0.06856731 0.0564591  0.04293546
 0.02708041 0.050932   0.05808332 0.02097257 0.02708041 0.04461194
 0.05808332 0.0119554  0.02708041 0.050932   0.06179609 0.04533493
 0.01879283 0.05093199 0.06987648 0.050932   0.01540253]
[0.04073006 0.04707859 0.05758364 0.04695274 0.05224578 0.0412486
 0.03404364 0.05758364 0.05018573 0.02843503 0.03404364 0.03744742
 0.05018573 0.01739493 0.03404364 0.05758364 0.05713609 0.0448868
 0.01921981 0.05758364 0.05661214 0.05758365 0.02019144]
[0.03251449 0.05468691 0.05361344 0.05516476 0.03866138 0.04925843
 0.03571574 0.05361344 0.05521833 0.02235434 0.03571574 0.04319937
 0.05521833 0.01459319 0.03571574 0.05361344 0.05537003 0.03955905
 0.0250322  0.05361344 0.06546707 0.05361345 0.01848772]
[0.03066948 0.05043587 0.05571164 0.08060612 0.04757385 0.04500277
 0.02364578 0.05571164 0.06075272 0.02157643 0.02364578 0.04400655
 0.06075272 0.00920011 0.02364578 0.05571164 0.06170253 0.04514623
 0.01733255 0.05571164 0.05698089 0.05571165 0.01876569]
[0.04061818 0.04467264 0.05647156 0.05870563 0.05142557 0.03563371
 0.02336972 0.05647156 0.07150768 0.02222449 0.02336972 0.04562702
 0.07150768 0.01148095 0.02336972 0.05647156 0.05291631 0.04578436
 0.01732375 0.05647157 0.06015453 0.05647158 0.01795051]
[0.04073006 0.04707859 0.05758364 0.04695274 0.05224578 0.0412486
 0.03404364 0.05758364 0.05018573 0.02843503 0.03404364 0.03744742
 0.05018573 0.01739493 0.03404364 0.05758364 0.05713609 0.0448868
 0.01921981 0.05758364 0.05661214 0.05758365 0.02019144]
[0.03951083 0.05500913 0.0543492  0.06890546 0.04904105 0.03913052
 0.02956752 0.0543492  0.05171064 0.02269967 0.02956752 0.04100585
 0.05171064 0.01391334 0.02956752 0.0543492  0.05935278 0.05593828
 0.01921805 0.0543492  0.0571046  0.05434921 0.01530061]
[0.03066948 0.05043587 0.05571164 0.08060612 0.04757385 0.04500277
 0.02364578 0.05571164 0.06075272 0.02157643 0.02364578 0.04400655
 0.06075272 0.00920011 0.02364578 0.05571164 0.06170253 0.04514623
 0.01733255 0.05571164 0.05698089 0.05571165 0.01876569]
[0.0293108  0.05264783 0.05049817 0.07421851 0.05046303 0.05059903
 0.02390218 0.05049817 0.06820288 0.02483079 0.02390218 0.04496734
 0.06820288 0.01304804 0.02390218 0.05049817 0.05871695 0.05026371
 0.01571141 0.05049817 0.06056947 0.05049817 0.01404994]
[0.04073006 0.04707859 0.05758364 0.04695274 0.05224578 0.0412486
 0.03404364 0.05758364 0.05018573 0.02843503 0.03404364 0.03744742
 0.05018573 0.01739493 0.03404364 0.05758364 0.05713609 0.0448868
 0.01921981 0.05758364 0.05661214 0.05758365 0.02019144]
[0.03251449 0.05468691 0.05361344 0.05516476 0.03866138 0.04925843
 0.03571574 0.05361344 0.05521833 0.02235434 0.03571574 0.04319937
 0.05521833 0.01459319 0.03571574 0.05361344 0.05537003 0.03955905
 0.0250322  0.05361344 0.06546707 0.05361345 0.01848772]
[0.033714   0.05195681 0.04880647 0.06438219 0.06975493 0.04973741
 0.02653441 0.04880647 0.05547836 0.02512963 0.02653441 0.04933823
 0.05547836 0.01154744 0.02653441 0.04880647 0.06153391 0.05263261
 0.02138506 0.04880647 0.06087062 0.04880649 0.01342485]
[0.02847381 0.04626404 0.05546211 0.0583292  0.04444241 0.04364953
 0.02799987 0.05546211 0.07522672 0.02360251 0.02799987 0.04758167
 0.07522672 0.0106749  0.02799987 0.05546211 0.06128198 0.04088271
 0.01682762 0.05546211 0.05037606 0.05546213 0.01584997]
[0.03462889 0.04311209 0.05181507 0.06578877 0.04332658 0.0413915
 0.0274466  0.05181507 0.06891691 0.02403617 0.0274466  0.04510443
 0.06891691 0.01466365 0.0274466  0.05181507 0.07078961 0.0488051
 0.02215737 0.05181507 0.0480619  0.05181508 0.01888499]
[0.03251449 0.05468691 0.05361344 0.05516476 0.03866138 0.04925843
 0.03571574 0.05361344 0.05521833 0.02235434 0.03571574 0.04319937
 0.05521833 0.01459319 0.03571574 0.05361344 0.05537003 0.03955905
 0.0250322  0.05361344 0.06546707 0.05361345 0.01848772]
[0.03664515 0.049018   0.05217582 0.06080693 0.04322328 0.05125295
 0.03383175 0.05217582 0.05416069 0.03100937 0.03383175 0.04502869
 0.05416069 0.01670186 0.03383175 0.05217582 0.0551419  0.04877363
 0.01857378 0.05217582 0.05606563 0.05217583 0.01706312]
[0.0325145  0.05468692 0.05361344 0.05516477 0.03866137 0.04925843
 0.03571574 0.05361344 0.05521833 0.02235434 0.03571574 0.04319936
 0.05521833 0.01459319 0.03571574 0.05361344 0.05537003 0.03955906
 0.0250322  0.05361344 0.06546707 0.05361345 0.01848772]
[0.02850453 0.06752729 0.05202201 0.08067529 0.04959805 0.04705344
 0.02658134 0.05202201 0.04630701 0.0162779  0.02658134 0.05236763
 0.04630701 0.0115531  0.02658134 0.05202201 0.0509367  0.06439978
 0.01601554 0.05202201 0.06561936 0.05202202 0.01700326]]