37697
Test: public void test50() throws Throwable { int[] intArray0 = new int[2]; PeriodType periodType0 = new PeriodType("VkY57.0\"p *`I~HY", (DurationFieldType[]) null, intArray0); // Undeclared exception!  periodType0.hashCode();   }
Code: public int hashCode() { int hash = 0; for (int i = 0; i < iTypes.length; i++) { hash += iTypes[i].hashCode(); } return hash; }
[[0.03243456 0.02046808 0.04726359 0.0434974  0.02046808 0.09523138
 0.02042447 0.04394905 0.0311878  0.02662228 0.02579536 0.02042447
 0.04394905 0.02579536 0.02570861 0.07540025 0.03337798 0.0434974
 0.09523138 0.06418234 0.04499538 0.01387402 0.03572633 0.05662142
 0.01387402]
[0.0218861  0.01583315 0.04471434 0.049247   0.01583315 0.0902392
 0.01845877 0.04481433 0.024905   0.02523208 0.03519534 0.01845877
 0.04481433 0.03519534 0.01766175 0.08145292 0.02605645 0.049247
 0.0902392  0.07467099 0.05633884 0.01065919 0.03529307 0.06289452
 0.01065919]
[0.02306736 0.01408287 0.04865855 0.04783987 0.01408287 0.08821334
 0.02034349 0.04306116 0.03432967 0.02695843 0.02578052 0.02034349
 0.04306116 0.02578052 0.0189506  0.09020663 0.03541858 0.04783987
 0.08821334 0.07685897 0.04255091 0.0114339  0.03767063 0.0638194
 0.01143389]
[0.03293643 0.01580045 0.04684478 0.05269914 0.01580045 0.07611281
 0.0274082  0.04305775 0.03245503 0.02626575 0.03220814 0.0274082
 0.04305775 0.03220814 0.02606001 0.06815767 0.03026106 0.05269914
 0.07611281 0.05620721 0.04326231 0.01862229 0.0379388  0.06779349
 0.01862229]
[0.0218861  0.01583315 0.04471434 0.049247   0.01583315 0.0902392
 0.01845877 0.04481433 0.024905   0.02523208 0.03519534 0.01845877
 0.04481433 0.03519534 0.01766175 0.08145292 0.02605645 0.049247
 0.0902392  0.07467099 0.05633884 0.01065919 0.03529307 0.06289452
 0.01065919]
[0.03374869 0.01771342 0.04341499 0.04116298 0.01771342 0.08052583
 0.02133901 0.05082215 0.02990519 0.0300331  0.03491335 0.02133901
 0.05082215 0.03491335 0.01996446 0.09036084 0.03505355 0.04116298
 0.08052583 0.06145404 0.04545342 0.01212566 0.03314315 0.06026377
 0.01212566]
[0.03504366 0.02107714 0.04573831 0.04027849 0.02107714 0.06940705
 0.02925646 0.05396535 0.03275211 0.02788938 0.0332585  0.02925646
 0.05396535 0.0332585  0.02376897 0.06869109 0.03440669 0.04027849
 0.06940705 0.04988246 0.04954762 0.01734376 0.03859747 0.06450868
 0.01734376]
[0.03003897 0.01707363 0.04345383 0.04762916 0.01707363 0.08065768
 0.01826514 0.04969445 0.03571194 0.02605062 0.03617054 0.01826514
 0.04969445 0.03617054 0.02490064 0.07714052 0.04041533 0.04762916
 0.08065768 0.05336983 0.04414174 0.01311476 0.03702299 0.06254291
 0.01311476]
[0.03194892 0.01529275 0.03720494 0.05359862 0.01529275 0.09640869
 0.02145846 0.04620341 0.03199548 0.0249106  0.03172873 0.02145846
 0.04620341 0.03172873 0.01829525 0.07100017 0.0288565  0.05359862
 0.09640869 0.05803492 0.04563272 0.00900045 0.03438466 0.07035356
 0.00900045]
[0.03019821 0.01798138 0.04099614 0.05530269 0.01798138 0.07837678
 0.02128213 0.05249083 0.02759206 0.02165032 0.02580006 0.02128213
 0.05249083 0.02580006 0.01978811 0.0826152  0.03205454 0.05530269
 0.07837678 0.05532002 0.0409651  0.01030441 0.03094529 0.09479843
 0.01030441]
[0.03848872 0.02068193 0.0402096  0.04309871 0.02068193 0.06606742
 0.02489806 0.04272131 0.03534783 0.03022784 0.03764064 0.02489806
 0.04272131 0.03764064 0.02698789 0.07591341 0.03538338 0.04309871
 0.06606742 0.04952384 0.05715647 0.0213648  0.03703865 0.06077657
 0.0213648 ]
[0.03504366 0.02107714 0.04573831 0.04027849 0.02107714 0.06940705
 0.02925646 0.05396535 0.03275211 0.02788938 0.0332585  0.02925646
 0.05396535 0.0332585  0.02376897 0.06869109 0.03440669 0.04027849
 0.06940705 0.04988246 0.04954762 0.01734376 0.03859747 0.06450868
 0.01734376]
[0.03003897 0.01707363 0.04345383 0.04762916 0.01707363 0.08065768
 0.01826514 0.04969445 0.03571194 0.02605062 0.03617054 0.01826514
 0.04969445 0.03617054 0.02490064 0.07714052 0.04041533 0.04762916
 0.08065768 0.05336983 0.04414174 0.01311476 0.03702299 0.06254291
 0.01311476]
[0.03848872 0.02068193 0.0402096  0.04309871 0.02068193 0.06606742
 0.02489806 0.04272131 0.03534783 0.03022784 0.03764064 0.02489806
 0.04272131 0.03764064 0.02698789 0.07591341 0.03538338 0.04309871
 0.06606742 0.04952384 0.05715647 0.0213648  0.03703865 0.06077657
 0.0213648 ]
[0.02344161 0.0168272  0.04768016 0.04626123 0.0168272  0.08848974
 0.02264673 0.04111864 0.0348371  0.03358546 0.03379096 0.02264673
 0.04111864 0.03379096 0.02249279 0.08129437 0.03070604 0.04626123
 0.08848974 0.06408769 0.03788433 0.01421771 0.04196671 0.05531924
 0.01421771]
[0.02943049 0.01484178 0.03995256 0.05138639 0.01484178 0.08341961
 0.02075423 0.04565962 0.03220513 0.02550459 0.03045377 0.02075423
 0.04565962 0.03045377 0.0186948  0.08932841 0.03238431 0.05138639
 0.08341961 0.06163761 0.04476701 0.01093642 0.03617533 0.07501608
 0.01093642]
[0.02660955 0.01390847 0.04051046 0.04741171 0.01390847 0.1000108
 0.01845463 0.05966029 0.02572802 0.0231178  0.02549217 0.01845463
 0.05966029 0.02549217 0.0174309  0.08478215 0.02694474 0.04741171
 0.1000108  0.05914289 0.0416746  0.01003229 0.03567909 0.06843918
 0.01003228]
[0.03293643 0.01580045 0.04684478 0.05269914 0.01580045 0.07611281
 0.0274082  0.04305775 0.03245503 0.02626575 0.03220814 0.0274082
 0.04305775 0.03220814 0.02606001 0.06815767 0.03026106 0.05269914
 0.07611281 0.05620721 0.04326231 0.01862229 0.0379388  0.06779349
 0.01862229]
[0.03374869 0.01771342 0.04341499 0.04116298 0.01771342 0.08052583
 0.02133901 0.05082215 0.02990519 0.0300331  0.03491335 0.02133901
 0.05082215 0.03491335 0.01996446 0.09036084 0.03505355 0.04116298
 0.08052583 0.06145404 0.04545342 0.01212566 0.03314315 0.06026377
 0.01212566]
[0.02722455 0.01439771 0.03976107 0.05243013 0.01439771 0.09264497
 0.0168054  0.04363379 0.02893311 0.02512845 0.0246543  0.0168054
 0.04363379 0.0246543  0.0188534  0.0861552  0.03052048 0.05243013
 0.09264497 0.07710827 0.04757165 0.01003835 0.02570788 0.08382661
 0.01003835]
[0.02559189 0.01653289 0.04719082 0.04096466 0.01653289 0.07824586
 0.02758886 0.04243613 0.03464117 0.0284474  0.02650767 0.02758886
 0.04243613 0.02650767 0.02185412 0.07614151 0.03648498 0.04096466
 0.07824586 0.07964107 0.04264278 0.01389366 0.03107183 0.08395302
 0.01389366]
[0.02210311 0.01679804 0.04168317 0.05538355 0.01679804 0.08779277
 0.01983259 0.04733673 0.02849973 0.02299237 0.02547236 0.01983259
 0.04733673 0.02547236 0.01886187 0.08611044 0.02743045 0.05538355
 0.08779277 0.05576248 0.04158134 0.01198671 0.0478634  0.07790617
 0.01198671]
[0.02205204 0.01317062 0.03604043 0.04290248 0.01317062 0.08051674
 0.02154644 0.0402638  0.03717259 0.02484381 0.02900609 0.02154644
 0.0402638  0.02900609 0.01778794 0.09957978 0.03834708 0.04290248
 0.08051674 0.09647959 0.0440634  0.01176803 0.03205213 0.07323277
 0.01176803]
[0.02981356 0.01408278 0.04150409 0.0451011  0.01408278 0.0860938
 0.01882636 0.04114017 0.02868435 0.02568269 0.03045383 0.01882636
 0.04114017 0.03045383 0.02135243 0.08843761 0.02673672 0.0451011
 0.0860938  0.07987921 0.04878964 0.01289879 0.03221297 0.0797131
 0.01289879]
[0.02210311 0.01679803 0.04168316 0.05538356 0.01679803 0.08779275
 0.01983259 0.04733671 0.02849973 0.02299237 0.02547236 0.01983259
 0.04733671 0.02547236 0.01886188 0.08611044 0.02743046 0.05538356
 0.08779275 0.05576247 0.04158133 0.01198671 0.0478634  0.0779062
 0.01198671]]