62197
Test: public void test164() throws Throwable { DateTimeFormatterBuilder.TimeZoneOffset dateTimeFormatterBuilder_TimeZoneOffset0 = new DateTimeFormatterBuilder.TimeZoneOffset("f6MU|<5i--s[O", "\"$|ti=C{!9+ylTz", false, 540, 540); DateTimeParser dateTimeParser0 = InternalParserDateTimeParser.of(dateTimeFormatterBuilder_TimeZoneOffset0); DateTimeFormatter dateTimeFormatter0 = new DateTimeFormatter((DateTimePrinter) null, dateTimeParser0); // Undeclared exception!  dateTimeFormatter0.printTo((StringBuffer) null, (ReadablePartial) null);   }
Code: public void printTo(StringBuffer buf, ReadableInstant instant) { try { printTo((Appendable) buf, instant); } catch (IOException ex) { // StringBuffer does not throw IOException } }
[[0.03116768 0.0251971  0.05007842 0.09508753 0.02778682 0.01553053
 0.0414542  0.05696722 0.0414542  0.04323755 0.09508753 0.03761278
 0.01325679 0.03273377 0.06857536 0.07213937 0.0414542  0.04323755
 0.01650949 0.04864772 0.02873846 0.03144638 0.01608573 0.01325679
 0.01325679]
[0.02214826 0.01978577 0.04636505 0.13250823 0.02946969 0.00884332
 0.04068169 0.03893903 0.04068169 0.04233539 0.13250823 0.03791794
 0.01229502 0.02269518 0.0524396  0.0896124  0.04068169 0.04233539
 0.01940742 0.04508151 0.01971713 0.02605366 0.01290665 0.01229502
 0.01229502]
[0.02799788 0.02128993 0.04754667 0.10022606 0.03026807 0.01196581
 0.04505108 0.06006137 0.04505108 0.04641515 0.10022606 0.0347728
 0.01537751 0.02977507 0.05355314 0.07713507 0.04505108 0.04641515
 0.020855   0.03962334 0.02259204 0.02966398 0.01833167 0.01537751
 0.01537751]
[0.02853351 0.01938172 0.04807191 0.10205364 0.02393039 0.01114934
 0.04656293 0.05763906 0.04656293 0.04387099 0.10205364 0.03174745
 0.00914576 0.02538216 0.09175643 0.08530682 0.04656293 0.04387099
 0.01872858 0.04091275 0.01828808 0.02100203 0.01919447 0.00914576
 0.00914576]
[0.02909851 0.02975238 0.0518213  0.09608772 0.03009602 0.01489302
 0.05055127 0.0515473  0.05055127 0.04626377 0.09608772 0.03919938
 0.01271831 0.03445019 0.05667705 0.05171659 0.05055127 0.04626377
 0.02045934 0.04574937 0.01995594 0.02722481 0.02284713 0.01271831
 0.01271831]
[0.02550369 0.01838385 0.05375551 0.11918079 0.02438325 0.01175931
 0.04152844 0.05589332 0.04152844 0.03783067 0.11918079 0.03018981
 0.0119142  0.02444238 0.05738872 0.08840838 0.04152844 0.03783067
 0.01745175 0.05210983 0.02551952 0.02324243 0.0172173  0.0119142
 0.0119142 ]
[0.03229435 0.02785942 0.05044457 0.08717389 0.03404231 0.01690359
 0.04824908 0.03591724 0.04824908 0.04394547 0.08717389 0.04528572
 0.01759849 0.03432389 0.04867886 0.06300433 0.04824908 0.04394547
 0.02607317 0.04651172 0.02845459 0.02934519 0.02107957 0.01759849
 0.01759849]
[0.02296361 0.01855805 0.05142309 0.15249571 0.02447223 0.01003591
 0.04122801 0.04152584 0.04122801 0.03560836 0.15249571 0.03136401
 0.01055128 0.0232255  0.05986109 0.08117907 0.04122801 0.03560836
 0.01468842 0.03248162 0.01518561 0.02805617 0.01343373 0.01055128
 0.01055128]
[0.03229435 0.02785942 0.05044457 0.08717389 0.03404231 0.01690359
 0.04824908 0.03591724 0.04824908 0.04394547 0.08717389 0.04528572
 0.01759849 0.03432389 0.04867886 0.06300433 0.04824908 0.04394547
 0.02607317 0.04651172 0.02845459 0.02934519 0.02107957 0.01759849
 0.01759849]
[0.02569865 0.02297775 0.04564296 0.10570848 0.03741328 0.01592623
 0.04080019 0.0450111  0.04080019 0.04288132 0.10570848 0.03787755
 0.01386175 0.0282556  0.07201687 0.07057051 0.04080019 0.04288132
 0.01975296 0.04882631 0.02102521 0.03036172 0.01747778 0.01386175
 0.01386175]
[0.02853351 0.01938172 0.04807191 0.10205364 0.02393039 0.01114934
 0.04656293 0.05763906 0.04656293 0.04387099 0.10205364 0.03174745
 0.00914576 0.02538216 0.09175643 0.08530682 0.04656293 0.04387099
 0.01872858 0.04091275 0.01828808 0.02100203 0.01919447 0.00914576
 0.00914576]
[0.02314298 0.01446095 0.06004962 0.11772151 0.02472314 0.00888932
 0.0442451  0.04522655 0.0442451  0.04742452 0.11772151 0.03081707
 0.00852503 0.02318205 0.05795274 0.09291171 0.0442451  0.04742452
 0.02113183 0.04748869 0.01819191 0.029545   0.01368401 0.00852503
 0.00852503]
[0.02208491 0.01970378 0.04762457 0.09561633 0.02540928 0.01179572
 0.04887978 0.05114344 0.04887978 0.04266531 0.09561633 0.0315417
 0.01089835 0.02079229 0.06216951 0.1082434  0.04887978 0.04266531
 0.02145701 0.05579984 0.0216824  0.02847847 0.01617599 0.01089835
 0.01089835]
[0.02144091 0.01705601 0.04329517 0.13250178 0.02098761 0.00986824
 0.05224336 0.04416721 0.05224336 0.0382278  0.13250178 0.03290472
 0.0110754  0.02527952 0.05645523 0.07349868 0.05224336 0.0382278
 0.01764836 0.04601757 0.01666539 0.02494764 0.01835226 0.0110754
 0.0110754 ]
[0.03144214 0.02403713 0.04075428 0.12629041 0.02743655 0.01244504
 0.04949411 0.04168013 0.04949411 0.03983574 0.12629041 0.02769799
 0.01044151 0.02580032 0.06098928 0.06520087 0.04949411 0.03983574
 0.01867448 0.04133231 0.02556461 0.02789548 0.01699017 0.01044151
 0.01044151]
[0.02901121 0.02342527 0.05544658 0.11190963 0.03086898 0.01239401
 0.05186325 0.05244831 0.05186325 0.03875193 0.11190963 0.03831315
 0.01153947 0.02464684 0.06927175 0.05774827 0.05186325 0.03875193
 0.02049269 0.03774862 0.0159229  0.02574321 0.01498697 0.01153947
 0.01153946]
[0.03229435 0.02785942 0.05044457 0.08717389 0.03404231 0.01690359
 0.04824908 0.03591724 0.04824908 0.04394547 0.08717389 0.04528572
 0.01759849 0.03432389 0.04867886 0.06300433 0.04824908 0.04394547
 0.02607317 0.04651172 0.02845459 0.02934519 0.02107957 0.01759849
 0.01759849]
[0.02569865 0.02297775 0.04564296 0.10570848 0.03741328 0.01592623
 0.04080019 0.0450111  0.04080019 0.04288132 0.10570848 0.03787755
 0.01386175 0.0282556  0.07201687 0.07057051 0.04080019 0.04288132
 0.01975296 0.04882631 0.02102521 0.03036172 0.01747778 0.01386175
 0.01386175]
[0.02739533 0.02556326 0.04463322 0.10567824 0.03210786 0.012212
 0.03872334 0.05535179 0.03872334 0.04885962 0.10567824 0.03369211
 0.01182683 0.03086359 0.06546532 0.06930166 0.03872334 0.04885962
 0.02261465 0.04393189 0.02215292 0.03032478 0.02366338 0.01182683
 0.01182683]
[0.02121467 0.01830212 0.05121624 0.15466255 0.02748648 0.00925314
 0.03967895 0.03584552 0.03967895 0.03100611 0.15466255 0.02697935
 0.01174193 0.02233705 0.05171963 0.09370819 0.03967895 0.03100611
 0.01730506 0.04343155 0.01844644 0.02257618 0.01457838 0.01174193
 0.01174193]
[0.02187476 0.02217017 0.04336641 0.11796271 0.02770585 0.01228241
 0.04682894 0.04357556 0.04682894 0.03771013 0.11796271 0.03966019
 0.01301316 0.02870234 0.05721294 0.07808792 0.04682894 0.03771013
 0.01865241 0.04819182 0.0206648  0.0285363  0.01844415 0.01301316
 0.01301316]
[0.02085347 0.0175526  0.04756381 0.14687224 0.02410429 0.01140706
 0.05691895 0.03874185 0.05691895 0.03364914 0.14687224 0.0276329
 0.00912107 0.0193941  0.04627181 0.07571569 0.05691895 0.03364914
 0.01843616 0.03567351 0.0190117  0.02500335 0.01347482 0.00912107
 0.00912107]
[0.02694783 0.0210842  0.05235194 0.09780167 0.02748965 0.01182576
 0.04294863 0.05070802 0.04294863 0.05160173 0.09780167 0.03215704
 0.00953137 0.02245113 0.07615194 0.08847369 0.04294863 0.05160173
 0.02251746 0.05107296 0.02028935 0.02621298 0.01401924 0.00953137
 0.00953137]
[0.02208491 0.01970378 0.04762457 0.09561633 0.02540928 0.01179572
 0.04887978 0.05114344 0.04887978 0.04266531 0.09561633 0.0315417
 0.01089835 0.02079229 0.06216951 0.1082434  0.04887978 0.04266531
 0.02145701 0.05579984 0.0216824  0.02847847 0.01617599 0.01089835
 0.01089835]
[0.0220849  0.01970378 0.04762456 0.09561634 0.02540927 0.01179572
 0.04887979 0.05114345 0.04887979 0.04266531 0.09561634 0.03154169
 0.01089835 0.02079229 0.06216952 0.10824343 0.04887979 0.04266531
 0.02145701 0.05579985 0.0216824  0.02847846 0.01617599 0.01089835
 0.01089835]]