136004
Test: public void test109() throws Throwable { Document document0 = Parser.parse("T&B``lI8y", "org.jsoup.select.Elements"); Elements elements0 = document0.getElementsContainingText("T&B``lI8y"); boolean boolean0 = elements0.is("org.jsoup.select.Elements"); }
Code: public boolean is(String query) { Evaluator eval = QueryParser.parse(query); for (Element e : this) { if (e.is(eval)) return true; } return false; }
[[0.03617556 0.09065741 0.05018444 0.0389409  0.04778103 0.02409369
 0.03720373 0.02273341 0.05018444 0.03500106 0.03073316 0.10062792
 0.03318717 0.02177667 0.04778103 0.09746321 0.05018444 0.03975642
 0.02485654 0.01531379 0.03975643 0.05029372 0.01531379]
[0.02602329 0.14424929 0.05056161 0.03458156 0.05941838 0.01975918
 0.02680148 0.02024596 0.05056161 0.02573038 0.02318797 0.10440609
 0.01845975 0.01508535 0.05941838 0.09451294 0.05056161 0.04111902
 0.02175074 0.01136741 0.04111903 0.04971157 0.01136741]
[0.02917907 0.11183874 0.04903506 0.03666823 0.04441171 0.02347282
 0.04635895 0.03096734 0.04903506 0.04014011 0.03002149 0.11220342
 0.02746828 0.01839625 0.04441171 0.07131309 0.04903506 0.03536655
 0.02829792 0.01522616 0.03536656 0.05656023 0.01522616]
[0.03138627 0.09493876 0.04479928 0.03437794 0.05682115 0.01540424
 0.03773196 0.02891953 0.04479928 0.03484676 0.02719785 0.11526762
 0.02540514 0.01528586 0.05682115 0.11264768 0.04479928 0.04178169
 0.02993132 0.01191265 0.04178169 0.04123031 0.01191265]
[0.03640146 0.08146864 0.04815265 0.03779926 0.05748325 0.02380821
 0.04224166 0.03025724 0.04815265 0.0360706  0.03318081 0.0970092
 0.02974225 0.02459021 0.05748325 0.06283119 0.04815265 0.04202943
 0.02602221 0.0204347  0.04202943 0.05422439 0.0204347 ]
[0.02486005 0.1323826  0.04896763 0.03580042 0.05897994 0.01780073
 0.03361553 0.01880663 0.04896763 0.03378758 0.02021534 0.11411354
 0.01771763 0.01481835 0.05897994 0.11176875 0.04896763 0.04133519
 0.02188955 0.00739839 0.0413352  0.04009334 0.00739839]
[0.02660012 0.15065448 0.04268342 0.04000138 0.05622848 0.01722257
 0.03789155 0.01877159 0.04268342 0.0237669  0.0185101  0.10989624
 0.02208742 0.01616759 0.05622848 0.10689332 0.04268342 0.03757766
 0.02541574 0.01057987 0.03757766 0.04929873 0.01057987]
[0.03921212 0.08073431 0.05545591 0.03579175 0.04455088 0.02188925
 0.03843774 0.03258718 0.05545591 0.03682864 0.03284181 0.08086734
 0.03348804 0.02110115 0.04455088 0.08684973 0.05545592 0.04309025
 0.02744595 0.01928174 0.04309025 0.0517115  0.01928174]
[0.02917907 0.11183874 0.04903506 0.03666823 0.04441171 0.02347282
 0.04635895 0.03096734 0.04903506 0.04014011 0.03002149 0.11220342
 0.02746828 0.01839625 0.04441171 0.07131309 0.04903506 0.03536655
 0.02829792 0.01522616 0.03536656 0.05656023 0.01522616]
[0.03397865 0.1098058  0.04729799 0.03614279 0.0613684  0.01956906
 0.03411311 0.02275735 0.04729799 0.03275456 0.02552233 0.11492991
 0.02075509 0.01772982 0.0613684  0.1047966  0.04729798 0.03735087
 0.02300944 0.00998811 0.03735087 0.0448267  0.00998811]
[0.02796879 0.10912854 0.04650816 0.0435143  0.05916003 0.01901178
 0.03601255 0.02134821 0.04650816 0.03531911 0.02832173 0.09278136
 0.02863215 0.01717294 0.05916003 0.10880633 0.04650815 0.03751322
 0.02319323 0.01408194 0.03751322 0.04775413 0.01408194]
[0.03599127 0.12128619 0.04792961 0.03538698 0.05205024 0.0176503
 0.04571816 0.02547446 0.04792961 0.03291267 0.02755813 0.1230239
 0.01996138 0.01683357 0.05205024 0.0935454  0.04792962 0.03529689
 0.0237598  0.01019583 0.03529691 0.04202297 0.01019583]
[0.03670727 0.09850193 0.04497279 0.03894514 0.05555567 0.02270274
 0.04126867 0.02815135 0.04497279 0.03785122 0.02384344 0.08155022
 0.02500207 0.02153476 0.05555567 0.09008197 0.04497278 0.04627506
 0.02945785 0.01937435 0.04627507 0.04707282 0.01937435]
[0.03260702 0.10555851 0.05317893 0.03751712 0.05008998 0.02033022
 0.04484991 0.02421856 0.05317893 0.03064676 0.0178913  0.09204821
 0.02890537 0.01890043 0.05008998 0.10030717 0.05317893 0.03893914
 0.03134225 0.01264567 0.03893915 0.05199074 0.01264567]
[0.03640146 0.08146864 0.04815265 0.03779926 0.05748325 0.02380821
 0.04224166 0.03025724 0.04815265 0.0360706  0.03318081 0.0970092
 0.02974225 0.02459021 0.05748325 0.06283119 0.04815265 0.04202943
 0.02602221 0.0204347  0.04202943 0.05422439 0.0204347 ]
[0.02309895 0.14542767 0.05317719 0.03699217 0.04901492 0.01562149
 0.04018065 0.01811532 0.05317719 0.02890154 0.01827206 0.11605059
 0.0170897  0.01110508 0.04901492 0.13041112 0.0531772  0.03045311
 0.02110346 0.00749014 0.03045312 0.04418229 0.00749014]
[0.02917907 0.11183874 0.04903506 0.03666823 0.04441171 0.02347282
 0.04635895 0.03096734 0.04903506 0.04014011 0.03002149 0.11220342
 0.02746828 0.01839625 0.04441171 0.07131309 0.04903506 0.03536655
 0.02829792 0.01522616 0.03536656 0.05656023 0.01522616]
[0.02475872 0.13086486 0.04958744 0.03360115 0.04793162 0.01702766
 0.03501951 0.02417663 0.04958744 0.04191961 0.0202272  0.11200022
 0.02289746 0.01797605 0.04793162 0.10241807 0.04958744 0.03602687
 0.01966279 0.01315959 0.03602687 0.05445157 0.01315959]
[0.02844585 0.14174534 0.04611248 0.03693679 0.05178374 0.02063517
 0.03389089 0.02090735 0.04611248 0.03054523 0.01893282 0.11816569
 0.02424754 0.01942736 0.05178374 0.09423611 0.04611249 0.03688352
 0.02674346 0.01111265 0.03688353 0.04724312 0.01111265]
[0.02455599 0.08689893 0.046318   0.03454112 0.06082392 0.01902653
 0.04003759 0.02195683 0.046318   0.03176218 0.02460011 0.09951165
 0.02240745 0.02100326 0.06082392 0.09426635 0.046318   0.05297099
 0.03294564 0.01319906 0.05297099 0.05354442 0.01319906]
[0.02475872 0.1308649  0.04958745 0.03360114 0.04793161 0.01702766
 0.03501951 0.02417663 0.04958745 0.04191961 0.02022719 0.11200018
 0.02289745 0.01797605 0.04793161 0.10241807 0.04958745 0.03602687
 0.01966279 0.01315959 0.03602687 0.05445156 0.01315958]
[0.03558338 0.09450462 0.05079171 0.03902259 0.04664656 0.02500719
 0.042501   0.0308625  0.05079171 0.03000632 0.02716725 0.0967852
 0.02630159 0.02112182 0.04664656 0.07354735 0.05079171 0.04055253
 0.02997877 0.01903902 0.04055253 0.06275915 0.01903902]
[0.02455599 0.08689895 0.04631799 0.03454112 0.06082392 0.01902653
 0.04003758 0.02195683 0.04631799 0.03176218 0.02460011 0.09951167
 0.02240745 0.02100326 0.06082392 0.09426633 0.04631799 0.05297099
 0.03294564 0.01319906 0.05297099 0.05354442 0.01319906]]