39996
Test: public void test5() throws Throwable { DateTimeFieldType dateTimeFieldType0 = DateTimeFieldType.weekOfWeekyear(); MillisDurationField millisDurationField0 = (MillisDurationField)MillisDurationField.INSTANCE; DurationFieldType durationFieldType0 = DurationFieldType.hours(); DelegatedDurationField delegatedDurationField0 = new DelegatedDurationField(millisDurationField0, durationFieldType0); BuddhistChronology buddhistChronology0 = BuddhistChronology.getInstanceUTC(); DurationField durationField0 = buddhistChronology0.hours(); PreciseDateTimeField preciseDateTimeField0 = new PreciseDateTimeField(dateTimeFieldType0, delegatedDurationField0, durationField0); long long0 = preciseDateTimeField0.set((long) 1, 2513); }
Code: public long set(long instant, int value) { FieldUtils.verifyValueBounds(this, value, getMinimumValue(), getMaximumValue()); return instant + (value - get(instant)) * iUnitMillis; }
[[0.03946436 0.06316745 0.0569155  0.08000926 0.02358419 0.04315626
 0.0595806  0.05475395 0.03728724 0.05475395 0.05475395 0.04429159
 0.04256852 0.03213537 0.03717703 0.1186535  0.05475396 0.0299021
 0.05475396 0.01833727]
[0.02956398 0.05771413 0.05546695 0.07719217 0.01691972 0.0431463
 0.08006835 0.05319292 0.0266549  0.05319292 0.05319292 0.04343883
 0.04132762 0.03584548 0.0465306  0.14023754 0.05319291 0.02140932
 0.05319291 0.01851949]
[0.02846895 0.05662541 0.06016566 0.08701327 0.01568598 0.05068078
 0.0700037  0.04933985 0.03728643 0.04933985 0.04933985 0.04285498
 0.03333968 0.03743546 0.04422146 0.13814406 0.04933986 0.03321928
 0.04933986 0.01815557]
[0.03926066 0.04455348 0.05516113 0.08396631 0.02331332 0.03688334
 0.07829753 0.05257537 0.03282003 0.05257537 0.05257537 0.04583964
 0.03613216 0.037351   0.04145788 0.13415338 0.05257536 0.03098988
 0.05257536 0.01694345]
[0.02621485 0.05218905 0.04178618 0.08349425 0.01765555 0.05674194
 0.06661145 0.06418455 0.03875618 0.06418455 0.06418455 0.04319574
 0.02860982 0.03043251 0.04461529 0.0987452  0.06418456 0.03640196
 0.06418456 0.01362727]
[0.03694211 0.0585392  0.04822728 0.0841029  0.01615086 0.03988818
 0.06987351 0.05198447 0.03707765 0.05198447 0.05198447 0.04633357
 0.03018445 0.03090105 0.03926623 0.15080965 0.05198447 0.03526986
 0.05198447 0.01651111]
[0.04045381 0.06112163 0.06028565 0.0738153  0.01878411 0.04054943
 0.07098331 0.05034617 0.04419559 0.05034617 0.05034617 0.04578035
 0.02980515 0.04255669 0.04262331 0.11216532 0.05034618 0.04106905
 0.05034618 0.02408041]
[0.03250299 0.05351907 0.06182194 0.08677168 0.02044245 0.0469014
 0.0579661  0.05308423 0.03790009 0.05308423 0.05308423 0.0396195
 0.03615873 0.04543939 0.03830237 0.12438558 0.05308423 0.03361055
 0.05308423 0.01923707]
[0.02688792 0.04946658 0.05345849 0.07579532 0.01578843 0.03715009
 0.09406992 0.04749422 0.0287056  0.04749422 0.04749422 0.04152792
 0.0405592  0.03180427 0.04474182 0.17604144 0.04749422 0.03122437
 0.04749422 0.01530751]
[0.03250299 0.05351907 0.06182194 0.08677168 0.02044245 0.0469014
 0.0579661  0.05308423 0.03790009 0.05308423 0.05308423 0.0396195
 0.03615873 0.04543939 0.03830237 0.12438558 0.05308423 0.03361055
 0.05308423 0.01923707]
[0.03250299 0.05351907 0.06182194 0.08677168 0.02044245 0.0469014
 0.0579661  0.05308423 0.03790009 0.05308423 0.05308423 0.0396195
 0.03615873 0.04543939 0.03830237 0.12438558 0.05308423 0.03361055
 0.05308423 0.01923707]
[0.02901119 0.07302972 0.06415805 0.067182   0.01618893 0.0402631
 0.06246225 0.05502741 0.02956619 0.05502741 0.05502741 0.04113393
 0.03960307 0.04038908 0.03975829 0.13928643 0.05502741 0.0260045
 0.05502741 0.01682621]
[0.03738549 0.05649747 0.05844149 0.0897873  0.01986857 0.04272071
 0.05953453 0.05334829 0.03925473 0.05334829 0.05334829 0.04776626
 0.03772207 0.03153822 0.04592792 0.12077765 0.05334829 0.0290736
 0.05334829 0.01696247]
[0.03950623 0.06333806 0.05084532 0.07806549 0.02078209 0.03771417
 0.05929073 0.05277776 0.03663757 0.05277776 0.05277776 0.04746396
 0.03118502 0.03424152 0.03463634 0.14251187 0.05277776 0.03976772
 0.05277776 0.0201251 ]
[0.03586939 0.05558808 0.05095821 0.07359751 0.02026467 0.04154371
 0.0663028  0.0592349  0.02927049 0.0592349  0.0592349  0.0460255
 0.04271142 0.03932357 0.04595913 0.10987946 0.05923489 0.02965707
 0.05923489 0.01687446]
[0.04288933 0.05092512 0.04891027 0.07081187 0.0250231  0.05244792
 0.07327536 0.06030881 0.03004257 0.06030881 0.06030881 0.04507355
 0.03422213 0.03268004 0.03684441 0.0984493  0.06030881 0.03561435
 0.06030881 0.02124666]
[0.03250299 0.05351907 0.06182194 0.08677168 0.02044245 0.0469014
 0.0579661  0.05308423 0.03790009 0.05308423 0.05308423 0.0396195
 0.03615873 0.04543939 0.03830237 0.12438558 0.05308423 0.03361055
 0.05308423 0.01923707]
[0.04438253 0.05606021 0.05091731 0.07445286 0.01799723 0.04055691
 0.07354292 0.04796354 0.0330175  0.04796354 0.04796354 0.04243686
 0.04135787 0.02821997 0.03375827 0.16082133 0.04796354 0.04913849
 0.04796354 0.013522  ]
[0.03250299 0.05351907 0.06182194 0.08677168 0.02044245 0.0469014
 0.0579661  0.05308423 0.03790009 0.05308423 0.05308423 0.0396195
 0.03615873 0.04543939 0.03830237 0.12438558 0.05308423 0.03361055
 0.05308423 0.01923707]
[0.0291172  0.04731294 0.04648745 0.08663457 0.02159056 0.03323284
 0.08510784 0.05267294 0.0301816  0.05267294 0.05267294 0.06656405
 0.02831767 0.03245938 0.05267655 0.12532069 0.05267293 0.03381261
 0.05267293 0.01781937]]