91191
Test: public void test7() throws Throwable { Verifier verifier0 = mock(Verifier.class, new ViolatedAssumptionAnswer()); Pass3bVerifier pass3bVerifier0 = new Pass3bVerifier(verifier0, (-196)); Class<FRETURN> class0 = FRETURN.class; Type type0 = Type.getType(class0); String[] stringArray0 = new String[0]; ConstantPoolGen constantPoolGen0 = new ConstantPoolGen(); MethodGen methodGen0 = new MethodGen((-196), type0, type0.NO_ARGS, stringArray0, "", (String) null, (InstructionList) null, constantPoolGen0); // Undeclared exception!  pass3bVerifier0.invalidReturnTypeError(type0, methodGen0);   }
Code: public void invalidReturnTypeError(final Type returnedType, final MethodGen m) { throw new StructuralCodeConstraintException( "Returned type "+returnedType+" does not match Method's return type "+m.getReturnType()); }
[[0.03878852 0.03149244 0.05381063 0.04336857 0.05381063 0.03125912
 0.05381063 0.05856697 0.05266835 0.03906919 0.01949773 0.05381063
 0.05381063 0.03409373 0.05381063 0.0606332  0.03641785 0.03002606
 0.05381064 0.0428054  0.03409373 0.05381064 0.01673412]
[0.03101031 0.02815375 0.05861602 0.02643843 0.05861602 0.02813274
 0.05861602 0.05420038 0.05902884 0.03680088 0.01437134 0.05861602
 0.05861602 0.03624366 0.05861602 0.06286964 0.02846279 0.02936402
 0.05861602 0.04199216 0.03624367 0.05861603 0.01775922]
[0.03265774 0.02981763 0.05415761 0.02638609 0.05415761 0.03206526
 0.05415761 0.06364663 0.05370516 0.03862037 0.02499401 0.05415761
 0.05415761 0.04132202 0.05415761 0.06227957 0.02734354 0.03477768
 0.05415761 0.0396884  0.04132202 0.05415762 0.01811292]
[0.03788166 0.02427723 0.0548654  0.03381203 0.0548654  0.03347613
 0.0548654  0.05154742 0.05501568 0.03201458 0.01909069 0.0548654
 0.0548654  0.0382968  0.0548654  0.07171007 0.02912387 0.02964377
 0.0548654  0.05178469 0.0382968  0.05486541 0.01510538]
[0.03265774 0.02981763 0.05415761 0.02638609 0.05415761 0.03206526
 0.05415761 0.06364663 0.05370516 0.03862037 0.02499401 0.05415761
 0.05415761 0.04132202 0.05415761 0.06227957 0.02734354 0.03477768
 0.05415761 0.0396884  0.04132202 0.05415762 0.01811292]
[0.0372262  0.0276815  0.05724525 0.01946054 0.05724525 0.02487474
 0.05724525 0.06325931 0.06333196 0.03991295 0.01664157 0.05724525
 0.05724525 0.0326268  0.05724525 0.05137115 0.03714161 0.02926657
 0.05724525 0.05414306 0.0326268  0.05724526 0.01247326]
[0.03265774 0.02981763 0.05415761 0.02638609 0.05415761 0.03206526
 0.05415761 0.06364663 0.05370516 0.03862037 0.02499401 0.05415761
 0.05415761 0.04132202 0.05415761 0.06227957 0.02734354 0.03477768
 0.05415761 0.0396884  0.04132202 0.05415762 0.01811292]
[0.03758533 0.02442837 0.05423599 0.03056935 0.05423599 0.03130493
 0.05423599 0.06739485 0.07724799 0.03660071 0.016349   0.05423599
 0.05423599 0.03398746 0.05423599 0.05497622 0.02467868 0.03515764
 0.054236   0.04556275 0.03398746 0.054236   0.01628124]
[0.03944314 0.03474878 0.04999045 0.03182157 0.04999045 0.03887772
 0.04999045 0.05080649 0.06718729 0.03622139 0.02146077 0.04999045
 0.04999045 0.04363642 0.04999045 0.05434791 0.03765277 0.0322465
 0.04999045 0.04490092 0.04363642 0.04999046 0.02308832]
[0.03274727 0.02728859 0.05322964 0.02607991 0.05322964 0.02970446
 0.05322964 0.0606849  0.08681391 0.03914086 0.01765375 0.05322964
 0.05322964 0.03326363 0.05322964 0.05633783 0.02927159 0.03126374
 0.05322965 0.0565442  0.03326363 0.05322966 0.01410452]
[0.03482347 0.03143351 0.05354678 0.02717482 0.05354678 0.02793183
 0.05354678 0.05835354 0.0627283  0.03891572 0.02267608 0.05354678
 0.05354678 0.04193983 0.05354678 0.05217451 0.02628967 0.03802239
 0.05354679 0.04898353 0.04193983 0.05354679 0.01823873]
[0.03265774 0.02981763 0.05415761 0.02638609 0.05415761 0.03206526
 0.05415761 0.06364663 0.05370516 0.03862037 0.02499401 0.05415761
 0.05415761 0.04132202 0.05415761 0.06227957 0.02734354 0.03477768
 0.05415761 0.0396884  0.04132202 0.05415762 0.01811292]
[0.03265774 0.02981763 0.05415761 0.02638609 0.05415761 0.03206526
 0.05415761 0.06364663 0.05370516 0.03862037 0.02499401 0.05415761
 0.05415761 0.04132202 0.05415761 0.06227957 0.02734354 0.03477768
 0.05415761 0.0396884  0.04132202 0.05415762 0.01811292]
[0.0380387  0.03351618 0.05575792 0.03146482 0.05575792 0.02766846
 0.05575792 0.05010461 0.07066216 0.03078198 0.01900619 0.05575792
 0.05575792 0.03658817 0.05575792 0.05373449 0.03200866 0.03256318
 0.05575791 0.04434524 0.03658817 0.05575791 0.01686569]
[0.03265774 0.02981763 0.05415761 0.02638609 0.05415761 0.03206526
 0.05415761 0.06364663 0.05370516 0.03862037 0.02499401 0.05415761
 0.05415761 0.04132202 0.05415761 0.06227957 0.02734354 0.03477768
 0.05415761 0.0396884  0.04132202 0.05415762 0.01811292]
[0.03401006 0.02905842 0.05103488 0.03266467 0.05103488 0.0316725
 0.05103488 0.07418796 0.0609192  0.03592922 0.02010302 0.05103488
 0.05103488 0.03829147 0.05103488 0.07033236 0.02882472 0.03190673
 0.05103488 0.04731303 0.03829147 0.05103489 0.01821612]
[0.02990938 0.03084717 0.05059432 0.03486819 0.05059432 0.03213318
 0.05059432 0.05830205 0.06853472 0.03959706 0.01958329 0.05059432
 0.05059432 0.04210422 0.05059432 0.06634486 0.02985899 0.03717826
 0.05059432 0.04540479 0.04210423 0.05059433 0.018475  ]
[0.03456701 0.03061713 0.05437526 0.02532457 0.05437526 0.03468147
 0.05437526 0.05730826 0.061001   0.03392386 0.02092961 0.05437526
 0.05437526 0.03854688 0.05437526 0.06816618 0.02798316 0.03106645
 0.05437526 0.04190668 0.03854689 0.05437527 0.02042883]
[0.03265774 0.02981763 0.05415761 0.02638609 0.05415761 0.03206526
 0.05415761 0.06364663 0.05370516 0.03862037 0.02499401 0.05415761
 0.05415761 0.04132202 0.05415761 0.06227957 0.02734354 0.03477768
 0.05415761 0.0396884  0.04132202 0.05415762 0.01811292]
[0.02909193 0.02959839 0.05884111 0.02722375 0.05884111 0.02649919
 0.05884111 0.05425736 0.05514355 0.03356345 0.01742533 0.05884111
 0.05884111 0.03489563 0.05884111 0.05821531 0.03184377 0.0388837
 0.05884111 0.04253417 0.03489564 0.05884112 0.01519993]
[0.03803869 0.03351618 0.05575791 0.03146482 0.05575791 0.02766845
 0.05575791 0.05010462 0.07066219 0.03078198 0.01900619 0.05575791
 0.05575791 0.03658816 0.05575791 0.05373449 0.03200866 0.03256318
 0.05575791 0.04434524 0.03658817 0.05575792 0.01686569]
[0.03265775 0.02981763 0.05415761 0.02638609 0.05415761 0.03206526
 0.05415761 0.06364664 0.05370517 0.03862038 0.02499402 0.05415761
 0.05415761 0.04132203 0.05415761 0.06227958 0.02734355 0.03477768
 0.05415761 0.03968841 0.04132203 0.05415762 0.01811293]
[0.02783168 0.02655904 0.0507471  0.02335875 0.0507471  0.02573634
 0.0507471  0.0681842  0.07904206 0.03959452 0.01563894 0.0507471
 0.0507471  0.03667259 0.0507471  0.07307167 0.03177062 0.03028501
 0.0507471  0.06295799 0.03667259 0.05074711 0.01664717]]