131152
Test: public void test14() throws Throwable { Combinations combinations0 = Combinations.of(0, 0); combinations0.spliterator(); combinations0.comparator(); combinations0.iterator(); combinations0.spliterator(); combinations0.getN(); Combinations combinations1 = Combinations.of(0, 0); combinations1.comparator(); combinations0.getN(); Combinations combinations2 = Combinations.of(4829, 0); combinations0.comparator(); combinations1.getK(); Combinations combinations3 = Combinations.of(0, 0); Consumer<Object> consumer0 = (Consumer<Object>) mock(Consumer.class, new ViolatedAssumptionAnswer()); combinations3.forEach(consumer0); combinations3.getK(); combinations2.comparator(); Combinations combinations4 = Combinations.of(3833, 312); Consumer<Object> consumer1 = (Consumer<Object>) mock(Consumer.class, new ViolatedAssumptionAnswer()); combinations4.spliterator(); // Undeclared exception! combinations4.forEach(consumer1); }
Code: public static Combinations of(int n, int k) { return new Combinations(n, k); }
[[0.05346549 0.15634227 0.0741686  0.0741686  0.1174323  0.03421622
 0.15774287 0.06929966 0.05859502 0.02710308 0.07416861 0.08095279
 0.02234455]
[0.05101693 0.14194866 0.06801018 0.06801018 0.10138768 0.02584638
 0.20112956 0.09751751 0.04879907 0.02231864 0.06801017 0.08000877
 0.02599633]
[0.04284827 0.1577521  0.07000551 0.07000551 0.11018717 0.02696208
 0.19946843 0.07627635 0.05222619 0.03330004 0.07000551 0.06564027
 0.02532257]
[0.04284827 0.1577521  0.07000551 0.07000551 0.11018717 0.02696208
 0.19946843 0.07627635 0.05222619 0.03330004 0.07000551 0.06564027
 0.02532257]
[0.0435424  0.14893657 0.05570499 0.05570499 0.12996006 0.02108476
 0.22278702 0.09511469 0.0562432  0.02142632 0.055705   0.07376789
 0.02002207]
[0.03136816 0.19901143 0.07997217 0.07997217 0.10008913 0.022385
 0.18556789 0.07237557 0.05080045 0.01685091 0.07997219 0.06615554
 0.0154794 ]
[0.03929384 0.15726271 0.06174354 0.06174354 0.11538647 0.01987524
 0.22100647 0.090293   0.05582578 0.0219726  0.06174355 0.07473117
 0.01912212]
[0.05648065 0.13395664 0.07338896 0.07338896 0.11743739 0.02691695
 0.1419105  0.09216174 0.06482483 0.03131719 0.07338897 0.08254722
 0.03228003]
[0.0332057  0.1587311  0.06465466 0.06465466 0.12175573 0.01917618
 0.24646367 0.06807248 0.0476682  0.0196215  0.06465466 0.07284642
 0.01849512]
[0.04471708 0.13701065 0.06618223 0.06618223 0.09500121 0.02760146
 0.2239231  0.08668736 0.06307153 0.02841317 0.06618224 0.07026099
 0.0247667 ]
[0.04284827 0.1577521  0.07000551 0.07000551 0.11018717 0.02696208
 0.19946843 0.07627635 0.05222619 0.03330004 0.07000551 0.06564027
 0.02532257]
[0.03131041 0.15597914 0.06009901 0.06009901 0.09433635 0.0181614
 0.24502692 0.09571944 0.05754911 0.01556072 0.06009901 0.0883717
 0.01768778]
[0.03473755 0.15527174 0.0636423  0.0636423  0.09272775 0.02596326
 0.19708246 0.0969029  0.07807335 0.01951007 0.0636423  0.08831872
 0.02048528]]