83631
Test: public void test318() throws Throwable { Signature signature0 = new Signature(344, (-2138), (-2138), (ConstantPool) null); int int0 = signature0.getSignatureIndex(); ClassPath classPath0 = ClassPath.SYSTEM_CLASS_PATH; LruCacheClassPathRepository lruCacheClassPathRepository0 = new LruCacheClassPathRepository(classPath0, 59); JavaClass javaClass0 = lruCacheClassPathRepository0.findClass(""); EmptyVisitor emptyVisitor0 = new EmptyVisitor(); DescendingVisitor descendingVisitor0 = new DescendingVisitor((JavaClass) null, emptyVisitor0); signature0.accept(descendingVisitor0); }
Code: public void accept( final Visitor v ) { //System.err.println("Visiting non-standard Signature object"); v.visitSignature(this); }
[[0.0594373  0.0478937  0.08245355 0.04751506 0.08245355 0.03342436
 0.10278205 0.07778922 0.08245356 0.08245356 0.08245356 0.11143267
 0.08245356 0.02500423]
[0.04611789 0.04134974 0.08793166 0.04130867 0.08793166 0.02421981
 0.11726388 0.08540191 0.08793166 0.08793166 0.08793166 0.09096456
 0.08793166 0.02578354]
[0.04957878 0.04395911 0.08292963 0.04752882 0.08292963 0.03358535
 0.11495419 0.07759977 0.08292964 0.08292964 0.08292964 0.10877194
 0.08292965 0.02644424]
[0.05590069 0.04143868 0.08653319 0.03725833 0.08653319 0.03007479
 0.11456801 0.09421293 0.08653319 0.08653319 0.08653319 0.08874612
 0.0865332  0.01860128]
[0.04957878 0.04395911 0.08292963 0.04752882 0.08292963 0.03358535
 0.11495419 0.07759977 0.08292964 0.08292964 0.08292964 0.10877194
 0.08292965 0.02644424]
[0.05827414 0.03994342 0.08949791 0.04782133 0.08949791 0.02951545
 0.08373065 0.093119   0.08949792 0.08949792 0.08949792 0.08402188
 0.08949794 0.02658657]
[0.05581124 0.05570178 0.07708897 0.05359909 0.07708897 0.04138281
 0.09058399 0.11284889 0.07708897 0.07708897 0.07708897 0.09899143
 0.07708898 0.02854686]
[0.05984573 0.05234497 0.07777709 0.05881616 0.07777709 0.04429948
 0.1000755  0.09761755 0.07777709 0.07777709 0.07777709 0.08614156
 0.0777771  0.03419647]
[0.04957878 0.04395911 0.08292963 0.04752882 0.08292963 0.03358535
 0.11495419 0.07759977 0.08292964 0.08292964 0.08292964 0.10877194
 0.08292965 0.02644424]
[0.04957878 0.04395911 0.08292963 0.04752882 0.08292963 0.03358535
 0.11495419 0.07759977 0.08292964 0.08292964 0.08292964 0.10877194
 0.08292965 0.02644424]
[0.04957878 0.04395911 0.08292963 0.04752882 0.08292963 0.03358535
 0.11495419 0.07759977 0.08292964 0.08292964 0.08292964 0.10877194
 0.08292965 0.02644424]
[0.04012033 0.04052884 0.0889328  0.05703584 0.0889328  0.02661941
 0.09843846 0.0872535  0.08893282 0.08893282 0.08893282 0.09803407
 0.08893283 0.01837263]
[0.04957879 0.04395911 0.08292964 0.04752882 0.08292964 0.03358534
 0.11495417 0.07759979 0.08292964 0.08292964 0.08292964 0.10877194
 0.08292964 0.02644425]
[0.04353343 0.0409443  0.08042304 0.03978861 0.08042304 0.02433202
 0.12096874 0.11759385 0.08042304 0.08042304 0.08042304 0.10527071
 0.08042306 0.02503012]]