165696
Test: public void test0() throws Throwable { long[] longArray0 = new long[1]; MiddleSquareWeylSequence middleSquareWeylSequence0 = new MiddleSquareWeylSequence(longArray0); byte[] byteArray0 = middleSquareWeylSequence0.getStateInternal(); middleSquareWeylSequence0.setStateInternal(byteArray0); }
Code: protected void setStateInternal(byte[] state) { final byte[][] c = splitStateInternal(state, SEED_SIZE * 8); setSeedInternal(NumberFactory.makeLongArray(c[0])); super.setStateInternal(c[1]); }
[[0.08975798 0.04010753 0.07606699 0.06879956 0.09252862 0.04117405
 0.06566313 0.05971907 0.03759228 0.07606699 0.07606699 0.04494921
 0.06067839 0.07606699 0.07606699 0.01869525]
[0.10126659 0.03926    0.08089192 0.05579337 0.08291034 0.03923539
 0.0574365  0.05714664 0.03635033 0.08089192 0.08089192 0.03832876
 0.06290962 0.08089192 0.08089192 0.02490281]
[0.0980456  0.04020257 0.07290871 0.09379383 0.0724664  0.04322381
 0.04675685 0.05383054 0.04785236 0.07290871 0.07290871 0.04306534
 0.07178852 0.07290871 0.07290871 0.02443065]
[0.10282719 0.04446153 0.08251552 0.05586238 0.066056   0.04682279
 0.05269907 0.05317818 0.03748351 0.08251552 0.08251552 0.03792149
 0.07043825 0.08251552 0.08251552 0.01967199]
[0.10093369 0.04696739 0.06762766 0.06745557 0.09072614 0.05255421
 0.06069912 0.04544757 0.04461754 0.06762766 0.06762766 0.05301424
 0.06825344 0.06762766 0.06762766 0.03119284]
[0.06947181 0.03941245 0.08188687 0.06256805 0.08990029 0.03542595
 0.06328918 0.06189978 0.04110061 0.08188687 0.08188687 0.04310567
 0.06666499 0.08188687 0.08188687 0.01772688]
[0.08524166 0.03565194 0.07814804 0.0644917  0.08699314 0.04760285
 0.06386392 0.05530896 0.04098789 0.07814804 0.07814804 0.04620697
 0.06340058 0.07814804 0.07814804 0.01951015]
[0.08399868 0.03850855 0.07355191 0.06850972 0.08787896 0.04274061
 0.07119697 0.0721029  0.0337568  0.07355191 0.07355191 0.04422482
 0.07193898 0.07355191 0.07355191 0.01738357]
[0.0865204  0.04606974 0.07923006 0.06937587 0.06507774 0.04727592
 0.05473883 0.0457007  0.04698244 0.07923006 0.07923006 0.0483116
 0.06589828 0.07923006 0.07923006 0.02789816]
[0.0980456  0.04020257 0.07290871 0.09379383 0.0724664  0.04322381
 0.04675685 0.05383054 0.04785236 0.07290871 0.07290871 0.04306534
 0.07178852 0.07290871 0.07290871 0.02443065]
[0.0980456  0.04020257 0.07290871 0.09379383 0.0724664  0.04322381
 0.04675685 0.05383054 0.04785236 0.07290871 0.07290871 0.04306534
 0.07178852 0.07290871 0.07290871 0.02443065]
[0.09194228 0.0363415  0.07101922 0.07664217 0.09524574 0.04565956
 0.05274252 0.0577707  0.03274115 0.07101922 0.07101922 0.06459985
 0.07296537 0.07101922 0.07101922 0.01825298]
[0.11054362 0.0392672  0.07329199 0.06777133 0.08518745 0.04571797
 0.06281358 0.05104022 0.03528241 0.07329199 0.07329199 0.04733124
 0.07012104 0.07329199 0.07329199 0.01846391]
[0.0980456  0.04020257 0.07290871 0.09379383 0.0724664  0.04322381
 0.04675685 0.05383054 0.04785236 0.07290871 0.07290871 0.04306534
 0.07178852 0.07290871 0.07290871 0.02443065]
[0.0980456  0.04020257 0.07290871 0.09379383 0.0724664  0.04322381
 0.04675685 0.05383054 0.04785236 0.07290871 0.07290871 0.04306534
 0.07178852 0.07290871 0.07290871 0.02443065]
[0.08022837 0.03699787 0.0703638  0.06884684 0.11074919 0.03583489
 0.06148043 0.07165328 0.03620651 0.0703638  0.0703638  0.04427871
 0.07861947 0.0703638  0.0703638  0.02328546]]