91441
Test: public void test0() throws Throwable { Class<Annotation> class0 = Annotation.class; ElementType elementType0 = ElementType.TYPE; WeaveInterest weaveInterest0 = WeaveInterest.of(class0, elementType0); }
Code: public static WeaveInterest of(final Class<? extends Annotation> annotationType, final ElementType target) { return new WeaveInterest(annotationType, target); }
[[0.04704158 0.13687333 0.06525683 0.06525683 0.04055996 0.03140182
 0.06525683 0.06525683 0.03747591 0.06525683 0.12461892 0.06058165
 0.05150643 0.02387367 0.06525683 0.03495155 0.01957416]
[0.04922385 0.13309804 0.06610093 0.06610093 0.035955   0.03256745
 0.06610093 0.06610093 0.03652392 0.06610093 0.10107709 0.08955115
 0.04677294 0.0213645  0.06610093 0.03311546 0.02414506]
[0.03917219 0.13664627 0.06531559 0.06531559 0.04098584 0.04136487
 0.06531559 0.06531559 0.03788754 0.06531559 0.11354789 0.06245653
 0.04755354 0.02980869 0.06531559 0.03748267 0.0212004 ]
[0.03917219 0.13664627 0.06531559 0.06531559 0.04098584 0.04136487
 0.06531559 0.06531559 0.03788754 0.06531559 0.11354789 0.06245653
 0.04755354 0.02980869 0.06531559 0.03748267 0.0212004 ]
[0.04888323 0.13978855 0.06414059 0.06414059 0.03563536 0.03875988
 0.06414059 0.06414059 0.03606647 0.06414059 0.12851287 0.06691884
 0.04979768 0.02130301 0.06414059 0.03051087 0.01897971]
[0.04286009 0.10665366 0.06977981 0.06977981 0.04695298 0.03271977
 0.06977981 0.06977981 0.03538767 0.06977981 0.09993013 0.07676367
 0.05501938 0.02177596 0.06977981 0.04140363 0.02185422]
[0.03917219 0.13664627 0.06531559 0.06531559 0.04098584 0.04136487
 0.06531559 0.06531559 0.03788754 0.06531559 0.11354789 0.06245653
 0.04755354 0.02980869 0.06531559 0.03748267 0.0212004 ]
[0.03917219 0.13664627 0.06531559 0.06531559 0.04098584 0.04136487
 0.06531559 0.06531559 0.03788754 0.06531559 0.11354789 0.06245653
 0.04755354 0.02980869 0.06531559 0.03748267 0.0212004 ]
[0.04347137 0.12957238 0.06571136 0.06571136 0.04099545 0.03534767
 0.06571136 0.06571136 0.02923666 0.06571136 0.11808011 0.0757289
 0.06327475 0.01927129 0.06571136 0.03592997 0.01482319]
[0.03917219 0.13664627 0.06531559 0.06531559 0.04098584 0.04136487
 0.06531559 0.06531559 0.03788754 0.06531559 0.11354789 0.06245653
 0.04755354 0.02980869 0.06531559 0.03748267 0.0212004 ]
[0.03514586 0.15249416 0.06832281 0.06832281 0.04752596 0.03454807
 0.06832281 0.06832281 0.03470593 0.06832281 0.0824909  0.07717659
 0.05957628 0.01751478 0.06832281 0.03739822 0.01148635]
[0.04787929 0.11376109 0.06209094 0.06209094 0.05025885 0.04168185
 0.06209094 0.06209094 0.04706755 0.06209094 0.09265511 0.07839949
 0.05491709 0.02650839 0.06209094 0.04690875 0.02741684]
[0.0328103  0.14768592 0.06676327 0.06676327 0.0289139  0.04276715
 0.06676327 0.06676327 0.02977775 0.06676327 0.13961108 0.06137015
 0.04811164 0.01969543 0.06676327 0.03171788 0.01695924]
[0.03976722 0.12030128 0.06012253 0.06012253 0.02986356 0.0409661
 0.06012253 0.06012253 0.03205225 0.06012253 0.16974947 0.07407678
 0.05600576 0.02561453 0.06012253 0.02950398 0.0213639 ]
[0.03917219 0.13664627 0.06531559 0.06531559 0.04098584 0.04136487
 0.06531559 0.06531559 0.03788754 0.06531559 0.11354789 0.06245653
 0.04755354 0.02980869 0.06531559 0.03748267 0.0212004 ]
[0.04033085 0.14390594 0.06623574 0.06623574 0.04060081 0.03818662
 0.06623574 0.06623574 0.043016   0.06623574 0.10401298 0.06239296
 0.05803189 0.02048508 0.06623574 0.03321584 0.01840666]
[0.03383516 0.1445972  0.06297879 0.06297879 0.04439996 0.04110831
 0.06297879 0.06297879 0.03071363 0.06297879 0.08760814 0.08866952
 0.07439288 0.0189727  0.06297879 0.03883108 0.01899856]]