83019
Test: public void test2() throws Throwable { byte[] byteArray0 = new byte[9]; ByteArrayInputStream byteArrayInputStream0 = new ByteArrayInputStream(byteArray0); DataInputStream dataInputStream0 = new DataInputStream(byteArrayInputStream0); ModuleProvides moduleProvides0 = new ModuleProvides(dataInputStream0); FilterOutputStream filterOutputStream0 = new FilterOutputStream((OutputStream) null); DataOutputStream dataOutputStream0 = new DataOutputStream(filterOutputStream0); // Undeclared exception!  moduleProvides0.dump(dataOutputStream0);   }
Code: public void dump( final DataOutputStream file ) throws IOException { file.writeShort(providesIndex); file.writeShort(providesWithCount); for (final int entry : providesWithIndex) { file.writeShort(entry); } }
[[0.03640371 0.0295035  0.05050183 0.02928147 0.0603512  0.04739229
 0.06408972 0.08590772 0.01893918 0.04900728 0.05050183 0.05050183
 0.03494931 0.03549818 0.02293576 0.11921396 0.03378486 0.05050183
 0.04900727 0.05050183 0.01561273 0.01561273]
[0.02711848 0.02449933 0.05143644 0.02447866 0.05134328 0.04767614
 0.06982416 0.09501123 0.01609147 0.05106526 0.05143644 0.05143644
 0.02853908 0.02499163 0.01413519 0.16169345 0.02451671 0.05143645
 0.05106525 0.05143645 0.01538424 0.01538424]
[0.02988663 0.0265027  0.04998889 0.02865412 0.05940749 0.04592537
 0.06930789 0.09669688 0.02013455 0.04678902 0.04998889 0.04998889
 0.04074892 0.03346594 0.01940555 0.12608641 0.02836736 0.04998889
 0.04678902 0.04998889 0.01594383 0.01594383]
[0.0327287  0.02434925 0.05027567 0.02187836 0.05118303 0.06040695
 0.06759928 0.085619   0.02057613 0.0557638  0.05027567 0.05027567
 0.03538106 0.02851329 0.01442344 0.1466534  0.02582544 0.05027567
 0.05576382 0.05027567 0.0109784  0.0109784 ]
[0.03356054 0.02402879 0.05322108 0.03360891 0.06173755 0.06234939
 0.06727814 0.07424345 0.02232292 0.0483965  0.05322108 0.05322108
 0.03291302 0.02968008 0.01771506 0.12862821 0.02182866 0.05322108
 0.0483965  0.05322108 0.01360347 0.01360347]
[0.03185762 0.02649603 0.05619713 0.03069329 0.05052942 0.05067111
 0.0691835  0.07647007 0.01794503 0.05419321 0.05619713 0.05619713
 0.03671646 0.03032792 0.0163416  0.10897048 0.02961138 0.05619711
 0.0541932  0.05619711 0.01740705 0.01740705]
[0.03425565 0.0338987  0.0479881  0.03279718 0.06519534 0.04660342
 0.05481408 0.07133964 0.02103571 0.06766866 0.0479881  0.0479881
 0.03111649 0.02951594 0.02393215 0.1124732  0.03324835 0.04798811
 0.06766866 0.04798811 0.01724818 0.01724818]
[0.02628219 0.0257417  0.0449198  0.02173302 0.05154812 0.04144064
 0.04986182 0.12594014 0.01716671 0.06561913 0.0449198  0.0449198
 0.02599814 0.02593567 0.01554907 0.15978499 0.03180537 0.04491981
 0.06561917 0.04491981 0.01268759 0.01268759]
[0.02988083 0.02365596 0.05687594 0.025901   0.04691198 0.05739429
 0.05735019 0.11526205 0.01677717 0.05290451 0.05687594 0.05687594
 0.02836867 0.02849997 0.01667289 0.11601647 0.02455558 0.05687593
 0.05290453 0.05687593 0.01128214 0.01128214]
[0.0372748  0.03241572 0.0493981  0.03654853 0.05155773 0.05211383
 0.06078152 0.06616829 0.0248246  0.05866017 0.0493981  0.0493981
 0.03698952 0.03612986 0.01797925 0.11070284 0.03043071 0.04939811
 0.05866018 0.04939811 0.02088593 0.02088593]
[0.02988663 0.0265027  0.04998889 0.02865412 0.05940749 0.04592537
 0.06930789 0.09669688 0.02013455 0.04678902 0.04998889 0.04998889
 0.04074892 0.03346594 0.01940555 0.12608641 0.02836736 0.04998889
 0.04678902 0.04998889 0.01594383 0.01594383]
[0.02988663 0.0265027  0.04998889 0.02865412 0.05940749 0.04592537
 0.06930789 0.09669688 0.02013455 0.04678902 0.04998889 0.04998889
 0.04074892 0.03346594 0.01940555 0.12608641 0.02836736 0.04998889
 0.04678902 0.04998889 0.01594383 0.01594383]
[0.03613842 0.02920075 0.0502462  0.02984728 0.05591609 0.05250201
 0.06313159 0.08606882 0.01927873 0.06547485 0.0502462  0.0502462
 0.03477648 0.0270945  0.01706816 0.12341113 0.02210017 0.0502462
 0.06547485 0.0502462  0.01064258 0.01064258]
[0.03181411 0.02438831 0.05245435 0.02579835 0.06112955 0.06551549
 0.06252262 0.08055183 0.02187879 0.05267275 0.05245435 0.05245435
 0.03597158 0.03034173 0.0175905  0.11726962 0.03042424 0.05245434
 0.05267276 0.05245434 0.01359302 0.01359302]
[0.02475251 0.02129643 0.06486649 0.03299398 0.05158462 0.05640004
 0.08202855 0.07757223 0.01891841 0.05304011 0.06486649 0.06486649
 0.02885182 0.03509141 0.01836301 0.07204962 0.02617359 0.0648665
 0.05304009 0.0648665  0.01175559 0.01175559]
[0.03501852 0.02910574 0.04877622 0.03201528 0.06085598 0.049328
 0.05785619 0.08983336 0.018979   0.05508472 0.04877622 0.04877622
 0.03369949 0.02667975 0.02001446 0.13405675 0.02738188 0.04877622
 0.05508472 0.04877622 0.01556255 0.01556255]
[0.03736052 0.0291202  0.04583853 0.02704804 0.05188001 0.06275655
 0.06140068 0.09152231 0.02439056 0.05620045 0.04583853 0.04583853
 0.03863762 0.03807294 0.02412114 0.10744524 0.02536321 0.04583852
 0.05620044 0.04583852 0.01964374 0.01964374]
[0.02988663 0.0265027  0.04998889 0.02865412 0.05940749 0.04592537
 0.06930789 0.09669688 0.02013455 0.04678902 0.04998889 0.04998889
 0.04074892 0.03346594 0.01940555 0.12608641 0.02836736 0.04998889
 0.04678902 0.04998889 0.01594383 0.01594383]
[0.0372748  0.03241572 0.0493981  0.03654853 0.05155773 0.05211383
 0.06078152 0.06616829 0.0248246  0.05866017 0.0493981  0.0493981
 0.03698952 0.03612986 0.01797925 0.11070284 0.03043071 0.04939811
 0.05866018 0.04939811 0.02088593 0.02088593]
[0.02988663 0.0265027  0.04998889 0.02865412 0.05940749 0.04592537
 0.06930789 0.09669688 0.02013455 0.04678902 0.04998889 0.04998889
 0.04074892 0.03346594 0.01940555 0.12608641 0.02836736 0.04998889
 0.04678902 0.04998889 0.01594383 0.01594383]
[0.02491301 0.02317734 0.04646781 0.02257163 0.05398341 0.0713722
 0.06703666 0.10486796 0.02011258 0.06473222 0.04646781 0.04646781
 0.03179675 0.03489141 0.01883129 0.11335378 0.02349659 0.04646781
 0.06473222 0.04646781 0.01389595 0.01389595]
[0.02491301 0.02317734 0.04646781 0.02257163 0.05398341 0.0713722
 0.06703666 0.10486796 0.02011258 0.06473222 0.04646781 0.04646781
 0.03179675 0.03489141 0.01883129 0.11335378 0.02349659 0.04646781
 0.06473222 0.04646781 0.01389595 0.01389595]]