165032
Test: public void test33() throws Throwable { ContinuousUniformSampler continuousUniformSampler0 = (ContinuousUniformSampler)ContinuousUniformSampler.of((UniformRandomProvider) null, 0.0, 3129.5, false); // Undeclared exception!  continuousUniformSampler0.toString();   }
Code: public String toString() { return "Uniform deviate [" + rng.toString() + "]"; }
[[0.06928365 0.08837371 0.08842488 0.09647813 0.07675527 0.0961183
 0.0961183  0.07223099 0.05623137 0.0961183  0.05623137 0.07721975
 0.03041595]
[0.07057972 0.07997993 0.09105134 0.11351311 0.07242768 0.09784807
 0.09784807 0.06824442 0.06102984 0.09784807 0.06102984 0.06038006
 0.02821971]
[0.05374536 0.12779307 0.08335592 0.10411115 0.08138672 0.09548774
 0.09548774 0.05075699 0.05394154 0.09548775 0.05394154 0.0775284
 0.02697607]
[0.06903539 0.09801817 0.06845142 0.1149251  0.07893674 0.08868647
 0.08868647 0.05072536 0.07229299 0.08868648 0.07229299 0.0693674
 0.039895  ]
[0.05063835 0.11102834 0.07015    0.10041928 0.07327533 0.10025413
 0.10025413 0.05852902 0.06996576 0.10025413 0.06996576 0.06781797
 0.02744775]
[0.05676823 0.10197208 0.08561705 0.09583887 0.06905505 0.09369162
 0.09369162 0.05812762 0.07858622 0.09369162 0.07858622 0.06222276
 0.03215102]
[0.05676823 0.10197208 0.08561705 0.09583887 0.06905505 0.09369162
 0.09369162 0.05812762 0.07858622 0.09369162 0.07858622 0.06222276
 0.03215102]
[0.05941891 0.11424154 0.07414161 0.12324616 0.09019479 0.08703904
 0.08703904 0.04533841 0.06646521 0.08703904 0.06646521 0.06943703
 0.02993406]
[0.06861799 0.10759401 0.07954244 0.09777896 0.08134323 0.09368058
 0.09368058 0.05944328 0.05837663 0.09368058 0.05837663 0.07432864
 0.0335565 ]
[0.05676823 0.10197208 0.08561705 0.09583887 0.06905505 0.09369162
 0.09369162 0.05812762 0.07858622 0.09369162 0.07858622 0.06222276
 0.03215102]
[0.06861799 0.10759401 0.07954244 0.09777896 0.08134323 0.09368058
 0.09368058 0.05944328 0.05837663 0.09368058 0.05837663 0.07432864
 0.0335565 ]
[0.0592096  0.1103351  0.08871519 0.11178412 0.08466889 0.09368588
 0.09368588 0.05763285 0.05743305 0.0936859  0.05743305 0.06982008
 0.0219104 ]
[0.04911662 0.08988985 0.09377424 0.13634796 0.11019797 0.09010142
 0.09010142 0.0573769  0.05436265 0.09010142 0.05436265 0.05541335
 0.02885356]]