166395
Test: public void test125() throws Throwable { Short short0 = new Short((short)0); Short short1 = PropertyConverter.toShort(short0); }
Code: public static Short toShort(final Object value) throws ConversionException { final Number n = toNumber(value, Short.class); if (n instanceof Short) { return (Short) n; } return n.shortValue(); }
[[0.0304713  0.08676536 0.03825621 0.04226924 0.02346769 0.03765929
 0.07400204 0.04226924 0.03815766 0.02413214 0.02208591 0.0208119
 0.0190154  0.04226924 0.02400242 0.08188215 0.02040521 0.01401357
 0.04226924 0.03815766 0.03322951 0.04226924 0.06175568 0.01244198
 0.03322951 0.04226924 0.01244198]
[0.03128521 0.08104806 0.03970472 0.04245343 0.02130057 0.03022766
 0.06438874 0.04245343 0.05274913 0.02267331 0.02017636 0.01866806
 0.02023824 0.04245343 0.02531179 0.08501197 0.01904121 0.01526505
 0.04245343 0.05274913 0.02944197 0.04245343 0.05758604 0.01448515
 0.02944198 0.04245343 0.01448515]
[0.0334245  0.07222674 0.04597562 0.03889013 0.01999182 0.03490353
 0.08014658 0.03889013 0.05082187 0.02335864 0.02256672 0.02089257
 0.02108338 0.03889013 0.02756909 0.08085968 0.01749732 0.01671727
 0.03889013 0.05082187 0.03538216 0.03889013 0.05335642 0.01184065
 0.03538216 0.03889014 0.01184064]
[0.02549712 0.08577541 0.04324247 0.04306436 0.01945075 0.04216089
 0.08214989 0.04306436 0.0376092  0.02377032 0.0193651  0.02233451
 0.02680458 0.04306436 0.02942308 0.06201215 0.02343117 0.02105752
 0.04306436 0.0376092  0.03087221 0.04306436 0.05220858 0.01298372
 0.03087222 0.04306437 0.01298372]
[0.02850559 0.08166088 0.04069588 0.03822816 0.02018701 0.03036329
 0.09901384 0.03822816 0.05426292 0.02027919 0.01592127 0.01794216
 0.01986309 0.03822816 0.02824257 0.08982262 0.01368396 0.01663867
 0.03822816 0.05426292 0.03494335 0.03822816 0.04872214 0.01033815
 0.03494335 0.03822817 0.01033815]
[0.02794274 0.09028523 0.04345931 0.04203364 0.01810877 0.03421687
 0.08836102 0.04203364 0.04454601 0.02203271 0.01867099 0.01920251
 0.02020238 0.04203364 0.02688844 0.08150438 0.01427521 0.01325538
 0.04203364 0.04454601 0.03319788 0.04203364 0.05156631 0.01116909
 0.03319788 0.04203364 0.01116908]
[0.02142153 0.0741885  0.05183748 0.03894557 0.01973531 0.04505844
 0.10849638 0.03894557 0.0477071  0.01722249 0.01785212 0.01665493
 0.01868606 0.03894557 0.02293823 0.09559954 0.01385677 0.01256621
 0.03894557 0.0477071  0.03428107 0.03894557 0.04707762 0.00957926
 0.03428108 0.03894559 0.00957926]
[0.02549712 0.08577541 0.04324247 0.04306436 0.01945075 0.04216089
 0.08214989 0.04306436 0.0376092  0.02377032 0.0193651  0.02233451
 0.02680458 0.04306436 0.02942308 0.06201215 0.02343117 0.02105752
 0.04306436 0.0376092  0.03087221 0.04306436 0.05220858 0.01298372
 0.03087222 0.04306437 0.01298372]
[0.03130195 0.07225423 0.05819192 0.04185443 0.01864038 0.0346171
 0.05574965 0.04185443 0.04842697 0.03065896 0.01778783 0.02120356
 0.02597305 0.04185443 0.02536001 0.05416111 0.02592303 0.02292367
 0.04185443 0.04842697 0.03627262 0.04185443 0.04997118 0.01737827
 0.03627263 0.04185444 0.01737827]
[0.02767322 0.08139123 0.04534593 0.04416832 0.02050294 0.0255755
 0.0748993  0.04416832 0.04456617 0.01822351 0.01893516 0.01783692
 0.02147235 0.04416832 0.02324099 0.09315503 0.02038968 0.01553746
 0.04416832 0.04456617 0.04018006 0.04416832 0.04350368 0.00890732
 0.04018006 0.04416833 0.00890732]
[0.0286722  0.06802394 0.04121926 0.04154648 0.01955696 0.03550693
 0.09636791 0.04154648 0.04563091 0.02032215 0.01749011 0.01938102
 0.01966172 0.04154648 0.02315475 0.08607197 0.02055145 0.01549944
 0.04154648 0.04563091 0.04070393 0.04154648 0.0453351  0.01061826
 0.04070393 0.04154649 0.01061826]
[0.02531532 0.0746647  0.05864143 0.04215932 0.01881665 0.03444164
 0.09868149 0.04215932 0.04339767 0.01834073 0.01809918 0.02045567
 0.01652059 0.04215932 0.02408438 0.08335657 0.01550639 0.01504109
 0.04215932 0.04339767 0.03756204 0.04215932 0.04404867 0.0095551
 0.03756205 0.04215933 0.0095551 ]
[0.03221109 0.07608976 0.0563471  0.04559985 0.02081956 0.03531217
 0.04859764 0.04559985 0.03498927 0.02708461 0.01829997 0.02427588
 0.02630622 0.04559985 0.02601969 0.07102612 0.02276542 0.01842093
 0.04559985 0.03498927 0.03509185 0.04559985 0.05175935 0.01545157
 0.03509186 0.04559986 0.01545157]
[0.02549712 0.08577541 0.04324247 0.04306436 0.01945075 0.04216089
 0.08214989 0.04306436 0.0376092  0.02377032 0.0193651  0.02233451
 0.02680458 0.04306436 0.02942308 0.06201215 0.02343117 0.02105752
 0.04306436 0.0376092  0.03087221 0.04306436 0.05220858 0.01298372
 0.03087222 0.04306437 0.01298372]
[0.03147757 0.07837763 0.05243856 0.04005159 0.01924014 0.03830982
 0.08977167 0.04005159 0.04450746 0.02024041 0.01806738 0.01680343
 0.02048074 0.04005159 0.02340809 0.08092067 0.0199147  0.01478137
 0.04005159 0.04450746 0.03429636 0.04005159 0.05334412 0.01225324
 0.03429637 0.04005159 0.01225324]
[0.0191015  0.10802773 0.04467741 0.0458828  0.01479181 0.02794008
 0.1131642  0.0458828  0.03642808 0.01364911 0.01331339 0.01295328
 0.01462737 0.0458828  0.02219785 0.10630871 0.02182569 0.01226638
 0.0458828  0.03642808 0.02492657 0.0458828  0.0456921  0.00572865
 0.02492657 0.0458828  0.00572865]
[0.02855545 0.0874221  0.04879484 0.03654192 0.02186992 0.03284426
 0.099937   0.03654192 0.04153867 0.02195565 0.01666309 0.01571655
 0.01815579 0.03654192 0.02508722 0.0933333  0.01750104 0.0192015
 0.03654192 0.04153867 0.03923027 0.03654192 0.05396074 0.00910606
 0.03923027 0.03654192 0.00910606]
[0.02472968 0.11181072 0.04517249 0.0390859  0.02065346 0.04430076
 0.08438369 0.0390859  0.03815544 0.0213704  0.02111689 0.01429641
 0.01864406 0.0390859  0.02000158 0.07854253 0.01635613 0.01408635
 0.0390859  0.03815544 0.03056126 0.0390859  0.06988511 0.01135048
 0.03056126 0.03908591 0.01135048]
[0.02549712 0.08577541 0.04324247 0.04306436 0.01945075 0.04216089
 0.08214989 0.04306436 0.0376092  0.02377032 0.0193651  0.02233451
 0.02680458 0.04306436 0.02942308 0.06201215 0.02343117 0.02105752
 0.04306436 0.0376092  0.03087221 0.04306436 0.05220858 0.01298372
 0.03087222 0.04306437 0.01298372]
[0.03130195 0.07225423 0.05819192 0.04185443 0.01864038 0.0346171
 0.05574965 0.04185443 0.04842697 0.03065896 0.01778783 0.02120356
 0.02597305 0.04185443 0.02536001 0.05416111 0.02592303 0.02292367
 0.04185443 0.04842697 0.03627262 0.04185443 0.04997118 0.01737827
 0.03627263 0.04185444 0.01737827]
[0.02111832 0.09163404 0.0507182  0.0440486  0.01976639 0.0368943
 0.08449382 0.0440486  0.03729742 0.01887562 0.01726866 0.01627241
 0.02040308 0.0440486  0.01971303 0.08967305 0.01774614 0.01467274
 0.0440486  0.03729742 0.03134512 0.0440486  0.05832603 0.01042377
 0.03134513 0.04404861 0.01042377]
[0.02549712 0.08577541 0.04324247 0.04306436 0.01945075 0.04216089
 0.08214989 0.04306436 0.0376092  0.02377032 0.0193651  0.02233451
 0.02680458 0.04306436 0.02942308 0.06201215 0.02343117 0.02105752
 0.04306436 0.0376092  0.03087221 0.04306436 0.05220858 0.01298372
 0.03087222 0.04306437 0.01298372]
[0.0285021  0.08355404 0.03570636 0.03942858 0.02324312 0.04830191
 0.06817732 0.03942858 0.04346228 0.02542512 0.02509016 0.0224817
 0.01919946 0.03942858 0.02900725 0.06883763 0.0185964  0.01703947
 0.03942858 0.04346228 0.0377781  0.03942858 0.06452401 0.01163083
 0.0377781  0.03942858 0.01163083]
[0.021245   0.0858818  0.04292931 0.04027602 0.02128336 0.02559484
 0.08971159 0.04027602 0.05144884 0.01895804 0.01424663 0.01903683
 0.01886879 0.04027602 0.02633333 0.08129846 0.01390793 0.0141133
 0.04027602 0.05144884 0.04548934 0.04027602 0.04861164 0.01122333
 0.04548934 0.04027602 0.01122333]
[0.02111832 0.09163404 0.05071819 0.0440486  0.01976639 0.0368943
 0.08449382 0.0440486  0.03729741 0.01887562 0.01726865 0.01627241
 0.02040307 0.0440486  0.01971303 0.08967304 0.01774614 0.01467274
 0.0440486  0.03729741 0.03134512 0.0440486  0.05832602 0.01042377
 0.03134513 0.04404861 0.01042377]
[0.02549712 0.08577539 0.04324247 0.04306436 0.01945075 0.0421609
 0.0821499  0.04306436 0.03760921 0.02377032 0.01936511 0.02233451
 0.02680457 0.04306436 0.02942307 0.06201216 0.02343118 0.02105752
 0.04306436 0.03760921 0.03087221 0.04306436 0.05220858 0.01298372
 0.03087221 0.04306436 0.01298372]
[0.021245   0.08588178 0.04292931 0.04027601 0.02128337 0.02559484
 0.08971159 0.04027601 0.05144884 0.01895804 0.01424663 0.01903684
 0.01886879 0.04027601 0.02633334 0.08129846 0.01390793 0.0141133
 0.04027601 0.05144884 0.04548934 0.04027601 0.04861165 0.01122333
 0.04548935 0.04027602 0.01122333]]