134893
Test: public void test26() throws Throwable { // Undeclared exception!  Attribute.createFromEncoded("data-", (String) null);   }
Code: public static Attribute createFromEncoded(String unencodedKey, String encodedValue) { String value = Entities.unescape(encodedValue, true); return new Attribute(unencodedKey, value, null); // parent will get set when Put }
[[0.02540178 0.08008969 0.07506964 0.03524113 0.03524113 0.03227668
 0.03524113 0.03624985 0.03227668 0.08788183 0.01613524 0.03524113
 0.06658265 0.02824953 0.01264722 0.03524113 0.02433294 0.04417629
 0.03524113 0.08013124 0.02268034 0.01374913 0.02689726 0.03714046
 0.03524113 0.01134356]
[0.0264181  0.07444832 0.06834701 0.03510023 0.03510023 0.0383021
 0.03510023 0.05160595 0.0383021  0.08756783 0.01712966 0.03510023
 0.05987477 0.02534557 0.0115987  0.03510023 0.02390557 0.03157475
 0.03510023 0.08482945 0.02515572 0.01355821 0.02583013 0.03681388
 0.03510023 0.01369064]
[0.01927635 0.08295672 0.07559445 0.03535817 0.03535817 0.03507728
 0.03535817 0.03377911 0.03507728 0.11178038 0.01711787 0.03535817
 0.06778518 0.0262469  0.01060673 0.03535817 0.02190494 0.03229776
 0.03535817 0.07253388 0.02323369 0.01648924 0.02491611 0.03521755
 0.03535818 0.01060123]
[0.020948   0.07570603 0.06437505 0.03447115 0.03447115 0.03741405
 0.03447115 0.03592891 0.03741405 0.08641329 0.02309309 0.03447115
 0.06547076 0.02549683 0.01616126 0.03447115 0.02435445 0.03710679
 0.03447115 0.08538304 0.02848104 0.01363394 0.03518502 0.03412134
 0.03447116 0.01201502]
[0.020948   0.07570603 0.06437505 0.03447115 0.03447115 0.03741405
 0.03447115 0.03592891 0.03741405 0.08641329 0.02309309 0.03447115
 0.06547076 0.02549683 0.01616126 0.03447115 0.02435445 0.03710679
 0.03447115 0.08538304 0.02848104 0.01363394 0.03518502 0.03412134
 0.03447116 0.01201502]
[0.02612437 0.08137155 0.0617319  0.03635079 0.03635079 0.02970907
 0.03635079 0.04140934 0.02970907 0.09867612 0.0176028  0.03635079
 0.06547996 0.02673729 0.01119206 0.03635079 0.02372359 0.03793206
 0.03635079 0.08540346 0.02140021 0.01757948 0.02732725 0.03210493
 0.03635079 0.01032997]
[0.020948   0.07570603 0.06437505 0.03447115 0.03447115 0.03741405
 0.03447115 0.03592891 0.03741405 0.08641329 0.02309309 0.03447115
 0.06547076 0.02549683 0.01616126 0.03447115 0.02435445 0.03710679
 0.03447115 0.08538304 0.02848104 0.01363394 0.03518502 0.03412134
 0.03447116 0.01201502]
[0.02874662 0.07091489 0.05178608 0.03572395 0.03572395 0.03909205
 0.03572395 0.05055807 0.03909205 0.06575969 0.02412817 0.03572395
 0.05935756 0.03251638 0.0154103  0.03572395 0.03136755 0.02733721
 0.03572395 0.07748313 0.02888788 0.01894807 0.03150805 0.03990448
 0.03572395 0.01713422]
[0.02612437 0.08137155 0.0617319  0.03635079 0.03635079 0.02970907
 0.03635079 0.04140934 0.02970907 0.09867612 0.0176028  0.03635079
 0.06547996 0.02673729 0.01119206 0.03635079 0.02372359 0.03793206
 0.03635079 0.08540346 0.02140021 0.01757948 0.02732725 0.03210493
 0.03635079 0.01032997]
[0.01931798 0.07321102 0.06840616 0.03341127 0.03341127 0.03508188
 0.03341127 0.03734808 0.03508188 0.11435669 0.01794667 0.03341127
 0.07045648 0.03004846 0.01131089 0.03341127 0.01960558 0.0374843
 0.03341127 0.08772616 0.02053053 0.01618005 0.0284088  0.03159996
 0.03341127 0.01201962]
[0.02950922 0.07293921 0.05733359 0.04173219 0.04173219 0.03495026
 0.04173219 0.03357534 0.03495026 0.05717552 0.02453754 0.04173219
 0.05455562 0.0324369  0.01390017 0.04173219 0.02763729 0.03009605
 0.04173219 0.0638734  0.03345467 0.02132833 0.03060126 0.04049791
 0.04173219 0.01452221]
[0.020948   0.07570603 0.06437505 0.03447115 0.03447115 0.03741405
 0.03447115 0.03592891 0.03741405 0.08641329 0.02309309 0.03447115
 0.06547076 0.02549683 0.01616126 0.03447115 0.02435445 0.03710679
 0.03447115 0.08538304 0.02848104 0.01363394 0.03518502 0.03412134
 0.03447116 0.01201502]
[0.02509252 0.0711101  0.0654944  0.03869624 0.03869624 0.035815
 0.03869624 0.04160354 0.035815   0.08208025 0.01609719 0.03869624
 0.06552517 0.02662589 0.01332618 0.03869624 0.023398   0.0319691
 0.03869624 0.07899092 0.02138926 0.01941162 0.03071064 0.03281206
 0.03869624 0.01185946]
[0.01715134 0.08280139 0.07611079 0.03313938 0.03313938 0.03569833
 0.03313938 0.03568446 0.03569833 0.08508313 0.01689937 0.03313938
 0.07989359 0.02453159 0.01010751 0.03313938 0.01782264 0.03776939
 0.03313938 0.09326667 0.02725437 0.01541704 0.02891833 0.0382461
 0.03313939 0.00967003]
[0.02305507 0.07056689 0.07199996 0.03418152 0.03418152 0.03920569
 0.03418152 0.04455222 0.03920569 0.08243841 0.01820978 0.03418152
 0.06491243 0.03251423 0.01466545 0.03418152 0.02551005 0.04405554
 0.03418152 0.07035181 0.02354323 0.01827668 0.02632867 0.03859953
 0.03418152 0.01273803]
[0.020948   0.07570603 0.06437505 0.03447115 0.03447115 0.03741405
 0.03447115 0.03592891 0.03741405 0.08641329 0.02309309 0.03447115
 0.06547076 0.02549683 0.01616126 0.03447115 0.02435445 0.03710679
 0.03447115 0.08538304 0.02848104 0.01363394 0.03518502 0.03412134
 0.03447116 0.01201502]
[0.01646686 0.09097988 0.07765841 0.02962564 0.02962564 0.03125106
 0.02962564 0.05194566 0.03125106 0.12377658 0.01465064 0.02962564
 0.07335319 0.02481073 0.0083708  0.02962564 0.01746017 0.0346021
 0.02962564 0.10479674 0.01697616 0.0152235  0.02462093 0.02577272
 0.02962565 0.00865332]
[0.01824204 0.08159442 0.06176783 0.03564807 0.03564807 0.02843732
 0.03564807 0.04153479 0.02843732 0.11940897 0.01667344 0.03564807
 0.07015882 0.03312955 0.01034016 0.03564807 0.02056022 0.03146519
 0.03564807 0.08891317 0.01622313 0.01390737 0.03018661 0.0325886
 0.03564807 0.00689464]
[0.020948   0.07570603 0.06437505 0.03447115 0.03447115 0.03741405
 0.03447115 0.03592891 0.03741405 0.08641329 0.02309309 0.03447115
 0.06547076 0.02549683 0.01616126 0.03447115 0.02435445 0.03710679
 0.03447115 0.08538304 0.02848104 0.01363394 0.03518502 0.03412134
 0.03447116 0.01201502]
[0.01951263 0.0773954  0.06436884 0.03201658 0.03201658 0.04410701
 0.03201658 0.03769469 0.04410701 0.11177851 0.01837136 0.03201658
 0.06960921 0.03905834 0.01275879 0.03201658 0.02435705 0.0374378
 0.03201658 0.07205168 0.01872166 0.0157971  0.0356013  0.02599832
 0.03201658 0.00715725]
[0.02650379 0.08735151 0.07174735 0.03561245 0.03561245 0.03760444
 0.03561245 0.04205481 0.03760444 0.07023662 0.01796765 0.03561245
 0.07761014 0.03069037 0.01106232 0.03561245 0.01825917 0.0312683
 0.03561245 0.08825333 0.02106662 0.01690314 0.02756153 0.02737095
 0.03561245 0.00959643]
[0.02030538 0.07388149 0.06749003 0.03891947 0.03891947 0.02995021
 0.03891947 0.039035   0.02995021 0.09140328 0.01505569 0.03891947
 0.06365887 0.03170118 0.01147231 0.03891947 0.02301067 0.0390027
 0.03891947 0.08292981 0.02135201 0.01648415 0.02610446 0.03392154
 0.03891947 0.01085477]
[0.02522369 0.06206769 0.06335695 0.03592696 0.03592696 0.03649091
 0.03592696 0.04997402 0.03649091 0.07415971 0.0209984  0.03592696
 0.07181671 0.02378892 0.01093739 0.03592696 0.02342208 0.03787904
 0.03592696 0.08750457 0.02658762 0.01780244 0.02713953 0.03964091
 0.03592697 0.01322988]
[0.02143132 0.06960733 0.08144669 0.03713619 0.03713619 0.03290579
 0.03713619 0.04466621 0.03290579 0.09129535 0.01587577 0.03713619
 0.06893775 0.02855229 0.00959265 0.03713619 0.01847295 0.03442603
 0.03713619 0.07952446 0.02006827 0.01666444 0.02870181 0.03454947
 0.0371362  0.01042228]
[0.02094801 0.07570603 0.06437505 0.03447116 0.03447116 0.03741405
 0.03447116 0.03592892 0.03741405 0.0864133  0.02309309 0.03447116
 0.06547076 0.02549683 0.01616125 0.03447116 0.02435446 0.03710679
 0.03447116 0.08538301 0.02848104 0.01363394 0.03518502 0.03412134
 0.03447116 0.01201502]
[0.01796061 0.0784374  0.05622405 0.03318024 0.03318024 0.03288018
 0.03318024 0.04851533 0.03288018 0.11655963 0.01649704 0.03318024
 0.07165029 0.03990806 0.01007895 0.03318024 0.01842546 0.02835624
 0.03318024 0.09425099 0.01681046 0.01486157 0.02992021 0.03319503
 0.03318025 0.01032662]]