149401
Test: public void test2() throws Throwable { NNTPClient nNTPClient0 = new NNTPClient(); // Undeclared exception!  nNTPClient0.retrieveHeader("OVERVIEW.FMT", 0);   }
Code: private BufferedReader retrieveHeader(final String header, final String articleRange) throws IOException { if (!NNTPReply.isPositiveCompletion(xhdr(header, articleRange))) { return null; } return new DotTerminatedMessageReader(_reader_); }
[[0.05136707 0.04149677 0.04246178 0.04352061 0.02595299 0.02190718
 0.04352061 0.04246178 0.08926901 0.02048607 0.05825591 0.11524255
 0.04246178 0.04246178 0.05825591 0.03674563 0.09421602 0.01589807
 0.03674563 0.01891306 0.04246178 0.01589807]
[0.04451944 0.03752497 0.04723557 0.04977848 0.0345162  0.027446
 0.04977848 0.04723557 0.0886082  0.01733933 0.05885898 0.09203382
 0.04723557 0.04723557 0.05885898 0.04482214 0.07143351 0.01294509
 0.04482214 0.01759131 0.04723558 0.01294509]
[0.05199967 0.04265726 0.0489824  0.05416929 0.0263091  0.02764756
 0.05416929 0.0489824  0.09420861 0.01933569 0.04457933 0.07133184
 0.0489824  0.0489824  0.04457933 0.03535759 0.10081871 0.01526978
 0.03535759 0.02202764 0.0489824  0.01526977]
[0.04148588 0.03541128 0.05229109 0.04270262 0.02615022 0.02777387
 0.04270262 0.05229109 0.09880702 0.02038464 0.05244436 0.10670884
 0.05229109 0.05229109 0.05244436 0.03687293 0.07523003 0.01342092
 0.03687292 0.01571115 0.05229109 0.01342092]
[0.04739511 0.03900631 0.04658936 0.04790426 0.03045966 0.03003009
 0.04790426 0.04658936 0.09164383 0.01873324 0.05975252 0.09059122
 0.04658936 0.04658936 0.05975252 0.0446872  0.07058144 0.01308863
 0.0446872  0.01774704 0.04658937 0.01308862]
[0.03959704 0.04574192 0.0497871  0.04996927 0.03266814 0.02126251
 0.04996927 0.0497871  0.084658   0.01984115 0.05343297 0.10683665
 0.0497871  0.0497871  0.05343297 0.04647772 0.06517038 0.01057348
 0.04647773 0.01438178 0.04978711 0.01057348]
[0.04148588 0.03541128 0.05229109 0.04270262 0.02615022 0.02777387
 0.04270262 0.05229109 0.09880702 0.02038464 0.05244436 0.10670884
 0.05229109 0.05229109 0.05244436 0.03687293 0.07523003 0.01342092
 0.03687292 0.01571115 0.05229109 0.01342092]
[0.05199967 0.04265726 0.0489824  0.05416929 0.0263091  0.02764756
 0.05416929 0.0489824  0.09420861 0.01933569 0.04457933 0.07133184
 0.0489824  0.0489824  0.04457933 0.03535759 0.10081871 0.01526978
 0.03535759 0.02202764 0.0489824  0.01526977]
[0.03569349 0.03850066 0.04408105 0.04892446 0.0276864  0.02009631
 0.04892446 0.04408105 0.12306128 0.01531363 0.05741546 0.11048025
 0.04408105 0.04408105 0.05741546 0.04004203 0.08043545 0.01137111
 0.04004204 0.0128211  0.04408107 0.01137111]
[0.03638062 0.03804574 0.05349471 0.04918005 0.02126308 0.02386456
 0.04918005 0.05349471 0.10866223 0.01523357 0.04746487 0.11422972
 0.05349471 0.05349471 0.04746487 0.03991238 0.06663394 0.0102913
 0.03991238 0.01451576 0.05349472 0.0102913 ]
[0.04448103 0.04789278 0.04788459 0.05315281 0.02881244 0.03607684
 0.05315281 0.04788459 0.06480124 0.02474857 0.05954446 0.06318133
 0.04788459 0.04788459 0.05954446 0.0421973  0.07854705 0.02091503
 0.04219731 0.02041659 0.04788461 0.02091503]
[0.04446163 0.04126652 0.05129672 0.05070147 0.01860089 0.01636018
 0.05070147 0.05129672 0.12899797 0.0135042  0.04476871 0.1231364
 0.05129672 0.05129672 0.04476871 0.02879796 0.08640213 0.00691067
 0.02879796 0.00842886 0.05129673 0.00691066]
[0.05199967 0.04265726 0.0489824  0.05416929 0.0263091  0.02764756
 0.05416929 0.0489824  0.09420861 0.01933569 0.04457933 0.07133184
 0.0489824  0.0489824  0.04457933 0.03535759 0.10081871 0.01526978
 0.03535759 0.02202764 0.0489824  0.01526977]
[0.05199967 0.04265726 0.0489824  0.05416929 0.0263091  0.02764756
 0.05416929 0.0489824  0.09420861 0.01933569 0.04457933 0.07133184
 0.0489824  0.0489824  0.04457933 0.03535759 0.10081871 0.01526978
 0.03535759 0.02202764 0.0489824  0.01526977]
[0.04448103 0.04789278 0.04788459 0.05315281 0.02881244 0.03607684
 0.05315281 0.04788459 0.06480124 0.02474857 0.05954446 0.06318133
 0.04788459 0.04788459 0.05954446 0.0421973  0.07854705 0.02091503
 0.04219731 0.02041659 0.04788461 0.02091503]
[0.04749861 0.04005475 0.04918075 0.05523666 0.02384432 0.02245221
 0.05523666 0.04918075 0.09260899 0.01882496 0.04734756 0.10153088
 0.04918075 0.04918075 0.04734756 0.03570761 0.09004189 0.01300588
 0.03570762 0.01464425 0.04918076 0.01300588]
[0.04300425 0.03343228 0.05530557 0.0553519  0.02654042 0.02830113
 0.0553519  0.05530557 0.09599517 0.01699573 0.04492331 0.0929441
 0.05530557 0.05530557 0.04492331 0.03922759 0.06313817 0.01426925
 0.03922759 0.01557686 0.05530558 0.01426925]
[0.03732316 0.04575909 0.04484607 0.04367961 0.02788791 0.02143173
 0.04367961 0.04484607 0.10052066 0.01882318 0.05976615 0.09167837
 0.04484607 0.04484607 0.05976615 0.05163494 0.0829623  0.01293386
 0.05163493 0.01335413 0.04484608 0.01293386]
[0.04749861 0.04005475 0.04918075 0.05523666 0.02384432 0.02245221
 0.05523666 0.04918075 0.09260899 0.01882496 0.04734756 0.10153088
 0.04918075 0.04918075 0.04734756 0.03570761 0.09004189 0.01300588
 0.03570762 0.01464425 0.04918076 0.01300588]
[0.04352389 0.03731363 0.04570017 0.0539791  0.02661005 0.02372989
 0.0539791  0.04570017 0.10218275 0.02034982 0.05296132 0.10103096
 0.04570017 0.04570017 0.05296132 0.04164679 0.0694019  0.01542642
 0.0416468  0.01932894 0.04570018 0.01542642]
[0.05199966 0.04265724 0.0489824  0.05416927 0.0263091  0.02764756
 0.05416927 0.0489824  0.09420861 0.01933569 0.04457933 0.07133184
 0.0489824  0.0489824  0.04457933 0.03535759 0.10081871 0.01526977
 0.03535759 0.02202764 0.0489824  0.01526977]
[0.03732315 0.04575908 0.04484606 0.04367962 0.02788792 0.02143173
 0.04367962 0.04484606 0.10052064 0.01882318 0.05976616 0.09167834
 0.04484606 0.04484606 0.05976616 0.05163493 0.0829623  0.01293386
 0.05163493 0.01335413 0.04484607 0.01293386]]