29994
Test: public void test6() throws Throwable { Class<Locale.FilteringMode> class0 = Locale.FilteringMode.class; Locale.FilteringMode[] locale_FilteringModeArray0 = new Locale.FilteringMode[7]; // Undeclared exception!  EnumUtil.generateBits(class0, locale_FilteringModeArray0);   }
Code: public static <E extends Enum<E>> long generateBits(final Class<E> enumClass, final Iterable<? extends E> values) { return EnumUtils.generateBitVector(enumClass, values); }
[[0.03872719 0.11328574 0.0537233  0.02602032 0.0537233  0.06476853
 0.0537233  0.0537233  0.04831439 0.0308978  0.0537233  0.02602032
 0.11348317 0.05355534 0.05021985 0.0424456  0.05372331 0.05373181
 0.01619016]
[0.03984682 0.10680276 0.05362602 0.02600759 0.05362602 0.05053568
 0.05362602 0.05362602 0.07061319 0.0294229  0.05362602 0.02600759
 0.09840358 0.05931596 0.07138649 0.03778706 0.05362602 0.0427971
 0.01931716]
[0.0315029  0.1103766  0.05244379 0.03357577 0.05244379 0.05514108
 0.05244379 0.05244379 0.05852332 0.03060571 0.05244379 0.03357577
 0.10467674 0.06549355 0.05069313 0.03825557 0.0524438  0.05574291
 0.0171742 ]
[0.03496321 0.08710891 0.05691203 0.02674203 0.05691203 0.06353352
 0.05691203 0.05691203 0.07091984 0.02889575 0.05691203 0.02674203
 0.08996876 0.05330212 0.06275986 0.0449218  0.05691203 0.05081139
 0.01785858]
[0.0315029  0.1103766  0.05244379 0.03357577 0.05244379 0.05514108
 0.05244379 0.05244379 0.05852332 0.03060571 0.05244379 0.03357577
 0.10467674 0.06549355 0.05069313 0.03825557 0.0524438  0.05574291
 0.0171742 ]
[0.02595104 0.13036251 0.04871293 0.03945994 0.04871293 0.05401995
 0.04871293 0.04871293 0.04468513 0.02406392 0.04871293 0.03945994
 0.11604317 0.06939185 0.06091262 0.03844716 0.04871294 0.0503715
 0.01455359]
[0.0315029  0.1103766  0.05244379 0.03357577 0.05244379 0.05514108
 0.05244379 0.05244379 0.05852332 0.03060571 0.05244379 0.03357577
 0.10467674 0.06549355 0.05069313 0.03825557 0.0524438  0.05574291
 0.0171742 ]
[0.0315029  0.1103766  0.05244379 0.03357577 0.05244379 0.05514108
 0.05244379 0.05244379 0.05852332 0.03060571 0.05244379 0.03357577
 0.10467674 0.06549355 0.05069313 0.03825557 0.0524438  0.05574291
 0.0171742 ]
[0.03241897 0.1067131  0.04786181 0.02745326 0.04786181 0.05609691
 0.04786181 0.04786181 0.08397659 0.02227049 0.04786181 0.02745326
 0.12386326 0.06578778 0.06701384 0.0439813  0.04786182 0.04563204
 0.01016826]
[0.03561388 0.10602769 0.05410011 0.02875466 0.05410011 0.05288786
 0.05410011 0.05410011 0.06383338 0.02390792 0.05410011 0.02875466
 0.1069463  0.06132612 0.06162625 0.05182644 0.05410011 0.04181052
 0.01208367]
[0.0315029  0.1103766  0.05244379 0.03357577 0.05244379 0.05514108
 0.05244379 0.05244379 0.05852332 0.03060571 0.05244379 0.03357577
 0.10467674 0.06549355 0.05069313 0.03825557 0.0524438  0.05574291
 0.0171742 ]
[0.03496321 0.08710891 0.05691203 0.02674203 0.05691203 0.06353352
 0.05691203 0.05691203 0.07091984 0.02889575 0.05691203 0.02674203
 0.08996876 0.05330212 0.06275986 0.0449218  0.05691203 0.05081139
 0.01785858]
[0.0309959  0.09646621 0.06136945 0.03067095 0.06136945 0.05359214
 0.06136945 0.06136945 0.04727274 0.02409499 0.06136945 0.03067095
 0.09720813 0.06124861 0.05803718 0.03743674 0.06136947 0.04809905
 0.01598976]
[0.03774399 0.10647597 0.0538353  0.03799956 0.0538353  0.05275879
 0.0538353  0.0538353  0.06800025 0.0265453  0.0538353  0.03799956
 0.10467012 0.05033929 0.05699022 0.04371506 0.05383531 0.0406355
 0.01311463]
[0.03931877 0.09344089 0.05097781 0.03424085 0.05097781 0.06205119
 0.05097781 0.05097781 0.06324933 0.0386532  0.05097781 0.03424085
 0.08051594 0.06735538 0.06440828 0.04509483 0.05097782 0.0490437
 0.02251992]
[0.02525532 0.1163553  0.05054881 0.03421266 0.05054881 0.07003357
 0.05054881 0.05054881 0.04474199 0.02314833 0.05054881 0.03421266
 0.13336504 0.05888156 0.048961   0.0367378  0.05054882 0.05736319
 0.01343872]
[0.0315029  0.11037659 0.05244379 0.03357577 0.05244379 0.05514108
 0.05244379 0.05244379 0.05852334 0.03060571 0.05244379 0.03357577
 0.10467671 0.06549355 0.05069314 0.03825557 0.05244379 0.0557429
 0.0171742 ]
[0.030947   0.11601534 0.05240425 0.039864   0.05240425 0.05404215
 0.05240425 0.05240425 0.05298865 0.03121334 0.05240425 0.039864
 0.07712002 0.0630075  0.06242056 0.0478408  0.05240427 0.054011
 0.01624008]
[0.02728665 0.113191   0.05129956 0.03192096 0.05129956 0.04429445
 0.05129956 0.05129956 0.08702905 0.0245415  0.05129956 0.03192096
 0.09671352 0.05827219 0.06856407 0.05914369 0.05129957 0.03449474
 0.01482987]]