168328
Test: public void test3() throws Throwable { TimestampServiceImpl timestampServiceImpl0 = new TimestampServiceImpl(); timestampServiceImpl0.setTimer((TimestampServiceImpl.Timer) null); // Undeclared exception!  timestampServiceImpl0.getNonce();   }
Code: public String getNonce() { final Long ts = getTs(); return String.valueOf(ts + timer.getRandomInteger()); }
[[0.05815836 0.07366249 0.08068752 0.08466483 0.04762004 0.13175915
 0.10582879 0.03704882 0.08068752 0.06488457 0.08068752 0.04728598
 0.08068754 0.02633677]
[0.05806845 0.06492728 0.07939532 0.09842969 0.04673336 0.13908465
 0.10167551 0.03886536 0.07939532 0.0601794  0.07939532 0.05027981
 0.07939533 0.02417515]
[0.04606973 0.08067284 0.07504587 0.0832432  0.04742336 0.13677467
 0.10564248 0.05168723 0.07504587 0.05618523 0.07504587 0.06456126
 0.07504588 0.02755658]
[0.05863992 0.08100764 0.0737573  0.10114993 0.05784947 0.0954734
 0.09896813 0.04912903 0.07375731 0.06658895 0.07375731 0.06159518
 0.07375732 0.03456911]
[0.05190492 0.07561702 0.07545043 0.09510868 0.03540827 0.13724713
 0.11878078 0.04004881 0.07545042 0.07567856 0.07545042 0.05002435
 0.07545044 0.01837981]
[0.04245739 0.09620095 0.06376321 0.11261372 0.05481341 0.13836648
 0.11894916 0.04180763 0.06376322 0.07211286 0.06376322 0.04411243
 0.06376322 0.02351305]
[0.05153685 0.08730374 0.07229637 0.10970151 0.04749367 0.13281292
 0.09593587 0.03831048 0.07229637 0.06016155 0.07229637 0.06191448
 0.07229637 0.02564345]
[0.06130646 0.07222232 0.0866275  0.07233812 0.05174968 0.09403075
 0.09646742 0.05172157 0.0866275  0.06787909 0.0866275  0.0549811
 0.08662751 0.03079347]
[0.04606973 0.08067284 0.07504587 0.0832432  0.04742336 0.13677467
 0.10564248 0.05168723 0.07504587 0.05618523 0.07504587 0.06456126
 0.07504588 0.02755658]
[0.04012326 0.07999845 0.07602035 0.08655903 0.03793391 0.1579966
 0.11754648 0.03972166 0.07602035 0.05685982 0.07602035 0.05586985
 0.07602036 0.02330952]
[0.04606973 0.08067284 0.07504587 0.0832432  0.04742336 0.13677467
 0.10564248 0.05168723 0.07504587 0.05618523 0.07504587 0.06456126
 0.07504588 0.02755658]
[0.05597098 0.08210842 0.07335308 0.08767515 0.05456157 0.12657078
 0.11202636 0.04086765 0.07335309 0.06801957 0.07335309 0.04928697
 0.07335309 0.02950023]
[0.04606973 0.08067282 0.07504586 0.0832432  0.04742336 0.13677469
 0.10564248 0.05168722 0.07504586 0.05618523 0.07504586 0.06456126
 0.07504587 0.02755658]
[0.03871629 0.07079186 0.0695189  0.11616129 0.03628165 0.13580394
 0.13045871 0.03681926 0.0695189  0.08937425 0.0695189  0.04332289
 0.06951892 0.0241942 ]]