31017
Test: public void test48() throws Throwable { Stack<String> stack0 = new Stack<String>(); boolean boolean0 = CollectionUtil.isNotEmpty(stack0); }
Code: public static boolean isNotEmpty(Collection<?> collection) { return (collection != null) && !(collection.isEmpty()); }
[[0.06084452 0.17334649 0.1565756  0.08440245 0.08440245 0.07624689
 0.06635877 0.08440245 0.03259302 0.03332074 0.03824839 0.08440246
 0.02485581]
[0.05795417 0.15604015 0.17529869 0.07790729 0.07790729 0.10465331
 0.05501508 0.07790729 0.03891051 0.03046704 0.04176574 0.07790728
 0.02826618]
[0.0418811  0.15339328 0.22632724 0.08088911 0.08088911 0.09929737
 0.06733109 0.08088911 0.02041905 0.02103786 0.02793561 0.08088911
 0.01882085]
[0.04908365 0.17256066 0.18238136 0.08160906 0.08160906 0.07954686
 0.05961965 0.08160906 0.03260956 0.03510978 0.03574269 0.08160906
 0.02690956]
[0.04908365 0.17256066 0.18238136 0.08160906 0.08160906 0.07954686
 0.05961965 0.08160906 0.03260956 0.03510978 0.03574269 0.08160906
 0.02690956]
[0.06118979 0.14440846 0.1342264  0.07993461 0.07993461 0.09888899
 0.07035471 0.07993461 0.04345329 0.03947128 0.053482   0.07993462
 0.03478669]
[0.04030365 0.18334955 0.21762417 0.08140267 0.08140267 0.07663108
 0.05888592 0.08140267 0.02459003 0.02394373 0.02795068 0.08140267
 0.02111047]
[0.04908365 0.17256066 0.18238136 0.08160906 0.08160906 0.07954686
 0.05961965 0.08160906 0.03260956 0.03510978 0.03574269 0.08160906
 0.02690956]
[0.04245296 0.24520391 0.19195975 0.07383143 0.07383143 0.0875456
 0.05709853 0.07383143 0.01710687 0.02197253 0.02514687 0.07383145
 0.01618718]
[0.04220684 0.1903017  0.22368279 0.07472683 0.07472683 0.09870032
 0.05136934 0.07472683 0.02349751 0.0257208  0.03059743 0.07472684
 0.01501598]
[0.04362137 0.16170587 0.2188314  0.08069691 0.08069691 0.08683079
 0.05581275 0.08069691 0.02909182 0.02392996 0.02959539 0.08069691
 0.02779294]
[0.04908365 0.17256066 0.18238136 0.08160906 0.08160906 0.07954686
 0.05961965 0.08160906 0.03260956 0.03510978 0.03574269 0.08160906
 0.02690956]
[0.04213147 0.17876922 0.14610003 0.07861225 0.07861225 0.10930688
 0.09231468 0.07861225 0.03089304 0.02637478 0.03618835 0.07861225
 0.02347257]]