31086
Test: public void test55() throws Throwable { ArrayList<Integer> arrayList0 = ListUtil.newArrayListWithCapacity(1753); boolean boolean0 = ListUtil.isNotEmpty(arrayList0); }
Code: public static boolean isNotEmpty(List<?> list) { return (list != null) && !(list.isEmpty()); }
[[0.05358424 0.1587791  0.13440888 0.07433446 0.1858341  0.07064939
 0.05887285 0.07433446 0.02915021 0.02887174 0.03419034 0.07433447
 0.02265582]
[0.0501818  0.13781253 0.14931929 0.06712268 0.19721079 0.09379078
 0.04785427 0.06712268 0.034406   0.02641001 0.03651573 0.06712267
 0.02513071]
[0.03657679 0.13617797 0.19445689 0.07037834 0.19567116 0.08874213
 0.0594395  0.07037834 0.01806973 0.01838874 0.0246151  0.07037834
 0.01672697]
[0.04470691 0.15528472 0.16827455 0.07466038 0.16513076 0.07063868
 0.05425553 0.07466038 0.02932754 0.0318785  0.03249789 0.07466038
 0.02402369]
[0.03843936 0.147274   0.17433208 0.07078534 0.18346736 0.09099763
 0.05143976 0.07078534 0.02477331 0.02631867 0.02976916 0.07078535
 0.02083267]
[0.05685534 0.13402642 0.12496343 0.07436323 0.14498894 0.0916803
 0.06539769 0.07436323 0.0403391  0.03671531 0.04966058 0.07436325
 0.03228319]
[0.03459375 0.16151361 0.1780163  0.06856863 0.21682328 0.06843862
 0.05008626 0.06856863 0.02143249 0.02031947 0.02435571 0.06856863
 0.01871459]
[0.04470691 0.15528472 0.16827455 0.07466038 0.16513076 0.07063868
 0.05425553 0.07466038 0.02932754 0.0318785  0.03249789 0.07466038
 0.02402369]
[0.03661132 0.21880789 0.1637395  0.06377112 0.19123253 0.07839406
 0.04965101 0.06377112 0.01499605 0.01893007 0.02202087 0.06377113
 0.01430334]
[0.03686812 0.16720952 0.19367954 0.06494755 0.19269912 0.08690812
 0.04489435 0.06494755 0.02057054 0.02238765 0.02675845 0.06494756
 0.01318198]
[0.03942029 0.14774098 0.19391002 0.07248002 0.1705026  0.08002581
 0.05043495 0.07248002 0.02649428 0.0215666  0.0269326  0.07248002
 0.02553175]
[0.04470691 0.15528472 0.16827455 0.07466038 0.16513076 0.07063868
 0.05425553 0.07466038 0.02932754 0.0318785  0.03249789 0.07466038
 0.02402369]
[0.03770605 0.15568554 0.13299687 0.07099669 0.1816723  0.09411914
 0.08154671 0.07099669 0.02723267 0.02372706 0.03193546 0.07099669
 0.0203881 ]]