40456
Test: public void test12() throws Throwable { CalendarConverter calendarConverter0 = CalendarConverter.INSTANCE; String string0 = calendarConverter0.toString(); }
Code: public String toString() { return "Converter[" + (getSupportedType() == null ? "null" : getSupportedType().getName()) + "]"; }
[[0.04852313 0.06119324 0.05893092 0.07251406 0.05436667 0.06732163
 0.03949485 0.06732163 0.07430705 0.05330366 0.07909696 0.09294361
 0.04805224 0.06732163 0.03949485 0.05342995 0.02238392]
[0.05241755 0.05917495 0.06669642 0.08559193 0.05394106 0.07238558
 0.04534262 0.07238558 0.06652656 0.04266228 0.06540124 0.09334589
 0.04051239 0.07238558 0.04534262 0.04468472 0.02120301]
[0.03726449 0.08260538 0.05232495 0.07712541 0.05672246 0.06354862
 0.03707916 0.06354862 0.06398286 0.04545478 0.11599723 0.10187452
 0.02998498 0.06354862 0.03707916 0.05211931 0.01973941]
[0.05288754 0.07316259 0.05070264 0.09106819 0.0600776  0.06659298
 0.05554441 0.06659298 0.05519859 0.04212509 0.06505923 0.07046444
 0.04414987 0.06659298 0.05554441 0.05308919 0.03114725]
[0.03654839 0.07552323 0.04673528 0.07652137 0.05219283 0.0703833
 0.05074814 0.0703833  0.06742045 0.04393445 0.09443773 0.09048323
 0.03505791 0.0703833  0.05074814 0.04778555 0.02071341]
[0.04066138 0.07138766 0.0580628  0.07298398 0.04957652 0.06632392
 0.05691213 0.06632392 0.07547061 0.04314961 0.08702183 0.07957251
 0.04026561 0.06632392 0.05691213 0.04486037 0.0241911 ]
[0.04845589 0.0729649  0.05367795 0.07326948 0.05833166 0.06452237
 0.04211391 0.06452237 0.06142351 0.04730283 0.10350351 0.08895291
 0.03655475 0.06452237 0.04211391 0.05293638 0.02483128]
[0.04066138 0.07138766 0.0580628  0.07298398 0.04957652 0.06632392
 0.05691213 0.06632392 0.07547061 0.04314961 0.08702183 0.07957251
 0.04026561 0.06632392 0.05691213 0.04486037 0.0241911 ]
[0.03258403 0.08454254 0.06018415 0.09353786 0.05427333 0.05020145
 0.04466873 0.05020145 0.07888111 0.03827473 0.08911096 0.11500868
 0.04660697 0.05020145 0.04466873 0.04833066 0.0187232 ]
[0.04230426 0.05997413 0.05769021 0.10627279 0.06944692 0.06408158
 0.04646263 0.06408158 0.06612961 0.038464   0.09014963 0.08606969
 0.0363689  0.06408158 0.04646263 0.04600731 0.01595259]
[0.04054736 0.0777324  0.06658044 0.11136973 0.05732328 0.06233934
 0.03597517 0.06233934 0.04933466 0.03759177 0.08297469 0.10783615
 0.04574223 0.06233934 0.03597517 0.04335863 0.02064033]
[0.04589686 0.07368197 0.05362196 0.09486735 0.06095795 0.0665016
 0.03819607 0.0665016  0.06148107 0.05223526 0.08143732 0.09160685
 0.04083458 0.0665016  0.03819607 0.04857416 0.01890774]
[0.05217169 0.0608236  0.04908044 0.0861982  0.06553892 0.06254303
 0.0460767  0.06254303 0.06253727 0.05147419 0.10913967 0.07050548
 0.03729872 0.06254303 0.0460767  0.04632596 0.02912334]
[0.04066138 0.07138766 0.0580628  0.07298398 0.04957652 0.06632392
 0.05691213 0.06632392 0.07547061 0.04314961 0.08702183 0.07957251
 0.04026561 0.06632392 0.05691213 0.04486037 0.0241911 ]
[0.04845589 0.0729649  0.05367795 0.07326948 0.05833166 0.06452237
 0.04211391 0.06452237 0.06142351 0.04730283 0.10350351 0.08895291
 0.03655475 0.06452237 0.04211391 0.05293638 0.02483128]
[0.04161435 0.07549415 0.05905007 0.08110834 0.05907426 0.06403238
 0.04006322 0.06403238 0.0694733  0.0372053  0.10458545 0.10038412
 0.03488145 0.06403238 0.04006322 0.04923209 0.01567345]
[0.03609792 0.06604002 0.06775178 0.1034505  0.08192654 0.06565799
 0.04012946 0.06565799 0.06346411 0.04009575 0.08566393 0.07908148
 0.03648319 0.06565799 0.04012946 0.04096473 0.02174721]]