148897
Test: public void test36() throws Throwable { NtpV3Impl ntpV3Impl0 = new NtpV3Impl(); DatagramPacket datagramPacket0 = ntpV3Impl0.getDatagramPacket(); }
Code: public synchronized DatagramPacket getDatagramPacket() { if (dp == null) { dp = new DatagramPacket(buf, buf.length); dp.setPort(NTP_PORT); } return dp; }
[[0.04111652 0.07765476 0.05704249 0.05704249 0.0581895  0.11117052
 0.05704249 0.06389363 0.02161645 0.0581895  0.03783486 0.02608623
 0.02050496 0.05704249 0.08128528 0.05704249 0.01825484 0.04566597
 0.03506967 0.01825484]
[0.03809971 0.08476213 0.0556864  0.0556864  0.04921959 0.12091877
 0.0556864  0.05630904 0.02241479 0.04921959 0.04049596 0.03345725
 0.02077154 0.0556864  0.09388917 0.0556864  0.01539811 0.05039287
 0.03082128 0.01539811]
[0.03328389 0.08563286 0.05488732 0.05488732 0.05644127 0.0828037
 0.05488732 0.06239962 0.02394668 0.05644127 0.03659707 0.03655474
 0.02562203 0.05488732 0.12152494 0.05488732 0.01891747 0.04049438
 0.025986   0.01891747]
[0.03328389 0.08563286 0.05488732 0.05488732 0.05644127 0.0828037
 0.05488732 0.06239962 0.02394668 0.05644127 0.03659707 0.03655474
 0.02562203 0.05488732 0.12152494 0.05488732 0.01891747 0.04049438
 0.025986   0.01891747]
[0.04248521 0.06456866 0.05370632 0.05370632 0.0726823  0.07259654
 0.05370632 0.04445094 0.02661584 0.0726823  0.0393475  0.03556723
 0.02307057 0.05370632 0.11060773 0.05370632 0.02492948 0.04832301
 0.02861163 0.02492948]
[0.02583406 0.08895539 0.05570465 0.05570465 0.06292549 0.14888236
 0.05570465 0.04978481 0.00972633 0.06292549 0.03845571 0.02095745
 0.01034711 0.05570465 0.13106933 0.05570465 0.009296   0.03456545
 0.01845579 0.009296  ]
[0.03328389 0.08563286 0.05488732 0.05488732 0.05644127 0.0828037
 0.05488732 0.06239962 0.02394668 0.05644127 0.03659707 0.03655474
 0.02562203 0.05488732 0.12152494 0.05488732 0.01891747 0.04049438
 0.025986   0.01891747]
[0.02462609 0.11963638 0.03799966 0.03799966 0.0705056  0.13497986
 0.03799966 0.05965108 0.01588392 0.0705056  0.03821251 0.0259902
 0.01665894 0.03799966 0.1406896  0.03799966 0.01412076 0.04100561
 0.02341484 0.01412076]
[0.03036555 0.10321089 0.05274599 0.05274599 0.07315982 0.13651642
 0.05274599 0.05564857 0.01825706 0.07315982 0.03755694 0.01996358
 0.01233768 0.05274599 0.09001172 0.05274599 0.01100617 0.03702794
 0.0270417  0.01100617]
[0.04248521 0.06456866 0.05370632 0.05370632 0.0726823  0.07259654
 0.05370632 0.04445094 0.02661584 0.0726823  0.0393475  0.03556723
 0.02307057 0.05370632 0.11060773 0.05370632 0.02492948 0.04832301
 0.02861163 0.02492948]
[0.03337236 0.1002602  0.0594153  0.0594153  0.07245927 0.12846693
 0.0594153  0.03565185 0.01363385 0.07245927 0.03081876 0.02199525
 0.01303404 0.0594153  0.09399218 0.0594153  0.01263864 0.04272278
 0.01877951 0.01263864]
[0.04368556 0.06490822 0.06173556 0.06173556 0.05130353 0.09708744
 0.06173556 0.04879734 0.02748755 0.05130353 0.03643864 0.03678565
 0.0206672  0.06173556 0.08946566 0.06173556 0.02188414 0.04832297
 0.03130063 0.02188414]
[0.03446865 0.08554239 0.05193267 0.05193267 0.06463338 0.11579381
 0.05193267 0.06173462 0.01904127 0.06463338 0.03642376 0.02739147
 0.02215263 0.05193267 0.09604818 0.05193267 0.01861095 0.04855549
 0.02669572 0.01861095]
[0.03328389 0.08563286 0.05488732 0.05488732 0.05644127 0.0828037
 0.05488732 0.06239962 0.02394668 0.05644127 0.03659707 0.03655474
 0.02562203 0.05488732 0.12152494 0.05488732 0.01891747 0.04049438
 0.025986   0.01891747]
[0.04077945 0.0940834  0.05434213 0.05434213 0.06043427 0.09761123
 0.05434213 0.05053762 0.02250754 0.06043427 0.04342023 0.02594961
 0.02215078 0.05434213 0.09871511 0.05434213 0.01939199 0.04857763
 0.0243042  0.01939199]
[0.03328389 0.08563286 0.05488732 0.05488732 0.05644127 0.0828037
 0.05488732 0.06239962 0.02394668 0.05644127 0.03659707 0.03655474
 0.02562203 0.05488732 0.12152494 0.05488732 0.01891747 0.04049438
 0.025986   0.01891747]
[0.0289211  0.09063362 0.05324773 0.05324773 0.07916623 0.11267534
 0.05324773 0.05053035 0.0179682  0.07916623 0.03586628 0.02667784
 0.01623522 0.05324773 0.07569061 0.05324773 0.01680285 0.06456392
 0.02206062 0.01680285]
[0.02773581 0.09467304 0.05411742 0.05411742 0.05662745 0.11284131
 0.05411742 0.05208046 0.01613829 0.05662745 0.03705941 0.02726257
 0.0164014  0.05411742 0.13525103 0.05411742 0.01539675 0.03985569
 0.02606545 0.01539675]
[0.03332526 0.08834389 0.05354679 0.05354679 0.06668425 0.11495049
 0.05354679 0.05378401 0.01809254 0.06668425 0.03345316 0.02477457
 0.01814613 0.05354679 0.10467027 0.05354679 0.01646266 0.05240011
 0.02403192 0.01646266]
[0.0289211  0.09063362 0.05324773 0.05324773 0.07916623 0.11267534
 0.05324773 0.05053035 0.0179682  0.07916623 0.03586628 0.02667784
 0.01623522 0.05324773 0.07569061 0.05324773 0.01680285 0.06456392
 0.02206062 0.01680285]]