15552
Test: public void test775() throws Throwable { // Undeclared exception!  DateUtils.addMonths((Date) null, 19);   }
Code: public static Date addMonths(final Date date, final int amount) { return add(date, Calendar.MONTH, amount); }
[[0.05379892 0.15074979 0.02488937 0.13062435 0.02488937 0.12426612
 0.04242264 0.03517504 0.08998966 0.06597349 0.05849627 0.07462755
 0.02780827 0.07462756 0.0216616 ]
[0.05576213 0.13863477 0.02042961 0.095478   0.02042961 0.13792677
 0.03952505 0.02992094 0.12138221 0.08717382 0.05200776 0.07639365
 0.02413785 0.07639366 0.02440409]
[0.0461466  0.14600867 0.02480775 0.10807812 0.02480775 0.15545037
 0.03681214 0.03265053 0.08428638 0.08492266 0.06767188 0.07085625
 0.02963441 0.07085626 0.01701016]
[0.04844677 0.17455219 0.01909557 0.11972915 0.01909557 0.14073685
 0.04882819 0.02787752 0.07763466 0.06742745 0.0617099  0.0756606
 0.02503651 0.0756606  0.01850841]
[0.0461466  0.14600867 0.02480775 0.10807812 0.02480775 0.15545037
 0.03681214 0.03265053 0.08428638 0.08492266 0.06767188 0.07085625
 0.02963441 0.07085626 0.01701016]
[0.03713842 0.17802323 0.0157142  0.11935899 0.0157142  0.14673583
 0.03822895 0.0236323  0.08028966 0.09402291 0.06975293 0.07305385
 0.02166333 0.07305385 0.01361734]
[0.05103075 0.14948303 0.0237811  0.10891246 0.0237811  0.12754154
 0.03338966 0.02328399 0.09630063 0.08016127 0.07403865 0.08274567
 0.0266725  0.08274567 0.01613202]
[0.03552939 0.19788842 0.01855994 0.08079244 0.01855994 0.13391782
 0.0457146  0.02749622 0.08446448 0.06950425 0.05603082 0.09597516
 0.02346519 0.09597518 0.01612621]
[0.046678   0.18142302 0.01873383 0.09319998 0.01873383 0.14424625
 0.04778071 0.02871356 0.09561788 0.08372346 0.06754277 0.06630473
 0.02489494 0.06630473 0.01610224]
[0.05604869 0.12492244 0.02796707 0.10285976 0.02796707 0.09725911
 0.05466128 0.02777491 0.10792458 0.08076748 0.06572596 0.07759523
 0.04096174 0.07759525 0.0299695 ]
[0.03623959 0.16092917 0.01873854 0.12248001 0.01873854 0.18681462
 0.03270385 0.02242507 0.08426179 0.06637339 0.05338236 0.07443067
 0.02963508 0.07443067 0.0184167 ]
[0.0438821  0.14759074 0.02383138 0.10296795 0.02383138 0.13850641
 0.04090063 0.0288672  0.12439798 0.06469511 0.05313209 0.07412229
 0.0368154  0.0741223  0.02233702]
[0.05803035 0.13809171 0.02560214 0.10916258 0.02560214 0.11108992
 0.0453717  0.03504267 0.08663126 0.0730757  0.06377144 0.08310212
 0.03922684 0.08310212 0.02309729]
[0.04388211 0.14759074 0.02383138 0.10296795 0.02383138 0.1385064
 0.04090063 0.02886721 0.12439799 0.06469512 0.0531321  0.07412229
 0.0368154  0.07412229 0.02233703]
[0.03847492 0.14975344 0.01678307 0.09234965 0.01678307 0.1577757
 0.03394839 0.02960382 0.10779334 0.08819994 0.08094373 0.07380161
 0.02049287 0.07380162 0.01949486]]