91396
Test: public void test1() throws Throwable { WeavableClass<WeavablePackage> weavableClass0 = new WeavableClass<WeavablePackage>((Class<WeavablePackage>) null, (WeavablePackage) null); // Undeclared exception!  weavableClass0.localCompareTo(weavableClass0);   }
Code: protected int localCompareTo(final WeavableClass<T> obj) { return obj == null ? 1 : CLASS_COMPARATOR.compare(getTarget(), obj.getTarget()); }
[[0.08002234 0.02582162 0.06992481 0.06992481 0.10009382 0.09266482
 0.05825859 0.05421381 0.0709071  0.04568628 0.09346087 0.04133516
 0.03937723 0.06992481 0.06992481 0.01845909]
[0.0714796  0.02110932 0.07638049 0.07638049 0.138974   0.07654998
 0.05063042 0.04324008 0.07445613 0.03918651 0.08263735 0.04474047
 0.0356414  0.07638049 0.07638049 0.01583273]
[0.08664797 0.02581465 0.06693857 0.06693857 0.12482109 0.07123631
 0.04970928 0.0491311  0.076135   0.04365274 0.08909204 0.05221085
 0.04005451 0.06693857 0.06693857 0.02374019]
[0.08664797 0.02581465 0.06693857 0.06693857 0.12482109 0.07123631
 0.04970928 0.0491311  0.076135   0.04365274 0.08909204 0.05221085
 0.04005451 0.06693857 0.06693857 0.02374019]
[0.0819653  0.02706179 0.07529476 0.07529476 0.08393613 0.09642829
 0.05793575 0.04953615 0.06498098 0.05279762 0.06446269 0.04586489
 0.04972096 0.07529476 0.07529476 0.02413036]
[0.09705644 0.02509769 0.06707724 0.06707724 0.10951158 0.0963072
 0.06128684 0.05072    0.05599566 0.04275752 0.06506027 0.04971768
 0.04566449 0.06707724 0.06707724 0.03251562]
[0.09234612 0.0205131  0.06903061 0.06903061 0.13195589 0.0713398
 0.05072759 0.05809833 0.06652973 0.04338942 0.09479732 0.04148871
 0.03326593 0.06903061 0.06903061 0.01942567]
[0.07472052 0.02651913 0.0739462  0.0739462  0.10668259 0.07551372
 0.04909905 0.05272121 0.05810392 0.0495384  0.08443113 0.05090506
 0.04268321 0.0739462  0.0739462  0.03329729]
[0.08110859 0.0205037  0.05390687 0.05390687 0.15771893 0.09274444
 0.05630535 0.04658295 0.08321537 0.04098233 0.09685051 0.04280565
 0.04678681 0.05390687 0.05390687 0.01876792]
[0.05673904 0.02502185 0.06665799 0.06665799 0.11963432 0.10221981
 0.07087528 0.04890759 0.06889516 0.04032875 0.09636892 0.05302895
 0.03571901 0.06665799 0.06665799 0.01562936]
[0.07654014 0.01900014 0.06793432 0.06793432 0.13089092 0.10493348
 0.05983454 0.03923476 0.05351925 0.04189247 0.09586328 0.04195853
 0.04475255 0.06793432 0.06793432 0.01984275]
[0.09400469 0.02287151 0.06331933 0.06331933 0.13336073 0.08661447
 0.05454864 0.04642025 0.07528283 0.04360197 0.0868102  0.04792383
 0.03550728 0.06331933 0.06331933 0.01977622]
[0.06551315 0.03179792 0.06199718 0.06199718 0.10747029 0.08329073
 0.06468123 0.0512776  0.06217437 0.05122031 0.11014537 0.05973331
 0.03636345 0.06199718 0.06199718 0.02834357]
[0.08664797 0.02581465 0.06693857 0.06693857 0.12482109 0.07123631
 0.04970928 0.0491311  0.076135   0.04365274 0.08909204 0.05221085
 0.04005451 0.06693857 0.06693857 0.02374019]
[0.08664797 0.02581465 0.06693857 0.06693857 0.12482109 0.07123631
 0.04970928 0.0491311  0.076135   0.04365274 0.08909204 0.05221085
 0.04005451 0.06693857 0.06693857 0.02374019]
[0.07350866 0.02620072 0.06414826 0.06414826 0.13344295 0.09916241
 0.079285   0.04166122 0.06162617 0.039139   0.08405533 0.04929356
 0.03512129 0.06414826 0.06414826 0.02091061]]