168743
Test: public void test1() throws Throwable { MapHandler mapHandler0 = new MapHandler(); ResultSet resultSet0 = mock(ResultSet.class, new ViolatedAssumptionAnswer()); doReturn((ResultSetMetaData) null).when(resultSet0).getMetaData(); doReturn(true).when(resultSet0).next(); // Undeclared exception!  mapHandler0.handle(resultSet0);   }
Code: public Map<String, Object> handle(ResultSet rs) throws SQLException { return rs.next() ? this.convert.toMap(rs) : null; }
[[0.04228333 0.0769023  0.18913046 0.05865959 0.05865959 0.09891856
 0.03244239 0.05810434 0.04674742 0.05865959 0.073609   0.05865959
 0.03973777 0.08909319 0.01839295]
[0.02754058 0.06997904 0.17618838 0.06630555 0.06630555 0.12077767
 0.02763479 0.05920924 0.04008901 0.06630556 0.07097935 0.06630556
 0.03025172 0.0973867  0.0147413 ]
[0.03783155 0.08092899 0.18443793 0.05563476 0.05563476 0.1141952
 0.02705031 0.06668977 0.04008321 0.05563476 0.07496317 0.05563476
 0.02969071 0.10651438 0.01507577]
[0.03384714 0.072621   0.18206355 0.05666564 0.05666564 0.1094677
 0.03519205 0.05270014 0.04105572 0.05666563 0.07938337 0.05666563
 0.03207471 0.11695287 0.01797917]
[0.03384714 0.072621   0.18206355 0.05666564 0.05666564 0.1094677
 0.03519205 0.05270014 0.04105572 0.05666563 0.07938337 0.05666563
 0.03207471 0.11695287 0.01797917]
[0.02954818 0.07466972 0.16729279 0.05103208 0.05103208 0.14291924
 0.03143386 0.07246064 0.04853103 0.0510321  0.0848425  0.0510321
 0.03532864 0.09475392 0.01409108]
[0.03032647 0.07151299 0.19969617 0.05003997 0.05003997 0.11067318
 0.03406502 0.07804331 0.05386684 0.05003998 0.08400535 0.05003998
 0.02797913 0.09797506 0.0116966 ]
[0.04618379 0.08372473 0.16247343 0.06050671 0.06050671 0.08163756
 0.0333822  0.07424532 0.05315242 0.06050671 0.05998982 0.06050671
 0.03789819 0.09910572 0.02617994]
[0.02841412 0.06723888 0.22319521 0.05660266 0.05660266 0.1062386
 0.02696461 0.05563443 0.04123845 0.05660266 0.07940741 0.05660266
 0.02641457 0.10360076 0.0152423 ]
[0.03384714 0.072621   0.18206355 0.05666564 0.05666564 0.1094677
 0.03519205 0.05270014 0.04105572 0.05666563 0.07938337 0.05666563
 0.03207471 0.11695287 0.01797917]
[0.0346131  0.07993701 0.18719688 0.05425555 0.05425555 0.09985377
 0.02879227 0.08225737 0.04753868 0.05425554 0.07707337 0.05425554
 0.03526166 0.09485592 0.01559779]
[0.03384714 0.072621   0.18206355 0.05666564 0.05666564 0.1094677
 0.03519205 0.05270014 0.04105572 0.05666563 0.07938337 0.05666563
 0.03207471 0.11695287 0.01797917]
[0.04325423 0.08117343 0.15047644 0.05218254 0.05218254 0.10020216
 0.03660989 0.06973112 0.05439209 0.05218254 0.09304834 0.05218254
 0.03050099 0.10811581 0.02376534]
[0.03869232 0.06804997 0.17260294 0.06531097 0.06531097 0.10941162
 0.03345022 0.05877039 0.04735392 0.06531097 0.07746521 0.06531097
 0.03997101 0.07483247 0.01815609]
[0.02896865 0.08155903 0.15949376 0.05405618 0.05405618 0.12195004
 0.035824   0.07513292 0.06346654 0.05405618 0.07242574 0.05405618
 0.02728702 0.10153244 0.0161352 ]]