168144
Test: public void test0() throws Throwable { RegexFileFilter regexFileFilter0 = new RegexFileFilter("org.apache.commons.vfs2.FileOject"); FileName fileName0 = mock(FileName.class, new ViolatedAssumptionAnswer()); doReturn("org.apache.commons.vfs2.FileOject").when(fileName0).getBaseName(); FileObject fileObject0 = mock(FileObject.class, new ViolatedAssumptionAnswer()); doReturn(fileName0).when(fileObject0).getName(); FileSelectInfo fileSelectInfo0 = mock(FileSelectInfo.class, new ViolatedAssumptionAnswer()); doReturn(fileObject0).when(fileSelectInfo0).getFile(); boolean boolean0 = regexFileFilter0.accept(fileSelectInfo0); }
Code: public boolean accept(final FileSelectInfo fileSelectInfo) { final String name = fileSelectInfo.getFile().getName().getBaseName(); return pattern.matcher(name).matches(); }
[[0.06055738 0.14787662 0.08401179 0.08401179 0.08401179 0.08388674
 0.04902123 0.0773053  0.02946684 0.03830449 0.08401179 0.06703361
 0.08401181 0.0264888 ]
[0.04104065 0.20029235 0.07748222 0.07748222 0.07748222 0.11085476
 0.04072587 0.07818764 0.01860971 0.03224722 0.07748222 0.07024425
 0.07748224 0.02038632]
[0.04810927 0.17179614 0.07892841 0.07892841 0.07892841 0.08383129
 0.04861654 0.08542378 0.02772739 0.05331604 0.07892841 0.05859085
 0.07892843 0.0279466 ]
[0.04810927 0.17179614 0.07892841 0.07892841 0.07892841 0.08383129
 0.04861654 0.08542378 0.02772739 0.05331604 0.07892841 0.05859085
 0.07892843 0.0279466 ]
[0.04810927 0.17179614 0.07892841 0.07892841 0.07892841 0.08383129
 0.04861654 0.08542378 0.02772739 0.05331604 0.07892841 0.05859085
 0.07892843 0.0279466 ]
[0.06084798 0.12281881 0.07553619 0.07553619 0.07553619 0.10719724
 0.06011666 0.0826308  0.03252058 0.05108029 0.0755362  0.06880379
 0.07553621 0.03630296]
[0.05530973 0.14780913 0.08078881 0.08078881 0.08078881 0.10074136
 0.03766635 0.08097567 0.03074228 0.04268775 0.08078881 0.08062625
 0.08078882 0.01949744]
[0.0583671  0.17978355 0.08005486 0.08005486 0.08005486 0.09779339
 0.04676867 0.06545964 0.028004   0.03911205 0.08005486 0.06035498
 0.08005486 0.02408229]
[0.07497182 0.13851857 0.07664314 0.07664314 0.07664314 0.07987574
 0.05195714 0.07182606 0.03594204 0.05219609 0.07664312 0.07481568
 0.07664314 0.03668124]
[0.06148854 0.12154546 0.08686088 0.08686088 0.08686088 0.07340337
 0.05193303 0.07230911 0.03356407 0.05212002 0.08686088 0.06824203
 0.0868609  0.03108997]
[0.04810927 0.17179614 0.07892841 0.07892841 0.07892841 0.08383129
 0.04861654 0.08542378 0.02772739 0.05331604 0.07892841 0.05859085
 0.07892843 0.0279466 ]
[0.04183916 0.1963143  0.08011422 0.08011422 0.08011422 0.08853567
 0.0393285  0.08538725 0.02320029 0.04131517 0.08011422 0.0595875
 0.08011423 0.02392114]
[0.04810928 0.17179614 0.07892841 0.07892841 0.07892841 0.0838313
 0.04861654 0.08542377 0.02772739 0.05331604 0.07892841 0.05859086
 0.07892841 0.0279466 ]
[0.04247745 0.13753814 0.07646482 0.07646482 0.07646482 0.12633492
 0.03972034 0.07767725 0.02955773 0.04027545 0.07646482 0.09773549
 0.07646484 0.02635904]]