34670
Test: public void test72() throws Throwable { Engine engine0 = new Engine(); JexlOptions jexlOptions0 = new JexlOptions(); Interpreter interpreter0 = engine0.createInterpreter(engine0.EMPTY_CONTEXT, (Frame) null, jexlOptions0); ASTOrNode aSTOrNode0 = new ASTOrNode((-2205)); ASTIdentifierAccess aSTIdentifierAccess0 = mock(ASTIdentifierAccess.class, new ViolatedAssumptionAnswer()); doReturn("pQfqK!7h").when(aSTIdentifierAccess0).getIdentifier(); doReturn(false).when(aSTIdentifierAccess0).isSafe(); doReturn(true).when(aSTIdentifierAccess0).isTernaryProtected(); doReturn(aSTOrNode0).when(aSTIdentifierAccess0).jjtGetParent(); Object object0 = interpreter0.visit(aSTIdentifierAccess0, ""); }
Code: protected final Object visit(final SimpleNode node, final Object data) { throw new UnsupportedOperationException(node.getClass().getSimpleName() + " : not supported yet."); }
[[0.06941816 0.03379335 0.02602951 0.06008193 0.06008193 0.11278645
 0.03379335 0.02602951 0.08638308 0.07760264 0.04000576 0.01852907
 0.06008193 0.03168724 0.0614698  0.03314769 0.03339184 0.06008193
 0.06008193 0.01552288]
[0.05404724 0.02886491 0.0310453  0.0647338  0.0647338  0.09734042
 0.02886491 0.0310453  0.08305088 0.07488268 0.04592206 0.01900019
 0.0647338  0.04162738 0.04818127 0.03410216 0.04370686 0.0647338
 0.0647338  0.01464941]
[0.07983449 0.0304931  0.02909678 0.05374794 0.05374794 0.11362167
 0.0304931  0.02909678 0.09293258 0.0918038  0.04187483 0.01901622
 0.05374794 0.0285394  0.0614423  0.03143584 0.03474961 0.05374796
 0.05374796 0.01682975]
[0.07693174 0.03481601 0.02794668 0.05794049 0.05794049 0.0989791
 0.03481601 0.02794668 0.08700471 0.0589642  0.04150825 0.02695803
 0.05794049 0.04852323 0.06228401 0.03402037 0.02980049 0.05794049
 0.05794049 0.01979803]
[0.07693174 0.03481601 0.02794668 0.05794049 0.05794049 0.0989791
 0.03481601 0.02794668 0.08700471 0.0589642  0.04150825 0.02695803
 0.05794049 0.04852323 0.06228401 0.03402037 0.02980049 0.05794049
 0.05794049 0.01979803]
[0.06569862 0.02729058 0.0271726  0.0496862  0.0496862  0.1588714
 0.02729058 0.0271726  0.10537185 0.07691705 0.03984055 0.01834939
 0.0496862  0.03764822 0.06624238 0.02910396 0.02795576 0.0496862
 0.0496862  0.01664351]
[0.05404724 0.02886491 0.0310453  0.0647338  0.0647338  0.09734042
 0.02886491 0.0310453  0.08305088 0.07488268 0.04592206 0.01900019
 0.0647338  0.04162738 0.04818127 0.03410216 0.04370686 0.0647338
 0.0647338  0.01464941]
[0.07983449 0.0304931  0.02909678 0.05374794 0.05374794 0.11362167
 0.0304931  0.02909678 0.09293258 0.0918038  0.04187483 0.01901622
 0.05374794 0.0285394  0.0614423  0.03143584 0.03474961 0.05374796
 0.05374796 0.01682975]
[0.05825511 0.03699204 0.03050794 0.06116743 0.06116743 0.09651805
 0.03699204 0.03050794 0.08513739 0.0602115  0.04236394 0.02314372
 0.06116743 0.03846694 0.05564873 0.04106605 0.03774197 0.06116742
 0.06116742 0.02060951]
[0.07705084 0.04179255 0.02520291 0.05272452 0.05272452 0.09977693
 0.04179255 0.02520291 0.08737691 0.07412446 0.03895552 0.0227295
 0.05272452 0.04451103 0.0561001  0.03548262 0.04111352 0.05272452
 0.05272452 0.02516505]
[0.07816992 0.0313316  0.02395432 0.05387168 0.05387168 0.12448838
 0.0313316  0.02395432 0.09770019 0.09596427 0.04064775 0.01796282
 0.05387168 0.03083047 0.05674065 0.030835   0.03164162 0.05387168
 0.05387168 0.01508869]
[0.07339502 0.02979109 0.02812766 0.05435918 0.05435918 0.12717743
 0.02979109 0.02812766 0.0790313  0.07126033 0.03994829 0.02333982
 0.05435918 0.03873503 0.06577466 0.04430641 0.02904173 0.05435918
 0.05435918 0.02035665]
[0.07693174 0.03481601 0.02794668 0.05794049 0.05794049 0.0989791
 0.03481601 0.02794668 0.08700471 0.0589642  0.04150825 0.02695803
 0.05794049 0.04852323 0.06228401 0.03402037 0.02980049 0.05794049
 0.05794049 0.01979803]
[0.06443438 0.03718068 0.03087582 0.05450325 0.05450325 0.12953965
 0.03718068 0.03087582 0.10104433 0.05736854 0.03648157 0.02071002
 0.05450325 0.03411824 0.0567761  0.02930965 0.0419254  0.05450326
 0.05450326 0.01966268]
[0.05941714 0.03444748 0.02944199 0.05853919 0.05853919 0.10772712
 0.03444748 0.02944199 0.12029421 0.08168581 0.03395408 0.01796045
 0.05853919 0.02592502 0.06046946 0.03128117 0.028086   0.05853919
 0.05853919 0.01272463]
[0.06136728 0.03382481 0.0309146  0.05687182 0.05687182 0.10002245
 0.03382481 0.0309146  0.07945342 0.07326292 0.04110004 0.02391392
 0.05687182 0.04168586 0.06753746 0.03246827 0.04011639 0.05687181
 0.05687181 0.0252341 ]
[0.08254548 0.03335338 0.03577052 0.05196579 0.05196579 0.09902599
 0.03335338 0.03577052 0.09792876 0.07196811 0.04103242 0.02029175
 0.05196579 0.03833959 0.06870779 0.0315695  0.03125757 0.05196579
 0.05196579 0.01925627]
[0.07693174 0.03481601 0.02794668 0.05794049 0.05794049 0.0989791
 0.03481601 0.02794668 0.08700471 0.0589642  0.04150825 0.02695803
 0.05794049 0.04852323 0.06228401 0.03402037 0.02980049 0.05794049
 0.05794049 0.01979803]
[0.07693174 0.03481601 0.02794668 0.05794049 0.05794049 0.0989791
 0.03481601 0.02794668 0.08700471 0.0589642  0.04150825 0.02695803
 0.05794049 0.04852323 0.06228401 0.03402037 0.02980049 0.05794049
 0.05794049 0.01979803]
[0.06175594 0.02844595 0.03237119 0.05485899 0.05485899 0.10807405
 0.02844595 0.03237119 0.09565639 0.09024547 0.04411627 0.01712799
 0.05485899 0.03400847 0.06700005 0.03152626 0.035718   0.05485898
 0.05485898 0.0188419 ]]