11714
Test: public void test15() throws Throwable { StrMatcher strMatcher0 = StrMatcher.stringMatcher(""); }
Code: public static StrMatcher stringMatcher(final String str) { if (StringUtils.isEmpty(str)) { return NONE_MATCHER; } return new StringMatcher(str); }
[[0.04784637 0.1286898  0.06636749 0.06636749 0.06259059 0.04434022
 0.0555949  0.1281321  0.04657332 0.0555949  0.05164371 0.06636749
 0.0185912  0.05164371 0.02469804 0.06636749 0.0185912 ]
[0.04607537 0.1176987  0.06273082 0.06273082 0.07069039 0.0438348
 0.07572931 0.12521431 0.04609835 0.07572931 0.04322664 0.06273082
 0.02092879 0.04322664 0.01969535 0.06273082 0.02092878]
[0.03900206 0.13227409 0.06568868 0.06568868 0.07283555 0.05190743
 0.05855427 0.09511634 0.06486554 0.05855427 0.04725119 0.06568868
 0.02013534 0.04725119 0.0293626  0.06568868 0.02013534]
[0.03900206 0.13227409 0.06568868 0.06568868 0.07283555 0.05190743
 0.05855427 0.09511634 0.06486554 0.05855427 0.04725119 0.06568868
 0.02013534 0.04725119 0.0293626  0.06568868 0.02013534]
[0.04637478 0.13064124 0.06694948 0.06694948 0.05465078 0.04279748
 0.06249565 0.13511674 0.05293651 0.06249565 0.04617199 0.06694948
 0.01624385 0.04617199 0.01986158 0.06694948 0.01624385]
[0.03357288 0.13415152 0.06249921 0.06249921 0.06111097 0.03875896
 0.06947923 0.13336028 0.05131404 0.06947923 0.05688434 0.06249921
 0.01234379 0.05688434 0.02031977 0.06249921 0.01234379]
[0.04674395 0.10783084 0.06254275 0.06254275 0.06993181 0.0490632
 0.07222624 0.08089203 0.06418489 0.07222624 0.05417864 0.06254275
 0.02593384 0.05417864 0.02650491 0.06254275 0.02593384]
[0.02952822 0.1606711  0.07224783 0.07224783 0.07165412 0.03724237
 0.05347455 0.1632776  0.03683475 0.05347455 0.03835564 0.07224783
 0.00853396 0.03835564 0.01107223 0.07224783 0.00853395]
[0.03240319 0.12443212 0.06230401 0.06230401 0.06900558 0.0411187
 0.07074247 0.12125912 0.05478414 0.07074247 0.0513366  0.06230401
 0.01940762 0.0513366  0.02480771 0.06230401 0.01940762]
[0.04674395 0.10783084 0.06254275 0.06254275 0.06993181 0.0490632
 0.07222624 0.08089203 0.06418489 0.07222624 0.05417864 0.06254275
 0.02593384 0.05417864 0.02650491 0.06254275 0.02593384]
[0.03174337 0.13670993 0.06653327 0.06653327 0.07820847 0.04676627
 0.05540155 0.13521585 0.04965861 0.05540155 0.04722892 0.06653327
 0.01552059 0.04722892 0.01926238 0.06653327 0.01552059]
[0.03900206 0.13227409 0.06568868 0.06568868 0.07283555 0.05190743
 0.05855427 0.09511634 0.06486554 0.05855427 0.04725119 0.06568868
 0.02013534 0.04725119 0.0293626  0.06568868 0.02013534]
[0.03203353 0.12266723 0.06174617 0.06174617 0.05875256 0.0417157
 0.07169948 0.12129392 0.0495915  0.07169948 0.066891   0.06174617
 0.01594146 0.066891   0.01789699 0.06174617 0.01594146]
[0.03174337 0.13670993 0.06653327 0.06653327 0.07820847 0.04676627
 0.05540155 0.13521585 0.04965861 0.05540155 0.04722892 0.06653327
 0.01552059 0.04722892 0.01926238 0.06653327 0.01552059]
[0.03838471 0.11231221 0.06115569 0.06115569 0.07384434 0.03694561
 0.06406458 0.13369274 0.06080779 0.06406458 0.05385102 0.06115569
 0.01898996 0.05385102 0.02557874 0.06115569 0.01898995]
[0.03900206 0.13227409 0.06568868 0.06568868 0.07283555 0.05190743
 0.05855427 0.09511634 0.06486554 0.05855427 0.04725119 0.06568868
 0.02013534 0.04725119 0.0293626  0.06568868 0.02013534]
[0.03203353 0.12266721 0.06174617 0.06174617 0.05875256 0.0417157
 0.07169948 0.12129391 0.0495915  0.07169948 0.066891   0.06174617
 0.01594146 0.066891   0.017897   0.06174617 0.01594146]]