89395
Test: public void test39() throws Throwable { ConstantPool constantPool0 = new ConstantPool((Constant[]) null); int int0 = constantPool0.getLength(); }
Code: public int getLength() { return constantPool == null ? 0 : constantPool.length; }
[[0.05922725 0.03705431 0.20126201 0.08104953 0.06543839 0.08216553
 0.09282754 0.06699537 0.10341768 0.0471881  0.05551946 0.08216554
 0.02568935]
[0.04203862 0.02982147 0.16522993 0.09803318 0.0682067  0.10672738
 0.10446529 0.05510259 0.11818639 0.03785224 0.04674686 0.10672739
 0.02086203]
[0.05139787 0.03232937 0.18762425 0.12221415 0.06535044 0.09498402
 0.07648639 0.0588375  0.09658968 0.03982098 0.05251963 0.09498402
 0.02686171]
[0.06766804 0.03233244 0.15088126 0.10957337 0.07777519 0.08830157
 0.07222602 0.05506068 0.08742119 0.07632144 0.05562612 0.08830158
 0.03851108]
[0.04397184 0.02641929 0.2255717  0.08471703 0.06405462 0.08826843
 0.08578046 0.05600609 0.12502737 0.04805799 0.04057677 0.08826842
 0.02328001]
[0.05230175 0.03354064 0.18247478 0.0863652  0.06357084 0.0866697
 0.09849212 0.05677003 0.11841304 0.05518219 0.05044655 0.08666971
 0.02910339]
[0.04157366 0.02619484 0.22542655 0.10285344 0.06813641 0.06922046
 0.10371588 0.05237655 0.12681486 0.03998773 0.05320051 0.06922047
 0.0212786 ]
[0.05415352 0.03093815 0.16343358 0.12962691 0.08809189 0.08233047
 0.08505037 0.04968179 0.11797558 0.05171936 0.04497296 0.08233047
 0.01969494]
[0.05517087 0.02441137 0.18244967 0.12365156 0.07496093 0.087085
 0.06844555 0.05431466 0.12648441 0.03825633 0.05400005 0.08708499
 0.02368452]
[0.05118733 0.02946499 0.19350676 0.09311005 0.07997246 0.07827944
 0.09539776 0.05542275 0.13152254 0.04877246 0.04563271 0.07827945
 0.01945132]
[0.05974819 0.03816833 0.18353167 0.09157316 0.075285   0.07298407
 0.07374239 0.06088455 0.13555087 0.06278622 0.04097483 0.07298406
 0.03178666]
[0.05230175 0.03354064 0.18247478 0.0863652  0.06357084 0.0866697
 0.09849212 0.05677003 0.11841304 0.05518219 0.05044655 0.08666971
 0.02910339]
[0.04684462 0.03534922 0.14560047 0.12306784 0.10308485 0.08714096
 0.08140701 0.05295553 0.11638464 0.05014734 0.04452211 0.08714096
 0.0263544 ]]