37148
Test: public void test94() throws Throwable { // Undeclared exception!  YearMonth.fromCalendarFields((Calendar) null);   }
Code: public static YearMonth fromCalendarFields(Calendar calendar) { if (calendar == null) { throw new IllegalArgumentException("The calendar must not be null"); } return new YearMonth(calendar.get(Calendar.YEAR), calendar.get(Calendar.MONTH) + 1); }
[[0.02910981 0.08509449 0.01773507 0.04572753 0.087292   0.03771509
 0.07835216 0.05520666 0.04622901 0.01577458 0.03771509 0.02943161
 0.01475763 0.02160041 0.02624938 0.07016711 0.02623451 0.02467535
 0.04308172 0.01216226 0.03190069 0.01475763 0.04038181 0.03225345
 0.02356142 0.0406712  0.01216226]
[0.02952185 0.07741261 0.01750319 0.0412943  0.10519813 0.05087231
 0.08021325 0.0478712  0.03772619 0.01549765 0.05087231 0.02535404
 0.01270727 0.01643627 0.02373411 0.06249038 0.02152272 0.03146565
 0.04258277 0.01389518 0.02785763 0.01270727 0.03994439 0.03423956
 0.02285766 0.04432695 0.01389518]
[0.02828578 0.08167918 0.02384823 0.04518822 0.11079274 0.04007202
 0.07509763 0.04259633 0.03889968 0.01509157 0.04007202 0.02345521
 0.01745711 0.02295097 0.02846421 0.06462339 0.01910258 0.02806484
 0.02923135 0.01259127 0.03709159 0.01745711 0.04310755 0.03559889
 0.02521948 0.04136975 0.01259127]
[0.02706929 0.07872368 0.02057847 0.03864928 0.10110934 0.04542648
 0.06031159 0.04597039 0.04127488 0.01594024 0.04542648 0.02886229
 0.0190845  0.01761478 0.02924888 0.06390591 0.02012574 0.03082576
 0.04035791 0.01198713 0.03478241 0.0190845  0.0446275  0.04257086
 0.02815695 0.03629764 0.01198713]
[0.02037025 0.09297173 0.01536635 0.03607571 0.15738    0.03928089
 0.0766813  0.04957289 0.03252617 0.01196695 0.03928089 0.02554456
 0.01132619 0.01429731 0.02667115 0.07942825 0.01722937 0.02767262
 0.03182208 0.01032596 0.02927131 0.01132619 0.0355068  0.03352498
 0.02386804 0.04038621 0.01032596]
[0.03093835 0.07105799 0.02207214 0.03864187 0.08177429 0.0473881
 0.05359463 0.04801838 0.0336469  0.02047003 0.0473881  0.02816667
 0.01760307 0.01839127 0.02888012 0.06576059 0.02766884 0.03159504
 0.03961191 0.01708445 0.03591352 0.01760307 0.04158069 0.03593212
 0.03217885 0.04995455 0.01708444]
[0.01833893 0.10805931 0.01601809 0.03003729 0.17572816 0.0369233
 0.10279312 0.04988171 0.03818206 0.0070433  0.0369233  0.01751925
 0.00702838 0.01294448 0.01735324 0.09302236 0.01528093 0.02383001
 0.02813242 0.00572094 0.02405322 0.00702838 0.04314464 0.02348208
 0.01488357 0.04092659 0.00572093]
[0.01981273 0.09059839 0.01763766 0.04484188 0.11021688 0.0485075
 0.08637504 0.04803568 0.03615993 0.01475862 0.0485075  0.02446092
 0.01368714 0.01487557 0.02521804 0.0723508  0.0171883  0.02770208
 0.03138613 0.01217105 0.02994969 0.01368714 0.03611305 0.0235738
 0.02952618 0.05048729 0.01217105]
[0.01627612 0.09226995 0.01617823 0.0383655  0.17280546 0.04115884
 0.08978868 0.04611524 0.04043872 0.01058845 0.04115884 0.01982956
 0.01077856 0.01562229 0.02324441 0.09232992 0.01454202 0.02414825
 0.02564148 0.00847171 0.02673549 0.01077856 0.02682037 0.02370888
 0.02165985 0.04207294 0.00847172]
[0.02252499 0.09466854 0.01577402 0.05666565 0.11106806 0.04780046
 0.10305403 0.04495525 0.0429736  0.01428811 0.04780046 0.02091596
 0.00923616 0.01864327 0.02006272 0.06981549 0.0206154  0.02369437
 0.03108899 0.00755365 0.02725512 0.00923616 0.04218315 0.02889942
 0.01928535 0.04238801 0.00755365]
[0.03093835 0.07105799 0.02207214 0.03864187 0.08177429 0.0473881
 0.05359463 0.04801838 0.0336469  0.02047003 0.0473881  0.02816667
 0.01760307 0.01839127 0.02888012 0.06576059 0.02766884 0.03159504
 0.03961191 0.01708445 0.03591352 0.01760307 0.04158069 0.03593212
 0.03217885 0.04995455 0.01708444]
[0.02149585 0.08279608 0.01680391 0.03606669 0.11849295 0.05429826
 0.07430883 0.0521299  0.03244349 0.01255623 0.05429826 0.02556382
 0.01168333 0.01354744 0.02086297 0.09636217 0.01860387 0.03025664
 0.03335276 0.00902956 0.03677364 0.01168333 0.03534752 0.02697347
 0.01954947 0.04569004 0.00902956]
[0.02364145 0.07103331 0.01829173 0.04794967 0.10335906 0.04309023
 0.08016478 0.03818895 0.04336505 0.01326736 0.04309023 0.02630961
 0.01533669 0.01983013 0.0263619  0.08124667 0.01797751 0.03105561
 0.03163519 0.01249279 0.03326872 0.01533669 0.03614078 0.03878334
 0.0252376  0.05105214 0.01249279]
[0.02476623 0.07078316 0.01880918 0.04399868 0.0993502  0.0455896
 0.06909138 0.05094805 0.04637633 0.01706707 0.0455896  0.02736203
 0.01452163 0.01985273 0.02456697 0.07846172 0.02221761 0.02914437
 0.03953237 0.01355053 0.03142462 0.01452163 0.04370005 0.03128655
 0.02456329 0.03937392 0.01355053]
[0.02125924 0.0969952  0.01822749 0.03531248 0.13976485 0.04532336
 0.07258362 0.05256798 0.04060075 0.00901482 0.04532336 0.02223372
 0.00965469 0.01631556 0.01904793 0.08441699 0.01904743 0.02810889
 0.03426261 0.0077251  0.03399308 0.00965469 0.03950634 0.02964249
 0.02200247 0.03968976 0.0077251 ]
[0.02165868 0.08665843 0.0206547  0.03125865 0.1058031  0.04774368
 0.08122773 0.04812513 0.03578496 0.01516897 0.04774368 0.02856912
 0.01632202 0.01728203 0.02670464 0.0689898  0.01743292 0.03928124
 0.03409518 0.01098855 0.03697312 0.01632202 0.03376474 0.03454118
 0.02734463 0.03857255 0.01098856]
[0.02187825 0.08723056 0.02045062 0.04590746 0.08610159 0.04440664
 0.07393886 0.04951774 0.04563569 0.01685792 0.04440664 0.02822841
 0.01396741 0.01846934 0.0245585  0.07587713 0.01980308 0.03132755
 0.04191189 0.01264739 0.03256392 0.01396741 0.03823755 0.02424565
 0.02696855 0.0482468  0.01264739]
[0.0243599  0.07718907 0.02158251 0.04184693 0.12593119 0.03629331
 0.08167259 0.0468475  0.0394424  0.01491719 0.03629331 0.02215648
 0.01140779 0.0190712  0.02669118 0.08128372 0.02084457 0.03203095
 0.04196061 0.01224596 0.02691136 0.01140779 0.04420326 0.02989745
 0.02307081 0.03819502 0.01224596]
[0.02863809 0.08752711 0.02012553 0.04059755 0.11638165 0.04037179
 0.08610381 0.04549275 0.04157505 0.01421505 0.04037179 0.02745995
 0.01380744 0.02099052 0.02072096 0.06978124 0.02306989 0.02527534
 0.04625613 0.00985711 0.03243317 0.01380744 0.03212707 0.0278837
 0.01939651 0.04587624 0.00985711]
[0.02105787 0.08285876 0.01797739 0.04444319 0.104554   0.04904477
 0.08015436 0.04840547 0.03606064 0.01336737 0.04904477 0.02767204
 0.01177516 0.01946975 0.02466618 0.05852752 0.02129554 0.03834559
 0.03945317 0.01079868 0.04452473 0.01177516 0.04025906 0.02978998
 0.02279612 0.04108403 0.01079868]
[0.01938305 0.08861377 0.01557351 0.03944748 0.1453895  0.03713462
 0.08043244 0.04494327 0.03794538 0.01149068 0.03713462 0.02233947
 0.01158938 0.01391075 0.02257491 0.09126101 0.02139281 0.02610693
 0.03272063 0.01021526 0.02827156 0.01158938 0.03901144 0.02943266
 0.02670047 0.0451797  0.01021526]
[0.02364145 0.07103331 0.01829173 0.04794967 0.10335906 0.04309023
 0.08016478 0.03818895 0.04336505 0.01326736 0.04309023 0.02630961
 0.01533669 0.01983013 0.0263619  0.08124667 0.01797751 0.03105561
 0.03163519 0.01249279 0.03326872 0.01533669 0.03614078 0.03878334
 0.0252376  0.05105214 0.01249279]
[0.0242013  0.08358686 0.01647497 0.04227774 0.11016417 0.03778374
 0.05938675 0.04650807 0.04598556 0.01723164 0.03778374 0.02857998
 0.01834633 0.01808158 0.02818221 0.07722483 0.01958504 0.03066075
 0.03040474 0.01288281 0.02935826 0.01834633 0.04049843 0.03678872
 0.03306103 0.04373159 0.01288281]
[0.02047683 0.09139197 0.01620988 0.03871394 0.11109018 0.04456408
 0.12895428 0.04949986 0.0358156  0.01194749 0.04456408 0.02167495
 0.01031263 0.02021253 0.02252585 0.05521291 0.01807007 0.03158071
 0.03427191 0.00871284 0.02822769 0.01031263 0.04477509 0.0333839
 0.02334959 0.03543561 0.00871284]
[0.0284824  0.08156104 0.02365848 0.04156073 0.11732977 0.03590435
 0.07413837 0.04690617 0.03731038 0.01540965 0.03590435 0.02583804
 0.01434789 0.01796831 0.02477048 0.07059361 0.0266144  0.02681023
 0.04130612 0.01267009 0.03277762 0.01434789 0.04069582 0.0310642
 0.02324389 0.04611559 0.01267009]
[0.0216964  0.10213053 0.01940512 0.03211929 0.15067807 0.03888529
 0.0759837  0.03761076 0.0390681  0.01034625 0.03888529 0.02404529
 0.01369012 0.01674854 0.02361616 0.08283878 0.0144849  0.02808302
 0.03607528 0.0083094  0.03343968 0.01369012 0.03221695 0.0311171
 0.02471508 0.04181139 0.0083094 ]
[0.02105788 0.08285875 0.01797739 0.04444319 0.104554   0.04904478
 0.08015436 0.04840549 0.03606065 0.01336738 0.04904478 0.02767205
 0.01177516 0.01946975 0.02466618 0.0585275  0.02129555 0.0383456
 0.03945317 0.01079868 0.04452473 0.01177516 0.04025906 0.02978998
 0.02279613 0.04108403 0.01079868]]