29244
Test: public void test7() throws Throwable { double double0 = Matrices.checkElementForInverse((-36.0793765427)); }
Code: public static double checkElementForInverse(final double element) { if (!Double.isFinite(element)) { throw nonInvertibleTransform("invalid matrix element: " + element); } return element; }
[[0.03686795 0.10522371 0.06390588 0.05114268 0.06390588 0.04009414
 0.04630763 0.09908538 0.05114268 0.04630763 0.03736504 0.05114268
 0.04738998 0.05114268 0.06083385 0.02980752 0.01726697 0.01508443
 0.04022244 0.03067645 0.01508443]
[0.03773421 0.09812514 0.05856036 0.05115848 0.05856036 0.03448913
 0.06405772 0.10253315 0.05115848 0.06405772 0.03234376 0.05115848
 0.05113552 0.05115848 0.04868726 0.02904037 0.01730136 0.01756094
 0.03554083 0.0280773  0.01756094]
[0.02905155 0.11736387 0.0643227  0.05288445 0.0643227  0.03708397
 0.04687085 0.11440021 0.05288445 0.04687085 0.03570953 0.05288445
 0.05201907 0.05288445 0.05089816 0.0198564  0.0132161  0.01266199
 0.0431019  0.02805042 0.01266199]
[0.0313106  0.10638131 0.05893935 0.05270098 0.05893935 0.03998988
 0.04719199 0.07640544 0.05270098 0.04719199 0.036942   0.05270098
 0.0614612  0.05270098 0.05855208 0.04252998 0.01781398 0.0162141
 0.03793782 0.03518092 0.0162141 ]
[0.02905155 0.11736387 0.0643227  0.05288445 0.0643227  0.03708397
 0.04687085 0.11440021 0.05288445 0.04687085 0.03570953 0.05288445
 0.05201907 0.05288445 0.05089816 0.0198564  0.0132161  0.01266199
 0.0431019  0.02805042 0.01266199]
[0.03665437 0.08709292 0.0549367  0.05601423 0.0549367  0.04032731
 0.05917849 0.0808781  0.05601423 0.05917849 0.04123052 0.05601423
 0.05522775 0.05601423 0.06411038 0.03145307 0.0185933  0.01392723
 0.03615949 0.02813098 0.01392723]
[0.03881306 0.08928573 0.05291727 0.05208004 0.05291727 0.04031822
 0.05963846 0.06721121 0.05208004 0.05963846 0.0353446  0.05208004
 0.05504314 0.05208004 0.05575531 0.04037938 0.02329082 0.02146936
 0.04502991 0.0331583  0.02146937]
[0.02448248 0.13780156 0.06281358 0.05894548 0.06281358 0.03686348
 0.04639473 0.13614598 0.05894548 0.04639473 0.02302044 0.05894548
 0.04139844 0.05894548 0.0478129  0.01954296 0.00943867 0.00730896
 0.03193005 0.02274662 0.00730896]
[0.0313106  0.10638131 0.05893935 0.05270098 0.05893935 0.03998988
 0.04719199 0.07640544 0.05270098 0.04719199 0.036942   0.05270098
 0.0614612  0.05270098 0.05855208 0.04252998 0.01781398 0.0162141
 0.03793782 0.03518092 0.0162141 ]
[0.03881306 0.08928573 0.05291727 0.05208004 0.05291727 0.04031822
 0.05963846 0.06721121 0.05208004 0.05963846 0.0353446  0.05208004
 0.05504314 0.05208004 0.05575531 0.04037938 0.02329082 0.02146936
 0.04502991 0.0331583  0.02146937]
[0.02878019 0.10594962 0.05386993 0.04812073 0.05386993 0.03524448
 0.06744486 0.09860446 0.04812073 0.06744486 0.03397477 0.04812073
 0.06469919 0.04812073 0.0540701  0.02610616 0.01639134 0.01164205
 0.04856498 0.02921805 0.01164205]
[0.0313106  0.10638131 0.05893935 0.05270098 0.05893935 0.03998988
 0.04719199 0.07640544 0.05270098 0.04719199 0.036942   0.05270098
 0.0614612  0.05270098 0.05855208 0.04252998 0.01781398 0.0162141
 0.03793782 0.03518092 0.0162141 ]
[0.0373447  0.09391604 0.05558796 0.05522095 0.05558796 0.03237554
 0.05122019 0.10245887 0.05522095 0.05122019 0.03944086 0.05522095
 0.04749676 0.05522095 0.0485848  0.02974185 0.01853651 0.01544418
 0.04923921 0.03547638 0.01544418]
[0.0313106  0.10638131 0.05893935 0.05270098 0.05893935 0.03998988
 0.04719199 0.07640544 0.05270098 0.04719199 0.036942   0.05270098
 0.0614612  0.05270098 0.05855208 0.04252998 0.01781398 0.0162141
 0.03793782 0.03518092 0.0162141 ]
[0.03034442 0.09458184 0.06862471 0.0507662  0.06862471 0.0377208
 0.06074625 0.13279027 0.0507662  0.06074625 0.0275962  0.0507662
 0.03811753 0.0507662  0.0544379  0.02144542 0.01313132 0.00979564
 0.04040269 0.02803371 0.00979565]
[0.037204   0.10793702 0.05628183 0.05277804 0.05628183 0.0402023
 0.04787956 0.09710947 0.05277804 0.04787956 0.03377515 0.05277804
 0.05270064 0.05277804 0.05488919 0.03056829 0.02035987 0.01681351
 0.04302121 0.0291709  0.01681351]
[0.03509337 0.11265158 0.0601195  0.04656663 0.0601195  0.04093315
 0.04802816 0.09762042 0.04656663 0.04802816 0.03346183 0.04656663
 0.05439284 0.04656663 0.06578533 0.03197466 0.01883156 0.0151068
 0.04590886 0.03057094 0.0151068 ]
[0.02585815 0.10112992 0.05620551 0.04952831 0.05620551 0.03633181
 0.05969375 0.09830953 0.04952831 0.05969375 0.03386724 0.04952831
 0.05907345 0.04952831 0.06420093 0.02796381 0.01506358 0.01317162
 0.0545209  0.02742568 0.01317162]
[0.02561441 0.11141516 0.05647254 0.05334096 0.05647254 0.04537611
 0.04541323 0.10865141 0.05334096 0.04541323 0.02973321 0.05334096
 0.04824001 0.05334096 0.07347585 0.03505787 0.01345843 0.01268211
 0.03798844 0.02848948 0.01268211]
[0.03166556 0.09666701 0.04844341 0.05573838 0.04844341 0.03617501
 0.0618249  0.10386153 0.05573838 0.0618249  0.0370129  0.05573838
 0.04442395 0.05573838 0.06759007 0.03155871 0.01651269 0.01430715
 0.03803016 0.02439798 0.01430715]
[0.02585815 0.1011299  0.05620551 0.04952831 0.05620551 0.03633181
 0.05969375 0.09830952 0.04952831 0.05969375 0.03386724 0.04952831
 0.05907346 0.04952831 0.06420095 0.02796382 0.01506358 0.01317162
 0.0545209  0.02742569 0.01317162]]