33241
Test: public void test181() throws Throwable { JexlArithmetic jexlArithmetic0 = new JexlArithmetic(false); Float float0 = new Float((-3767.0593F)); Long long0 = new Long((-2172L)); Long.max((-2172L), (-2172L)); jexlArithmetic0.lessThan(float0, long0); MathContext mathContext0 = MathContext.DECIMAL32; mathContext0.getRoundingMode(); mathContext0.toString(); jexlArithmetic0.createWithOptions(false, mathContext0, 16); Float.min(1.0F, 0.0F); jexlArithmetic0.toInteger(float0); Long long1 = new Long(118L); Integer integer0 = new Integer(1073741824); jexlArithmetic0.size((Object) long1, integer0); jexlArithmetic0.toString((Object) null); jexlArithmetic0.mapBuilder(0); FileSystemHandling.createFolder((EvoSuiteFile) null); jexlArithmetic0.logicalNot((Object) null); String string0 = "selfXor"; int int0 = (-1078); // Undeclared exception!  jexlArithmetic0.complement("selfXor");   }
Code: public Object complement(final Object val) { final long l = toLong(val); return ~l; }
[[0.06525308 0.05032849 0.0905212  0.05032849 0.1123089  0.08519055
 0.05213657 0.10893802 0.06401556 0.04094269 0.0905212  0.07158916
 0.09052122 0.02740485]
[0.06268677 0.04414823 0.08311199 0.04414823 0.10414961 0.12360995
 0.04480895 0.09928516 0.08366036 0.04406048 0.08311199 0.07679624
 0.083112   0.02331002]
[0.05630576 0.04347683 0.0945237  0.04347683 0.10989896 0.08623819
 0.05342446 0.10115497 0.06479631 0.05987118 0.0945237  0.06825972
 0.09452371 0.02952567]
[0.06268677 0.04414823 0.08311199 0.04414823 0.10414961 0.12360995
 0.04480895 0.09928516 0.08366036 0.04406048 0.08311199 0.07679624
 0.083112   0.02331002]
[0.06767043 0.04982678 0.09258518 0.04982678 0.10167804 0.09985486
 0.04310992 0.10775989 0.05942302 0.04870304 0.09258518 0.07080384
 0.0925852  0.02358778]
[0.06516214 0.03880508 0.08567685 0.03880508 0.10366082 0.10406885
 0.06395294 0.10437866 0.05802988 0.05421627 0.08567686 0.07508408
 0.08567687 0.03680563]
[0.05970936 0.04391338 0.09365027 0.04391338 0.12314498 0.09872913
 0.03959407 0.09149408 0.06591357 0.04627967 0.09365026 0.08676524
 0.09365027 0.01959229]
[0.04800994 0.0490687  0.09090103 0.0490687  0.13720144 0.10906685
 0.0439892  0.10123649 0.05554889 0.03658997 0.09090102 0.0712505
 0.09090103 0.02626619]
[0.06719047 0.0412458  0.09413435 0.0412458  0.10626593 0.10163271
 0.05210872 0.0936835  0.05507138 0.05006564 0.09413434 0.0758471
 0.09413436 0.03323995]
[0.06985968 0.04537643 0.0988651  0.04537643 0.09191572 0.07703157
 0.0587813  0.08639345 0.06117395 0.05738324 0.0988651  0.07632503
 0.09886512 0.03378794]
[0.05630576 0.04347683 0.0945237  0.04347683 0.10989896 0.08623819
 0.05342446 0.10115497 0.06479631 0.05987118 0.0945237  0.06825972
 0.09452371 0.02952567]
[0.04713168 0.04422713 0.09660456 0.04422713 0.10830317 0.08672528
 0.04258642 0.13623904 0.06159888 0.04574797 0.09660456 0.0693577
 0.09660457 0.02404194]
[0.05630577 0.04347683 0.09452369 0.04347683 0.10989895 0.08623819
 0.05342445 0.10115497 0.06479631 0.05987117 0.09452369 0.06825972
 0.0945237  0.02952567]
[0.04622765 0.04660716 0.08718522 0.04660716 0.13505441 0.11456291
 0.04145359 0.07503512 0.06696038 0.04134107 0.08718522 0.09973721
 0.08718524 0.02485768]]