10317
Test: public void test101() throws Throwable { Object object0 = ObjectUtils.defaultIfNull((Object) null, (Object) null); }
Code: public static <T> T defaultIfNull(final T object, final T defaultValue) { return object != null ? object : defaultValue; }
[[0.04114591 0.11482649 0.10068332 0.02730555 0.05707559 0.02730555
 0.09049328 0.03240988 0.02730555 0.08541659 0.05018912 0.04470539
 0.02203974 0.02186592 0.04812733 0.07747974 0.02203974 0.03600141
 0.05707559 0.01650835]
[0.04376007 0.10801586 0.11992569 0.02416353 0.06004806 0.02416353
 0.07866567 0.030899   0.02416353 0.07040869 0.06749443 0.04075099
 0.02590716 0.02678696 0.04180472 0.07295632 0.02590716 0.03516836
 0.06004805 0.01896214]
[0.04259522 0.09958965 0.11862692 0.01912023 0.06500325 0.01912023
 0.08411948 0.03051708 0.01912023 0.08378028 0.06966849 0.04718836
 0.0225485  0.02430476 0.03464431 0.08930903 0.0225485  0.02710428
 0.06500325 0.01608795]
[0.03808777 0.10089771 0.10994475 0.02198394 0.06259502 0.02198394
 0.07893508 0.03508693 0.02198394 0.09392545 0.05626696 0.04403424
 0.02381369 0.02709977 0.04430125 0.08201183 0.02381369 0.0343714
 0.06259502 0.01626755]
[0.03578574 0.12016722 0.10748534 0.02315418 0.06048003 0.02315418
 0.09240459 0.03330019 0.02315418 0.08199809 0.05257357 0.04332421
 0.02089081 0.02265684 0.03994311 0.08664243 0.02089081 0.03334824
 0.06048004 0.01816618]
[0.03808777 0.10089771 0.10994475 0.02198394 0.06259502 0.02198394
 0.07893508 0.03508693 0.02198394 0.09392545 0.05626696 0.04403424
 0.02381369 0.02709977 0.04430125 0.08201183 0.02381369 0.0343714
 0.06259502 0.01626755]
[0.0375068  0.10466228 0.11055603 0.02332511 0.06166522 0.02332511
 0.08839576 0.03587657 0.02332511 0.07565077 0.061335   0.0462367
 0.02865784 0.02419874 0.03252989 0.08636989 0.02865784 0.02819267
 0.06166523 0.01786738]
[0.03748715 0.10950989 0.12215455 0.0214589  0.06142726 0.0214589
 0.09515601 0.02442137 0.0214589  0.09641273 0.05788563 0.05436135
 0.02497065 0.01655519 0.03369085 0.07475912 0.02497065 0.0287284
 0.06142726 0.01170523]
[0.03808777 0.10089771 0.10994475 0.02198394 0.06259502 0.02198394
 0.07893508 0.03508693 0.02198394 0.09392545 0.05626696 0.04403424
 0.02381369 0.02709977 0.04430125 0.08201183 0.02381369 0.0343714
 0.06259502 0.01626755]
[0.03754619 0.08898786 0.11443155 0.02555197 0.05540758 0.02555197
 0.0825956  0.03041247 0.02555197 0.08234574 0.06201956 0.05685743
 0.02913641 0.02344951 0.04568636 0.07663087 0.02913642 0.03766961
 0.05540758 0.01562336]
[0.045562   0.10162228 0.09220866 0.02487239 0.06303386 0.02487239
 0.07746216 0.04443803 0.02487239 0.06957629 0.06575304 0.05341596
 0.02768583 0.03095851 0.03841673 0.06369115 0.02768583 0.0364577
 0.06303387 0.02438097]
[0.02941857 0.12497323 0.12171    0.01694231 0.06220274 0.01694231
 0.10964753 0.0260671  0.01694231 0.09750763 0.05023432 0.04396043
 0.01511748 0.01725088 0.04023103 0.09365365 0.01511748 0.02574214
 0.06220274 0.01413609]
[0.03026564 0.12836987 0.12136307 0.01917692 0.05978761 0.01917692
 0.08590047 0.02947211 0.01917692 0.08647775 0.0603563  0.05449266
 0.01825117 0.01668702 0.04198733 0.09721822 0.01825117 0.02452789
 0.05978761 0.00927332]
[0.0324236  0.16226135 0.11847305 0.01928215 0.05605154 0.01928215
 0.08362306 0.03098514 0.01928215 0.08349909 0.05700378 0.04221491
 0.020639   0.01223741 0.0357441  0.1014691  0.020639   0.01764496
 0.05605156 0.01119295]
[0.03689652 0.09856606 0.11104663 0.02447427 0.05665219 0.02447427
 0.09870408 0.02821779 0.02447427 0.07711306 0.07639096 0.05851898
 0.02422153 0.01976252 0.03467599 0.08517111 0.02422153 0.02769746
 0.05665219 0.01206851]
[0.03569255 0.10180959 0.1284359  0.01579058 0.05707064 0.01579058
 0.11774502 0.02540628 0.01579058 0.0876765  0.07098337 0.04751432
 0.01777821 0.01911338 0.03616171 0.08621933 0.01777821 0.03227207
 0.05707064 0.01390052]
[0.03026564 0.12836987 0.12136307 0.01917692 0.05978761 0.01917692
 0.08590047 0.02947211 0.01917692 0.08647775 0.0603563  0.05449266
 0.01825117 0.01668702 0.04198733 0.09721822 0.01825117 0.02452789
 0.05978761 0.00927332]
[0.04026175 0.10556759 0.09734367 0.02169842 0.04997514 0.02169842
 0.09864185 0.02920705 0.02169842 0.0907324  0.05753056 0.05086489
 0.02638256 0.02526544 0.04215904 0.09751767 0.02638256 0.02659347
 0.04997513 0.02050396]
[0.03578574 0.12016722 0.10748534 0.02315418 0.06048003 0.02315418
 0.09240459 0.03330019 0.02315418 0.08199809 0.05257357 0.04332421
 0.02089081 0.02265684 0.03994311 0.08664243 0.02089081 0.03334824
 0.06048004 0.01816618]
[0.03008137 0.1096373  0.1317932  0.02039415 0.0588111  0.02039415
 0.08694872 0.0260465  0.02039415 0.08690416 0.06254917 0.06143261
 0.02454377 0.02032058 0.03536572 0.08242687 0.02454377 0.02443001
 0.0588111  0.01417158]]