70814
Test: public void test8256() throws Throwable { JSONArray jSONArray0 = new JSONArray(); Object object0 = jSONArray0.opt(10); }
Code: public Object opt(int index) { return (index < 0 || index >= this.length()) ? null : this.myArrayList .get(index); }
[[0.0438554  0.0337791  0.06083557 0.15949848 0.05508645 0.04784593
 0.04516474 0.03454054 0.03512996 0.0409586  0.035384   0.03643069
 0.06083557 0.08111518 0.05088399 0.03904079 0.06083558 0.06083558
 0.01794383]
[0.04409151 0.03136408 0.05967383 0.1416015  0.08149695 0.05407644
 0.04929941 0.02461024 0.03626287 0.03965004 0.02964417 0.04641983
 0.05967383 0.09268069 0.04458756 0.02985609 0.05967384 0.05967384
 0.01566336]
[0.03831794 0.02975693 0.06413995 0.11700071 0.05971945 0.04648024
 0.06574349 0.03267129 0.04057975 0.05174473 0.0327999  0.03992424
 0.06413995 0.08981872 0.04219138 0.03632184 0.06413996 0.06413996
 0.0203696 ]
[0.04101315 0.03533311 0.06617814 0.12653637 0.06494557 0.0530301
 0.05011731 0.0300531  0.04145189 0.03535824 0.03026759 0.03492653
 0.06617814 0.09687515 0.04118944 0.03393951 0.06617814 0.06617814
 0.02025036]
[0.04736526 0.0282062  0.06318323 0.12213455 0.07361411 0.05484285
 0.05890938 0.03733701 0.0538347  0.04115409 0.02653561 0.0363145
 0.06318323 0.06304733 0.03905678 0.03855352 0.06318324 0.06318324
 0.02636114]
[0.03377997 0.03166937 0.06967416 0.13325682 0.06126434 0.04986291
 0.05181912 0.0274251  0.03746302 0.03727158 0.02785777 0.03562651
 0.06967416 0.10197502 0.04466032 0.03033962 0.06967417 0.06967417
 0.01703182]
[0.03901998 0.02939034 0.05267584 0.16673277 0.06664049 0.06385385
 0.04814835 0.0261961  0.04050774 0.04431671 0.02392336 0.02521535
 0.05267584 0.12655742 0.04195561 0.0320204  0.05267585 0.05267585
 0.01481818]
[0.03510267 0.03479666 0.05657598 0.155149   0.06676865 0.06224321
 0.04786324 0.03336231 0.03245299 0.05601217 0.03531419 0.04583167
 0.05657598 0.06382872 0.04275982 0.04150049 0.05657599 0.05657599
 0.02071025]
[0.03786996 0.02899911 0.06096371 0.15864661 0.06148854 0.05859081
 0.05076104 0.02251494 0.03628566 0.04369092 0.02498265 0.03525899
 0.06096371 0.10808038 0.04402722 0.03149962 0.06096372 0.06096372
 0.01344874]
[0.03542019 0.02771946 0.07283053 0.13778973 0.09032931 0.05146088
 0.03823997 0.02740405 0.03435796 0.04119126 0.02318591 0.03444331
 0.07283053 0.0747989  0.04248718 0.03824419 0.07283054 0.07283054
 0.01160559]
[0.03373755 0.04153375 0.05818113 0.14985079 0.05784015 0.04806477
 0.05657664 0.02657354 0.03755339 0.05260007 0.02972698 0.03856593
 0.05818113 0.09632702 0.04575928 0.03287662 0.05818114 0.05818114
 0.01968905]
[0.03907559 0.03241605 0.06768711 0.12826765 0.07727477 0.055273
 0.04343788 0.02520914 0.04003917 0.04201739 0.02593385 0.04558644
 0.06768711 0.08635392 0.03685703 0.0344878  0.06768712 0.06768712
 0.01702184]
[0.03831794 0.02975693 0.06413995 0.11700071 0.05971945 0.04648024
 0.06574349 0.03267129 0.04057975 0.05174473 0.0327999  0.03992424
 0.06413995 0.08981872 0.04219138 0.03632184 0.06413996 0.06413996
 0.0203696 ]
[0.0395744  0.02859152 0.0629798  0.16410738 0.08237219 0.05308136
 0.04409607 0.03186785 0.02733978 0.03613149 0.02373178 0.03084274
 0.0629798  0.09380897 0.0396781  0.03686598 0.0629798  0.0629798
 0.01599122]
[0.0407087  0.03188857 0.06235652 0.1317157  0.08747035 0.06496616
 0.04414335 0.03125272 0.03846984 0.04047072 0.02952487 0.03421191
 0.06235652 0.09269124 0.03803801 0.0313457  0.06235652 0.06235652
 0.01367617]
[0.04617897 0.03066991 0.05690114 0.11185718 0.0681878  0.05827003
 0.05349823 0.03340169 0.04878224 0.03652778 0.03211338 0.04151738
 0.05690114 0.1085937  0.04775852 0.03103845 0.05690114 0.05690114
 0.02400018]
[0.03831795 0.02975693 0.06413995 0.11700068 0.05971946 0.04648024
 0.06574348 0.03267129 0.04057975 0.05174471 0.0327999  0.03992423
 0.06413995 0.08981872 0.04219138 0.03632184 0.06413995 0.06413995
 0.02036961]
[0.03831795 0.02975693 0.06413995 0.11700068 0.05971946 0.04648024
 0.06574348 0.03267129 0.04057975 0.05174471 0.0327999  0.03992423
 0.06413995 0.08981872 0.04219138 0.03632184 0.06413995 0.06413995
 0.02036961]
[0.03243364 0.03236722 0.06167839 0.16439895 0.07744072 0.06912722
 0.04470988 0.02757483 0.03423332 0.04452513 0.02405784 0.03509175
 0.06167839 0.08420556 0.03730576 0.02886485 0.06167839 0.06167839
 0.01694979]]