13909
Test: public void test34() throws Throwable { // Undeclared exception!  FieldUtils.getAllFields((Class<?>) null);   }
Code: public static Field[] getAllFields(final Class<?> cls) { final List<Field> allFieldsList = getAllFieldsList(cls); return allFieldsList.toArray(ArrayUtils.EMPTY_FIELD_ARRAY); }
[[0.05660142 0.15207139 0.07851149 0.07851149 0.02650904 0.06589346
 0.06567258 0.04413966 0.07851149 0.07851149 0.03498937 0.07851149
 0.06108186 0.07851151 0.02197223]
[0.0563112  0.14603719 0.07639374 0.07639374 0.02248253 0.06529925
 0.09512849 0.0408342  0.07639373 0.07639373 0.03642847 0.07639373
 0.05300609 0.07639375 0.02611022]
[0.04560303 0.15322357 0.07705615 0.07705615 0.02368126 0.07932372
 0.06708308 0.04246098 0.07705615 0.07705615 0.04790251 0.07705615
 0.05521186 0.07705616 0.02317304]
[0.04560303 0.15322357 0.07705615 0.07705615 0.02368126 0.07932372
 0.06708308 0.04246098 0.07705615 0.07705615 0.04790251 0.07705615
 0.05521186 0.07705616 0.02317304]
[0.0428439  0.15650259 0.0743397  0.0743397  0.0207719  0.07910741
 0.07438421 0.04051837 0.0743397  0.0743397  0.04575428 0.0743397
 0.07179813 0.07433973 0.02228103]
[0.04954311 0.14579847 0.07868989 0.07868989 0.0184208  0.0762158
 0.08546835 0.04105676 0.0786899  0.0786899  0.02935582 0.0786899
 0.0635533  0.0786899  0.01844819]
[0.05492103 0.12762222 0.07293113 0.07293113 0.02641461 0.07369136
 0.0860997  0.05383781 0.07293113 0.07293113 0.04562242 0.07293113
 0.06349444 0.07293114 0.03070967]
[0.05050552 0.14915231 0.07931004 0.07931004 0.0214654  0.05709319
 0.08336197 0.03347503 0.07931004 0.07931004 0.03914884 0.07931004
 0.07338682 0.07931004 0.01655066]
[0.04560303 0.15322357 0.07705615 0.07705615 0.02368126 0.07932372
 0.06708308 0.04246098 0.07705615 0.07705615 0.04790251 0.07705615
 0.05521186 0.07705616 0.02317304]
[0.04560303 0.15322357 0.07705615 0.07705615 0.02368126 0.07932372
 0.06708308 0.04246098 0.07705615 0.07705615 0.04790251 0.07705615
 0.05521186 0.07705616 0.02317304]
[0.05622085 0.12873428 0.07964327 0.07964327 0.03287684 0.06519331
 0.05915354 0.04720633 0.07964328 0.07964328 0.04536287 0.07964328
 0.06088535 0.07964329 0.02650695]
[0.04560303 0.15322357 0.07705615 0.07705615 0.02368126 0.07932372
 0.06708308 0.04246098 0.07705615 0.07705615 0.04790251 0.07705615
 0.05521186 0.07705616 0.02317304]
[0.03849973 0.16148962 0.08205208 0.08205208 0.02574153 0.07066442
 0.06441447 0.03393862 0.08205208 0.08205208 0.03697743 0.08205208
 0.05775815 0.08205209 0.0182035 ]
[0.04560304 0.15322357 0.07705615 0.07705615 0.02368126 0.07932372
 0.06708308 0.04246098 0.07705615 0.07705615 0.04790251 0.07705615
 0.05521186 0.07705615 0.02317305]
[0.0390425  0.15934484 0.07379012 0.07379012 0.02262733 0.06581295
 0.09585515 0.03494075 0.07379012 0.07379012 0.03481755 0.07379012
 0.08397457 0.07379014 0.02084355]]