168765
Test: public void test3() throws Throwable { Class<Integer> class0 = Integer.class; BeanHandler<Object> beanHandler0 = new BeanHandler<Object>(class0); ResultSet resultSet0 = mock(ResultSet.class, new ViolatedAssumptionAnswer()); doReturn(false).when(resultSet0).next(); Object object0 = beanHandler0.handle(resultSet0); }
Code: public T handle(ResultSet rs) throws SQLException { return rs.next() ? this.convert.toBean(rs, this.type) : null; }
[[0.0515611  0.03329356 0.07153372 0.07153372 0.11825013 0.03956297
 0.07409844 0.05740546 0.07153372 0.08677145 0.07153372 0.07153372
 0.04981959 0.10843    0.02313868]
[0.04511806 0.02602735 0.07254903 0.07254903 0.14150438 0.03783359
 0.07449061 0.05275817 0.07254903 0.08800737 0.07254903 0.07254903
 0.04295716 0.10812095 0.02043722]
[0.04107507 0.02699403 0.06780492 0.06780492 0.13363855 0.04345953
 0.06926947 0.0499633  0.06780492 0.09175117 0.06780492 0.06780492
 0.03987662 0.14170478 0.02324289]
[0.04107507 0.02699403 0.06780492 0.06780492 0.13363855 0.04345953
 0.06926947 0.0499633  0.06780492 0.09175117 0.06780492 0.06780492
 0.03987662 0.14170478 0.02324289]
[0.03642181 0.01727498 0.06085219 0.06085219 0.17102495 0.03844483
 0.09439483 0.06077037 0.0608522  0.09899409 0.0608522  0.0608522
 0.0452067  0.11516771 0.01803879]
[0.0381407  0.02390295 0.06144775 0.06144775 0.13931343 0.04290766
 0.10597349 0.06843275 0.06144775 0.0999463  0.06144775 0.06144775
 0.03661992 0.1220594  0.01546465]
[0.05588608 0.0294219  0.07047223 0.07047223 0.09742878 0.04018309
 0.09599905 0.06351417 0.07047225 0.06888773 0.07047225 0.07047225
 0.04662417 0.11682555 0.03286833]
[0.03695023 0.02047704 0.07196349 0.07196349 0.1335601  0.03515039
 0.07571225 0.05304991 0.07196349 0.09803889 0.07196349 0.07196349
 0.0350835  0.13158768 0.0205726 ]
[0.04107507 0.02699403 0.06780492 0.06780492 0.13363855 0.04345953
 0.06926947 0.0499633  0.06780492 0.09175117 0.06780492 0.06780492
 0.03987662 0.14170478 0.02324289]
[0.04302705 0.01939877 0.06705482 0.06705482 0.12335987 0.03592209
 0.1070521  0.05961719 0.06705482 0.09347069 0.06705482 0.06705482
 0.04525133 0.11748014 0.02014664]
[0.04107507 0.02699403 0.06780492 0.06780492 0.13363855 0.04345953
 0.06926947 0.0499633  0.06780492 0.09175117 0.06780492 0.06780492
 0.03987662 0.14170478 0.02324289]
[0.04107507 0.02699403 0.06780492 0.06780492 0.13363855 0.04345953
 0.06926947 0.0499633  0.06780492 0.09175117 0.06780492 0.06780492
 0.03987662 0.14170478 0.02324289]
[0.05136023 0.02739102 0.06183036 0.06183036 0.11812775 0.04348419
 0.08348974 0.06456327 0.06183036 0.10946453 0.06183036 0.06183036
 0.0363853  0.12821163 0.02837049]
[0.04580398 0.02746082 0.07704447 0.07704447 0.13001135 0.03954194
 0.06796291 0.05561547 0.07704447 0.09258767 0.07704447 0.07704447
 0.04647565 0.08821164 0.02110622]
[0.03451306 0.02490452 0.06288321 0.06288321 0.14462754 0.04399372
 0.09828544 0.07814948 0.06288321 0.0821937  0.06288321 0.06288321
 0.03472411 0.12350398 0.02068835]]