86391
Test: public void test2946() throws Throwable { ClassLoader classLoader0 = ClassLoader.getSystemClassLoader(); ClassLoaderRepository classLoaderRepository0 = new ClassLoaderRepository(classLoader0); Class<String> class0 = String.class; JavaClass javaClass0 = classLoaderRepository0.loadClass(class0); JavaClass javaClass1 = javaClass0.getSuperClass(); }
Code: public JavaClass getSuperClass() throws ClassNotFoundException { if ("java.lang.Object".equals(getClassName())) { return null; } return repository.loadClass(getSuperclassName()); }
[[0.0484926  0.06726725 0.06666198 0.11838484 0.06726725 0.05988166
 0.1302229  0.06726725 0.05988166 0.05277793 0.10261764 0.01961593
 0.05277795 0.06726726 0.01961593]
[0.04026043 0.06827316 0.06695293 0.12949008 0.06827316 0.05787238
 0.09753663 0.06827316 0.05787237 0.04870787 0.13931477 0.02009603
 0.04870788 0.06827316 0.02009603]
[0.03908387 0.07018211 0.0586405  0.10172848 0.07018211 0.07652705
 0.13652962 0.07018211 0.07652705 0.04833545 0.09342202 0.02007101
 0.04833546 0.07018213 0.020071  ]
[0.03212508 0.05918922 0.0476037  0.16467287 0.05918922 0.06960376
 0.14336057 0.05918922 0.06960379 0.05104705 0.10595986 0.01410967
 0.05104705 0.05918925 0.01410967]
[0.04026043 0.06827316 0.06695293 0.12949008 0.06827316 0.05787238
 0.09753663 0.06827316 0.05787237 0.04870787 0.13931477 0.02009603
 0.04870788 0.06827316 0.02009603]
[0.05025743 0.0679999  0.06638399 0.08990577 0.0679999  0.07595965
 0.08719523 0.0679999  0.07595966 0.0584725  0.110282   0.02755582
 0.05847251 0.06799991 0.02755582]
[0.02805884 0.06754541 0.07255455 0.16632731 0.06754541 0.05319504
 0.15604255 0.06754541 0.05319503 0.03659577 0.11049501 0.00837925
 0.03659577 0.06754542 0.00837925]
[0.04026043 0.06827316 0.06695293 0.12949008 0.06827316 0.05787238
 0.09753663 0.06827316 0.05787237 0.04870787 0.13931477 0.02009603
 0.04870788 0.06827316 0.02009603]
[0.05025743 0.0679999  0.06638399 0.08990577 0.0679999  0.07595965
 0.08719523 0.0679999  0.07595966 0.0584725  0.110282   0.02755582
 0.05847251 0.06799991 0.02755582]
[0.03270113 0.06725175 0.06029752 0.12816316 0.06725175 0.05971143
 0.13759336 0.06725175 0.05971143 0.04820117 0.12325658 0.01657802
 0.04820117 0.06725176 0.01657802]
[0.0458016  0.07519    0.05273963 0.13335344 0.07519    0.05695609
 0.12569112 0.07519    0.05695608 0.05258996 0.08564292 0.0184596
 0.05258996 0.07519001 0.0184596 ]
[0.0312772  0.05990288 0.0625519  0.13234006 0.05990288 0.07223267
 0.11891849 0.05990288 0.07223269 0.06595515 0.10705149 0.01593682
 0.06595515 0.05990289 0.01593682]
[0.03270114 0.06725176 0.0602975  0.12816316 0.06725176 0.05971142
 0.13759336 0.06725176 0.05971142 0.04820117 0.12325658 0.01657802
 0.04820117 0.06725176 0.01657802]
[0.04026043 0.06827315 0.06695293 0.12949006 0.06827315 0.05787237
 0.09753662 0.06827315 0.05787237 0.04870787 0.13931476 0.02009603
 0.04870787 0.06827316 0.02009603]
[0.0312772  0.05990287 0.0625519  0.13234004 0.05990287 0.07223268
 0.11891848 0.05990287 0.07223268 0.06595515 0.10705151 0.01593682
 0.06595515 0.05990289 0.01593682]]