40566
Test: public void test13() throws Throwable { StringConverter stringConverter0 = new StringConverter(); EthiopicChronology ethiopicChronology0 = EthiopicChronology.getInstanceUTC(); // Undeclared exception!  stringConverter0.getInstantMillis("000", ethiopicChronology0);   }
Code: public long getInstantMillis(Object object, Chronology chrono) { String str = (String) object; DateTimeFormatter p = ISODateTimeFormat.dateTimeParser(); return p.withChronology(chrono).parseMillis(str); }
[[0.04376885 0.06953897 0.0498343  0.0908048  0.05452114 0.06246638
 0.06761646 0.05488524 0.03318418 0.02813113 0.0314645  0.06072759
 0.0754531  0.05803081 0.02813113 0.06072759 0.04931246 0.0607276
 0.0206737 ]
[0.03154263 0.05931199 0.05484118 0.11170966 0.05200542 0.05909357
 0.09174563 0.06209414 0.02736436 0.02453865 0.02438908 0.05539058
 0.08704888 0.05656493 0.02453865 0.05539058 0.04613243 0.05539059
 0.02090702]
[0.034197   0.06095147 0.04560737 0.09930503 0.0579006  0.05691216
 0.08461566 0.059185   0.02919254 0.02531485 0.02957802 0.05757527
 0.0737342  0.07378869 0.02531485 0.05757527 0.05287825 0.05757528
 0.0187986 ]
[0.03806421 0.05915632 0.04379504 0.08460478 0.05429394 0.0500527
 0.07740889 0.07370012 0.02849203 0.02908706 0.02752593 0.05558106
 0.08922256 0.07874293 0.02908706 0.05558106 0.04830302 0.05558106
 0.02172027]
[0.04749994 0.06686411 0.0493931  0.08544329 0.04887367 0.05859205
 0.08816784 0.04687209 0.0310353  0.03200187 0.02355145 0.05934709
 0.08083533 0.05792254 0.03200187 0.05934709 0.04882559 0.05934709
 0.02407872]
[0.03418846 0.06324421 0.04285528 0.08423998 0.06516778 0.06378318
 0.09979355 0.05814575 0.02632942 0.02761623 0.03096445 0.05186513
 0.09713514 0.0551117  0.02761623 0.05186513 0.04952034 0.05186514
 0.01869287]
[0.04480307 0.06663845 0.05557002 0.07331933 0.04903383 0.05148299
 0.08044247 0.05987813 0.02525109 0.03767945 0.02496349 0.05494386
 0.08169965 0.06924139 0.03767945 0.05494386 0.05046345 0.05494387
 0.02702217]
[0.04550059 0.05529012 0.05761709 0.08296575 0.05875148 0.06115432
 0.0799751  0.05038019 0.03277417 0.03033695 0.02638763 0.06158531
 0.07850723 0.05829346 0.03033695 0.06158531 0.04748858 0.06158532
 0.01948442]
[0.03234334 0.06238989 0.06400053 0.10019498 0.05268724 0.06509225
 0.09772814 0.04724462 0.02633834 0.02577833 0.02540695 0.04907398
 0.09501336 0.05726948 0.02577833 0.04907398 0.05608473 0.04907399
 0.01942751]
[0.04474503 0.05479996 0.04436286 0.08105007 0.05905391 0.04692788
 0.0552742  0.05233996 0.02494143 0.03846271 0.02997877 0.06315617
 0.09425298 0.07279461 0.03846271 0.06315617 0.05001216 0.06315619
 0.02307224]
[0.04783437 0.06577864 0.03552444 0.09476291 0.06062045 0.05774183
 0.06210038 0.06850711 0.02425663 0.02846639 0.02835959 0.05414056
 0.10602286 0.05917622 0.02846639 0.05414056 0.05435243 0.05414057
 0.01560767]
[0.03600843 0.05758092 0.05369525 0.08439612 0.04500201 0.05718536
 0.06708969 0.06228279 0.02651924 0.0408305  0.03274552 0.05828986
 0.09282973 0.06208467 0.0408305  0.05828986 0.04396825 0.05828988
 0.02208137]
[0.04236874 0.06996608 0.03934509 0.09703721 0.04715161 0.05738729
 0.0729748  0.0616897  0.03132985 0.03170212 0.03103038 0.06717968
 0.06956951 0.0499103  0.03170212 0.06717968 0.04394605 0.06717969
 0.02135014]
[0.04545557 0.06837937 0.04624281 0.08262235 0.05485631 0.05627119
 0.06596364 0.066001   0.02866355 0.02817965 0.02559378 0.06087838
 0.08171946 0.06724044 0.02817965 0.06087838 0.05559989 0.06087839
 0.01639616]
[0.04474503 0.05479996 0.04436286 0.08105007 0.05905391 0.04692788
 0.0552742  0.05233996 0.02494143 0.03846271 0.02997877 0.06315617
 0.09425298 0.07279461 0.03846271 0.06315617 0.05001216 0.06315619
 0.02307224]
[0.03600843 0.05758092 0.05369525 0.08439612 0.04500201 0.05718536
 0.06708969 0.06228279 0.02651924 0.0408305  0.03274552 0.05828986
 0.09282973 0.06208467 0.0408305  0.05828986 0.04396825 0.05828988
 0.02208137]
[0.03184125 0.07983354 0.04453215 0.09736071 0.05089155 0.05772658
 0.068824   0.06333511 0.02271499 0.0315306  0.03151487 0.06026419
 0.08248833 0.0614551  0.0315306  0.06026419 0.0451005  0.06026419
 0.01852758]
[0.03600843 0.05758093 0.05369526 0.08439612 0.04500201 0.05718536
 0.06708971 0.06228279 0.02651924 0.0408305  0.03274551 0.05828987
 0.09282975 0.06208467 0.0408305  0.05828987 0.04396824 0.05828988
 0.02208137]
[0.03117197 0.05066292 0.04660132 0.08992456 0.05577482 0.0597957
 0.09395054 0.05699411 0.03733627 0.02969072 0.02448395 0.05589882
 0.07263008 0.06196389 0.02969072 0.05589882 0.07208139 0.05589884
 0.01955059]]