39376
Test: public void test117() throws Throwable { BuddhistChronology buddhistChronology0 = BuddhistChronology.getInstance(); DateTimeField dateTimeField0 = buddhistChronology0.centuryOfEra(); DateTimeFieldType dateTimeFieldType0 = DateTimeFieldType.secondOfDay(); DividedDateTimeField dividedDateTimeField0 = new DividedDateTimeField(dateTimeField0, dateTimeFieldType0, 136); long long0 = dividedDateTimeField0.set((long) 1, 1); }
Code: public long set(long instant, int value) { FieldUtils.verifyValueBounds(this, value, iMin, iMax); int remainder = getRemainder(getWrappedField().get(instant)); return getWrappedField().set(instant, value * iDivisor + remainder); }
[[0.03570058 0.05957651 0.05733281 0.06682532 0.02276637 0.04303015
 0.04668129 0.04952508 0.03487375 0.04952508 0.04952508 0.02276637
 0.0185409  0.02240478 0.04952508 0.03917609 0.04952509 0.11506961
 0.02466476 0.04952509 0.02890573 0.0495251  0.01500937]
[0.02604253 0.0559324  0.05759513 0.05898907 0.01625204 0.0442433
 0.05632326 0.04992056 0.02390851 0.04992056 0.04992056 0.01625204
 0.01587526 0.01977737 0.04992056 0.03874516 0.04992055 0.16095571
 0.01609474 0.04992055 0.02983756 0.04992056 0.013732  ]
[0.02537542 0.05441433 0.06139851 0.07003418 0.01501489 0.05113856
 0.05399788 0.04736473 0.0347484  0.04736473 0.04736473 0.01501489
 0.02354882 0.02438879 0.04736473 0.03830737 0.04736473 0.12810838
 0.02614762 0.04736473 0.03253802 0.04736474 0.01427083]
[0.03520202 0.04209184 0.05470134 0.0669333  0.02191005 0.03608097
 0.05928893 0.0492733  0.03003654 0.0492733  0.0492733  0.02191005
 0.02143121 0.02616999 0.0492733  0.04068096 0.0492733  0.12933522
 0.02436809 0.0492733  0.03152906 0.0492733  0.01341731]
[0.0218514  0.04720145 0.03868786 0.06321336 0.01581332 0.05364206
 0.0491382  0.05626278 0.03390202 0.05626278 0.05626278 0.01581332
 0.01823627 0.01842968 0.05626278 0.03523339 0.05626279 0.13098356
 0.02741748 0.05626279 0.02595825 0.0562628  0.01063882]
[0.03383084 0.05655051 0.04907584 0.0686285  0.01585192 0.04071921
 0.05538594 0.05041631 0.03478115 0.05041631 0.05041631 0.01585192
 0.01738427 0.02437231 0.05041631 0.04051676 0.05041631 0.12393727
 0.02856888 0.05041631 0.02787693 0.05041632 0.01375355]
[0.03662223 0.05740712 0.05793815 0.06540785 0.01736283 0.03850237
 0.06066442 0.04718135 0.04117652 0.04718135 0.04718135 0.01736283
 0.02863756 0.03056896 0.04718135 0.04191417 0.04718136 0.08096493
 0.03576085 0.04718136 0.03833426 0.04718136 0.02110546]
[0.0292543  0.05229274 0.06073183 0.06974627 0.01904643 0.04694146
 0.04524851 0.04903083 0.03376354 0.04903083 0.04903083 0.01904643
 0.02161131 0.03120096 0.04903083 0.0354768  0.04903083 0.1096105
 0.02745118 0.04903083 0.03990292 0.04903084 0.01545897]
[0.02573407 0.05310598 0.06051345 0.0580476  0.0160219  0.04039411
 0.06617194 0.04772611 0.02696885 0.04772611 0.04772611 0.0160219
 0.01987333 0.02161996 0.04772611 0.03712585 0.04772611 0.15976141
 0.02361077 0.04772611 0.02933392 0.04772612 0.01161218]
[0.0292543  0.05229274 0.06073183 0.06974627 0.01904643 0.04694146
 0.04524851 0.04903083 0.03376354 0.04903083 0.04903083 0.01904643
 0.02161131 0.03120096 0.04903083 0.0354768  0.04903083 0.1096105
 0.02745118 0.04903083 0.03990292 0.04903084 0.01545897]
[0.0292543  0.05229274 0.06073183 0.06974627 0.01904643 0.04694146
 0.04524851 0.04903083 0.03376354 0.04903083 0.04903083 0.01904643
 0.02161131 0.03120096 0.04903083 0.0354768  0.04903083 0.1096105
 0.02745118 0.04903083 0.03990292 0.04903084 0.01545897]
[0.0218514  0.04720145 0.03868786 0.06321336 0.01581332 0.05364206
 0.0491382  0.05626278 0.03390202 0.05626278 0.05626278 0.01581332
 0.01823627 0.01842968 0.05626278 0.03523339 0.05626279 0.13098356
 0.02741748 0.05626279 0.02595825 0.0562628  0.01063882]
[0.03060463 0.06548768 0.0452664  0.07120868 0.01724224 0.04223842
 0.05783093 0.04847468 0.03639933 0.04847468 0.04847468 0.01724224
 0.0198577  0.02493397 0.04847468 0.03876471 0.04847467 0.12051609
 0.02989788 0.04847467 0.02916885 0.04847468 0.01401752]
[0.038416   0.04745116 0.04673665 0.06396561 0.02329395 0.04156194
 0.04299005 0.05434844 0.03613465 0.05434844 0.05434844 0.02329395
 0.02358804 0.03173662 0.05434844 0.04209087 0.05434845 0.07329634
 0.03239281 0.05434845 0.03388025 0.05434845 0.01873202]
[0.0292543  0.05229274 0.06073183 0.06974627 0.01904643 0.04694146
 0.04524851 0.04903083 0.03376354 0.04903083 0.04903083 0.01904643
 0.02161131 0.03120096 0.04903083 0.0354768  0.04903083 0.1096105
 0.02745118 0.04903083 0.03990292 0.04903084 0.01545897]
[0.02550069 0.07254669 0.06817365 0.05549232 0.01555389 0.0418927
 0.0479002  0.05179061 0.02792216 0.05179061 0.05179061 0.01555389
 0.01982257 0.02481163 0.05179061 0.03735841 0.05179061 0.11616484
 0.02047737 0.05179061 0.03506855 0.05179062 0.01322618]
[0.0292543  0.05229274 0.06073183 0.06974627 0.01904643 0.04694146
 0.04524851 0.04903083 0.03376354 0.04903083 0.04903083 0.01904643
 0.02161131 0.03120096 0.04903083 0.0354768  0.04903083 0.1096105
 0.02745118 0.04903083 0.03990292 0.04903084 0.01545897]
[0.02861477 0.06070866 0.04382159 0.05312139 0.01846731 0.03951866
 0.04895972 0.05103042 0.02937039 0.05103042 0.05103042 0.01846731
 0.01871173 0.02545083 0.05103042 0.04362979 0.05103042 0.15117739
 0.02340807 0.05103042 0.02324723 0.05103043 0.01611223]
[0.0419917  0.05796244 0.05295663 0.06323509 0.01828999 0.0427921
 0.05900831 0.04798654 0.03205662 0.04798654 0.04798654 0.01828999
 0.01994512 0.02150214 0.04798654 0.03943759 0.04798654 0.11897244
 0.04045226 0.04798654 0.02556168 0.04798654 0.01164016]
[0.0292543  0.05229274 0.06073183 0.06974627 0.01904643 0.04694146
 0.04524851 0.04903083 0.03376354 0.04903083 0.04903083 0.01904643
 0.02161131 0.03120096 0.04903083 0.0354768  0.04903083 0.1096105
 0.02745118 0.04903083 0.03990292 0.04903084 0.01545897]
[0.03492923 0.06011984 0.04836242 0.06148121 0.01933464 0.03600946
 0.04496568 0.04954577 0.03324619 0.04954577 0.04954577 0.01933464
 0.02482041 0.02514784 0.04954577 0.04039362 0.04954577 0.12976773
 0.03077539 0.04954577 0.02870211 0.04954577 0.01578914]
[0.0292543  0.05229274 0.06073181 0.06974627 0.01904644 0.04694147
 0.04524852 0.04903083 0.03376354 0.04903083 0.04903083 0.01904644
 0.02161131 0.03120096 0.04903083 0.0354768  0.04903083 0.10961051
 0.02745118 0.04903083 0.03990293 0.04903083 0.01545897]
[0.02593013 0.04207909 0.04594277 0.06636417 0.01984834 0.03136878
 0.06177046 0.04933537 0.02620304 0.04933537 0.04933537 0.01984834
 0.02148322 0.02291863 0.04933537 0.05522494 0.04933537 0.14775574
 0.026242   0.04933537 0.02814536 0.04933538 0.01352734]]