167915
Test: public void test8() throws Throwable { boolean boolean0 = Os.isName("org.apacheYpommony.vfs2.utilQ(sfa!ily"); }
Code: public static boolean isName(final String name) { return isOs((OsFamily) null, name, null, null); }
[[0.0422208  0.10454532 0.11761387 0.05855935 0.0559613  0.04287606
 0.04390008 0.0449346  0.05855935 0.10820282 0.11145213 0.10820282
 0.08769479 0.01527674]
[0.04288402 0.10271707 0.14137763 0.05923668 0.06798054 0.04019183
 0.06245671 0.03968259 0.05923668 0.10926165 0.09070195 0.10926165
 0.05718993 0.01782104]
[0.02834204 0.08201407 0.18473822 0.05736022 0.06578722 0.03761534
 0.04729002 0.03929977 0.05736022 0.11552986 0.109771   0.11552986
 0.04948039 0.00988176]
[0.03503339 0.11403032 0.14060044 0.05983605 0.06717491 0.04678013
 0.04799888 0.04232181 0.05983606 0.09856511 0.10288002 0.09856511
 0.06952316 0.01685458]
[0.0410182  0.10830973 0.1572923  0.06048638 0.04934146 0.03585564
 0.04950069 0.04016175 0.06048637 0.10438675 0.10587354 0.10438675
 0.06963092 0.01326951]
[0.04248228 0.11153376 0.13741952 0.05161589 0.08118453 0.04592625
 0.04415052 0.04487624 0.05161589 0.10373431 0.10199343 0.10373431
 0.06008127 0.0196519 ]
[0.04569565 0.10219089 0.10930994 0.06305775 0.07110458 0.05726729
 0.06630693 0.05352547 0.06305776 0.10748732 0.07984823 0.10748732
 0.04913871 0.02452219]
[0.02628745 0.1090982  0.16417979 0.05639147 0.06778647 0.03775015
 0.04323141 0.03956579 0.05639147 0.11501469 0.08446603 0.11501469
 0.07256085 0.01226168]
[0.03503339 0.11403032 0.14060044 0.05983605 0.06717491 0.04678013
 0.04799888 0.04232181 0.05983606 0.09856511 0.10288002 0.09856511
 0.06952316 0.01685458]
[0.03048466 0.08684874 0.1666072  0.06201342 0.05251795 0.03814012
 0.05178462 0.03721678 0.06201343 0.11707145 0.10140396 0.11707145
 0.0644087  0.01241756]
[0.03998045 0.09120987 0.15238479 0.06612957 0.04991155 0.04644791
 0.05704134 0.04628017 0.06612958 0.10521683 0.08894482 0.10521683
 0.06569133 0.01941498]
[0.03048466 0.08684874 0.1666072  0.06201342 0.05251795 0.03814012
 0.05178462 0.03721678 0.06201343 0.11707145 0.10140396 0.11707145
 0.0644087  0.01241756]
[0.02633864 0.10496251 0.15717347 0.055587   0.04802785 0.03979879
 0.04614021 0.04664664 0.055587   0.13179925 0.09263133 0.13179925
 0.05450042 0.00900757]
[0.03082758 0.10371587 0.12101185 0.06155781 0.0566317  0.05181386
 0.05666315 0.06080656 0.06155781 0.09355114 0.14303538 0.09355114
 0.05199499 0.01328107]]