135580
Test: public void test204() throws Throwable { TokenQueue tokenQueue0 = new TokenQueue("*|"); String string0 = tokenQueue0.consumeElementSelector(); }
Code: public String consumeElementSelector() { int start = pos; while (!isEmpty() && (matchesWord() || matchesAny("*|","|", "_", "-"))) pos++; return queue.substring(start, pos); }
[[0.04255611 0.05478431 0.05903538 0.05570831 0.02712569 0.02612283
 0.02671115 0.02804652 0.10157837 0.05903538 0.02709574 0.05903538
 0.04077379 0.05903538 0.05903538 0.05903538 0.06557537 0.04670679
 0.03790566 0.04719174 0.01790535]
[0.04091521 0.04710601 0.05766139 0.06153449 0.02187137 0.02405712
 0.02770499 0.02995971 0.11079125 0.05766139 0.02947968 0.05766139
 0.04070282 0.05766139 0.05766139 0.05766139 0.08042629 0.04148604
 0.03604139 0.0464078  0.01554743]
[0.03406606 0.06218069 0.05669279 0.05491706 0.02197112 0.02303445
 0.03680686 0.03895383 0.09679079 0.05669279 0.02479762 0.05669279
 0.04713498 0.05669279 0.05669279 0.05669279 0.06692739 0.04137078
 0.03665647 0.05563699 0.01859817]
[0.04309814 0.0620935  0.05599693 0.07033233 0.02053853 0.02650114
 0.03592652 0.03216111 0.073865   0.05599693 0.03777947 0.05599693
 0.03831428 0.05599693 0.05599693 0.05599693 0.06391963 0.0494643
 0.04641666 0.03897484 0.02463303]
[0.02576951 0.05005673 0.06617564 0.05835471 0.0185791  0.0197078
 0.02173178 0.02262554 0.10424395 0.06617564 0.02201519 0.06617564
 0.05106526 0.06617564 0.06617564 0.06617564 0.05758628 0.04160004
 0.04039399 0.05662402 0.01259219]
[0.04287679 0.05419736 0.05991942 0.05670392 0.02166094 0.02337043
 0.02421958 0.02755608 0.1040811  0.05991942 0.02829984 0.05991942
 0.03915186 0.05991942 0.05991942 0.05991942 0.07093509 0.04795137
 0.04009315 0.04159616 0.01778984]
[0.04327122 0.05136801 0.06121664 0.04844624 0.02623426 0.0302145
 0.03575424 0.03418039 0.06660389 0.06121664 0.03672982 0.06121664
 0.03322108 0.06121664 0.06121664 0.06121664 0.06493714 0.04741488
 0.04488015 0.04833934 0.02110499]
[0.03644972 0.06140669 0.0572973  0.07474174 0.01798077 0.02720947
 0.03229657 0.03550842 0.0896477  0.0572973  0.02629308 0.0572973
 0.03829349 0.0572973  0.0572973  0.0572973  0.06600722 0.05257013
 0.03410084 0.04672388 0.01698649]
[0.03395561 0.05961669 0.05446186 0.07312432 0.02157304 0.02506068
 0.029683   0.02767447 0.11923224 0.05446186 0.02643274 0.05446186
 0.03694092 0.05446186 0.05446186 0.05446186 0.07156488 0.04919334
 0.04257737 0.04377409 0.01282552]
[0.03406606 0.06218069 0.05669279 0.05491706 0.02197112 0.02303445
 0.03680686 0.03895383 0.09679079 0.05669279 0.02479762 0.05669279
 0.04713498 0.05669279 0.05669279 0.05669279 0.06692739 0.04137078
 0.03665647 0.05563699 0.01859817]
[0.03236227 0.0599338  0.06037786 0.06263583 0.01752879 0.02211002
 0.02767854 0.03217074 0.10945624 0.06037786 0.0217419  0.06037786
 0.03835643 0.06037786 0.06037786 0.06037786 0.07358155 0.0414099
 0.03504767 0.04357544 0.02014365]
[0.03406606 0.06218069 0.05669279 0.05491706 0.02197112 0.02303445
 0.03680686 0.03895383 0.09679079 0.05669279 0.02479762 0.05669279
 0.04713498 0.05669279 0.05669279 0.05669279 0.06692739 0.04137078
 0.03665647 0.05563699 0.01859817]
[0.03000667 0.06106387 0.06060117 0.08137306 0.01865004 0.0215118
 0.02484287 0.02976229 0.10496811 0.06060117 0.02616745 0.06060117
 0.0361607  0.06060117 0.06060117 0.06060117 0.0634554  0.04402719
 0.03863109 0.04571031 0.01006217]
[0.03406606 0.06218069 0.05669279 0.05491706 0.02197112 0.02303445
 0.03680686 0.03895383 0.09679079 0.05669279 0.02479762 0.05669279
 0.04713498 0.05669279 0.05669279 0.05669279 0.06692739 0.04137078
 0.03665647 0.05563699 0.01859817]
[0.03406606 0.06218069 0.05669279 0.05491706 0.02197112 0.02303445
 0.03680686 0.03895383 0.09679079 0.05669279 0.02479762 0.05669279
 0.04713498 0.05669279 0.05669279 0.05669279 0.06692739 0.04137078
 0.03665647 0.05563699 0.01859817]
[0.03406606 0.06218069 0.05669279 0.05491706 0.02197112 0.02303445
 0.03680686 0.03895383 0.09679079 0.05669279 0.02479762 0.05669279
 0.04713498 0.05669279 0.05669279 0.05669279 0.06692739 0.04137078
 0.03665647 0.05563699 0.01859817]
[0.02908585 0.04965395 0.05585303 0.05693352 0.02275896 0.02476954
 0.03024507 0.03168687 0.12713578 0.05585303 0.0232823  0.05585303
 0.04032004 0.05585303 0.05585303 0.05585303 0.08430576 0.04939482
 0.03791131 0.0394494  0.01794866]
[0.02948017 0.06685373 0.05931437 0.05651805 0.0177651  0.0241892
 0.02875328 0.0332261  0.13069871 0.05931437 0.02050841 0.05931437
 0.03373181 0.05931437 0.05931437 0.05931437 0.0713703  0.04299221
 0.03405012 0.03843127 0.01554538]
[0.03876613 0.05706593 0.05378888 0.07487296 0.02245453 0.02193787
 0.0265239  0.03260517 0.11487385 0.05378888 0.0240071  0.05378888
 0.03723004 0.05378888 0.05378888 0.05378888 0.06372462 0.05357184
 0.04010729 0.05000878 0.01951669]
[0.03896781 0.06742118 0.05828893 0.06752676 0.01810074 0.02167814
 0.02461406 0.03620567 0.10479614 0.05828893 0.0265178  0.05828893
 0.04046068 0.05828893 0.05828893 0.05828893 0.06005027 0.0393048
 0.03613389 0.05265774 0.01583068]
[0.02913053 0.05333304 0.05391613 0.07810602 0.02191227 0.01635105
 0.02669358 0.0253168  0.11457797 0.05391613 0.02532957 0.05391613
 0.04413983 0.05391613 0.05391613 0.05391613 0.07325608 0.06455925
 0.03830196 0.04884353 0.01665174]]