77562
Test: public void test295() throws Throwable { InstructionComparator instructionComparator0 = Instruction.getComparator(); Instruction.setComparator(instructionComparator0); }
Code: public static void setComparator( final InstructionComparator c ) { cmp = c; }
[[0.06234975 0.16178186 0.04867768 0.08648182 0.04818972 0.08648182
 0.09807487 0.09734756 0.06906102 0.12761505 0.03833339 0.05211961
 0.02348579]
[0.06616075 0.15656984 0.03910923 0.09162609 0.04568923 0.09162609
 0.08211964 0.09014023 0.09412352 0.11913711 0.04270053 0.0539651
 0.0270326 ]
[0.05109408 0.14957526 0.04009087 0.10577182 0.03993735 0.10577182
 0.06839772 0.10296041 0.06838106 0.16953427 0.03812788 0.03869687
 0.02166055]
[0.05207262 0.16594306 0.04165636 0.08955533 0.04594915 0.08955533
 0.06457889 0.10566004 0.06793451 0.15170714 0.05285335 0.04839572
 0.0241385 ]
[0.05816762 0.1684772  0.04122569 0.09840773 0.03738031 0.09840773
 0.07339935 0.10795003 0.08500044 0.12795365 0.04530358 0.04086396
 0.01746276]
[0.05207262 0.16594306 0.04165636 0.08955533 0.04594915 0.08955533
 0.06457889 0.10566004 0.06793451 0.15170714 0.05285335 0.04839572
 0.0241385 ]
[0.0433334  0.16335547 0.03793251 0.08986475 0.04259144 0.08986475
 0.08869492 0.12515487 0.0745381  0.15429018 0.035447   0.03909606
 0.0158365 ]
[0.05833808 0.1269413  0.05482727 0.08846354 0.05484542 0.08846354
 0.06920748 0.08549269 0.09925875 0.1472427  0.04584097 0.05444132
 0.02663693]
[0.06393261 0.13858432 0.05439995 0.09083723 0.06214283 0.09083723
 0.05714653 0.09432779 0.08691031 0.12406811 0.05250543 0.05113003
 0.0331777 ]
[0.06154722 0.13304608 0.0583155  0.09914509 0.04313019 0.09914509
 0.06965157 0.09083478 0.08535653 0.13330486 0.048437   0.05317985
 0.02490625]
[0.06788411 0.14632618 0.05343121 0.09628616 0.0568499  0.09628616
 0.05408441 0.08670805 0.06713571 0.12342437 0.05353867 0.0670733
 0.03097171]
[0.05143875 0.15615359 0.0408163  0.09169728 0.04539392 0.09169728
 0.07336436 0.08110249 0.07547606 0.20814672 0.03060372 0.03472289
 0.01938668]
[0.04596486 0.1660385  0.0402722  0.09008631 0.03970034 0.09008631
 0.08514287 0.10220445 0.09429445 0.14440101 0.03897527 0.04139297
 0.02144038]]