145278
Test: public void test3() throws Throwable { StatElement<String> statElement0 = new StatElement<String>("", ""); String string0 = statElement0.toString(); }
Code: public String toString() { final StringBuilder buf = new StringBuilder(); buf.append( name ).append(" = ").append( data ); return buf.toString(); }
[[0.04389523 0.05622233 0.05701819 0.05948174 0.03535863 0.04299017
 0.0492251  0.02768064 0.02207304 0.07198979 0.06089497 0.02110384
 0.06089497 0.02768064 0.06089497 0.04557515 0.05894276 0.04842605
 0.13074093 0.01891085]
[0.04334067 0.04972689 0.05844761 0.06617008 0.03357136 0.05688483
 0.05383101 0.02930687 0.01856638 0.08672315 0.06086238 0.0201405
 0.06086238 0.02930687 0.06086238 0.03592127 0.05232536 0.04406112
 0.12243206 0.01665687]
[0.03091202 0.07618637 0.05039074 0.05766963 0.0299184  0.03514866
 0.0490476  0.0264476  0.01702285 0.10818823 0.05610999 0.01577911
 0.05610999 0.0264476  0.05610999 0.04229173 0.06326246 0.04667913
 0.14122584 0.01505208]
[0.04147753 0.05941916 0.04160269 0.06822008 0.04078636 0.0516161
 0.04820048 0.03459968 0.02292014 0.08265836 0.05365381 0.0217468
 0.05365381 0.03459968 0.05365381 0.03997938 0.04518735 0.04753471
 0.13468054 0.02380955]
[0.04117789 0.0643824  0.05011099 0.06876942 0.02737829 0.04117254
 0.03924938 0.0319029  0.01852572 0.07729844 0.06414711 0.02216149
 0.06414711 0.0319029  0.06414711 0.04024984 0.04772149 0.05985534
 0.13208905 0.01361065]
[0.03927552 0.05741201 0.05153137 0.07455713 0.03184719 0.04566487
 0.0399198  0.02680996 0.01936876 0.08244824 0.05470757 0.02190698
 0.05470757 0.02680996 0.05470757 0.04633468 0.05123867 0.05008595
 0.15112011 0.019546  ]
[0.04310875 0.0525393  0.04793551 0.063288   0.03135449 0.04412436
 0.05225859 0.03177907 0.01762321 0.08809465 0.06496403 0.01857134
 0.06496403 0.03177907 0.06496403 0.04243223 0.05034309 0.041494
 0.1258327  0.02254953]
[0.04504759 0.05330788 0.03632414 0.0515596  0.03796974 0.04913966
 0.06350391 0.03754578 0.02123648 0.06457505 0.06369811 0.02427158
 0.06369811 0.03754578 0.06369811 0.04146793 0.05186265 0.04957471
 0.12173063 0.02224253]
[0.03464714 0.06159528 0.05651414 0.06379475 0.02787823 0.03797508
 0.05864061 0.02763243 0.02240219 0.08937156 0.05269436 0.02089642
 0.05269436 0.02763243 0.05269436 0.03462891 0.05643879 0.04877415
 0.1546448  0.01844996]
[0.03608827 0.05040744 0.04898414 0.06897081 0.03073511 0.04696649
 0.05952518 0.02600104 0.01676052 0.07542296 0.05945585 0.0144683
 0.05945585 0.02600104 0.05945585 0.03799452 0.06020308 0.05162941
 0.15765132 0.01382276]
[0.03272459 0.05989945 0.05155997 0.05231506 0.03169196 0.05852951
 0.05194167 0.0352639  0.02491437 0.09000042 0.0545398  0.01860875
 0.0545398  0.0352639  0.0545398  0.04028095 0.05198556 0.03973006
 0.14392248 0.01774805]
[0.05459864 0.05326415 0.04735554 0.0526378  0.03605545 0.05288287
 0.05047822 0.03805664 0.0223661  0.06641023 0.05730561 0.02497549
 0.05730561 0.03805664 0.05730561 0.04898519 0.05200789 0.05288063
 0.11192791 0.02514376]
[0.03272459 0.05989945 0.05155997 0.05231506 0.03169196 0.05852951
 0.05194167 0.0352639  0.02491437 0.09000042 0.0545398  0.01860875
 0.0545398  0.0352639  0.0545398  0.04028095 0.05198556 0.03973006
 0.14392248 0.01774805]
[0.04504759 0.05330788 0.03632414 0.0515596  0.03796974 0.04913966
 0.06350391 0.03754578 0.02123648 0.06457505 0.06369811 0.02427158
 0.06369811 0.03754578 0.06369811 0.04146793 0.05186265 0.04957471
 0.12173063 0.02224253]
[0.03272459 0.05989945 0.05155997 0.05231506 0.03169196 0.05852951
 0.05194167 0.0352639  0.02491437 0.09000042 0.0545398  0.01860875
 0.0545398  0.0352639  0.0545398  0.04028095 0.05198556 0.03973006
 0.14392248 0.01774805]
[0.04854457 0.05048386 0.05070651 0.07529324 0.03095756 0.0431623
 0.04383669 0.03125115 0.02215673 0.07077992 0.06381533 0.02313806
 0.06381533 0.03125115 0.06381533 0.04183339 0.05980321 0.06103244
 0.10977623 0.01454698]
[0.03172343 0.07182389 0.05237196 0.08136462 0.03457512 0.04027336
 0.04188011 0.02108756 0.01910104 0.08401528 0.05730627 0.01855331
 0.05730627 0.02108756 0.05730627 0.03672177 0.04894027 0.05588742
 0.155063   0.01361153]
[0.02886312 0.06483863 0.04129725 0.05587497 0.02644455 0.04600103
 0.04143247 0.02818437 0.01722746 0.11111446 0.05780909 0.01544842
 0.05780909 0.02818437 0.05780909 0.0368078  0.06114469 0.04199969
 0.16636886 0.01534056]
[0.03886836 0.06366112 0.04592941 0.06889401 0.03034542 0.04412504
 0.05502621 0.02895936 0.01567209 0.09680688 0.05725752 0.01438873
 0.05725752 0.02895936 0.05725752 0.04222858 0.04537016 0.0429
 0.14825143 0.01784136]
[0.03137842 0.05746551 0.06180665 0.08183164 0.02845263 0.04603283
 0.04190243 0.02850344 0.01759297 0.07543752 0.05847515 0.02103435
 0.05847515 0.02850344 0.05847515 0.04051174 0.0408594  0.06887574
 0.13683346 0.01755235]]