32280
Test: public void test19() throws Throwable { // Undeclared exception!  ClockUtil.useDummyClock((Date) null);   }
Code: public static synchronized DummyClock useDummyClock() { INSTANCE = new DummyClock(); return (DummyClock) INSTANCE; }
[[0.05582489 0.15638718 0.1082435  0.07743786 0.07743786 0.0684353
 0.07743786 0.0347432  0.02856999 0.07743786 0.06069633 0.07743786
 0.07743788 0.02247238]
[0.05560056 0.14849398 0.10800304 0.074894   0.074894   0.09898194
 0.074894   0.03599732 0.02405103 0.074894   0.05268345 0.074894
 0.07489401 0.02682467]
[0.04876764 0.18457678 0.11230165 0.07426572 0.07426572 0.05648999
 0.07426572 0.04227629 0.02635863 0.07426572 0.064821   0.07426572
 0.07426573 0.0188137 ]
[0.04492226 0.15599507 0.11698768 0.07502654 0.07502654 0.07094278
 0.07502654 0.04822239 0.03412484 0.07502655 0.05451591 0.07502655
 0.07502656 0.02412972]
[0.04492226 0.15599507 0.11698768 0.07502654 0.07502654 0.07094278
 0.07502654 0.04822239 0.03412484 0.07502655 0.05451591 0.07502655
 0.07502656 0.02412972]
[0.05730151 0.13611127 0.08877328 0.07433189 0.07433189 0.09377846
 0.07433189 0.04777852 0.03173216 0.0743319  0.06573072 0.0743319
 0.07433191 0.0328027 ]
[0.04492226 0.15599507 0.11698768 0.07502654 0.07502654 0.07094278
 0.07502654 0.04822239 0.03412484 0.07502655 0.05451591 0.07502655
 0.07502656 0.02412972]
[0.05799156 0.13580428 0.08602275 0.08211181 0.08211181 0.06243574
 0.08211181 0.04720017 0.02711844 0.08211181 0.0630722  0.08211181
 0.08211182 0.02768397]
[0.04754777 0.14152691 0.12342591 0.07378221 0.07378221 0.08405416
 0.07378221 0.03821634 0.03114507 0.07378221 0.0668373  0.07378221
 0.07378223 0.02455327]
[0.04492226 0.15599507 0.11698768 0.07502654 0.07502654 0.07094278
 0.07502654 0.04822239 0.03412484 0.07502655 0.05451591 0.07502655
 0.07502656 0.02412972]
[0.03730944 0.16441217 0.1360659  0.07702659 0.07702659 0.06751688
 0.07702659 0.03614488 0.02251461 0.0770266  0.0550983  0.0770266
 0.07702661 0.01877819]
[0.04492226 0.15599507 0.11698768 0.07502654 0.07502654 0.07094278
 0.07502654 0.04822239 0.03412484 0.07502655 0.05451591 0.07502655
 0.07502656 0.02412972]
[0.04492226 0.15599507 0.11698769 0.07502655 0.07502655 0.07094278
 0.07502655 0.04822239 0.03412484 0.07502655 0.05451592 0.07502655
 0.07502655 0.02412972]
[0.03794333 0.16046469 0.11864931 0.07087721 0.07087721 0.0979817
 0.07087721 0.03436143 0.02126854 0.07087721 0.0830052  0.07087721
 0.07087722 0.02106253]]