11256
Test: public void test53() throws Throwable { MutableByte mutableByte0 = new MutableByte(); // Undeclared exception!  mutableByte0.getAndAdd((Number) null);   }
Code: public byte getAndAdd(final byte operand) { final byte last = value; this.value += operand; return last; }
[[0.04922701 0.07641797 0.0682869  0.07641797 0.0682869  0.06172633
 0.03899676 0.07641797 0.05890698 0.03072499 0.03988554 0.02940323
 0.10005378 0.0682869  0.05369306 0.08314955 0.02011818]
[0.04393302 0.07358311 0.06930523 0.07358311 0.06930523 0.06817321
 0.03155189 0.07358311 0.05979651 0.03835226 0.03374036 0.03518359
 0.08938731 0.06930523 0.0509739  0.09575026 0.02449262]
[0.04039332 0.06648036 0.06835371 0.06648036 0.06835371 0.05886385
 0.03744763 0.06648036 0.06573159 0.04231181 0.03630045 0.03221424
 0.13343978 0.06835371 0.04888976 0.07952846 0.02037685]
[0.04393302 0.07358311 0.06930523 0.07358311 0.06930523 0.06817321
 0.03155189 0.07358311 0.05979651 0.03835226 0.03374036 0.03518359
 0.08938731 0.06930523 0.0509739  0.09575026 0.02449262]
[0.04039332 0.06648036 0.06835371 0.06648036 0.06835371 0.05886385
 0.03744763 0.06648036 0.06573159 0.04231181 0.03630045 0.03221424
 0.13343978 0.06835371 0.04888976 0.07952846 0.02037685]
[0.04996306 0.06958871 0.06658359 0.06958871 0.06658359 0.07779729
 0.04895658 0.06958871 0.06082533 0.04147989 0.0320737  0.03504152
 0.08706339 0.06658359 0.05783173 0.07261551 0.02783508]
[0.0447909  0.07290721 0.07210342 0.07290721 0.07210342 0.07117647
 0.02939397 0.07290721 0.06405035 0.03477313 0.02762505 0.03048244
 0.09414867 0.07210342 0.06500786 0.08924116 0.01427812]
[0.04393302 0.07358311 0.06930523 0.07358311 0.06930523 0.06817321
 0.03155189 0.07358311 0.05979651 0.03835226 0.03374036 0.03518359
 0.08938731 0.06930523 0.0509739  0.09575026 0.02449262]
[0.04055056 0.07444999 0.07312088 0.07444999 0.07312088 0.07534416
 0.03932938 0.07444999 0.06659842 0.02720996 0.03090721 0.02559337
 0.09914862 0.07312088 0.06370518 0.07274948 0.01615098]
[0.05259406 0.06513785 0.07443856 0.06513785 0.07443856 0.05772005
 0.04424414 0.06513785 0.06308834 0.04312243 0.0386278  0.04660543
 0.07639606 0.07443856 0.05740964 0.07609139 0.02537143]
[0.03825785 0.07594517 0.06433011 0.07594517 0.06433011 0.06221884
 0.03417681 0.07594517 0.06523146 0.03556933 0.0356986  0.03738797
 0.12514621 0.06433011 0.05188992 0.07973241 0.01386476]
[0.04653078 0.0703176  0.06777541 0.0703176  0.06777541 0.07254817
 0.04037073 0.0703176  0.06208219 0.0298024  0.03328336 0.03331189
 0.10510685 0.06777541 0.05403256 0.08351338 0.02513876]
[0.04424672 0.06390889 0.07706302 0.06390889 0.07706302 0.0858421
 0.0382145  0.06390889 0.06446482 0.02730345 0.02443104 0.03713753
 0.12448351 0.07706302 0.04182957 0.07273717 0.01639382]
[0.04039332 0.06648036 0.06835371 0.06648036 0.06835371 0.05886385
 0.03744763 0.06648036 0.06573159 0.04231181 0.03630045 0.03221424
 0.13343978 0.06835371 0.04888976 0.07952846 0.02037685]
[0.03446161 0.06583159 0.07010843 0.06583159 0.07010843 0.06448941
 0.03128047 0.06583159 0.06103913 0.03351561 0.03202106 0.02684022
 0.15784776 0.07010843 0.05052779 0.08233729 0.01781961]
[0.04055631 0.07756929 0.069249   0.07756929 0.069249   0.07886844
 0.0351147  0.07756929 0.06118922 0.02825363 0.03475783 0.03389826
 0.09642735 0.069249   0.05299633 0.07847092 0.01901208]
[0.0358048  0.06948061 0.06788549 0.06948061 0.06788549 0.08666675
 0.03194732 0.06948061 0.058512   0.0317956  0.03634624 0.03234953
 0.09137917 0.06788549 0.0766525  0.08753983 0.01890808]]