78141
Test: public void test22() throws Throwable { BasicType basicType0 = Type.LONG; ConstantPoolGen constantPoolGen0 = new ConstantPoolGen(); FieldGen fieldGen0 = new FieldGen(0, basicType0, "org.apache.bcel.generic.FieldGen$1", constantPoolGen0); // Undeclared exception!  fieldGen0.setInitValue((long) 0);   }
Code: public void setInitValue( final String str ) { checkType( ObjectType.getInstance("java.lang.String")); if (str != null) { value = str; } }
[[0.03920724 0.03108773 0.05438581 0.03080864 0.05104799 0.03545918
 0.06441648 0.04726179 0.05438581 0.05438581 0.10517029 0.07153692
 0.02076393 0.02172409 0.04726179 0.11844586 0.02434984 0.09708591
 0.01560744 0.01560744]
[0.03094494 0.02512145 0.06283307 0.02504434 0.04926911 0.02740039
 0.06631847 0.04526976 0.06283307 0.06283307 0.10161015 0.06313416
 0.01748666 0.01564001 0.04526976 0.14052027 0.02374149 0.10646334
 0.01413324 0.01413324]
[0.03435957 0.02810321 0.05875684 0.03086151 0.06603374 0.03069536
 0.07177842 0.04667963 0.05875684 0.05875684 0.0825572  0.07611787
 0.02097062 0.02407859 0.04667963 0.11421584 0.03526942 0.08248027
 0.01642428 0.01642428]
[0.03674952 0.02638594 0.0606701  0.02386586 0.06096235 0.03741523
 0.07022462 0.05604312 0.0606701  0.0606701  0.12499602 0.07992071
 0.01613916 0.01718814 0.05604312 0.09001482 0.02857636 0.07071926
 0.01137273 0.01137273]
[0.04029651 0.02733714 0.05869671 0.02949189 0.04790027 0.03605106
 0.06158453 0.05192935 0.05869671 0.05869671 0.11753459 0.06865747
 0.0219589  0.01844828 0.05192935 0.12580968 0.02764142 0.07001285
 0.01366329 0.01366329]
[0.02756938 0.02600356 0.05129557 0.02517727 0.04873072 0.03101996
 0.06505615 0.06274527 0.05129557 0.05129557 0.12251699 0.0724991
 0.01815764 0.01939524 0.06274527 0.12354407 0.02249237 0.09180405
 0.01332814 0.01332814]
[0.03511294 0.03362927 0.05178389 0.0332295  0.05940995 0.03273061
 0.05316055 0.06320803 0.05178389 0.05178389 0.1185717  0.0710423
 0.02681579 0.02211429 0.06320803 0.10859905 0.02725559 0.06330897
 0.01662591 0.01662591]
[0.04089561 0.03520925 0.05600806 0.03993751 0.06302674 0.02646009
 0.06374431 0.06029668 0.05600806 0.05600806 0.07115183 0.06921956
 0.02801434 0.02751825 0.06029668 0.08482359 0.03379891 0.08332117
 0.02213063 0.02213063]
[0.03435957 0.02810321 0.05875684 0.03086151 0.06603374 0.03069536
 0.07177842 0.04667963 0.05875684 0.05875684 0.0825572  0.07611787
 0.02097062 0.02407859 0.04667963 0.11421584 0.03526942 0.08248027
 0.01642428 0.01642428]
[0.03435957 0.02810321 0.05875684 0.03086151 0.06603374 0.03069536
 0.07177842 0.04667963 0.05875684 0.05875684 0.0825572  0.07611787
 0.02097062 0.02407859 0.04667963 0.11421584 0.03526942 0.08248027
 0.01642428 0.01642428]
[0.02536034 0.01760476 0.06429371 0.01641859 0.06393103 0.02675459
 0.06253717 0.04110111 0.06429371 0.06429371 0.13842784 0.06437816
 0.0084877  0.00991847 0.04110111 0.17110391 0.01879562 0.08763373
 0.00678238 0.00678238]
[0.02903255 0.02349322 0.05380017 0.02867931 0.06041092 0.03539988
 0.07379564 0.05277748 0.05380017 0.05380017 0.1193109  0.06446958
 0.01550739 0.01958356 0.05277748 0.11907785 0.0270779  0.08773235
 0.01473679 0.01473679]
[0.03044274 0.01901693 0.05253663 0.0284024  0.07956854 0.02720638
 0.07459081 0.05087609 0.05253663 0.05253663 0.10587281 0.06125817
 0.01126764 0.01583437 0.05087609 0.15498477 0.02348075 0.08832116
 0.01019522 0.01019522]
[0.03071654 0.0230407  0.06063259 0.02490952 0.05187539 0.02383058
 0.08467157 0.05860374 0.06063259 0.06063259 0.14234878 0.06670196
 0.0162368  0.02024211 0.05860374 0.1010085  0.0192019  0.0767514
 0.00967952 0.00967952]
[0.04089561 0.03520925 0.05600806 0.03993751 0.06302674 0.02646009
 0.06374431 0.06029668 0.05600806 0.05600806 0.07115183 0.06921956
 0.02801434 0.02751825 0.06029668 0.08482359 0.03379891 0.08332117
 0.02213063 0.02213063]
[0.03058646 0.02470759 0.05576454 0.02572613 0.05989538 0.03114205
 0.05878965 0.04730181 0.05576454 0.05576454 0.10891642 0.06458694
 0.01838124 0.01801455 0.04730181 0.14719017 0.02630875 0.09208855
 0.01588445 0.01588445]
[0.0445939  0.03570221 0.06316792 0.03744918 0.05336599 0.02690132
 0.06007279 0.04707849 0.06316792 0.06316792 0.09806176 0.07522507
 0.03671545 0.02911135 0.04707849 0.08062015 0.03602705 0.06036647
 0.02106329 0.02106329]
[0.03248221 0.02800438 0.05137384 0.03123372 0.06743024 0.03679991
 0.06040058 0.05193485 0.05137384 0.05137384 0.10555654 0.08186044
 0.0187685  0.02131589 0.05193485 0.10376035 0.02935633 0.09431636
 0.01536165 0.01536165]
[0.0281487  0.02464293 0.05520277 0.02429703 0.05166763 0.04090215
 0.0624205  0.05754764 0.05520277 0.05520277 0.10538702 0.07883699
 0.01890486 0.01813368 0.05754764 0.13680789 0.02384681 0.0791064
 0.01309695 0.01309695]
[0.0281487  0.02464293 0.05520277 0.02429703 0.05166763 0.04090215
 0.0624205  0.05754764 0.05520277 0.05520277 0.10538702 0.07883699
 0.01890486 0.01813368 0.05754764 0.13680789 0.02384681 0.0791064
 0.01309695 0.01309695]]