40432
Test: public void test1() throws Throwable { CalendarConverter calendarConverter0 = new CalendarConverter(); MockGregorianCalendar mockGregorianCalendar0 = new MockGregorianCalendar(4, 4, 0, 4, 0, 4); long long0 = calendarConverter0.getInstantMillis(mockGregorianCalendar0, (Chronology) null); }
Code: public long getInstantMillis(Object object, Chronology chrono) { Calendar calendar = (Calendar) object; return calendar.getTime().getTime(); }
[[0.05161867 0.08382611 0.06173757 0.10915559 0.06235652 0.07665937
 0.07435884 0.1034857  0.04802579 0.03283267 0.07202081 0.07161376
 0.0574915  0.07161377 0.02320338]
[0.03783173 0.07563604 0.07349242 0.14338633 0.05800851 0.07676155
 0.09748913 0.07849054 0.05451893 0.02911957 0.05843406 0.0691405
 0.05575488 0.06914051 0.02279538]
[0.04067223 0.07982158 0.05954466 0.12695962 0.06463472 0.07522815
 0.0903692  0.07931205 0.04395189 0.02974731 0.08152946 0.07246024
 0.06265329 0.07246025 0.02065538]
[0.04763984 0.07513165 0.05816476 0.10939974 0.06469397 0.06581378
 0.08645254 0.10476768 0.05312612 0.03560351 0.06622645 0.07437881
 0.05950568 0.07437882 0.0247167 ]
[0.05612042 0.08250083 0.06166385 0.10377283 0.05653725 0.07285237
 0.09735257 0.09294708 0.05043725 0.03759518 0.05778699 0.07259738
 0.05818227 0.07259738 0.02705634]
[0.04164546 0.08167855 0.0565132  0.1050954  0.07062942 0.08252569
 0.10249246 0.09613155 0.04540715 0.03312713 0.07591406 0.06585529
 0.05716148 0.0658553  0.01996786]
[0.05515175 0.08699398 0.07320724 0.09180932 0.05864304 0.0656331
 0.09042086 0.07866685 0.0515807  0.04599331 0.0641099  0.07147156
 0.06324375 0.07147157 0.03160307]
[0.04625211 0.08913036 0.0515085  0.10420544 0.08027571 0.06973876
 0.08946272 0.10215116 0.03981026 0.04214637 0.06415851 0.07068159
 0.05866255 0.0706816  0.0211344 ]
[0.04171127 0.06951056 0.06234587 0.1115773  0.06042752 0.06350134
 0.0963724  0.10392015 0.03838174 0.04061469 0.07620436 0.07566758
 0.06800532 0.07566759 0.01609233]
[0.0576496  0.07109573 0.05958636 0.10339496 0.07363763 0.06096625
 0.0657636  0.08837453 0.05492847 0.04798591 0.06175607 0.08152377
 0.06340149 0.08152378 0.02841187]
[0.04495451 0.06678126 0.05920455 0.10966818 0.06208642 0.09526592
 0.09393147 0.09962223 0.03960944 0.02737425 0.08593957 0.06850996
 0.06225206 0.06850998 0.0162902 ]
[0.04395314 0.07433663 0.06823127 0.10713266 0.05245083 0.07159403
 0.0750884  0.11279117 0.05339216 0.04839058 0.0692567  0.0723813
 0.05348964 0.07238132 0.02513016]
[0.03841703 0.10295752 0.05764129 0.12567425 0.05955555 0.07428192
 0.07747308 0.09596238 0.04547332 0.03770287 0.05752345 0.07542832
 0.05536941 0.07542832 0.02111132]
[0.04395315 0.07433663 0.06823128 0.10713264 0.05245082 0.07159403
 0.07508841 0.11279117 0.05339218 0.04839058 0.0692567  0.0723813
 0.05348963 0.07238131 0.02513016]
[0.03762918 0.06109815 0.05919607 0.1086439  0.06327092 0.0755128
 0.09828116 0.08740296 0.04683176 0.03419758 0.08402668 0.07009807
 0.08263904 0.07009809 0.02107362]]