129190
Test: public void test29() throws Throwable { RoundingMode roundingMode0 = RoundingMode.FLOOR; double double0 = Precision.round(1623.934029974, 0, roundingMode0); }
Code: public static double round(double x, int scale) { return round(x, scale, RoundingMode.HALF_UP); }
[[0.06053903 0.16107742 0.10566166 0.08397247 0.06828167 0.04055335
 0.08397247 0.06934098 0.06521997 0.08397247 0.07013227 0.08397247
 0.0233038 ]
[0.06115593 0.15399285 0.09560645 0.08354043 0.06670459 0.03261813
 0.08354043 0.09789583 0.0571953  0.08354042 0.07343158 0.08354042
 0.02723765]
[0.04742543 0.17994063 0.10726204 0.0877266  0.06685965 0.0308358
 0.0877266  0.06914376 0.06826465 0.0877266  0.06005621 0.0877266
 0.01930542]
[0.05011033 0.16472936 0.09502678 0.08530462 0.07610172 0.0333065
 0.08530462 0.07021714 0.0605766  0.08530462 0.08418658 0.08530462
 0.02452653]
[0.05646086 0.15114638 0.0741186  0.08867785 0.06224172 0.0276881
 0.08867785 0.07950174 0.07836863 0.08867784 0.095256   0.08867784
 0.02050653]
[0.0357189  0.19570248 0.07438155 0.09712234 0.0637342  0.02789511
 0.09712234 0.06840611 0.056152   0.09712236 0.07347368 0.09712236
 0.01604656]
[0.05011033 0.16472936 0.09502678 0.08530462 0.07610172 0.0333065
 0.08530462 0.07021714 0.0605766  0.08530462 0.08418658 0.08530462
 0.02452653]
[0.06166547 0.14005671 0.08449478 0.08381446 0.07469762 0.03021093
 0.08381446 0.09235188 0.07185638 0.08381446 0.07576172 0.08381446
 0.03364668]
[0.04160446 0.16878656 0.09504464 0.09046935 0.08331062 0.02768712
 0.09046935 0.06592404 0.0630483  0.09046936 0.07386823 0.09046936
 0.01884861]
[0.05011033 0.16472936 0.09502678 0.08530462 0.07610172 0.0333065
 0.08530462 0.07021714 0.0605766  0.08530462 0.08418658 0.08530462
 0.02452653]
[0.06229392 0.11888455 0.0943563  0.08498809 0.05512604 0.0328109
 0.08498809 0.12130325 0.07878861 0.0849881  0.07374474 0.0849881
 0.02273928]
[0.05011033 0.16472936 0.09502678 0.08530462 0.07610172 0.0333065
 0.08530462 0.07021714 0.0605766  0.08530462 0.08418658 0.08530462
 0.02452653]
[0.04292378 0.16142616 0.09119397 0.08317633 0.07351544 0.03324204
 0.08317633 0.09354118 0.08889918 0.08317633 0.06161505 0.08317633
 0.02093789]]