39651
Test: public void test30() throws Throwable { DateTimeZone dateTimeZone0 = DateTimeZone.UTC; BuddhistChronology buddhistChronology0 = BuddhistChronology.getInstance(dateTimeZone0); DateTimeField dateTimeField0 = buddhistChronology0.dayOfYear(); OffsetDateTimeField offsetDateTimeField0 = new OffsetDateTimeField(dateTimeField0, 1); DurationField durationField0 = offsetDateTimeField0.getDurationField(); DateTimeFieldType dateTimeFieldType0 = DateTimeFieldType.millisOfDay(); RemainderDateTimeField remainderDateTimeField0 = new RemainderDateTimeField(dateTimeField0, durationField0, dateTimeFieldType0, 2618); long long0 = remainderDateTimeField0.addWrapField(0L, 2618); }
Code: public long addWrapField(long instant, int amount) { return set(instant, FieldUtils.getWrappedValue(get(instant), amount, 0, iDivisor - 1)); }
[[0.04616272 0.0769399  0.03757853 0.08662692 0.02938184 0.07931057
 0.06064503 0.05069178 0.0640388  0.0640388  0.0640388  0.09192944
 0.0640388  0.14790721 0.01720099 0.01946997]
[0.03336414 0.07115858 0.03671595 0.07645535 0.02068918 0.08554143
 0.07354918 0.04959094 0.06365526 0.06365526 0.06365526 0.09743108
 0.06365526 0.17215522 0.01088245 0.01784539]
[0.04653757 0.06854109 0.04077588 0.08885062 0.02408019 0.08065238
 0.06790558 0.05402166 0.05918352 0.05918352 0.05918352 0.08162399
 0.05918352 0.17194666 0.01831384 0.02001644]
[0.0449043  0.05353938 0.03702137 0.08598007 0.02787667 0.07904497
 0.07641239 0.05192344 0.06270097 0.06270097 0.06270097 0.09503649
 0.06270097 0.1631781  0.01703626 0.01724257]
[0.03130788 0.06946422 0.03770863 0.08740211 0.02320088 0.078269
 0.06723449 0.05009779 0.08198173 0.08198173 0.08198173 0.07529263
 0.08198173 0.12102081 0.0161891  0.01488553]
[0.03992984 0.06841405 0.03403593 0.09263469 0.02469605 0.0855349
 0.07812625 0.05909494 0.05765066 0.05765066 0.05765066 0.09950295
 0.05765066 0.15466344 0.0181101  0.01465416]
[0.04697267 0.07638165 0.04082317 0.08201704 0.02274433 0.09378631
 0.07304403 0.05438305 0.06264165 0.06264165 0.06264165 0.07556172
 0.06264165 0.13625133 0.02131775 0.02615039]
[0.03290657 0.09228582 0.03507221 0.07217508 0.01986029 0.07733103
 0.0629262  0.04801667 0.06628689 0.06628689 0.06628689 0.08662363
 0.06628689 0.17828931 0.01204933 0.01731627]
[0.03667303 0.06634907 0.04581924 0.0858226  0.02400133 0.10499656
 0.05538788 0.04443828 0.06170633 0.06170633 0.06170633 0.10344215
 0.06170633 0.15055214 0.01667102 0.01902144]
[0.03667303 0.06634907 0.04581924 0.0858226  0.02400133 0.10499656
 0.05538788 0.04443828 0.06170633 0.06170633 0.06170633 0.10344215
 0.06170633 0.15055214 0.01667102 0.01902144]
[0.03667303 0.06634907 0.04581924 0.0858226  0.02400133 0.10499656
 0.05538788 0.04443828 0.06170633 0.06170633 0.06170633 0.10344215
 0.06170633 0.15055214 0.01667102 0.01902144]
[0.03987036 0.06454739 0.03273038 0.0967942  0.02571039 0.08541043
 0.0772289  0.05578623 0.0652081  0.0652081  0.0652081  0.07814343
 0.0652081  0.15101634 0.01475601 0.01717344]
[0.03667303 0.06634907 0.04581924 0.0858226  0.02400133 0.10499656
 0.05538788 0.04443828 0.06170633 0.06170633 0.06170633 0.10344215
 0.06170633 0.15055214 0.01667102 0.01902144]
[0.0487486  0.05950594 0.03682598 0.07423304 0.02906488 0.10362245
 0.07407111 0.04913687 0.070384   0.070384   0.070384   0.08643813
 0.070384   0.11439456 0.01984372 0.02257873]
[0.0428732  0.06195223 0.04618723 0.08023308 0.02416013 0.07311132
 0.07324009 0.05465854 0.06027679 0.06027679 0.06027679 0.09935976
 0.06027679 0.16566038 0.01776316 0.01969371]
[0.03362729 0.05456592 0.03573334 0.08527587 0.02578554 0.09579095
 0.07908229 0.07132197 0.06415757 0.06415757 0.06415757 0.08106631
 0.06415757 0.1475521  0.01619632 0.01737178]]