11011
Test: public void test6() throws Throwable { MutableObject<String> mutableObject0 = new MutableObject<String>((String) null); mutableObject0.hashCode(); }
Code: public int hashCode() { return value == null ? 0 : value.hashCode(); }
[[0.06000874 0.03884493 0.08671318 0.07555611 0.06549129 0.18765976
 0.09592465 0.06957968 0.1108271  0.04806255 0.05349615 0.08324343
 0.0245924 ]
[0.04034182 0.03119882 0.079657   0.07904523 0.0636355  0.20994423
 0.10761538 0.0570503  0.12700209 0.03674223 0.0405225  0.10892018
 0.01832477]
[0.04232922 0.02671637 0.08898609 0.0788279  0.06962318 0.22666663
 0.09249921 0.04854997 0.13957503 0.04505079 0.04124111 0.08076273
 0.01917182]
[0.06752324 0.03309023 0.0955601  0.10102937 0.07869466 0.14115867
 0.07398689 0.05633405 0.09223467 0.07726941 0.05447543 0.09181872
 0.03682448]
[0.04557294 0.02898959 0.07547137 0.07929324 0.06784706 0.1949486
 0.09430769 0.06169108 0.14279175 0.05102054 0.04019911 0.09563935
 0.0222277 ]
[0.04865593 0.03194379 0.06964751 0.0732292  0.07280186 0.22837113
 0.08386246 0.05891785 0.13325879 0.04465609 0.04072668 0.08919659
 0.02473211]
[0.04022302 0.02778761 0.07258093 0.07658069 0.0643787  0.24485312
 0.10461847 0.05560054 0.14093772 0.03856176 0.04276043 0.07415932
 0.01695772]
[0.05472536 0.0313971  0.08609161 0.11210557 0.08664525 0.16946709
 0.0871212  0.05151484 0.12680805 0.05149078 0.0407854  0.08408323
 0.01776449]
[0.05479243 0.02502684 0.07619923 0.09523904 0.07144541 0.22096832
 0.06927916 0.05707113 0.13904583 0.03755054 0.04548485 0.08872454
 0.01917269]
[0.0492564  0.031703   0.08393096 0.07595579 0.07589476 0.195016
 0.09792063 0.05890852 0.14643428 0.04730571 0.03974181 0.08095168
 0.01698042]
[0.06151351 0.04005565 0.08487828 0.09111444 0.07761055 0.14604828
 0.07686183 0.06354073 0.14423473 0.06495329 0.04141442 0.07574222
 0.03203207]
[0.05165902 0.03404431 0.09382623 0.07550614 0.06253107 0.18368112
 0.09912865 0.05772579 0.12540784 0.05492167 0.04807095 0.08737686
 0.0261203 ]
[0.04518287 0.03538291 0.07884891 0.08962853 0.09102385 0.21278894
 0.07604637 0.05347679 0.1258237  0.0465455  0.03560346 0.08908382
 0.02056432]]