10121
Test: public void test48() throws Throwable { BitField bitField0 = new BitField(0); short short0 = bitField0.setShortValue((byte) (-51), (byte) (-51)); }
Code: public short setShortValue(final short holder, final short value) { return (short) setValue(holder, value); }
[[0.05494333 0.05790261 0.07622097 0.05790261 0.07622097 0.0441469
 0.05790261 0.06524691 0.07360931 0.06051034 0.13756864 0.07622098
 0.13811782 0.02348601]
[0.04889935 0.05595931 0.07382458 0.05595931 0.07382458 0.04118278
 0.05595931 0.06535612 0.08135989 0.05784328 0.16059758 0.07382459
 0.12795576 0.02745353]
[0.04332951 0.06260005 0.07205979 0.06260005 0.07205979 0.04221218
 0.06260005 0.06740725 0.0701227  0.05262775 0.17996012 0.07205979
 0.11663258 0.02372845]
[0.04889935 0.05595931 0.07382458 0.05595931 0.07382458 0.04118278
 0.05595931 0.06535612 0.08135989 0.05784328 0.16059758 0.07382459
 0.12795576 0.02745353]
[0.04332951 0.06260005 0.07205979 0.06260005 0.07205979 0.04221218
 0.06260005 0.06740725 0.0701227  0.05262775 0.17996012 0.07205979
 0.11663258 0.02372845]
[0.05278998 0.06146488 0.08311421 0.06146488 0.08311421 0.03495318
 0.06146488 0.04796082 0.08679482 0.07669701 0.12866837 0.08311422
 0.12114829 0.01725022]
[0.04889935 0.05595931 0.07382458 0.05595931 0.07382458 0.04118278
 0.05595931 0.06535612 0.08135989 0.05784328 0.16059758 0.07382459
 0.12795576 0.02745353]
[0.05078253 0.05747997 0.07390245 0.05747997 0.07390245 0.04161683
 0.05747997 0.05847388 0.08857573 0.0620287  0.1725123  0.07390244
 0.11035372 0.02150908]
[0.05534597 0.05523475 0.0701203  0.05523475 0.0701203  0.05455486
 0.05523475 0.05686394 0.09433334 0.06299678 0.18823919 0.0701203
 0.07919265 0.03240821]
[0.03899769 0.04981171 0.07704574 0.04981171 0.07704574 0.03601667
 0.04981171 0.05996799 0.07766699 0.05637397 0.1987852  0.07704574
 0.13040689 0.02121223]
[0.04502088 0.06464173 0.06756429 0.06464173 0.06756429 0.03775383
 0.06464173 0.06660061 0.08622403 0.04629353 0.17374437 0.06756429
 0.12717175 0.02057298]
[0.04332951 0.06260005 0.07205979 0.06260005 0.07205979 0.04221218
 0.06260005 0.06740725 0.0701227  0.05262775 0.17996012 0.07205979
 0.11663258 0.02372845]
[0.0508223  0.05502963 0.06871706 0.05502963 0.06871706 0.04568039
 0.05502963 0.06173074 0.09547666 0.07357544 0.15580884 0.06871706
 0.12493344 0.02073213]
[0.04107492 0.06613608 0.07765301 0.06613608 0.07765301 0.03674997
 0.06613608 0.04932684 0.10072009 0.08830987 0.14037152 0.07765301
 0.09017178 0.02190773]]