36719
Test: public void test97() throws Throwable { DateTimeZone dateTimeZone0 = DateTimeZone.getDefault(); LocalTime localTime0 = new LocalTime(dateTimeZone0); LocalTime localTime1 = localTime0.plusSeconds(0); }
Code: public LocalTime plusSeconds(int seconds) { if (seconds == 0) { return this; } long instant = getChronology().seconds().add(getLocalMillis(), seconds); return withLocalMillis(instant); }
[[0.03782321 0.05783174 0.05247055 0.05197886 0.05038894 0.10194623
 0.08456195 0.05967164 0.0212122  0.05038894 0.04162049 0.03278835
 0.01610572 0.06280439 0.04366445 0.02379638 0.05247055 0.04827866
 0.04162049 0.05247055 0.01610572]
[0.03234766 0.05395219 0.05214242 0.04563805 0.06971657 0.11092814
 0.0648618  0.0608217  0.02051197 0.06971657 0.04568694 0.02550253
 0.01336595 0.06029867 0.05094416 0.02245866 0.05214242 0.03776838
 0.04568693 0.05214242 0.01336595]
[0.03216999 0.05782403 0.05374367 0.06122122 0.0507199  0.07906578
 0.1123587  0.06103375 0.0239528  0.0507199  0.03903805 0.03139705
 0.01725739 0.05693201 0.03793546 0.03451541 0.05374366 0.03633208
 0.03903804 0.05374366 0.01725739]
[0.03143245 0.0432685  0.04986028 0.05292039 0.06423978 0.12406138
 0.09063668 0.05443446 0.02294631 0.06423978 0.04252411 0.02586629
 0.0136478  0.06558914 0.03633054 0.02531705 0.04986028 0.03679268
 0.04252411 0.04986028 0.01364779]
[0.04049794 0.04807633 0.05346376 0.0606252  0.06419387 0.06987017
 0.07442767 0.04354472 0.02730204 0.06419387 0.04672766 0.03388024
 0.022781   0.06515028 0.03148628 0.0336732  0.05346377 0.04366958
 0.04672767 0.05346377 0.02278099]
[0.02505951 0.06280539 0.0579922  0.05787492 0.0525266  0.1412376
 0.10211948 0.05141439 0.02077877 0.0525266  0.03299734 0.019938
 0.00805236 0.07159545 0.03670555 0.01959711 0.05799221 0.02974459
 0.03299735 0.05799221 0.00805236]
[0.04080359 0.05083555 0.0539225  0.05229787 0.05161307 0.10888728
 0.07947602 0.05343885 0.0233304  0.05161307 0.04386812 0.03038923
 0.01641398 0.05741614 0.04096067 0.0286255  0.0539225  0.04798108
 0.04386812 0.0539225  0.01641398]
[0.02378637 0.05716082 0.03947016 0.05488354 0.05927616 0.13131236
 0.1167677  0.0592612  0.02528532 0.05927616 0.03901311 0.02609776
 0.01224238 0.07070178 0.03625133 0.02452005 0.03947016 0.03449796
 0.03901311 0.03947016 0.01224238]
[0.03108045 0.05354263 0.05111651 0.05652489 0.05430783 0.10485241
 0.09477006 0.05164967 0.02150671 0.05430783 0.04913795 0.0288777
 0.01875474 0.06218275 0.03300623 0.02421059 0.05111651 0.04004535
 0.04913796 0.05111651 0.01875474]
[0.04049794 0.04807633 0.05346376 0.0606252  0.06419387 0.06987017
 0.07442767 0.04354472 0.02730204 0.06419387 0.04672766 0.03388024
 0.022781   0.06515028 0.03148628 0.0336732  0.05346377 0.04366958
 0.04672767 0.05346377 0.02278099]
[0.02639013 0.05767548 0.05301249 0.05160345 0.05076731 0.10937478
 0.12530148 0.05153052 0.02095488 0.05076731 0.03845612 0.02387074
 0.01395466 0.07365    0.04005817 0.02575001 0.05301249 0.02844663
 0.03845612 0.05301249 0.01395466]
[0.04075273 0.04971093 0.05772927 0.04635408 0.06355879 0.09865268
 0.06935301 0.05177627 0.02439874 0.06355879 0.04935862 0.02541209
 0.0172519  0.06109742 0.03520456 0.02394328 0.05772928 0.03981778
 0.04935862 0.05772928 0.0172519 ]
[0.02772505 0.04654531 0.05253704 0.0634367  0.06727881 0.10612585
 0.07724067 0.04770802 0.01990991 0.06727881 0.05940397 0.02577781
 0.01466955 0.04499671 0.02890031 0.02463897 0.05253703 0.04667891
 0.05940397 0.05253703 0.01466955]
[0.02696378 0.06928542 0.05086334 0.05849972 0.06213319 0.10178083
 0.10391853 0.05369592 0.0218513  0.06213319 0.03998667 0.02514443
 0.0149114  0.05654263 0.04201652 0.02057181 0.05086334 0.03307653
 0.03998667 0.05086334 0.0149114 ]
[0.03774282 0.05816883 0.05493281 0.05793568 0.05184481 0.10412194
 0.0765893  0.06060582 0.02169997 0.05184481 0.04579983 0.02959308
 0.0155555  0.0598721  0.04108672 0.02559211 0.05493281 0.03579288
 0.04579983 0.05493281 0.0155555 ]
[0.04235198 0.04765286 0.05991989 0.04815244 0.04728542 0.09363975
 0.0716135  0.04794225 0.03158203 0.04728542 0.04638264 0.04237081
 0.0206249  0.05232271 0.03156355 0.0349568  0.05991989 0.04750568
 0.04638265 0.05991989 0.0206249 ]
[0.03216999 0.05782403 0.05374367 0.06122122 0.0507199  0.07906578
 0.1123587  0.06103375 0.0239528  0.0507199  0.03903805 0.03139705
 0.01725739 0.05693201 0.03793546 0.03451541 0.05374366 0.03633208
 0.03903804 0.05374366 0.01725739]
[0.03217996 0.05690068 0.05102103 0.04639014 0.06304612 0.14080696
 0.10563621 0.05099992 0.02164927 0.06304612 0.03655657 0.02203706
 0.01034859 0.06203421 0.03483252 0.01813344 0.05102103 0.03543393
 0.03655657 0.05102103 0.01034859]
[0.02639013 0.05767548 0.05301249 0.05160345 0.05076731 0.10937478
 0.12530148 0.05153052 0.02095488 0.05076731 0.03845612 0.02387074
 0.01395466 0.07365    0.04005817 0.02575001 0.05301249 0.02844663
 0.03845612 0.05301249 0.01395466]
[0.03216999 0.05782403 0.05374367 0.06122122 0.0507199  0.07906578
 0.1123587  0.06103375 0.0239528  0.0507199  0.03903805 0.03139705
 0.01725739 0.05693201 0.03793546 0.03451541 0.05374366 0.03633208
 0.03903804 0.05374366 0.01725739]
[0.02772505 0.0465453  0.05253704 0.06343669 0.06727882 0.10612584
 0.07724069 0.04770802 0.01990991 0.06727882 0.05940397 0.02577781
 0.01466955 0.04499672 0.02890031 0.02463897 0.05253704 0.04667891
 0.05940397 0.05253704 0.01466955]]