77070
Test: public void test31() throws Throwable { Constant[] constantArray0 = new Constant[1]; ConstantPoolGen constantPoolGen0 = new ConstantPoolGen(constantArray0); // Undeclared exception!  constantPoolGen0.setConstant((-2155), constantArray0[0]);   }
Code: public void setConstant( final int i, final Constant c ) { constants[i] = c; }
[[0.05610797 0.04602327 0.07784121 0.04571301 0.03447432 0.11609809
 0.04571301 0.12769908 0.08301714 0.1024671  0.07994961 0.07784121
 0.03563221 0.04639308 0.02502968]
[0.04736831 0.04124999 0.09209834 0.04118475 0.02518705 0.1534495
 0.04118475 0.10359585 0.0631233  0.11469027 0.08211812 0.09209834
 0.03850209 0.03914039 0.02500893]
[0.04922521 0.0431598  0.08260237 0.04676254 0.03210039 0.15122496
 0.04676254 0.09368043 0.0605109  0.11251174 0.07558603 0.08260237
 0.05238324 0.04502315 0.02586433]
[0.05561395 0.04133592 0.08560422 0.03714776 0.02454061 0.16229299
 0.03714776 0.09682046 0.06473143 0.11463351 0.09448548 0.08560422
 0.04305588 0.03837022 0.01861563]
[0.03848667 0.03326651 0.10042633 0.05154876 0.0283804  0.14278904
 0.05154876 0.09519091 0.05766831 0.12877311 0.08346862 0.10042635
 0.03247884 0.03715642 0.01839092]
[0.05652995 0.04713573 0.07561053 0.04212096 0.03437855 0.11528289
 0.04212096 0.11499749 0.08000554 0.08390716 0.11099039 0.07561053
 0.04107964 0.04573394 0.03449567]
[0.05561395 0.04133592 0.08560422 0.03714776 0.02454061 0.16229299
 0.03714776 0.09682046 0.06473143 0.11463351 0.09448548 0.08560422
 0.04305588 0.03837022 0.01861563]
[0.04344862 0.03784446 0.08788304 0.04540595 0.02637214 0.18381958
 0.04540595 0.09987254 0.05462822 0.09803979 0.09796775 0.08788304
 0.03835195 0.03462026 0.01845668]
[0.04062467 0.03890715 0.07827565 0.04329456 0.0266996  0.15410721
 0.04329456 0.10663452 0.07687025 0.13796912 0.08605196 0.07827566
 0.03460572 0.03711872 0.01727064]
[0.05426196 0.05368653 0.07603781 0.05194822 0.03792306 0.11794528
 0.05194822 0.10674839 0.06095768 0.08680002 0.10713405 0.07603782
 0.04120418 0.05005461 0.02731219]
[0.06065816 0.05268694 0.08071259 0.05944726 0.02933079 0.11307374
 0.05944726 0.08692247 0.05272946 0.09838203 0.09472837 0.08071259
 0.05037165 0.04694963 0.03384709]
[0.04922521 0.0431598  0.08260237 0.04676254 0.03210039 0.15122496
 0.04676254 0.09368043 0.0605109  0.11251174 0.07558603 0.08260237
 0.05238324 0.04502315 0.02586433]
[0.06406836 0.05226878 0.09061843 0.05397145 0.03872589 0.10568403
 0.05397145 0.08753628 0.05202898 0.09134507 0.07245437 0.09061843
 0.05314692 0.06213851 0.03142302]
[0.05192817 0.04411115 0.08972453 0.04802096 0.02576901 0.15538402
 0.04802096 0.10103714 0.07293852 0.09256396 0.09042493 0.08972453
 0.03243858 0.03544644 0.02246708]
[0.04328185 0.04027027 0.08072278 0.03921711 0.03271427 0.13414322
 0.03921711 0.09770197 0.08018135 0.11649694 0.11249899 0.08072278
 0.03927545 0.03940782 0.02414813]]