144917
Test: public void test14() throws Throwable { LHMLRUMemoryCache<Object, LRUMemoryCache<Object, Integer>> lHMLRUMemoryCache0 = new LHMLRUMemoryCache<Object, LRUMemoryCache<Object, Integer>>(); int int0 = lHMLRUMemoryCache0.freeElements(0); }
Code: public int freeElements( final int numberToFree ) throws IOException { // can't be implemented using the LHM return 0; }
[[0.04465963 0.02851764 0.0619532  0.0356693  0.02851764 0.0619532
 0.07702336 0.10679285 0.02274234 0.05820403 0.0619532  0.0752231
 0.03800063 0.0619532  0.02052001 0.02709584 0.0619532  0.04898361
 0.05955005 0.01873398]
[0.0280904  0.02087256 0.0736976  0.03739513 0.02087256 0.0736976
 0.09285128 0.08802706 0.02142974 0.05999869 0.0736976  0.0581047
 0.04296844 0.0736976  0.01902161 0.0276399  0.07369761 0.04490981
 0.05601113 0.01331897]
[0.03680312 0.0241675  0.06208201 0.03443692 0.0241675  0.06208201
 0.08212565 0.11864153 0.02395306 0.05471758 0.06208201 0.07161498
 0.04512025 0.06208201 0.02189156 0.02959201 0.06208201 0.04457304
 0.05892859 0.01885665]
[0.0413656  0.01848944 0.06496634 0.02741562 0.01848944 0.06496634
 0.08352193 0.11036338 0.02545324 0.06826216 0.06496634 0.06193586
 0.04650746 0.06496634 0.0168224  0.03204527 0.06496633 0.06010573
 0.05083735 0.01355349]
[0.0280904  0.02087256 0.0736976  0.03739513 0.02087256 0.0736976
 0.09285128 0.08802706 0.02142974 0.05999869 0.0736976  0.0581047
 0.04296844 0.0736976  0.01902161 0.0276399  0.07369761 0.04490981
 0.05601113 0.01331897]
[0.03680312 0.0241675  0.06208201 0.03443692 0.0241675  0.06208201
 0.08212565 0.11864153 0.02395306 0.05471758 0.06208201 0.07161498
 0.04512025 0.06208201 0.02189156 0.02959201 0.06208201 0.04457304
 0.05892859 0.01885665]
[0.04164134 0.02894235 0.05808303 0.03990607 0.02894235 0.05808303
 0.06692555 0.08651706 0.02564295 0.08285496 0.05808303 0.05364675
 0.05259936 0.05808303 0.02341287 0.03735271 0.05808303 0.0486678
 0.07146363 0.02106915]
[0.03331672 0.02054391 0.05923796 0.02706677 0.02054391 0.05923796
 0.06052067 0.1654008  0.02065443 0.07750031 0.05923796 0.05704254
 0.03908319 0.05923796 0.01766841 0.03296082 0.05923797 0.05393467
 0.06223904 0.01533404]
[0.03469699 0.01949579 0.06615564 0.02972838 0.01949579 0.06615564
 0.06521636 0.1342704  0.01907616 0.05969495 0.06615564 0.07396904
 0.04008634 0.06615564 0.01902315 0.02855972 0.06615563 0.04961266
 0.06343004 0.01286601]
[0.04488755 0.02156977 0.05912182 0.04404544 0.02156977 0.05912182
 0.07378778 0.07950135 0.03003074 0.07145889 0.05912182 0.08078575
 0.04668351 0.05912182 0.02578382 0.02856853 0.05912182 0.0517524
 0.05865605 0.02530951]
[0.03680312 0.0241675  0.06208201 0.03443692 0.0241675  0.06208201
 0.08212565 0.11864153 0.02395306 0.05471758 0.06208201 0.07161498
 0.04512025 0.06208201 0.02189156 0.02959201 0.06208201 0.04457304
 0.05892859 0.01885665]
[0.03990161 0.02718832 0.07097473 0.03516988 0.02718832 0.07097473
 0.05603305 0.10019667 0.02541834 0.06436196 0.07097473 0.06056315
 0.04572339 0.07097473 0.01764182 0.02674072 0.07097472 0.04855929
 0.0522271  0.01821273]
[0.03720839 0.02671462 0.06718858 0.02807674 0.02671462 0.06718858
 0.06420392 0.11307657 0.0261264  0.05667986 0.06718858 0.06036382
 0.0497536  0.06718858 0.02202325 0.03066363 0.06718858 0.04129163
 0.06214345 0.01901656]
[0.03680312 0.0241675  0.06208201 0.03443692 0.0241675  0.06208201
 0.08212565 0.11864153 0.02395306 0.05471758 0.06208201 0.07161498
 0.04512025 0.06208201 0.02189156 0.02959201 0.06208201 0.04457304
 0.05892859 0.01885665]
[0.04151195 0.02283755 0.06448521 0.03453946 0.02283755 0.06448521
 0.07556643 0.10892773 0.0271891  0.05893383 0.06448521 0.06240498
 0.04891432 0.06448521 0.02277073 0.0303947  0.06448521 0.05372561
 0.05093874 0.01608127]
[0.04095102 0.02019528 0.05510927 0.0333802  0.02019528 0.05510927
 0.08714287 0.13739808 0.02108852 0.06972234 0.05510927 0.06989659
 0.04938219 0.05510927 0.01778265 0.03425979 0.05510928 0.04588851
 0.06223872 0.01493156]
[0.03680312 0.0241675  0.06208201 0.03443692 0.0241675  0.06208201
 0.08212565 0.11864153 0.02395306 0.05471758 0.06208201 0.07161498
 0.04512025 0.06208201 0.02189156 0.02959201 0.06208201 0.04457304
 0.05892859 0.01885665]
[0.03191125 0.01979998 0.06567866 0.02876059 0.01979998 0.06567866
 0.07503143 0.12521099 0.02338751 0.05816398 0.06567866 0.08586301
 0.04169615 0.06567866 0.01768877 0.02439472 0.06567866 0.04705492
 0.05668931 0.0161541 ]
[0.04228372 0.02361618 0.06083108 0.03787469 0.02361618 0.06083108
 0.06557738 0.09476297 0.02735529 0.07025947 0.06083108 0.06773287
 0.05188461 0.06083108 0.02008257 0.02905241 0.06083109 0.05199393
 0.07072373 0.01902859]
[0.0301498  0.02285641 0.05649633 0.02719972 0.02285641 0.05649633
 0.0798408  0.1270254  0.02404741 0.07683272 0.05649633 0.0524662
 0.05849425 0.05649633 0.01908608 0.02952516 0.05649633 0.0656601
 0.06491244 0.01656536]]