30962
Test: public void test47() throws Throwable { Map<MutableInt, Object> map0 = MapUtil.emptyMap(); Integer integer0 = new Integer(3461); MapUtil.singletonMap(integer0, (Object) map0); TreeMap<MutableLong, String> treeMap0 = MapUtil.newSortedMap(); SortedMap<MutableLong, String> sortedMap0 = MapUtil.unmodifiableSortedMap((SortedMap<MutableLong, ? extends String>) treeMap0); SortedMap<MutableLong, String> sortedMap1 = MapUtil.unmodifiableSortedMap((SortedMap<MutableLong, ? extends String>) sortedMap0); ConcurrentHashMap<MutableLong, String> concurrentHashMap0 = new ConcurrentHashMap<MutableLong, String>(sortedMap1); Map<MutableLong, String> map1 = MapUtil.emptyMapIfNull((Map<MutableLong, String>) concurrentHashMap0); }
Code: public static boolean isEmpty(final Map<?, ?> map) { return (map == null) || map.isEmpty(); }
[[0.04301935 0.13713871 0.10240464 0.05968367 0.16634955 0.04993585
 0.05968367 0.06225087 0.04794835 0.05968367 0.06646017 0.02243194
 0.04392686 0.05968368 0.01939906]
[0.04635469 0.13060555 0.13490917 0.06159205 0.11472096 0.0402195
 0.06159205 0.09052052 0.04447071 0.06159204 0.05758323 0.0244313
 0.04579997 0.06159206 0.02401614]
[0.03139997 0.12446098 0.15598477 0.05950877 0.16173951 0.03256809
 0.05950877 0.08308552 0.0531994  0.05950877 0.04746299 0.0158386
 0.04087549 0.05950879 0.01534953]
[0.03514365 0.12877984 0.12461791 0.05752314 0.17010626 0.04306529
 0.05752314 0.0619781  0.04281992 0.05752313 0.06543702 0.02541678
 0.05192964 0.05752314 0.02061309]
[0.03298553 0.13074696 0.11123952 0.05132749 0.19852808 0.04606053
 0.05132749 0.07976913 0.04807377 0.05132749 0.06084166 0.01807163
 0.05253629 0.0513275  0.01583692]
[0.03790751 0.12625967 0.095219   0.05583001 0.16517004 0.0552623
 0.05583001 0.08035822 0.05437002 0.05583002 0.06015476 0.02565039
 0.05621514 0.05583002 0.02011296]
[0.03514365 0.12877984 0.12461791 0.05752314 0.17010626 0.04306529
 0.05752314 0.0619781  0.04281992 0.05752313 0.06543702 0.02541678
 0.05192964 0.05752314 0.02061309]
[0.04921477 0.12090801 0.10031584 0.0614575  0.13936993 0.04671438
 0.0614575  0.08588957 0.05575581 0.0614575  0.05110126 0.03049895
 0.0451961  0.06145751 0.02920539]
[0.02979793 0.14618804 0.13835764 0.05684131 0.18515633 0.04216007
 0.05684131 0.06349778 0.0423624  0.05684132 0.05426306 0.01710638
 0.03660958 0.05684133 0.0171355 ]
[0.03514365 0.12877984 0.12461791 0.05752314 0.17010626 0.04306529
 0.05752314 0.0619781  0.04281992 0.05752313 0.06543702 0.02541678
 0.05192964 0.05752314 0.02061309]
[0.02484806 0.16055782 0.17812936 0.03701689 0.19756225 0.03556911
 0.03701689 0.07536916 0.04165991 0.03701689 0.05940103 0.0159569
 0.04796159 0.0370169  0.01491726]
[0.03179929 0.15377179 0.15037099 0.0528268  0.17315671 0.03074714
 0.0528268  0.08171423 0.03894338 0.0528268  0.0569407  0.01853165
 0.04070969 0.0528268  0.01200727]
[0.03442766 0.13411354 0.12228782 0.06800341 0.11157358 0.04727728
 0.06800341 0.1001024  0.05111353 0.06800341 0.0546487  0.01733044
 0.04324662 0.06800342 0.01186484]
[0.03514365 0.12877984 0.12461792 0.05752314 0.17010622 0.04306528
 0.05752314 0.06197811 0.04281993 0.05752314 0.06543702 0.02541678
 0.05192964 0.05752314 0.02061309]
[0.03244744 0.1422045  0.11016109 0.0598685  0.12291189 0.04727223
 0.0598685  0.08807792 0.07222195 0.0598685  0.05662847 0.02018357
 0.04968901 0.05986851 0.01872787]]