77817
Test: public void test12() throws Throwable { INVOKEINTERFACE iNVOKEINTERFACE0 = new INVOKEINTERFACE(1253, 1253); // Undeclared exception!  iNVOKEINTERFACE0.dump((DataOutputStream) null);   }
Code: public void dump( final DataOutputStream out ) throws IOException { out.writeByte(super.getOpcode()); out.writeShort(super.getIndex()); out.writeByte(nargs); out.writeByte(0); }
[[0.05415271 0.04339967 0.07512077 0.043041   0.08963813 0.05292552
 0.09206389 0.13065985 0.02716727 0.06898101 0.07512078 0.07512078
 0.07512078 0.07512078 0.02236716]
[0.0408455  0.03525031 0.07988232 0.03518802 0.07622291 0.05682516
 0.0973919  0.1458436  0.02249605 0.06934534 0.07988234 0.07988234
 0.07988234 0.07988234 0.02117958]
[0.04469393 0.03780597 0.07574946 0.04124335 0.08798146 0.05283584
 0.0975427  0.14378425 0.02851668 0.06447732 0.07574946 0.07574946
 0.07574947 0.07574947 0.02237119]
[0.04995858 0.03648746 0.07974893 0.03289705 0.07797591 0.0428075
 0.09913924 0.13523364 0.03024082 0.08043738 0.07974892 0.07974892
 0.07974893 0.07974893 0.01607779]
[0.04996809 0.03550218 0.08100345 0.04930238 0.09156908 0.03981971
 0.0960836  0.11252611 0.03192323 0.06844733 0.08100344 0.08100344
 0.08100346 0.08100346 0.01984098]
[0.04536999 0.03473594 0.0753934  0.03998298 0.08260871 0.05676074
 0.08888249 0.12680927 0.03077367 0.09300889 0.07539339 0.07539339
 0.07539341 0.07539341 0.02410029]
[0.05141481 0.05072874 0.07237502 0.04917353 0.09814593 0.04148332
 0.08186442 0.10735738 0.03147316 0.10073729 0.07237503 0.07237503
 0.07237503 0.07237503 0.02574632]
[0.04022341 0.03856691 0.07103588 0.03277936 0.07948586 0.0430535
 0.0736315  0.19848019 0.02516882 0.0947606  0.0710359  0.0710359
 0.07103591 0.07103591 0.01867034]
[0.04330919 0.03412352 0.08263762 0.03691782 0.06754717 0.04334299
 0.08065235 0.16783276 0.02359006 0.07356454 0.08263761 0.08263761
 0.08263763 0.08263763 0.01593153]
[0.05563545 0.04826736 0.07431954 0.05449898 0.07713781 0.05005997
 0.08976437 0.09905282 0.03683282 0.08623378 0.07431955 0.07431955
 0.07431956 0.07431956 0.0309188 ]
[0.04469393 0.03780597 0.07574946 0.04124335 0.08798146 0.05283584
 0.0975427  0.14378425 0.02851668 0.06447732 0.07574946 0.07574946
 0.07574947 0.07574947 0.02237119]
[0.04469393 0.03780597 0.07574946 0.04124335 0.08798146 0.05283584
 0.0975427  0.14378425 0.02851668 0.06447732 0.07574946 0.07574946
 0.07574947 0.07574947 0.02237119]
[0.04469394 0.03780597 0.07574946 0.04124335 0.08798146 0.05283586
 0.09754269 0.14378425 0.02851668 0.06447734 0.07574946 0.07574946
 0.07574946 0.07574947 0.02237119]
[0.04469394 0.03780597 0.07574946 0.04124335 0.08798146 0.05283586
 0.09754269 0.14378425 0.02851668 0.06447734 0.07574946 0.07574946
 0.07574946 0.07574947 0.02237119]
[0.03743574 0.03475542 0.06995145 0.03386106 0.08108538 0.05797765
 0.10011037 0.15763581 0.03008061 0.09654151 0.06995145 0.06995145
 0.06995147 0.06995147 0.02075915]]