9909
Test: public void test0() throws Throwable { // Undeclared exception!  ClassLoaderUtils.toString((URLClassLoader) null);   }
Code: public static String toString(final ClassLoader classLoader) { if (classLoader instanceof URLClassLoader) { return toString((URLClassLoader) classLoader); } return classLoader.toString(); }
[[0.04163711 0.11603166 0.05414057 0.05775686 0.0687436  0.05775686
 0.0506935  0.11173943 0.05775686 0.01904025 0.01691504 0.0506935
 0.04522737 0.05775686 0.05775686 0.01668469 0.04522738 0.05775687
 0.01668469]
[0.04043109 0.1075015  0.06067941 0.05452038 0.0591746  0.05452038
 0.07141379 0.10984318 0.05452038 0.02011914 0.01697902 0.07141379
 0.03827129 0.05452038 0.05452038 0.01938983 0.03827129 0.05452039
 0.01938983]
[0.04068321 0.1189169  0.04734652 0.05797704 0.05877432 0.05797704
 0.05826287 0.11834951 0.05797704 0.02523551 0.01468227 0.05826287
 0.04090822 0.05797704 0.05797704 0.01490367 0.04090822 0.05797705
 0.01490367]
[0.03486214 0.119987   0.06446271 0.05841134 0.06698572 0.05841134
 0.05402371 0.08544511 0.05841134 0.02937831 0.01890425 0.05402371
 0.04228012 0.05841134 0.05841134 0.01844951 0.04228012 0.05841135
 0.01844951]
[0.03911222 0.10091056 0.06193779 0.05699923 0.06175141 0.05699923
 0.07010242 0.09350948 0.05699923 0.022619   0.01528254 0.07010242
 0.04724878 0.05699923 0.05699923 0.01408961 0.04724879 0.05699924
 0.0140896 ]
[0.03486214 0.119987   0.06446271 0.05841134 0.06698572 0.05841134
 0.05402371 0.08544511 0.05841134 0.02937831 0.01890425 0.05402371
 0.04228012 0.05841134 0.05841134 0.01844951 0.04228012 0.05841135
 0.01844951]
[0.042309   0.09926466 0.06188063 0.05561808 0.05669094 0.05561808
 0.06759502 0.07292498 0.05561808 0.03121521 0.02151572 0.06759502
 0.048748   0.05561808 0.05561808 0.02390216 0.04874801 0.05561809
 0.02390216]
[0.02559305 0.14928001 0.05987687 0.06052865 0.05056787 0.06052865
 0.05084514 0.14319843 0.06052865 0.01671774 0.00704092 0.05084514
 0.03352499 0.06052865 0.06052865 0.00790642 0.033525   0.06052867
 0.00790642]
[0.03486214 0.119987   0.06446271 0.05841134 0.06698572 0.05841134
 0.05402371 0.08544511 0.05841134 0.02937831 0.01890425 0.05402371
 0.04228012 0.05841134 0.05841134 0.01844951 0.04228012 0.05841135
 0.01844951]
[0.03358488 0.15128297 0.07108182 0.05305724 0.06881664 0.05305724
 0.05156421 0.10654603 0.05305724 0.01908112 0.01447697 0.05156421
 0.04147865 0.05305724 0.05305724 0.01535019 0.04147866 0.05305725
 0.01535019]
[0.03529814 0.09779166 0.05993693 0.0578678  0.06881224 0.0578678
 0.06197032 0.11419502 0.0578678  0.0173831  0.0129115  0.06197032
 0.04714764 0.0578678  0.0578678  0.01411434 0.04714763 0.05786782
 0.01411434]
[0.042309   0.09926466 0.06188063 0.05561808 0.05669094 0.05561808
 0.06759502 0.07292498 0.05561808 0.03121521 0.02151572 0.06759502
 0.048748   0.05561808 0.05561808 0.02390216 0.04874801 0.05561809
 0.02390216]
[0.02809321 0.12480873 0.06641205 0.05768187 0.07128276 0.05768187
 0.05148868 0.11808168 0.05768187 0.01986844 0.01106246 0.05148868
 0.04137632 0.05768187 0.05768187 0.0142847  0.04137632 0.05768188
 0.0142847 ]
[0.03486214 0.119987   0.06446271 0.05841134 0.06698572 0.05841134
 0.05402371 0.08544511 0.05841134 0.02937831 0.01890425 0.05402371
 0.04228012 0.05841134 0.05841134 0.01844951 0.04228012 0.05841135
 0.01844951]
[0.03486214 0.119987   0.06446271 0.05841134 0.06698572 0.05841134
 0.05402371 0.08544511 0.05841134 0.02937831 0.01890425 0.05402371
 0.04228012 0.05841134 0.05841134 0.01844951 0.04228012 0.05841135
 0.01844951]
[0.02807053 0.11431397 0.05144075 0.05309053 0.05790873 0.05309053
 0.06870145 0.10757647 0.05309053 0.01872485 0.01549252 0.06870145
 0.0603131  0.05309053 0.05309053 0.01494992 0.0603131  0.05309054
 0.01494992]
[0.02809321 0.12480872 0.06641206 0.05768187 0.07128279 0.05768187
 0.05148867 0.11808167 0.05768187 0.01986843 0.01106246 0.05148867
 0.04137632 0.05768187 0.05768187 0.0142847  0.04137632 0.05768188
 0.0142847 ]
[0.03486214 0.11998699 0.06446271 0.05841134 0.06698572 0.05841134
 0.05402372 0.08544511 0.05841134 0.02937831 0.01890425 0.05402372
 0.04228012 0.05841134 0.05841134 0.01844951 0.04228012 0.05841135
 0.01844951]
[0.02807053 0.11431396 0.05144075 0.05309053 0.05790872 0.05309053
 0.06870148 0.10757646 0.05309053 0.01872485 0.01549252 0.06870148
 0.06031311 0.05309053 0.05309053 0.01494992 0.06031311 0.05309054
 0.01494992]]