163574
Test: public void test2307() throws Throwable { LinkedBlockingDeque<Integer> linkedBlockingDeque0 = new LinkedBlockingDeque<Integer>(77, false); Integer integer0 = new Integer(77); boolean boolean0 = linkedBlockingDeque0.offerLast(integer0); LinkedBlockingDeque<Integer> linkedBlockingDeque1 = new LinkedBlockingDeque<Integer>(linkedBlockingDeque0); int int0 = linkedBlockingDeque1.size(); Locale locale0 = Locale.JAPANESE; String string0 = locale0.getDisplayLanguage(); Locale locale1 = Locale.CANADA; }
Code: public int size() { lock.lock(); try { return count; } finally { lock.unlock(); } }
[[0.06569704 0.04326507 0.09113061 0.0789974  0.09113061 0.12550895
 0.0789974  0.07123975 0.03898158 0.02610947 0.06659513 0.07899738
 0.09113063 0.02610946 0.02610946]
[0.04228298 0.03194054 0.11224829 0.08727179 0.11224829 0.10237227
 0.08727179 0.06723253 0.03741045 0.01970536 0.0610849  0.08727176
 0.11224832 0.01970536 0.01970536]
[0.05637523 0.03725214 0.09554695 0.08133227 0.09554695 0.10259433
 0.08133227 0.06821167 0.04359441 0.02821898 0.07667761 0.08133227
 0.09554696 0.02821897 0.02821897]
[0.0623458  0.03097512 0.0866702  0.08904109 0.0866702  0.07082643
 0.08904109 0.07321494 0.05888836 0.03318202 0.07706939 0.0890411
 0.08667021 0.03318202 0.03318202]
[0.05637523 0.03725214 0.09554695 0.08133227 0.09554695 0.10259433
 0.08133227 0.06821167 0.04359441 0.02821898 0.07667761 0.08133227
 0.09554696 0.02821897 0.02821897]
[0.05686134 0.03190659 0.09610547 0.08129068 0.09610547 0.1121442
 0.08129068 0.08293132 0.04370517 0.02270413 0.07215041 0.08129069
 0.09610549 0.02270413 0.02270413]
[0.0623458  0.03097512 0.0866702  0.08904109 0.0866702  0.07082643
 0.08904109 0.07321494 0.05888836 0.03318202 0.07706939 0.0890411
 0.08667021 0.03318202 0.03318202]
[0.04874288 0.0316752  0.10402133 0.08126862 0.10402133 0.10350075
 0.08126862 0.07317384 0.04624045 0.0229833  0.07184719 0.08126862
 0.10402134 0.0229833  0.0229833 ]
[0.05661201 0.03169564 0.0876553  0.08505413 0.0876553  0.10569233
 0.08505413 0.07981622 0.04503477 0.02512386 0.08764916 0.08505413
 0.08765532 0.02512386 0.02512386]
[0.04515258 0.03503181 0.08774424 0.09696011 0.08774424 0.10501014
 0.09696011 0.09309951 0.03843645 0.02178492 0.06380162 0.09696014
 0.08774427 0.02178492 0.02178492]
[0.04614951 0.03532855 0.09090459 0.09599802 0.09090459 0.10552984
 0.09599802 0.07676606 0.04820726 0.01899388 0.07032922 0.09599805
 0.0909046  0.01899389 0.01899389]
[0.0623458  0.03097512 0.0866702  0.08904109 0.0866702  0.07082643
 0.08904109 0.07321494 0.05888836 0.03318202 0.07706939 0.0890411
 0.08667021 0.03318202 0.03318202]
[0.05637524 0.03725215 0.09554695 0.08133228 0.09554695 0.10259432
 0.08133228 0.06821167 0.04359441 0.02821898 0.07667761 0.08133228
 0.09554696 0.02821898 0.02821898]
[0.04515258 0.03503181 0.08774425 0.09696013 0.08774425 0.10501015
 0.09696013 0.09309952 0.03843646 0.02178492 0.06380163 0.09696013
 0.08774427 0.02178492 0.02178492]
[0.04515258 0.03503181 0.08774425 0.09696013 0.08774425 0.10501015
 0.09696013 0.09309952 0.03843646 0.02178492 0.06380163 0.09696013
 0.08774427 0.02178492 0.02178492]]