24132
Test: public void test6788() throws Throwable { URL uRL0 = MockURL.getHttpExample(); HttpRequest httpRequest0 = HttpRequest.post(uRL0); }
Code: public static HttpRequest post(final CharSequence url) throws HttpRequestException { return new HttpRequest(url, METHOD_POST); }
[[0.04662421 0.14391066 0.06468235 0.06468235 0.15263855 0.06468235
 0.10856406 0.06468235 0.06476631 0.05163266 0.02333577 0.06468236
 0.06468236 0.02043368]
[0.0492869  0.13687524 0.06573626 0.06573626 0.12914984 0.06573626
 0.10263988 0.06573626 0.09390524 0.04712332 0.02155037 0.06573625
 0.06573627 0.02505169]
[0.03923101 0.14071462 0.06474221 0.06474221 0.13755746 0.06474221
 0.12765421 0.06474221 0.06626247 0.04772291 0.03017714 0.06474221
 0.06474222 0.02222696]
[0.03923101 0.14071462 0.06474221 0.06474221 0.13755746 0.06474221
 0.12765421 0.06474221 0.06626247 0.04772291 0.03017714 0.06474221
 0.06474222 0.02222696]
[0.03996966 0.14921428 0.06527759 0.06527759 0.12661177 0.06527759
 0.11774729 0.06527759 0.09030948 0.04792153 0.01822523 0.06527758
 0.0652776  0.01833525]
[0.03923101 0.14071462 0.06474221 0.06474221 0.13755746 0.06474221
 0.12765421 0.06474221 0.06626247 0.04772291 0.03017714 0.06474221
 0.06474222 0.02222696]
[0.03445682 0.12864612 0.05717982 0.05717982 0.14988746 0.05717982
 0.16082223 0.05717982 0.09026603 0.05767205 0.01797769 0.05717983
 0.05717984 0.0171927 ]
[0.03923101 0.14071462 0.06474221 0.06474221 0.13755746 0.06474221
 0.12765421 0.06474221 0.06626247 0.04772291 0.03017714 0.06474221
 0.06474222 0.02222696]
[0.05264406 0.12799801 0.06653441 0.06653441 0.11885455 0.06653441
 0.09185124 0.06653441 0.09009289 0.05987369 0.02858257 0.06653442
 0.06653443 0.03089651]
[0.0324278  0.15405294 0.0634417  0.0634417  0.16522054 0.0634417
 0.11801283 0.0634417  0.06586021 0.04665745 0.01919407 0.0634417
 0.06344172 0.01792394]
[0.04089892 0.12521775 0.06060863 0.06060863 0.15193284 0.06060863
 0.13289638 0.06060863 0.07910141 0.05768104 0.02600828 0.06060863
 0.06060864 0.0226116 ]
[0.03923101 0.14071462 0.06474221 0.06474221 0.13755746 0.06474221
 0.12765421 0.06474221 0.06626247 0.04772291 0.03017714 0.06474221
 0.06474222 0.02222696]
[0.03923101 0.1407146  0.06474221 0.06474221 0.13755742 0.06474221
 0.12765422 0.06474221 0.06626248 0.04772291 0.03017714 0.06474221
 0.06474221 0.02222697]
[0.03339482 0.14928491 0.06118008 0.06118008 0.10347129 0.06118008
 0.14008744 0.06118008 0.09317014 0.07505926 0.01875601 0.06118008
 0.06118009 0.0196956 ]]