77171
Test: public void test132() throws Throwable { ConstantPoolGen constantPoolGen0 = new ConstantPoolGen(); int int0 = constantPoolGen0.lookupClass(""); }
Code: public int lookupClass( final String str ) { final Index index = classTable.get(str.replace('.', '/')); return (index != null) ? index.index : -1; }
[[0.04168136 0.02610134 0.05782414 0.03363265 0.05332523 0.03482205
 0.07405288 0.05691659 0.03363265 0.05782414 0.03273523 0.02631232
 0.05782414 0.05782414 0.04603738 0.04256335 0.02292497 0.02219341
 0.07289316 0.05782414 0.03902064 0.03398189 0.01805221]
[0.02648076 0.01892172 0.06757354 0.0363428  0.05120236 0.03352991
 0.09294543 0.06095636 0.0363428  0.06757354 0.0232914  0.02232554
 0.06757354 0.06757354 0.04286812 0.03311658 0.01669201 0.01599391
 0.07516708 0.06757355 0.02921678 0.0336872  0.01305151]
[0.03368473 0.02175189 0.05610987 0.03267056 0.06159346 0.02752634
 0.07953965 0.0540166  0.03267056 0.05610987 0.02875317 0.03633402
 0.05610987 0.05610987 0.04090014 0.0576525  0.02226063 0.02406304
 0.077649   0.05610987 0.03220201 0.0378689  0.01831342]
[0.03917233 0.01728497 0.0602936  0.02616592 0.0604999  0.03526518
 0.08074716 0.06655619 0.02616592 0.0602936  0.03154902 0.03032684
 0.0602936  0.0602936  0.05697121 0.03993154 0.01807806 0.01752366
 0.07121815 0.0602936  0.03088343 0.03707977 0.01311276]
[0.04387557 0.02348087 0.06189526 0.03375574 0.05056316 0.03584652
 0.07324127 0.06570535 0.03375574 0.06189526 0.02945494 0.02972107
 0.06189526 0.06189526 0.04445472 0.041849   0.02556041 0.01970945
 0.05675812 0.06189526 0.03296747 0.03320549 0.01661886]
[0.03171181 0.02132736 0.05415744 0.02935342 0.05172198 0.03129392
 0.08210327 0.08269747 0.02935342 0.05415744 0.02771714 0.02560626
 0.05415744 0.05415744 0.05573465 0.05684681 0.0218461  0.02214966
 0.07448471 0.05415744 0.03404425 0.03423528 0.01698525]
[0.03867951 0.02636929 0.0530872  0.0371971  0.06020021 0.03223947
 0.06317331 0.07901216 0.0371971  0.0530872  0.02663921 0.02911559
 0.0530872  0.0530872  0.04507392 0.04742075 0.03114313 0.02402683
 0.0654529  0.0530872  0.03844593 0.03325584 0.01992171]
[0.04181916 0.01992859 0.0543332  0.04110115 0.060248   0.02534522
 0.06995717 0.06824955 0.04110115 0.0543332  0.02318539 0.03486056
 0.0543332  0.0543332  0.04799581 0.05165553 0.02981542 0.02684532
 0.05370613 0.0543332  0.03444334 0.03417367 0.02390287]
[0.03917233 0.01728497 0.0602936  0.02616592 0.0604999  0.03526518
 0.08074716 0.06655619 0.02616592 0.0602936  0.03154902 0.03032684
 0.0602936  0.0602936  0.05697121 0.03993154 0.01807806 0.01752366
 0.07121815 0.0602936  0.03088343 0.03707977 0.01311276]
[0.03368473 0.02175189 0.05610987 0.03267056 0.06159346 0.02752634
 0.07953965 0.0540166  0.03267056 0.05610987 0.02875317 0.03633402
 0.05610987 0.05610987 0.04090014 0.0576525  0.02226063 0.02406304
 0.077649   0.05610987 0.03220201 0.0378689  0.01831342]
[0.03147217 0.02599096 0.05337457 0.03583821 0.0659835  0.02748806
 0.08133636 0.05680639 0.03583821 0.05337457 0.02766076 0.0337177
 0.05337457 0.05337457 0.0447941  0.05283909 0.0237369  0.02100755
 0.08786722 0.05337457 0.03159657 0.02998816 0.01916516]
[0.0430619  0.02597761 0.060898   0.03628651 0.05099915 0.02507049
 0.06172483 0.04901342 0.03628651 0.060898   0.02621927 0.03581205
 0.060898   0.060898   0.04733758 0.04450186 0.03613768 0.02740488
 0.05907207 0.060898   0.03680793 0.0326001  0.02119615]
[0.03368473 0.02175189 0.05610987 0.03267056 0.06159346 0.02752634
 0.07953965 0.0540166  0.03267056 0.05610987 0.02875317 0.03633402
 0.05610987 0.05610987 0.04090014 0.0576525  0.02226063 0.02406304
 0.077649   0.05610987 0.03220201 0.0378689  0.01831342]
[0.03368473 0.02175189 0.05610987 0.03267056 0.06159346 0.02752634
 0.07953965 0.0540166  0.03267056 0.05610987 0.02875317 0.03633402
 0.05610987 0.05610987 0.04090014 0.0576525  0.02226063 0.02406304
 0.077649   0.05610987 0.03220201 0.0378689  0.01831342]
[0.03102424 0.01880748 0.06271028 0.02826987 0.07103049 0.02541981
 0.07509546 0.05888634 0.02826987 0.06271028 0.02553682 0.03022319
 0.06271028 0.06271028 0.04534559 0.04685017 0.01891607 0.01843982
 0.08958795 0.06271027 0.02843576 0.03008222 0.01622741]
[0.03673256 0.01939195 0.04953844 0.03629719 0.06597674 0.02469737
 0.07472502 0.07201505 0.03629719 0.04953844 0.02287547 0.02486033
 0.04953844 0.04953844 0.06399505 0.04609025 0.02105333 0.01663362
 0.1124871  0.04953844 0.03304553 0.0297678  0.01536628]
[0.03202186 0.01831109 0.0560011  0.03550777 0.08057294 0.02622401
 0.10687689 0.07511378 0.03550777 0.0560011  0.01817385 0.02655429
 0.0560011  0.0560011  0.04435278 0.03667375 0.01366602 0.01651415
 0.09212398 0.0560011  0.02027471 0.02823759 0.01328728]
[0.03402737 0.0184573  0.06208377 0.02840188 0.05432642 0.02379397
 0.1056658  0.07568122 0.02840188 0.06208377 0.0292336  0.02196499
 0.06208377 0.06208377 0.0412867  0.04040695 0.01868967 0.02118448
 0.0780406  0.06208378 0.02507281 0.03320687 0.01173862]
[0.03679869 0.01617446 0.05777726 0.02790838 0.07663186 0.03276601
 0.06094436 0.08627036 0.02790838 0.05777726 0.02166251 0.02323966
 0.05777726 0.05777726 0.05041182 0.04161554 0.02227079 0.01835527
 0.0825154  0.05777725 0.03713923 0.03210463 0.01639633]
[0.03368473 0.02175189 0.05610987 0.03267056 0.06159346 0.02752634
 0.07953965 0.0540166  0.03267056 0.05610987 0.02875317 0.03633402
 0.05610987 0.05610987 0.04090014 0.0576525  0.02226063 0.02406304
 0.077649   0.05610987 0.03220201 0.0378689  0.01831342]
[0.04154538 0.02650344 0.05071985 0.03005206 0.05043777 0.03944569
 0.06916884 0.06382697 0.03005206 0.05071985 0.02847794 0.03198605
 0.05071985 0.05071985 0.05234389 0.04836915 0.02630947 0.02268142
 0.09402879 0.05071985 0.02852861 0.04050726 0.02213598]
[0.04535644 0.02608427 0.05119629 0.03351529 0.0625402  0.02915683
 0.07442939 0.07955099 0.03351529 0.05119629 0.03104704 0.02600802
 0.05119629 0.05119629 0.04971701 0.0466177  0.02408943 0.02500386
 0.07342501 0.05119629 0.02737679 0.03831901 0.01826597]
[0.02993238 0.02249167 0.05530735 0.02735278 0.05479715 0.03833281
 0.08312202 0.08079255 0.02735278 0.05530735 0.02186619 0.02748664
 0.05530735 0.05530735 0.06649144 0.0411273  0.02229943 0.01863427
 0.0733605  0.05530735 0.02899254 0.04183108 0.01719971]]