165699
Test: public void test3() throws Throwable { long[] longArray0 = new long[0]; MiddleSquareWeylSequence middleSquareWeylSequence0 = new MiddleSquareWeylSequence(longArray0); int int0 = middleSquareWeylSequence0.next(); }
Code: public int next() { x *= x; x += w += s; x = (x >>> 32) | (x << 32); return (int) x; }
[[0.02801168 0.01712887 0.03350757 0.04032941 0.06537437 0.0264521
 0.04941138 0.06537437 0.05372874 0.04443993 0.05372874 0.06290982
 0.06537437 0.01781572 0.03851077 0.02157454 0.0388623  0.02233587
 0.03851077 0.04284263 0.0378269  0.03119587 0.04275519 0.04941138
 0.01258674]
[0.01826719 0.01258653 0.0325905  0.04476452 0.07021601 0.01973845
 0.04278516 0.07021601 0.05774336 0.04514861 0.05774336 0.09550485
 0.07021601 0.01538421 0.03646606 0.02264492 0.04543995 0.01496958
 0.03646606 0.03484513 0.03840987 0.02990008 0.03585889 0.04278516
 0.00930951]
[0.01793274 0.00993586 0.04265708 0.04879097 0.07478394 0.02867511
 0.04540189 0.07478394 0.05875241 0.04274554 0.05875241 0.07433005
 0.07478394 0.01585409 0.03324725 0.02119813 0.03579967 0.01390414
 0.03324725 0.0386115  0.02938539 0.03076235 0.0398815  0.04540189
 0.010381  ]
[0.0304664  0.01462868 0.03450008 0.04861479 0.05324425 0.0282553
 0.0482811  0.05324425 0.05210298 0.03876236 0.05210298 0.07114843
 0.05324425 0.02534677 0.04214377 0.02198704 0.04007689 0.02210912
 0.04214377 0.03990338 0.04349468 0.03511091 0.04360647 0.0482811
 0.01720021]
[0.02945946 0.01678264 0.0391753  0.04380145 0.05976755 0.02728482
 0.05283207 0.05976755 0.05547202 0.04215848 0.05547202 0.05245709
 0.05976755 0.02178144 0.03778422 0.02500449 0.0393092  0.02200707
 0.03778422 0.0390788  0.03263533 0.03515441 0.04402496 0.05283207
 0.01840581]
[0.02190861 0.01026686 0.02573353 0.04149378 0.06610497 0.02163316
 0.04959948 0.06610497 0.07813147 0.03881752 0.07813147 0.07055756
 0.06610497 0.01415094 0.0366393  0.0247163  0.03488626 0.01232961
 0.0366393  0.04241146 0.03622819 0.03063632 0.0384268  0.04959948
 0.00874766]
[0.02518828 0.01253107 0.02879468 0.05766951 0.06753543 0.02460629
 0.05625309 0.06753543 0.05071049 0.04470602 0.05071049 0.0664397
 0.06753543 0.01568143 0.04109359 0.01950689 0.0358715  0.01679512
 0.04109359 0.03498628 0.03152891 0.03185135 0.0435465  0.05625309
 0.01157585]
[0.02945946 0.01678264 0.0391753  0.04380145 0.05976755 0.02728482
 0.05283207 0.05976755 0.05547202 0.04215848 0.05547202 0.05245709
 0.05976755 0.02178144 0.03778422 0.02500449 0.0393092  0.02200707
 0.03778422 0.0390788  0.03263533 0.03515441 0.04402496 0.05283207
 0.01840581]
[0.02569115 0.01286226 0.03279966 0.05566421 0.06826974 0.01975651
 0.05112886 0.06826974 0.06454731 0.03145913 0.06454731 0.07104048
 0.06826974 0.01576518 0.0324117  0.02522539 0.04240907 0.01433633
 0.0324117  0.03780513 0.02909674 0.02472946 0.05012568 0.05112886
 0.01024868]
[0.02809103 0.01443608 0.03889341 0.04704987 0.059972   0.0284441
 0.04896658 0.059972   0.0525789  0.04833183 0.0525789  0.06057039
 0.059972   0.02141505 0.04070679 0.02498952 0.04001519 0.01854118
 0.04070679 0.04711859 0.03358737 0.03421724 0.03723066 0.04896658
 0.01264793]
[0.02569115 0.01286226 0.03279966 0.05566421 0.06826974 0.01975651
 0.05112886 0.06826974 0.06454731 0.03145913 0.06454731 0.07104048
 0.06826974 0.01576518 0.0324117  0.02522539 0.04240907 0.01433633
 0.0324117  0.03780513 0.02909674 0.02472946 0.05012568 0.05112886
 0.01024868]
[0.03206274 0.01598451 0.03256556 0.04310916 0.0662539  0.02325293
 0.05606367 0.0662539  0.05477562 0.04022285 0.05477562 0.05606029
 0.0662539  0.01967724 0.03880433 0.02245225 0.03280535 0.01653007
 0.03880433 0.041716   0.03850375 0.03110959 0.04089633 0.05606367
 0.01500238]
[0.02945946 0.01678264 0.0391753  0.04380145 0.05976755 0.02728482
 0.05283207 0.05976755 0.05547202 0.04215848 0.05547202 0.05245709
 0.05976755 0.02178144 0.03778422 0.02500449 0.0393092  0.02200707
 0.03778422 0.0390788  0.03263533 0.03515441 0.04402496 0.05283207
 0.01840581]
[0.03319418 0.02004742 0.03800288 0.03764211 0.05185158 0.02963208
 0.04884797 0.05185158 0.04753627 0.04090058 0.04753627 0.05033573
 0.05185158 0.0275654  0.04103508 0.02926463 0.04694702 0.02813375
 0.04103508 0.04464815 0.047405   0.03646356 0.04311885 0.04884797
 0.01630531]
[0.0177793  0.01131156 0.02869955 0.04533531 0.07503062 0.01982627
 0.04594453 0.07503062 0.06312224 0.04197653 0.06312224 0.1082598
 0.07503062 0.01437343 0.03256356 0.02082609 0.03139379 0.00981247
 0.03256356 0.0374176  0.03433708 0.02974373 0.03390551 0.04594453
 0.00664939]
[0.02191835 0.01037926 0.03687116 0.03728607 0.07613789 0.02037681
 0.05049431 0.07613789 0.06071883 0.04392306 0.06071883 0.07117112
 0.07613789 0.01680524 0.03532159 0.01885257 0.0296834  0.01486765
 0.03532159 0.04125707 0.03085575 0.03395759 0.03827198 0.05049431
 0.01203985]
[0.02210779 0.01395849 0.03084702 0.03884954 0.06593347 0.02540123
 0.04619918 0.06593347 0.06417526 0.04156873 0.06417526 0.06721432
 0.06593347 0.02456995 0.03671511 0.01985438 0.03621119 0.01692085
 0.03671511 0.04154971 0.04712732 0.02693304 0.04197704 0.04619918
 0.01292982]
[0.02280506 0.0127182  0.03830681 0.04456311 0.06012319 0.02755247
 0.05042529 0.06012319 0.06617287 0.0379568  0.06617287 0.06809879
 0.06012319 0.01561933 0.04090299 0.02319358 0.03375251 0.01738174
 0.04090299 0.04587001 0.03304608 0.03248896 0.04013    0.05042529
 0.01114466]
[0.0177793  0.01131156 0.02869955 0.04533531 0.07503062 0.01982627
 0.04594453 0.07503062 0.06312224 0.04197653 0.06312224 0.1082598
 0.07503062 0.01437343 0.03256356 0.02082609 0.03139379 0.00981247
 0.03256356 0.0374176  0.03433708 0.02974373 0.03390551 0.04594453
 0.00664939]
[0.02238317 0.01429439 0.03420917 0.05700221 0.06283556 0.02395801
 0.04794312 0.06283556 0.05096799 0.0504745  0.05096799 0.07951247
 0.06283556 0.02071291 0.03485789 0.02243866 0.03323705 0.01481642
 0.03485789 0.0526945  0.0306701  0.03075848 0.04605311 0.04794312
 0.01074013]
[0.02217632 0.01584385 0.0367585  0.04755928 0.06964857 0.02344919
 0.04995913 0.06964857 0.05813123 0.03537947 0.05813123 0.06857523
 0.06964857 0.01874384 0.03434337 0.02225789 0.03484166 0.02001131
 0.03434337 0.04044943 0.03863396 0.02841625 0.03836113 0.04995913
 0.01472946]
[0.0185258  0.01062158 0.02759165 0.0383857  0.06603216 0.02074742
 0.03916562 0.06603216 0.0745649  0.04230479 0.0745649  0.09496608
 0.06603216 0.01824398 0.03949564 0.02248628 0.03587245 0.0146631
 0.03949564 0.04208155 0.03348062 0.02652466 0.03854601 0.03916562
 0.01040959]
[0.021324   0.01331441 0.03158022 0.0404325  0.06910035 0.02184279
 0.04389632 0.06910035 0.07404511 0.03588204 0.07404511 0.08107758
 0.06910035 0.02029308 0.04105734 0.02168232 0.03065236 0.01343885
 0.04105734 0.03473219 0.03219362 0.02688461 0.03812855 0.04389632
 0.01124224]
[0.02518828 0.01253107 0.02879468 0.05766951 0.06753543 0.02460629
 0.05625309 0.06753543 0.05071049 0.04470602 0.05071049 0.0664397
 0.06753543 0.01568143 0.04109359 0.01950689 0.0358715  0.01679512
 0.04109359 0.03498628 0.03152891 0.03185135 0.0435465  0.05625309
 0.01157585]
[0.01878838 0.01424342 0.0358746  0.04787873 0.07525451 0.02497076
 0.05116435 0.07525451 0.04712426 0.03860188 0.04712426 0.0790924
 0.07525451 0.01694535 0.03663    0.01795856 0.03520684 0.01466226
 0.03663    0.03403424 0.03563197 0.04091699 0.03926998 0.05116435
 0.01032284]]