40278
Test: public void test69() throws Throwable { Instant instant0 = new Instant(); Interval interval0 = new Interval(instant0, (ReadableDuration) null); Seconds seconds0 = Seconds.ONE; Interval interval1 = interval0.withPeriodAfterStart(seconds0); boolean boolean0 = interval0.isEqual(interval1); }
Code: public boolean isEqual(ReadableInterval other) { return getStartMillis() == other.getStartMillis() && getEndMillis() == other.getEndMillis(); }
[[0.0531812  0.12807101 0.07378047 0.0917543  0.07547138 0.05909121
 0.07378047 0.08258251 0.07378048 0.0347069  0.07378048 0.08258251
 0.07378048 0.0236567 ]
[0.03841083 0.19257164 0.07294165 0.07757975 0.10052747 0.06472851
 0.07294165 0.05810835 0.07294165 0.02663916 0.07294165 0.05810835
 0.07294166 0.01861767]
[0.04321468 0.15461144 0.07094304 0.1017483  0.07505514 0.05262336
 0.07094304 0.08068323 0.07094304 0.03162836 0.07094304 0.08068322
 0.07094304 0.02503709]
[0.04485322 0.18158501 0.06676172 0.09849192 0.08706402 0.05805469
 0.06676172 0.06941457 0.06676172 0.03842815 0.06676172 0.06941458
 0.06676172 0.01888524]
[0.05749482 0.11870478 0.07235777 0.09252474 0.09908331 0.06530057
 0.07235777 0.05998836 0.07235778 0.05124972 0.07235778 0.05998836
 0.07235778 0.03387641]
[0.03774129 0.18078187 0.07281555 0.09666181 0.07874252 0.05394378
 0.07281555 0.06979652 0.07281556 0.0271301  0.07281556 0.06979652
 0.07281557 0.02132775]
[0.04321468 0.15461144 0.07094304 0.1017483  0.07505514 0.05262336
 0.07094304 0.08068323 0.07094304 0.03162836 0.07094304 0.08068322
 0.07094304 0.02503709]
[0.03298412 0.2361043  0.04909753 0.12418858 0.10017483 0.0553093
 0.04909753 0.07882718 0.04909753 0.02827512 0.04909753 0.07882716
 0.04909754 0.01982182]
[0.04321468 0.15461144 0.07094304 0.1017483  0.07505514 0.05262336
 0.07094304 0.08068323 0.07094304 0.03162836 0.07094304 0.08068322
 0.07094304 0.02503709]
[0.03946028 0.1831459  0.07128499 0.09840082 0.08454559 0.05047874
 0.07128499 0.0666539  0.07128499 0.02749419 0.07128499 0.06665388
 0.07128501 0.02674171]
[0.04321468 0.15461144 0.07094304 0.1017483  0.07505514 0.05262336
 0.07094304 0.08068323 0.07094304 0.03162836 0.07094304 0.08068322
 0.07094304 0.02503709]
[0.03298412 0.2361043  0.04909753 0.12418858 0.10017483 0.0553093
 0.04909753 0.07882718 0.04909753 0.02827512 0.04909753 0.07882716
 0.04909754 0.01982182]
[0.04321469 0.15461144 0.07094304 0.1017483  0.07505515 0.05262336
 0.07094304 0.08068322 0.07094304 0.03162836 0.07094304 0.08068322
 0.07094304 0.02503709]
[0.03842152 0.12736803 0.07001129 0.09560772 0.10937639 0.08698816
 0.07001129 0.06748688 0.07001129 0.0341833  0.07001129 0.06748688
 0.0700113  0.02302463]]