1377
Test: public void test81() throws Throwable { PcxImageParser pcxImageParser0 = new PcxImageParser(); File file0 = MockFile.createTempFile("ueZg^. _L+lNj", "~A"); PcxImagingParameters pcxImagingParameters0 = new PcxImagingParameters(); byte[] byteArray0 = pcxImageParser0.getICCProfileBytes(file0, pcxImagingParameters0); }
Code: public final byte[] getICCProfileBytes(final byte[] bytes) throws ImageReadException, IOException { return getICCProfileBytes(bytes, null); }
[[0.05797133 0.04751241 0.0805613  0.08042838 0.0805613  0.05347445
 0.1319077  0.08042838 0.03187788 0.08473764 0.06471853 0.08042838
 0.09906486 0.02632758]
[0.05529308 0.03713994 0.06758112 0.08386664 0.06758112 0.06290608
 0.14303008 0.08386664 0.03517804 0.09587798 0.08046968 0.08386664
 0.08455336 0.01878963]
[0.05729012 0.0485297  0.07027937 0.07584365 0.07027937 0.04985877
 0.17305246 0.07584365 0.03428043 0.07942875 0.08106671 0.07584365
 0.08594313 0.02246024]
[0.04880616 0.04802479 0.08158736 0.08087284 0.08158736 0.04926712
 0.15853912 0.08087284 0.0341013  0.08061667 0.05932269 0.08087284
 0.08836432 0.02716461]
[0.05729012 0.0485297  0.07027937 0.07584365 0.07027937 0.04985877
 0.17305246 0.07584365 0.03428043 0.07942875 0.08106671 0.07584365
 0.08594313 0.02246024]
[0.04348627 0.04042071 0.08569848 0.06392514 0.08569848 0.05200934
 0.19274154 0.06392514 0.03217442 0.09702422 0.06123027 0.06392514
 0.09432659 0.02341428]
[0.04327637 0.03594045 0.06966197 0.07323004 0.06966197 0.03926931
 0.20553127 0.07323004 0.02862134 0.10986871 0.07177876 0.07323006
 0.08556822 0.02113147]
[0.04880616 0.04802479 0.08158736 0.08087284 0.08158736 0.04926712
 0.15853912 0.08087284 0.0341013  0.08061667 0.05932269 0.08087284
 0.08836432 0.02716461]
[0.04707633 0.04157648 0.06104975 0.08935684 0.06104975 0.05313393
 0.18063709 0.08935684 0.02733038 0.08720072 0.06868703 0.08935682
 0.08589322 0.01829488]
[0.06198907 0.06096958 0.07785787 0.08003535 0.07785787 0.05954206
 0.10899274 0.08003535 0.04207297 0.10229591 0.0709973  0.08003536
 0.06166916 0.03564943]
[0.04341408 0.04008538 0.07325868 0.08580832 0.07325868 0.0445705
 0.16043518 0.08580832 0.03415102 0.08638612 0.0627713  0.08580832
 0.10064671 0.02359739]
[0.04880616 0.04802479 0.08158736 0.08087284 0.08158736 0.04926712
 0.15853912 0.08087284 0.0341013  0.08061667 0.05932269 0.08087284
 0.08836432 0.02716461]
[0.04344874 0.03952067 0.06001367 0.08519726 0.06001367 0.04881365
 0.19568169 0.08519726 0.02820334 0.0979498  0.0788238  0.08519726
 0.07558456 0.01635466]
[0.04300699 0.03916594 0.05171878 0.07976725 0.05171878 0.05710251
 0.18083599 0.07976725 0.03522484 0.1143425  0.09503205 0.07976725
 0.06812792 0.02442195]]