145423
Test: public void test82() throws Throwable { boolean boolean0 = GenericValidator.isBlankOrNull(""); }
Code: public static boolean isBlankOrNull(String value) { return ((value == null) || (value.trim().length() == 0)); }
[[0.04676451 0.13572907 0.11892083 0.06487228 0.05698301 0.06003136
 0.05117916 0.0924892  0.07442527 0.02541695 0.04426466 0.06487228
 0.07442527 0.07020958 0.01941654]
[0.048852   0.12914528 0.14995106 0.06596877 0.04651126 0.08541038
 0.04618224 0.08221234 0.06223745 0.02565633 0.04433395 0.06596876
 0.06223746 0.06208569 0.02324708]
[0.03552402 0.12449144 0.20011476 0.06928668 0.04940494 0.07909246
 0.05549568 0.07574973 0.0543419  0.01780554 0.03966612 0.06928667
 0.0543419  0.06017021 0.01522799]
[0.03801042 0.13199773 0.1431006  0.06348204 0.06014501 0.0600316
 0.04612809 0.09191954 0.07209483 0.02710207 0.05182054 0.06348204
 0.07209484 0.05817237 0.0204182 ]
[0.04491514 0.14715332 0.1344474  0.0669305  0.0540542  0.07354525
 0.05379445 0.07768589 0.06648259 0.02111007 0.04663696 0.0669305
 0.06648259 0.06156944 0.01826176]
[0.05121549 0.11911714 0.11515892 0.06794757 0.05604285 0.0804315
 0.05919202 0.09873079 0.05524168 0.03349637 0.04471531 0.06794757
 0.05524168 0.0668562  0.02866489]
[0.03230266 0.14570752 0.1770591  0.06563389 0.05312179 0.06061794
 0.04733339 0.08744783 0.06404313 0.01926021 0.03644386 0.06563389
 0.06404314 0.06461072 0.01674091]
[0.04020626 0.12446509 0.14502054 0.06555909 0.05965688 0.0791265
 0.04857383 0.08723381 0.07011082 0.02586207 0.04157176 0.0655591
 0.07011081 0.05810938 0.01883406]
[0.02678301 0.15290296 0.22731397 0.04392076 0.05328282 0.06840891
 0.04404015 0.06904799 0.0664168  0.01741243 0.0446028  0.04392076
 0.06641679 0.06148162 0.01404825]
[0.03450421 0.14914906 0.1940789  0.06323563 0.05015134 0.07614526
 0.04184572 0.06918705 0.06506229 0.02155005 0.03898972 0.06323563
 0.0650623  0.05595594 0.01184681]
[0.03766809 0.14061461 0.14362052 0.07638954 0.05083114 0.1007567
 0.05514446 0.05677325 0.06220478 0.01963812 0.04503005 0.07638951
 0.06220477 0.0601693  0.01256513]
[0.03801042 0.13199773 0.1431006  0.06348204 0.06014501 0.0600316
 0.04612809 0.09191954 0.07209483 0.02710207 0.05182054 0.06348204
 0.07209484 0.05817237 0.0204182 ]
[0.02678302 0.15290281 0.22731389 0.04392076 0.05328283 0.06840894
 0.04404014 0.06904799 0.06641681 0.01741244 0.04460279 0.04392076
 0.0664168  0.06148162 0.01404824]
[0.03579997 0.12252544 0.1514568  0.05957247 0.06948319 0.07074045
 0.05820808 0.09212285 0.0593952  0.02542544 0.04052689 0.05957247
 0.05939519 0.071606   0.02416952]
[0.03551986 0.14002866 0.12873936 0.06786845 0.04317982 0.08295527
 0.075169   0.07933386 0.06084551 0.02254019 0.04786224 0.06786845
 0.06084552 0.06899088 0.01825298]]