150942
Test: public void test5() throws Throwable { VMSFTPEntryParser vMSFTPEntryParser0 = new VMSFTPEntryParser(); FTPListParseEngine fTPListParseEngine0 = new FTPListParseEngine(vMSFTPEntryParser0); Enumeration<InputStream> enumeration0 = (Enumeration<InputStream>) mock(Enumeration.class, new ViolatedAssumptionAnswer()); doReturn(false).when(enumeration0).hasMoreElements(); SequenceInputStream sequenceInputStream0 = new SequenceInputStream(enumeration0); // Undeclared exception!  fTPListParseEngine0.readServerList((InputStream) sequenceInputStream0, "org.apache.commons.net.ftp.FTPFileFilters");   }
Code: public void readServerList(final InputStream inputStream, final String charsetName) throws IOException { this.entries = new LinkedList<>(); read(inputStream, charsetName); this.parser.preParse(this.entries); resetIterator(); }
[[0.03698335 0.03077373 0.05131208 0.04693555 0.16255584 0.03059465
 0.04650702 0.03849993 0.08257859 0.02088875 0.05621031 0.0958002
 0.023711   0.01817648 0.05131208 0.05131208 0.0359576  0.05131208
 0.05131208 0.01726659]
[0.02527181 0.02527428 0.04436655 0.0451301  0.24307802 0.02530116
 0.03431121 0.02771853 0.08448622 0.01757289 0.0587933  0.09926774
 0.02306565 0.01213954 0.04436655 0.04436655 0.03947103 0.04436655
 0.04436655 0.01728581]
[0.02923278 0.02823163 0.04763994 0.05218649 0.17970292 0.03005798
 0.05123347 0.03277279 0.09561858 0.02170722 0.05270536 0.08420336
 0.03277274 0.02277673 0.04763994 0.04763994 0.03114363 0.04763994
 0.04763994 0.01745469]
[0.03790136 0.03256048 0.04621934 0.04964455 0.17392802 0.03533243
 0.05479184 0.03273363 0.09009016 0.02311285 0.06799062 0.08032595
 0.02384083 0.01915141 0.04621934 0.04621934 0.03247584 0.04621934
 0.04621934 0.01502336]
[0.03951053 0.02949087 0.04710168 0.04668545 0.15832011 0.03543201
 0.05389025 0.03582739 0.0969577  0.02310964 0.06492546 0.08230097
 0.02858483 0.01899913 0.04710168 0.04710168 0.03397655 0.04710168
 0.04710168 0.01648068]
[0.03638765 0.02784574 0.05247523 0.04271469 0.14739542 0.02489231
 0.05258195 0.03118533 0.09002273 0.02420527 0.06732798 0.09535877
 0.02806321 0.01577067 0.05247523 0.05247523 0.04089233 0.05247523
 0.05247523 0.01297984]
[0.03744476 0.0279378  0.05136853 0.05547119 0.15167493 0.02999558
 0.04200298 0.0348924  0.09884457 0.0230108  0.06269174 0.08302929
 0.02509381 0.01604371 0.05136853 0.05136853 0.03958296 0.05136853
 0.05136853 0.01544089]
[0.0243966  0.02226441 0.03722727 0.0470497  0.24094291 0.02154692
 0.03337096 0.03133637 0.09907161 0.02185753 0.07985124 0.09532255
 0.0200504  0.01707372 0.03722727 0.03722727 0.04998844 0.03722728
 0.03722728 0.00974021]
[0.02580783 0.02721259 0.03876772 0.05067074 0.24281134 0.02246523
 0.04072467 0.02877056 0.11028049 0.01943311 0.077658   0.07527712
 0.02380575 0.01359261 0.03876772 0.03876772 0.03344874 0.03876773
 0.03876773 0.01420267]
[0.02751072 0.02241818 0.05157582 0.04192372 0.22059566 0.02628194
 0.04710662 0.0249933  0.10310084 0.01828722 0.06088525 0.06669879
 0.02259299 0.01500383 0.05157582 0.05157582 0.03268979 0.05157581
 0.05157581 0.01203208]
[0.0413536  0.03648637 0.05213389 0.04693538 0.11763296 0.04078554
 0.05729816 0.03526309 0.07208724 0.02853681 0.07106464 0.07110214
 0.03463429 0.02240996 0.05213389 0.05213389 0.03941347 0.05213389
 0.05213389 0.02432692]
[0.03873075 0.03214053 0.05433434 0.03971693 0.13793167 0.03304768
 0.05611044 0.036299   0.08335479 0.02297334 0.07278694 0.07614881
 0.02875654 0.01929464 0.05433434 0.05433434 0.03643082 0.05433434
 0.05433434 0.01460537]
[0.04336987 0.03557105 0.06131625 0.04576512 0.11460429 0.03656746
 0.05127157 0.03058214 0.06584188 0.02814737 0.04997857 0.07061838
 0.03624511 0.02046452 0.06131625 0.06131625 0.04289543 0.06131626
 0.06131626 0.02149593]
[0.03276393 0.03153554 0.04683273 0.05432233 0.178376   0.02681589
 0.05219766 0.02871749 0.10081456 0.02455571 0.06746457 0.07067554
 0.0255276  0.02036428 0.04683273 0.04683273 0.03269267 0.04683273
 0.04683273 0.01901265]
[0.02923278 0.02823163 0.04763994 0.05218649 0.17970292 0.03005798
 0.05123347 0.03277279 0.09561858 0.02170722 0.05270536 0.08420336
 0.03277274 0.02277673 0.04763994 0.04763994 0.03114363 0.04763994
 0.04763994 0.01745469]
[0.02923278 0.02823163 0.04763994 0.05218649 0.17970292 0.03005798
 0.05123347 0.03277279 0.09561858 0.02170722 0.05270536 0.08420336
 0.03277274 0.02277673 0.04763994 0.04763994 0.03114363 0.04763994
 0.04763994 0.01745469]
[0.03913315 0.03531476 0.04986247 0.04604856 0.14915338 0.03868701
 0.05877497 0.04222985 0.0887095  0.02611274 0.06528035 0.05715188
 0.02760885 0.01948359 0.04986247 0.04986247 0.03836672 0.04986247
 0.04986247 0.01863231]
[0.02923278 0.02823163 0.04763994 0.05218649 0.17970292 0.03005798
 0.05123347 0.03277279 0.09561858 0.02170722 0.05270536 0.08420336
 0.03277274 0.02277673 0.04763994 0.04763994 0.03114363 0.04763994
 0.04763994 0.01745469]
[0.02923278 0.02823163 0.04763994 0.05218649 0.17970292 0.03005798
 0.05123347 0.03277279 0.09561858 0.02170722 0.05270536 0.08420336
 0.03277274 0.02277673 0.04763994 0.04763994 0.03114363 0.04763994
 0.04763994 0.01745469]
[0.02665754 0.02579419 0.04798473 0.0478633  0.13359474 0.02492827
 0.04874776 0.03604371 0.11145326 0.02347142 0.07929692 0.09163011
 0.02527705 0.01499836 0.04798473 0.04798473 0.05377539 0.04798473
 0.04798473 0.0165443 ]]