14562
Test: public void test15() throws Throwable { ToStringStyle toStringStyle0 = ToStringStyle.SIMPLE_STYLE; // Undeclared exception!  ReflectionToStringBuilder.toString((Object) null, toStringStyle0);   }
Code: public static String toString(final Object object) { return toString(object, null, false, false, null); }
[[0.05054797 0.13535644 0.06617327 0.07011454 0.0388263  0.08075517
 0.05839083 0.05451734 0.07011454 0.14068669 0.05752483 0.05752483
 0.09990137 0.01956584]
[0.05580132 0.13413021 0.08830575 0.07702067 0.03685656 0.07515159
 0.08182586 0.05167368 0.07702066 0.1429659  0.04084122 0.04084122
 0.07426146 0.0233039 ]
[0.05429556 0.1445215  0.06515338 0.07986337 0.03860138 0.08393049
 0.06644307 0.05326965 0.07986337 0.13976057 0.04249243 0.04249243
 0.09157329 0.01773953]
[0.04540327 0.14868103 0.08673017 0.0773915  0.03399511 0.08121975
 0.06306919 0.05487183 0.0773915  0.12897624 0.04531324 0.04531324
 0.08956926 0.02207469]
[0.04925994 0.13708301 0.0893406  0.06781772 0.03533525 0.08110718
 0.08590487 0.06047279 0.06781773 0.13550489 0.03957547 0.03957547
 0.09439737 0.01680777]
[0.04240441 0.1302185  0.06970789 0.09377568 0.03067783 0.08755083
 0.06457743 0.06369455 0.0937757  0.14640398 0.04350919 0.04350919
 0.0718118  0.01838299]
[0.05605261 0.12352421 0.08877608 0.07843811 0.03337732 0.08207866
 0.07889544 0.06597593 0.07843812 0.12968268 0.04694469 0.04694469
 0.06126236 0.0296091 ]
[0.03558576 0.14769903 0.09175566 0.07633464 0.03316807 0.07231705
 0.05853013 0.05355968 0.07633465 0.15571007 0.04209354 0.04209354
 0.09821784 0.01660041]
[0.04540327 0.14868103 0.08673017 0.0773915  0.03399511 0.08121975
 0.06306919 0.05487183 0.0773915  0.12897624 0.04531324 0.04531324
 0.08956926 0.02207469]
[0.04250874 0.12061167 0.0732486  0.0865008  0.02935207 0.09332939
 0.07179636 0.05181093 0.08650081 0.16247772 0.03733809 0.03733809
 0.08994216 0.01724457]
[0.04428787 0.1309628  0.07899927 0.06841084 0.03258281 0.09897758
 0.07633756 0.06016695 0.06841084 0.158497   0.0440147  0.0440147
 0.08196814 0.01236894]
[0.04428787 0.1309628  0.07899927 0.06841084 0.03258281 0.09897758
 0.07633756 0.06016695 0.06841084 0.158497   0.0440147  0.0440147
 0.08196814 0.01236894]
[0.03592518 0.14381094 0.0651588  0.07561246 0.02767097 0.09159012
 0.06362826 0.06368433 0.07561246 0.181101   0.04499507 0.04499507
 0.07388172 0.01233363]
[0.03925224 0.13621512 0.0720818  0.0777612  0.03713363 0.10191397
 0.07572494 0.07845786 0.0777612  0.12366822 0.04838226 0.04838226
 0.06575748 0.01750786]]