146684
Test: public void test77() throws Throwable { CurrencyValidator currencyValidator0 = new CurrencyValidator(); BigInteger bigInteger0 = BigInteger.ONE; BigDecimal bigDecimal0 = new BigDecimal(2); boolean boolean0 = currencyValidator0.isInRange(bigInteger0, bigDecimal0, bigDecimal0); }
Code: public boolean isInRange(Number value, Number min, Number max) { return (minValue(value, min) && maxValue(value, max)); }
[[0.05628985 0.14260751 0.07808647 0.05511372 0.04204338 0.06297022
 0.04204338 0.03981202 0.07279767 0.06167025 0.07808647 0.05310521
 0.03571162 0.07808647 0.07808647 0.02348931]
[0.03977976 0.21155931 0.07654741 0.04374231 0.03523423 0.05176192
 0.03523423 0.03581645 0.09646639 0.06462981 0.07654741 0.03463534
 0.02676557 0.07654741 0.07654741 0.01818502]
[0.04516516 0.16920504 0.07530469 0.05223625 0.0370507  0.07178029
 0.0370507  0.04174032 0.07203146 0.0548293  0.07530469 0.06039064
 0.03285224 0.07530469 0.07530469 0.02444914]
[0.03730444 0.20932865 0.06768458 0.03942797 0.03716854 0.06438673
 0.03716854 0.0463298  0.11168879 0.05554913 0.06768458 0.0443349
 0.02773347 0.06768458 0.06768458 0.01884067]
[0.05246414 0.15168408 0.07611764 0.04404879 0.03173652 0.06800978
 0.03173652 0.04956961 0.08273733 0.07433683 0.07611764 0.05836302
 0.0315278  0.07611764 0.07611764 0.01931503]
[0.05246501 0.15446496 0.07420265 0.05341396 0.02668181 0.06989942
 0.02668181 0.04809391 0.08558579 0.06200618 0.07420265 0.05326261
 0.0392516  0.07420265 0.07420265 0.03138235]
[0.05246414 0.15168408 0.07611764 0.04404879 0.03173652 0.06800978
 0.03173652 0.04956961 0.08273733 0.07433683 0.07611764 0.05836302
 0.0315278  0.07611764 0.07611764 0.01931503]
[0.05101468 0.1635437  0.06910017 0.06279436 0.03211617 0.06198578
 0.03211617 0.05403858 0.08885116 0.07442424 0.06910017 0.05149372
 0.03585735 0.06910017 0.06910017 0.01536341]
[0.05465186 0.11920647 0.07114235 0.06198161 0.03223095 0.07441447
 0.03223095 0.04870191 0.08888691 0.06276384 0.07114235 0.06132406
 0.04785882 0.07114235 0.07114235 0.0311787 ]
[0.03947662 0.20344853 0.07829231 0.0421613  0.03628389 0.06308951
 0.03628389 0.03867013 0.07800594 0.05717179 0.07829231 0.04312288
 0.02778079 0.07829231 0.07829231 0.02133543]
[0.04516516 0.16920504 0.07530469 0.05223625 0.0370507  0.07178029
 0.0370507  0.04174032 0.07203146 0.0548293  0.07530469 0.06039064
 0.03285224 0.07530469 0.07530469 0.02444914]
[0.03866595 0.19865613 0.07098134 0.04473091 0.03580555 0.05487766
 0.03580555 0.04914892 0.08443277 0.06531827 0.07098134 0.05542724
 0.03317428 0.07098134 0.07098134 0.02003134]
[0.04142952 0.20822237 0.07668686 0.04147715 0.03715793 0.06514886
 0.03715793 0.02989409 0.08231122 0.05300857 0.07668686 0.04300086
 0.02808945 0.07668686 0.07668686 0.02635466]
[0.04516516 0.16920504 0.07530469 0.05223625 0.0370507  0.07178029
 0.0370507  0.04174032 0.07203146 0.0548293  0.07530469 0.06039064
 0.03285224 0.07530469 0.07530469 0.02444914]
[0.04516516 0.16920504 0.07530469 0.05223625 0.0370507  0.07178029
 0.0370507  0.04174032 0.07203146 0.0548293  0.07530469 0.06039064
 0.03285224 0.07530469 0.07530469 0.02444914]
[0.04026299 0.13660516 0.07426311 0.04133796 0.02995115 0.06605199
 0.02995115 0.0516055  0.10944204 0.08966098 0.07426311 0.04962426
 0.03519073 0.07426311 0.07426311 0.02326369]]