131491
Test: public void test9() throws Throwable { AbstractListIteratorDecorator<Integer> abstractListIteratorDecorator0 = null;  abstractListIteratorDecorator0 = new AbstractListIteratorDecorator<Integer>((ListIterator<Integer>) null);   }
Code: public AbstractListIteratorDecorator(final ListIterator<E> iterator) { super(); if (iterator == null) { throw new NullPointerException("ListIterator must not be null"); } this.iterator = iterator; }
[[0.03583109 0.04970574 0.04970574 0.04970574 0.04643653 0.03762568
 0.09644455 0.05381414 0.05689923 0.01941504 0.04643653 0.03622637
 0.01816416 0.04970574 0.08635027 0.03229991 0.03037832 0.05303685
 0.01497335 0.04970574 0.02246016 0.04970574 0.01497335]
[0.02995705 0.05013901 0.05013901 0.05013901 0.04672054 0.04249813
 0.07349817 0.06408592 0.0569315  0.02132708 0.04672054 0.03537614
 0.02270531 0.05013901 0.09566922 0.02422635 0.03792568 0.03762475
 0.01593351 0.05013901 0.03203246 0.05013901 0.01593351]
[0.02995705 0.05013901 0.05013901 0.05013901 0.04672054 0.04249813
 0.07349817 0.06408592 0.0569315  0.02132708 0.04672054 0.03537614
 0.02270531 0.05013901 0.09566922 0.02422635 0.03792568 0.03762475
 0.01593351 0.05013901 0.03203246 0.05013901 0.01593351]
[0.02995705 0.05013901 0.05013901 0.05013901 0.04672054 0.04249813
 0.07349817 0.06408592 0.0569315  0.02132708 0.04672054 0.03537614
 0.02270531 0.05013901 0.09566922 0.02422635 0.03792568 0.03762475
 0.01593351 0.05013901 0.03203246 0.05013901 0.01593351]
[0.03686563 0.04883749 0.04883749 0.04883749 0.05805741 0.04211884
 0.06365327 0.06231012 0.03972646 0.0240794  0.05805741 0.03363618
 0.02074507 0.04883749 0.07629246 0.0335282  0.03814394 0.04779562
 0.0206646  0.04883749 0.03063586 0.0488375  0.0206646 ]
[0.03577467 0.05419686 0.05419686 0.05419686 0.04672989 0.03568901
 0.10312788 0.05810049 0.04816938 0.01687764 0.04672989 0.03376806
 0.01511371 0.05419686 0.06913261 0.02721956 0.03740458 0.05126992
 0.01380227 0.05419687 0.02210694 0.05419687 0.01380226]
[0.02323189 0.0538257  0.0538257  0.0538257  0.04856046 0.03149442
 0.13088645 0.07166301 0.04771434 0.0088905  0.04856046 0.02242016
 0.00897663 0.0538257  0.11399617 0.02000728 0.03107879 0.0365095
 0.00744975 0.05382571 0.01815624 0.05382571 0.00744975]
[0.03400677 0.05029419 0.05029419 0.05029419 0.05823434 0.03704049
 0.1055128  0.05394561 0.04065175 0.01780246 0.05823434 0.02623418
 0.01732052 0.05029419 0.09573559 0.02537617 0.03164637 0.04041211
 0.01795707 0.05029419 0.02016719 0.05029421 0.01795706]
[0.02363246 0.03896648 0.03896648 0.03896648 0.05968476 0.03212513
 0.13037877 0.06563263 0.05873019 0.01537541 0.05968476 0.02878019
 0.0156469  0.03896648 0.13421196 0.02109465 0.035032   0.03720044
 0.01228855 0.03896648 0.02441381 0.03896648 0.01228855]
[0.02787724 0.05134395 0.05134395 0.05134395 0.06098399 0.0271886
 0.12703684 0.06433633 0.05270675 0.0174729  0.06098399 0.02605236
 0.01140706 0.05134395 0.08392428 0.02606413 0.02977666 0.03915411
 0.00952083 0.05134395 0.01792939 0.05134396 0.00952083]
[0.03686563 0.04883749 0.04883749 0.04883749 0.05805741 0.04211884
 0.06365327 0.06231012 0.03972646 0.0240794  0.05805741 0.03363618
 0.02074507 0.04883749 0.07629246 0.0335282  0.03814394 0.04779562
 0.0206646  0.04883749 0.03063586 0.0488375  0.0206646 ]
[0.0275915  0.04547665 0.04547665 0.04547665 0.06899844 0.02999851
 0.09526327 0.0541865  0.04178817 0.01614965 0.06899844 0.0327796
 0.01502109 0.04547665 0.1247541  0.02372105 0.03857929 0.04255893
 0.01153072 0.04547665 0.02369015 0.04547665 0.01153071]
[0.0300519  0.04619562 0.04619562 0.04619562 0.05416671 0.03810997
 0.10226594 0.05597235 0.05562425 0.01696636 0.05416671 0.0335761
 0.01956511 0.04619562 0.10483104 0.02269603 0.03924632 0.04002744
 0.01574698 0.04619563 0.02406612 0.04619563 0.01574698]
[0.02995705 0.05013901 0.05013901 0.05013901 0.04672054 0.04249813
 0.07349817 0.06408592 0.0569315  0.02132708 0.04672054 0.03537614
 0.02270531 0.05013901 0.09566922 0.02422635 0.03792568 0.03762475
 0.01593351 0.05013901 0.03203246 0.05013901 0.01593351]
[0.02804374 0.04371021 0.04371021 0.04371021 0.06191242 0.03420036
 0.10520423 0.06126486 0.04633525 0.01963871 0.06191242 0.03700175
 0.02114016 0.04371021 0.08925672 0.02259928 0.05091694 0.04418113
 0.01424413 0.04371021 0.02564243 0.04371022 0.01424413]
[0.02716966 0.0469539  0.0469539  0.0469539  0.05762439 0.03159315
 0.09188543 0.06046111 0.05638368 0.02069106 0.05762439 0.03537426
 0.01750022 0.0469539  0.09170204 0.02547467 0.04015521 0.05329858
 0.01608136 0.04695389 0.01917602 0.0469539  0.01608135]
[0.03009167 0.05436479 0.05436479 0.05436479 0.04573647 0.02582388
 0.10115157 0.04438758 0.04874823 0.01844733 0.04573647 0.02749531
 0.01413382 0.05436479 0.09899115 0.02617195 0.04016921 0.05252708
 0.01535367 0.05436479 0.02349215 0.05436479 0.01535367]
[0.03807086 0.04259101 0.04259101 0.04259101 0.05433216 0.03277133
 0.11467433 0.05352912 0.05528214 0.01887858 0.05433216 0.03663187
 0.01836851 0.04259101 0.09208807 0.0310014  0.03386166 0.06211329
 0.01319714 0.04259101 0.02212416 0.04259101 0.01319714]
[0.0260656  0.0492323  0.0492323  0.0492323  0.06417713 0.03488886
 0.0999768  0.05551316 0.04493121 0.01643145 0.06417713 0.03498966
 0.01459392 0.0492323  0.07090248 0.02724406 0.04934929 0.0502087
 0.01394602 0.0492323  0.02326472 0.04923231 0.01394602]
[0.02995705 0.05013901 0.05013901 0.05013901 0.04672054 0.04249813
 0.07349817 0.06408592 0.0569315  0.02132708 0.04672054 0.03537614
 0.02270531 0.05013901 0.09566922 0.02422635 0.03792568 0.03762475
 0.01593351 0.05013901 0.03203246 0.05013901 0.01593351]
[0.03863495 0.05468118 0.05468118 0.05468118 0.04241687 0.03448438
 0.08527963 0.05240907 0.04392051 0.02489728 0.04241687 0.0312686
 0.01811265 0.05468118 0.05453094 0.03652304 0.03816077 0.05989243
 0.01864151 0.05468118 0.03168194 0.05468119 0.0186415 ]
[0.02995706 0.05013901 0.05013901 0.05013901 0.04672055 0.04249813
 0.07349819 0.06408592 0.0569315  0.02132709 0.04672055 0.03537614
 0.02270531 0.05013901 0.09566918 0.02422635 0.03792568 0.03762475
 0.01593351 0.05013901 0.03203246 0.05013901 0.01593351]
[0.0260656  0.0492323  0.0492323  0.0492323  0.06417714 0.03488886
 0.09997679 0.05551317 0.04493121 0.01643146 0.06417714 0.03498966
 0.01459393 0.0492323  0.07090245 0.02724406 0.04934929 0.0502087
 0.01394603 0.0492323  0.02326473 0.04923231 0.01394603]]