91413
Test: public void test11() throws Throwable { WeavablePackage weavablePackage0 = new WeavablePackage((Package) null); Class<Annotation> class0 = Annotation.class; boolean boolean0 = weavablePackage0.isAnnotationPresent(class0); }
Code: public boolean isAnnotationPresent(final Class<? extends Annotation> annotationClass) { return getAnnotation(annotationClass) != null; }
[[0.0620263  0.15482163 0.08604641 0.05436954 0.04270566 0.08604641
 0.08604641 0.08254683 0.06824283 0.08604641 0.03384052 0.13086817
 0.02639296]
[0.04145209 0.21509562 0.07932083 0.04079833 0.05479798 0.07932083
 0.07932083 0.10389945 0.06840982 0.07932083 0.02086828 0.11796124
 0.01943389]
[0.04761053 0.17634007 0.07907335 0.05052795 0.05142567 0.07907335
 0.07907335 0.07763731 0.05784293 0.07907335 0.03172939 0.16436273
 0.02622999]
[0.06308919 0.15865014 0.08173764 0.04662985 0.05133067 0.08173764
 0.08173764 0.0886217  0.06461404 0.08173764 0.03337129 0.14178467
 0.02495795]
[0.05016144 0.18057778 0.08121091 0.05742763 0.0403994  0.08121091
 0.08121091 0.09563249 0.06603469 0.0812109  0.03211572 0.1259471
 0.02686014]
[0.04761053 0.17634007 0.07907335 0.05052795 0.05142567 0.07907335
 0.07907335 0.07763731 0.05784293 0.07907335 0.03172939 0.16436273
 0.02622999]
[0.04761053 0.17634007 0.07907335 0.05052795 0.05142567 0.07907335
 0.07907335 0.07763731 0.05784293 0.07907335 0.03172939 0.16436273
 0.02622999]
[0.06075805 0.1307801  0.0784439  0.0640627  0.05323599 0.0784439
 0.0784439  0.10026907 0.06958678 0.07844391 0.04351503 0.12907425
 0.03494237]
[0.04091308 0.2059221  0.08041017 0.03743698 0.0576953  0.08041017
 0.08041017 0.0823407  0.05899538 0.08041017 0.02551906 0.14709091
 0.02244591]
[0.04761053 0.17634007 0.07907335 0.05052795 0.05142567 0.07907335
 0.07907335 0.07763731 0.05784293 0.07907335 0.03172939 0.16436273
 0.02622999]
[0.0436254  0.18776704 0.07639135 0.05516744 0.06111909 0.07639135
 0.07639135 0.10518155 0.06082755 0.07639137 0.01885738 0.14344887
 0.01844024]
[0.05429368 0.17572048 0.09057232 0.05464916 0.05372702 0.09057232
 0.09057232 0.07608679 0.06469499 0.09057233 0.03107661 0.10351919
 0.02394279]
[0.04150505 0.14253609 0.07704523 0.05491016 0.05093366 0.07704523
 0.07704523 0.10998134 0.09160687 0.07704523 0.03069147 0.1461469
 0.02350761]]