11549
Test: public void test6() throws Throwable { FailableLongUnaryOperator<Throwable> failableLongUnaryOperator0 = FailableLongUnaryOperator.identity(); FailableLongUnaryOperator<Throwable> failableLongUnaryOperator1 = failableLongUnaryOperator0.andThen(failableLongUnaryOperator0); FailableLongUnaryOperator<Throwable> failableLongUnaryOperator2 = failableLongUnaryOperator0.compose(failableLongUnaryOperator1); }
Code: default FailableLongUnaryOperator<E> compose(final FailableLongUnaryOperator<E> before) { Objects.requireNonNull(before); return (final long v) -> applyAsLong(before.applyAsLong(v)); }
[[0.13155425 0.07218567 0.07218567 0.07218567 0.07218567 0.10780396
 0.07218567 0.06871224 0.04635868 0.06455766 0.03575345 0.09310433
 0.07218568 0.0190415 ]
[0.11675747 0.07326967 0.07326967 0.07326967 0.07326967 0.08119752
 0.07326967 0.05484526 0.05618875 0.07345947 0.0319791  0.1190711
 0.07326968 0.02688334]
[0.11675747 0.07326967 0.07326967 0.07326967 0.07326967 0.08119752
 0.07326967 0.05484526 0.05618875 0.07345947 0.0319791  0.1190711
 0.07326968 0.02688334]
[0.11675747 0.07326967 0.07326967 0.07326967 0.07326967 0.08119752
 0.07326967 0.05484526 0.05618875 0.07345947 0.0319791  0.1190711
 0.07326968 0.02688334]
[0.11675747 0.07326967 0.07326967 0.07326967 0.07326967 0.08119752
 0.07326967 0.05484526 0.05618875 0.07345947 0.0319791  0.1190711
 0.07326968 0.02688334]
[0.09238745 0.07058579 0.07058579 0.07058579 0.07058579 0.1020338
 0.07058579 0.06460881 0.0603597  0.08563825 0.04398529 0.0930837
 0.0705858  0.03438831]
[0.11675747 0.07326967 0.07326967 0.07326967 0.07326967 0.08119752
 0.07326967 0.05484526 0.05618875 0.07345947 0.0319791  0.1190711
 0.07326968 0.02688334]
[0.1573619  0.07109714 0.07109714 0.07109714 0.07109714 0.08060499
 0.07109714 0.0531341  0.04261749 0.09439108 0.0419532  0.08163798
 0.07109715 0.02171645]
[0.11401764 0.07294576 0.07294576 0.07294576 0.07294576 0.09207425
 0.07294576 0.07575112 0.05126687 0.08524498 0.03199345 0.08910324
 0.07294576 0.02287392]
[0.14634307 0.06946418 0.06946418 0.06946418 0.06946418 0.10763258
 0.06946418 0.05705636 0.0519283  0.07507966 0.03454383 0.08585117
 0.06946419 0.02477995]
[0.12509249 0.07009234 0.07009234 0.07009234 0.07009234 0.12130889
 0.07009234 0.05979872 0.04989836 0.07972542 0.02733987 0.0942478
 0.07009235 0.02203439]
[0.11010592 0.07156824 0.07156824 0.07156824 0.07156824 0.11424082
 0.07156824 0.06534241 0.06048127 0.08201465 0.03088817 0.08479534
 0.07156825 0.02272196]
[0.11675747 0.07326967 0.07326967 0.07326967 0.07326967 0.08119752
 0.07326967 0.05484526 0.05618875 0.07345946 0.0319791  0.1190711
 0.07326967 0.02688334]
[0.10835218 0.06956513 0.06956513 0.06956513 0.06956513 0.11816428
 0.06956513 0.09019791 0.06242017 0.0632042  0.03194043 0.0837803
 0.06956515 0.02454972]]