149376
Test: public void test54() throws Throwable { NNTP nNTP0 = new NNTP(); // Undeclared exception!  nNTP0.authinfoPass("\r\n");   }
Code: public int authinfoPass(final String password) throws IOException { final String passParameter = "PASS " + password; return sendCommand(NNTPCommand.AUTHINFO, passParameter); }
[[0.04438343 0.02714447 0.06157582 0.05631919 0.01928751 0.10171963
 0.02414997 0.0638781  0.03624439 0.05631919 0.06157582 0.0282269
 0.06157582 0.06743859 0.03606945 0.06157582 0.04942591 0.06157582
 0.06157582 0.01993833]
[0.02866963 0.01980326 0.07144013 0.05448825 0.02116619 0.09010404
 0.02366571 0.0699696  0.04033289 0.05448825 0.07144013 0.02414667
 0.07144013 0.04950504 0.03354882 0.07144013 0.04689232 0.07144014
 0.07144014 0.0145786 ]
[0.03518346 0.02245143 0.05808727 0.063241   0.0213842  0.11446349
 0.02492376 0.05928977 0.03496392 0.063241   0.05808727 0.03856163
 0.05808727 0.06238979 0.04869007 0.05808727 0.04279564 0.05808726
 0.05808726 0.01989725]
[0.04426485 0.02324053 0.06141771 0.05020075 0.02286673 0.11754423
 0.02644394 0.07095803 0.03489322 0.05020075 0.06141771 0.02979346
 0.06141771 0.05976434 0.03827237 0.06141771 0.0453965  0.06141771
 0.06141771 0.01765401]
[0.03609294 0.01848657 0.055558   0.05879009 0.01688337 0.12692237
 0.0220307  0.08415874 0.02353642 0.05879009 0.055558   0.02561203
 0.055558   0.07822051 0.04492952 0.055558   0.05600192 0.055558
 0.055558   0.01619673]
[0.03288477 0.01876679 0.05430763 0.05891288 0.01659895 0.1528247
 0.02239421 0.08679988 0.0275921  0.05891288 0.05430763 0.02955477
 0.05430763 0.06651619 0.03073887 0.05430763 0.05516282 0.05430764
 0.05430764 0.01649433]
[0.03420576 0.01870089 0.06478853 0.05939912 0.01752357 0.13072185
 0.02035656 0.06549592 0.0306367  0.05939912 0.06478853 0.02723625
 0.06478853 0.05645273 0.02717811 0.06478853 0.05038065 0.06478852
 0.06478852 0.01358158]
[0.04455072 0.02073595 0.05566676 0.06101657 0.02832629 0.07741407
 0.0309287  0.0776747  0.04398306 0.06101657 0.05566676 0.03736245
 0.05566676 0.05924544 0.04684006 0.05566676 0.05048171 0.05566677
 0.05566677 0.02642311]
[0.04163706 0.01793424 0.06168558 0.06184713 0.0180141  0.10548739
 0.02706017 0.07448571 0.02821105 0.06184713 0.06168558 0.03216174
 0.06168558 0.04579228 0.04026896 0.06168558 0.06065828 0.06168558
 0.06168558 0.01448125]
[0.04426485 0.02324053 0.06141771 0.05020075 0.02286673 0.11754423
 0.02644394 0.07095803 0.03489322 0.05020075 0.06141771 0.02979346
 0.06141771 0.05976434 0.03827237 0.06141771 0.0453965  0.06141771
 0.06141771 0.01765401]
[0.03518346 0.02245143 0.05808727 0.063241   0.0213842  0.11446349
 0.02492376 0.05928977 0.03496392 0.063241   0.05808727 0.03856163
 0.05808727 0.06238979 0.04869007 0.05808727 0.04279564 0.05808726
 0.05808726 0.01989725]
[0.04556815 0.02727193 0.06440455 0.05376546 0.02874879 0.06927875
 0.02982796 0.05321036 0.0384453  0.05376546 0.06440455 0.03828336
 0.06440455 0.06157528 0.04073023 0.06440455 0.05034773 0.06440455
 0.06440455 0.02275391]
[0.03518346 0.02245143 0.05808727 0.063241   0.0213842  0.11446349
 0.02492376 0.05928977 0.03496392 0.063241   0.05808727 0.03856163
 0.05808727 0.06238979 0.04869007 0.05808727 0.04279564 0.05808726
 0.05808726 0.01989725]
[0.03526984 0.01924336 0.05698783 0.07872787 0.01838186 0.10772474
 0.02338189 0.08996462 0.03574475 0.07872787 0.05698783 0.02416383
 0.05698783 0.05679984 0.02631119 0.05698783 0.04996151 0.05698783
 0.05698783 0.01366982]
[0.04263848 0.0225165  0.05722252 0.06502971 0.02433856 0.10320254
 0.03013092 0.06331838 0.04036978 0.06502971 0.05722252 0.03100602
 0.05722252 0.05964487 0.03681439 0.05722252 0.05108526 0.05722252
 0.05722252 0.02153974]
[0.03518346 0.02245143 0.05808727 0.063241   0.0213842  0.11446349
 0.02492376 0.05928977 0.03496392 0.063241   0.05808727 0.03856163
 0.05808727 0.06238979 0.04869007 0.05808727 0.04279564 0.05808726
 0.05808726 0.01989725]
[0.03095445 0.01781021 0.06010099 0.06510851 0.01868925 0.11136995
 0.02506115 0.06380587 0.02887303 0.06510851 0.06010099 0.03046331
 0.06010099 0.07753539 0.04291878 0.06010099 0.04437663 0.06010099
 0.06010099 0.01731903]
[0.03518346 0.02245143 0.05808727 0.063241   0.0213842  0.11446349
 0.02492376 0.05928977 0.03496392 0.063241   0.05808727 0.03856163
 0.05808727 0.06238979 0.04869007 0.05808727 0.04279564 0.05808726
 0.05808726 0.01989725]
[0.03518346 0.02245143 0.05808727 0.063241   0.0213842  0.11446349
 0.02492376 0.05928977 0.03496392 0.063241   0.05808727 0.03856163
 0.05808727 0.06238979 0.04869007 0.05808727 0.04279564 0.05808726
 0.05808726 0.01989725]
[0.03025865 0.02236316 0.05444933 0.05533223 0.0210563  0.12650158
 0.02666182 0.09011026 0.02830362 0.05533223 0.05444933 0.02870267
 0.05444933 0.06640795 0.03382228 0.05444933 0.06965507 0.05444933
 0.05444933 0.01879615]]