166390
Test: public void test120() throws Throwable { Double double0 = new Double(2874.9); Double double1 = PropertyConverter.toDouble(double0); }
Code: public static Double toDouble(final Object value) throws ConversionException { final Number n = toNumber(value, Double.class); if (n instanceof Double) { return (Double) n; } return Double.valueOf(n.doubleValue()); }
[[0.03012379 0.08426087 0.03205579 0.04178635 0.02318175 0.03770909
 0.07379211 0.04178635 0.03685553 0.0237426  0.02136692 0.02075417
 0.0187432  0.04178635 0.04459301 0.08086001 0.01970189 0.01378878
 0.04178635 0.03685553 0.03274347 0.04178635 0.06118917 0.0121104
 0.03274348 0.04178636 0.0121104 ]
[0.03098754 0.07918503 0.02938228 0.04218552 0.02097899 0.03023086
 0.06363337 0.04218552 0.05096383 0.0222912  0.01953162 0.01857581
 0.02003843 0.04218552 0.04890719 0.08421145 0.01840258 0.01496492
 0.04218552 0.05096383 0.0290739  0.04218552 0.05732571 0.01408223
 0.02907391 0.04218553 0.01408223]
[0.02919871 0.08576816 0.02778146 0.04365572 0.01838663 0.03751847
 0.08272287 0.04365572 0.03958487 0.02129935 0.0172802  0.02355639
 0.02025149 0.04365572 0.04054896 0.08780636 0.01670573 0.01648128
 0.04365572 0.03958487 0.0341639  0.04365572 0.04500167 0.01013023
 0.0341639  0.04365572 0.01013023]
[0.02534973 0.08461249 0.03630638 0.04293136 0.01923297 0.04235486
 0.08157921 0.04293136 0.0367508  0.02344535 0.01892767 0.02232673
 0.02651315 0.04293136 0.04434669 0.06149198 0.02286742 0.02079126
 0.04293136 0.0367508  0.03067683 0.04293136 0.05193682 0.0127369
 0.03067684 0.04293136 0.0127369 ]
[0.02843346 0.08079484 0.03056889 0.03841856 0.02020958 0.03076258
 0.09967838 0.03841856 0.05283971 0.02016391 0.015554   0.01797897
 0.01969881 0.03841856 0.04116632 0.09014453 0.01335454 0.01655287
 0.03841856 0.05283971 0.03486929 0.03841856 0.04873064 0.01013913
 0.0348693  0.03841857 0.01013913]
[0.02784674 0.08869369 0.03167142 0.04228983 0.0180146  0.03469672
 0.08882622 0.04228983 0.04316649 0.02170345 0.01808246 0.01922841
 0.02020649 0.04228983 0.04458501 0.08061944 0.01382014 0.01308858
 0.04228983 0.04316649 0.03281086 0.04228983 0.05135134 0.01093582
 0.03281086 0.04228983 0.01093582]
[0.02147304 0.0736368  0.02589851 0.03946764 0.01976363 0.04599991
 0.10983099 0.03946764 0.04676124 0.01717372 0.01749657 0.0168278
 0.01866302 0.03946764 0.04630579 0.09582585 0.01357701 0.01245858
 0.03946764 0.04676124 0.03416513 0.03946764 0.04748533 0.00946241
 0.03416514 0.03946766 0.0094624 ]
[0.02534973 0.08461249 0.03630638 0.04293136 0.01923297 0.04235486
 0.08157921 0.04293136 0.0367508  0.02344535 0.01892767 0.02232673
 0.02651315 0.04293136 0.04434669 0.06149198 0.02286742 0.02079126
 0.04293136 0.0367508  0.03067683 0.04293136 0.05193682 0.0127369
 0.03067684 0.04293136 0.0127369 ]
[0.03136621 0.07155532 0.03647375 0.04244463 0.01867834 0.03525215
 0.05611373 0.04244463 0.0473957  0.03067699 0.01751812 0.02145325
 0.02597519 0.04244463 0.04494404 0.05442102 0.02547303 0.02284883
 0.04244463 0.0473957  0.03649484 0.04244463 0.05040979 0.01719566
 0.03649484 0.04244464 0.01719566]
[0.02743814 0.08043332 0.03265689 0.04436327 0.02044106 0.02577133
 0.07512435 0.04436327 0.04329931 0.01797404 0.01840635 0.0178399
 0.02130733 0.04436327 0.04165572 0.09272802 0.01975469 0.01528892
 0.04436327 0.04329931 0.03981442 0.04436327 0.04336756 0.00870265
 0.03981442 0.04436327 0.00870265]
[0.02848163 0.06669314 0.02757064 0.04145816 0.01946957 0.03586932
 0.09680644 0.04145816 0.04384926 0.0199808  0.01685347 0.01929261
 0.01930074 0.04145816 0.04597361 0.08594473 0.0197463  0.01514909
 0.04145816 0.04384926 0.04015467 0.04145816 0.04546125 0.01032493
 0.04015467 0.04145817 0.01032493]
[0.02539719 0.07410971 0.03018889 0.0431626  0.0189763  0.03562546
 0.10156511 0.0431626  0.04250385 0.01840936 0.01768424 0.0208455
 0.0166594  0.0431626  0.04270783 0.08416978 0.01514246 0.01499649
 0.0431626  0.04250385 0.03798797 0.0431626  0.04469724 0.00943291
 0.03798798 0.04316261 0.00943291]
[0.03243849 0.07532586 0.03321572 0.04593897 0.02084754 0.0358298
 0.04885346 0.04593897 0.03462397 0.02725447 0.01814187 0.02462624
 0.02631566 0.04593897 0.0465075  0.07140669 0.0225426  0.01844665
 0.04593897 0.03462397 0.03522342 0.04593897 0.05209285 0.01541303
 0.03522342 0.04593898 0.01541302]
[0.02534973 0.08461249 0.03630638 0.04293136 0.01923297 0.04235486
 0.08157921 0.04293136 0.0367508  0.02344535 0.01892767 0.02232673
 0.02651315 0.04293136 0.04434669 0.06149198 0.02286742 0.02079126
 0.04293136 0.0367508  0.03067683 0.04293136 0.05193682 0.0127369
 0.03067684 0.04293136 0.0127369 ]
[0.02577544 0.07348087 0.03645697 0.04268181 0.02041022 0.04273608
 0.08439856 0.04268181 0.04452899 0.02278763 0.02222824 0.02306776
 0.01732564 0.04268181 0.04311367 0.07397951 0.01504277 0.01486278
 0.04268181 0.04452899 0.03260423 0.04268181 0.05130904 0.01133379
 0.03260423 0.04268181 0.01133379]
[0.019112   0.10456072 0.0265942  0.04664375 0.01485854 0.02875403
 0.11371125 0.04664375 0.03486564 0.01328561 0.0127397  0.01307207
 0.01449932 0.04664375 0.0437559  0.10577576 0.02084175 0.01205351
 0.04664375 0.03486564 0.02484141 0.04664375 0.04600422 0.00555241
 0.02484141 0.04664376 0.00555241]
[0.02874367 0.08596401 0.03474696 0.03701952 0.02198103 0.0337824
 0.10189091 0.03701952 0.0402353  0.02190981 0.01620193 0.01586503
 0.01791976 0.03701952 0.0377196  0.09421962 0.01695588 0.01902328
 0.03701952 0.0402353  0.03911649 0.03701952 0.05441824 0.00891859
 0.03911649 0.03701953 0.00891859]
[0.02470979 0.10913028 0.02953386 0.03894195 0.02045503 0.04483848
 0.08432959 0.03894195 0.03696031 0.02113917 0.02044456 0.01428568
 0.01852762 0.03894195 0.04451236 0.07792446 0.01582997 0.0138491
 0.03894195 0.03696031 0.03041756 0.03894195 0.06999291 0.01104483
 0.03041756 0.03894196 0.01104483]
[0.02534973 0.08461249 0.03630638 0.04293136 0.01923297 0.04235486
 0.08157921 0.04293136 0.0367508  0.02344535 0.01892767 0.02232673
 0.02651315 0.04293136 0.04434669 0.06149198 0.02286742 0.02079126
 0.04293136 0.0367508  0.03067683 0.04293136 0.05193682 0.0127369
 0.03067684 0.04293136 0.0127369 ]
[0.03136621 0.07155532 0.03647375 0.04244463 0.01867834 0.03525215
 0.05611373 0.04244463 0.0473957  0.03067699 0.01751812 0.02145325
 0.02597519 0.04244463 0.04494404 0.05442102 0.02547303 0.02284883
 0.04244463 0.0473957  0.03649484 0.04244463 0.05040979 0.01719566
 0.03649484 0.04244464 0.01719566]
[0.02114771 0.09068135 0.02562306 0.04444956 0.01977143 0.037591
 0.08556085 0.04444956 0.03665414 0.01881014 0.01695679 0.01642121
 0.02038908 0.04444956 0.04266618 0.09024641 0.01740456 0.01456338
 0.04444956 0.03665414 0.03150805 0.04444956 0.05857908 0.01028304
 0.03150806 0.04444957 0.01028304]
[0.02534973 0.08461249 0.03630638 0.04293136 0.01923297 0.04235486
 0.08157921 0.04293136 0.0367508  0.02344535 0.01892767 0.02232673
 0.02651315 0.04293136 0.04434669 0.06149198 0.02286742 0.02079126
 0.04293136 0.0367508  0.03067683 0.04293136 0.05193682 0.0127369
 0.03067684 0.04293136 0.0127369 ]
[0.02786952 0.08055276 0.0379543  0.03871543 0.02262807 0.04792774
 0.06681935 0.03871543 0.04148879 0.02473438 0.02398496 0.02209418
 0.01875977 0.03871543 0.05056779 0.06705573 0.01775989 0.01657114
 0.03871543 0.04148879 0.03675321 0.03871543 0.06348479 0.01122956
 0.03675322 0.03871543 0.01122955]
[0.02111609 0.08277513 0.03073858 0.04041697 0.02090217 0.02572102
 0.08933543 0.04041697 0.0489112  0.01867085 0.01360999 0.01877374
 0.01851257 0.04041697 0.053252   0.08031692 0.0132348  0.01378992
 0.04041697 0.0489112  0.04457002 0.04041697 0.04821936 0.01078359
 0.04457002 0.04041698 0.01078359]
[0.02114771 0.09068134 0.02562306 0.04444956 0.01977143 0.037591
 0.08556085 0.04444956 0.03665413 0.01881014 0.01695678 0.0164212
 0.02038907 0.04444956 0.04266618 0.09024639 0.01740455 0.01456338
 0.04444956 0.03665413 0.03150805 0.04444956 0.05857907 0.01028304
 0.03150805 0.04444956 0.01028304]
[0.02534973 0.08461248 0.03630637 0.04293136 0.01923298 0.04235487
 0.08157922 0.04293136 0.03675081 0.02344535 0.01892768 0.02232674
 0.02651315 0.04293136 0.04434669 0.06149198 0.02286743 0.02079126
 0.04293136 0.03675081 0.03067683 0.04293136 0.05193684 0.0127369
 0.03067683 0.04293136 0.0127369 ]
[0.02111609 0.08277511 0.03073858 0.04041696 0.02090217 0.02572101
 0.08933542 0.04041696 0.0489112  0.01867085 0.01360999 0.01877374
 0.01851257 0.04041696 0.053252   0.0803169  0.0132348  0.01378993
 0.04041696 0.0489112  0.04457002 0.04041696 0.04821936 0.01078359
 0.04457002 0.04041697 0.01078359]]