11627
Test: public void test72() throws Throwable { Supplier<IntStream> supplier0 = Failable.asSupplier((FailableSupplier<IntStream, ?>) null); }
Code: public static <T> Supplier<T> asSupplier(final FailableSupplier<T, ?> supplier) { return () -> get(supplier); }
[[0.05068004 0.13631764 0.11870914 0.07029806 0.07029806 0.07029806
 0.06034933 0.07029806 0.05889106 0.05470272 0.03482826 0.11433852
 0.07029808 0.01969304]
[0.05156347 0.12840906 0.14348938 0.07061501 0.07061501 0.07061501
 0.04382856 0.07061501 0.08086023 0.04810894 0.03385001 0.094197
 0.07061502 0.02261825]
[0.04738963 0.1127893  0.13791642 0.07096765 0.07096765 0.07096765
 0.04684078 0.07096765 0.0819886  0.05241518 0.02798082 0.1191123
 0.07096767 0.01872871]
[0.04191795 0.14043058 0.12530234 0.0709009  0.0709009  0.0709009
 0.05343854 0.0709009  0.06126698 0.05073987 0.03304454 0.11816011
 0.07090092 0.02119456]
[0.04191795 0.14043058 0.12530234 0.0709009  0.0709009  0.0709009
 0.05343854 0.0709009  0.06126698 0.05073987 0.03304454 0.11816011
 0.07090092 0.02119456]
[0.04191795 0.14043058 0.12530234 0.0709009  0.0709009  0.0709009
 0.05343854 0.0709009  0.06126698 0.05073987 0.03304454 0.11816011
 0.07090092 0.02119456]
[0.04435879 0.13097644 0.14704394 0.06666186 0.06666186 0.06666186
 0.06792151 0.06666186 0.07553691 0.06141133 0.03076834 0.08886047
 0.06666186 0.01981299]
[0.04191795 0.14043058 0.12530234 0.0709009  0.0709009  0.0709009
 0.05343854 0.0709009  0.06126698 0.05073987 0.03304454 0.11816011
 0.07090092 0.02119456]
[0.05308469 0.12282383 0.11284131 0.07080877 0.07080877 0.07080877
 0.05222493 0.07080877 0.08251197 0.06146406 0.03615899 0.09530038
 0.07080878 0.029546  ]
[0.0345631  0.14452566 0.1398089  0.07380414 0.07380414 0.07380414
 0.05626162 0.07380414 0.05753748 0.05190218 0.03225052 0.09785254
 0.07380415 0.01627729]
[0.04123858 0.16035785 0.12396039 0.07256538 0.07256538 0.07256538
 0.04561818 0.07256538 0.0682729  0.06592248 0.0248967  0.09322891
 0.07256539 0.01367704]
[0.05230107 0.12715988 0.12795183 0.0695018  0.0695018  0.0695018
 0.05031073 0.0695018  0.08952145 0.05975628 0.03796728 0.08786906
 0.0695018  0.01965337]
[0.04191796 0.14043057 0.12530236 0.0709009  0.0709009  0.0709009
 0.05343853 0.0709009  0.06126698 0.05073987 0.03304454 0.11816011
 0.0709009  0.02119456]
[0.03504386 0.13317585 0.16338836 0.06770058 0.06770058 0.06770058
 0.05041093 0.06770058 0.07756037 0.07292353 0.02525081 0.08645033
 0.06770059 0.01729309]]