79141
Test: public void test1() throws Throwable { FMUL fMUL0 = new FMUL(); InstructionList instructionList0 = new InstructionList(fMUL0); LOOKUPSWITCH lOOKUPSWITCH0 = new LOOKUPSWITCH(); BranchHandle branchHandle0 = instructionList0.insert((BranchInstruction) lOOKUPSWITCH0); int int0 = branchHandle0.updatePosition((-705), (-705)); }
Code: protected int updatePosition( final int offset, final int max_offset ) { i_position += offset; return 0; }
[[0.07185706 0.02232318 0.06083111 0.03286064 0.02232318 0.17125466
 0.03286064 0.02232318 0.06083111 0.0641046  0.07375953 0.06083111
 0.09242084 0.07939258 0.04870047 0.06841493 0.01491117]
[0.06846452 0.01948214 0.06964973 0.03765842 0.01948214 0.13636523
 0.03765842 0.01948214 0.06964973 0.09655738 0.06340472 0.06964973
 0.09107187 0.08664938 0.0443489  0.0568918  0.01353379]
[0.0728403  0.02135536 0.05528329 0.03348586 0.02135536 0.19410425
 0.03348586 0.02135536 0.05528329 0.08282371 0.05704648 0.05528329
 0.09990089 0.07917604 0.0408132  0.05729842 0.01910909]
[0.05398264 0.0183842  0.06399527 0.02799143 0.0183842  0.19777158
 0.02799143 0.0183842  0.06399527 0.08668519 0.07161427 0.06399527
 0.08237245 0.07778857 0.06082948 0.05175473 0.01407983]
[0.06846452 0.01948214 0.06964973 0.03765842 0.01948214 0.13636523
 0.03765842 0.01948214 0.06964973 0.09655738 0.06340472 0.06964973
 0.09107187 0.08664938 0.0443489  0.0568918  0.01353379]
[0.06970442 0.02584856 0.06743538 0.03377303 0.02584856 0.13556394
 0.03377303 0.02584856 0.06743538 0.06177037 0.06973525 0.06743538
 0.08716757 0.07662829 0.05265165 0.0803258  0.01905479]
[0.05398264 0.0183842  0.06399527 0.02799143 0.0183842  0.19777158
 0.02799143 0.0183842  0.06399527 0.08668519 0.07161427 0.06399527
 0.08237245 0.07778857 0.06082948 0.05175473 0.01407983]
[0.06846452 0.01948214 0.06964973 0.03765842 0.01948214 0.13636523
 0.03765842 0.01948214 0.06964973 0.09655738 0.06340472 0.06964973
 0.09107187 0.08664938 0.0443489  0.0568918  0.01353379]
[0.0728403  0.02135536 0.05528329 0.03348586 0.02135536 0.19410425
 0.03348586 0.02135536 0.05528329 0.08282371 0.05704648 0.05528329
 0.09990089 0.07917604 0.0408132  0.05729842 0.01910909]
[0.06223514 0.02758135 0.05602499 0.04139248 0.02758135 0.1469104
 0.04139248 0.02758135 0.05602499 0.07258938 0.0930845  0.05602499
 0.07727206 0.07000203 0.04931738 0.07199737 0.02298781]
[0.08470381 0.0213697  0.05746629 0.04518957 0.0213697  0.1602904
 0.04518957 0.0213697  0.05746629 0.07990795 0.07929477 0.05746629
 0.07309829 0.0565098  0.05196327 0.06028956 0.02705501]
[0.0728403  0.02135536 0.05528329 0.03348586 0.02135536 0.19410425
 0.03348586 0.02135536 0.05528329 0.08282371 0.05704648 0.05528329
 0.09990089 0.07917604 0.0408132  0.05729842 0.01910909]
[0.05318914 0.01966947 0.0649152  0.03403246 0.01966947 0.1773712
 0.03403246 0.01966947 0.0649152  0.06441239 0.07903703 0.0649152
 0.10169996 0.08716459 0.0366012  0.06391626 0.01478928]
[0.07121981 0.01745545 0.05602237 0.03427704 0.01745545 0.18977562
 0.03427704 0.01745545 0.05602237 0.07522288 0.0735759  0.05602237
 0.09533506 0.06700975 0.05194286 0.07142708 0.01550351]
[0.07405932 0.01672957 0.05651912 0.02731134 0.01672957 0.20603612
 0.02731134 0.01672957 0.05651912 0.07550642 0.06066202 0.05651912
 0.11727056 0.07895429 0.04181394 0.05488374 0.01644481]
[0.06408361 0.02438328 0.06250575 0.04054688 0.02438328 0.15997301
 0.04054688 0.02438328 0.06250575 0.07113227 0.07838806 0.06250575
 0.07284559 0.0605813  0.05472934 0.07567324 0.02083265]
[0.06396483 0.02235311 0.05497169 0.02717392 0.02235311 0.18938512
 0.02717392 0.02235311 0.05497169 0.08252966 0.08020342 0.05497169
 0.07308362 0.07617361 0.06604869 0.06521089 0.01707791]]