80440
Test: public void test857() throws Throwable { boolean boolean0 = FileSystemHandling.appendLineToFile((EvoSuiteFile) null, ", low = "); boolean boolean1 = FileSystemHandling.appendLineToFile((EvoSuiteFile) null, "indt"); String string0 = Utility.methodTypeToSignature("indt", (String[]) null); String string1 = Utility.methodTypeToSignature("indt", (String[]) null); String string2 = Utility.methodSignatureReturnType("()Lindt;", false); byte[] byteArray0 = new byte[9]; byteArray0[0] = (byte) (-78); byteArray0[1] = (byte) (-78); byteArray0[2] = (byte) (-78); byteArray0[3] = (byte) (-78); byteArray0[4] = (byte) (-78); byteArray0[5] = (byte) (-78); byteArray0[6] = (byte) (-78); byteArray0[7] = (byte) (-78); byteArray0[8] = (byte)16; ByteSequence byteSequence0 = new ByteSequence(byteArray0); Constant[] constantArray0 = new Constant[9]; ConstantLong constantLong0 = new ConstantLong((byte) (-78)); ConstantLong constantLong1 = new ConstantLong(constantLong0); constantArray0[0] = (Constant) constantLong1; ConstantInterfaceMethodref constantInterfaceMethodref0 = new ConstantInterfaceMethodref((-311), 251); ConstantInterfaceMethodref constantInterfaceMethodref1 = new ConstantInterfaceMethodref(constantInterfaceMethodref0); constantArray0[1] = (Constant) constantInterfaceMethodref1; ConstantFloat constantFloat0 = new ConstantFloat(0.75F); constantArray0[2] = (Constant) constantFloat0; ConstantFieldref constantFieldref0 = new ConstantFieldref(62, (-539)); }
Code: public static String methodSignatureReturnType( final String signature ) throws ClassFormatException { return methodSignatureReturnType(signature, true); }
[[0.04461472 0.13167427 0.05741764 0.06189127 0.03568307 0.05741764
 0.05590473 0.07726023 0.10641018 0.06189127 0.05852193 0.04898085
 0.06189128 0.12164341 0.0187975 ]
[0.04604369 0.12271872 0.06900875 0.06205222 0.03389296 0.06900875
 0.05098066 0.07211237 0.09521274 0.06205221 0.08167294 0.04360774
 0.06205223 0.10743109 0.02215288]
[0.04474428 0.13181075 0.05193095 0.06358493 0.03404523 0.05193095
 0.05781775 0.07326601 0.12032653 0.06358493 0.06489509 0.04508742
 0.06358494 0.11684366 0.01654656]
[0.03524262 0.12240937 0.06475902 0.05885543 0.03393805 0.06475902
 0.07402639 0.08229367 0.11410196 0.05885543 0.05568266 0.04276978
 0.05885544 0.11451374 0.01893741]
[0.04015097 0.11950263 0.06125579 0.06106208 0.02694212 0.06125579
 0.05173993 0.08375795 0.10410646 0.06106207 0.06936851 0.05842599
 0.06106208 0.1267003  0.0136073 ]
[0.04474428 0.13181075 0.05193095 0.06358493 0.03404523 0.05193095
 0.05781775 0.07326601 0.12032653 0.06358493 0.06489509 0.04508742
 0.06358494 0.11684366 0.01654656]
[0.0413544  0.12001874 0.0603735  0.06205485 0.03754256 0.0603735
 0.05583782 0.07570043 0.08268368 0.06205484 0.08190509 0.05361363
 0.06205485 0.12383839 0.02059372]
[0.04349658 0.1012926  0.06807157 0.05998087 0.04178729 0.06807157
 0.05753075 0.07071167 0.08981282 0.05998087 0.0881827  0.05073053
 0.05998087 0.11808122 0.02228807]
[0.03114714 0.11413752 0.05796253 0.05295017 0.0258158  0.05796253
 0.05125831 0.05942453 0.14853926 0.05295018 0.07846992 0.05154781
 0.05295019 0.14975503 0.01512902]
[0.03524262 0.12240937 0.06475902 0.05885543 0.03393805 0.06475902
 0.07402639 0.08229367 0.11410196 0.05885543 0.05568266 0.04276978
 0.05885544 0.11451374 0.01893741]
[0.04657555 0.10926302 0.06813082 0.06123374 0.04571169 0.06813082
 0.06229051 0.07674341 0.08243588 0.06123374 0.07439582 0.05366593
 0.06123375 0.10264581 0.02630948]
[0.02906016 0.13503659 0.06434369 0.05780213 0.02673357 0.06434369
 0.06684044 0.07210585 0.10840959 0.05780213 0.05707844 0.04214535
 0.05780215 0.14486733 0.01562884]
[0.03524263 0.12240937 0.06475902 0.05885543 0.03393804 0.06475902
 0.07402641 0.08229364 0.11410198 0.05885543 0.05568266 0.04276979
 0.05885544 0.11451375 0.01893741]
[0.04205503 0.11297626 0.06178521 0.06665496 0.04077472 0.06178521
 0.0594058  0.07690486 0.10151431 0.06665496 0.06401853 0.04491978
 0.06665496 0.11539815 0.01849729]
[0.03050109 0.12722445 0.05587576 0.05723856 0.02747912 0.05587576
 0.03837886 0.08035666 0.12854207 0.05723856 0.07724296 0.06628495
 0.05723857 0.12384523 0.01667738]]