15027
Test: public void test4() throws Throwable { MockDate mockDate0 = new MockDate(2929, 1001, 2929, 1001, 2929); MockDate mockDate1 = new MockDate(2929, 1001, 1001); Date date0 = DateUtils.setSeconds(mockDate1, 1001); }
Code: public static Date setSeconds(final Date date, final int amount) { return set(date, Calendar.SECOND, amount); }
[[0.05701035 0.15341444 0.02567704 0.07907884 0.02567704 0.13458414
 0.04447699 0.03799369 0.0934807  0.06628689 0.06154042 0.07907884
 0.04046015 0.07907885 0.02216157]
[0.05598045 0.1401067  0.02064668 0.07657701 0.02064668 0.13781323
 0.03982138 0.02994412 0.12288512 0.08860723 0.05228622 0.076577
 0.03680593 0.07657702 0.02472522]
[0.04780168 0.15054649 0.02561079 0.07361536 0.02561079 0.16197063
 0.03804343 0.03390853 0.08701807 0.0873276  0.06999565 0.07361536
 0.03376227 0.07361537 0.01755791]
[0.04530522 0.15181921 0.02450078 0.0766231  0.02450078 0.14352256
 0.04207017 0.0298535  0.12801221 0.06625704 0.05484105 0.0766231
 0.03653042 0.07662311 0.02291775]
[0.04780168 0.15054649 0.02561079 0.07361536 0.02561079 0.16197063
 0.03804343 0.03390853 0.08701807 0.0873276  0.06999565 0.07361536
 0.03376227 0.07361537 0.01755791]
[0.03901159 0.18312863 0.01629571 0.07684939 0.01629571 0.15549913
 0.03969439 0.02487645 0.083406   0.09606265 0.07246663 0.07684939
 0.0286357  0.07684939 0.01407927]
[0.05174271 0.1515225  0.02409728 0.08399865 0.02409728 0.12954251
 0.03383914 0.02362682 0.09757906 0.08112612 0.07506742 0.08399865
 0.03942844 0.08399866 0.01633479]
[0.03476229 0.19562994 0.01827156 0.09350829 0.01827156 0.12997222
 0.04495402 0.02674584 0.08322613 0.0689163  0.05493148 0.0935083
 0.02791284 0.09350831 0.01588097]
[0.04820394 0.18318048 0.01899925 0.06809881 0.01899925 0.14970009
 0.04861029 0.02959868 0.09724408 0.08385176 0.06922288 0.06809881
 0.03181694 0.06809881 0.01627589]
[0.05756978 0.12872577 0.02878648 0.07945518 0.02878648 0.0995415
 0.05616661 0.02847382 0.11119716 0.0835107  0.06743763 0.07945518
 0.04054932 0.0794552  0.03088927]
[0.03772767 0.16467296 0.01923374 0.07838754 0.01923374 0.20039359
 0.03380346 0.02369433 0.08715367 0.06725547 0.05589069 0.07838754
 0.03701672 0.07838756 0.01876131]
[0.04530522 0.15181921 0.02450078 0.0766231  0.02450078 0.14352256
 0.04207017 0.0298535  0.12801221 0.06625704 0.05484105 0.0766231
 0.03653042 0.07662311 0.02291775]
[0.05553223 0.17139265 0.01855476 0.08576819 0.01855476 0.13365495
 0.04551355 0.030905   0.09161289 0.08088873 0.05363934 0.08576819
 0.02870038 0.08576819 0.01374623]
[0.04530523 0.15181921 0.02450079 0.0766231  0.02450079 0.14352253
 0.04207017 0.0298535  0.12801223 0.06625705 0.05484105 0.0766231
 0.03653043 0.07662311 0.02291776]
[0.03859679 0.15084296 0.01688899 0.0739437  0.01688899 0.15794906
 0.03409689 0.02967414 0.10855386 0.08900882 0.08135319 0.0739437
 0.03467016 0.07394371 0.01964503]]