14944
Test: public void test9() throws Throwable { ComparableUtils.ComparableCheckBuilder<String> comparableUtils_ComparableCheckBuilder0 = ComparableUtils.is("26|VM9m"); boolean boolean0 = comparableUtils_ComparableCheckBuilder0.greaterThanOrEqualTo("L'u$$u"); }
Code: public static <A extends Comparable<A>> ComparableCheckBuilder<A> is(final A a) { return new ComparableCheckBuilder<>(a); }
[[0.05776994 0.15935703 0.08013459 0.03612606 0.08013459 0.08013459
 0.08013459 0.06900229 0.09242639 0.06940107 0.0626359  0.02966339
 0.0801346  0.02294497]
[0.05759691 0.15078896 0.0779614  0.03623454 0.0779614  0.0779614
 0.0779614  0.06453629 0.09590759 0.09896655 0.05433049 0.02478113
 0.07796141 0.02705052]
[0.04696932 0.15987968 0.07900577 0.04706011 0.07900577 0.07900577
 0.07900577 0.07062911 0.09262791 0.07107766 0.05691839 0.03540974
 0.07900579 0.02439916]
[0.05241013 0.12699282 0.08568382 0.03836799 0.08568382 0.08568382
 0.08568382 0.05893758 0.08739482 0.08935066 0.06599758 0.02640627
 0.08568383 0.02572308]
[0.04696932 0.15987968 0.07900577 0.04706011 0.07900577 0.07900577
 0.07900577 0.07062911 0.09262791 0.07107766 0.05691839 0.03540974
 0.07900579 0.02439916]
[0.04696932 0.15987968 0.07900577 0.04706011 0.07900577 0.07900577
 0.07900577 0.07062911 0.09262791 0.07107766 0.05691839 0.03540974
 0.07900579 0.02439916]
[0.04696932 0.15987968 0.07900577 0.04706011 0.07900577 0.07900577
 0.07900577 0.07062911 0.09262791 0.07107766 0.05691839 0.03540974
 0.07900579 0.02439916]
[0.04788885 0.13780275 0.0752339  0.05533304 0.0752339  0.0752339
 0.0752339  0.07407443 0.11288968 0.08743991 0.06056814 0.02824539
 0.07523391 0.01958817]
[0.04404598 0.2052376  0.07319233 0.0445395  0.07319233 0.07319233
 0.07319233 0.06685436 0.10588624 0.07146361 0.05637722 0.02342087
 0.07319234 0.01621294]
[0.05769233 0.13562904 0.07567845 0.04937804 0.07567845 0.07567845
 0.07567845 0.07093831 0.08412507 0.0925356  0.06642503 0.03222134
 0.07567847 0.032663  ]
[0.03773159 0.16425198 0.07853341 0.04648253 0.07853341 0.07853341
 0.07853341 0.06661075 0.12779318 0.06698054 0.05594486 0.02283724
 0.07853343 0.0187003 ]
[0.04812867 0.14185911 0.07582972 0.04557915 0.07582972 0.07582972
 0.07582972 0.06957816 0.10968253 0.08235215 0.06757767 0.03183921
 0.07582974 0.02425467]
[0.04696932 0.15987968 0.07900578 0.04706011 0.07900578 0.07900578
 0.07900578 0.07062912 0.09262791 0.07107767 0.0569184  0.03540974
 0.07900579 0.02439916]
[0.03969234 0.16489238 0.07458682 0.04651994 0.07458682 0.07458682
 0.07458682 0.0643727  0.08171137 0.09994269 0.08609265 0.02223527
 0.07458682 0.02160665]]