150375
Test: public void test158() throws Throwable { FTPClient fTPClient0 = new FTPClient();  fTPClient0.getSystemName();   }
Code: public String getSystemName() throws IOException { if (systemName == null && FTPReply.isPositiveCompletion(syst())) { systemName = _replyLines.get(_replyLines.size() - 1).substring(4); } return systemName; }
[[0.03399552 0.04331782 0.04716282 0.07884303 0.0181711  0.04765468
 0.09187026 0.04716282 0.05295821 0.03816063 0.02210081 0.04716282
 0.04765468 0.04716282 0.02153917 0.04716282 0.10590713 0.04716283
 0.0149933  0.03770062 0.04716283 0.0149933 ]
[0.03349679 0.03824684 0.04680376 0.08927825 0.01965366 0.05221014
 0.09721645 0.04680376 0.04276088 0.02753812 0.02442142 0.04680376
 0.05221014 0.04680376 0.02260666 0.04680376 0.11240171 0.04680376
 0.01307687 0.03417893 0.04680376 0.01307687]
[0.02839509 0.05129756 0.04700252 0.09227724 0.01991808 0.04717173
 0.0703943  0.04700252 0.05341885 0.03077315 0.02071393 0.04700252
 0.04717173 0.04700252 0.030977   0.04700252 0.11220025 0.04700252
 0.01587641 0.03452065 0.04700252 0.0158764 ]
[0.02317179 0.04208392 0.03866692 0.10868779 0.01558693 0.06017256
 0.10343949 0.03866692 0.03493174 0.03017755 0.01985561 0.03866692
 0.06017256 0.03866692 0.02076192 0.03866692 0.14862126 0.03866692
 0.01149195 0.03868458 0.03866693 0.01149195]
[0.02526513 0.04397283 0.04793349 0.09685735 0.01475035 0.04715316
 0.1049647  0.04793349 0.04939518 0.02593465 0.02000941 0.04793349
 0.04715316 0.04793349 0.0200148  0.04793349 0.11232055 0.04793348
 0.00986638 0.03694155 0.04793349 0.00986638]
[0.03619613 0.05162036 0.04665907 0.06360525 0.02459468 0.05989878
 0.06211639 0.04665907 0.03833752 0.02923686 0.03186346 0.04665907
 0.05989878 0.04665907 0.03021059 0.04665907 0.1026766  0.04665908
 0.02084836 0.04143432 0.04665909 0.02084836]
[0.02075902 0.04448008 0.04526044 0.11994998 0.01450542 0.04949104
 0.11923385 0.04526044 0.04039824 0.02207061 0.0112246  0.04526044
 0.04949104 0.04526044 0.01674815 0.04526044 0.13242027 0.04526044
 0.0073482  0.02770813 0.04526045 0.0073482 ]
[0.02839509 0.05129756 0.04700252 0.09227724 0.01991808 0.04717173
 0.0703943  0.04700252 0.05341885 0.03077315 0.02071393 0.04700252
 0.04717173 0.04700252 0.030977   0.04700252 0.11220025 0.04700252
 0.01587641 0.03452065 0.04700252 0.0158764 ]
[0.02148581 0.05724528 0.03410241 0.09985282 0.01710659 0.05848904
 0.11808802 0.03410241 0.05260815 0.02592334 0.01761594 0.03410241
 0.05848904 0.03410241 0.02247577 0.03410241 0.15264814 0.03410241
 0.01184118 0.03557288 0.03410241 0.01184118]
[0.02873563 0.04121375 0.04370383 0.09067407 0.01829434 0.06842963
 0.0896595  0.04370383 0.04515253 0.02638735 0.0224095  0.04370383
 0.06842963 0.04370383 0.02535797 0.04370383 0.10180809 0.04370383
 0.01041063 0.04669983 0.04370383 0.01041063]
[0.02572042 0.04671075 0.04752403 0.0910258  0.01926835 0.0513981
 0.07930739 0.04752403 0.04461538 0.03116323 0.01747439 0.04752403
 0.0513981  0.04752403 0.02197315 0.04752403 0.12148638 0.04752403
 0.01644092 0.03290848 0.04752403 0.01644091]
[0.02839509 0.05129756 0.04700252 0.09227724 0.01991808 0.04717173
 0.0703943  0.04700252 0.05341885 0.03077315 0.02071393 0.04700252
 0.04717173 0.04700252 0.030977   0.04700252 0.11220025 0.04700252
 0.01587641 0.03452065 0.04700252 0.0158764 ]
[0.03619613 0.05162036 0.04665907 0.06360525 0.02459468 0.05989878
 0.06211639 0.04665907 0.03833752 0.02923686 0.03186346 0.04665907
 0.05989878 0.04665907 0.03021059 0.04665907 0.1026766  0.04665908
 0.02084836 0.04143432 0.04665909 0.02084836]
[0.02839509 0.05129756 0.04700252 0.09227724 0.01991808 0.04717173
 0.0703943  0.04700252 0.05341885 0.03077315 0.02071393 0.04700252
 0.04717173 0.04700252 0.030977   0.04700252 0.11220025 0.04700252
 0.01587641 0.03452065 0.04700252 0.0158764 ]
[0.03763301 0.04461493 0.05322896 0.05701346 0.02412055 0.04253233
 0.08330791 0.05322896 0.04246697 0.03097176 0.03202308 0.05322896
 0.04253233 0.05322896 0.03121025 0.05322896 0.08075616 0.05322896
 0.01845113 0.04131238 0.05322897 0.01845113]
[0.02839509 0.05129756 0.04700252 0.09227724 0.01991808 0.04717173
 0.0703943  0.04700252 0.05341885 0.03077315 0.02071393 0.04700252
 0.04717173 0.04700252 0.030977   0.04700252 0.11220025 0.04700252
 0.01587641 0.03452065 0.04700252 0.0158764 ]
[0.03502859 0.04499917 0.04997592 0.07607937 0.02206492 0.05622981
 0.07902016 0.04997592 0.04211778 0.03378279 0.0281399  0.04997592
 0.05622981 0.04997592 0.02562799 0.04997592 0.08138484 0.04997592
 0.01673634 0.03599071 0.04997592 0.01673634]
[0.02839509 0.05129756 0.04700252 0.09227724 0.01991808 0.04717173
 0.0703943  0.04700252 0.05341885 0.03077315 0.02071393 0.04700252
 0.04717173 0.04700252 0.030977   0.04700252 0.11220025 0.04700252
 0.01587641 0.03452065 0.04700252 0.0158764 ]
[0.02352003 0.04305128 0.0432996  0.09875564 0.0196281  0.06440499
 0.0916381  0.0432996  0.04109569 0.02637244 0.02061471 0.0432996
 0.06440499 0.0432996  0.02169822 0.0432996  0.10186798 0.04329959
 0.01366876 0.05251319 0.0432996  0.01366876]
[0.02388855 0.05102319 0.04671463 0.08687797 0.01912148 0.04855992
 0.09732616 0.04671463 0.04499139 0.02933985 0.01699675 0.04671463
 0.04855992 0.04671463 0.02346797 0.04671463 0.12205352 0.04671463
 0.01321356 0.03436375 0.04671464 0.01321356]
[0.02839509 0.05129755 0.04700252 0.09227726 0.01991808 0.04717174
 0.07039431 0.04700252 0.05341884 0.03077315 0.02071393 0.04700252
 0.04717174 0.04700252 0.030977   0.04700252 0.11220025 0.04700252
 0.01587641 0.03452065 0.04700252 0.0158764 ]
[0.02352003 0.04305128 0.04329959 0.09875563 0.0196281  0.06440499
 0.09163807 0.04329959 0.04109568 0.02637244 0.02061471 0.04329959
 0.06440499 0.04329959 0.02169821 0.04329959 0.10186797 0.04329959
 0.01366876 0.05251318 0.0432996  0.01366876]]