29233
Test: public void test22() throws Throwable { IllegalArgumentException illegalArgumentException0 = Vectors.illegalNorm(2444341.506721); }
Code: public static IllegalArgumentException illegalNorm(final double norm) { return new IllegalArgumentException("Illegal norm: " + norm); }
[[0.05066777 0.14332129 0.07706721 0.0702849  0.08790589 0.0702849
 0.06290364 0.05518682 0.02587611 0.0702849  0.0702849  0.08412968
 0.04094777 0.0702849  0.02056932]
[0.05245265 0.1371466  0.07943175 0.07102004 0.08129871 0.07102004
 0.08992206 0.04946391 0.02256013 0.07102004 0.07102004 0.06750432
 0.04052753 0.07102005 0.0245921 ]
[0.03523868 0.19316651 0.07644776 0.06176906 0.07502496 0.06176906
 0.08457962 0.06835417 0.01999119 0.06176906 0.06176906 0.08087934
 0.04057293 0.06176907 0.0168996 ]
[0.04171662 0.14482886 0.08287892 0.06967866 0.07813686 0.06967866
 0.06584722 0.0506248  0.03168682 0.06967866 0.06967866 0.076396
 0.05709161 0.06967868 0.02239896]
[0.04054369 0.16237229 0.07581517 0.07397415 0.09004215 0.07397415
 0.06451475 0.05989677 0.02028445 0.07397415 0.07397415 0.07156082
 0.02759444 0.07397416 0.01750468]
[0.04171662 0.14482886 0.08287892 0.06967866 0.07813686 0.06967866
 0.06584722 0.0506248  0.03168682 0.06967866 0.06967866 0.076396
 0.05709161 0.06967868 0.02239896]
[0.05242877 0.12252158 0.0767614  0.06921045 0.07103296 0.06921045
 0.08311439 0.06049265 0.02942345 0.06921045 0.06921045 0.07399771
 0.05468072 0.06921047 0.02949405]
[0.03537486 0.1552631  0.06178259 0.0732288  0.07761213 0.0732288
 0.06361444 0.05231024 0.02136815 0.0732288  0.0732288  0.10034338
 0.04847225 0.07322881 0.01771483]
[0.04412863 0.1310928  0.06950714 0.06868739 0.08511195 0.06868739
 0.07750787 0.06201704 0.02896313 0.06868739 0.06868739 0.08811904
 0.04743789 0.06868741 0.02267754]
[0.04171662 0.14482886 0.08287892 0.06967866 0.07813686 0.06967866
 0.06584722 0.0506248  0.03168682 0.06967866 0.06967866 0.076396
 0.05709161 0.06967868 0.02239896]
[0.04171662 0.14482886 0.08287892 0.06967866 0.07813686 0.06967866
 0.06584722 0.0506248  0.03168682 0.06967866 0.06967866 0.076396
 0.05709161 0.06967868 0.02239896]
[0.04307077 0.13630518 0.07548232 0.07185072 0.09778711 0.07185072
 0.08820472 0.05765463 0.02091631 0.07185072 0.07185072 0.0766062
 0.03058132 0.07185074 0.01413774]
[0.05110503 0.15022314 0.06872492 0.0719687  0.07700796 0.0719687
 0.06713901 0.05938443 0.02596011 0.0719687  0.0719687  0.07486912
 0.04227874 0.07196871 0.02346395]
[0.04171662 0.14482886 0.08287892 0.06967866 0.07813685 0.06967866
 0.06584722 0.05062481 0.03168682 0.06967866 0.06967866 0.07639599
 0.05709162 0.06967867 0.02239897]
[0.03513001 0.14507757 0.08511835 0.06614204 0.07886927 0.06614204
 0.08771338 0.07598256 0.01967553 0.06614204 0.06614204 0.08437408
 0.03834979 0.06614205 0.01899928]]