13969
Test: public void test19() throws Throwable { // Undeclared exception!  TypeUtils.getImplicitLowerBounds((WildcardType) null);   }
Code: public static Type[] getImplicitLowerBounds(final WildcardType wildcardType) { Validate.notNull(wildcardType, "wildcardType"); final Type[] bounds = wildcardType.getLowerBounds(); return bounds.length == 0 ? new Type[] { null } : bounds; }
[[0.02951684 0.09047589 0.01843378 0.04094873 0.10769939 0.04094873
 0.04064112 0.04094873 0.04094873 0.02386134 0.01843378 0.05130524
 0.01865459 0.04094873 0.03264299 0.04094873 0.0461911  0.02350739
 0.05131068 0.01479834 0.01843378 0.04064112 0.03332374 0.01285714
 0.02777348 0.04094874 0.01285713]
[0.03034242 0.0844809  0.0178744  0.04044213 0.10780998 0.04044213
 0.05806533 0.04044213 0.04044213 0.02288532 0.0178744  0.04329624
 0.01966739 0.04044213 0.0290279  0.04044213 0.03787671 0.02526676
 0.04599728 0.01327654 0.0178744  0.05806533 0.02806098 0.01547512
 0.02821252 0.04044213 0.01547512]
[0.02915896 0.0693907  0.01879585 0.03948952 0.11644239 0.03948952
 0.05933522 0.03948952 0.03948952 0.02335226 0.01879585 0.03832223
 0.01883048 0.03948952 0.04051747 0.03948952 0.03578784 0.02117716
 0.06250665 0.01545363 0.01879585 0.05933522 0.03255928 0.00886169
 0.027293   0.03948952 0.00886169]
[0.02477232 0.08916528 0.02006327 0.04082718 0.09573961 0.04082718
 0.04214049 0.04082718 0.04082718 0.02473338 0.02006327 0.05232132
 0.02723499 0.04082718 0.03014241 0.04082718 0.04641738 0.02608401
 0.05502094 0.01908137 0.02006327 0.04214049 0.02668041 0.01411534
 0.02411479 0.0408272  0.01411534]
[0.02090013 0.09099604 0.0159362  0.04254059 0.11547967 0.04254059
 0.04983518 0.04254059 0.04254059 0.02140125 0.0159362  0.05279852
 0.02027027 0.04254059 0.03638439 0.04254059 0.03736358 0.02344934
 0.04541846 0.01201242 0.0159362  0.04983518 0.02721885 0.01268287
 0.02567823 0.04254059 0.01268287]
[0.02477232 0.08916528 0.02006327 0.04082718 0.09573961 0.04082718
 0.04214049 0.04082718 0.04082718 0.02473338 0.02006327 0.05232132
 0.02723499 0.04082718 0.03014241 0.04082718 0.04641738 0.02608401
 0.05502094 0.01908137 0.02006327 0.04214049 0.02668041 0.01411534
 0.02411479 0.0408272  0.01411534]
[0.03151564 0.07595388 0.02178459 0.04023163 0.0864741  0.04023163
 0.05303669 0.04023163 0.04023163 0.03103817 0.02178459 0.0463491
 0.02634406 0.04023163 0.03596103 0.04023163 0.0331765  0.03527783
 0.0395094  0.0172412  0.02178459 0.05303669 0.02530836 0.01832302
 0.02615607 0.04023164 0.01832301]
[0.02477232 0.08916528 0.02006327 0.04082718 0.09573961 0.04082718
 0.04214049 0.04082718 0.04082718 0.02473338 0.02006327 0.05232132
 0.02723499 0.04082718 0.03014241 0.04082718 0.04641738 0.02608401
 0.05502094 0.01908137 0.02006327 0.04214049 0.02668041 0.01411534
 0.02411479 0.0408272  0.01411534]
[0.02477232 0.08916528 0.02006327 0.04082718 0.09573961 0.04082718
 0.04214049 0.04082718 0.04082718 0.02473338 0.02006327 0.05232132
 0.02723499 0.04082718 0.03014241 0.04082718 0.04641738 0.02608401
 0.05502094 0.01908137 0.02006327 0.04214049 0.02668041 0.01411534
 0.02411479 0.0408272  0.01411534]
[0.02825843 0.08438505 0.02256033 0.04237977 0.09971692 0.04237977
 0.04975037 0.04237977 0.04237977 0.01906094 0.02256033 0.05308077
 0.02184338 0.04237977 0.04114588 0.04237977 0.04149075 0.02045704
 0.04939971 0.0124794  0.02256033 0.04975037 0.02289192 0.00971173
 0.02252619 0.04237978 0.00971173]
[0.02915896 0.0693907  0.01879585 0.03948952 0.11644239 0.03948952
 0.05933522 0.03948952 0.03948952 0.02335226 0.01879585 0.03832223
 0.01883048 0.03948952 0.04051747 0.03948952 0.03578784 0.02117716
 0.06250665 0.01545363 0.01879585 0.05933522 0.03255928 0.00886169
 0.027293   0.03948952 0.00886169]
[0.02856693 0.08648853 0.02086259 0.04415061 0.08062552 0.04415061
 0.04612204 0.04415061 0.04415061 0.02528667 0.02086259 0.04939885
 0.02072432 0.04415061 0.03421945 0.04415061 0.04179632 0.02513255
 0.04909837 0.01682197 0.02086259 0.04612204 0.02514131 0.01388712
 0.02503879 0.04415062 0.01388712]
[0.03263447 0.08052038 0.01636904 0.04615385 0.07730194 0.04615385
 0.03706362 0.04615385 0.04615385 0.02749691 0.01636904 0.05818916
 0.02711679 0.04615385 0.03585939 0.04615385 0.03677964 0.03080104
 0.04480982 0.01536853 0.01636904 0.03706362 0.02685731 0.01604393
 0.02786549 0.04615385 0.01604393]
[0.02477232 0.08916528 0.02006327 0.04082718 0.09573961 0.04082718
 0.04214049 0.04082718 0.04082718 0.02473338 0.02006327 0.05232132
 0.02723499 0.04082718 0.03014241 0.04082718 0.04641738 0.02608401
 0.05502094 0.01908137 0.02006327 0.04214049 0.02668041 0.01411534
 0.02411479 0.0408272  0.01411534]
[0.02036681 0.09700684 0.01629733 0.03976659 0.1627563  0.03976659
 0.04152634 0.03976659 0.03976659 0.01893721 0.01629733 0.0478715
 0.02001589 0.03976659 0.02927623 0.03976659 0.03827903 0.02193344
 0.05435839 0.01204671 0.01629733 0.04152634 0.02496078 0.01129355
 0.01929298 0.03976659 0.01129355]
[0.02477232 0.08916528 0.02006327 0.04082718 0.09573961 0.04082718
 0.04214049 0.04082718 0.04082718 0.02473338 0.02006327 0.05232132
 0.02723499 0.04082718 0.03014241 0.04082718 0.04641738 0.02608401
 0.05502094 0.01908137 0.02006327 0.04214049 0.02668041 0.01411534
 0.02411479 0.0408272  0.01411534]
[0.01925109 0.11729769 0.01524841 0.03009427 0.17192206 0.03009427
 0.05387693 0.03009427 0.03009427 0.01848148 0.01524841 0.05294137
 0.02023543 0.03009427 0.03197205 0.03009427 0.04686232 0.01855127
 0.05375096 0.01297005 0.01524841 0.05387693 0.02291104 0.01084246
 0.02700929 0.03009427 0.01084246]
[0.02479606 0.10175696 0.01605498 0.03694209 0.1318813  0.03694209
 0.04747567 0.03694209 0.03694209 0.02331416 0.01605498 0.05114996
 0.01671752 0.03694209 0.03892452 0.03694209 0.04514822 0.0235614
 0.06025714 0.0126242  0.01605498 0.04747567 0.02587836 0.00972455
 0.02283013 0.0369421  0.00972455]
[0.02412325 0.07976834 0.01634175 0.03738273 0.16625114 0.03738273
 0.0626287  0.03738273 0.03738273 0.01909114 0.01634175 0.04454762
 0.01564865 0.03738273 0.03370871 0.03738273 0.02952277 0.01686516
 0.05113328 0.01104582 0.01634175 0.0626287  0.02277688 0.01170705
 0.02614139 0.03738273 0.01170705]
[0.02533996 0.07708267 0.01674997 0.03796116 0.13937    0.03796116
 0.04803412 0.03796116 0.03796116 0.02047672 0.01674997 0.05045916
 0.02009334 0.03796116 0.03571051 0.03796116 0.04495776 0.02266768
 0.04819699 0.01622616 0.01674997 0.04803412 0.02962787 0.0137957
 0.03015345 0.03796117 0.0137957 ]
[0.02915896 0.0693907  0.01879585 0.03948952 0.11644239 0.03948952
 0.05933522 0.03948952 0.03948952 0.02335226 0.01879585 0.03832223
 0.01883048 0.03948952 0.04051747 0.03948952 0.03578784 0.02117716
 0.06250665 0.01545363 0.01879585 0.05933522 0.03255928 0.00886169
 0.027293   0.03948952 0.00886169]
[0.03151564 0.07595388 0.02178459 0.04023163 0.0864741  0.04023163
 0.05303669 0.04023163 0.04023163 0.03103817 0.02178459 0.0463491
 0.02634406 0.04023163 0.03596103 0.04023163 0.0331765  0.03527783
 0.0395094  0.0172412  0.02178459 0.05303669 0.02530836 0.01832302
 0.02615607 0.04023164 0.01832301]
[0.0254754  0.07437489 0.01818975 0.0386593  0.11448742 0.0386593
 0.06250647 0.0386593  0.0386593  0.02081962 0.01818975 0.0495351
 0.02263985 0.0386593  0.04163304 0.0386593  0.03991544 0.02439289
 0.05488624 0.01796777 0.01818975 0.06250647 0.02326606 0.00943785
 0.02153329 0.0386593  0.00943785]
[0.02142203 0.09350627 0.01936989 0.03958198 0.09065565 0.03958198
 0.05782416 0.03958198 0.03958198 0.01957605 0.01936989 0.06237911
 0.01967194 0.03958198 0.04758736 0.03958198 0.03735884 0.02302925
 0.05250154 0.01202117 0.01936989 0.05782416 0.024089   0.01230992
 0.02075003 0.03958199 0.01230992]
[0.03004911 0.0824585  0.02064756 0.0367476  0.09896306 0.0367476
 0.04583515 0.0367476  0.0367476  0.02174255 0.02064756 0.05937552
 0.0230918  0.0367476  0.03787005 0.0367476  0.03715249 0.03159869
 0.0684973  0.01524422 0.02064756 0.04583515 0.03068013 0.01593828
 0.02055391 0.0367476  0.01593828]
[0.02477233 0.08916529 0.02006327 0.04082719 0.0957396  0.04082719
 0.0421405  0.04082719 0.04082719 0.02473338 0.02006327 0.05232132
 0.02723499 0.04082719 0.03014242 0.04082719 0.04641738 0.02608402
 0.05502094 0.01908137 0.02006327 0.0421405  0.02668041 0.01411534
 0.0241148  0.0408272  0.01411534]
[0.02142204 0.09350625 0.01936989 0.03958198 0.09065565 0.03958198
 0.05782417 0.03958198 0.03958198 0.01957605 0.01936989 0.06237914
 0.01967193 0.03958198 0.04758736 0.03958198 0.03735884 0.02302925
 0.05250154 0.01202118 0.01936989 0.05782417 0.024089   0.01230992
 0.02075003 0.03958199 0.01230992]]