151466
Test: public void test21() throws Throwable { BasicDynaBean basicDynaBean0 = new BasicDynaBean((DynaClass) null); Map<String, Object> map0 = basicDynaBean0.getMap(); Map<String, Object> map1 = basicDynaBean0.getMap(); }
Code: public Map<String, Object> getMap() { // cache the Map if (mapDecorator == null) { mapDecorator = new DynaBeanPropertyMapDecorator(this); } return mapDecorator; }
[[0.03490192 0.06329674 0.15105608 0.03633734 0.04273133 0.04841439
 0.05454382 0.02143948 0.03621404 0.09368879 0.04841439 0.05613722
 0.0192495  0.04273133 0.04841439 0.02171809 0.01786584 0.04841439
 0.01403786 0.03794082 0.04841439 0.01403785]
[0.02276917 0.05987391 0.14562815 0.03200714 0.04387129 0.05814693
 0.05245933 0.02348445 0.02532253 0.11124112 0.05814693 0.05131757
 0.01004847 0.04387129 0.05814693 0.02174394 0.01083215 0.05814694
 0.01109115 0.03261248 0.05814694 0.01109115]
[0.03278897 0.06921752 0.15062755 0.03861614 0.05266751 0.04879129
 0.0508632  0.02558861 0.03578216 0.08466105 0.04879129 0.04293859
 0.01942264 0.05266751 0.04879129 0.02183689 0.01976222 0.04879129
 0.01222776 0.03414744 0.04879129 0.01222776]
[0.02708672 0.07046851 0.15214895 0.03317708 0.04170255 0.05413543
 0.05037029 0.02569002 0.03355796 0.09551124 0.05413543 0.04221647
 0.01532716 0.04170255 0.05413543 0.02125371 0.01439395 0.05413544
 0.01048129 0.04375308 0.05413545 0.01048129]
[0.03605677 0.0641068  0.12439699 0.03819303 0.05283006 0.04952926
 0.06225212 0.02336615 0.0397396  0.06277672 0.04952926 0.03976617
 0.02432748 0.05283006 0.04952926 0.02978473 0.02086275 0.04952926
 0.01944796 0.04216839 0.04952926 0.01944796]
[0.02975714 0.06193054 0.15205342 0.03445892 0.04116263 0.05075335
 0.06124543 0.02416122 0.03258331 0.07168432 0.05075335 0.05754049
 0.02089405 0.04116263 0.05075335 0.03070175 0.02209633 0.05075335
 0.0144214  0.03595825 0.05075336 0.0144214 ]
[0.02517046 0.06093793 0.17022067 0.03905199 0.06397564 0.04467478
 0.04677468 0.02398361 0.02813936 0.09052821 0.04467478 0.04822962
 0.01414409 0.06397564 0.04467478 0.02149635 0.01570538 0.04467478
 0.00945631 0.04537983 0.04467479 0.00945631]
[0.03303096 0.07576455 0.1643341  0.04075828 0.05002357 0.04489405
 0.04762352 0.02882549 0.03422667 0.09078686 0.04489405 0.04442861
 0.01707074 0.05002357 0.04489405 0.02369487 0.01621749 0.04489405
 0.01112607 0.03646839 0.04489406 0.01112607]
[0.03514294 0.06271082 0.16041148 0.03316639 0.04718379 0.0481053
 0.04416493 0.02550852 0.03461068 0.08971709 0.0481053  0.04836931
 0.01787317 0.04718379 0.0481053  0.02092403 0.01860608 0.04810529
 0.01568845 0.04252358 0.0481053  0.01568845]
[0.02145845 0.05435611 0.227429   0.02132875 0.03829548 0.05276592
 0.05943301 0.0140857  0.02389429 0.11844432 0.05276592 0.04647743
 0.00832937 0.03829548 0.05276592 0.0162063  0.00802319 0.05276594
 0.00613766 0.02783814 0.05276594 0.00613766]
[0.02975714 0.06193054 0.15205342 0.03445892 0.04116263 0.05075335
 0.06124543 0.02416122 0.03258331 0.07168432 0.05075335 0.05754049
 0.02089405 0.04116263 0.05075335 0.03070175 0.02209633 0.05075335
 0.0144214  0.03595825 0.05075336 0.0144214 ]
[0.02208967 0.06466495 0.20072946 0.03114137 0.04792127 0.03888853
 0.05959732 0.02107561 0.02402934 0.12270086 0.03888853 0.05636174
 0.01450223 0.04792127 0.03888853 0.02229949 0.01429018 0.03888853
 0.01024111 0.03575039 0.03888853 0.01024111]
[0.02645236 0.05650404 0.15003562 0.03217147 0.0556762  0.04975469
 0.05450914 0.02383721 0.03042563 0.1211488  0.04975469 0.05058638
 0.01683215 0.0556762  0.04975469 0.01687181 0.01085251 0.0497547
 0.00882739 0.03199219 0.0497547  0.00882739]
[0.03605677 0.0641068  0.12439699 0.03819303 0.05283006 0.04952926
 0.06225212 0.02336615 0.0397396  0.06277672 0.04952926 0.03976617
 0.02432748 0.05283006 0.04952926 0.02978473 0.02086275 0.04952926
 0.01944796 0.04216839 0.04952926 0.01944796]
[0.02975714 0.06193054 0.15205342 0.03445892 0.04116263 0.05075335
 0.06124543 0.02416122 0.03258331 0.07168432 0.05075335 0.05754049
 0.02089405 0.04116263 0.05075335 0.03070175 0.02209633 0.05075335
 0.0144214  0.03595825 0.05075336 0.0144214 ]
[0.03943042 0.05527619 0.10474011 0.03807023 0.0417429  0.05585053
 0.04789559 0.02710392 0.03672939 0.08673009 0.05585053 0.04522524
 0.02571759 0.0417429  0.05585053 0.03188879 0.01839911 0.05585053
 0.01865226 0.04275036 0.05585054 0.01865226]
[0.03089166 0.05163351 0.12521164 0.03734715 0.05212942 0.04897781
 0.04435386 0.024468   0.03182591 0.10725248 0.04897781 0.06010462
 0.01803373 0.05212942 0.04897781 0.02503858 0.02051993 0.04897781
 0.01540815 0.04335475 0.04897782 0.01540815]
[0.02975714 0.06193054 0.15205342 0.03445892 0.04116263 0.05075335
 0.06124543 0.02416122 0.03258331 0.07168432 0.05075335 0.05754049
 0.02089405 0.04116263 0.05075335 0.03070175 0.02209633 0.05075335
 0.0144214  0.03595825 0.05075336 0.0144214 ]
[0.02525278 0.06999341 0.13154449 0.03929395 0.05890258 0.04826381
 0.04772436 0.02513814 0.03085462 0.09614103 0.04826381 0.04325168
 0.01602736 0.05890258 0.04826381 0.02218371 0.01412134 0.04826381
 0.01296451 0.05341977 0.04826382 0.01296451]
[0.02367322 0.05786939 0.18477911 0.03574484 0.04123864 0.0496566
 0.0517697  0.0185021  0.0371051  0.10089016 0.0496566  0.04895766
 0.01439251 0.04123864 0.0496566  0.02283662 0.01436936 0.0496566
 0.01155733 0.03523526 0.04965661 0.01155733]
[0.02975715 0.06193054 0.15205339 0.03445892 0.04116263 0.05075335
 0.06124546 0.02416122 0.03258331 0.07168433 0.05075335 0.05754048
 0.02089405 0.04116263 0.05075335 0.03070175 0.02209634 0.05075335
 0.0144214  0.03595825 0.05075335 0.0144214 ]
[0.02525278 0.06999339 0.13154452 0.03929395 0.05890259 0.04826381
 0.04772437 0.02513814 0.03085463 0.09614101 0.04826381 0.04325169
 0.01602737 0.05890259 0.04826381 0.02218371 0.01412134 0.04826381
 0.01296451 0.05341978 0.04826382 0.01296451]]