8200
Test: public void test37() throws Throwable { boolean boolean0 = CharUtils.isAsciiAlphaUpper('7'); }
Code: public static boolean isAsciiAlphaUpper(final char ch) { return ch >= 'A' && ch <= 'Z'; }
[[0.04323983 0.13084197 0.10691527 0.05998572 0.06231246 0.04503503
 0.05856431 0.04769938 0.07376085 0.03629856 0.032663   0.02781448
 0.07376085 0.12250049 0.05998572 0.01862208]
[0.04183622 0.1180587  0.12159038 0.05556538 0.06118028 0.0282888
 0.08191328 0.04015071 0.07964884 0.03754674 0.0258892  0.03085485
 0.07964884 0.12054256 0.05556538 0.02171983]
[0.02861706 0.11460917 0.14045192 0.05409288 0.06048984 0.02406885
 0.07679879 0.04882338 0.06953692 0.02626581 0.01684617 0.02005178
 0.06953692 0.18157408 0.05409288 0.01414358]
[0.03197094 0.11432595 0.11659526 0.05282155 0.07461249 0.02866608
 0.05366549 0.03888251 0.09256904 0.03355225 0.02700333 0.02334005
 0.09256904 0.14858046 0.05282155 0.01802402]
[0.02744573 0.12415657 0.11351402 0.046772   0.06143267 0.02376079
 0.06961106 0.04466713 0.08428077 0.02102728 0.01823124 0.02130097
 0.08428077 0.19623137 0.046772   0.01651565]
[0.02737201 0.10615858 0.10531845 0.04707043 0.08775356 0.02596476
 0.07165011 0.03707946 0.07315017 0.02723287 0.01874771 0.02198631
 0.07315017 0.21795994 0.04707043 0.01233506]
[0.04612517 0.10929303 0.10047871 0.05999487 0.06633286 0.03331876
 0.0751265  0.05295748 0.06986551 0.03514704 0.02873225 0.04040937
 0.06986551 0.12602302 0.05999487 0.02633502]
[0.0263728  0.12693694 0.12764314 0.05107721 0.05291919 0.03158432
 0.05462394 0.03776334 0.08087828 0.0278334  0.02183979 0.0189032
 0.08087828 0.19485486 0.05107721 0.01481413]
[0.04108926 0.11081529 0.1120414  0.05273588 0.06173422 0.02362672
 0.0809067  0.0417759  0.07862066 0.0278708  0.02193025 0.02590529
 0.07862066 0.1753459  0.05273588 0.01424528]
[0.03362324 0.10637857 0.12038583 0.05478883 0.06754417 0.02499644
 0.07713665 0.0499087  0.07383936 0.03963156 0.01913397 0.02570723
 0.07383936 0.16233756 0.05478883 0.0159596 ]
[0.03947042 0.10932545 0.10673232 0.05071033 0.04782906 0.03329738
 0.06483607 0.0505651  0.07524297 0.0340059  0.02108242 0.02685132
 0.07524297 0.19873217 0.05071033 0.01536579]
[0.03010168 0.11813813 0.13534716 0.05387373 0.06132534 0.024762
 0.06626106 0.038504   0.07064855 0.03183842 0.02045413 0.02118618
 0.07064855 0.18216656 0.05387373 0.02087081]
[0.04108926 0.11081529 0.1120414  0.05273588 0.06173422 0.02362672
 0.0809067  0.0417759  0.07862066 0.0278708  0.02193025 0.02590529
 0.07862066 0.1753459  0.05273588 0.01424528]
[0.03316227 0.12173376 0.14550138 0.05325326 0.05385195 0.02055697
 0.07660067 0.03454312 0.07076249 0.03628414 0.01940017 0.02159485
 0.07076249 0.16880034 0.05325326 0.01993892]
[0.03197094 0.11432595 0.11659526 0.05282155 0.07461249 0.02866608
 0.05366549 0.03888251 0.09256904 0.03355225 0.02700333 0.02334005
 0.09256904 0.14858046 0.05282155 0.01802402]
[0.0276745  0.12148841 0.09385153 0.05103192 0.07806903 0.03523787
 0.07529558 0.0616485  0.0840132  0.0310268  0.0190691  0.02419681
 0.0840132  0.14634955 0.05103192 0.01600206]]