148875
Test: public void test14() throws Throwable { NtpV3Impl ntpV3Impl0 = new NtpV3Impl(); ntpV3Impl0.setRootDispersion(248); long long0 = ntpV3Impl0.getRootDispersionInMillis(); }
Code: public long getRootDispersionInMillis() { final long l = getRootDispersion(); return (l * 1000) / 65536L; }
[[0.05891158 0.09655824 0.08172916 0.08222863 0.04777094 0.09655824
 0.05686216 0.03730315 0.08172916 0.0652886  0.05003338 0.04241862
 0.04205489 0.05291916 0.08172916 0.02590493]
[0.04686161 0.09585242 0.0869446  0.11472343 0.04414515 0.09585242
 0.05351354 0.03592009 0.0869446  0.06926681 0.04583079 0.03156347
 0.02507298 0.05342378 0.0869446  0.02713975]
[0.05031576 0.08635788 0.083242   0.08384156 0.04972424 0.08635788
 0.05808253 0.05494492 0.083242   0.06117688 0.04946837 0.0496476
 0.03037155 0.06178401 0.083242   0.02820081]
[0.05754304 0.08996842 0.07395399 0.09572355 0.05662703 0.08996842
 0.05048123 0.04805007 0.07395399 0.06580525 0.0542451  0.05634895
 0.0324596  0.04767724 0.07395399 0.03324016]
[0.05657452 0.08494341 0.08690983 0.09638692 0.03781811 0.08494341
 0.06098101 0.04379429 0.08690983 0.08228771 0.03728431 0.04619988
 0.03713989 0.05194077 0.08690983 0.01897631]
[0.04686161 0.09585242 0.0869446  0.11472343 0.04414515 0.09585242
 0.05351354 0.03592009 0.0869446  0.06926681 0.04583079 0.03156347
 0.02507298 0.05342378 0.0869446  0.02713975]
[0.0611304  0.08392776 0.0844332  0.09720515 0.04800615 0.08392776
 0.0490986  0.04607616 0.0844332  0.0689887  0.04710137 0.02932359
 0.03833162 0.06218203 0.0844332  0.0314011 ]
[0.06220811 0.07666552 0.08795387 0.07154001 0.05244584 0.07666552
 0.05425191 0.05194619 0.08795387 0.06852414 0.05287999 0.05331281
 0.03680179 0.04809919 0.08795387 0.03079742]
[0.05031576 0.08635788 0.083242   0.08384156 0.04972424 0.08635788
 0.05808253 0.05494492 0.083242   0.06117688 0.04946837 0.0496476
 0.03037155 0.06178401 0.083242   0.02820081]
[0.04308999 0.11786889 0.0855813  0.08489473 0.03967442 0.11786889
 0.05495942 0.04216686 0.0855813  0.06244795 0.04219717 0.03594602
 0.03172773 0.04718187 0.0855813  0.0232322 ]
[0.05306237 0.09880873 0.0774821  0.08661167 0.04449839 0.09880873
 0.07417776 0.04227224 0.0774821  0.0627719  0.03937036 0.04951637
 0.03206376 0.05908287 0.0774821  0.02650855]
[0.06737611 0.09055026 0.07569681 0.09994441 0.04821899 0.09055026
 0.05260715 0.0347149  0.07569681 0.0636332  0.04321328 0.06791336
 0.03862422 0.05631234 0.07569681 0.01925112]
[0.04869127 0.10980177 0.06766567 0.11455314 0.04517519 0.10980177
 0.05689288 0.03770141 0.06766567 0.07838944 0.04644463 0.05354397
 0.0333513  0.04047496 0.06766567 0.02218119]
[0.04606799 0.08261766 0.08644205 0.10446698 0.04594257 0.08261766
 0.05786651 0.0422764  0.08644205 0.07741856 0.04578854 0.04845577
 0.0321159  0.05735978 0.08644205 0.01767964]
[0.05031576 0.08635788 0.083242   0.08384156 0.04972424 0.08635788
 0.05808253 0.05494492 0.083242   0.06117688 0.04946837 0.0496476
 0.03037155 0.06178401 0.083242   0.02820081]
[0.04488506 0.07288255 0.08347848 0.11801963 0.04077446 0.07288255
 0.06473369 0.04087728 0.08347848 0.09880157 0.04300562 0.0484868
 0.03156196 0.0473847  0.08347848 0.02526864]]