37534
Test: public void test51() throws Throwable { Instant instant0 = Instant.ofEpochSecond(0L); Instant instant1 = instant0.withMillis(0L); }
Code: public Instant withMillis(long newMillis) { return (newMillis == iMillis ? this : new Instant(newMillis)); }
[[0.04580144 0.21686856 0.06353419 0.06353419 0.05658067 0.04985169
 0.06353419 0.0735243  0.06353419 0.08558977 0.07179596 0.04037418
 0.0234103  0.06353419 0.01853218]
[0.04714576 0.23975371 0.06287288 0.06287288 0.06022502 0.0431313
 0.06287288 0.06241731 0.06287289 0.08067802 0.07384793 0.03396365
 0.02016025 0.06287289 0.02431266]
[0.03851988 0.20698163 0.06451897 0.06451897 0.05980742 0.04671921
 0.06451897 0.07325506 0.06451899 0.09048763 0.07557341 0.03647262
 0.02917199 0.064519   0.02041619]
[0.03851988 0.20698163 0.06451897 0.06451897 0.05980742 0.04671921
 0.06451897 0.07325506 0.06451899 0.09048763 0.07557341 0.03647262
 0.02917199 0.064519   0.02041619]
[0.05066775 0.1883821  0.06652531 0.06652531 0.08113082 0.05835515
 0.06652531 0.05429138 0.06652531 0.06600854 0.07002262 0.04153761
 0.02831805 0.06652533 0.02865939]
[0.03056654 0.2454309  0.06376413 0.06376413 0.05396684 0.04537171
 0.06376413 0.06275614 0.06376413 0.09455619 0.08779852 0.02713306
 0.01851593 0.06376414 0.01508346]
[0.03851988 0.20698163 0.06451897 0.06451897 0.05980742 0.04671921
 0.06451897 0.07325506 0.06451899 0.09048763 0.07557341 0.03647262
 0.02917199 0.064519   0.02041619]
[0.028834   0.28956395 0.05086401 0.05086401 0.06222643 0.04664361
 0.05086401 0.07363064 0.05086401 0.09520087 0.08418741 0.0334374
 0.01863932 0.05086401 0.01331629]
[0.03851988 0.20698163 0.06451897 0.06451897 0.05980742 0.04671921
 0.06451897 0.07325506 0.06451899 0.09048763 0.07557341 0.03647262
 0.02917199 0.064519   0.02041619]
[0.03781105 0.24452628 0.06030102 0.06030102 0.0771312  0.05054515
 0.06030102 0.04726867 0.06030101 0.09039423 0.08460491 0.03475921
 0.01642334 0.06030102 0.01503085]
[0.03986759 0.25622705 0.05694179 0.05694179 0.07087804 0.05436263
 0.05694179 0.06257248 0.0569418  0.09471652 0.07518286 0.02879504
 0.01897647 0.0569418  0.01371238]
[0.05021175 0.17293073 0.06173021 0.06173021 0.0748792  0.06333517
 0.06173021 0.06259003 0.06173021 0.116988   0.06491245 0.0339285
 0.02531549 0.06173021 0.0262576 ]
[0.04068756 0.18020558 0.0635351  0.0635351  0.07097868 0.05716753
 0.0635351  0.07725342 0.0635351  0.08436353 0.07792382 0.04618121
 0.02676042 0.06353511 0.02080275]
[0.03851988 0.20698169 0.06451897 0.06451897 0.05980743 0.0467192
 0.06451897 0.07325505 0.06451897 0.09048762 0.07557343 0.03647262
 0.02917199 0.06451898 0.02041619]
[0.03242708 0.25450343 0.06202019 0.06202019 0.07537881 0.06852174
 0.06202019 0.05551752 0.06202019 0.08514341 0.0553281  0.02834245
 0.01813183 0.06202021 0.01660465]]