30100
Test: public void test37() throws Throwable { MockRuntimeException mockRuntimeException0 = new MockRuntimeException(); ExceptionUtil.CloneableRuntimeException exceptionUtil_CloneableRuntimeException0 = new ExceptionUtil.CloneableRuntimeException((String) null, mockRuntimeException0); InvocationTargetException invocationTargetException0 = new InvocationTargetException(exceptionUtil_CloneableRuntimeException0, (String) null); InvocationTargetException invocationTargetException1 = ExceptionUtil.clearStackTrace(invocationTargetException0); }
Code: public static <T extends Throwable> T clearStackTrace(T exception) { Throwable cause = exception; while (cause != null) { cause.setStackTrace(EMPTY_STACK_TRACE); cause = cause.getCause(); } return exception;// NOSONAR }
[[0.02813866 0.08585828 0.02688252 0.01989591 0.03903657 0.01832769
 0.03903657 0.02853372 0.03851854 0.07269353 0.06381153 0.01776922
 0.03903657 0.06698    0.05327064 0.01548849 0.01496974 0.03851854
 0.03903657 0.06381153 0.01776922 0.03903657 0.01220759 0.03109106
 0.03903658 0.03903658 0.01220759]
[0.02790915 0.07734597 0.0178782  0.01917713 0.0372438  0.01523218
 0.0372438  0.02563612 0.05298559 0.0637491  0.07097933 0.0180878
 0.0372438  0.07248797 0.04679156 0.0193204  0.01469572 0.05298559
 0.0372438  0.07097933 0.0180878  0.0372438  0.01414668 0.02667105
 0.0372438  0.0372438  0.01414668]
[0.02049674 0.097491   0.02722398 0.0234073  0.04212268 0.01170464
 0.04212268 0.0289691  0.03894614 0.08335184 0.04987947 0.01609127
 0.04212268 0.07286573 0.05842139 0.01206969 0.01244905 0.03894614
 0.04212268 0.04987947 0.01609127 0.04212268 0.00850528 0.02984651
 0.04212268 0.04212268 0.00850528]
[0.02673788 0.0673883  0.0214781  0.02082111 0.04344286 0.01737739
 0.04344286 0.03295847 0.0490138  0.0535106  0.05835253 0.01626667
 0.04344286 0.06179692 0.05073121 0.01682429 0.01660145 0.0490138
 0.04344286 0.05835253 0.01626667 0.04344286 0.01388287 0.03464253
 0.04344287 0.04344287 0.01388287]
[0.02343969 0.08393294 0.0210148  0.02613886 0.03870661 0.01540081
 0.03870661 0.03399935 0.03945488 0.0540055  0.06078826 0.02568075
 0.03870661 0.06643136 0.06512219 0.01587517 0.01684786 0.03945488
 0.03870661 0.06078826 0.02568075 0.03870661 0.01324382 0.02850985
 0.03870662 0.03870662 0.01324382]
[0.02504257 0.07027775 0.0266027  0.02188844 0.04022647 0.01444598
 0.04022647 0.03449348 0.04154912 0.05733576 0.06209034 0.02120553
 0.04022647 0.06793593 0.06731106 0.01823556 0.01310901 0.04154912
 0.04022647 0.06209034 0.02120553 0.04022647 0.01137388 0.02929865
 0.04022647 0.04022647 0.01137388]
[0.02343969 0.08393294 0.0210148  0.02613886 0.03870661 0.01540081
 0.03870661 0.03399935 0.03945488 0.0540055  0.06078826 0.02568075
 0.03870661 0.06643136 0.06512219 0.01587517 0.01684786 0.03945488
 0.03870661 0.06078826 0.02568075 0.03870661 0.01324382 0.02850985
 0.03870662 0.03870662 0.01324382]
[0.025017   0.10142496 0.01677144 0.02124698 0.03640914 0.01057982
 0.03640914 0.02673357 0.03981607 0.0794813  0.06873761 0.01742064
 0.03640914 0.0842156  0.06068598 0.01291716 0.0117746  0.03981607
 0.03640914 0.06873761 0.01742064 0.03640914 0.00837781 0.02558334
 0.03640915 0.03640915 0.00837781]
[0.03033622 0.07181632 0.02627536 0.02625605 0.03949691 0.01616816
 0.03949691 0.03451028 0.04932348 0.05729089 0.05175765 0.02527994
 0.03949691 0.05205592 0.04553585 0.0215956  0.01951045 0.04932348
 0.03949691 0.05175765 0.02527994 0.03949691 0.01730363 0.03484112
 0.03949692 0.03949692 0.01730363]
[0.02406694 0.06159807 0.02959581 0.02698684 0.03538397 0.01668899
 0.03538397 0.03418314 0.05189133 0.05665454 0.06345753 0.02002522
 0.03538397 0.06049425 0.05387694 0.02060508 0.0206285  0.05189133
 0.03538397 0.06345753 0.02002522 0.03538397 0.02291662 0.03035169
 0.03538397 0.03538397 0.02291662]
[0.0218926  0.08064234 0.02440877 0.02207369 0.03955695 0.01378806
 0.03955695 0.03160011 0.04869189 0.07851329 0.05648489 0.0178989
 0.03955695 0.07110001 0.04979789 0.01365452 0.01368334 0.04869189
 0.03955695 0.05648489 0.0178989  0.03955695 0.00937806 0.03703919
 0.03955696 0.03955696 0.00937806]
[0.03142326 0.07642861 0.0262306  0.02198274 0.04445545 0.0172953
 0.04445545 0.02994688 0.03516879 0.06826895 0.04290076 0.02596088
 0.04445545 0.04836738 0.04935846 0.02625553 0.02011677 0.03516879
 0.04445545 0.04290076 0.02596088 0.04445545 0.01532327 0.03442997
 0.04445546 0.04445546 0.01532327]
[0.02343969 0.08393294 0.0210148  0.02613886 0.03870661 0.01540081
 0.03870661 0.03399935 0.03945488 0.0540055  0.06078826 0.02568075
 0.03870661 0.06643136 0.06512219 0.01587517 0.01684786 0.03945488
 0.03870661 0.06078826 0.02568075 0.03870661 0.01324382 0.02850985
 0.03870662 0.03870662 0.01324382]
[0.02306357 0.07668349 0.02488813 0.02289892 0.03643204 0.01530145
 0.03643204 0.02886322 0.05100402 0.07332221 0.06327915 0.02003348
 0.03643204 0.07993366 0.05262522 0.01470775 0.01292297 0.05100402
 0.03643204 0.06327915 0.02003348 0.03643204 0.00882266 0.03348658
 0.03643204 0.03643204 0.00882266]
[0.02399589 0.07479504 0.02558691 0.02335341 0.03902275 0.01537505
 0.03902275 0.02993208 0.05110012 0.06074054 0.0594523  0.02288651
 0.03902275 0.07283467 0.0519737  0.01499262 0.01394126 0.05110012
 0.03902275 0.0594523  0.02288651 0.03902275 0.01177086 0.02889989
 0.03902275 0.03902275 0.01177086]
[0.01955747 0.12074306 0.02494066 0.02518875 0.03411805 0.01196275
 0.03411805 0.02242748 0.043398   0.07743704 0.06655148 0.01600524
 0.03411805 0.09604523 0.05034043 0.00813846 0.01010232 0.043398
 0.03411805 0.06655148 0.01600524 0.03411805 0.00782118 0.02673819
 0.03411806 0.03411806 0.00782118]
[0.02121319 0.0943484  0.02550742 0.02121535 0.03799127 0.01247239
 0.03799127 0.02707078 0.04868933 0.08062012 0.06243049 0.01379052
 0.03799127 0.08353853 0.05276226 0.01174994 0.01303298 0.04868933
 0.03799127 0.06243049 0.01379052 0.03799127 0.00746043 0.0257882
 0.03799128 0.03799128 0.00746043]
[0.03033622 0.07181632 0.02627536 0.02625605 0.03949691 0.01616816
 0.03949691 0.03451028 0.04932348 0.05729089 0.05175765 0.02527994
 0.03949691 0.05205592 0.04553585 0.0215956  0.01951045 0.04932348
 0.03949691 0.05175765 0.02527994 0.03949691 0.01730363 0.03484112
 0.03949692 0.03949692 0.01730363]
[0.02343969 0.08393294 0.0210148  0.02613886 0.03870661 0.01540081
 0.03870661 0.03399935 0.03945488 0.0540055  0.06078826 0.02568075
 0.03870661 0.06643136 0.06512219 0.01587517 0.01684786 0.03945488
 0.03870661 0.06078826 0.02568075 0.03870661 0.01324382 0.02850985
 0.03870662 0.03870662 0.01324382]
[0.0218926  0.08064234 0.02440877 0.02207369 0.03955695 0.01378806
 0.03955695 0.03160011 0.04869189 0.07851329 0.05648489 0.0178989
 0.03955695 0.07110001 0.04979789 0.01365452 0.01368334 0.04869189
 0.03955695 0.05648489 0.0178989  0.03955695 0.00937806 0.03703919
 0.03955696 0.03955696 0.00937806]
[0.03142326 0.07642861 0.0262306  0.02198274 0.04445545 0.0172953
 0.04445545 0.02994688 0.03516879 0.06826895 0.04290076 0.02596088
 0.04445545 0.04836738 0.04935846 0.02625553 0.02011677 0.03516879
 0.04445545 0.04290076 0.02596088 0.04445545 0.01532327 0.03442997
 0.04445546 0.04445546 0.01532327]
[0.02343969 0.08393294 0.0210148  0.02613886 0.03870661 0.01540081
 0.03870661 0.03399935 0.03945488 0.0540055  0.06078826 0.02568075
 0.03870661 0.06643136 0.06512219 0.01587517 0.01684786 0.03945488
 0.03870661 0.06078826 0.02568075 0.03870661 0.01324382 0.02850985
 0.03870662 0.03870662 0.01324382]
[0.01966173 0.08446954 0.02672524 0.02404784 0.03653109 0.01395595
 0.03653109 0.0233835  0.05190797 0.08246581 0.05358317 0.01792894
 0.03653109 0.07727332 0.05311476 0.01451758 0.01227878 0.05190797
 0.03653109 0.05358317 0.01792894 0.03653109 0.01110389 0.04334034
 0.0365311  0.0365311  0.01110389]
[0.01904166 0.08854013 0.02880611 0.02618767 0.03785677 0.01065298
 0.03785677 0.02756379 0.03743759 0.07706045 0.05973816 0.01862898
 0.03785677 0.0833746  0.07108471 0.01176863 0.01120492 0.03743759
 0.03785677 0.05973816 0.01862898 0.03785677 0.01024905 0.02760938
 0.03785678 0.03785678 0.01024905]
[0.02343969 0.08393294 0.02101479 0.02613886 0.0387066  0.01540081
 0.0387066  0.03399935 0.03945489 0.05400549 0.06078824 0.02568074
 0.0387066  0.06643134 0.06512217 0.01587517 0.01684786 0.03945489
 0.0387066  0.06078824 0.02568074 0.0387066  0.01324382 0.02850985
 0.03870661 0.03870661 0.01324382]
[0.02343969 0.08393294 0.02101479 0.02613886 0.0387066  0.01540081
 0.0387066  0.03399935 0.03945489 0.05400549 0.06078824 0.02568074
 0.0387066  0.06643134 0.06512217 0.01587517 0.01684786 0.03945489
 0.0387066  0.06078824 0.02568074 0.0387066  0.01324382 0.02850985
 0.03870661 0.03870661 0.01324382]
[0.01966173 0.08446953 0.02672525 0.02404784 0.03653109 0.01395595
 0.03653109 0.02338351 0.05190798 0.08246581 0.05358318 0.01792894
 0.03653109 0.07727334 0.05311476 0.01451758 0.01227879 0.05190798
 0.03653109 0.05358318 0.01792894 0.03653109 0.01110389 0.04334034
 0.03653109 0.0365311  0.01110389]]