13148
Test: public void test1412() throws Throwable { StrTokenizer strTokenizer0 = new StrTokenizer("StrTokenizer", ""); char[] charArray0 = new char[9]; StrTokenizer strTokenizer1 = strTokenizer0.setIgnoredChar('J'); StrTokenizer strTokenizer2 = strTokenizer1.setQuoteChar('J'); charArray0[0] = 'J'; StrTokenizer strTokenizer3 = strTokenizer0.reset(charArray0); }
Code: public StrTokenizer reset() { tokenPos = 0; tokens = null; return this; }
[[0.07989131 0.05086285 0.02750599 0.09707723 0.11082095 0.04966624
 0.10250648 0.07772465 0.04966624 0.16916505 0.08675654 0.06638456
 0.03197199]
[0.05956083 0.05439973 0.01634808 0.13617799 0.10022765 0.04609348
 0.10411727 0.06086259 0.04609348 0.19918707 0.10748167 0.04601178
 0.02343836]
[0.0623317  0.04167432 0.02220611 0.10747773 0.12508933 0.05221206
 0.10781852 0.07739853 0.05221206 0.1872788  0.09266912 0.04390321
 0.02772849]
[0.07429184 0.05535503 0.03119885 0.11096685 0.10110737 0.06146459
 0.0965679  0.05575947 0.06146458 0.16368583 0.0866079  0.06105072
 0.04047916]
[0.06236643 0.03856764 0.0260266  0.08962105 0.10576524 0.06505953
 0.09830749 0.06848338 0.06505952 0.2158102  0.07545141 0.05835864
 0.03112286]
[0.07920249 0.05360141 0.04116699 0.08424686 0.11217375 0.06416886
 0.11873368 0.05259094 0.06416886 0.12971562 0.0859469  0.07672118
 0.03756242]
[0.07063858 0.05312922 0.03061932 0.11071485 0.10432464 0.04296447
 0.11655024 0.06171529 0.04296447 0.19404635 0.0871103  0.05460956
 0.03061267]
[0.05574438 0.04578179 0.01768459 0.12488706 0.12294858 0.05182089
 0.1168087  0.06469856 0.05182089 0.18303144 0.10141075 0.0467648
 0.01659755]
[0.07920249 0.05360141 0.04116699 0.08424686 0.11217375 0.06416886
 0.11873368 0.05259094 0.06416886 0.12971562 0.0859469  0.07672118
 0.03756242]
[0.08032312 0.05173498 0.02486672 0.10138285 0.13211401 0.05131463
 0.09631675 0.07742137 0.05131462 0.15054263 0.09263946 0.05729576
 0.03273309]
[0.05627649 0.04265323 0.02041976 0.09757791 0.11826727 0.05425993
 0.09796467 0.08125357 0.05425993 0.21694736 0.08384018 0.04890703
 0.02737262]
[0.0777739  0.053996   0.02409107 0.11812705 0.11168261 0.04575473
 0.10990904 0.06227046 0.04575473 0.17572168 0.09448969 0.0479826
 0.0324464 ]
[0.05393995 0.04798064 0.02757117 0.12144184 0.10384892 0.0469093
 0.11186677 0.06736978 0.0469093  0.18371302 0.11284027 0.04864725
 0.02696175]]