37941
Test: public void test138() throws Throwable { DateTime dateTime0 = DateTime.now(); DateTime dateTime1 = dateTime0.withMillis(1L); DateTime dateTime2 = dateTime1.withMillis(1L); }
Code: public DateTime withMillis(long newMillis) { return (newMillis == getMillis() ? this : new DateTime(newMillis, getChronology())); }
[[0.05242116 0.05602637 0.07272759 0.07272759 0.07601602 0.05844719
 0.07272759 0.08093921 0.05328083 0.08759105 0.07101317 0.05093683
 0.02601641 0.07272759 0.07272759 0.02367377]
[0.05284739 0.04860467 0.07107966 0.07107966 0.11267552 0.05977033
 0.07107966 0.06986614 0.05292857 0.08273164 0.07031249 0.04549054
 0.02234006 0.07107966 0.07107966 0.0270344 ]
[0.04414441 0.05576297 0.07205726 0.07205726 0.07894795 0.05381563
 0.07205726 0.08198966 0.05068167 0.09472431 0.07545859 0.04366318
 0.03433912 0.07205726 0.07205726 0.02618618]
[0.04414441 0.05576297 0.07205726 0.07205726 0.07894795 0.05381563
 0.07205726 0.08198966 0.05068167 0.09472431 0.07545859 0.04366318
 0.03433912 0.07205726 0.07205726 0.02618618]
[0.05564153 0.0745867  0.06850737 0.06850737 0.099293   0.06275088
 0.06850737 0.05727014 0.06500264 0.06635123 0.06662394 0.04688126
 0.02962025 0.06850737 0.06850737 0.03344151]
[0.03810152 0.06491373 0.0740357  0.0740357  0.07841923 0.05464311
 0.0740357  0.07114537 0.0544397  0.1005532  0.0875636  0.03625249
 0.02249828 0.0740357  0.0740357  0.0212913 ]
[0.04414441 0.05576297 0.07205726 0.07205726 0.07894795 0.05381563
 0.07205726 0.08198966 0.05068167 0.09472431 0.07545859 0.04366318
 0.03433912 0.07205726 0.07205726 0.02618618]
[0.03811935 0.05841728 0.0582405  0.0582405  0.1109883  0.06359826
 0.0582405  0.09199062 0.05717389 0.10300764 0.08236844 0.05511727
 0.02586567 0.0582405  0.0582405  0.02215085]
[0.05761535 0.05396481 0.07432992 0.07432992 0.08015005 0.05608318
 0.07432992 0.06963204 0.05513538 0.09908956 0.06552263 0.04590324
 0.02331647 0.07432992 0.07432992 0.02193766]
[0.04477379 0.05095477 0.06951216 0.06951216 0.11466172 0.0623928
 0.06951216 0.05487021 0.0551463  0.09567527 0.08399744 0.04805274
 0.02043467 0.06951216 0.06951216 0.0214795 ]
[0.05003503 0.06027523 0.06550837 0.06550837 0.11205618 0.06978653
 0.06550837 0.06963219 0.05928098 0.09612659 0.0725377  0.04039595
 0.02283789 0.06550837 0.06550837 0.01949397]
[0.05553019 0.04724213 0.0668361  0.0668361  0.09034348 0.06980279
 0.0668361  0.06698029 0.05449115 0.11824087 0.06445028 0.03935777
 0.02869015 0.0668361  0.0668361  0.03069039]
[0.0464563  0.04861354 0.06946542 0.06946542 0.08837053 0.06547747
 0.06946542 0.08216777 0.04514379 0.0880105  0.07796795 0.05539315
 0.02971231 0.06946542 0.06946542 0.02535963]
[0.04414441 0.05576297 0.07205726 0.07205726 0.07894795 0.05381563
 0.07205726 0.08198966 0.05068167 0.09472431 0.07545859 0.04366318
 0.03433912 0.07205726 0.07205726 0.02618618]
[0.04414441 0.05576297 0.07205726 0.07205726 0.07894795 0.05381563
 0.07205726 0.08198966 0.05068167 0.09472431 0.07545859 0.04366318
 0.03433912 0.07205726 0.07205726 0.02618618]
[0.03898856 0.04927455 0.07007393 0.07007393 0.11659626 0.08989238
 0.07007393 0.06895967 0.05319491 0.0902549  0.05559707 0.04063196
 0.02193948 0.07007393 0.07007393 0.02430056]]