31966
Test: public void test1() throws Throwable { StringBuilderWriter stringBuilderWriter0 = new StringBuilderWriter(); char[] charArray0 = new char[4]; // Undeclared exception!  stringBuilderWriter0.write(charArray0, (-3018), 1);   }
Code: public void write(final String value) { if (value != null) { builder.append(value); } }
[[0.06535506 0.05254558 0.09066199 0.08426942 0.07924718 0.08459889
 0.17590235 0.06680089 0.03535343 0.03542611 0.08459888 0.09066199
 0.0272891  0.0272891 ]
[0.05315595 0.04564163 0.10429797 0.08153293 0.07894182 0.0891778
 0.17631075 0.06363321 0.0324595  0.02680879 0.08917777 0.10429798
 0.02728192 0.02728192]
[0.05598467 0.04877867 0.09411237 0.10417326 0.09089336 0.08504034
 0.13678242 0.07099428 0.036021   0.03973078 0.08504034 0.09411238
 0.0291681  0.0291681 ]
[0.06480028 0.04552776 0.0924271  0.07547773 0.07702679 0.09243188
 0.18852705 0.06536675 0.03691996 0.02929889 0.09243192 0.09242709
 0.02366839 0.02366839]
[0.06025721 0.04170513 0.09077579 0.09578543 0.07398424 0.09565657
 0.17556071 0.07181118 0.03157147 0.02841734 0.09565654 0.0907758
 0.02402128 0.02402128]
[0.06414957 0.05562399 0.08584552 0.09599213 0.07102177 0.09908841
 0.11101726 0.07413533 0.04474256 0.04228071 0.09908842 0.08584553
 0.03558439 0.03558439]
[0.04365612 0.03262167 0.10182469 0.10061945 0.06055731 0.0897932
 0.24540952 0.07284028 0.01665962 0.0167327  0.08979318 0.10182471
 0.01383378 0.01383378]
[0.05516506 0.04453686 0.09453919 0.09734504 0.06910502 0.09344142
 0.17231223 0.07745661 0.02880595 0.0302218  0.09344144 0.09453918
 0.02454509 0.02454509]
[0.04824251 0.03265854 0.08411977 0.1224374  0.07300295 0.10589862
 0.1857645  0.07464001 0.01997849 0.02492699 0.10589862 0.08411978
 0.01915589 0.01915589]
[0.04812065 0.03624517 0.08929744 0.07775366 0.07102071 0.10385142
 0.21967764 0.07173553 0.0262231  0.03032426 0.10385142 0.08929745
 0.01630075 0.01630075]
[0.06414957 0.05562399 0.08584552 0.09599213 0.07102177 0.09908841
 0.11101726 0.07413533 0.04474256 0.04228071 0.09908842 0.08584553
 0.03558439 0.03558439]
[0.05598467 0.04877867 0.09411237 0.10417326 0.09089336 0.08504034
 0.13678242 0.07099428 0.036021   0.03973078 0.08504034 0.09411238
 0.0291681  0.0291681 ]
[0.04571941 0.04188145 0.08641683 0.08378099 0.05489221 0.11220533
 0.17528115 0.09075996 0.03280544 0.02883298 0.11220533 0.08641683
 0.02440103 0.02440103]
[0.04571941 0.04188145 0.08641683 0.08378099 0.05489221 0.11220533
 0.17528115 0.09075996 0.03280544 0.02883298 0.11220533 0.08641683
 0.02440103 0.02440103]]