7669
Test: public void test0() throws Throwable { HttpMethod httpMethod0 = HttpMethod.get("options"); }
Code: public static HttpMethod get(String methodStr) { HttpMethod method = methods.get(methodStr); return method != null ? method : unsupported; }
[[0.04208259 0.13145661 0.05838256 0.06078292 0.05838256 0.0593526
 0.05838256 0.04659916 0.02668612 0.05838256 0.04671372 0.04659916
 0.0233864  0.04714485 0.07185572 0.04659916 0.04018912 0.05838256
 0.0186391 ]
[0.04256518 0.12019657 0.05652348 0.05379009 0.05652348 0.08343554
 0.05652348 0.05119694 0.02760115 0.05652348 0.0408568  0.05119694
 0.03005691 0.03920204 0.06371971 0.05119694 0.04024994 0.05652349
 0.0221179 ]
[0.03577641 0.12991707 0.05876417 0.06534646 0.05876417 0.06195875
 0.05876417 0.04429979 0.03956702 0.05876417 0.04356094 0.04429979
 0.02458894 0.0383466  0.07851382 0.04429979 0.03502374 0.05876418
 0.02068001]
[0.0379676  0.10252024 0.06818943 0.07247613 0.06818943 0.06293526
 0.06818943 0.04310229 0.02593793 0.06818943 0.05485698 0.04310229
 0.02453776 0.03734317 0.06371161 0.04310229 0.02940931 0.06818941
 0.01805006]
[0.03577641 0.12991707 0.05876417 0.06534646 0.05876417 0.06195875
 0.05876417 0.04429979 0.03956702 0.05876417 0.04356094 0.04429979
 0.02458894 0.0383466  0.07851382 0.04429979 0.03502374 0.05876418
 0.02068001]
[0.04474308 0.10950272 0.05612314 0.05602095 0.05612314 0.07752572
 0.05612314 0.05215536 0.03750184 0.05612314 0.05076297 0.05215536
 0.03269853 0.03555737 0.05475055 0.05215536 0.03741078 0.05612315
 0.02644369]
[0.03577641 0.12991707 0.05876417 0.06534646 0.05876417 0.06195875
 0.05876417 0.04429979 0.03956702 0.05876417 0.04356094 0.04429979
 0.02458894 0.0383466  0.07851382 0.04429979 0.03502374 0.05876418
 0.02068001]
[0.02945993 0.1599138  0.05359393 0.07712417 0.05359393 0.07059833
 0.05359393 0.045677   0.02709488 0.05359393 0.04728461 0.045677
 0.01918222 0.03422407 0.08470108 0.045677   0.03077443 0.05359393
 0.01464185]
[0.04490384 0.11236409 0.06348523 0.04828988 0.06348523 0.05173752
 0.06348523 0.04712621 0.03752456 0.06348523 0.04948147 0.04712621
 0.03780421 0.03695188 0.06127405 0.04712621 0.03860962 0.06348524
 0.02225411]
[0.03577641 0.12991707 0.05876417 0.06534646 0.05876417 0.06195875
 0.05876417 0.04429979 0.03956702 0.05876417 0.04356094 0.04429979
 0.02458894 0.0383466  0.07851382 0.04429979 0.03502374 0.05876418
 0.02068001]
[0.02948456 0.14078909 0.05745768 0.0879983  0.05745768 0.0603449
 0.05745768 0.04849691 0.02899044 0.05745768 0.04234336 0.04849691
 0.0185137  0.03603737 0.07833905 0.04849691 0.02797974 0.05745769
 0.01640036]
[0.02945993 0.1599138  0.05359393 0.07712417 0.05359393 0.07059833
 0.05359393 0.045677   0.02709488 0.05359393 0.04728461 0.045677
 0.01918222 0.03422407 0.08470108 0.045677   0.03077443 0.05359393
 0.01464185]
[0.02963161 0.20715949 0.05201921 0.06635594 0.05201921 0.07529947
 0.05201921 0.04517961 0.0250698  0.05201921 0.04186126 0.04517961
 0.01313241 0.03047639 0.08275764 0.04517961 0.01963817 0.05201922
 0.01298288]
[0.03635505 0.10925767 0.05494394 0.06187355 0.05494394 0.09402023
 0.05494394 0.05158025 0.0327246  0.05494394 0.06001945 0.05158025
 0.02109707 0.03286835 0.07639062 0.05158025 0.03191893 0.05494394
 0.01401399]
[0.03519669 0.11643717 0.05453707 0.0830259  0.05453707 0.09144743
 0.05453707 0.04769313 0.0228367  0.05453707 0.04918983 0.04769313
 0.02305206 0.03322434 0.07457124 0.04769313 0.03816188 0.05453707
 0.01709203]
[0.02945993 0.1599138  0.05359393 0.07712417 0.05359393 0.07059833
 0.05359393 0.045677   0.02709488 0.05359393 0.04728461 0.045677
 0.01918222 0.03422407 0.08470108 0.045677   0.03077443 0.05359393
 0.01464185]
[0.04276515 0.12108261 0.05173808 0.067039   0.05173808 0.06817715
 0.05173808 0.04622959 0.03324947 0.05173808 0.05380154 0.04622959
 0.02721428 0.04286517 0.09312811 0.04622959 0.02996958 0.05173808
 0.02332879]
[0.03577641 0.12991706 0.05876417 0.06534646 0.05876417 0.06195876
 0.05876417 0.04429979 0.03956702 0.05876417 0.04356094 0.04429979
 0.02458893 0.03834659 0.07851381 0.04429979 0.03502375 0.05876417
 0.02068002]
[0.02917738 0.13614707 0.05260183 0.04549471 0.05260183 0.08632305
 0.05260183 0.0580936  0.02761539 0.05260183 0.06700204 0.0580936
 0.02258524 0.03218543 0.06797816 0.0580936  0.03017179 0.05260184
 0.01802976]]