81321
Test: public void test2768() throws Throwable { boolean boolean0 = FileSystemHandling.appendStringToFile((EvoSuiteFile) null, "Dont call getValueDouble() on a non DOUBLE ElementValue"); String string0 = Utility.methodTypeToSignature("boolean", (String[]) null); boolean boolean1 = FileSystemHandling.appendStringToFile((EvoSuiteFile) null, (String) null); String[] stringArray0 = Utility.methodSignatureArgumentTypes("()Z", true); }
Code: public static String[] methodSignatureArgumentTypes( final String signature ) throws ClassFormatException { return methodSignatureArgumentTypes(signature, true); }
[[0.04620946 0.13505319 0.02538172 0.06410282 0.03685835 0.05957752
 0.057974   0.07938742 0.11076942 0.06410283 0.05985395 0.05063781
 0.06410284 0.1266855  0.01930317]
[0.04832793 0.12670703 0.02803002 0.06539223 0.03525443 0.07310452
 0.05320007 0.07425799 0.09966177 0.06539223 0.08325664 0.04560202
 0.06539224 0.11367881 0.02274207]
[0.03248215 0.13339151 0.01574152 0.05931213 0.02746959 0.06199273
 0.0579215  0.08620024 0.12489031 0.05931213 0.05771304 0.04859839
 0.05931215 0.16064504 0.01501764]
[0.03694837 0.12724826 0.02158113 0.06189274 0.03527536 0.06829068
 0.07765824 0.08511744 0.11946857 0.06189274 0.05733441 0.04481231
 0.06189275 0.12101255 0.01957441]
[0.04172771 0.12389781 0.02092722 0.06409688 0.0278944  0.06431351
 0.05411132 0.08618955 0.10915686 0.06409688 0.07110035 0.06069321
 0.06409688 0.13369983 0.01399755]
[0.04615359 0.13519578 0.02301249 0.06572212 0.03500782 0.05367283
 0.05966379 0.07516082 0.12425155 0.06572211 0.06632759 0.04643586
 0.06572212 0.12099998 0.01695148]
[0.04274536 0.12180606 0.034124   0.06418391 0.03849341 0.0628257
 0.05755591 0.07691181 0.08556138 0.0641839  0.08254516 0.05482138
 0.06418391 0.12914409 0.02091401]
[0.04526324 0.10445658 0.02824186 0.06327157 0.0433566  0.071969
 0.06002216 0.07258741 0.09415281 0.06327157 0.08973768 0.05292174
 0.06327157 0.12462999 0.02284624]
[0.03232277 0.1170658  0.01810928 0.05575833 0.02661976 0.06130813
 0.05360766 0.0607197  0.15617478 0.05575835 0.07942742 0.05311854
 0.05575835 0.15881538 0.01543569]
[0.03694837 0.12724826 0.02158113 0.06189274 0.03527536 0.06829068
 0.07765824 0.08511744 0.11946857 0.06189274 0.05733441 0.04481231
 0.06189275 0.12101255 0.01957441]
[0.04841746 0.11250471 0.03065952 0.06429777 0.04746224 0.07174348
 0.06467883 0.07873522 0.08601397 0.06429777 0.07589752 0.05597648
 0.06429778 0.1079454  0.02707186]
[0.03028338 0.13828331 0.01943567 0.0610015  0.02765184 0.06884113
 0.07027817 0.0736995  0.11511499 0.0610015  0.05791248 0.04418853
 0.06100152 0.15537007 0.01593644]
[0.03694837 0.12724826 0.02158112 0.06189274 0.03527536 0.06829067
 0.07765825 0.08511743 0.11946858 0.06189274 0.05733442 0.04481231
 0.06189274 0.12101256 0.01957442]
[0.04390946 0.11690424 0.02136853 0.06989986 0.04235608 0.06480844
 0.0620542  0.07941052 0.10615388 0.06989986 0.06587183 0.0469506
 0.06989986 0.12143403 0.0190787 ]
[0.0318156  0.13189426 0.01687844 0.05982658 0.02860924 0.05828901
 0.04010933 0.08322172 0.13413477 0.05982658 0.07987196 0.06893931
 0.05982659 0.12947735 0.01727924]]