1570
Test: public void test161() throws Throwable { DataInputStream dataInputStream0 = new DataInputStream((InputStream) null); // Undeclared exception!  Imaging.getBufferedImage((InputStream) dataInputStream0);   }
Code: public static BufferedImage getBufferedImage(final InputStream is) throws ImageReadException, IOException { return getBufferedImage(is, null); }
[[0.05449557 0.15552448 0.03336957 0.07559545 0.06328113 0.05415122
 0.1321999  0.07559545 0.02708917 0.06844307 0.05945324 0.07559546
 0.10291076 0.02229552]
[0.05840902 0.14640707 0.03484166 0.07987142 0.06396234 0.05583294
 0.11957119 0.07987142 0.03245978 0.09271242 0.05457241 0.07987141
 0.07576516 0.02585181]
[0.04842527 0.1480146  0.03424809 0.0776118  0.06771769 0.0573581
 0.14050247 0.0776118  0.03364665 0.07562022 0.06771047 0.0776118
 0.0735971  0.02032387]
[0.04478456 0.15041068 0.04437788 0.07568409 0.07340036 0.05789309
 0.14425674 0.07568409 0.02892568 0.06581867 0.05421932 0.07568409
 0.08611983 0.02274095]
[0.06009276 0.13462591 0.0288539  0.07784581 0.07201406 0.0496363
 0.15124635 0.07784581 0.03047929 0.08405939 0.0645784  0.07784581
 0.07099643 0.0198797 ]
[0.05510392 0.12561792 0.0342621  0.08722796 0.06554326 0.05544386
 0.1305121  0.08722796 0.02618055 0.08890899 0.06188685 0.08722796
 0.07591055 0.01894605]
[0.03925292 0.13666241 0.0219295  0.07094216 0.07130364 0.04214794
 0.19775195 0.07094216 0.02378011 0.08846328 0.0630122  0.07094218
 0.08517866 0.01769084]
[0.04478456 0.15041068 0.04437788 0.07568409 0.07340036 0.05789309
 0.14425674 0.07568409 0.02892568 0.06581867 0.05421932 0.07568409
 0.08611983 0.02274095]
[0.04303585 0.14809856 0.02484974 0.08248837 0.05672207 0.06293921
 0.16819832 0.08248837 0.02210038 0.06735291 0.06005644 0.08248836
 0.08412676 0.01505466]
[0.05915831 0.13394225 0.03902941 0.08065686 0.06497033 0.06429639
 0.10613245 0.08065686 0.03855658 0.08803643 0.06900816 0.08065686
 0.06272873 0.03217045]
[0.03715382 0.16035527 0.03022933 0.07776525 0.06555137 0.06162979
 0.14940558 0.07776525 0.02637647 0.06506577 0.05524078 0.07776525
 0.0974806  0.01821541]
[0.04478456 0.15041068 0.04437788 0.07568409 0.07340036 0.05789309
 0.14425674 0.07568409 0.02892568 0.06581867 0.05421932 0.07568409
 0.08611983 0.02274095]
[0.03736293 0.15937492 0.03047184 0.07549541 0.06459074 0.05611598
 0.17489408 0.07549541 0.02336605 0.0767334  0.06713947 0.07549541
 0.06991397 0.01355042]
[0.03831672 0.15159701 0.02021417 0.07313163 0.06225144 0.06401262
 0.16201502 0.07313163 0.029066   0.08995409 0.08122281 0.07313163
 0.06218705 0.0197682 ]]