20104
Test: public void test153() throws Throwable { Fraction fraction0 = Fraction.TWO_QUARTERS; Fraction fraction1 = fraction0.reduce(); String string0 = fraction1.toString(); }
Code: public String toString() { if (toString == null) { toString = getNumerator() + "/" + getDenominator(); } return toString; }
[[0.04308588 0.05499355 0.05514367 0.05974294 0.11636958 0.05977347
 0.06730589 0.0228185  0.05974294 0.04807734 0.02725694 0.05977347
 0.03496316 0.0510231  0.03496316 0.05977347 0.01885928 0.04770087
 0.05977348 0.01885928]
[0.04248048 0.04840566 0.05590657 0.06678159 0.12325895 0.05923124
 0.05417243 0.0189524  0.06678159 0.05356431 0.02864636 0.05923124
 0.0367117  0.05390473 0.0367117  0.05923124 0.01669218 0.04341225
 0.05923124 0.01669218]
[0.03283836 0.07943907 0.05216805 0.06249412 0.1065439  0.05894432
 0.05948521 0.01501799 0.06249412 0.05006306 0.02822443 0.05894432
 0.03303093 0.06723546 0.03303093 0.05894432 0.01624806 0.04966095
 0.05894433 0.01624806]
[0.04362759 0.06174662 0.04308112 0.07293691 0.07477216 0.05590852
 0.04603799 0.0276653  0.07293691 0.05370898 0.03644665 0.05590852
 0.04570273 0.05161246 0.04570273 0.05590852 0.02527166 0.04984448
 0.05590852 0.02527166]
[0.02949771 0.06503257 0.04296717 0.06663467 0.16804741 0.06602885
 0.0587577  0.01119913 0.06663467 0.04786921 0.02348111 0.06602885
 0.02475638 0.04706247 0.02475638 0.06602885 0.0100232  0.03914158
 0.06602886 0.0100232 ]
[0.03466465 0.06257728 0.05289213 0.05770961 0.08596807 0.0573584
 0.06519051 0.02488063 0.05770961 0.05385325 0.03784272 0.0573584
 0.04787068 0.0605612  0.04787068 0.0573584  0.0194147  0.04214595
 0.0573584  0.0194147 ]
[0.02687808 0.07156394 0.05237589 0.07327048 0.14771363 0.04262894
 0.06579209 0.01739758 0.07327048 0.06188898 0.02812328 0.04262894
 0.03639056 0.06426294 0.03639056 0.04262894 0.01482917 0.04450748
 0.04262894 0.01482917]
[0.03305281 0.05171458 0.04559601 0.07713174 0.149289   0.05859624
 0.06122854 0.02016101 0.07713174 0.0524685  0.02156905 0.05859624
 0.02812079 0.0563198  0.02812079 0.05859624 0.01174396 0.04022279
 0.05859624 0.01174396]
[0.04362759 0.06174662 0.04308112 0.07293691 0.07477216 0.05590852
 0.04603799 0.0276653  0.07293691 0.05370898 0.03644665 0.05590852
 0.04570273 0.05161246 0.04570273 0.05590852 0.02527166 0.04984448
 0.05590852 0.02527166]
[0.03604664 0.04779889 0.05803825 0.0763699  0.10470602 0.06478769
 0.04778316 0.02099452 0.0763699  0.05316705 0.02788189 0.06478769
 0.03632209 0.0470912  0.03632209 0.06478769 0.01613815 0.03968131
 0.06478769 0.01613815]
[0.04646779 0.05491263 0.03723363 0.05369029 0.1030969  0.0656921
 0.05213302 0.02941328 0.05369029 0.04542176 0.03887491 0.0656921
 0.04139476 0.04214301 0.04139476 0.0656921  0.02306556 0.05123347
 0.06569211 0.02306556]
[0.03466465 0.06257728 0.05289213 0.05770961 0.08596807 0.0573584
 0.06519051 0.02488063 0.05770961 0.05385325 0.03784272 0.0573584
 0.04787068 0.0605612  0.04787068 0.0573584  0.0194147  0.04214595
 0.0573584  0.0194147 ]
[0.04161295 0.06516889 0.0481712  0.05941058 0.11022484 0.05676825
 0.05334031 0.02276016 0.05941058 0.06476447 0.03017318 0.05676825
 0.035426   0.05692286 0.035426   0.05676825 0.02038055 0.04935393
 0.05676825 0.02038055]
[0.03917264 0.05637297 0.04210408 0.07388473 0.11383931 0.06201843
 0.05050362 0.01854715 0.07388473 0.05646938 0.02654088 0.06201843
 0.03076559 0.05916429 0.03076559 0.06201843 0.01520188 0.04950757
 0.06201843 0.01520188]
[0.04161295 0.06516889 0.0481712  0.05941058 0.11022484 0.05676825
 0.05334031 0.02276016 0.05941058 0.06476447 0.03017318 0.05676825
 0.035426   0.05692286 0.035426   0.05676825 0.02038055 0.04935393
 0.05676825 0.02038055]
[0.03466465 0.06257728 0.05289213 0.05770961 0.08596807 0.0573584
 0.06519051 0.02488063 0.05770961 0.05385325 0.03784272 0.0573584
 0.04787068 0.0605612  0.04787068 0.0573584  0.0194147  0.04214595
 0.0573584  0.0194147 ]
[0.03001006 0.05494342 0.0583251  0.08044776 0.11654504 0.05554686
 0.05228841 0.01870097 0.08044776 0.03948382 0.02749775 0.05554686
 0.0330601  0.05219512 0.0330601  0.05554686 0.01715175 0.0665037
 0.05554686 0.01715175]
[0.02996362 0.06568359 0.04149729 0.05943206 0.12303011 0.05931623
 0.05737122 0.01758648 0.05943206 0.05607489 0.02934601 0.05931623
 0.04140075 0.06467196 0.04140075 0.05931623 0.01624404 0.04335624
 0.05931624 0.01624404]
[0.03466465 0.06257728 0.05289213 0.05770961 0.08596807 0.0573584
 0.06519051 0.02488063 0.05770961 0.05385325 0.03784272 0.0573584
 0.04787068 0.0605612  0.04787068 0.0573584  0.0194147  0.04214595
 0.0573584  0.0194147 ]
[0.03001006 0.05494342 0.0583251  0.08044776 0.11654504 0.05554686
 0.05228841 0.01870097 0.08044776 0.03948382 0.02749775 0.05554686
 0.0330601  0.05219512 0.0330601  0.05554686 0.01715175 0.0665037
 0.05554686 0.01715175]]