20882
Test: public void test1263() throws Throwable { URL uRL0 = MockURL.getHttpExample(); HttpRequest httpRequest0 = HttpRequest.options(uRL0); String string0 = HttpRequest.CONTENT_TYPE_FORM; HttpURLConnection httpURLConnection0 = httpRequest0.getConnection(); }
Code: public HttpURLConnection getConnection() { if (connection == null) connection = createConnection(); return connection; }
[[0.05644242 0.07830447 0.07830447 0.07964105 0.15258431 0.07830447
 0.0877775  0.02970602 0.07886644 0.0357945  0.07830447 0.06265824
 0.07830448 0.02500709]
[0.04862726 0.0802507  0.0802507  0.08212191 0.12088974 0.0802507
 0.09122863 0.03496701 0.08087759 0.05333398 0.0802507  0.05915277
 0.08025072 0.02754758]
[0.04862726 0.0802507  0.0802507  0.08212191 0.12088974 0.0802507
 0.09122863 0.03496701 0.08087759 0.05333398 0.0802507  0.05915277
 0.08025072 0.02754758]
[0.06183207 0.07734282 0.07734282 0.10761935 0.10541356 0.07734282
 0.06426904 0.03837497 0.07720502 0.05184704 0.07734282 0.07008795
 0.07734283 0.03663687]
[0.03781462 0.083046   0.083046   0.08886322 0.2167144  0.083046
 0.07406244 0.01429506 0.05899086 0.03039752 0.08304601 0.05039255
 0.08304601 0.01323928]
[0.04862726 0.0802507  0.0802507  0.08212191 0.12088974 0.0802507
 0.09122863 0.03496701 0.08087759 0.05333398 0.0802507  0.05915277
 0.08025072 0.02754758]
[0.03920846 0.06116869 0.06116869 0.11012603 0.215134   0.06116869
 0.09537026 0.02532494 0.08046444 0.04123944 0.06116869 0.06514373
 0.06116869 0.02214532]
[0.04374152 0.07477386 0.07477386 0.1079405  0.19594622 0.07477386
 0.07949297 0.0260051  0.07456444 0.02892207 0.07477387 0.05342237
 0.07477388 0.01609545]
[0.05336478 0.07504057 0.07504057 0.08544589 0.18834764 0.07504057
 0.07713129 0.02617006 0.06861231 0.03750468 0.07504057 0.06375802
 0.07504059 0.02446244]
[0.05963345 0.08426145 0.08426145 0.07043677 0.13261008 0.08426145
 0.06650671 0.03744178 0.06572171 0.05033106 0.08426145 0.06604051
 0.08426146 0.02997067]
[0.04862726 0.0802507  0.0802507  0.08212191 0.12088974 0.0802507
 0.09122863 0.03496701 0.08087759 0.05333398 0.0802507  0.05915277
 0.08025072 0.02754758]
[0.04138763 0.08159035 0.08159035 0.08278915 0.16948663 0.08159035
 0.0788015  0.02423075 0.07241573 0.0405771  0.08159035 0.0597666
 0.08159035 0.02259313]
[0.04862727 0.0802507  0.0802507  0.08212192 0.12088975 0.0802507
 0.0912286  0.03496702 0.0808776  0.05333398 0.0802507  0.05915278
 0.0802507  0.02754758]
[0.03957877 0.07169498 0.07169498 0.11512562 0.1556859  0.07169498
 0.06972838 0.0243651  0.08534953 0.03724591 0.07169498 0.09031785
 0.07169499 0.02412808]]