2495
Test: public void test1() throws Throwable { TiffImagingParameters tiffImagingParameters0 = new TiffImagingParameters(); tiffImagingParameters0.setSubImage(4761, 4761, 1361, 431); }
Code: public boolean isSubImageSet() { return subImageWidth > 0 && subImageHeight > 0; }
[[0.05982567 0.14389701 0.08299878 0.08507688 0.06649583 0.08299878
 0.09930784 0.04754177 0.03906864 0.08299878 0.09930784 0.08383133
 0.0266509 ]
[0.04331248 0.2078728  0.08148027 0.11920205 0.07482842 0.08148027
 0.07191702 0.03610702 0.03066806 0.08148028 0.07191701 0.07790245
 0.02183187]
[0.04816823 0.1652248  0.07799239 0.08964367 0.05881335 0.07799239
 0.10134037 0.05039036 0.03544393 0.07799239 0.10134036 0.08614697
 0.02951083]
[0.06108719 0.12641624 0.07698803 0.10502928 0.06941266 0.07698803
 0.08414043 0.0680816  0.05441228 0.07698804 0.08414042 0.08036993
 0.03594578]
[0.04267649 0.19918248 0.08156025 0.09062952 0.06072478 0.08156025
 0.09015865 0.04544388 0.03089554 0.08156025 0.09015865 0.08097747
 0.02447178]
[0.04816823 0.1652248  0.07799239 0.08964367 0.05881335 0.07799239
 0.10134037 0.05039036 0.03544393 0.07799239 0.10134036 0.08614697
 0.02951083]
[0.05838755 0.1516755  0.07685494 0.0866736  0.06754853 0.07685494
 0.10744499 0.03894405 0.03470845 0.07685493 0.10744498 0.09704335
 0.01956418]
[0.04775365 0.19477418 0.06723198 0.1009215  0.07570111 0.06723198
 0.10022179 0.04511634 0.03539906 0.06723198 0.10022176 0.07825812
 0.01993655]
[0.04601793 0.20127398 0.08170694 0.1035797  0.05885919 0.08170694
 0.0854531  0.0393665  0.03266319 0.08170696 0.08545309 0.06969712
 0.0325153 ]
[0.04816823 0.1652248  0.07799239 0.08964367 0.05881335 0.07799239
 0.10134037 0.05039036 0.03544393 0.07799239 0.10134036 0.08614697
 0.02951083]
[0.05838755 0.1516755  0.07685494 0.0866736  0.06754853 0.07685494
 0.10744499 0.03894405 0.03470845 0.07685493 0.10744498 0.09704335
 0.01956418]
[0.05264961 0.1713632  0.07112958 0.09886025 0.06431325 0.07112958
 0.09318638 0.05323768 0.04331699 0.07112959 0.09318636 0.09079469
 0.02570277]
[0.04148888 0.13306893 0.07432239 0.12549053 0.09606674 0.07432239
 0.08848676 0.04544811 0.03781203 0.07432239 0.08848676 0.09458855
 0.02609558]]