165350
Test: public void test3() throws Throwable { long[] longArray0 = new long[0]; XoRoShiRo1024Star xoRoShiRo1024Star0 = new XoRoShiRo1024Star(longArray0); byte[] byteArray0 = xoRoShiRo1024Star0.getStateInternal(); }
Code: protected byte[] getStateInternal() { final long[] s = Arrays.copyOf(state, SEED_SIZE + 1); s[SEED_SIZE] = index; return composeStateInternal(NumberFactory.makeByteArray(s), super.getStateInternal()); }
[[0.06826188 0.05141642 0.06174204 0.08914758 0.03737312 0.05648207
 0.01786387 0.03247562 0.06174204 0.06174204 0.03409902 0.05145044
 0.06174204 0.03247562 0.0874175  0.0535592  0.06174205 0.06174205
 0.01752536]
[0.05222149 0.05378398 0.05847118 0.06329343 0.03781601 0.07529317
 0.01843632 0.03298181 0.05847118 0.05847118 0.03970176 0.05535103
 0.05847118 0.03298181 0.10636219 0.06323981 0.05847119 0.05847119
 0.01771011]
[0.06955305 0.05456448 0.05554133 0.06237695 0.03535851 0.07375746
 0.01695095 0.03846974 0.05554133 0.05554133 0.04797333 0.0547966
 0.05554133 0.03846974 0.11218624 0.04168621 0.05554134 0.05554134
 0.02060869]
[0.07287898 0.05057657 0.05265815 0.08245824 0.04377669 0.06511693
 0.01981283 0.03725101 0.05265815 0.05265815 0.04668128 0.05684812
 0.05265815 0.03725101 0.09489453 0.04926904 0.05265816 0.05265816
 0.02723586]
[0.05140145 0.05116289 0.06395397 0.0827041  0.03048356 0.05025489
 0.01388254 0.03431701 0.06395397 0.06395397 0.04280347 0.05035214
 0.06395397 0.03431701 0.09374815 0.06492171 0.06395398 0.06395398
 0.01592722]
[0.05636522 0.0587814  0.05902521 0.0780737  0.02937843 0.06448308
 0.01400321 0.02813286 0.05902521 0.05902521 0.03619004 0.05044257
 0.05902521 0.02813286 0.13072003 0.05884092 0.05902523 0.05902523
 0.01230441]
[0.07716534 0.05783405 0.05016557 0.07203565 0.03192841 0.07920179
 0.0181089  0.03935528 0.05016557 0.05016557 0.03903949 0.04756235
 0.05016557 0.03935528 0.11373167 0.05930639 0.05016558 0.05016558
 0.02438199]
[0.06695941 0.03366938 0.06396784 0.05508934 0.03829767 0.05698935
 0.02984703 0.03869053 0.06396784 0.06396784 0.04102847 0.06134657
 0.06396784 0.03869053 0.08196582 0.0504697  0.06396785 0.06396785
 0.02314913]
[0.06955305 0.05456448 0.05554133 0.06237695 0.03535851 0.07375746
 0.01695095 0.03846974 0.05554133 0.05554133 0.04797333 0.0547966
 0.05554133 0.03846974 0.11218624 0.04168621 0.05554134 0.05554134
 0.02060869]
[0.06955305 0.05456448 0.05554133 0.06237695 0.03535851 0.07375746
 0.01695095 0.03846974 0.05554133 0.05554133 0.04797333 0.0547966
 0.05554133 0.03846974 0.11218624 0.04168621 0.05554134 0.05554134
 0.02060869]
[0.06532134 0.05407345 0.05779254 0.06802473 0.04253289 0.06106651
 0.02043764 0.0320171  0.05779254 0.05779254 0.03849307 0.06197782
 0.05779254 0.0320171  0.10116512 0.05318096 0.05779254 0.05779254
 0.02293707]
[0.06178219 0.04808459 0.05533545 0.08100104 0.03791722 0.06239514
 0.01622298 0.03091655 0.05533545 0.05533545 0.0449075  0.0671217
 0.05533545 0.03091655 0.10771683 0.06256045 0.05533547 0.05533547
 0.01644452]
[0.06955305 0.05456448 0.05554133 0.06237695 0.03535851 0.07375746
 0.01695095 0.03846974 0.05554133 0.05554133 0.04797333 0.0547966
 0.05554133 0.03846974 0.11218624 0.04168621 0.05554134 0.05554134
 0.02060869]
[0.06695941 0.03366938 0.06396784 0.05508934 0.03829767 0.05698935
 0.02984703 0.03869053 0.06396784 0.06396784 0.04102847 0.06134657
 0.06396784 0.03869053 0.08196582 0.0504697  0.06396785 0.06396785
 0.02314913]
[0.06638341 0.03970306 0.05391099 0.10513891 0.03609047 0.0490983
 0.01406935 0.0333707  0.05391099 0.05391099 0.03542615 0.06873322
 0.05391099 0.0333707  0.12658128 0.04939222 0.05391101 0.05391101
 0.01917627]
[0.07515395 0.04948121 0.05909617 0.06674519 0.02935758 0.08731935
 0.01228759 0.03076811 0.05909617 0.05909617 0.04328473 0.06284944
 0.05909617 0.03076811 0.09528418 0.04413361 0.05909619 0.05909619
 0.0179899 ]
[0.06955306 0.05456446 0.05554134 0.06237696 0.03535851 0.07375745
 0.01695095 0.03846974 0.05554134 0.05554134 0.04797333 0.05479661
 0.05554134 0.03846974 0.11218623 0.04168622 0.05554134 0.05554134
 0.02060869]
[0.06955306 0.05456446 0.05554134 0.06237696 0.03535851 0.07375745
 0.01695095 0.03846974 0.05554134 0.05554134 0.04797333 0.05479661
 0.05554134 0.03846974 0.11218623 0.04168622 0.05554134 0.05554134
 0.02060869]
[0.06304289 0.03778007 0.05723514 0.10097232 0.03056499 0.06069038
 0.01368445 0.03114253 0.05723514 0.05723514 0.03633914 0.05452242
 0.05723514 0.03114253 0.10014784 0.07569984 0.05723515 0.05723515
 0.02085975]]