37304
Test: public void test50() throws Throwable { Duration duration0 = Duration.standardSeconds(2236L); Interval interval0 = new Interval(duration0, (ReadableInstant) null); Seconds seconds0 = Seconds.secondsIn(interval0); PeriodType periodType0 = seconds0.getPeriodType(); Period period0 = new Period((-1242L), 0L, periodType0); // Undeclared exception!  period0.withMonths(1000);   }
Code: public Period withMonths(int months) { int[] values = getValues(); // cloned getPeriodType().setIndexedField(this, PeriodType.MONTH_INDEX, values, months); return new Period(values, getPeriodType()); }
[[0.03534677 0.06266238 0.04904163 0.03049503 0.05393015 0.12957929
 0.03102145 0.02267497 0.0516654  0.04904163 0.07036414 0.04904163
 0.04904163 0.08749326 0.05687145 0.03974024 0.01735782 0.04904163
 0.04904163 0.01654785]
[0.03547498 0.06271043 0.04437262 0.03905459 0.07792686 0.11683586
 0.03772371 0.02458062 0.05110606 0.04437262 0.06716935 0.04437262
 0.04437262 0.08368133 0.06020049 0.04051703 0.01875464 0.04437262
 0.04437262 0.01802839]
[0.03056322 0.07874727 0.04982123 0.03086437 0.05503166 0.1303811
 0.02669024 0.03424887 0.03743956 0.04982123 0.05769657 0.04982123
 0.04982123 0.07625471 0.06384951 0.03726888 0.02380703 0.04982123
 0.04982123 0.01822968]
[0.03781497 0.08619546 0.04564548 0.02830477 0.05434281 0.113267
 0.02922788 0.03109362 0.04641575 0.04564548 0.07169209 0.04564548
 0.04564548 0.08849338 0.0615226  0.04384914 0.01832177 0.04564548
 0.04564548 0.01558588]
[0.04071934 0.06854229 0.05070908 0.02976077 0.0713765  0.09822577
 0.02918455 0.03416655 0.04958424 0.05070908 0.05196563 0.05070908
 0.05070908 0.06659009 0.06345189 0.04609035 0.02186313 0.05070908
 0.05070908 0.02422443]
[0.04090098 0.06907514 0.04580573 0.0320819  0.06689494 0.11465527
 0.03148247 0.02793438 0.04816008 0.04580573 0.06801266 0.04580573
 0.04580573 0.07626691 0.06376632 0.04924566 0.01972768 0.04580573
 0.04580573 0.01696127]
[0.02613475 0.06573041 0.04698419 0.02215003 0.05848443 0.17888385
 0.02495135 0.02147292 0.03909457 0.04698419 0.05357812 0.04698419
 0.04698419 0.09023938 0.06716417 0.04291293 0.01403047 0.04698419
 0.04698419 0.01326752]
[0.04052103 0.05611964 0.05725951 0.03235459 0.0477296  0.09814046
 0.03377698 0.03416195 0.04865327 0.05725951 0.04973695 0.05725951
 0.05725951 0.06760303 0.06328461 0.04484954 0.01917805 0.05725951
 0.05725951 0.02033322]
[0.03276725 0.07623308 0.05048205 0.03043202 0.05772557 0.13374354
 0.0299272  0.0200595  0.03997922 0.05048205 0.07061015 0.05048205
 0.05048205 0.08232121 0.06229097 0.03218928 0.0154948  0.05048205
 0.05048205 0.01333383]
[0.03056322 0.07874727 0.04982123 0.03086437 0.05503166 0.1303811
 0.02669024 0.03424887 0.03743956 0.04982123 0.05769657 0.04982123
 0.04982123 0.07625471 0.06384951 0.03726888 0.02380703 0.04982123
 0.04982123 0.01822968]
[0.02902099 0.08806085 0.04262616 0.01952051 0.0740229  0.18005683
 0.02342319 0.0236753  0.04073162 0.04262616 0.06508458 0.04262616
 0.04262616 0.08067513 0.05986309 0.03277723 0.01532261 0.04262616
 0.04262616 0.01200823]
[0.03056322 0.07874727 0.04982123 0.03086437 0.05503166 0.1303811
 0.02669024 0.03424887 0.03743956 0.04982123 0.05769657 0.04982123
 0.04982123 0.07625471 0.06384951 0.03726888 0.02380703 0.04982123
 0.04982123 0.01822968]
[0.03056322 0.07874727 0.04982123 0.03086437 0.05503166 0.1303811
 0.02669024 0.03424887 0.03743956 0.04982123 0.05769657 0.04982123
 0.04982123 0.07625471 0.06384951 0.03726888 0.02380703 0.04982123
 0.04982123 0.01822968]
[0.03011261 0.08790375 0.04024168 0.0260812  0.05619785 0.16001813
 0.02856549 0.02884032 0.04705223 0.04024168 0.06214118 0.04024168
 0.04024168 0.08480994 0.06895977 0.04025565 0.0205904  0.04024168
 0.04024168 0.01702141]
[0.02805135 0.04604303 0.05788092 0.02808833 0.04782196 0.16126941
 0.02566657 0.01714494 0.03101032 0.05788092 0.07132042 0.05788092
 0.05788092 0.06818326 0.05558925 0.03976811 0.01912864 0.05788092
 0.05788092 0.01362894]
[0.02509354 0.06614114 0.04715942 0.02917026 0.05492214 0.18674988
 0.026316   0.02489039 0.0407262  0.04715942 0.06898382 0.04715942
 0.04715942 0.07091589 0.05830833 0.0354257  0.0146463  0.04715943
 0.04715943 0.01475381]
[0.03247207 0.06345096 0.04695172 0.0231678  0.06558685 0.12951478
 0.02930877 0.02540804 0.03633592 0.04695172 0.07077236 0.04695172
 0.04695172 0.10363204 0.0538732  0.0458741  0.0203296  0.04695172
 0.04695172 0.01856324]
[0.03056322 0.07874727 0.04982123 0.03086437 0.05503166 0.1303811
 0.02669024 0.03424887 0.03743956 0.04982123 0.05769657 0.04982123
 0.04982123 0.07625471 0.06384951 0.03726888 0.02380703 0.04982123
 0.04982123 0.01822968]
[0.03056322 0.07874727 0.04982123 0.03086437 0.05503166 0.1303811
 0.02669024 0.03424887 0.03743956 0.04982123 0.05769657 0.04982123
 0.04982123 0.07625471 0.06384951 0.03726888 0.02380703 0.04982123
 0.04982123 0.01822968]
[0.02578554 0.09132874 0.04631409 0.02813029 0.07728621 0.10602123
 0.03023114 0.02451355 0.04023557 0.04631409 0.0686126  0.04631409
 0.04631409 0.07802558 0.06183199 0.05950164 0.01451086 0.04631409
 0.04631409 0.0161005 ]]