40519
Test: public void test6() throws Throwable { ReadablePeriodConverter readablePeriodConverter0 = new ReadablePeriodConverter(); // Undeclared exception!  readablePeriodConverter0.getPeriodType((Object) null);   }
Code: public PeriodType getPeriodType(Object object) { ReadablePeriod period = (ReadablePeriod) object; return period.getPeriodType(); }
[[0.06168655 0.08941075 0.08167532 0.10535737 0.08038763 0.05063678
 0.1418966  0.03869553 0.08557346 0.08557346 0.06765821 0.08557346
 0.0258749 ]
[0.04403432 0.09641142 0.08936915 0.09411306 0.09949432 0.05830537
 0.14302507 0.05025791 0.07230923 0.07230923 0.08074638 0.07230923
 0.02731529]
[0.05460132 0.11186396 0.07549597 0.09716374 0.09229939 0.05922028
 0.12453602 0.03879378 0.08640037 0.08640037 0.06219237 0.08640037
 0.02463207]
[0.04594176 0.08508904 0.05461984 0.11068065 0.08685789 0.05242671
 0.15484934 0.04173148 0.09170838 0.09170838 0.07026487 0.09170838
 0.02241333]
[0.06148336 0.09310997 0.06944244 0.0994477  0.09676908 0.0474431
 0.13130367 0.05109096 0.08147523 0.08147523 0.07103129 0.08147523
 0.03445273]
[0.06956103 0.0958738  0.07348135 0.09681114 0.09996933 0.04267381
 0.1413054  0.03977051 0.08235521 0.08235521 0.06265417 0.08235521
 0.03083379]
[0.05068304 0.0892425  0.0826031  0.09208873 0.08894278 0.05621705
 0.21654159 0.03042769 0.07172161 0.07172161 0.05542386 0.07172161
 0.02266479]
[0.06519881 0.08927496 0.07330349 0.0909206  0.07097623 0.05997525
 0.11780325 0.05329107 0.09229481 0.09229481 0.07105903 0.09229481
 0.03131285]
[0.04855093 0.09416674 0.08485603 0.09583139 0.07776543 0.05711509
 0.16137616 0.05235016 0.08088939 0.08088939 0.05894835 0.08088939
 0.02637149]
[0.04855093 0.09416674 0.08485603 0.09583139 0.07776543 0.05711509
 0.16137616 0.05235016 0.08088939 0.08088939 0.05894835 0.08088939
 0.02637149]
[0.03851205 0.09408257 0.0812041  0.08553493 0.07662825 0.05638547
 0.2249397  0.03773291 0.07612123 0.07612123 0.05568421 0.07612123
 0.0209321 ]
[0.04855093 0.09416674 0.08485603 0.09583139 0.07776543 0.05711509
 0.16137616 0.05235016 0.08088939 0.08088939 0.05894835 0.08088939
 0.02637149]
[0.04004079 0.08921625 0.06820046 0.12823588 0.10043334 0.04853246
 0.15500799 0.03593887 0.07530855 0.07530855 0.08673664 0.07530855
 0.02173175]]