29924
Test: public void test5() throws Throwable { Boolean boolean0 = Boolean.valueOf(""); Boolean boolean1 = BooleanUtil.negate(boolean0); Boolean boolean2 = BooleanUtil.toBooleanObject((String) null, boolean1); }
Code: public static Boolean toBooleanObject(String str) { return str != null ? Boolean.valueOf(str) : null; }
[[0.04651906 0.14227596 0.1634274  0.06453575 0.04352877 0.0638705
 0.05142362 0.03871371 0.0256301  0.0525656  0.0810329  0.06453576
 0.04369564 0.09802163 0.02022355]
[0.04827461 0.13041127 0.13575846 0.0648412  0.04623718 0.08768307
 0.04586129 0.03871248 0.03252618 0.0450309  0.0750954  0.06484119
 0.04328971 0.11778684 0.02365029]
[0.04664025 0.14706056 0.13592122 0.06286529 0.05005919 0.07801481
 0.06283748 0.0352596  0.02750733 0.04737242 0.08279722 0.06286529
 0.03861987 0.1044703  0.01770909]
[0.03970917 0.14135404 0.1327801  0.06571828 0.05180074 0.06603649
 0.0482773  0.03171591 0.02672834 0.04302312 0.08950175 0.06571828
 0.03838401 0.13703156 0.0222209 ]
[0.03625077 0.1612031  0.13024418 0.06657174 0.04211489 0.08594999
 0.06336132 0.03478811 0.02309688 0.04659969 0.08633748 0.06657174
 0.03784395 0.10485674 0.01420946]
[0.05307346 0.12346496 0.11060943 0.07039672 0.05546112 0.08338479
 0.06133472 0.03300576 0.03726636 0.04361315 0.07010438 0.07039672
 0.04331141 0.11486544 0.02971162]
[0.03341554 0.15385137 0.16199847 0.06691287 0.04810292 0.06471677
 0.04861911 0.02685951 0.02053223 0.04241603 0.09448772 0.06691287
 0.03090915 0.12249881 0.0177666 ]
[0.03343395 0.1535407  0.13105157 0.05816058 0.04615247 0.08488166
 0.05889234 0.03395491 0.02282202 0.04757504 0.08047561 0.05816056
 0.03541028 0.13794337 0.01754502]
[0.03381759 0.20061564 0.17432679 0.05888471 0.03595927 0.07182252
 0.04577889 0.02852617 0.01380223 0.03611367 0.1005154  0.05888472
 0.02027581 0.10753465 0.01314193]
[0.04277141 0.1204849  0.1218469  0.06522303 0.04805877 0.09816978
 0.06904657 0.03633866 0.02374232 0.03953129 0.09487078 0.06522302
 0.03448087 0.12513305 0.01507862]
[0.0407758  0.12822421 0.1439626  0.0639056  0.04331794 0.09702475
 0.05601596 0.0359661  0.02495814 0.0395032  0.09073655 0.06390559
 0.04157583 0.11173354 0.01839413]
[0.03970917 0.14135404 0.1327801  0.06571828 0.05180074 0.06603649
 0.0482773  0.03171591 0.02672834 0.04302312 0.08950175 0.06571828
 0.03838401 0.13703156 0.0222209 ]
[0.04601555 0.12894371 0.14009583 0.05587202 0.05041873 0.0722992
 0.05792466 0.0428207  0.02922607 0.04641029 0.10177343 0.05587202
 0.03198921 0.11546899 0.02486956]
[0.04586483 0.11130959 0.15389939 0.07727635 0.04683335 0.06882333
 0.05590091 0.04248124 0.02726945 0.04400964 0.09228755 0.07727635
 0.0469403  0.0885083  0.02131941]
[0.03416993 0.14262927 0.1251092  0.06410842 0.04409216 0.08662158
 0.07428335 0.04523669 0.02482772 0.03888726 0.08636364 0.06410842
 0.03168115 0.11918324 0.01869803]]