166460
Test: public void test3() throws Throwable { DefaultConversionHandler defaultConversionHandler0 = DefaultConversionHandler.INSTANCE; SQLTransientConnectionException sQLTransientConnectionException0 = new SQLTransientConnectionException("yyyy-MM-dd HH:mm:ss", "w|"); SQLSyntaxErrorException sQLSyntaxErrorException0 = new SQLSyntaxErrorException("failed finding method ", "-u3Kp5@+!/C", 256, sQLTransientConnectionException0); boolean boolean0 = defaultConversionHandler0.isEmptyElement(sQLSyntaxErrorException0); }
Code: protected boolean isEmptyElement(final Object src) { return (src instanceof CharSequence) && ((CharSequence) src).length() == 0; }
[[0.07455798 0.1365425  0.06658893 0.02941563 0.04772999 0.09327952
 0.05693503 0.06658893 0.02802258 0.06658893 0.03331082 0.06658893
 0.06658893 0.0675649  0.08127503 0.01842134]
[0.07899266 0.17057167 0.06704802 0.02765699 0.0454051  0.09854756
 0.06174213 0.06704802 0.02053442 0.06704802 0.0252965  0.06704802
 0.06704802 0.05373343 0.06424577 0.01803369]
[0.08381417 0.14209297 0.0660352  0.03299765 0.05269939 0.07259876
 0.0493516  0.0660352  0.03633694 0.0660352  0.02969845 0.0660352
 0.0660352  0.0751411  0.07102595 0.024067  ]
[0.08111323 0.1573006  0.05783881 0.03178959 0.04294957 0.10917572
 0.05683563 0.05783881 0.02787102 0.05783881 0.03138106 0.05783881
 0.05783881 0.07246097 0.08028166 0.01964684]
[0.07289247 0.13905887 0.06533226 0.03681635 0.05284707 0.09314775
 0.06266654 0.06533226 0.02489952 0.06533226 0.0302612  0.06533226
 0.06533226 0.06551492 0.07714064 0.01809326]
[0.09191772 0.10351495 0.06424081 0.03124042 0.05665883 0.09437433
 0.05905633 0.06424081 0.03984017 0.06424081 0.04740022 0.06424081
 0.06424081 0.05381279 0.06930578 0.03167446]
[0.08574149 0.16302012 0.06701142 0.03330695 0.05471738 0.07492688
 0.04995039 0.06701142 0.02681693 0.06701142 0.0254812  0.06701142
 0.06701142 0.06396446 0.06679939 0.0202177 ]
[0.08381417 0.14209297 0.0660352  0.03299765 0.05269939 0.07259876
 0.0493516  0.0660352  0.03633694 0.0660352  0.02969845 0.0660352
 0.0660352  0.0751411  0.07102595 0.024067  ]
[0.07791288 0.14998737 0.06525391 0.03616783 0.06611942 0.07823779
 0.0514513  0.06525391 0.0260724  0.06525391 0.02479817 0.06525391
 0.06525391 0.08276592 0.05763079 0.02258658]
[0.08381417 0.14209297 0.0660352  0.03299765 0.05269939 0.07259876
 0.0493516  0.0660352  0.03633694 0.0660352  0.02969845 0.0660352
 0.0660352  0.0751411  0.07102595 0.024067  ]
[0.07369947 0.16550185 0.06695774 0.03386893 0.05960766 0.08444963
 0.04816948 0.06695774 0.02732307 0.06695774 0.02669255 0.06695774
 0.06695774 0.06242647 0.05694712 0.02652504]
[0.08381417 0.14209297 0.0660352  0.03299765 0.05269939 0.07259876
 0.0493516  0.0660352  0.03633694 0.0660352  0.02969845 0.0660352
 0.0660352  0.0751411  0.07102595 0.024067  ]
[0.08381417 0.14209297 0.0660352  0.03299765 0.05269939 0.07259876
 0.0493516  0.0660352  0.03633694 0.0660352  0.02969845 0.0660352
 0.0660352  0.0751411  0.07102595 0.024067  ]
[0.06564969 0.22039697 0.04678967 0.0367783  0.05698291 0.10153462
 0.05426566 0.04678967 0.02652072 0.04678967 0.02805324 0.04678967
 0.04678967 0.07629499 0.07963023 0.01994434]
[0.06217577 0.15233956 0.06303032 0.03300577 0.05778801 0.0866811
 0.05679598 0.06303032 0.03240733 0.06303032 0.03816874 0.06303032
 0.06303032 0.06289145 0.08000919 0.02258548]
[0.07134067 0.11419484 0.06356145 0.03768078 0.04944121 0.10560185
 0.08147521 0.06356145 0.02562075 0.06356145 0.03205801 0.06356145
 0.06356145 0.06251936 0.08024589 0.02201424]]