15202
Test: public void test226() throws Throwable { MockDate mockDate0 = new MockDate(60000L); Locale locale0 = Locale.ITALIAN; MockGregorianCalendar mockGregorianCalendar0 = new MockGregorianCalendar(locale0); SimpleTimeZone simpleTimeZone0 = new SimpleTimeZone((-1033), "", 2742, 0, 2742, (-4130), 500, (-1033), 0, 0, 0, (-4130), 500); Calendar calendar0 = DateUtils.toCalendar((Date) mockDate0, (TimeZone) simpleTimeZone0); boolean boolean0 = DateUtils.isSameInstant((Calendar) mockGregorianCalendar0, calendar0); }
Code: public static boolean isSameInstant(final Date date1, final Date date2) { if (date1 == null || date2 == null) { throw nullDateIllegalArgumentException(); } return date1.getTime() == date2.getTime(); }
[[0.02852507 0.08419879 0.07173686 0.03957109 0.01366719 0.03957109
 0.02281531 0.01366719 0.03957109 0.0374231  0.07682571 0.03957109
 0.04516757 0.03268401 0.0273679  0.04160175 0.04516757 0.0153948
 0.0374231  0.02881183 0.03957109 0.01201982 0.03131739 0.03957109
 0.04516757 0.0395711  0.01201982]
[0.02887806 0.07809456 0.08703776 0.03877804 0.01150928 0.03877804
 0.02142897 0.01150928 0.03877804 0.05254877 0.07844588 0.03877804
 0.03647055 0.02692974 0.02701857 0.04724763 0.03647055 0.01518513
 0.05254877 0.02498348 0.03877804 0.01416761 0.02744101 0.03877804
 0.03647055 0.03877804 0.01416761]
[0.02178086 0.07667428 0.12219691 0.04244033 0.00813081 0.04244033
 0.01969848 0.00813081 0.04244033 0.04880896 0.07877921 0.04244033
 0.03330505 0.02657666 0.02445951 0.0344386  0.03330505 0.01091951
 0.04880896 0.02070987 0.04244033 0.00938192 0.03412522 0.04244033
 0.03330505 0.04244034 0.00938192]
[0.02403534 0.08343317 0.09052601 0.04014779 0.01353403 0.04014779
 0.02313169 0.01353403 0.04014779 0.03792775 0.05908119 0.04014779
 0.04559422 0.026386   0.03274789 0.0394176  0.04559422 0.01713581
 0.03792775 0.02839199 0.04014779 0.01290248 0.02916757 0.04014779
 0.04559422 0.0401478  0.01290248]
[0.02599691 0.08413073 0.08355564 0.03933254 0.01420832 0.03933254
 0.02097721 0.01420832 0.03933254 0.04956192 0.07052543 0.03933254
 0.04245815 0.02391478 0.02583427 0.031927   0.04245815 0.01498988
 0.04956192 0.03000465 0.03933254 0.00975005 0.03840067 0.03933254
 0.04245815 0.03933255 0.00975006]
[0.02403534 0.08343317 0.09052601 0.04014779 0.01353403 0.04014779
 0.02313169 0.01353403 0.04014779 0.03792775 0.05908119 0.04014779
 0.04559422 0.026386   0.03274789 0.0394176  0.04559422 0.01713581
 0.03792775 0.02839199 0.04014779 0.01290248 0.02916757 0.04014779
 0.04559422 0.0401478  0.01290248]
[0.02695955 0.07980509 0.08017486 0.041932   0.0128458  0.041932
 0.01793572 0.0128458  0.041932   0.04512634 0.09005145 0.041932
 0.03996444 0.02279705 0.0237791  0.03102215 0.03996444 0.0121398
 0.04512634 0.02893116 0.041932   0.00892588 0.03919064 0.041932
 0.03996444 0.04193201 0.00892588]
[0.02599691 0.08413073 0.08355564 0.03933254 0.01420832 0.03933254
 0.02097721 0.01420832 0.03933254 0.04956192 0.07052543 0.03933254
 0.04245815 0.02391478 0.02583427 0.031927   0.04245815 0.01498988
 0.04956192 0.03000465 0.03933254 0.00975005 0.03840067 0.03933254
 0.04245815 0.03933255 0.00975006]
[0.02403534 0.08343317 0.09052601 0.04014779 0.01353403 0.04014779
 0.02313169 0.01353403 0.04014779 0.03792775 0.05908119 0.04014779
 0.04559422 0.026386   0.03274789 0.0394176  0.04559422 0.01713581
 0.03792775 0.02839199 0.04014779 0.01290248 0.02916757 0.04014779
 0.04559422 0.0401478  0.01290248]
[0.03145115 0.07402281 0.06931607 0.04120622 0.01626742 0.04120622
 0.03088056 0.01626742 0.04120622 0.05055846 0.05416925 0.04120622
 0.03365485 0.02565332 0.02776142 0.04274805 0.03365485 0.02034097
 0.05055846 0.02874335 0.04120622 0.01782804 0.03619713 0.04120622
 0.03365485 0.04120623 0.01782804]
[0.0183003  0.11237156 0.11510757 0.04210655 0.00577537 0.04210655
 0.01401033 0.00577537 0.04210655 0.03888279 0.10333792 0.04210655
 0.03735438 0.02104766 0.0357258  0.02323119 0.03735438 0.00699195
 0.03888279 0.0177409  0.04210655 0.00593982 0.02412983 0.04210655
 0.03735439 0.04210656 0.00593982]
[0.02403534 0.08343317 0.09052601 0.04014779 0.01353403 0.04014779
 0.02313169 0.01353403 0.04014779 0.03792775 0.05908119 0.04014779
 0.04559422 0.026386   0.03274789 0.0394176  0.04559422 0.01713581
 0.03792775 0.02839199 0.04014779 0.01290248 0.02916757 0.04014779
 0.04559422 0.0401478  0.01290248]
[0.01780807 0.10252166 0.14964147 0.02903218 0.00991465 0.02903218
 0.01651467 0.00991465 0.02903218 0.04603014 0.09813416 0.02903218
 0.04405913 0.02201171 0.02995778 0.03452784 0.04405913 0.01156851
 0.04603014 0.02184906 0.02903218 0.00942695 0.02931906 0.02903218
 0.04405911 0.02903218 0.00942696]
[0.02571456 0.07165232 0.07009403 0.03926934 0.01313543 0.03926934
 0.02029161 0.01313543 0.03926934 0.05780902 0.0796413  0.03926934
 0.04061821 0.02385049 0.02639652 0.03660408 0.04061821 0.01475993
 0.05780902 0.03315082 0.03926934 0.00892825 0.04135899 0.03926934
 0.04061821 0.03926934 0.00892825]
[0.02115613 0.07908195 0.08049331 0.0428694  0.00941796 0.0428694
 0.01998631 0.00941796 0.0428694  0.05674186 0.09517373 0.0428694
 0.03489517 0.02480652 0.02533067 0.03069394 0.03489517 0.01101792
 0.05674186 0.03005465 0.0428694  0.00706439 0.03098521 0.0428694
 0.03489517 0.0428694  0.00706439]
[0.02584137 0.07226744 0.09547015 0.04164606 0.01234145 0.04164606
 0.02769048 0.01234145 0.04164606 0.0486638  0.07326338 0.04164606
 0.03247147 0.02730577 0.03524472 0.03418462 0.03247147 0.01237827
 0.0486638  0.02733725 0.04164606 0.01055719 0.03695488 0.04164606
 0.03247147 0.04164606 0.01055719]
[0.01780807 0.10252166 0.14964147 0.02903218 0.00991465 0.02903218
 0.01651467 0.00991465 0.02903218 0.04603014 0.09813416 0.02903218
 0.04405913 0.02201171 0.02995778 0.03452784 0.04405913 0.01156851
 0.04603014 0.02184906 0.02903218 0.00942695 0.02931906 0.02903218
 0.04405911 0.02903218 0.00942696]
[0.0210675  0.0930194  0.11509069 0.03795793 0.01077055 0.03795793
 0.01766085 0.01077055 0.03795793 0.0478733  0.09551142 0.03795793
 0.03936408 0.02138409 0.02437782 0.03762981 0.03936408 0.01299895
 0.0478733  0.01985129 0.03795793 0.00736373 0.02559531 0.03795793
 0.03936408 0.03795793 0.00736373]
[0.03145115 0.07402281 0.06931607 0.04120622 0.01626742 0.04120622
 0.03088056 0.01626742 0.04120622 0.05055846 0.05416925 0.04120622
 0.03365485 0.02565332 0.02776142 0.04274805 0.03365485 0.02034097
 0.05055846 0.02874335 0.04120622 0.01782804 0.03619713 0.04120622
 0.03365485 0.04120623 0.01782804]
[0.02338565 0.08897413 0.0859219  0.03863355 0.00992285 0.03863355
 0.02075806 0.00992285 0.03863355 0.0578924  0.08064283 0.03863355
 0.03554028 0.03055333 0.02435781 0.03194778 0.03554028 0.01371559
 0.0578924  0.0277547  0.03863355 0.00972295 0.03985611 0.03863355
 0.03554028 0.03863356 0.00972295]
[0.02403534 0.08343317 0.09052601 0.04014779 0.01353403 0.04014779
 0.02313169 0.01353403 0.04014779 0.03792775 0.05908119 0.04014779
 0.04559422 0.026386   0.03274789 0.0394176  0.04559422 0.01713581
 0.03792775 0.02839199 0.04014779 0.01290248 0.02916757 0.04014779
 0.04559422 0.0401478  0.01290248]
[0.02119824 0.08816205 0.07443918 0.03981937 0.00973172 0.03981937
 0.01908074 0.00973172 0.03981937 0.05346097 0.08158582 0.03981937
 0.03664883 0.02414764 0.03048221 0.03467959 0.03664883 0.01332117
 0.05346097 0.02872523 0.03981937 0.01155356 0.04600359 0.03981937
 0.03664883 0.03981937 0.01155356]
[0.02021542 0.0918159  0.10946953 0.04087635 0.01064868 0.04087635
 0.0184168  0.01064868 0.04087635 0.0383411  0.08413689 0.04087635
 0.0398214  0.02600778 0.02296712 0.03736645 0.0398214  0.01201795
 0.0383411  0.02332127 0.04087635 0.01056725 0.02955223 0.04087635
 0.0398214  0.04087636 0.01056725]
[0.02403534 0.08343317 0.09052601 0.04014779 0.01353403 0.04014779
 0.02313169 0.01353403 0.04014779 0.03792775 0.05908119 0.04014779
 0.04559422 0.026386   0.03274789 0.0394176  0.04559422 0.01713581
 0.03792775 0.02839199 0.04014779 0.01290248 0.02916757 0.04014779
 0.04559422 0.0401478  0.01290248]
[0.01780807 0.10252154 0.14964141 0.02903217 0.00991465 0.02903217
 0.01651467 0.00991465 0.02903217 0.04603016 0.0981342  0.02903217
 0.04405912 0.0220117  0.02995778 0.03452785 0.04405912 0.01156851
 0.04603016 0.02184906 0.02903217 0.00942696 0.02931906 0.02903217
 0.04405912 0.02903218 0.00942695]
[0.02403534 0.08343317 0.09052602 0.04014779 0.01353403 0.04014779
 0.02313168 0.01353403 0.04014779 0.03792775 0.05908119 0.04014779
 0.04559422 0.026386   0.03274788 0.0394176  0.04559422 0.01713581
 0.03792775 0.02839199 0.04014779 0.01290249 0.02916757 0.04014779
 0.04559422 0.0401478  0.01290249]
[0.02119824 0.08816203 0.07443919 0.03981936 0.00973172 0.03981936
 0.01908074 0.00973172 0.03981936 0.05346098 0.08158581 0.03981936
 0.03664883 0.02414763 0.03048222 0.03467959 0.03664883 0.01332117
 0.05346098 0.02872523 0.03981936 0.01155356 0.04600359 0.03981936
 0.03664883 0.03981937 0.01155356]]