28569
Test: public void test258() throws Throwable { Vector2D vector2D0 = Vector2D.NEGATIVE_INFINITY; // Undeclared exception!  vector2D0.add((-2207.8540374056), (Vector2D) null);   }
Code: public Vector2D add(final Vector2D v) { return new Vector2D(x + v.x, y + v.y); }
[[0.06292097 0.08095174 0.08729088 0.08095174 0.02962325 0.08720941
 0.06965598 0.03150588 0.08729088 0.05105802 0.08729088 0.07836819
 0.05105802 0.08729089 0.02753329]
[0.06446007 0.06903733 0.08407396 0.06903733 0.02998787 0.11022698
 0.06739917 0.02618189 0.08407396 0.0485686  0.08407396 0.10347269
 0.0485686  0.08407398 0.02676359]
[0.04841703 0.07831896 0.07991695 0.07831896 0.03234089 0.08169387
 0.05889512 0.03723585 0.07991695 0.06701875 0.07991695 0.10366507
 0.06701874 0.07991697 0.02740892]
[0.06446007 0.06903733 0.08407396 0.06903733 0.02998787 0.11022698
 0.06739917 0.02618189 0.08407396 0.0485686  0.08407396 0.10347269
 0.0485686  0.08407398 0.02676359]
[0.04961332 0.06750508 0.0833012  0.06750508 0.03056152 0.13344766
 0.07007555 0.03245068 0.0833012  0.04360112 0.0833012  0.1036856
 0.04360111 0.08330122 0.02474854]
[0.0590582  0.0678056  0.07578384 0.0678056  0.0429555  0.09850731
 0.06750356 0.03243636 0.07578385 0.06185521 0.07578385 0.10291576
 0.06185522 0.07578386 0.03416623]
[0.0432764  0.06765374 0.08642773 0.06765374 0.04359839 0.08428731
 0.06288537 0.02580363 0.08642773 0.05969912 0.08642773 0.11661723
 0.05969911 0.08642775 0.02311506]
[0.0537475  0.06544311 0.08242056 0.06544311 0.03891551 0.09735244
 0.07561751 0.03493731 0.08242056 0.05744521 0.08242056 0.0957032
 0.05744521 0.08242057 0.02826769]
[0.04841703 0.07831896 0.07991695 0.07831896 0.03234089 0.08169387
 0.05889512 0.03723585 0.07991695 0.06701875 0.07991695 0.10366507
 0.06701874 0.07991697 0.02740892]
[0.0608443  0.06695812 0.08298956 0.06695812 0.0399016  0.08690338
 0.07217041 0.03146191 0.08298957 0.05180571 0.08298957 0.10942338
 0.05180571 0.08298956 0.02980914]
[0.04841703 0.07831896 0.07991695 0.07831896 0.03234089 0.08169387
 0.05889512 0.03723585 0.07991695 0.06701875 0.07991695 0.10366507
 0.06701874 0.07991697 0.02740892]
[0.05520718 0.06452015 0.08986144 0.06452015 0.0428958  0.1009645
 0.06372003 0.02713109 0.08986144 0.05283362 0.08986144 0.09513874
 0.05283362 0.08986145 0.02078938]
[0.0608443  0.06695811 0.08298955 0.06695811 0.0399016  0.08690339
 0.07217041 0.03146191 0.08298955 0.05180571 0.08298955 0.10942338
 0.0518057  0.08298956 0.02980914]
[0.04841704 0.07831898 0.07991695 0.07831898 0.03234089 0.08169387
 0.05889511 0.03723585 0.07991695 0.06701875 0.07991695 0.10366507
 0.06701875 0.07991695 0.02740892]
[0.04426022 0.06487658 0.08038734 0.06487658 0.03475246 0.12751764
 0.10064663 0.02488005 0.08038734 0.04924002 0.08038734 0.091383
 0.04924002 0.08038737 0.02677738]]