131268
Test: public void test77() throws Throwable { Complex complex0 = Complex.ofPolar(665.1675, 665.1675); Complex complex1 = complex0.ONE.multiply((-322.36487)); complex1.ONE.add(16.0); complex0.equals("Z^3 Awb7]YQ}km/j"); Complex complex2 = complex0.subtractImaginary(665.1675); Complex complex3 = complex0.add((-1.0)); complex3.ONE.negate(); complex2.ONE.toString(); complex2.ZERO.pow((-235.9057322027367)); Complex.ofPolar((-596.2229841951042), (-596.2229841951042)); complex2.cos(); complex3.multiplyImaginary(2415.27502988604); }
Code: public Complex multiplyImaginary(double factor) { return new Complex(-imaginary * factor, real * factor); }
[[0.06224857 0.10528306 0.08634542 0.08634542 0.07307786 0.06728137
 0.0320807  0.08634542 0.04025708 0.12191151 0.08786997 0.04025708
 0.08634543 0.02435106]
[0.05572003 0.12416299 0.09418304 0.09418304 0.08048798 0.07080032
 0.0335221  0.09418304 0.04396442 0.08133969 0.06492881 0.04396442
 0.09418305 0.02437709]
[0.0528806  0.11040391 0.08986169 0.08986169 0.07497719 0.06394866
 0.03942621 0.08986169 0.04686534 0.10236634 0.07670182 0.04686534
 0.08986171 0.02611777]
[0.0528806  0.11040391 0.08986169 0.08986169 0.07497719 0.06394866
 0.03942621 0.08986169 0.04686534 0.10236634 0.07670182 0.04686534
 0.08986171 0.02611777]
[0.06057609 0.10997233 0.08263773 0.08263773 0.09003893 0.07067601
 0.03486388 0.08263773 0.0550865  0.07764353 0.08258459 0.0550865
 0.08263774 0.03292072]
[0.04595818 0.10647684 0.0987581  0.0987581  0.07523477 0.06923207
 0.0281479  0.0987581  0.03313485 0.11608209 0.07620633 0.03313485
 0.09875812 0.02135965]
[0.05510392 0.09325917 0.08878292 0.08878292 0.0896127  0.07724109
 0.03699088 0.08878292 0.03539251 0.09791484 0.09721617 0.03539251
 0.08878294 0.02674453]
[0.0528806  0.11040391 0.08986169 0.08986169 0.07497719 0.06394866
 0.03942621 0.08986169 0.04686534 0.10236634 0.07670182 0.04686534
 0.08986171 0.02611777]
[0.07267456 0.07842156 0.08633544 0.08633544 0.08879817 0.06735517
 0.023987   0.08633544 0.06239808 0.10753168 0.0724023  0.06239808
 0.08633546 0.01869163]
[0.05025804 0.138196   0.07908835 0.07908835 0.07631446 0.06711872
 0.02736028 0.07908835 0.04599147 0.12431127 0.08805454 0.04599147
 0.07908835 0.02005027]
[0.04875538 0.11155727 0.09813638 0.09813638 0.07881467 0.07428395
 0.02768207 0.09813638 0.03445837 0.09274115 0.08452389 0.03445837
 0.09813641 0.02017932]
[0.07267456 0.07842156 0.08633544 0.08633544 0.08879817 0.06735517
 0.023987   0.08633544 0.06239808 0.10753168 0.0724023  0.06239808
 0.08633546 0.01869163]
[0.05288061 0.1104039  0.08986169 0.08986169 0.0749772  0.06394866
 0.03942621 0.08986169 0.04686535 0.10236634 0.07670183 0.04686535
 0.08986169 0.02611777]
[0.04479326 0.10963075 0.08644371 0.08644371 0.09966679 0.09336407
 0.02502264 0.08644371 0.04338939 0.09969395 0.07308248 0.04338939
 0.08644373 0.02219241]]