83225
Test: public void test21() throws Throwable { byte[] byteArray0 = new byte[22]; ByteArrayInputStream byteArrayInputStream0 = new ByteArrayInputStream(byteArray0); DataInputStream dataInputStream0 = new DataInputStream(byteArrayInputStream0); NestMembers nestMembers0 = new NestMembers(14, 14, dataInputStream0, (ConstantPool) null); int int0 = nestMembers0.getNumberClasses(); }
Code: public int getNumberClasses() { return classes == null ? 0 : classes.length; }
[[0.06574722 0.0404156  0.09121409 0.09359074 0.07308906 0.11310948
 0.10201394 0.07343287 0.11146899 0.05224389 0.06315093 0.09121409
 0.02930915]
[0.04496891 0.03152704 0.11322702 0.10703956 0.07322389 0.10967959
 0.11068206 0.05834042 0.12446047 0.04043031 0.05063241 0.11322704
 0.02256129]
[0.05696525 0.03619437 0.09374566 0.09767037 0.06933426 0.11045953
 0.10659476 0.06122369 0.12586278 0.05994888 0.0555905  0.09374566
 0.03266425]
[0.07198772 0.03440787 0.09398969 0.11645318 0.08275509 0.09656878
 0.07686315 0.05859479 0.09307101 0.08120888 0.05916282 0.0939897
 0.0409473 ]
[0.05118492 0.03012685 0.10112928 0.10192677 0.07399353 0.10733252
 0.09774769 0.06377371 0.1403924  0.05546916 0.04795524 0.10112928
 0.02783861]
[0.05369774 0.03484876 0.10347389 0.12805283 0.0930415  0.09839255
 0.08215003 0.05524769 0.13107708 0.0468683  0.0483883  0.10347389
 0.02128739]
[0.04875471 0.03005845 0.07923269 0.12682231 0.08032334 0.09361306
 0.1204752  0.0600912  0.14378497 0.04692915 0.06474639 0.07923269
 0.02593587]
[0.05727746 0.03275073 0.08726586 0.13312708 0.09267315 0.11872808
 0.0902036  0.05282329 0.12637872 0.05453975 0.04658556 0.08726586
 0.0203808 ]
[0.05926972 0.0260207  0.09297123 0.1400302  0.08131316 0.11639193
 0.07319061 0.05753347 0.1323775  0.04121422 0.06013706 0.09297122
 0.02657897]
[0.05859357 0.03315311 0.08863974 0.10892449 0.09172578 0.08126909
 0.10814965 0.06248428 0.14714003 0.05576525 0.05295122 0.08863974
 0.02256399]
[0.06617079 0.04148015 0.08020274 0.10471226 0.08327238 0.10016474
 0.08068968 0.06653651 0.1452491  0.06921048 0.0461824  0.08020274
 0.03592606]
[0.05696525 0.03619437 0.09374566 0.09767037 0.06933426 0.11045953
 0.10659476 0.06122369 0.12586278 0.05994888 0.0555905  0.09374566
 0.03266425]
[0.04878758 0.03680171 0.09070182 0.12848106 0.10744973 0.10987981
 0.08480977 0.05512647 0.12106779 0.05224665 0.04644668 0.09070182
 0.02749906]]