1618
Test: public void test209() throws Throwable { EvoSuiteFile evoSuiteFile0 = new EvoSuiteFile("icns/icns"); FileSystemHandling.appendLineToFile(evoSuiteFile0, "icns"); MockFile mockFile0 = new MockFile("icns", "icns"); ICC_Profile iCC_Profile0 = Imaging.getICCProfile((File) mockFile0); }
Code: public static ICC_Profile getICCProfile(final byte[] bytes) throws ImageReadException, IOException { return getICCProfile(new ByteSourceArray(bytes)); }
[[0.05324694 0.1515885  0.07386316 0.07386316 0.07870398 0.04493978
 0.12932676 0.07386316 0.02641379 0.06666169 0.05806468 0.07386316
 0.07386318 0.02173803]
[0.05514704 0.1440943  0.07468033 0.07468033 0.06533934 0.04420736
 0.11365996 0.07468033 0.03189478 0.09442686 0.05199694 0.07468033
 0.07468034 0.02583173]
[0.04409354 0.15123169 0.07397021 0.07397021 0.07586154 0.04264135
 0.14248209 0.07397021 0.02935513 0.06782212 0.0534624  0.07397021
 0.07397023 0.02319905]
[0.04409354 0.15123169 0.07397021 0.07397021 0.07586154 0.04264135
 0.14248209 0.07397021 0.02935513 0.06782212 0.0534624  0.07397021
 0.07397023 0.02319905]
[0.0515805  0.14929235 0.06905776 0.06905776 0.0654811  0.04170146
 0.16322765 0.06905776 0.02881653 0.06460707 0.07103263 0.06905776
 0.06905777 0.01897195]
[0.03904863 0.16700079 0.06052037 0.06052037 0.08643352 0.04260577
 0.1862657  0.06052037 0.02599943 0.07633251 0.05473804 0.06052037
 0.06052038 0.01897377]
[0.03854477 0.1372149  0.06789141 0.06789141 0.06531633 0.03361873
 0.18974608 0.06789141 0.02420524 0.09125143 0.06269544 0.06789143
 0.06789143 0.01794993]
[0.04409354 0.15123169 0.07397021 0.07397021 0.07586154 0.04264135
 0.14248209 0.07397021 0.02935513 0.06782212 0.0534624  0.07397021
 0.07397023 0.02319905]
[0.04117205 0.14576155 0.07876573 0.07876573 0.0555185  0.04225627
 0.16033906 0.07876573 0.02168429 0.06675514 0.0579686  0.07876572
 0.07876574 0.01471593]
[0.05582629 0.13032612 0.07377592 0.07377592 0.07202461 0.05256226
 0.09899728 0.07377592 0.03725703 0.08832004 0.0644363  0.07377592
 0.07377594 0.03137052]
[0.0370868  0.16262081 0.07682171 0.07682171 0.06702697 0.03540728
 0.14689068 0.07682171 0.02685755 0.06659254 0.054859   0.07682172
 0.07682174 0.01854969]
[0.04409354 0.15123169 0.07397021 0.07397021 0.07586154 0.04264135
 0.14248209 0.07397021 0.02935513 0.06782212 0.0534624  0.07397021
 0.07397023 0.02319905]
[0.04409355 0.15123168 0.07397021 0.07397021 0.07586153 0.04264135
 0.1424821  0.07397021 0.02935512 0.06782212 0.05346241 0.07397021
 0.07397022 0.02319905]
[0.03676436 0.15132807 0.06929352 0.06929352 0.04464581 0.04628428
 0.15506913 0.06929352 0.02887124 0.09136461 0.07939336 0.06929352
 0.06929353 0.01981146]]