11698
Test: public void test17() throws Throwable { ExtendedMessageFormat extendedMessageFormat0 = new ExtendedMessageFormat(""); // Undeclared exception!  extendedMessageFormat0.setFormat((-3455), extendedMessageFormat0);   }
Code: public void setFormat(final int formatElementIndex, final Format newFormat) { throw new UnsupportedOperationException(); }
[[0.07741345 0.06224968 0.10738973 0.04955383 0.10738973 0.06174904
 0.10738973 0.10738973 0.10028109 0.07827025 0.03924701 0.06933666
 0.03234012]
[0.06383659 0.05579532 0.12381954 0.03387797 0.12381954 0.05571126
 0.12381954 0.12381954 0.11160409 0.07421232 0.02918774 0.04654641
 0.0339501 ]
[0.06631161 0.05727056 0.11174739 0.04348719 0.11174739 0.06222863
 0.11174739 0.11174739 0.0992064  0.0782235  0.04989218 0.06224935
 0.03414101]
[0.05025198 0.04413548 0.12915891 0.03627503 0.12915891 0.06843577
 0.12915891 0.12915891 0.11353432 0.06639199 0.02703784 0.05277582
 0.02452609]
[0.06631161 0.05727056 0.11174739 0.04348719 0.11174739 0.06222863
 0.11174739 0.11174739 0.0992064  0.0782235  0.04989218 0.06224935
 0.03414101]
[0.07430564 0.05454199 0.11740997 0.03334242 0.11740997 0.0491292
 0.11740997 0.11740997 0.12151424 0.07983989 0.03366577 0.05983526
 0.02418569]
[0.06631161 0.05727056 0.11174739 0.04348719 0.11174739 0.06222863
 0.11174739 0.11174739 0.0992064  0.0782235  0.04989218 0.06224935
 0.03414101]
[0.06631161 0.05727056 0.11174739 0.04348719 0.11174739 0.06222863
 0.11174739 0.11174739 0.0992064  0.0782235  0.04989218 0.06224935
 0.03414101]
[0.07669771 0.06672955 0.10148986 0.03696048 0.10148986 0.07521693
 0.10148986 0.10148986 0.12104413 0.06999081 0.04312209 0.06123719
 0.04304175]
[0.06515841 0.05255299 0.10837664 0.04052372 0.10837664 0.05730005
 0.10837664 0.10837664 0.15645432 0.07709919 0.03570253 0.05502457
 0.02667772]
[0.0691223  0.06076083 0.10923997 0.04795564 0.10923997 0.0549966
 0.10923997 0.10923997 0.11747997 0.07877944 0.04581866 0.05346632
 0.03466035]
[0.07013976 0.04843375 0.11228821 0.04207851 0.11228821 0.07193493
 0.11228821 0.11228821 0.10730098 0.08250435 0.04181752 0.061236
 0.02540138]
[0.05824108 0.05430209 0.10842416 0.04397037 0.10842416 0.05286007
 0.10842416 0.10842416 0.15252665 0.08012039 0.03265752 0.05893966
 0.03268556]]