143748
Test: public void test3() throws Throwable { EncryptingSerializer encryptingSerializer0 = new EncryptingSerializer(); ThreadPoolExecutor.DiscardOldestPolicy threadPoolExecutor_DiscardOldestPolicy0 = new ThreadPoolExecutor.DiscardOldestPolicy(); ScheduledThreadPoolExecutor scheduledThreadPoolExecutor0 = new ScheduledThreadPoolExecutor(2725, threadPoolExecutor_DiscardOldestPolicy0); Callable<String> callable0 = (Callable<String>) mock(Callable.class, new ViolatedAssumptionAnswer()); doReturn((Object) null).when(callable0).call(); TimeUnit timeUnit0 = TimeUnit.MICROSECONDS; ScheduledFuture<String> scheduledFuture0 = scheduledThreadPoolExecutor0.schedule(callable0, 0L, timeUnit0);  encryptingSerializer0.serialize((Object) scheduledFuture0);   }
Code: public <T> byte[] serialize( final T obj ) throws IOException { final byte[] unencrypted = serializer.serialize(obj); return encrypt(unencrypted); }
[[0.04519387 0.11150967 0.06719895 0.02102086 0.03566543 0.02994998
 0.03948324 0.07521836 0.1104582  0.02217659 0.05563516 0.03566543
 0.06719895 0.0626912  0.02814171 0.0626912  0.04916633 0.06269121
 0.01824369]
[0.04344821 0.11859097 0.06051053 0.01533287 0.03094384 0.0195812
 0.03919636 0.06228337 0.13414122 0.02392909 0.06924464 0.03094384
 0.06051053 0.06685422 0.02654001 0.06685422 0.0481677  0.06685424
 0.01607301]
[0.04368892 0.11517955 0.05650042 0.01672383 0.0356731  0.02390686
 0.04285408 0.07442264 0.14174578 0.02344462 0.05147403 0.0356731
 0.05650042 0.05885576 0.03091862 0.05885576 0.05924541 0.05885577
 0.01548139]
[0.03585418 0.1169695  0.05436746 0.01577792 0.03308969 0.01879153
 0.03928603 0.0696586  0.1366007  0.02016245 0.08396507 0.03308969
 0.05436746 0.06570034 0.02319746 0.06570034 0.05314342 0.06570034
 0.01457781]
[0.04109379 0.12804489 0.05647617 0.01555421 0.02646287 0.02388176
 0.036632   0.07670753 0.11666775 0.0234786  0.06056397 0.02646287
 0.05647617 0.06919266 0.03199566 0.06919266 0.05951232 0.06919268
 0.01241154]
[0.03912926 0.1120059  0.06978247 0.01655966 0.03601988 0.0225862
 0.04166084 0.05615746 0.12699059 0.02854799 0.05720327 0.03601988
 0.06978247 0.0644296  0.03245019 0.0644296  0.04519254 0.0644296
 0.01662271]
[0.0436308  0.08946863 0.05971743 0.02096477 0.03997225 0.02159406
 0.04767998 0.06007451 0.0982859  0.02524456 0.06095982 0.03997225
 0.05971743 0.07645028 0.02859752 0.07645028 0.04711112 0.07645028
 0.0276581 ]
[0.04423317 0.11591622 0.04929268 0.01800587 0.04181069 0.02369721
 0.0451435  0.06658031 0.0950359  0.02613412 0.07883608 0.04181069
 0.04929268 0.06556717 0.03441141 0.06556717 0.05228891 0.06556718
 0.0208091 ]
[0.03327433 0.12189308 0.06087434 0.01441899 0.02637818 0.01634998
 0.03865542 0.05680613 0.17297792 0.01912944 0.06970922 0.02637818
 0.06087434 0.06226988 0.02874362 0.06226988 0.05242719 0.0622699
 0.01429992]
[0.03730218 0.13144648 0.05125183 0.01346994 0.03036977 0.02196237
 0.03989302 0.0638043  0.14632379 0.01865293 0.05622331 0.03036977
 0.05125183 0.07163811 0.02842834 0.07163811 0.0515781  0.07163811
 0.01275769]
[0.04596279 0.0949859  0.06142294 0.02081554 0.04491415 0.02493928
 0.04304933 0.07215639 0.08244197 0.0299693  0.06847727 0.04491415
 0.06142294 0.06263131 0.03801889 0.06263131 0.05360544 0.06263132
 0.0250097 ]
[0.04109379 0.12804489 0.05647617 0.01555421 0.02646287 0.02388176
 0.036632   0.07670753 0.11666775 0.0234786  0.06056397 0.02646287
 0.05647617 0.06919266 0.03199566 0.06919266 0.05951232 0.06919268
 0.01241154]
[0.04368892 0.11517955 0.05650042 0.01672383 0.0356731  0.02390686
 0.04285408 0.07442264 0.14174578 0.02344462 0.05147403 0.0356731
 0.05650042 0.05885576 0.03091862 0.05885576 0.05924541 0.05885577
 0.01548139]
[0.03769707 0.10531384 0.06775682 0.01994613 0.03386434 0.0241967
 0.04002596 0.07877003 0.12080365 0.02313803 0.05123133 0.03386434
 0.06775682 0.06446098 0.03869901 0.06446098 0.04552865 0.06446099
 0.01802433]
[0.05204189 0.09708123 0.03854603 0.02926269 0.04366282 0.02871868
 0.05276898 0.06887474 0.07812265 0.03151936 0.05376433 0.04366282
 0.03854603 0.07375118 0.04170533 0.07375118 0.05617142 0.07375119
 0.02429742]
[0.03769707 0.10531384 0.06775682 0.01994613 0.03386434 0.0241967
 0.04002596 0.07877003 0.12080365 0.02313803 0.05123133 0.03386434
 0.06775682 0.06446098 0.03869901 0.06446098 0.04552865 0.06446099
 0.01802433]
[0.03208403 0.12781149 0.06114201 0.01627056 0.0281265  0.01862317
 0.04773033 0.06993803 0.13406193 0.02158988 0.05249444 0.0281265
 0.06114201 0.06895806 0.03074309 0.06895806 0.04833667 0.06895807
 0.01490522]
[0.03769707 0.10531386 0.06775679 0.01994613 0.03386434 0.0241967
 0.04002596 0.07877001 0.12080365 0.02313803 0.05123134 0.03386434
 0.06775679 0.06446098 0.03869901 0.06446098 0.04552864 0.06446099
 0.01802433]
[0.03270713 0.14596763 0.04053551 0.01634614 0.02841844 0.02224653
 0.03681019 0.0745914  0.13886301 0.02335173 0.0692807  0.02841844
 0.04053551 0.06372444 0.02797076 0.06372444 0.06716259 0.06372446
 0.01562097]]