38474
Test: public void test55() throws Throwable { Minutes minutes0 = Minutes.ONE; boolean boolean0 = minutes0.isGreaterThan((Minutes) null); }
Code: public boolean isGreaterThan(Minutes other) { if (other == null) { return getValue() > 0; } return getValue() > other.getValue(); }
[[0.03438339 0.08570605 0.04769871 0.05847776 0.04587634 0.09268191
 0.09680092 0.05422486 0.01845279 0.04587634 0.03784397 0.05194179
 0.05839117 0.04645576 0.01465631 0.03784397 0.05194179 0.05839117
 0.04769871 0.01465631]
[0.0244138  0.13430177 0.04734935 0.04760905 0.05639032 0.08889593
 0.10848248 0.0372583  0.01225227 0.05639032 0.03877947 0.05395393
 0.04551685 0.04129231 0.01075713 0.03877947 0.05395393 0.04551685
 0.04734935 0.01075713]
[0.02763587 0.10175286 0.04580656 0.0637983  0.04557445 0.06842735
 0.09281331 0.05205389 0.01981167 0.04557445 0.03358878 0.05923622
 0.06403805 0.0464949  0.01536186 0.03358878 0.05923624 0.06403804
 0.04580655 0.01536187]
[0.02814465 0.1150638  0.04183429 0.06135692 0.0535142  0.08322921
 0.10490837 0.04349224 0.01526383 0.0535142  0.03618111 0.04745917
 0.06187744 0.04349228 0.01165815 0.03618111 0.04745917 0.06187743
 0.04183429 0.01165815]
[0.03671066 0.08055663 0.04796689 0.05832608 0.05930508 0.06318948
 0.08357999 0.03921562 0.02368524 0.05930508 0.04221216 0.06071551
 0.052287   0.04803154 0.02086572 0.04221216 0.06071551 0.052287
 0.0479669  0.02086572]
[0.02128255 0.13763462 0.04978241 0.06022406 0.04346822 0.11952372
 0.12896097 0.04408397 0.00816276 0.04346822 0.02795268 0.04777964
 0.04107069 0.04660142 0.0067093  0.02795268 0.04777966 0.04107068
 0.04978242 0.0067093 ]
[0.03432404 0.12983483 0.04992676 0.05301931 0.04411881 0.07779452
 0.09007512 0.05021973 0.01909009 0.04411881 0.03492272 0.05188799
 0.05158272 0.05049408 0.01513516 0.03492272 0.05188799 0.05158271
 0.04992675 0.01513516]
[0.01746359 0.14750905 0.02855738 0.0616578  0.04486284 0.09626523
 0.14898776 0.04325845 0.01134933 0.04486284 0.02873328 0.05855413
 0.04702029 0.03965133 0.00920077 0.02873328 0.05855414 0.04702029
 0.02855738 0.00920078]
[0.02389256 0.12990984 0.04293044 0.06587236 0.05454154 0.10825041
 0.09545679 0.04457753 0.01471342 0.05454154 0.02903568 0.04699116
 0.05754716 0.03848589 0.00837465 0.02903568 0.04699115 0.05754715
 0.04293044 0.00837465]
[0.03671066 0.08055663 0.04796689 0.05832608 0.05930508 0.06318948
 0.08357999 0.03921562 0.02368524 0.05930508 0.04221216 0.06071551
 0.052287   0.04803154 0.02086572 0.04221216 0.06071551 0.052287
 0.0479669  0.02086572]
[0.02235499 0.11870027 0.04485335 0.05646915 0.04311403 0.09258054
 0.11107717 0.04358197 0.01322762 0.04311403 0.03255731 0.06621791
 0.05208369 0.04066503 0.01184533 0.03255731 0.06621791 0.05208369
 0.04485336 0.01184533]
[0.02620508 0.10874081 0.04051511 0.05539367 0.04766991 0.08999079
 0.13433245 0.04811317 0.01404609 0.04766991 0.03616516 0.05043596
 0.05085881 0.04589177 0.01299812 0.03616516 0.05043597 0.0508588
 0.04051512 0.01299812]
[0.0350756  0.09657421 0.04640473 0.05387009 0.04825046 0.09219027
 0.08452676 0.04669736 0.01196444 0.04825046 0.03936141 0.04801699
 0.06816401 0.05624444 0.01123083 0.03936141 0.04801699 0.06816401
 0.04640472 0.01123083]
[0.02917532 0.10711072 0.04214489 0.06085905 0.04805402 0.09733754
 0.1174695  0.04104845 0.01367154 0.04805402 0.0358912  0.0458802
 0.05729067 0.04869672 0.01305459 0.0358912  0.0458802  0.05729066
 0.04214489 0.01305459]
[0.0235748  0.08380674 0.044576   0.05453238 0.05776559 0.09036196
 0.11159702 0.04061392 0.01487051 0.05776559 0.0506729  0.04457264
 0.05509701 0.05014083 0.01256679 0.0506729  0.04457265 0.05509702
 0.044576   0.01256679]
[0.02235499 0.11870027 0.04485335 0.05646915 0.04311403 0.09258054
 0.11107717 0.04358197 0.01322762 0.04311403 0.03255731 0.06621791
 0.05208369 0.04066503 0.01184533 0.03255731 0.06621791 0.05208369
 0.04485336 0.01184533]
[0.02620508 0.10874081 0.04051511 0.05539367 0.04766991 0.08999079
 0.13433245 0.04811317 0.01404609 0.04766991 0.03616516 0.05043596
 0.05085881 0.04589177 0.01299812 0.03616516 0.05043597 0.0508588
 0.04051512 0.01299812]
[0.0350756  0.09657421 0.04640473 0.05387009 0.04825046 0.09219027
 0.08452676 0.04669736 0.01196444 0.04825046 0.03936141 0.04801699
 0.06816401 0.05624444 0.01123083 0.03936141 0.04801699 0.06816401
 0.04640472 0.01123083]
[0.02763587 0.10175286 0.04580656 0.0637983  0.04557445 0.06842735
 0.09281331 0.05205389 0.01981167 0.04557445 0.03358878 0.05923622
 0.06403805 0.0464949  0.01536186 0.03358878 0.05923624 0.06403804
 0.04580655 0.01536187]
[0.0235748  0.08380674 0.044576   0.05453238 0.05776559 0.09036196
 0.11159702 0.04061392 0.01487051 0.05776559 0.0506729  0.04457264
 0.05509701 0.05014083 0.01256679 0.0506729  0.04457265 0.05509702
 0.044576   0.01256679]]