36471
Test: public void test87() throws Throwable { DateMidnight dateMidnight0 = new DateMidnight(100000L); DateMidnight dateMidnight1 = dateMidnight0.minusYears(2843); CopticChronology copticChronology0 = CopticChronology.getInstance(); // Undeclared exception!  dateMidnight1.withChronology(copticChronology0);   }
Code: public DateMidnight withChronology(Chronology newChronology) { return (newChronology == getChronology() ? this : new DateMidnight(getMillis(), newChronology)); }
[[0.05257943 0.04165181 0.07294904 0.07294904 0.07819942 0.05886497
 0.07294904 0.08062616 0.06594262 0.08605585 0.06929073 0.05191109
 0.02596003 0.07294904 0.07294904 0.02417275]
[0.05463002 0.04109288 0.07100474 0.07100474 0.07837653 0.06259125
 0.07100474 0.08287895 0.06499144 0.08868831 0.06579275 0.05508994
 0.02656628 0.07100474 0.07100474 0.02427791]
[0.04456933 0.03613421 0.07243456 0.07243456 0.08145646 0.05437978
 0.07243456 0.08244924 0.06427279 0.09412801 0.07431162 0.04439679
 0.03482213 0.07243456 0.07243456 0.0269068 ]
[0.04456933 0.03613421 0.07243456 0.07243456 0.08145646 0.05437978
 0.07243456 0.08244924 0.06427279 0.09412801 0.07431162 0.04439679
 0.03482213 0.07243456 0.07243456 0.0269068 ]
[0.05775689 0.05050145 0.07144579 0.07144579 0.10231922 0.06523436
 0.07144579 0.05962    0.05411012 0.0693243  0.06991097 0.04857062
 0.03085482 0.07144579 0.07144579 0.03456834]
[0.03866678 0.04594921 0.07405281 0.07405281 0.0817958  0.05507399
 0.07405281 0.07079527 0.07223596 0.09860842 0.08451971 0.03727287
 0.02271652 0.07405281 0.07405281 0.02210138]
[0.04456933 0.03613421 0.07243456 0.07243456 0.08145646 0.05437978
 0.07243456 0.08244924 0.06427279 0.09412801 0.07431162 0.04439679
 0.03482213 0.07243456 0.07243456 0.0269068 ]
[0.03823978 0.04659323 0.05779357 0.05779357 0.11335176 0.06393471
 0.05779357 0.09190623 0.07004476 0.10173173 0.08060133 0.05605609
 0.02603315 0.05779357 0.05779357 0.02253942]
[0.0489753  0.03794079 0.07121895 0.07121895 0.09980859 0.05991405
 0.07121895 0.08050182 0.05664251 0.09534442 0.07486969 0.04808372
 0.02145224 0.07121895 0.07121895 0.02037206]
[0.04528901 0.03199874 0.06997468 0.06997468 0.12013832 0.06356341
 0.06997468 0.05530507 0.06393953 0.09475088 0.08207927 0.04983406
 0.02084571 0.06997468 0.06997468 0.02238263]
[0.0516583  0.03323586 0.06705835 0.06705835 0.11792313 0.07220124
 0.06705835 0.07103169 0.06287756 0.09704804 0.07278336 0.04211773
 0.02348432 0.06705835 0.06705835 0.02034708]
[0.05365328 0.05227706 0.06455061 0.06455061 0.08742902 0.06743903
 0.06455061 0.06467503 0.08012024 0.11403866 0.06213637 0.03806139
 0.02773323 0.06455061 0.06455061 0.02968357]
[0.04549345 0.04547344 0.06711709 0.06711709 0.0887024  0.06418081
 0.06711709 0.07868207 0.07585888 0.08373198 0.0731035  0.05503161
 0.02884786 0.06711709 0.06711709 0.02530856]
[0.04456933 0.03613421 0.07243456 0.07243456 0.08145646 0.05437978
 0.07243456 0.08244924 0.06427279 0.09412801 0.07431162 0.04439679
 0.03482213 0.07243456 0.07243456 0.0269068 ]
[0.04456933 0.03613421 0.07243456 0.07243456 0.08145646 0.05437978
 0.07243456 0.08244924 0.06427279 0.09412801 0.07431162 0.04439679
 0.03482213 0.07243456 0.07243456 0.0269068 ]
[0.03880439 0.04177999 0.06943948 0.06943948 0.11779807 0.08997437
 0.06943948 0.068783   0.06484905 0.08901072 0.05459695 0.04088244
 0.02184521 0.06943948 0.06943948 0.02447845]]