15505
Test: public void test630() throws Throwable { // Undeclared exception!  DateUtils.setMinutes((Date) null, 0);   }
Code: public static Date setMinutes(final Date date, final int amount) { return set(date, Calendar.MINUTE, amount); }
[[0.055423   0.15195267 0.02527176 0.07687858 0.02527176 0.12955038
 0.04345065 0.03661691 0.09171218 0.06604918 0.06002554 0.07687858
 0.06214391 0.07687858 0.02189633]
[0.05448858 0.13720417 0.02021909 0.07443269 0.02021909 0.13355578
 0.03888682 0.02906203 0.12052971 0.08722297 0.05095975 0.07443268
 0.06008579 0.0744327  0.02426814]
[0.04639736 0.1474639  0.02502467 0.07103503 0.02502467 0.15540028
 0.03709646 0.03274561 0.08502025 0.08599102 0.06813747 0.07103503
 0.06143159 0.07103503 0.01716161]
[0.0434112  0.14605398 0.02358437 0.07331872 0.02358437 0.13697593
 0.04047495 0.02855321 0.12309848 0.06404606 0.05256313 0.07331872
 0.07558876 0.07331873 0.02210944]
[0.04639736 0.1474639  0.02502467 0.07103503 0.02502467 0.15540028
 0.03709646 0.03274561 0.08502025 0.08599102 0.06813747 0.07103503
 0.06143159 0.07103503 0.01716161]
[0.03734558 0.17967749 0.01583789 0.07344244 0.01583789 0.14732182
 0.03852118 0.02375521 0.08089684 0.09500869 0.07027934 0.07344244
 0.0614591  0.07344244 0.01373169]
[0.05032738 0.14783895 0.02359434 0.08071454 0.02359434 0.12378122
 0.03307732 0.02280052 0.09556182 0.08044395 0.07305614 0.08071454
 0.0676692  0.08071455 0.01611119]
[0.03352974 0.18992358 0.01769232 0.08995173 0.01769232 0.12471997
 0.04349838 0.02570181 0.08063266 0.06703015 0.05305122 0.08995175
 0.06129187 0.08995177 0.01538074]
[0.04685541 0.17952067 0.01858952 0.06632479 0.01858952 0.14525303
 0.04750745 0.02878944 0.09504996 0.08242153 0.06747162 0.0663248
 0.05503304 0.0663248  0.01594437]
[0.05599022 0.12601857 0.0281173  0.07678428 0.0281173  0.09609743
 0.05466925 0.02758305 0.10883222 0.08231999 0.0654435  0.07678428
 0.06620418 0.0767843  0.03025422]
[0.03653396 0.1604932  0.01872385 0.07558333 0.01872385 0.19192757
 0.03282144 0.02281928 0.08460051 0.06579069 0.05400848 0.07558334
 0.06849138 0.07558335 0.01831579]
[0.0434112  0.14605398 0.02358437 0.07331872 0.02358437 0.13697593
 0.04047495 0.02855321 0.12309848 0.06404606 0.05256313 0.07331872
 0.07558876 0.07331873 0.02210944]
[0.04831162 0.12573878 0.02799954 0.06280166 0.02799954 0.16952096
 0.03677286 0.03396371 0.07991143 0.09717671 0.07117625 0.06280166
 0.0696663  0.06280167 0.02335726]
[0.04341121 0.14605398 0.02358437 0.07331872 0.02358437 0.1369759
 0.04047495 0.02855321 0.12309849 0.06404607 0.05256313 0.07331872
 0.07558876 0.07331872 0.02210944]
[0.03743206 0.1482486  0.01654723 0.07142056 0.01654723 0.15214401
 0.0331983  0.02870404 0.10661156 0.08800777 0.07938527 0.07142056
 0.0595787  0.07142057 0.01933359]]