31938
Test: public void test41() throws Throwable { PipedInputStream pipedInputStream0 = new PipedInputStream(1811); SequenceInputStream sequenceInputStream0 = new SequenceInputStream(pipedInputStream0, pipedInputStream0);  IOUtil.toLines((InputStream) sequenceInputStream0);   }
Code: public static List<String> toLines(final InputStream input) throws IOException { return toLines(new InputStreamReader(input, Charsets.UTF_8)); }
[[0.0527424  0.14957479 0.04644347 0.07316296 0.06102396 0.11028265
 0.12834294 0.02607874 0.06569964 0.05747369 0.07316296 0.06138914
 0.07316297 0.02145976]
[0.05436014 0.14031312 0.03641282 0.07382961 0.06167747 0.12322152
 0.11181264 0.03107258 0.09105181 0.05111606 0.07382961 0.05242876
 0.07382962 0.0250443 ]
[0.04747523 0.13401598 0.04251957 0.07321465 0.05935737 0.09988594
 0.14752473 0.02529033 0.08078793 0.06437016 0.07321465 0.05787771
 0.07321466 0.02125102]
[0.04086967 0.14126574 0.04092558 0.06837225 0.06867196 0.1430694
 0.13222131 0.02751303 0.06391196 0.0495812  0.06837225 0.06506953
 0.06837226 0.02178385]
[0.05403081 0.12481323 0.0429447  0.06923674 0.0658591  0.12668505
 0.1345962  0.02842619 0.07951275 0.05874334 0.06923675 0.05815145
 0.06923676 0.01852702]
[0.03566508 0.1633743  0.02987361 0.06161247 0.07657705 0.14564528
 0.12825781 0.02275771 0.08228111 0.05929842 0.06161248 0.0538449
 0.06161249 0.01758726]
[0.03637498 0.129125   0.03153176 0.0642842  0.06677689 0.11942182
 0.17960253 0.02273916 0.0855834  0.05906677 0.06428421 0.06005561
 0.06428422 0.01686941]
[0.04085933 0.14763248 0.03216995 0.07805774 0.05512269 0.1143737
 0.15870126 0.0219148  0.06794219 0.0579031  0.07805774 0.05437429
 0.07805775 0.01483299]
[0.05355678 0.12518619 0.03888737 0.0706825  0.05965421 0.13263509
 0.09492609 0.03577755 0.08494074 0.06178916 0.07068251 0.0704634
 0.07068251 0.03013598]
[0.03460435 0.1543241  0.03454205 0.0708657  0.06199986 0.14988655
 0.13478334 0.02559545 0.06380093 0.05090107 0.07086571 0.05928508
 0.07086572 0.01768003]
[0.04086967 0.14126574 0.04092558 0.06837225 0.06867196 0.1430694
 0.13222131 0.02751303 0.06391196 0.0495812  0.06837225 0.06506953
 0.06837226 0.02178385]
[0.04416587 0.1424318  0.03389937 0.07617215 0.05424701 0.13815081
 0.11956139 0.02781872 0.08557546 0.05711618 0.07617216 0.04993876
 0.07617217 0.01857813]
[0.04086967 0.14126572 0.04092558 0.06837224 0.06867195 0.14306942
 0.13222131 0.02751303 0.06391196 0.0495812  0.06837224 0.06506953
 0.06837225 0.02178386]
[0.03581835 0.14891295 0.03397426 0.0672901  0.05988107 0.10287597
 0.15098277 0.02837582 0.0902865  0.07771838 0.0672901  0.04978948
 0.06729011 0.01951424]]