30765
Test: public void test570() throws Throwable { byte[] byteArray0 = HashUtil.generateSalt(2122); long long0 = HashUtil.crc32AsLong("&TYn8%"); HashUtil hashUtil0 = new HashUtil(); int int0 = HashUtil.crc32AsInt(byteArray0); long long1 = HashUtil.murmur128AsLong("( Do\"Bfk5b"); int int1 = HashUtil.crc32AsInt("( Do\"Bfk5b"); byte[] byteArray1 = HashUtil.sha1(byteArray0, byteArray0); byte[] byteArray2 = HashUtil.sha1("( Do\"Bfk5b"); long long2 = HashUtil.murmur128AsLong(byteArray1); byte[] byteArray3 = HashUtil.sha1("", byteArray1); byte[] byteArray4 = HashUtil.sha1(byteArray1, byteArray3); byte[] byteArray5 = HashUtil.sha1(byteArray3); }
Code: public static byte[] sha1(@NotNull byte[] input) { return digest(input, get(SHA_1_DIGEST), null, 1); }
[[0.04975732 0.13904487 0.07417533 0.06902102 0.07417533 0.10445482
 0.06079985 0.05407494 0.06902102 0.06902102 0.1448337  0.0716341
 0.01998672]
[0.05042583 0.13150764 0.05980351 0.06831805 0.05980351 0.11386252
 0.08604833 0.04752523 0.06831805 0.06831805 0.14645086 0.07605897
 0.02355941]
[0.05043351 0.1402895  0.06506094 0.06788506 0.06506094 0.11626665
 0.05992723 0.06853501 0.06788506 0.06788506 0.14388284 0.06892511
 0.01796309]
[0.04057028 0.14330709 0.06808312 0.06733672 0.06808312 0.13923925
 0.06639972 0.04929601 0.06733672 0.06733672 0.1296367  0.07095818
 0.02241637]
[0.05043351 0.1402895  0.06506094 0.06788506 0.06506094 0.11626665
 0.05992723 0.06853501 0.06788506 0.06788506 0.14388284 0.06892511
 0.01796309]
[0.03439797 0.1531284  0.05309513 0.05957277 0.05309513 0.14115176
 0.07659362 0.05646798 0.05957277 0.05957277 0.17406361 0.06279028
 0.01649786]
[0.0510176  0.12131575 0.06433906 0.06610242 0.06433906 0.1236746
 0.08366912 0.0584996  0.06610243 0.06610243 0.12856598 0.07703274
 0.02923917]
[0.03275915 0.14457119 0.05883763 0.06756608 0.05883763 0.14379849
 0.05941816 0.04835518 0.06756608 0.06756608 0.15334727 0.08085877
 0.01651829]
[0.04057028 0.14330709 0.06808312 0.06733672 0.06808312 0.13923925
 0.06639972 0.04929601 0.06733672 0.06733672 0.1296367  0.07095818
 0.02241637]
[0.04057028 0.14330709 0.06808312 0.06733672 0.06808312 0.13923925
 0.06639972 0.04929601 0.06733672 0.06733672 0.1296367  0.07095818
 0.02241637]
[0.03766103 0.12171958 0.05911662 0.07581067 0.05911662 0.11605319
 0.07608394 0.04847462 0.07581069 0.07581069 0.16717719 0.06975029
 0.0174149 ]
[0.03768816 0.16669208 0.05439058 0.0578404  0.05439058 0.13038115
 0.06162677 0.05708396 0.05784041 0.05784041 0.17278984 0.07776867
 0.01366701]
[0.03732444 0.1496814  0.04555746 0.07093817 0.04555746 0.10884839
 0.08935484 0.07961957 0.07093817 0.07093817 0.13966991 0.07202674
 0.01954521]]