143442
Test: public void test22() throws Throwable { CacheAccess<Object, String> cacheAccess0 = new CacheAccess<Object, String>((CompositeCache<Object, String>) null); ElementAttributes elementAttributes0 = new ElementAttributes(); // Undeclared exception!  cacheAccess0.setDefaultElementAttributes(elementAttributes0);   }
Code: public void setDefaultElementAttributes( final IElementAttributes attr ) throws CacheException { this.getCacheControl().setElementAttributes( attr ); }
[[0.05546762 0.04514859 0.07695015 0.04482158 0.07695015 0.07198372
 0.09895653 0.12975362 0.07695015 0.07623342 0.07695015 0.07198371
 0.07372014 0.02413058]
[0.04277294 0.0382706  0.08167075 0.038231   0.08167075 0.06015695
 0.10838158 0.15047371 0.08167076 0.07884063 0.08167076 0.06015695
 0.0722158  0.02381686]
[0.04551908 0.04016066 0.07624718 0.04346202 0.07624718 0.07254693
 0.10487695 0.1471831  0.07624719 0.07064771 0.07624719 0.07254693
 0.07394923 0.02411867]
[0.05268615 0.03908661 0.08142091 0.03513844 0.08142091 0.06689362
 0.10816329 0.13856524 0.08142091 0.08900756 0.08142091 0.06689362
 0.06031932 0.01756245]
[0.04551908 0.04016066 0.07624718 0.04346202 0.07624718 0.07254693
 0.10487695 0.1471831  0.07624719 0.07064771 0.07624719 0.07254693
 0.07394923 0.02411867]
[0.04382657 0.03237084 0.07447025 0.05511115 0.07447025 0.07118274
 0.10144544 0.14464073 0.07447024 0.0987103  0.07447024 0.07118274
 0.06048249 0.02316595]
[0.05325785 0.05251165 0.07505187 0.05092387 0.07505187 0.08100536
 0.0847028  0.11127254 0.07505187 0.10415275 0.07505187 0.08100536
 0.05432465 0.02663573]
[0.04115748 0.04022574 0.0705792  0.03398398 0.0705792  0.06135038
 0.0778071  0.1978105  0.07057922 0.10217553 0.07057922 0.06135038
 0.0820304  0.01979166]
[0.04551908 0.04016066 0.07624718 0.04346202 0.07624718 0.07254693
 0.10487695 0.1471831  0.07624719 0.07064771 0.07624719 0.07254693
 0.07394923 0.02411867]
[0.05777509 0.05035032 0.0760219  0.05669782 0.0760219  0.07236151
 0.09509334 0.10229003 0.07602191 0.09214171 0.07602191 0.07236152
 0.06423277 0.03260819]
[0.04551908 0.04016066 0.07624718 0.04346202 0.07624718 0.07254693
 0.10487695 0.1471831  0.07624719 0.07064771 0.07624719 0.07254693
 0.07394923 0.02411867]
[0.04382657 0.03237084 0.07447025 0.05511115 0.07447025 0.07118274
 0.10144544 0.14464073 0.07447024 0.0987103  0.07447024 0.07118274
 0.06048249 0.02316595]
[0.04160947 0.03553257 0.0753566  0.04519133 0.0753566  0.06795885
 0.10507971 0.14728245 0.0753566  0.10556313 0.0753566  0.06795885
 0.06467599 0.01772127]
[0.04013667 0.03781707 0.07402994 0.03673676 0.07402994 0.06251784
 0.1121122  0.16858634 0.07402994 0.1090998  0.07402994 0.06251784
 0.05116482 0.02319089]]