28125
Test: public void test99() throws Throwable { Vector2D.Unit vector2D_Unit0 = Vector2D.Unit.MINUS_Y; Precision.DoubleEquivalence precision_DoubleEquivalence0 = mock(Precision.DoubleEquivalence.class, new ViolatedAssumptionAnswer()); Line line0 = new Line(vector2D_Unit0, 1316.2, precision_DoubleEquivalence0); // Undeclared exception!  line0.similarOrientation((Hyperplane<Vector2D>) null);   }
Code: public boolean similarOrientation(final Hyperplane<Vector2D> other) { final Line otherLine = (Line) other; return direction.dot(otherLine.direction) >= 0.0; }
[[0.04854164 0.11977445 0.06734105 0.06734105 0.08291318 0.06599647
 0.03913023 0.07777716 0.06734105 0.03062464 0.03440562 0.04359529
 0.05357903 0.06734105 0.0407717  0.07256598 0.0209604 ]
[0.03478485 0.18003121 0.06652387 0.06652387 0.06945083 0.08748311
 0.03328092 0.07536149 0.06652387 0.0272118  0.02328093 0.03780721
 0.05749949 0.06652387 0.03162845 0.05973377 0.01635041]
[0.03801319 0.14296208 0.06346398 0.06346398 0.08643085 0.0601614
 0.0366357  0.08143577 0.06346398 0.04083337 0.03541417 0.05635664
 0.04613477 0.06346398 0.03966431 0.06164847 0.0204533 ]
[0.03801319 0.14296208 0.06346398 0.06346398 0.08643085 0.0601614
 0.0366357  0.08143577 0.06346398 0.04083337 0.03541417 0.05635664
 0.04613477 0.06346398 0.03966431 0.06164847 0.0204533 ]
[0.04057973 0.16598994 0.06031332 0.06031332 0.08843127 0.07707085
 0.03555611 0.08724657 0.06031332 0.02577819 0.0205851  0.04628243
 0.05214757 0.06031332 0.03439853 0.06788637 0.01679401]
[0.04812455 0.10478641 0.06257776 0.06257776 0.07658929 0.07842267
 0.04729362 0.08785899 0.06257776 0.04011144 0.03420773 0.04809846
 0.05524784 0.06257776 0.03666806 0.06479568 0.02748422]
[0.04399446 0.12513445 0.06663699 0.06663699 0.08576746 0.07642999
 0.02956606 0.08463513 0.06663699 0.03402717 0.02642524 0.04583722
 0.06403039 0.06663699 0.03853144 0.06410199 0.01497104]
[0.04689845 0.12757246 0.06426337 0.06426337 0.07827329 0.05641984
 0.05133805 0.07500753 0.06426337 0.03371122 0.04539879 0.04049177
 0.05231773 0.06426337 0.03748704 0.06673604 0.03129433]
[0.03801319 0.14296208 0.06346398 0.06346398 0.08643085 0.0601614
 0.0366357  0.08143577 0.06346398 0.04083337 0.03541417 0.05635664
 0.04613477 0.06346398 0.03966431 0.06164847 0.0204533 ]
[0.05093314 0.10474456 0.07203    0.07203    0.07509018 0.05795347
 0.04291862 0.07314291 0.07203    0.0423526  0.04387376 0.03999506
 0.05598675 0.07203    0.03872715 0.06109583 0.02506597]
[0.04187983 0.1187841  0.06204171 0.06204171 0.08918934 0.073047
 0.03630767 0.07570226 0.06204171 0.0338192  0.0374916  0.05293728
 0.0666969  0.06204171 0.03739299 0.06511903 0.02346596]
[0.03613828 0.12996973 0.07247843 0.07247843 0.08632596 0.08488283
 0.03372712 0.07648422 0.07247843 0.03150689 0.02229282 0.03994228
 0.05064195 0.07247843 0.03263655 0.06886168 0.01667603]
[0.03234392 0.17072265 0.06474449 0.06474449 0.08177014 0.06268738
 0.02964345 0.08643606 0.06474449 0.03158784 0.02423105 0.047995
 0.04705201 0.06474449 0.0341232  0.07522219 0.01720712]
[0.03801319 0.14296208 0.06346398 0.06346398 0.08643085 0.0601614
 0.0366357  0.08143577 0.06346398 0.04083337 0.03541417 0.05635664
 0.04613477 0.06346398 0.03966431 0.06164847 0.0204533 ]
[0.03705128 0.13733977 0.06133421 0.06133421 0.10116319 0.08204407
 0.03015637 0.08720614 0.06133421 0.03234275 0.02286747 0.04076142
 0.0543448  0.06133421 0.04355939 0.06860455 0.01722203]
[0.04195943 0.14853631 0.06049547 0.06049547 0.08613485 0.0922151
 0.03026462 0.06378306 0.06049547 0.03207001 0.02599986 0.04097641
 0.05579736 0.06049547 0.03982922 0.07909212 0.02135967]
[0.0352401  0.11977012 0.06505777 0.06505777 0.08553755 0.09544741
 0.03222847 0.06602338 0.06505777 0.03239634 0.02899616 0.04102112
 0.07837687 0.06505777 0.03945799 0.06496894 0.02030447]]