36870
Test: public void test84() throws Throwable { MockDate mockDate0 = new MockDate(); TimeOfDay timeOfDay0 = TimeOfDay.fromDateFields(mockDate0); // Undeclared exception!  timeOfDay0.withSecondOfMinute(243);   }
Code: public TimeOfDay withSecondOfMinute(int second) { int[] newValues = getValues(); newValues = getChronology().secondOfMinute().set(this, SECOND_OF_MINUTE, newValues, second); return new TimeOfDay(this, newValues); }
[[0.03751503 0.05572462 0.0520465  0.0520465  0.05360514 0.14582382
 0.05125093 0.023834   0.05516495 0.05125093 0.023834   0.0520465
 0.0520465  0.06363967 0.05399746 0.04172929 0.01867349 0.0520465
 0.04695616 0.01676801]
[0.03645004 0.05196531 0.05161399 0.05161399 0.05992354 0.16064464
 0.04208368 0.02473175 0.03814141 0.04208368 0.02473175 0.05161399
 0.05161399 0.0768219  0.05831399 0.04145431 0.0186625  0.051614
 0.05049691 0.01542464]
[0.0300636  0.07775632 0.04974873 0.04974873 0.05003029 0.13730988
 0.04032559 0.03281569 0.03716426 0.04032559 0.03281569 0.04974873
 0.04974873 0.07148059 0.07060051 0.0365514  0.02306018 0.04974873
 0.05412417 0.01683255]
[0.0300636  0.07775632 0.04974873 0.04974873 0.05003029 0.13730988
 0.04032559 0.03281569 0.03716426 0.04032559 0.03281569 0.04974873
 0.04974873 0.07148059 0.07060051 0.0365514  0.02306018 0.04974873
 0.05412417 0.01683255]
[0.03932955 0.06781495 0.05073936 0.05073936 0.06499191 0.10056654
 0.04710463 0.03282168 0.04914995 0.04710463 0.03282168 0.05073936
 0.05073936 0.05960274 0.07196377 0.04503323 0.02168903 0.05073936
 0.04367355 0.02263536]
[0.0409923  0.05641203 0.04724286 0.04724286 0.06264    0.12145364
 0.04913876 0.02736147 0.04986989 0.04913876 0.02736147 0.04724286
 0.04724286 0.07652231 0.0659738  0.04921094 0.01982247 0.04724286
 0.05156705 0.01632082]
[0.03461367 0.05975069 0.04831061 0.04831061 0.05650178 0.12821041
 0.04437792 0.02586778 0.05956826 0.04437792 0.02586778 0.04831061
 0.04831061 0.07649998 0.06005432 0.04776702 0.02072616 0.04831061
 0.05701326 0.01725   ]
[0.04122221 0.06463467 0.0583028  0.0583028  0.04668853 0.10285516
 0.04428984 0.0342156  0.04968411 0.04428984 0.0342156  0.0583028
 0.0583028  0.06025789 0.058127   0.04527141 0.01940557 0.0583028
 0.04309362 0.02023493]
[0.03436642 0.06013305 0.05374061 0.05374061 0.05789341 0.14640541
 0.04308163 0.02078661 0.04243702 0.04308163 0.02078661 0.05374061
 0.05374061 0.07357911 0.06899942 0.03326625 0.01614995 0.05374061
 0.05672935 0.01360102]
[0.03461367 0.05975069 0.04831061 0.04831061 0.05650178 0.12821041
 0.04437792 0.02586778 0.05956826 0.04437792 0.02586778 0.04831061
 0.04831061 0.07649998 0.06005432 0.04776702 0.02072616 0.04831061
 0.05701326 0.01725   ]
[0.04122221 0.06463467 0.0583028  0.0583028  0.04668853 0.10285516
 0.04428984 0.0342156  0.04968411 0.04428984 0.0342156  0.0583028
 0.0583028  0.06025789 0.058127   0.04527141 0.01940557 0.0583028
 0.04309362 0.02023493]
[0.0300636  0.07775632 0.04974873 0.04974873 0.05003029 0.13730988
 0.04032559 0.03281569 0.03716426 0.04032559 0.03281569 0.04974873
 0.04974873 0.07148059 0.07060051 0.0365514  0.02306018 0.04974873
 0.05412417 0.01683255]
[0.0300636  0.07775632 0.04974873 0.04974873 0.05003029 0.13730988
 0.04032559 0.03281569 0.03716426 0.04032559 0.03281569 0.04974873
 0.04974873 0.07148059 0.07060051 0.0365514  0.02306018 0.04974873
 0.05412417 0.01683255]
[0.03462557 0.08338077 0.05048332 0.05048332 0.05155068 0.12031405
 0.03566271 0.0255505  0.04814349 0.03566271 0.0255505  0.05048332
 0.05048332 0.08994042 0.06474693 0.03794359 0.01890638 0.05048332
 0.05261713 0.02298803]
[0.0309944  0.06876781 0.05534352 0.05534352 0.06532186 0.13571902
 0.03963085 0.0226238  0.03659865 0.03963085 0.0226238  0.05534352
 0.05534352 0.08527395 0.06352276 0.03735381 0.01260016 0.05534353
 0.05123127 0.0113894 ]
[0.02507054 0.04931868 0.0483299  0.0483299  0.05238754 0.20213024
 0.04858393 0.02471606 0.04203849 0.04858393 0.02471606 0.0483299
 0.0483299  0.06765431 0.05861679 0.03581953 0.01476257 0.0483299
 0.04976633 0.01418554]
[0.03392598 0.04558247 0.05021123 0.05021123 0.06576791 0.1451454
 0.04180878 0.02677844 0.03907913 0.04180878 0.02677844 0.05021123
 0.05021123 0.08177086 0.06103124 0.04785114 0.02155653 0.05021123
 0.05126877 0.01878999]
[0.0300636  0.07775632 0.04974873 0.04974873 0.05003029 0.13730988
 0.04032559 0.03281569 0.03716426 0.04032559 0.03281569 0.04974873
 0.04974873 0.07148059 0.07060051 0.0365514  0.02306018 0.04974873
 0.05412417 0.01683255]
[0.03357176 0.06813346 0.04845347 0.04845347 0.05638721 0.15131535
 0.03712173 0.03034623 0.03827831 0.03712173 0.03034623 0.04845347
 0.04845347 0.08066046 0.06152252 0.04563035 0.01978793 0.04845347
 0.0478563  0.01965304]
[0.02708704 0.0633985  0.04993455 0.04993455 0.0737786  0.11854239
 0.04937166 0.02494614 0.04236253 0.04937166 0.02494614 0.04993455
 0.04993455 0.07641411 0.05890399 0.06036337 0.01520369 0.04993454
 0.04996145 0.01567596]]