37457
Test: public void test203() throws Throwable { DateTimePrinter dateTimePrinter0 = mock(DateTimePrinter.class, new ViolatedAssumptionAnswer()); DateTimeParser dateTimeParser0 = mock(DateTimeParser.class, new ViolatedAssumptionAnswer()); doReturn(1428).when(dateTimeParser0).parseInto(any(org.joda.time.format.DateTimeParserBucket.class) , anyString() , anyInt()); DateTimeFormatter dateTimeFormatter0 = new DateTimeFormatter(dateTimePrinter0, dateTimeParser0); DateTime dateTime0 = DateTime.parse("", dateTimeFormatter0); Date date0 = dateTime0.toDate(); LocalDateTime localDateTime0 = LocalDateTime.fromDateFields(date0); Period period0 = new Period(localDateTime0, localDateTime0); Period period1 = period0.withWeeks(1428); }
Code: public Period withWeeks(int weeks) { int[] values = getValues(); // cloned getPeriodType().setIndexedField(this, PeriodType.WEEK_INDEX, values, weeks); return new Period(values, getPeriodType()); }
[[0.03541327 0.06268863 0.04913429 0.03738848 0.05445419 0.12885821
 0.0311787  0.0227446  0.05172418 0.04913429 0.0703546  0.04913429
 0.04913429 0.08735509 0.04913429 0.0398672  0.0173613  0.0491343
 0.0491343  0.01667144]
[0.03586212 0.06309224 0.0445886  0.04661626 0.08002523 0.11663695
 0.03848569 0.02491117 0.05153653 0.0445886  0.06789662 0.0445886
 0.0445886  0.08446953 0.0445886  0.04105716 0.01892399 0.0445886
 0.0445886  0.01836631]
[0.03077593 0.079308   0.05001238 0.04030416 0.05627478 0.12938865
 0.02705103 0.03467036 0.03762952 0.05001238 0.05777394 0.05001238
 0.05001238 0.07655124 0.05001238 0.03755095 0.02404772 0.05001239
 0.05001239 0.01858703]
[0.03272923 0.08687013 0.04501637 0.03742493 0.05746955 0.14951275
 0.02518244 0.02258453 0.03777836 0.04501637 0.0814454  0.04501637
 0.04501637 0.07282308 0.04501637 0.04404272 0.02094949 0.04501638
 0.04501638 0.01607269]
[0.04099111 0.06899147 0.05047392 0.04173587 0.07313892 0.09702696
 0.02939668 0.03445279 0.0495054  0.05047392 0.0520413  0.05047392
 0.05047392 0.06671499 0.05047392 0.0462299  0.02182271 0.05047393
 0.05047393 0.02463438]
[0.04116727 0.06945761 0.04603887 0.04465912 0.06754521 0.11508277
 0.03172    0.02814723 0.04839551 0.04603887 0.06834355 0.04603887
 0.04603887 0.07667787 0.04603887 0.04957333 0.01985365 0.04603887
 0.04603887 0.01710477]
[0.0261275  0.0657323  0.04699288 0.04250148 0.05911772 0.1773917
 0.0251506  0.02156699 0.03902522 0.04699288 0.05360655 0.04699288
 0.04699288 0.09022386 0.04699288 0.0431174  0.01409904 0.04699288
 0.04699288 0.01338949]
[0.04021329 0.05571852 0.05682056 0.04559287 0.04751282 0.0971597
 0.03357572 0.03394445 0.04826902 0.05682056 0.04934258 0.05682056
 0.05682056 0.06713617 0.05682056 0.04453656 0.01904054 0.05682056
 0.05682056 0.02021393]
[0.03314973 0.07704245 0.05068229 0.03525824 0.05969611 0.13230215
 0.03078245 0.02041692 0.04019792 0.05068229 0.0713722  0.05068229
 0.05068229 0.08279663 0.05068229 0.0328068  0.01572513 0.05068229
 0.05068229 0.0136772 ]
[0.03077593 0.079308   0.05001238 0.04030416 0.05627478 0.12938865
 0.02705103 0.03467036 0.03762952 0.05001238 0.05777394 0.05001238
 0.05001238 0.07655124 0.05001238 0.03755095 0.02404772 0.05001239
 0.05001239 0.01858703]
[0.0293362  0.08910567 0.04254566 0.03490407 0.07607494 0.17684048
 0.02387492 0.02395957 0.04091705 0.04254566 0.06520471 0.04254566
 0.04254566 0.08105002 0.04254566 0.03313569 0.01548923 0.04254565
 0.04254565 0.01228788]
[0.03077593 0.079308   0.05001238 0.04030416 0.05627478 0.12938865
 0.02705103 0.03467036 0.03762952 0.05001238 0.05777394 0.05001238
 0.05001238 0.07655124 0.05001238 0.03755095 0.02404772 0.05001239
 0.05001239 0.01858703]
[0.03077593 0.079308   0.05001238 0.04030416 0.05627478 0.12938865
 0.02705103 0.03467036 0.03762952 0.05001238 0.05777394 0.05001238
 0.05001238 0.07655124 0.05001238 0.03755095 0.02404772 0.05001239
 0.05001239 0.01858703]
[0.03038304 0.08843239 0.04064981 0.04517121 0.05804523 0.1594365
 0.02931507 0.02933479 0.04737923 0.04064981 0.062952   0.04064981
 0.04064981 0.08559136 0.04064981 0.04087625 0.02103171 0.04064981
 0.04064981 0.01750253]
[0.03077593 0.079308   0.05001238 0.04030416 0.05627478 0.12938865
 0.02705103 0.03467036 0.03762952 0.05001238 0.05777394 0.05001238
 0.05001238 0.07655124 0.05001238 0.03755095 0.02404772 0.05001239
 0.05001239 0.01858703]
[0.02527381 0.06613696 0.04718164 0.04093563 0.05596462 0.1840353
 0.02670245 0.02510871 0.04066675 0.04718164 0.0688042  0.04718164
 0.04718164 0.07080884 0.04718164 0.035569   0.01471769 0.04718164
 0.04718164 0.01500448]
[0.03232716 0.06278995 0.04652086 0.03900645 0.06582122 0.1270564
 0.02930249 0.02525014 0.03596026 0.04652086 0.06996936 0.04652086
 0.04652086 0.10241205 0.04652086 0.04568412 0.02017831 0.04652086
 0.04652086 0.01859601]
[0.03077593 0.079308   0.05001238 0.04030416 0.05627478 0.12938865
 0.02705103 0.03467036 0.03762952 0.05001238 0.05777394 0.05001238
 0.05001238 0.07655124 0.05001238 0.03755095 0.02404772 0.05001239
 0.05001239 0.01858703]
[0.03077593 0.079308   0.05001238 0.04030416 0.05627478 0.12938865
 0.02705103 0.03467036 0.03762952 0.05001238 0.05777394 0.05001238
 0.05001238 0.07655124 0.05001238 0.03755095 0.02404772 0.05001239
 0.05001239 0.01858703]
[0.02591507 0.09215811 0.04624545 0.03895032 0.07941455 0.10486981
 0.03075545 0.0248257  0.04041512 0.04624545 0.06898863 0.04624545
 0.04624545 0.07862054 0.04624545 0.06030355 0.01459305 0.04624545
 0.04624545 0.01647197]]