150197
Test: public void test6() throws Throwable { boolean boolean0 = FTPReply.isPositiveIntermediate(400); }
Code: public static boolean isPositiveIntermediate(final int reply) { return reply >= 300 && reply < 400; }
[[0.04848209 0.13495056 0.12657057 0.06725177 0.03180102 0.06725177
 0.0589379  0.05265153 0.06725177 0.04009923 0.06725177 0.03021443
 0.06725177 0.03806853 0.08255727 0.01940803]
[0.0466835  0.12208323 0.1445112  0.06320609 0.02444069 0.06320609
 0.08005648 0.04402518 0.06320609 0.04043267 0.06320609 0.03317341
 0.06320609 0.0309775  0.09569333 0.02189238]
[0.03326114 0.11518077 0.18936801 0.06503914 0.01659554 0.06503914
 0.07279306 0.0515637  0.06503914 0.02969087 0.06503914 0.02153269
 0.06503914 0.02386313 0.10687829 0.01407711]
[0.03742746 0.12778035 0.1434089  0.06288959 0.02445056 0.06288959
 0.05700366 0.04536503 0.06288959 0.03891302 0.06288959 0.02713863
 0.06288959 0.03187076 0.13265336 0.01954039]
[0.02758354 0.16339459 0.11052105 0.07259788 0.02058729 0.07259788
 0.05838408 0.04403513 0.07259788 0.0384002  0.07259788 0.02337645
 0.07259788 0.02246551 0.11524414 0.01301864]
[0.03742746 0.12778035 0.1434089  0.06288959 0.02445056 0.06288959
 0.05700366 0.04536503 0.06288959 0.03891302 0.06288959 0.02713863
 0.06288959 0.03187076 0.13265336 0.01954039]
[0.04802001 0.11021331 0.11033633 0.06458414 0.02337324 0.06458414
 0.07344899 0.05575553 0.06458414 0.036891   0.06458414 0.04129892
 0.06458414 0.03777721 0.11346746 0.02649721]
[0.03031341 0.1314321  0.17739761 0.06325923 0.01914486 0.06325923
 0.05347256 0.04500411 0.06325923 0.03196626 0.06325923 0.02045218
 0.06325923 0.02467048 0.13490233 0.01494797]
[0.03742746 0.12778035 0.1434089  0.06288959 0.02445056 0.06288959
 0.05700366 0.04536503 0.06288959 0.03891302 0.06288959 0.02713863
 0.06288959 0.03187076 0.13265336 0.01954039]
[0.03785098 0.11158464 0.15039504 0.0647267  0.01871266 0.0647267
 0.07743921 0.05411129 0.0647267  0.04425641 0.0647267  0.02824559
 0.0647267  0.02454517 0.11241813 0.01680737]
[0.03742746 0.12778035 0.1434089  0.06288959 0.02445056 0.06288959
 0.05700366 0.04536503 0.06288959 0.03891302 0.06288959 0.02713863
 0.06288959 0.03187076 0.13265336 0.01954039]
[0.03367001 0.11992849 0.18059464 0.0636399  0.01849283 0.0636399
 0.06229009 0.04308803 0.0636399  0.03630736 0.0636399  0.0222742
 0.0636399  0.02536391 0.11960072 0.0201902 ]
[0.03742746 0.12778035 0.1434089  0.06288959 0.02445056 0.06288959
 0.05700366 0.04536503 0.06288959 0.03891302 0.06288959 0.02713863
 0.06288959 0.03187076 0.13265336 0.01954039]
[0.03691193 0.11397522 0.11708825 0.05921733 0.02651711 0.05921733
 0.06574053 0.06438106 0.05921733 0.04780035 0.05921733 0.02501369
 0.05921733 0.03451177 0.15123074 0.0207428 ]
[0.04061718 0.12079932 0.1389234  0.05935699 0.02311095 0.05935699
 0.07831465 0.05526627 0.05935699 0.03871942 0.05935699 0.03622141
 0.05935699 0.03304689 0.11053476 0.02766083]
[0.03235672 0.12781304 0.11714226 0.06178668 0.02482488 0.06178668
 0.07578675 0.06853826 0.06178668 0.03483558 0.06178668 0.02679787
 0.06178668 0.02746999 0.1388371  0.01666406]]