13368
Test: public void test3() throws Throwable { HashMap<String, Object> hashMap0 = new HashMap<String, Object>(); StrSubstitutor strSubstitutor0 = new StrSubstitutor((Map<String, Object>) hashMap0, "", ""); StringBuffer stringBuffer0 = new StringBuffer((CharSequence) "org.apache.commons.lang3.text.StrSubstitutor@0000000002"); String string0 = strSubstitutor0.replace(stringBuffer0, (int) (byte)39, (int) (byte)0); }
Code: public static <V> String replace(final Object source, final Map<String, V> valueMap) { return new StrSubstitutor(valueMap).replace(source); }
[[0.05019066 0.13885117 0.06962134 0.06534505 0.06962134 0.03860561
 0.06775372 0.03944245 0.09099182 0.06962134 0.06962134 0.06052553
 0.05444659 0.02575576 0.06962134 0.01998491]
[0.04987346 0.12998459 0.06757996 0.07569036 0.06757996 0.0340415
 0.07133856 0.03626384 0.08818732 0.06757996 0.06757996 0.08500879
 0.04699799 0.02143242 0.06757996 0.02328131]
[0.041422   0.13996586 0.06985404 0.07754336 0.06985404 0.03169667
 0.06922124 0.03879024 0.08783518 0.06985404 0.06985404 0.0616921
 0.0501699  0.03114127 0.06985404 0.02125196]
[0.04929969 0.14110854 0.07078139 0.05778906 0.07078139 0.03465052
 0.07818739 0.03692137 0.09190849 0.07078139 0.07078139 0.06821419
 0.04929239 0.02111524 0.07078139 0.01760615]
[0.041422   0.13996586 0.06985404 0.07754336 0.06985404 0.03169667
 0.06922124 0.03879024 0.08783518 0.06985404 0.06985404 0.0616921
 0.0501699  0.03114127 0.06985404 0.02125196]
[0.0476811  0.13718772 0.06368526 0.08219618 0.06368526 0.03370032
 0.06942666 0.03397848 0.0874465  0.06368526 0.06368526 0.09192384
 0.05843655 0.02214811 0.06368526 0.01744829]
[0.04166109 0.14367354 0.0737613  0.06972508 0.0737613  0.02784829
 0.06649323 0.03223405 0.08953659 0.0737613  0.0737613  0.07312274
 0.04649933 0.0202051  0.0737613  0.02019447]
[0.04532997 0.13421729 0.0704354  0.0706901  0.0704354  0.0332077
 0.05864058 0.03016878 0.09829454 0.0704354  0.0704354  0.07598383
 0.0658984  0.02036808 0.0704354  0.01502374]
[0.03139132 0.1660102  0.07976836 0.0707216  0.07976836 0.03163385
 0.0542946  0.02829925 0.08230571 0.07976836 0.07976836 0.06109088
 0.04502547 0.01496335 0.07976836 0.015422  ]
[0.041422   0.13996586 0.06985404 0.07754336 0.06985404 0.03169667
 0.06922124 0.03879024 0.08783518 0.06985404 0.06985404 0.0616921
 0.0501699  0.03114127 0.06985404 0.02125196]
[0.041422   0.13996586 0.06985404 0.07754336 0.06985404 0.03169667
 0.06922124 0.03879024 0.08783518 0.06985404 0.06985404 0.0616921
 0.0501699  0.03114127 0.06985404 0.02125196]
[0.05071829 0.11813944 0.06718156 0.07490738 0.06718156 0.03020324
 0.05340333 0.04973297 0.09154159 0.06718156 0.06718156 0.07988915
 0.05858621 0.02853793 0.06718156 0.02843265]
[0.03488479 0.15175548 0.07264084 0.08483518 0.07264084 0.03265964
 0.06457852 0.03121306 0.0848816  0.07264084 0.07264084 0.06186008
 0.05173537 0.0211177  0.07264084 0.01727446]
[0.04363785 0.12821487 0.06908853 0.08306912 0.06908853 0.03346315
 0.07265926 0.03470138 0.07291336 0.06908853 0.06908853 0.07387178
 0.06124984 0.02895984 0.06908853 0.02181687]
[0.041422   0.13996586 0.06985404 0.07754336 0.06985404 0.03169667
 0.06922124 0.03879024 0.08783518 0.06985404 0.06985404 0.0616921
 0.0501699  0.03114127 0.06985404 0.02125196]
[0.03462061 0.13970602 0.06566998 0.06345225 0.06566998 0.03465915
 0.07656923 0.03087743 0.09643979 0.06566998 0.06566998 0.08362873
 0.07406771 0.01937519 0.06566998 0.01825406]]