35177
Test: public void test12() throws Throwable { Float float0 = new Float(0.0); Integer integer0 = AbstractExecutor.castInteger(float0); }
Code: static Integer castInteger(final Object arg) { return arg instanceof Number? ((Number) arg).intValue() : null; }
[[0.13191012 0.05872283 0.07010374 0.03490723 0.07010374 0.08503615
 0.04835816 0.07391682 0.02491701 0.07010373 0.07010373 0.07010373
 0.04329773 0.12493964 0.02347571]
[0.1773189  0.05256924 0.06777405 0.03400622 0.06777405 0.07319824
 0.0556941  0.06381254 0.03013914 0.06777404 0.06777404 0.06777404
 0.02377825 0.13231972 0.01829339]
[0.13986906 0.06217881 0.06965691 0.03165959 0.06965691 0.06176448
 0.05006154 0.06899777 0.03431317 0.0696569  0.0696569  0.0696569
 0.03870085 0.14290969 0.02126063]
[0.14338599 0.05828143 0.06759053 0.0356312  0.06759053 0.09461454
 0.06158834 0.06310609 0.0292864  0.06759053 0.06759053 0.06759053
 0.03438647 0.12368442 0.01808243]
[0.13986906 0.06217881 0.06965691 0.03165959 0.06965691 0.06176448
 0.05006154 0.06899777 0.03431317 0.0696569  0.0696569  0.0696569
 0.03870085 0.14290969 0.02126063]
[0.12298505 0.06298794 0.06940824 0.03132606 0.06940824 0.08346501
 0.06068461 0.06668977 0.03874818 0.06940825 0.06940825 0.06940825
 0.04302952 0.11343604 0.02960656]
[0.1512493  0.04707749 0.07266521 0.03261608 0.07266521 0.06157442
 0.05171457 0.08682175 0.02421649 0.07266521 0.07266521 0.07266521
 0.030943   0.13325399 0.01720679]
[0.15726604 0.05377887 0.073787   0.03307879 0.073787   0.06567159
 0.06620351 0.06167134 0.0302782  0.073787   0.073787   0.073787
 0.02983519 0.11595561 0.01732581]
[0.17841853 0.04577948 0.06483014 0.03387743 0.06483014 0.06001549
 0.05059407 0.08696154 0.02278943 0.06483015 0.06483015 0.06483015
 0.03495621 0.144449   0.01800813]
[0.13986906 0.06217881 0.06965691 0.03165959 0.06965691 0.06176448
 0.05006154 0.06899777 0.03431317 0.0696569  0.0696569  0.0696569
 0.03870085 0.14290969 0.02126063]
[0.13986906 0.06217881 0.06965691 0.03165959 0.06965691 0.06176448
 0.05006154 0.06899777 0.03431317 0.0696569  0.0696569  0.0696569
 0.03870085 0.14290969 0.02126063]
[0.13986906 0.06217881 0.06965691 0.03165959 0.06965691 0.06176448
 0.05006154 0.06899777 0.03431317 0.0696569  0.0696569  0.0696569
 0.03870085 0.14290969 0.02126063]
[0.1364347  0.05429675 0.06680322 0.03567216 0.06680322 0.07348213
 0.06753913 0.07423475 0.02670628 0.06680322 0.06680322 0.06680322
 0.03458048 0.13646352 0.02657402]
[0.10803213 0.05423629 0.08346438 0.03446047 0.08346438 0.06085604
 0.05795106 0.07739148 0.03082013 0.08346438 0.08346438 0.08346438
 0.04402483 0.09495505 0.01995064]
[0.14564353 0.0487995  0.07086694 0.03671746 0.07086694 0.0861643
 0.07830906 0.04742614 0.02423456 0.07086694 0.07086694 0.07086694
 0.03239441 0.12699737 0.01897904]]