39233
Test: public void test82() throws Throwable { int int0 = FieldUtils.safeNegate(0); }
Code: public static int safeNegate(int value) { if (value == Integer.MIN_VALUE) { throw new ArithmeticException("Integer.MIN_VALUE cannot be negated"); } return -value; }
[[0.03916896 0.11330354 0.02520687 0.05433544 0.04784806 0.05006339
 0.1053577  0.04027314 0.06239911 0.05726061 0.05006339 0.03964396
 0.01990452 0.05433544 0.02398097 0.03291373 0.05433544 0.01621527
 0.04283971 0.05433544 0.01621527]
[0.03905219 0.10276258 0.02038105 0.05279459 0.03730776 0.06771751
 0.10610518 0.04525873 0.04983943 0.05973775 0.06771751 0.03356656
 0.01682526 0.05279459 0.02691246 0.04182183 0.05279458 0.01846812
 0.03687966 0.05279458 0.01846812]
[0.02272149 0.13860127 0.0166466  0.05901591 0.05695618 0.04990903
 0.13100314 0.04494441 0.05797055 0.03849113 0.04990903 0.02981369
 0.01225036 0.05901591 0.02108751 0.03528161 0.05901592 0.01092871
 0.03649289 0.05901592 0.01092871]
[0.03278997 0.1131147  0.02131615 0.05489432 0.05237934 0.05106205
 0.08042926 0.04115564 0.06232974 0.0653564  0.05106205 0.03871999
 0.02484578 0.05489432 0.02977848 0.04147004 0.05489432 0.01741974
 0.03977361 0.05489432 0.01741973]
[0.03622486 0.11846936 0.01699749 0.05404706 0.04369472 0.05911224
 0.10633421 0.04248995 0.05365749 0.05245503 0.05911224 0.03859641
 0.01591085 0.05404706 0.03121996 0.03680383 0.05404706 0.01469613
 0.04334093 0.05404706 0.01469613]
[0.04101902 0.09495629 0.01985782 0.05468529 0.04518209 0.0638234
 0.07092656 0.04717901 0.04438079 0.05872025 0.0638234  0.03739005
 0.02319455 0.05468529 0.03543429 0.04219978 0.05468529 0.02284313
 0.04748525 0.05468529 0.02284314]
[0.02542292 0.14617033 0.01284119 0.06056806 0.03664479 0.04955699
 0.14189146 0.04405207 0.05352865 0.06895606 0.04955699 0.02407986
 0.00967669 0.06056806 0.0143921  0.03222247 0.06056809 0.00774616
 0.03324278 0.06056809 0.00774616]
[0.03406065 0.10943182 0.02083109 0.05902354 0.043656   0.05607674
 0.10672854 0.04910847 0.0580046  0.04419601 0.05607674 0.03504594
 0.01402059 0.05902354 0.02346281 0.04050609 0.05902354 0.01488818
 0.04292341 0.05902354 0.01488818]
[0.02512751 0.13528875 0.01617135 0.04283439 0.05305247 0.0589851
 0.13910104 0.05469824 0.06327936 0.05677387 0.0589851  0.02991391
 0.01644605 0.04283439 0.01969308 0.03546345 0.04283439 0.01235757
 0.04096811 0.04283439 0.01235757]
[0.02944725 0.09602065 0.01908329 0.05329757 0.05795618 0.06680784
 0.09129258 0.04320699 0.05741554 0.05494566 0.06680784 0.03777415
 0.02251495 0.05329757 0.03097112 0.03684044 0.05329756 0.01601005
 0.04370521 0.05329756 0.01601004]
[0.04101902 0.09495629 0.01985782 0.05468529 0.04518209 0.0638234
 0.07092656 0.04717901 0.04438079 0.05872025 0.0638234  0.03739005
 0.02319455 0.05468529 0.03543429 0.04219978 0.05468529 0.02284313
 0.04748525 0.05468529 0.02284314]
[0.03053669 0.11289621 0.01914685 0.05097975 0.0473824  0.07207572
 0.10470918 0.04367656 0.04713774 0.0492222  0.07207572 0.03607298
 0.01677624 0.05097975 0.02686975 0.04111533 0.05097975 0.0123964
 0.05159462 0.05097975 0.0123964 ]
[0.03254462 0.09687696 0.02186357 0.05049515 0.05395474 0.05754597
 0.1114163  0.04726752 0.06115585 0.05434059 0.05754597 0.03660415
 0.02131598 0.05049515 0.02414163 0.04207987 0.05049516 0.01680887
 0.04574796 0.05049516 0.01680887]
[0.03278997 0.1131147  0.02131615 0.05489432 0.05237934 0.05106205
 0.08042926 0.04115564 0.06232974 0.0653564  0.05106205 0.03871999
 0.02484578 0.05489432 0.02977848 0.04147004 0.05489432 0.01741974
 0.03977361 0.05489432 0.01741973]
[0.03231192 0.1156977  0.01841722 0.04987502 0.0535594  0.06273497
 0.10693638 0.04551763 0.0482679  0.05791193 0.06273497 0.03038142
 0.0192265  0.04987502 0.02443541 0.04471203 0.04987501 0.0132895
 0.05107559 0.04987501 0.0132895 ]
[0.03320139 0.10510504 0.02398925 0.06026534 0.03813048 0.04939659
 0.11129573 0.04877368 0.05375618 0.06795487 0.04939659 0.03018858
 0.01554505 0.06026534 0.01857981 0.04361041 0.06026534 0.01667327
 0.03666851 0.06026534 0.01667327]
[0.03278997 0.1131147  0.02131615 0.05489432 0.05237934 0.05106205
 0.08042926 0.04115564 0.06232974 0.0653564  0.05106205 0.03871999
 0.02484578 0.05489432 0.02977848 0.04147004 0.05489432 0.01741974
 0.03977361 0.05489432 0.01741973]
[0.02679995 0.10892747 0.02044477 0.05071908 0.0322229  0.06540911
 0.10266706 0.05333858 0.04614807 0.05884371 0.06540911 0.03585304
 0.015002   0.05071908 0.02961553 0.05042662 0.05071907 0.01424272
 0.0575303  0.05071907 0.01424272]
[0.02754582 0.12168313 0.01712316 0.05677606 0.04683312 0.05003899
 0.11606891 0.04598178 0.05566174 0.06215362 0.05003899 0.03190561
 0.01661274 0.05677606 0.02686871 0.03591944 0.05677606 0.01390667
 0.04064672 0.05677606 0.01390667]
[0.03278997 0.1131147  0.02131615 0.05489432 0.05237934 0.05106205
 0.08042926 0.04115564 0.06232974 0.0653564  0.05106205 0.03871999
 0.02484578 0.05489432 0.02977848 0.04147004 0.05489432 0.01741974
 0.03977361 0.05489432 0.01741973]
[0.02679995 0.10892746 0.02044477 0.05071908 0.0322229  0.06540912
 0.10266706 0.05333858 0.04614807 0.05884373 0.06540912 0.03585305
 0.01500201 0.05071908 0.02961554 0.05042662 0.05071908 0.01424272
 0.05753031 0.05071908 0.01424272]]