167457
Test: public void test105() throws Throwable { DefaultFileSystemManager defaultFileSystemManager0 = new DefaultFileSystemManager(); defaultFileSystemManager0.init(); FileObject fileObject0 = defaultFileSystemManager0.createVirtualFileSystem("ram"); OnCallRefreshFileObject onCallRefreshFileObject0 = new OnCallRefreshFileObject(fileObject0); boolean boolean0 = defaultFileSystemManager0.canCreateFileSystem(onCallRefreshFileObject0); }
Code: public boolean canCreateFileSystem(final FileObject file) throws FileSystemException { return typeMap.getScheme(file) != null; }
[[0.05498017 0.12904142 0.07627948 0.07627948 0.0719011  0.12434288
 0.07627948 0.08140296 0.06150737 0.07627949 0.03104606 0.11546396
 0.02519616]
[0.03726712 0.18201277 0.07036935 0.07036935 0.06352025 0.12848079
 0.07036935 0.10057599 0.06375846 0.07036936 0.01960108 0.10480654
 0.01849953]
[0.04234414 0.15281236 0.06971425 0.06971425 0.06490219 0.13792083
 0.06971425 0.07243567 0.05153405 0.06971425 0.02891789 0.14603989
 0.02423595]
[0.04234414 0.15281236 0.06971425 0.06971425 0.06490219 0.13792083
 0.06971425 0.07243567 0.05153405 0.06971425 0.02891789 0.14603989
 0.02423595]
[0.04369612 0.12905577 0.07478996 0.07478996 0.06547824 0.13069808
 0.07478996 0.08955874 0.06108095 0.07478996 0.02901842 0.12803482
 0.02421909]
[0.03714609 0.16068166 0.06108772 0.06108772 0.0580247  0.17198344
 0.06108772 0.09868465 0.06243015 0.06108773 0.03129847 0.1166843
 0.01871573]
[0.04234414 0.15281236 0.06971425 0.06971425 0.06490219 0.13792083
 0.06971425 0.07243567 0.05153405 0.06971425 0.02891789 0.14603989
 0.02423595]
[0.05831092 0.11870831 0.07276137 0.07276137 0.06430813 0.10127564
 0.07276137 0.1018876  0.06604479 0.07276139 0.04276522 0.12102666
 0.03462713]
[0.03786839 0.17028852 0.07141435 0.07141435 0.06299175 0.13034523
 0.07141435 0.08237767 0.05354715 0.07141435 0.02437476 0.13039702
 0.02215211]
[0.04234414 0.15281236 0.06971425 0.06971425 0.06490219 0.13792083
 0.06971425 0.07243567 0.05153405 0.06971425 0.02891789 0.14603989
 0.02423595]
[0.03790725 0.15422258 0.06686854 0.06686854 0.07271606 0.14172728
 0.06686854 0.10571381 0.05487955 0.06686856 0.0175882  0.13004863
 0.01772249]
[0.0479884  0.14764065 0.08152689 0.08152689 0.06168415 0.13474925
 0.08152689 0.07600932 0.0595878  0.08152689 0.02942654 0.09353828
 0.02326809]
[0.03627799 0.11783628 0.06541128 0.06541128 0.06048573 0.15172333
 0.06541128 0.10728291 0.08329386 0.06541128 0.02807624 0.13096906
 0.02240951]]