148031
Test: public void test17() throws Throwable { DefaultSocketFactory defaultSocketFactory0 = new DefaultSocketFactory(); // Undeclared exception!  defaultSocketFactory0.createSocket((InetAddress) null, 1070, (InetAddress) null, 1070);   }
Code: public Socket createSocket() throws IOException { if (connProxy != null) { return new Socket(connProxy); } return new Socket(); }
[[0.04705829 0.06528041 0.06528041 0.11274698 0.02388724 0.06103165
 0.12666875 0.06528041 0.02547082 0.02549243 0.06103165 0.05157765
 0.02385256 0.06528041 0.01967486 0.05157765 0.02385256 0.06528042
 0.01967486]
[0.04001066 0.06754138 0.06754138 0.12894137 0.02596259 0.0592173
 0.09736136 0.06754138 0.02542181 0.02830809 0.0592173  0.04845066
 0.0300477  0.06754138 0.02042796 0.04845066 0.0300477  0.06754139
 0.02042795]
[0.04001066 0.06754138 0.06754138 0.12894137 0.02596259 0.0592173
 0.09736136 0.06754138 0.02542181 0.02830809 0.0592173  0.04845066
 0.0300477  0.06754138 0.02042796 0.04845066 0.0300477  0.06754139
 0.02042795]
[0.03208481 0.05861866 0.05861866 0.16322245 0.01913296 0.07074531
 0.143185   0.05861866 0.02393056 0.01978375 0.07074531 0.05121289
 0.0165713  0.05861866 0.01425406 0.05121289 0.0165713  0.05861868
 0.01425406]
[0.03576014 0.06832333 0.06832333 0.1389227  0.0191543  0.0593535
 0.14517769 0.06832333 0.02091147 0.01560101 0.0593535  0.05065263
 0.01845488 0.06832333 0.01296705 0.05065263 0.01845488 0.06832334
 0.01296705]
[0.04794301 0.06365994 0.06365994 0.08516727 0.03188329 0.07517119
 0.08282338 0.06365994 0.03363679 0.03137984 0.07517119 0.05542568
 0.02702655 0.06365994 0.02680994 0.05542568 0.02702655 0.06365996
 0.02680994]
[0.02968475 0.06937926 0.06937926 0.17459455 0.0183168  0.06075158
 0.16675662 0.06937926 0.01129521 0.01138316 0.06075158 0.03899586
 0.01141693 0.06937926 0.00937196 0.03899586 0.01141692 0.06937927
 0.00937196]
[0.04001066 0.06754138 0.06754138 0.12894137 0.02596259 0.0592173
 0.09736136 0.06754138 0.02542181 0.02830809 0.0592173  0.04845066
 0.0300477  0.06754138 0.02042796 0.04845066 0.0300477  0.06754139
 0.02042795]
[0.03651232 0.06358191 0.06358191 0.13639234 0.02041329 0.07769293
 0.13884759 0.06358191 0.01491441 0.01888208 0.07769293 0.04944757
 0.01671707 0.06358191 0.01420661 0.04944757 0.01671707 0.06358193
 0.01420661]
[0.03517082 0.06500056 0.06500056 0.12351371 0.02371084 0.07646654
 0.16040435 0.06500056 0.01920291 0.02209883 0.07646654 0.04261648
 0.01439766 0.06500056 0.01196715 0.04261648 0.01439766 0.06500058
 0.01196715]
[0.04794301 0.06365994 0.06365994 0.08516727 0.03188329 0.07517119
 0.08282338 0.06365994 0.03363679 0.03137984 0.07517119 0.05542568
 0.02702655 0.06365994 0.02680994 0.05542568 0.02702655 0.06365996
 0.02680994]
[0.03320073 0.06793644 0.06793644 0.12916306 0.02459331 0.06132521
 0.1392428  0.06793644 0.02003592 0.01988089 0.06132521 0.04881717
 0.01997027 0.06793644 0.01698794 0.04881717 0.01997026 0.06793644
 0.01698794]
[0.03797384 0.05984768 0.05984768 0.13512328 0.02540866 0.06493469
 0.13132897 0.05984768 0.02388774 0.02202542 0.06493469 0.05331806
 0.02512614 0.05984768 0.01912795 0.05331806 0.02512614 0.05984769
 0.01912795]
[0.04001066 0.06754138 0.06754138 0.12894137 0.02596259 0.0592173
 0.09736136 0.06754138 0.02542181 0.02830809 0.0592173  0.04845066
 0.0300477  0.06754138 0.02042796 0.04845066 0.0300477  0.06754139
 0.02042795]
[0.03108683 0.05845684 0.05845684 0.13106255 0.02456498 0.07803867
 0.11956491 0.05845684 0.02250157 0.01954719 0.07803867 0.0673591
 0.01741328 0.05845684 0.01688282 0.0673591  0.01741328 0.05845685
 0.01688282]
[0.03320073 0.06793644 0.06793644 0.12916306 0.02459331 0.06132521
 0.1392428  0.06793644 0.02003592 0.01988089 0.06132521 0.04881717
 0.01997027 0.06793644 0.01698794 0.04881717 0.01997026 0.06793644
 0.01698794]
[0.03797384 0.05984769 0.05984769 0.13512328 0.02540866 0.0649347
 0.13132897 0.05984769 0.02388773 0.02202542 0.0649347  0.05331808
 0.02512614 0.05984769 0.01912795 0.05331808 0.02512614 0.05984769
 0.01912795]
[0.04001066 0.06754138 0.06754138 0.12894139 0.02596259 0.0592173
 0.09736136 0.06754138 0.0254218  0.0283081  0.0592173  0.04845065
 0.0300477  0.06754138 0.02042796 0.04845065 0.0300477  0.06754139
 0.02042796]
[0.03108683 0.05845684 0.05845684 0.13106255 0.02456499 0.07803868
 0.11956491 0.05845684 0.02250157 0.01954719 0.07803868 0.0673591
 0.01741328 0.05845684 0.01688282 0.0673591  0.01741328 0.05845685
 0.01688282]]