166261
Test: public void test9() throws Throwable { CombinedConfiguration combinedConfiguration0 = new CombinedConfiguration(); NodeSelector nodeSelector0 = new NodeSelector((String) null); TrackedNodeModel trackedNodeModel0 = new TrackedNodeModel(combinedConfiguration0, nodeSelector0, true); SubnodeConfiguration subnodeConfiguration0 = new SubnodeConfiguration(combinedConfiguration0, trackedNodeModel0); ConfigurationPropertiesFactoryBean configurationPropertiesFactoryBean0 = new ConfigurationPropertiesFactoryBean(subnodeConfiguration0);  configurationPropertiesFactoryBean0.getObject();   }
Code: public Properties getObject() throws Exception { return compositeConfiguration != null ? ConfigurationConverter.getProperties(compositeConfiguration) : null; }
[[0.05342085 0.05573405 0.07411124 0.12452167 0.04233168 0.07402752
 0.05913717 0.07411124 0.02951952 0.06018808 0.09242819 0.07411125
 0.05046445 0.11252012 0.02337299]
[0.0471596  0.05840784 0.08238211 0.14635688 0.03533728 0.07976972
 0.05242387 0.08238211 0.03325585 0.04235962 0.07392944 0.08238211
 0.03599423 0.12155674 0.02630256]
[0.04303571 0.05551441 0.07156879 0.13958177 0.03764189 0.06966045
 0.05227126 0.07156879 0.028574   0.04694927 0.09864512 0.07156879
 0.04125763 0.14859104 0.0235711 ]
[0.03630894 0.06046038 0.06296477 0.17626218 0.03022082 0.0884055
 0.05951647 0.06296477 0.02886829 0.04903669 0.10495269 0.06296478
 0.04320463 0.11663754 0.01723151]
[0.04260905 0.05876921 0.06553945 0.1453291  0.03652143 0.09555984
 0.05801283 0.06553945 0.02334552 0.04250249 0.11160703 0.06553945
 0.04261314 0.12555094 0.02096106]
[0.05695832 0.06237259 0.07402424 0.10038708 0.03890837 0.09290843
 0.06537734 0.07402424 0.04060045 0.04623295 0.07317772 0.07402425
 0.04690632 0.12155099 0.03254671]
[0.03862976 0.05221888 0.07613456 0.14214692 0.03149006 0.07731134
 0.05577737 0.07613456 0.02404173 0.04796516 0.10535581 0.07613456
 0.03627649 0.13928649 0.02109631]
[0.04303571 0.05551441 0.07156879 0.13958177 0.03764189 0.06966045
 0.05227126 0.07156879 0.028574   0.04694927 0.09864512 0.07156879
 0.04125763 0.14859104 0.0235711 ]
[0.03969006 0.06807026 0.06966753 0.14834279 0.03292706 0.10058
 0.05603149 0.06966753 0.01756669 0.040848   0.11097001 0.06966755
 0.02626198 0.1323523  0.01735671]
[0.0435184  0.07383185 0.06645934 0.1377243  0.03974778 0.09780584
 0.06999093 0.06645934 0.02397689 0.04036566 0.09736243 0.06645933
 0.03457007 0.12662122 0.01510668]
[0.0446877  0.05966336 0.07023796 0.1292929  0.03230514 0.10385033
 0.06111963 0.07023796 0.02686594 0.04357484 0.10065103 0.07023795
 0.0448309  0.12267734 0.01976706]
[0.04303571 0.05551441 0.07156879 0.13958177 0.03764189 0.06966045
 0.05227126 0.07156879 0.028574   0.04694927 0.09864512 0.07156879
 0.04125763 0.14859104 0.0235711 ]
[0.05182768 0.06287602 0.06279626 0.12181954 0.03485605 0.08212972
 0.06521867 0.06279626 0.0329549  0.05208303 0.11359535 0.06279626
 0.03619991 0.12988633 0.02816393]
[0.04861762 0.07259494 0.0809584  0.13947937 0.03558161 0.0672693
 0.05769444 0.0809584  0.02763471 0.04679111 0.10095008 0.0809584
 0.04678353 0.09249578 0.02123221]
[0.03566312 0.06771951 0.06622015 0.14998871 0.04020578 0.09439019
 0.07868089 0.06622015 0.02635913 0.04025779 0.08827873 0.06622015
 0.03407113 0.12554422 0.02018031]]