33038
Test: public void test38() throws Throwable { JexlInfo jexlInfo0 = null;  jexlInfo0 = new JexlInfo((JexlInfo) null);   }
Code: public JexlInfo(final String source, final int l, final int c) { name = source; line = l; column = c; }
[[0.04553802 0.06317747 0.05780973 0.06558108 0.03716352 0.02788629
 0.02874132 0.03716352 0.02788629 0.0640871  0.06535991 0.02259795
 0.02894971 0.08020827 0.08552039 0.02894971 0.06317747 0.08319512
 0.02894971 0.03763979 0.02041764]
[0.03650668 0.06080831 0.06674889 0.06361718 0.03541105 0.02357303
 0.03151998 0.03541105 0.02357303 0.07908291 0.05855384 0.02076972
 0.03938046 0.07036398 0.09208131 0.03938046 0.06080832 0.0699477
 0.03938046 0.03323076 0.01985084]
[0.0454945  0.06375367 0.05209281 0.07597076 0.03534849 0.02416136
 0.03514657 0.03534849 0.02416136 0.05817831 0.07006468 0.02120288
 0.03073846 0.07106498 0.09083945 0.03073846 0.06375367 0.09329968
 0.03073845 0.03030305 0.01759989]
[0.04101177 0.07186689 0.06749719 0.06841223 0.03287014 0.02213138
 0.03189345 0.03287014 0.02213138 0.05935257 0.07900294 0.01795296
 0.02741212 0.06531627 0.09320906 0.02741212 0.07186688 0.08014061
 0.02741212 0.03875735 0.02148033]
[0.04341132 0.06710724 0.06734281 0.05632341 0.02894944 0.01920819
 0.03798202 0.02894944 0.01920819 0.05358274 0.07330818 0.02345772
 0.03361743 0.07337841 0.08715387 0.03361743 0.06710723 0.10823636
 0.03361743 0.02997474 0.01446634]
[0.03138564 0.08038048 0.06084633 0.07591695 0.04290763 0.0225419
 0.02699791 0.04290763 0.0225419  0.05957269 0.07157481 0.01637367
 0.02646488 0.07600427 0.09340885 0.02646488 0.0803805  0.07140764
 0.02646488 0.03006342 0.01539316]
[0.0413764  0.06178489 0.06806458 0.06811738 0.0369891  0.0253129
 0.03725338 0.0369891  0.0253129  0.05077831 0.08239336 0.02068357
 0.02817668 0.08130096 0.07462061 0.02817668 0.06178488 0.09131321
 0.02817668 0.03347266 0.01792174]
[0.04341132 0.06710724 0.06734281 0.05632341 0.02894944 0.01920819
 0.03798202 0.02894944 0.01920819 0.05358274 0.07330818 0.02345772
 0.03361743 0.07337841 0.08715387 0.03361743 0.06710723 0.10823636
 0.03361743 0.02997474 0.01446634]
[0.03138564 0.08038048 0.06084633 0.07591695 0.04290763 0.0225419
 0.02699791 0.04290763 0.0225419  0.05957269 0.07157481 0.01637367
 0.02646488 0.07600427 0.09340885 0.02646488 0.0803805  0.07140764
 0.02646488 0.03006342 0.01539316]
[0.0439837  0.06626357 0.07063119 0.07329458 0.03459579 0.01807772
 0.03299483 0.03459579 0.01807772 0.07126062 0.08515202 0.02276681
 0.02526401 0.06459659 0.08410618 0.02526401 0.06626357 0.08760487
 0.02526401 0.03172303 0.01821939]
[0.04635195 0.06185231 0.06910816 0.04855412 0.04541099 0.02245235
 0.04490831 0.04541099 0.02245235 0.04999616 0.07199261 0.02393404
 0.03847367 0.06579681 0.08609461 0.03847367 0.06185232 0.05669603
 0.03847367 0.03592673 0.02578818]
[0.05280568 0.05478219 0.05110314 0.06600127 0.03563907 0.02862613
 0.03546879 0.03563907 0.02862613 0.05743563 0.05329152 0.02467186
 0.03678771 0.07337838 0.07952294 0.03678771 0.05478219 0.08909781
 0.03678771 0.04377107 0.02499396]
[0.04853067 0.06864586 0.05755052 0.05910331 0.04087749 0.02935712
 0.04007494 0.04087749 0.02935712 0.05643548 0.05474125 0.02603277
 0.04021708 0.06468771 0.07668403 0.04021708 0.06864586 0.04689192
 0.04021708 0.04708698 0.02376824]
[0.03556816 0.05396262 0.07854262 0.08343884 0.03446839 0.0207528
 0.03090265 0.03446839 0.0207528  0.05761537 0.06167123 0.01910235
 0.03321034 0.07538354 0.09478854 0.03321034 0.05396261 0.10305731
 0.03321034 0.02714835 0.01478235]
[0.03956017 0.04709951 0.07085004 0.06436913 0.03830597 0.02123779
 0.03064694 0.03830597 0.02123779 0.07242294 0.10003333 0.01750747
 0.03156643 0.07429664 0.09289061 0.03156643 0.04709951 0.08227258
 0.03156643 0.03011245 0.01705189]
[0.04853067 0.06864586 0.05755052 0.05910331 0.04087749 0.02935712
 0.04007494 0.04087749 0.02935712 0.05643548 0.05474125 0.02603277
 0.04021708 0.06468771 0.07668403 0.04021708 0.06864586 0.04689192
 0.04021708 0.04708698 0.02376824]
[0.03650668 0.06080831 0.06674889 0.06361718 0.03541105 0.02357303
 0.03151998 0.03541105 0.02357303 0.07908291 0.05855384 0.02076972
 0.03938046 0.07036398 0.09208131 0.03938046 0.06080832 0.0699477
 0.03938046 0.03323076 0.01985084]
[0.03992553 0.06452604 0.0640723  0.0813987  0.04541507 0.02166959
 0.03385976 0.04541507 0.02166959 0.05565623 0.06618202 0.02463925
 0.0283376  0.0715382  0.08919352 0.0283376  0.06452603 0.07065371
 0.0283376  0.03233097 0.02231562]
[0.04853067 0.06864586 0.05755052 0.05910331 0.04087749 0.02935712
 0.04007494 0.04087749 0.02935712 0.05643548 0.05474125 0.02603277
 0.04021708 0.06468771 0.07668403 0.04021708 0.06864586 0.04689192
 0.04021708 0.04708698 0.02376824]
[0.03804222 0.06447981 0.09216556 0.05744257 0.03614555 0.01833869
 0.02681538 0.03614555 0.01833869 0.07002386 0.07250544 0.01724375
 0.02444341 0.07630601 0.09677389 0.02444341 0.06447981 0.09754898
 0.02444341 0.0261408  0.01773329]
[0.03401937 0.06368819 0.06231448 0.07790628 0.03071708 0.02577478
 0.02891877 0.03071708 0.02577478 0.05965838 0.08703534 0.02268748
 0.03071954 0.07240329 0.09898919 0.03071954 0.06368819 0.07385112
 0.03071954 0.03094915 0.01874847]]