35946
Test: public void test8() throws Throwable { BuddhistChronology buddhistChronology0 = BuddhistChronology.getInstanceUTC(); DateTimeZone dateTimeZone0 = buddhistChronology0.getZone(); LocalDateTime localDateTime0 = LocalDateTime.now(dateTimeZone0); localDateTime0.plusSeconds(10); }
Code: public LocalDateTime plusSeconds(int seconds) { if (seconds == 0) { return this; } long instant = getChronology().seconds().add(getLocalMillis(), seconds); return withLocalMillis(instant); }
[[0.03743824 0.0655348  0.05193818 0.05192554 0.05163134 0.10108743
 0.08190231 0.05856357 0.02142101 0.05163134 0.04141366 0.03299345
 0.01632584 0.06157333 0.04247072 0.02366623 0.05193818 0.04686722
 0.04141366 0.05193818 0.01632584]
[0.03027625 0.06757241 0.05296581 0.06195069 0.05738648 0.11110956
 0.1028696  0.04484357 0.0200376  0.05738648 0.03974088 0.02943515
 0.01509566 0.05417855 0.03378814 0.02379895 0.05296581 0.03679606
 0.03974088 0.05296581 0.01509566]
[0.03170758 0.07028065 0.05273344 0.06076585 0.05130499 0.07826079
 0.10876836 0.05990873 0.02399537 0.05130499 0.03851159 0.03132447
 0.01736148 0.05533113 0.036966   0.03429908 0.05273344 0.03583562
 0.03851158 0.05273344 0.01736148]
[0.03046638 0.07102889 0.04826652 0.0514352  0.063094   0.120653
 0.08724224 0.05263987 0.02245047 0.063094   0.04133765 0.02520295
 0.01337216 0.06323637 0.0350348  0.02458199 0.04826652 0.03562061
 0.04133765 0.04826652 0.01337216]
[0.03990002 0.06299368 0.05240162 0.05973927 0.06385773 0.06875814
 0.07268419 0.04276083 0.02701623 0.06385773 0.04595784 0.03347917
 0.02256273 0.0638355  0.03087457 0.03320374 0.05240163 0.04279317
 0.04595785 0.05240163 0.02256273]
[0.02474433 0.07592423 0.05666297 0.05759062 0.05315614 0.13994336
 0.09895097 0.05029452 0.02099061 0.05315614 0.03266293 0.01999918
 0.00809733 0.06940378 0.03562384 0.01946158 0.05666298 0.02925128
 0.03266293 0.05666298 0.00809733]
[0.03911176 0.09020963 0.05167519 0.05013277 0.04951201 0.1043654
 0.07613501 0.05120554 0.02237389 0.04951201 0.04205686 0.02913916
 0.01574279 0.05501435 0.03924139 0.02744136 0.05167518 0.04598087
 0.04205685 0.05167518 0.01574279]
[0.02323086 0.07936711 0.03840723 0.05371375 0.05834207 0.12819794
 0.11336541 0.05779331 0.02485727 0.05834207 0.0381323  0.02560738
 0.01202774 0.06878135 0.03523297 0.0239772  0.03840723 0.03364957
 0.0381323  0.03840723 0.01202774]
[0.03071502 0.06459338 0.05031884 0.05586067 0.05474814 0.10367586
 0.09225184 0.05066753 0.02150363 0.05474814 0.04866403 0.02866437
 0.01883023 0.06105927 0.03223914 0.02397653 0.05031884 0.03935146
 0.04866404 0.05031884 0.01883023]
[0.03990002 0.06299368 0.05240162 0.05973927 0.06385773 0.06875814
 0.07268419 0.04276083 0.02701623 0.06385773 0.04595784 0.03347917
 0.02256273 0.0638355  0.03087457 0.03320374 0.05240163 0.04279317
 0.04595785 0.05240163 0.02256273]
[0.02619627 0.06860932 0.05224897 0.05126604 0.0511601  0.10807727
 0.12205234 0.05066567 0.02108027 0.0511601  0.03804222 0.02383853
 0.01402313 0.07219565 0.03925359 0.02560755 0.05224897 0.02795967
 0.03804222 0.05224897 0.01402313]
[0.03971682 0.07567845 0.05583166 0.04518256 0.06284638 0.09612089
 0.06662245 0.0500055  0.02392725 0.06284638 0.04802078 0.02491275
 0.01694946 0.05892547 0.03395671 0.0233174  0.05583167 0.03850546
 0.04802078 0.05583167 0.01694945]
[0.02668715 0.07829757 0.0503201  0.06150681 0.06620513 0.10246998
 0.073682   0.04604495 0.01943507 0.06620513 0.05759783 0.02504279
 0.01436168 0.04331792 0.02761505 0.02387355 0.05032009 0.0447376
 0.05759783 0.05032009 0.01436168]
[0.02706592 0.06615208 0.05060397 0.05910842 0.06446488 0.1023113
 0.10157804 0.05329441 0.02250465 0.06446488 0.04006724 0.02564358
 0.01534879 0.05600538 0.04134358 0.0207018  0.05060397 0.03271712
 0.04006724 0.05060397 0.01534879]
[0.03725361 0.06876564 0.05412381 0.0574535  0.05191813 0.10290368
 0.07492531 0.05988698 0.0216435  0.05191813 0.04542485 0.0294524
 0.01549548 0.05884024 0.04028306 0.02529215 0.05412381 0.03525155
 0.04542485 0.05412381 0.01549548]
[0.04114392 0.0738963  0.05820058 0.0469187  0.04629686 0.09103982
 0.06920033 0.04648151 0.03079793 0.04629686 0.04512794 0.04137899
 0.02012344 0.05079777 0.03058089 0.03406338 0.05820058 0.04600216
 0.04512795 0.05820058 0.02012344]
[0.03170758 0.07028065 0.05273344 0.06076585 0.05130499 0.07826079
 0.10876836 0.05990873 0.02399537 0.05130499 0.03851159 0.03132447
 0.01736148 0.05533113 0.036966   0.03429908 0.05273344 0.03583562
 0.03851158 0.05273344 0.01736148]
[0.03146767 0.07662232 0.04957668 0.04558893 0.06340156 0.13835737
 0.10139779 0.0492873  0.02164157 0.06340156 0.03604562 0.02186282
 0.01031635 0.05983906 0.03348885 0.01779774 0.04957668 0.03439148
 0.03604562 0.04957668 0.01031634]
[0.02619627 0.06860932 0.05224897 0.05126604 0.0511601  0.10807727
 0.12205234 0.05066567 0.02108027 0.0511601  0.03804222 0.02383853
 0.01402313 0.07219565 0.03925359 0.02560755 0.05224897 0.02795967
 0.03804222 0.05224897 0.01402313]
[0.03170758 0.07028065 0.05273344 0.06076585 0.05130499 0.07826079
 0.10876836 0.05990873 0.02399537 0.05130499 0.03851159 0.03132447
 0.01736148 0.05533113 0.036966   0.03429908 0.05273344 0.03583562
 0.03851158 0.05273344 0.01736148]
[0.02668715 0.07829759 0.0503201  0.0615068  0.06620514 0.10246997
 0.07368201 0.04604495 0.01943507 0.06620514 0.05759783 0.02504278
 0.01436169 0.04331792 0.02761505 0.02387354 0.0503201  0.04473759
 0.05759783 0.0503201  0.01436168]]