78284
Test: public void test10() throws Throwable { BasicType basicType0 = Type.SHORT; NEWARRAY nEWARRAY0 = new NEWARRAY(basicType0); String string0 = nEWARRAY0.toString(true); }
Code: public String toString( final boolean verbose ) { return super.toString(verbose) + " " + org.apache.bcel.Const.getTypeName(type); }
[[0.05046748 0.06390376 0.0700175  0.04133916 0.11957279 0.03423023
 0.09356955 0.07359307 0.05631957 0.0700175  0.04103571 0.07599968
 0.07599968 0.04103571 0.0700175  0.0228812 ]
[0.05001371 0.05623248 0.06877644 0.03992924 0.15536293 0.02940389
 0.08894717 0.08298381 0.05162174 0.06877644 0.04328111 0.06606621
 0.06606621 0.04328111 0.06877644 0.02048103]
[0.0394478  0.07066412 0.06501272 0.03938751 0.14279956 0.02906666
 0.09742891 0.06711101 0.04799936 0.06501272 0.05468271 0.06960621
 0.06960621 0.05468271 0.06501272 0.02247905]
[0.04763606 0.07203034 0.07181566 0.03206935 0.134419   0.02993367
 0.10022049 0.08328168 0.06934483 0.07181566 0.04622119 0.05344435
 0.05344435 0.04622119 0.07181566 0.01628654]
[0.03701128 0.0721175  0.07039976 0.03596565 0.18695092 0.02498556
 0.09513136 0.09598462 0.0620931  0.07039976 0.02482763 0.05554618
 0.05554618 0.02482763 0.07039976 0.01781311]
[0.03414273 0.0607328  0.07037026 0.03303574 0.1392767  0.02784337
 0.10597181 0.0787352  0.04794882 0.07037026 0.04067439 0.07986075
 0.07986075 0.04067439 0.07037026 0.0201318 ]
[0.04600747 0.06721135 0.05982965 0.0447405  0.1460322  0.0310086
 0.07900678 0.10184364 0.05310612 0.05982965 0.0474834  0.06577256
 0.06577256 0.0474834  0.05982965 0.02504243]
[0.05031215 0.07060646 0.06405437 0.04956525 0.10586037 0.03138412
 0.08629709 0.08505479 0.05735842 0.06405437 0.05275549 0.06828082
 0.06828082 0.05275549 0.06405437 0.02932573]
[0.03366783 0.06988024 0.06496856 0.0315122  0.16135117 0.02396198
 0.08729784 0.07021911 0.04812581 0.06496856 0.04673165 0.08329727
 0.08329727 0.04673165 0.06496856 0.01902032]
[0.0394478  0.07066412 0.06501272 0.03938751 0.14279956 0.02906666
 0.09742891 0.06711101 0.04799936 0.06501272 0.05468271 0.06960621
 0.06960621 0.05468271 0.06501272 0.02247905]
[0.04961219 0.07827763 0.06799547 0.04571373 0.1253464  0.03480602
 0.08373719 0.07001709 0.05866967 0.06799547 0.04206427 0.07081279
 0.07081279 0.04206427 0.06799547 0.02407947]
[0.03961616 0.08867487 0.0640984  0.03999694 0.15784833 0.02383277
 0.09913637 0.10020786 0.0559876  0.0640984  0.02949322 0.06408131
 0.06408131 0.02949322 0.0640984  0.01525487]
[0.03961616 0.08867487 0.0640984  0.03999694 0.15784833 0.02383277
 0.09913637 0.10020786 0.0559876  0.0640984  0.02949322 0.06408131
 0.06408131 0.02949322 0.0640984  0.01525487]
[0.04961219 0.07827763 0.06799547 0.04571373 0.1253464  0.03480602
 0.08373719 0.07001709 0.05866967 0.06799547 0.04206427 0.07081279
 0.07081279 0.04206427 0.06799547 0.02407947]
[0.0394478  0.07066412 0.06501272 0.03938751 0.14279956 0.02906666
 0.09742891 0.06711101 0.04799936 0.06501272 0.05468271 0.06960621
 0.06960621 0.05468271 0.06501272 0.02247905]
[0.03502505 0.0640633  0.06337952 0.03260423 0.11456116 0.02245155
 0.10386599 0.10226455 0.08003755 0.06337952 0.03903928 0.07774664
 0.07774664 0.03903928 0.06337952 0.02141627]]