136054
Test: public void test159() throws Throwable { Document document0 = Parser.parse("T&B``lI8y", "org.jsoup.select.Elements"); Elements elements0 = document0.getElementsContainingText("T&B``lI8y"); Elements elements1 = elements0.prevAll("org.jsoup.select.Elements"); Elements elements2 = elements1.clone(); elements2.after("org.jsoup.select.Elements"); }
Code: public Elements after(String html) { for (Element element : this) { element.after(html); } return this; }
[[0.06349324 0.03987419 0.08806746 0.12784843 0.06987457 0.06555295
 0.04696494 0.08672602 0.05237439 0.03507146 0.06987457 0.08806746
 0.0238174  0.06805059 0.05052492 0.0238174 ]
[0.05886308 0.03054407 0.08405016 0.12474884 0.09035362 0.05852181
 0.03865645 0.09169164 0.04262887 0.03562671 0.09035362 0.08405016
 0.02243972 0.07600155 0.04902998 0.02243972]
[0.05181989 0.03612513 0.08841147 0.14240086 0.07152571 0.07334527
 0.0490299  0.08828385 0.04746526 0.03125423 0.07152571 0.08841147
 0.02507201 0.06261455 0.0476426  0.02507201]
[0.04488479 0.03391998 0.1007998  0.14908177 0.08045678 0.06613077
 0.03139946 0.09852056 0.03334821 0.03114938 0.08045678 0.1007998
 0.01905733 0.06703249 0.04390474 0.01905733]
[0.0579143  0.0368492  0.0810971  0.13573685 0.08139519 0.06005083
 0.0485234  0.0764891  0.04607058 0.03729563 0.08139519 0.0810971
 0.03056923 0.06818298 0.04676405 0.03056923]
[0.06701238 0.03405654 0.10125007 0.1043548  0.09283818 0.07282482
 0.04118271 0.08268683 0.03739139 0.0303971  0.09283818 0.10125007
 0.01701235 0.06861368 0.03927861 0.01701235]
[0.04937559 0.0294301  0.08808818 0.1352458  0.08757232 0.06778215
 0.04368123 0.09494536 0.04653706 0.02799857 0.08757232 0.08808818
 0.02211249 0.06812237 0.04133585 0.02211249]
[0.0548402  0.03753324 0.09354618 0.12399901 0.07789223 0.06443102
 0.0413575  0.08427228 0.05005307 0.03226744 0.07789223 0.09354618
 0.02300164 0.07580651 0.04655954 0.02300164]
[0.06274143 0.03854955 0.07942974 0.12922414 0.08149324 0.06911303
 0.03702116 0.08127391 0.0394536  0.03367925 0.08149324 0.07942974
 0.03016334 0.07952554 0.04724575 0.03016334]
[0.05725367 0.03921861 0.10263024 0.1278503  0.07614716 0.05877099
 0.02901998 0.0915495  0.04746193 0.03145597 0.07614716 0.10263024
 0.02031065 0.06909016 0.05015282 0.02031065]
[0.0579143  0.0368492  0.0810971  0.13573685 0.08139519 0.06005083
 0.0485234  0.0764891  0.04607058 0.03729563 0.08139519 0.0810971
 0.03056923 0.06818298 0.04676405 0.03056923]
[0.05181989 0.03612513 0.08841147 0.14240086 0.07152571 0.07334527
 0.0490299  0.08828385 0.04746526 0.03125423 0.07152571 0.08841147
 0.02507201 0.06261455 0.0476426  0.02507201]
[0.04554117 0.03043246 0.08901693 0.11150222 0.09480552 0.06144829
 0.03988289 0.09522186 0.03701324 0.03548701 0.09480552 0.08901693
 0.02147324 0.0930367  0.03984272 0.02147324]
[0.04417475 0.0362783  0.09502316 0.16240284 0.07211591 0.08523517
 0.0317465  0.09429912 0.03793132 0.02854882 0.07211591 0.09502316
 0.02048627 0.06657971 0.03755279 0.02048627]
[0.06267174 0.03947803 0.09373789 0.12009496 0.08733259 0.05101068
 0.03975712 0.08985639 0.03976671 0.03104367 0.08733259 0.09373789
 0.02496226 0.07686523 0.03738999 0.02496226]
[0.04554117 0.03043246 0.08901693 0.11150222 0.09480552 0.06144829
 0.03988289 0.09522186 0.03701324 0.03548701 0.09480552 0.08901693
 0.02147324 0.0930367  0.03984272 0.02147324]]