19820
Test: public void test162() throws Throwable { int int0 = NumberUtils.compare((short)57, (short)57); }
Code: public static int compare(final int x, final int y) { if (x == y) { return 0; } return x < y ? -1 : 1; }
[[0.02740308 0.07981697 0.01757278 0.03801402 0.01757278 0.03394394
 0.02183716 0.01757278 0.06571797 0.0353388  0.07374149 0.03845921
 0.04356563 0.06571797 0.0353388  0.03000994 0.03632562 0.01141307
 0.03000994 0.06501429 0.02163701 0.03509699 0.04983934 0.05850206
 0.02478014 0.01434525 0.01141307]
[0.0292302  0.07707015 0.01523952 0.03949716 0.01523952 0.03359599
 0.02138907 0.01523952 0.06213064 0.05086613 0.07941757 0.03429368
 0.03727634 0.06213064 0.05086613 0.02761643 0.04644705 0.01386044
 0.02761643 0.05994047 0.01947388 0.03852479 0.04637686 0.04607505
 0.02545566 0.0112702  0.01386044]
[0.01757587 0.10539202 0.01301842 0.04600774 0.01301842 0.03435492
 0.02345745 0.01301842 0.05090229 0.03778122 0.10128309 0.0343525
 0.04524666 0.05090229 0.03778122 0.02812872 0.03515862 0.00836068
 0.02812872 0.07424189 0.01428231 0.04036122 0.05230958 0.05908473
 0.01861936 0.00887099 0.00836068]
[0.02300252 0.07890908 0.01499322 0.0385858  0.01499322 0.03806104
 0.0218737  0.01499322 0.07125365 0.03539576 0.05631483 0.03761807
 0.04380507 0.07125365 0.03539576 0.02789041 0.03742991 0.01210629
 0.02789041 0.07283089 0.01959868 0.05114749 0.05431053 0.05572312
 0.02172285 0.01079448 0.01210629]
[0.01757587 0.10539202 0.01301842 0.04600774 0.01301842 0.03435492
 0.02345745 0.01301842 0.05090229 0.03778122 0.10128309 0.0343525
 0.04524666 0.05090229 0.03778122 0.02812872 0.03515862 0.00836068
 0.02812872 0.07424189 0.01428231 0.04036122 0.05230958 0.05908473
 0.01861936 0.00887099 0.00836068]
[0.02789666 0.07548514 0.01346688 0.04285328 0.01346688 0.0313858
 0.02405482 0.01346688 0.0599209  0.0407265  0.06813007 0.04404516
 0.03570672 0.0599209  0.0407265  0.03903096 0.03821361 0.01034901
 0.03903096 0.067977   0.01737874 0.0541382  0.05076715 0.05077934
 0.02132449 0.00940845 0.01034901]
[0.02627583 0.07694846 0.01199703 0.04265007 0.01199703 0.03494423
 0.01718507 0.01199703 0.05763822 0.04120637 0.0889061  0.03602736
 0.0394031  0.05763822 0.04120637 0.03812076 0.0319907  0.00829642
 0.03812076 0.0870793  0.01733259 0.0454348  0.05168131 0.04311901
 0.02022659 0.01428085 0.00829642]
[0.01757587 0.10539202 0.01301842 0.04600774 0.01301842 0.03435492
 0.02345745 0.01301842 0.05090229 0.03778122 0.10128309 0.0343525
 0.04524666 0.05090229 0.03778122 0.02812872 0.03515862 0.00836068
 0.02812872 0.07424189 0.01428231 0.04036122 0.05230958 0.05908473
 0.01861936 0.00887099 0.00836068]
[0.02522388 0.08769528 0.01511745 0.03681139 0.01511745 0.03133557
 0.0244619  0.01511745 0.0700786  0.03153135 0.08997917 0.03794818
 0.03863315 0.0700786  0.03153135 0.03225015 0.03826546 0.00968666
 0.03225015 0.0668703  0.01765335 0.0424934  0.05766302 0.04567596
 0.01658644 0.01025767 0.00968666]
[0.03002472 0.06907644 0.0145923  0.04028326 0.0145923  0.03682968
 0.0293958  0.0145923  0.06280706 0.04614461 0.05199145 0.04160361
 0.03261735 0.06280706 0.04614461 0.0348326  0.03911844 0.01661003
 0.0348326  0.05272454 0.02363451 0.05506392 0.04027799 0.05172356
 0.02437453 0.01669469 0.01661003]
[0.0172132  0.09897673 0.00869424 0.04100727 0.00869424 0.03344937
 0.01247111 0.00869424 0.08350604 0.0335576  0.09607247 0.02967769
 0.03624145 0.08350604 0.0335576  0.02250806 0.03659016 0.00524516
 0.02250806 0.11571396 0.01019199 0.04267199 0.04837131 0.04832042
 0.01203079 0.0052836  0.00524516]
[0.01994579 0.09373303 0.01332655 0.03568204 0.01332655 0.03340843
 0.01953868 0.01332655 0.0649674  0.04281147 0.08062094 0.03389397
 0.04505656 0.0649674  0.04281147 0.03132761 0.03068788 0.00674751
 0.03132761 0.08714326 0.01343502 0.03808019 0.06077402 0.05319085
 0.01543587 0.00768586 0.00674751]
[0.01653042 0.09062602 0.0105283  0.02785497 0.0105283  0.03908512
 0.01488862 0.0105283  0.06867534 0.0398381  0.09139965 0.03410351
 0.0414364  0.06867534 0.0398381  0.02702097 0.03662461 0.00829324
 0.02702097 0.09458843 0.01396437 0.04780243 0.05126569 0.05213184
 0.02075143 0.00770627 0.00829325]
[0.02522388 0.08769528 0.01511745 0.03681139 0.01511745 0.03133557
 0.0244619  0.01511745 0.0700786  0.03153135 0.08997917 0.03794818
 0.03863315 0.0700786  0.03153135 0.03225015 0.03826546 0.00968666
 0.03225015 0.0668703  0.01765335 0.0424934  0.05766302 0.04567596
 0.01658644 0.01025767 0.00968666]
[0.03002472 0.06907644 0.0145923  0.04028326 0.0145923  0.03682968
 0.0293958  0.0145923  0.06280706 0.04614461 0.05199145 0.04160361
 0.03261735 0.06280706 0.04614461 0.0348326  0.03911844 0.01661003
 0.0348326  0.05272454 0.02363451 0.05506392 0.04027799 0.05172356
 0.02437453 0.01669469 0.01661003]
[0.01896184 0.08471999 0.01167081 0.0387825  0.01167081 0.04411637
 0.01715565 0.01167081 0.06861356 0.03506107 0.07950179 0.04171155
 0.03792522 0.06861356 0.03506107 0.02787455 0.03388602 0.00971044
 0.02787455 0.07510076 0.01536797 0.05393474 0.05619964 0.05717524
 0.01717702 0.01075209 0.00971044]
[0.02539913 0.07676209 0.01441733 0.03726389 0.01441733 0.03084501
 0.02251204 0.01441733 0.07490388 0.04041949 0.08502549 0.03110832
 0.03608478 0.07490388 0.04041949 0.03129887 0.04205396 0.01111503
 0.03129887 0.06722651 0.02106243 0.03407907 0.04262053 0.05288172
 0.02219903 0.01414948 0.01111503]
[0.01914574 0.07679429 0.01464463 0.03638588 0.01464463 0.03543976
 0.01704472 0.01464463 0.0676902  0.04584748 0.07315163 0.03662786
 0.03289304 0.0676902  0.04584748 0.04084483 0.04043695 0.01002789
 0.04084483 0.07640779 0.01628115 0.0421502  0.04964448 0.04693042
 0.01707284 0.01083865 0.01002789]
[0.01896184 0.08471999 0.01167081 0.0387825  0.01167081 0.04411637
 0.01715565 0.01167081 0.06861356 0.03506107 0.07950179 0.04171155
 0.03792522 0.06861356 0.03506107 0.02787455 0.03388602 0.00971044
 0.02787455 0.07510076 0.01536797 0.05393474 0.05619964 0.05717524
 0.01717702 0.01075209 0.00971044]
[0.0293254  0.05894437 0.0167759  0.03916775 0.0167759  0.03541807
 0.02241845 0.0167759  0.06988011 0.04009594 0.06344251 0.03700678
 0.04140686 0.06988011 0.04009594 0.03412089 0.03494679 0.01700691
 0.03412089 0.05969175 0.02580968 0.042087   0.05044601 0.04922449
 0.02373577 0.01439293 0.01700691]
[0.02136495 0.06960177 0.01534071 0.03443833 0.01534071 0.04119091
 0.02393329 0.01534071 0.06371321 0.04070056 0.06622707 0.04733853
 0.03888129 0.06371321 0.04070056 0.03789874 0.03676841 0.01261956
 0.03789874 0.07978808 0.02031365 0.03823891 0.03884231 0.04965503
 0.02527978 0.01225142 0.01261956]
[0.02413756 0.07480054 0.01243394 0.04048229 0.01243394 0.03104661
 0.01693171 0.01243394 0.08069298 0.04103616 0.06472592 0.03218053
 0.03935409 0.08069298 0.04103616 0.0274125  0.0348365  0.00857709
 0.0274125  0.09254102 0.01676185 0.0437991  0.04621974 0.05811172
 0.0222666  0.00906491 0.00857709]
[0.0226808  0.06906931 0.01003207 0.03579082 0.01003207 0.03496466
 0.0169108  0.01003207 0.06659453 0.05095558 0.07745387 0.03582653
 0.02813226 0.06659453 0.05095558 0.03082984 0.03796183 0.00975603
 0.03082984 0.09902598 0.01873906 0.05059313 0.05193833 0.042838
 0.02223561 0.00947084 0.00975603]
[0.02479517 0.08007109 0.01249064 0.03897276 0.01249064 0.03310844
 0.01842417 0.01249064 0.06312959 0.03698721 0.06796162 0.03456115
 0.04149453 0.06312959 0.03698721 0.03432813 0.03966887 0.01137317
 0.03432813 0.07509135 0.01712707 0.04879085 0.06225357 0.05364717
 0.02405767 0.01086637 0.01137317]
[0.0273493  0.07707363 0.01713559 0.03314199 0.01713559 0.02557626
 0.01975819 0.01713559 0.05915249 0.04331537 0.06525313 0.03888467
 0.03333934 0.05915249 0.04331537 0.03441645 0.03912969 0.01485671
 0.03441645 0.07420935 0.01950401 0.04538599 0.05997969 0.04992219
 0.01909667 0.01750714 0.01485671]
[0.02382747 0.0801435  0.01568687 0.03723423 0.01568687 0.0363163
 0.02071869 0.01568687 0.05943231 0.03833307 0.07892089 0.04485039
 0.04773401 0.05943231 0.03833307 0.03497783 0.03760619 0.01029901
 0.03497783 0.06758715 0.01712619 0.04289273 0.0513895  0.04921228
 0.02056497 0.01073056 0.01029901]
[0.01914574 0.07679427 0.01464462 0.03638587 0.01464462 0.03543977
 0.01704472 0.01464462 0.06769021 0.04584748 0.07315162 0.03662786
 0.03289304 0.06769021 0.04584748 0.04084482 0.04043694 0.01002789
 0.04084482 0.07640779 0.01628115 0.0421502  0.04964448 0.04693042
 0.01707285 0.01083865 0.01002789]]