79580
Test: public void test10() throws Throwable { byte[] byteArray0 = new byte[8]; Synthetic synthetic0 = new Synthetic(2660, 2660, byteArray0, (ConstantPool) null); // Undeclared exception!  synthetic0.dump((DataOutputStream) null);   }
Code: public void dump( final DataOutputStream file ) throws IOException { super.dump(file); if (super.getLength() > 0) { file.write(bytes, 0, super.getLength()); } }
[[0.03663302 0.0292526  0.0508166  0.0290038  0.06060807 0.04621157
 0.06156721 0.08901169 0.01815927 0.04581155 0.0508166  0.09843351
 0.0508166  0.06354831 0.0198208  0.04581155 0.0508166  0.0721554
 0.0508166  0.01494433 0.01494433]
[0.02844252 0.02408041 0.05630585 0.02402824 0.05276407 0.04661118
 0.06562272 0.10233061 0.01517353 0.04615138 0.05630585 0.09409719
 0.05630585 0.06531681 0.01766991 0.04615138 0.05630586 0.0616589
 0.05630586 0.01418587 0.01418587]
[0.03026715 0.02554024 0.05133213 0.02787557 0.05955257 0.04589635
 0.06584869 0.09734406 0.01925742 0.04347733 0.05133213 0.07331885
 0.05133213 0.07661341 0.02128705 0.04347733 0.05133213 0.08338381
 0.05133213 0.01509978 0.01509978]
[0.03245805 0.02368684 0.05189692 0.02135923 0.05065664 0.05921045
 0.06429745 0.08798826 0.01961477 0.05212906 0.05189692 0.10932057
 0.05189692 0.0668679  0.01701494 0.05212906 0.05189691 0.06292884
 0.05189691 0.0104267  0.0104267 ]
[0.03267439 0.02318892 0.05313667 0.03216874 0.05984398 0.0600326
 0.06243995 0.07377072 0.02074956 0.04441389 0.05313667 0.10373327
 0.05313667 0.07241546 0.02164786 0.04441389 0.05313666 0.056954
 0.05313666 0.01293473 0.01293473]
[0.03070945 0.02515761 0.05538169 0.02929483 0.0487332  0.04837178
 0.0640258  0.07522525 0.01676098 0.04962936 0.05538169 0.1172903
 0.05538169 0.05255718 0.02321234 0.04962936 0.05538168 0.06018
 0.05538168 0.01615705 0.01615705]
[0.0326695  0.0321809  0.04611009 0.03122707 0.06246568 0.04442415
 0.05187495 0.06831501 0.01996345 0.06371955 0.04611009 0.1068125
 0.04611009 0.06914748 0.02327739 0.06371955 0.0461101  0.06703271
 0.0461101  0.01630982 0.01630982]
[0.0265293  0.02501698 0.04801009 0.02137571 0.05272566 0.04153692
 0.04720742 0.13381073 0.01604132 0.05963128 0.04801009 0.11839624
 0.04801009 0.06060049 0.01586417 0.05963128 0.0480101  0.05771054
 0.0480101  0.01193573 0.01193573]
[0.02886157 0.02260914 0.0552322  0.02410261 0.04465548 0.05354005
 0.05176549 0.11246447 0.01513769 0.04652533 0.0552322  0.11653888
 0.0552322  0.0554339  0.0205817  0.04652533 0.05523219 0.06453855
 0.05523219 0.01027939 0.01027939]
[0.03846927 0.03317579 0.05240212 0.03759321 0.05365375 0.05337811
 0.06042185 0.06899212 0.02509004 0.05735376 0.05240212 0.06684693
 0.05240212 0.05695664 0.02523941 0.05735376 0.05240212 0.06158455
 0.05240212 0.02094011 0.02094011]
[0.03026715 0.02554024 0.05133213 0.02787557 0.05955257 0.04589635
 0.06584869 0.09734406 0.01925742 0.04347733 0.05133213 0.07331885
 0.05133213 0.07661341 0.02128705 0.04347733 0.05133213 0.08338381
 0.05133213 0.01509978 0.01509978]
[0.02289466 0.01650411 0.05570752 0.01599981 0.04753846 0.04827699
 0.06249665 0.13610634 0.0129825  0.04212759 0.05570752 0.12684599
 0.05570752 0.04658683 0.01683404 0.04212759 0.05570753 0.07075624
 0.05570753 0.00669231 0.0066923 ]
[0.03026715 0.02554024 0.05133213 0.02787557 0.05955257 0.04589635
 0.06584869 0.09734406 0.01925742 0.04347733 0.05133213 0.07331885
 0.05133213 0.07661341 0.02128705 0.04347733 0.05133213 0.08338381
 0.05133213 0.01509978 0.01509978]
[0.03733298 0.02314766 0.04967342 0.03251366 0.04931727 0.05735422
 0.05877133 0.10315569 0.01351287 0.04677268 0.04967342 0.09811996
 0.04967342 0.07689396 0.01771463 0.04677268 0.04967341 0.06759966
 0.04967341 0.01132683 0.01132683]
[0.03013139 0.0285115  0.05043996 0.03425873 0.05127627 0.05276241
 0.07183152 0.0921501  0.01623895 0.04779836 0.05043996 0.10139768
 0.05043996 0.06124938 0.0197268  0.04779836 0.05043996 0.05896654
 0.05043996 0.01685107 0.01685107]
[0.03846927 0.03317579 0.05240212 0.03759321 0.05365375 0.05337811
 0.06042185 0.06899212 0.02509004 0.05735376 0.05240212 0.06684693
 0.05240212 0.05695664 0.02523941 0.05735376 0.05240212 0.06158455
 0.05240212 0.02094011 0.02094011]
[0.03026715 0.02554024 0.05133213 0.02787557 0.05955257 0.04589635
 0.06584869 0.09734406 0.01925742 0.04347733 0.05133213 0.07331885
 0.05133213 0.07661341 0.02128705 0.04347733 0.05133213 0.08338381
 0.05133213 0.01509978 0.01509978]
[0.02952864 0.02498316 0.04826304 0.02292629 0.05416055 0.06436785
 0.06048781 0.0924122  0.01678533 0.05728147 0.04826304 0.10099889
 0.04826304 0.07455201 0.01955096 0.05728147 0.04826303 0.05790116
 0.04826303 0.01273352 0.01273352]
[0.03026715 0.02554024 0.05133213 0.02787557 0.05955257 0.04589635
 0.06584869 0.09734406 0.01925742 0.04347733 0.05133213 0.07331885
 0.05133213 0.07661341 0.02128705 0.04347733 0.05133213 0.08338381
 0.05133213 0.01509978 0.01509978]
[0.0250614  0.02282542 0.04760098 0.02232347 0.05407936 0.06901319
 0.06320988 0.1058664  0.01927077 0.06017194 0.04760098 0.09578885
 0.04760098 0.05901117 0.01787669 0.06017194 0.04760097 0.06101895
 0.04760097 0.01315278 0.01315278]
[0.02506141 0.02282542 0.04760098 0.02232347 0.05407936 0.06901319
 0.06320989 0.1058664  0.01927077 0.06017195 0.04760098 0.09578885
 0.04760098 0.05901119 0.0178767  0.06017195 0.04760098 0.06101895
 0.04760098 0.01315279 0.01315279]]