90907
Test: public void test8() throws Throwable { OperandStack operandStack0 = new OperandStack(4799); OperandStack operandStack1 = operandStack0.getClone(); operandStack0.equals(operandStack1); }
Code: public boolean equals(final Object o) { if (!(o instanceof OperandStack)) { return false; } final OperandStack s = (OperandStack) o; return this.stack.equals(s.stack); }
[[0.03513867 0.08485738 0.10757726 0.02718102 0.05468343 0.04962898
 0.09499741 0.0487491  0.01658175 0.0487491  0.04962898 0.03901427
 0.04930865 0.01557883 0.02857048 0.0487491  0.0130637  0.02228719
 0.0487491  0.01356338 0.03901428 0.0487491  0.01557882]
[0.02387557 0.12156361 0.12386605 0.01826552 0.05060392 0.06131109
 0.08911265 0.04549408 0.01327341 0.04549408 0.06131109 0.03986438
 0.04695211 0.01140392 0.02308495 0.04549408 0.0086522  0.01870102
 0.04549408 0.00941981 0.03986438 0.04549409 0.01140392]
[0.03160452 0.10748637 0.12295429 0.02011561 0.05018234 0.0589212
 0.10354146 0.04515713 0.01691769 0.04515713 0.0589212  0.03589441
 0.03819256 0.01380286 0.02493615 0.04515713 0.01124585 0.02024529
 0.04515713 0.00955525 0.03589442 0.04515714 0.01380285]
[0.03115193 0.11035778 0.12900311 0.02144756 0.04065148 0.07001344
 0.09358594 0.03938494 0.0185474  0.03938494 0.07001344 0.03806763
 0.0515895  0.012738   0.02269469 0.03938494 0.00882926 0.02265692
 0.03938495 0.0109215  0.03806763 0.03938495 0.012738  ]
[0.0299738  0.09996106 0.11132723 0.02256346 0.05708694 0.05892277
 0.07562333 0.04349859 0.0199809  0.04349859 0.05892277 0.04251074
 0.04852339 0.01764579 0.02869942 0.04349859 0.01285189 0.02532588
 0.04349859 0.01243117 0.04251074 0.04349859 0.01764578]
[0.03708951 0.07918233 0.0749402  0.02208807 0.04735334 0.06175081
 0.06360038 0.04764406 0.02763328 0.04764406 0.06175081 0.04240815
 0.05480435 0.02143506 0.03650116 0.04764406 0.0166017  0.03097314
 0.04764407 0.01982419 0.04240816 0.04764407 0.02143506]
[0.02146615 0.11794849 0.1535451  0.01615618 0.0493038  0.05354077
 0.12417878 0.04570313 0.01553385 0.04570313 0.05354077 0.02879964
 0.04334402 0.00786647 0.01829356 0.04570313 0.00681458 0.01752194
 0.04570313 0.00696408 0.02879965 0.04570314 0.00786647]
[0.02975166 0.11019356 0.08892894 0.02345738 0.05032484 0.04851595
 0.07352798 0.04941256 0.0256155  0.04941256 0.04851595 0.03614587
 0.05895807 0.01639121 0.02909187 0.04941256 0.01423111 0.0322633
 0.04941256 0.01448693 0.03614588 0.04941256 0.01639121]
[0.02865231 0.10918127 0.10057987 0.02520674 0.06669323 0.05238708
 0.09489885 0.04607607 0.01790766 0.04607607 0.05238708 0.03624562
 0.0486175  0.01523372 0.02626371 0.04607607 0.01047581 0.02231405
 0.04607607 0.01109588 0.03624562 0.04607607 0.01523372]
[0.02975166 0.11019356 0.08892894 0.02345738 0.05032484 0.04851595
 0.07352798 0.04941256 0.0256155  0.04941256 0.04851595 0.03614587
 0.05895807 0.01639121 0.02909187 0.04941256 0.01423111 0.0322633
 0.04941256 0.01448693 0.03614588 0.04941256 0.01639121]
[0.03708951 0.07918233 0.0749402  0.02208807 0.04735334 0.06175081
 0.06360038 0.04764406 0.02763328 0.04764406 0.06175081 0.04240815
 0.05480435 0.02143506 0.03650116 0.04764406 0.0166017  0.03097314
 0.04764407 0.01982419 0.04240816 0.04764407 0.02143506]
[0.02397725 0.11772664 0.11917534 0.02266233 0.05438998 0.04915292
 0.0974213  0.04668647 0.01792975 0.04668647 0.04915292 0.03442053
 0.05341667 0.01335478 0.02232922 0.04668647 0.00938861 0.02358028
 0.04668647 0.0107138  0.03442054 0.04668648 0.01335478]
[0.03381792 0.08665757 0.09845614 0.02722175 0.05483338 0.04888563
 0.07073323 0.04822531 0.02202168 0.04822531 0.04888563 0.04009022
 0.06129381 0.01960798 0.02553912 0.04822531 0.01648796 0.03033333
 0.04822531 0.01430981 0.04009022 0.04822532 0.01960798]
[0.0242965  0.08185578 0.08715538 0.0252644  0.05470163 0.06699726
 0.0947656  0.04464836 0.01701201 0.04464836 0.06699726 0.05438154
 0.05503324 0.01419784 0.02231221 0.04464836 0.01011292 0.02246516
 0.04464835 0.01063004 0.05438153 0.04464836 0.01419784]
[0.0316644  0.08756997 0.10762441 0.02279804 0.05350544 0.05622982
 0.10444272 0.04717772 0.01846541 0.04717772 0.05622982 0.04611839
 0.04317483 0.01095244 0.02140982 0.04717772 0.00984773 0.02446668
 0.04717771 0.01254069 0.04611839 0.04717772 0.01095244]
[0.02975166 0.11019356 0.08892894 0.02345738 0.05032484 0.04851595
 0.07352798 0.04941256 0.0256155  0.04941256 0.04851595 0.03614587
 0.05895807 0.01639121 0.02909187 0.04941256 0.01423111 0.0322633
 0.04941256 0.01448693 0.03614588 0.04941256 0.01639121]
[0.03201526 0.08568345 0.13040954 0.02384302 0.06021142 0.05256583
 0.07150437 0.04177868 0.01811004 0.04177868 0.05256583 0.04773811
 0.05001956 0.01825587 0.02425412 0.04177868 0.01397948 0.03143817
 0.04177868 0.01251855 0.04773811 0.04177869 0.01825588]
[0.03791232 0.07635543 0.06381675 0.02510414 0.05378652 0.04426778
 0.08420642 0.05358411 0.02220707 0.05358411 0.04426778 0.04188835
 0.0505619  0.01893039 0.03198607 0.05358411 0.02495503 0.03185063
 0.05358412 0.01916411 0.04188835 0.05358412 0.01893039]
[0.02975166 0.11019356 0.08892894 0.02345738 0.05032484 0.04851595
 0.07352798 0.04941256 0.0256155  0.04941256 0.04851595 0.03614587
 0.05895807 0.01639121 0.02909187 0.04941256 0.01423111 0.0322633
 0.04941256 0.01448693 0.03614588 0.04941256 0.01639121]
[0.03779172 0.08149309 0.10895696 0.02191753 0.04881009 0.0556215
 0.10741831 0.04775818 0.01618382 0.04775818 0.0556215  0.04239762
 0.03910689 0.01271653 0.02955509 0.04775818 0.01218207 0.0234641
 0.04775818 0.01285809 0.04239763 0.04775818 0.01271653]
[0.02397725 0.11772665 0.11917535 0.02266233 0.05438998 0.04915292
 0.09742129 0.04668647 0.01792975 0.04668647 0.04915292 0.03442053
 0.05341667 0.01335478 0.02232922 0.04668647 0.00938861 0.02358028
 0.04668647 0.0107138  0.03442053 0.04668648 0.01335478]
[0.02975167 0.11019357 0.08892893 0.02345738 0.05032485 0.04851595
 0.07352798 0.04941256 0.0256155  0.04941256 0.04851595 0.03614587
 0.05895808 0.01639121 0.02909187 0.04941256 0.01423111 0.0322633
 0.04941256 0.01448693 0.03614587 0.04941256 0.01639121]
[0.0242965  0.0818558  0.08715537 0.02526441 0.05470163 0.06699727
 0.09476559 0.04464835 0.01701201 0.04464835 0.06699727 0.05438153
 0.05503325 0.01419784 0.02231221 0.04464835 0.01011292 0.02246516
 0.04464835 0.01063004 0.05438153 0.04464836 0.01419784]]