10673
Test: public void test104() throws Throwable { boolean boolean0 = ClassUtils.isInnerClass((Class<?>) null); }
Code: public static boolean isInnerClass(final Class<?> cls) { return cls != null && cls.getEnclosingClass() != null; }
[[0.05013733 0.14419368 0.12825216 0.06955038 0.0253456  0.05899902
 0.06360298 0.05477677 0.06540068 0.02695608 0.05801058 0.03162941
 0.06955038 0.02695608 0.10598774 0.02065107]
[0.04802879 0.12650219 0.1478514  0.06491528 0.01961332 0.05620592
 0.08342236 0.04536642 0.06122434 0.03150236 0.04511498 0.03424661
 0.06491528 0.03150236 0.11684641 0.02274198]
[0.03627957 0.13042447 0.1996104  0.07036525 0.01885133 0.05682109
 0.08377586 0.05762051 0.05271822 0.0174255  0.04389106 0.02395801
 0.07036525 0.0174255  0.10448578 0.01598227]
[0.03966532 0.13669343 0.15053079 0.06642864 0.02151742 0.07078733
 0.06163511 0.04810977 0.0559865  0.02580632 0.04370606 0.02880015
 0.06642864 0.02580632 0.13706179 0.02103649]
[0.03731513 0.13918316 0.15481086 0.06271535 0.01873298 0.07061081
 0.06899387 0.06218535 0.04896895 0.02809412 0.04862632 0.03277862
 0.06271535 0.02809412 0.11593597 0.02023896]
[0.04175968 0.12963003 0.1825806  0.06390867 0.01700002 0.06680875
 0.08139703 0.05453428 0.05435674 0.02099011 0.04290407 0.02552901
 0.06390867 0.02099011 0.11695451 0.01674766]
[0.05065107 0.11722732 0.11481614 0.06754223 0.02425468 0.06790531
 0.07877495 0.05864033 0.05804259 0.03542291 0.04175715 0.04377225
 0.06754223 0.03542291 0.11002763 0.02820031]
[0.03297827 0.14817512 0.18199168 0.06718893 0.02443652 0.06281442
 0.06151259 0.0483874  0.05969648 0.01997492 0.04287102 0.02270747
 0.06718893 0.01997492 0.12309363 0.01700772]
[0.04959093 0.14384656 0.16059259 0.06813493 0.01917997 0.05996803
 0.06728578 0.06144265 0.05400121 0.02439051 0.04468484 0.03448473
 0.06813493 0.02439051 0.10149558 0.01837626]
[0.03653875 0.19962406 0.16802566 0.06339175 0.01830039 0.06251888
 0.07084815 0.04850746 0.0523436  0.01434565 0.03965693 0.02112385
 0.06339175 0.01434565 0.1136395  0.01339793]
[0.04459102 0.12147073 0.12345032 0.06829686 0.02401388 0.05872979
 0.09595105 0.07117934 0.05670426 0.0241983  0.04165602 0.03395595
 0.06829686 0.0241983  0.12831122 0.01499616]
[0.03622228 0.13175464 0.18774436 0.06770708 0.01741674 0.07323804
 0.06966013 0.04634982 0.0489646  0.023837   0.04477587 0.02428141
 0.06770708 0.023837   0.11407685 0.02242714]
[0.03966532 0.13669343 0.15053079 0.06642864 0.02151742 0.07078733
 0.06163511 0.04810977 0.0559865  0.02580632 0.04370606 0.02880015
 0.06642864 0.02580632 0.13706179 0.02103649]
[0.03653875 0.19962406 0.16802566 0.06339175 0.01830039 0.06251888
 0.07084815 0.04850746 0.0523436  0.01434565 0.03965693 0.02112385
 0.06339175 0.01434565 0.1136395  0.01339793]
[0.04842911 0.10960713 0.15939836 0.08027874 0.02390965 0.06087045
 0.06483359 0.05687329 0.06629191 0.02704112 0.04666327 0.03622618
 0.08027874 0.02704112 0.09163033 0.02062698]
[0.03572379 0.14325929 0.1282144  0.06789644 0.02034874 0.05963837
 0.08552024 0.07620433 0.05178025 0.0253918  0.04107168 0.02981159
 0.06789644 0.0253918  0.12314425 0.01870658]]