37095
Test: public void test41() throws Throwable { GJChronology gJChronology0 = GJChronology.getInstance(); YearMonth yearMonth0 = YearMonth.now((Chronology) gJChronology0); // Undeclared exception!  yearMonth0.withYear(0);   }
Code: public YearMonth withYear(int year) { int[] newValues = getValues(); newValues = getChronology().year().set(this, YEAR, newValues, year); return new YearMonth(this, newValues); }
[[0.03648011 0.02515666 0.05061313 0.05061313 0.05465777 0.13602102
 0.05082489 0.02333808 0.05341303 0.05082489 0.02333808 0.05061313
 0.05061313 0.06235957 0.11027654 0.04089076 0.01798354 0.05061313
 0.04451007 0.0168593 ]
[0.03405524 0.03112681 0.05162857 0.05162857 0.05284135 0.11093558
 0.05110386 0.02544052 0.04969485 0.05110386 0.02544052 0.05162857
 0.05162857 0.06068978 0.11353414 0.04515953 0.02106471 0.05162857
 0.05347138 0.01619504]
[0.02985518 0.02311101 0.04857041 0.04857041 0.05429099 0.12618063
 0.04190621 0.03356918 0.03652836 0.04190621 0.03356918 0.04857041
 0.04857041 0.07246314 0.13532841 0.03641959 0.02330209 0.04857042
 0.05076727 0.01795052]
[0.02985518 0.02311101 0.04857041 0.04857041 0.05429099 0.12618063
 0.04190621 0.03356918 0.03652836 0.04190621 0.03356918 0.04857041
 0.04857041 0.07246314 0.13532841 0.03641959 0.02330209 0.04857042
 0.05076727 0.01795052]
[0.03906882 0.03094164 0.04896066 0.04896066 0.06779493 0.09523687
 0.04762175 0.03275048 0.04779372 0.04762175 0.03275048 0.04896066
 0.04896066 0.05980653 0.12355608 0.04431208 0.02107668 0.04896066
 0.04175527 0.02310962]
[0.03878197 0.03018326 0.04375094 0.04375094 0.06237892 0.11027535
 0.04740726 0.02633565 0.04604709 0.04740726 0.02633565 0.04375094
 0.04375094 0.07256573 0.14557688 0.04665982 0.01871772 0.04375094
 0.04665197 0.01592077]
[0.03309533 0.03025952 0.04614683 0.04614683 0.05610626 0.11934029
 0.04313622 0.02500551 0.05621519 0.04313622 0.02500551 0.04614683
 0.04614683 0.07371237 0.12743224 0.04627407 0.02005197 0.04614683
 0.05347066 0.01702454]
[0.04081125 0.03194018 0.05766292 0.05766292 0.04830991 0.09845807
 0.04544456 0.03447528 0.0489776  0.04544456 0.03447528 0.05766292
 0.05766292 0.06005865 0.09651    0.04521599 0.01932873 0.05766292
 0.041699   0.02053635]
[0.03411229 0.0337778  0.05254616 0.05254616 0.06012215 0.13917094
 0.04404251 0.02088548 0.04161514 0.04404251 0.02088548 0.05254616
 0.05254616 0.07368997 0.10746236 0.03351564 0.01613187 0.05254616
 0.05393004 0.01388508]
[0.03309533 0.03025952 0.04614683 0.04614683 0.05610626 0.11934029
 0.04313622 0.02500551 0.05621519 0.04313622 0.02500551 0.04614683
 0.04614683 0.07371237 0.12743224 0.04627407 0.02005197 0.04614683
 0.05347066 0.01702454]
[0.04081125 0.03194018 0.05766292 0.05766292 0.04830991 0.09845807
 0.04544456 0.03447528 0.0489776  0.04544456 0.03447528 0.05766292
 0.05766292 0.06005865 0.09651    0.04521599 0.01932873 0.05766292
 0.041699   0.02053635]
[0.02985518 0.02311101 0.04857041 0.04857041 0.05429099 0.12618063
 0.04190621 0.03356918 0.03652836 0.04190621 0.03356918 0.04857041
 0.04857041 0.07246314 0.13532841 0.03641959 0.02330209 0.04857042
 0.05076727 0.01795052]
[0.02985518 0.02311101 0.04857041 0.04857041 0.05429099 0.12618063
 0.04190621 0.03356918 0.03652836 0.04190621 0.03356918 0.04857041
 0.04857041 0.07246314 0.13532841 0.03641959 0.02330209 0.04857042
 0.05076727 0.01795052]
[0.03391627 0.04008054 0.0486767  0.0486767  0.05318846 0.11219935
 0.03570576 0.02523564 0.04648459 0.03570576 0.02523564 0.0486767
 0.0486767  0.09073538 0.12904702 0.03740834 0.01856422 0.04867669
 0.04983922 0.02327035]
[0.03657093 0.03399584 0.05014683 0.05014683 0.06418683 0.13500863
 0.03648145 0.02521054 0.04025673 0.03648145 0.02521054 0.05014683
 0.05014683 0.07806613 0.11528966 0.03900877 0.01595794 0.05014683
 0.05116252 0.01637796]
[0.0244721  0.02247283 0.04585607 0.04585607 0.05383922 0.18038948
 0.04888571 0.02429088 0.03956699 0.04888571 0.02429088 0.04585607
 0.04585607 0.0660549  0.12971668 0.0345008  0.01426911 0.04585607
 0.044634   0.01445034]
[0.03290232 0.02759064 0.0477253  0.0477253  0.06609523 0.13251767
 0.04069109 0.02577516 0.03696348 0.04069109 0.02577516 0.0477253
 0.0477253  0.07911017 0.12028511 0.04647188 0.02064042 0.0477253
 0.04713403 0.0187301 ]
[0.02985518 0.02311101 0.04857041 0.04857041 0.05429099 0.12618063
 0.04190621 0.03356918 0.03652836 0.04190621 0.03356918 0.04857041
 0.04857041 0.07246314 0.13532841 0.03641959 0.02330209 0.04857042
 0.05076727 0.01795052]
[0.03305485 0.03667131 0.04659311 0.04659311 0.05701292 0.14220598
 0.03667979 0.02969316 0.03712886 0.03667979 0.02969316 0.04659311
 0.04659311 0.08008233 0.11855403 0.04484737 0.01957095 0.04659311
 0.0453501  0.0198098 ]
[0.02681978 0.02771827 0.04860209 0.04860209 0.07790071 0.11267904
 0.05087086 0.02522681 0.04188165 0.05087086 0.02522681 0.04860209
 0.04860209 0.0782269  0.09915021 0.06116978 0.0150796  0.04860208
 0.04783707 0.01633123]]