13766
Test: public void test11() throws Throwable { ContextedException contextedException0 = new ContextedException("org.apache.commons.lang3.exception.ContextedException"); Set<String> set0 = contextedException0.getContextLabels(); ContextedException contextedException1 = contextedException0.setContextValue("org.apache.commons.lang3.exception.ContextedException", set0); }
Code: public ContextedException setContextValue(final String label, final Object value) { exceptionContext.setContextValue(label, value); return this; }
[[0.05927539 0.08223234 0.08223234 0.07580556 0.08223234 0.04785595
 0.0457973  0.06943448 0.08114398 0.08223235 0.1484935  0.06549511
 0.0520529  0.02571649]
[0.05034849 0.08328021 0.08328021 0.09082753 0.08328021 0.04978236
 0.04000584 0.07661799 0.08398419 0.08328022 0.13538551 0.061219
 0.05046552 0.02824276]
[0.05034849 0.08328021 0.08328021 0.09082753 0.08328021 0.04978236
 0.04000584 0.07661799 0.08398419 0.08328022 0.13538551 0.061219
 0.05046552 0.02824276]
[0.06304231 0.08771861 0.08771861 0.07169143 0.08771861 0.04949351
 0.04366653 0.06960154 0.09993521 0.08771861 0.11662754 0.06452229
 0.04561595 0.02492934]
[0.05034849 0.08328021 0.08328021 0.09082753 0.08328021 0.04978236
 0.04000584 0.07661799 0.08398419 0.08328022 0.13538551 0.061219
 0.05046552 0.02824276]
[0.05812995 0.0868808  0.0868808  0.08712462 0.0868808  0.03925942
 0.0419064  0.04944989 0.10280491 0.0868808  0.12591355 0.08465323
 0.04318957 0.02004526]
[0.05959027 0.07697433 0.07697433 0.09700583 0.07697433 0.04304824
 0.04144625 0.0585975  0.1266051  0.07697434 0.12814565 0.07290109
 0.04138071 0.02338202]
[0.05786135 0.08322168 0.08322168 0.0866125  0.08322168 0.04803978
 0.03780254 0.06515984 0.10393031 0.08322168 0.12527862 0.07134452
 0.04609856 0.02498524]
[0.06322855 0.08056279 0.08056279 0.08882447 0.08056279 0.06228419
 0.03765516 0.06547236 0.10674686 0.08056279 0.09065444 0.07210254
 0.05395366 0.03682664]
[0.05034849 0.08328021 0.08328021 0.09082753 0.08328021 0.04978236
 0.04000584 0.07661799 0.08398419 0.08328022 0.13538551 0.061219
 0.05046552 0.02824276]
[0.05574171 0.07457121 0.07457121 0.08897966 0.07457121 0.05034909
 0.04431219 0.06676913 0.10682654 0.07457121 0.13604161 0.08109287
 0.04855777 0.02304463]
[0.04410241 0.08679026 0.08679026 0.09547454 0.08679026 0.04082318
 0.04162308 0.06717052 0.08853056 0.08679026 0.14675474 0.06363357
 0.04058181 0.02414453]
[0.06341888 0.08709121 0.08709121 0.0803173  0.08709121 0.05036737
 0.04092781 0.06548288 0.10467567 0.08709121 0.10196701 0.07628017
 0.04048202 0.02771598]
[0.0454255  0.08415789 0.08415789 0.08316988 0.08415789 0.04141094
 0.04678908 0.05329503 0.12132183 0.08415789 0.10153383 0.10053498
 0.04400026 0.02588704]]