134849
Test: public void test30() throws Throwable { // Undeclared exception!  Range.of((Node) null, false);   }
Code: static Range of(Node node, boolean start) { final String key = start ? RangeKey : EndRangeKey; if (!node.hasAttr(key)) return Untracked; else return (Range) Validate.ensureNotNull(node.attributes().getUserData(key)); }
[[0.08652791 0.03778268 0.03854866 0.07696189 0.0820051  0.01311642
 0.06179696 0.02287538 0.04137078 0.01321552 0.01906679 0.01484155
 0.04223808 0.03854866 0.02920749 0.03854866 0.07971966 0.03854866
 0.02847832 0.03854866 0.03634243 0.02847832 0.03854866 0.03854866
 0.01613403]
[0.12248141 0.03506206 0.03770458 0.07311326 0.08612642 0.01041694
 0.04302254 0.02547538 0.03608097 0.0093879  0.02030249 0.0175863
 0.04134983 0.03770458 0.01602683 0.03770458 0.0960054  0.03770458
 0.02977381 0.03770458 0.0348092  0.02977381 0.03770458 0.03770458
 0.00927339]
[0.09019624 0.03916938 0.03934161 0.06520227 0.08406214 0.01866245
 0.044141   0.02503111 0.04221351 0.01482356 0.02723734 0.01705077
 0.05117654 0.03934161 0.0240891  0.03934161 0.06098314 0.03934161
 0.02952188 0.03934161 0.04694053 0.02952188 0.03934161 0.03934161
 0.01458593]
[0.10978834 0.04029004 0.03188916 0.09698064 0.09154829 0.01227616
 0.05479801 0.01828642 0.03768957 0.0109186  0.01829519 0.01840622
 0.05573298 0.03188916 0.02014817 0.03188916 0.08355732 0.03188916
 0.02871161 0.03188916 0.03909209 0.02871161 0.03188916 0.03188916
 0.0115446 ]
[0.08443815 0.03896326 0.03917707 0.07149146 0.10042587 0.00878747
 0.05685921 0.02076908 0.03935007 0.00993095 0.01635491 0.01476222
 0.04526695 0.03917707 0.01643264 0.03917707 0.0788465  0.03917707
 0.03581252 0.03917707 0.04102781 0.03581252 0.03917707 0.03917707
 0.01042894]
[0.08308796 0.03605592 0.036198   0.07735181 0.08073615 0.0139318
 0.0532933  0.02526367 0.04099423 0.01130478 0.02005162 0.01630216
 0.05841115 0.036198   0.02379915 0.036198   0.07532339 0.036198
 0.03930601 0.036198   0.04092424 0.03930601 0.036198   0.036198
 0.01117072]
[0.0813411  0.03033399 0.03930853 0.0732413  0.06299275 0.01876997
 0.05893464 0.03204561 0.04271188 0.01916128 0.02725095 0.01973919
 0.03786902 0.03930853 0.02741138 0.03930853 0.05482092 0.03930853
 0.0363366  0.03930853 0.04586541 0.0363366  0.03930853 0.03930853
 0.01967769]
[0.08437018 0.04314921 0.03980954 0.05806876 0.07150129 0.01357281
 0.05240325 0.01918305 0.03988023 0.0127856  0.02152508 0.01515999
 0.0451454  0.03980954 0.02272342 0.03980954 0.09096879 0.03980954
 0.04075409 0.03980954 0.03931993 0.04075409 0.03980954 0.03980954
 0.010068  ]
[0.0959032  0.03934783 0.03977595 0.07445092 0.0878858  0.01171039
 0.05022778 0.02363505 0.03253207 0.01183634 0.01951898 0.01739835
 0.03558151 0.03977595 0.02297629 0.03977595 0.08451469 0.03977595
 0.03035335 0.03977595 0.04104604 0.03035335 0.03977595 0.03977595
 0.01229641]
[0.10723817 0.05714443 0.03650161 0.06387736 0.07838991 0.01443057
 0.0459415  0.0224478  0.03948836 0.01233733 0.01866618 0.01587921
 0.04065468 0.03650161 0.02080896 0.03650161 0.08390081 0.03650161
 0.03262615 0.03650161 0.04890364 0.03262615 0.03650161 0.03650161
 0.00912752]
[0.0809435  0.02988854 0.04435852 0.0643235  0.06233121 0.02326649
 0.03729424 0.02651173 0.0369509  0.01703273 0.02655981 0.02191555
 0.04226503 0.04435852 0.02740151 0.04435852 0.06986155 0.04435852
 0.03481049 0.04435852 0.03749297 0.03481049 0.04435852 0.04435852
 0.01583013]
[0.08839888 0.04490237 0.04136827 0.06292139 0.08065674 0.01373978
 0.04503473 0.02327878 0.0362337  0.01403438 0.01732916 0.01635722
 0.04186465 0.04136827 0.02381091 0.04136827 0.07412583 0.04136827
 0.03376768 0.04136827 0.04659196 0.03376768 0.04136827 0.04136827
 0.0136063 ]
[0.08107488 0.03678822 0.0356559  0.08562601 0.09092765 0.00757386
 0.06589168 0.0191439  0.04386679 0.00985856 0.01547919 0.01339039
 0.04673264 0.0356559  0.02684266 0.0356559  0.08234854 0.0356559
 0.03313823 0.0356559  0.04642819 0.03313823 0.0356559  0.0356559
 0.01215908]
[0.09019624 0.03916938 0.03934161 0.06520227 0.08406214 0.01866245
 0.044141   0.02503111 0.04221351 0.01482356 0.02723734 0.01705077
 0.05117654 0.03934161 0.0240891  0.03934161 0.06098314 0.03934161
 0.02952188 0.03934161 0.04694053 0.02952188 0.03934161 0.03934161
 0.01458593]
[0.0899314  0.04624595 0.03639554 0.06120621 0.07362211 0.01749813
 0.05143473 0.0219892  0.03516182 0.0168798  0.02409311 0.02007543
 0.06235424 0.03639554 0.0220655  0.03639554 0.06981657 0.03639554
 0.03830777 0.03639554 0.03898328 0.03830777 0.03639554 0.03639554
 0.01725829]
[0.09019624 0.03916938 0.03934161 0.06520227 0.08406214 0.01866245
 0.044141   0.02503111 0.04221351 0.01482356 0.02723734 0.01705077
 0.05117654 0.03934161 0.0240891  0.03934161 0.06098314 0.03934161
 0.02952188 0.03934161 0.04694053 0.02952188 0.03934161 0.03934161
 0.01458593]
[0.12566905 0.04575381 0.03680661 0.07442158 0.09364673 0.00834839
 0.0452948  0.01532505 0.03604307 0.006442   0.01448342 0.01006667
 0.03928251 0.03680661 0.01490644 0.03680661 0.10231252 0.03680661
 0.02369431 0.03680661 0.05636137 0.02369431 0.03680661 0.03680661
 0.00660764]
[0.09019624 0.03916938 0.03934161 0.06520227 0.08406214 0.01866245
 0.044141   0.02503111 0.04221351 0.01482356 0.02723734 0.01705077
 0.05117654 0.03934161 0.0240891  0.03934161 0.06098314 0.03934161
 0.02952188 0.03934161 0.04694053 0.02952188 0.03934161 0.03934161
 0.01458593]
[0.09824092 0.04759178 0.03748803 0.07466625 0.08988126 0.01206858
 0.04288292 0.0187542  0.03937009 0.00922021 0.01962823 0.01657417
 0.04905449 0.03748803 0.01931328 0.03748803 0.07907069 0.03748803
 0.02806402 0.03748803 0.05359654 0.02806402 0.03748803 0.03748803
 0.01154211]
[0.09019624 0.03916938 0.03934161 0.06520227 0.08406214 0.01866245
 0.044141   0.02503111 0.04221351 0.01482356 0.02723734 0.01705077
 0.05117654 0.03934161 0.0240891  0.03934161 0.06098314 0.03934161
 0.02952188 0.03934161 0.04694053 0.02952188 0.03934161 0.03934161
 0.01458593]
[0.08340878 0.03953051 0.0400435  0.07276589 0.087083   0.01290273
 0.04985141 0.02401793 0.04070421 0.01042452 0.01706231 0.01660653
 0.04850291 0.0400435  0.02158401 0.0400435  0.07581782 0.0400435
 0.0325384  0.0400435  0.04423323 0.0325384  0.0400435  0.0400435
 0.01012291]
[0.09824092 0.04759178 0.03748803 0.07466625 0.08988126 0.01206858
 0.04288292 0.0187542  0.03937009 0.00922021 0.01962823 0.01657417
 0.04905449 0.03748803 0.01931328 0.03748803 0.07907069 0.03748803
 0.02806402 0.03748803 0.05359654 0.02806402 0.03748803 0.03748803
 0.01154211]
[0.09019624 0.03916938 0.03934161 0.06520227 0.08406214 0.01866245
 0.044141   0.02503111 0.04221351 0.01482356 0.02723734 0.01705077
 0.05117654 0.03934161 0.0240891  0.03934161 0.06098314 0.03934161
 0.02952188 0.03934161 0.04694053 0.02952188 0.03934161 0.03934161
 0.01458593]
[0.09019624 0.03916938 0.03934161 0.06520227 0.08406214 0.01866245
 0.044141   0.02503111 0.04221351 0.01482356 0.02723734 0.01705077
 0.05117654 0.03934161 0.0240891  0.03934161 0.06098314 0.03934161
 0.02952188 0.03934161 0.04694053 0.02952188 0.03934161 0.03934161
 0.01458593]
[0.09807602 0.03400431 0.0364017  0.07079633 0.06486568 0.01186716
 0.06281566 0.0192569  0.03732912 0.01398728 0.01958874 0.01199067
 0.04646024 0.0364017  0.02172273 0.0364017  0.08107892 0.0364017
 0.04758852 0.0364017  0.04315178 0.04758852 0.0364017  0.0364017
 0.01301956]]