30146
Test: public void test9() throws Throwable { // Undeclared exception!  WildcardMatcher.match((CharSequence) null, (CharSequence) null);   }
Code: public static boolean match(CharSequence string, CharSequence pattern) { return match(string, pattern, 0, 0); }
[[0.04587466 0.14146912 0.11191874 0.06364241 0.04785098 0.1503002
 0.06364241 0.06365187 0.05079354 0.06364242 0.03275057 0.09252082
 0.05185314 0.02008915]
[0.04666707 0.13224427 0.13512427 0.06191261 0.03979787 0.1197036
 0.06191261 0.09202217 0.04483148 0.0619126  0.02939346 0.09208278
 0.058033   0.02436217]
[0.03310938 0.12865338 0.16821992 0.06305909 0.03164152 0.14580533
 0.06305909 0.08524878 0.05535288 0.06305908 0.02165005 0.08087113
 0.04442364 0.01584673]
[0.03734039 0.13436261 0.13522312 0.06154753 0.04069227 0.1303015
 0.06154753 0.06348169 0.04543393 0.06154753 0.03947558 0.11163041
 0.05614956 0.02126635]
[0.03747294 0.13245042 0.1524303  0.06063958 0.04644874 0.13655719
 0.06063958 0.08656322 0.0458946  0.06063957 0.03226671 0.08149368
 0.05143842 0.01506503]
[0.03836799 0.14301845 0.15187894 0.06274752 0.03915636 0.12185581
 0.06274752 0.08645995 0.04599977 0.06274752 0.03008915 0.09037098
 0.04698787 0.01757221]
[0.03734039 0.13436261 0.13522312 0.06154753 0.04069227 0.1303015
 0.06154753 0.06348169 0.04543393 0.06154753 0.03947558 0.11163041
 0.05614956 0.02126635]
[0.05217871 0.1257713  0.11023939 0.06659822 0.04319066 0.1197108
 0.06659822 0.08783481 0.05953546 0.06659823 0.03816772 0.08474593
 0.0484894  0.03034121]
[0.03094817 0.14795497 0.15191647 0.06025419 0.04576269 0.15547931
 0.06025419 0.06345439 0.04442572 0.06025419 0.0321839  0.08257946
 0.0472924  0.01723992]
[0.03734039 0.13436261 0.13522312 0.06154753 0.04069227 0.1303015
 0.06154753 0.06348169 0.04543393 0.06154753 0.03947558 0.11163041
 0.05614956 0.02126635]
[0.03507409 0.16841504 0.16215733 0.0567555  0.03716343 0.15107578
 0.0567555  0.07340812 0.04402398 0.0567555  0.02085312 0.07309824
 0.05109136 0.01337295]
[0.03763199 0.14958237 0.15695706 0.05682689 0.03907219 0.13123071
 0.05682689 0.08569567 0.05632062 0.05682688 0.02837636 0.07782544
 0.04840659 0.01842031]
[0.03695615 0.1521436  0.1246623  0.06060448 0.04256478 0.1394858
 0.06060448 0.07480355 0.05088731 0.06060448 0.02877442 0.10239893
 0.05039413 0.01511557]
[0.03383781 0.14490233 0.11665021 0.06293993 0.05369111 0.10726295
 0.06293993 0.08892936 0.07447181 0.06293993 0.03339564 0.08614019
 0.05285659 0.01904228]]