11000
Test: public void test82() throws Throwable { Integer integer0 = new Integer(2270); MutableShort mutableShort0 = new MutableShort(integer0); short short0 = mutableShort0.getAndAdd((Number) integer0); }
Code: public short getAndAdd(final short operand) { final short last = value; this.value += operand; return last; }
[[0.05380452 0.05323733 0.07463518 0.05323733 0.07463518 0.06583242
 0.04240755 0.05323733 0.06439607 0.03347775 0.04298837 0.03170262
 0.11036346 0.07463518 0.0584841  0.09129409 0.02163148]
[0.04633908 0.05056066 0.07060718 0.05056066 0.07060718 0.07254882
 0.03837838 0.05056066 0.06917232 0.03682785 0.03331964 0.02641178
 0.14234158 0.07060718 0.05441672 0.09199212 0.02474814]
[0.04193253 0.05623729 0.07091412 0.05623729 0.07091412 0.0613516
 0.0389462  0.05623729 0.06830859 0.04397622 0.03777619 0.03353186
 0.13819778 0.07091412 0.0507592  0.08254667 0.0212189 ]
[0.04633908 0.05056066 0.07060718 0.05056066 0.07060718 0.07254882
 0.03837838 0.05056066 0.06917232 0.03682785 0.03331964 0.02641178
 0.14234158 0.07060718 0.05441672 0.09199212 0.02474814]
[0.04193253 0.05623729 0.07091412 0.05623729 0.07091412 0.0613516
 0.0389462  0.05623729 0.06830859 0.04397622 0.03777619 0.03353186
 0.13819778 0.07091412 0.0507592  0.08254667 0.0212189 ]
[0.05344878 0.0508513  0.07169084 0.0508513  0.07169084 0.08218906
 0.05233095 0.0508513  0.06497882 0.04432689 0.03429496 0.03728693
 0.09400652 0.07169084 0.06200177 0.07793178 0.02957705]
[0.04797019 0.05253454 0.07899118 0.05253454 0.07899118 0.07347129
 0.03118653 0.05253454 0.06879601 0.03729533 0.02922224 0.03199581
 0.1037768  0.07899118 0.06954668 0.09727092 0.01489113]
[0.04633908 0.05056066 0.07060718 0.05056066 0.07060718 0.07254882
 0.03837838 0.05056066 0.06917232 0.03682785 0.03331964 0.02641178
 0.14234158 0.07060718 0.05441672 0.09199212 0.02474814]
[0.04489679 0.04771428 0.08103096 0.04771428 0.08103096 0.08107559
 0.04305497 0.04771428 0.07354225 0.03008741 0.03373468 0.02790378
 0.11115348 0.08103096 0.07049309 0.08026417 0.01755814]
[0.05450058 0.05575787 0.07715204 0.05575787 0.07715204 0.05927471
 0.04582923 0.05575787 0.06545922 0.04453082 0.03990653 0.04794177
 0.07946701 0.07715204 0.05938872 0.07881016 0.0261615 ]
[0.04027431 0.06197758 0.06918219 0.06197758 0.06918219 0.06213511
 0.03524692 0.06197758 0.06785451 0.03726574 0.03643037 0.03785268
 0.13631666 0.06918219 0.05410636 0.08475403 0.01428398]
[0.05130059 0.04349705 0.07496573 0.04349705 0.07496573 0.0785016
 0.04433673 0.04349705 0.06841066 0.03280285 0.03643824 0.03629939
 0.1171869  0.07496573 0.05968077 0.09238404 0.0272699 ]
[0.04668491 0.04840114 0.08200966 0.04840114 0.08200966 0.08882793
 0.03997626 0.04840114 0.06834236 0.0288344  0.02548092 0.03860769
 0.13366012 0.08200966 0.04400218 0.07727235 0.01707848]
[0.04193253 0.05623729 0.07091412 0.05623729 0.07091412 0.0613516
 0.0389462  0.05623729 0.06830859 0.04397622 0.03777619 0.03353186
 0.13819778 0.07091412 0.0507592  0.08254667 0.0212189 ]
[0.03704104 0.04426265 0.07606076 0.04426265 0.07606076 0.0678739
 0.03343141 0.04426265 0.06593715 0.03593626 0.03399457 0.02844653
 0.17365551 0.07606076 0.05455731 0.08932477 0.01883128]
[0.04378165 0.05812503 0.07527148 0.05812503 0.07527148 0.08201595
 0.03765967 0.05812503 0.06599862 0.03009544 0.03655836 0.03570952
 0.10582619 0.07527148 0.056859   0.08530808 0.01999802]
[0.03778978 0.0574512  0.07256643 0.0574512  0.07256643 0.08617282
 0.03330854 0.0574512  0.06076387 0.03298278 0.03715037 0.03289747
 0.09826913 0.07256643 0.07937036 0.09217055 0.01907147]]