89605
Test: public void test18() throws Throwable { int[] intArray0 = new int[1]; BootstrapMethod bootstrapMethod0 = new BootstrapMethod(704, intArray0); ByteArrayOutputStream byteArrayOutputStream0 = new ByteArrayOutputStream(); DataOutputStream dataOutputStream0 = new DataOutputStream(byteArrayOutputStream0); bootstrapMethod0.dump(dataOutputStream0); }
Code: public final void dump(final DataOutputStream file) throws IOException { file.writeShort(bootstrapMethodRef); file.writeShort(bootstrapArguments.length); for (final int bootstrap_argument : bootstrapArguments) { file.writeShort(bootstrap_argument); } }
[[0.0420728  0.03360484 0.03387444 0.05836468 0.06968647 0.05719067
 0.10059804 0.0214282  0.054845   0.05836468 0.05836468 0.04092049
 0.04028679 0.02686336 0.05836468 0.03829274 0.05836468 0.05484499
 0.05836468 0.01765154 0.01765154]
[0.03954556 0.02624773 0.02916515 0.06187682 0.06178644 0.05907797
 0.10515843 0.02442307 0.06561869 0.06187682 0.06187682 0.04368525
 0.03380551 0.01763375 0.06187682 0.03095402 0.06187681 0.06561872
 0.06187681 0.01300944 0.01300944]
[0.03381671 0.02973117 0.02977164 0.06527852 0.06350121 0.04223149
 0.11977176 0.01924436 0.06010571 0.06527852 0.06527852 0.03639089
 0.02987877 0.01787735 0.06527852 0.02941443 0.06527853 0.06010569
 0.06527853 0.01824385 0.01824384]
[0.03525506 0.03302965 0.03038616 0.05944512 0.06966615 0.05402865
 0.11367214 0.02298641 0.05255698 0.05944512 0.05944512 0.04880762
 0.03805277 0.02313775 0.05944512 0.03299044 0.05944512 0.05255698
 0.05944512 0.01810126 0.01810125]
[0.03949036 0.03931672 0.02818878 0.06317568 0.0725361  0.06412055
 0.08798206 0.02585675 0.05581952 0.06317568 0.06317568 0.03919785
 0.03441519 0.02100654 0.06317568 0.02544015 0.06317567 0.05581952
 0.06317567 0.01587796 0.01587796]
[0.03359679 0.03732495 0.02298334 0.05947166 0.06378222 0.05152301
 0.10184132 0.0252164  0.06278803 0.05947166 0.05947166 0.05027924
 0.04079333 0.02443801 0.05947166 0.03033078 0.05947167 0.06278805
 0.05947167 0.01774226 0.01774226]
[0.03128517 0.02535039 0.02974734 0.05593897 0.06200168 0.05147881
 0.15610003 0.01924394 0.0719993  0.05593897 0.05593897 0.03219634
 0.02910293 0.01940487 0.05593897 0.03586243 0.05593899 0.07199933
 0.05593899 0.01429676 0.01429676]
[0.03399118 0.02918914 0.02683799 0.06478868 0.05316801 0.06406824
 0.13145787 0.01876452 0.05880816 0.06478868 0.06478868 0.03241549
 0.03186724 0.01907364 0.06478868 0.02752121 0.06478868 0.05880818
 0.06478868 0.01264853 0.01264853]
[0.04288836 0.04202341 0.03723297 0.05716649 0.05942506 0.04969558
 0.07629609 0.02844041 0.06675651 0.05716649 0.05716649 0.04275543
 0.04127052 0.02076035 0.05716649 0.03492195 0.0571665  0.06675652
 0.0571665  0.02388889 0.02388889]
[0.03525506 0.03302965 0.03038616 0.05944512 0.06966615 0.05402865
 0.11367214 0.02298641 0.05255698 0.05944512 0.05944512 0.04880762
 0.03805277 0.02313775 0.05944512 0.03299044 0.05944512 0.05255698
 0.05944512 0.01810126 0.01810125]
[0.03525506 0.03302965 0.03038616 0.05944512 0.06966615 0.05402865
 0.11367214 0.02298641 0.05255698 0.05944512 0.05944512 0.04880762
 0.03805277 0.02313775 0.05944512 0.03299044 0.05944512 0.05255698
 0.05944512 0.01810126 0.01810125]
[0.04261791 0.03466881 0.03406264 0.06008666 0.06634292 0.04605373
 0.10150938 0.02229623 0.0742729  0.06008666 0.06008666 0.04187009
 0.03101041 0.02026795 0.06008666 0.02569316 0.06008666 0.0742729
 0.06008666 0.01227051 0.01227051]
[0.03644965 0.02960712 0.02800118 0.05989604 0.07013725 0.07478186
 0.09202123 0.0252228  0.06089873 0.05989604 0.05989604 0.04105377
 0.03500934 0.02011279 0.05989604 0.03506869 0.05989603 0.06089873
 0.05989603 0.01568036 0.01568036]
[0.0275117  0.03716298 0.02397474 0.07124107 0.05712575 0.04923879
 0.08627865 0.02143394 0.06093224 0.07124107 0.07124107 0.03155752
 0.04009405 0.02007002 0.07124107 0.02966247 0.07124107 0.06093222
 0.07124107 0.01328927 0.01328927]
[0.03525506 0.03302965 0.03038616 0.05944512 0.06966615 0.05402865
 0.11367214 0.02298641 0.05255698 0.05944512 0.05944512 0.04880762
 0.03805277 0.02313775 0.05944512 0.03299044 0.05944512 0.05255698
 0.05944512 0.01810126 0.01810125]
[0.04303551 0.03116683 0.03348288 0.05290215 0.05977874 0.06236419
 0.1060788  0.02792931 0.06420702 0.05290215 0.05290215 0.04468051
 0.04363459 0.02791237 0.05290215 0.02908665 0.05290214 0.06420702
 0.05290214 0.02251136 0.02251135]
[0.03525506 0.03302965 0.03038616 0.05944512 0.06966615 0.05402865
 0.11367214 0.02298641 0.05255698 0.05944512 0.05944512 0.04880762
 0.03805277 0.02313775 0.05944512 0.03299044 0.05944512 0.05255698
 0.05944512 0.01810126 0.01810125]
[0.04288836 0.04202341 0.03723297 0.05716649 0.05942506 0.04969558
 0.07629609 0.02844041 0.06675651 0.05716649 0.05716649 0.04275543
 0.04127052 0.02076035 0.05716649 0.03492195 0.0571665  0.06675652
 0.0571665  0.02388889 0.02388889]
[0.03525506 0.03302965 0.03038616 0.05944512 0.06966615 0.05402865
 0.11367214 0.02298641 0.05255698 0.05944512 0.05944512 0.04880762
 0.03805277 0.02313775 0.05944512 0.03299044 0.05944512 0.05255698
 0.05944512 0.01810126 0.01810125]
[0.02970364 0.02696528 0.02770242 0.05528412 0.06439555 0.05098513
 0.12498148 0.02411396 0.07786827 0.05528412 0.05528412 0.03781383
 0.04192077 0.02242196 0.05528412 0.02818864 0.05528411 0.07786828
 0.05528411 0.01668303 0.01668303]
[0.02970364 0.02696528 0.02770242 0.05528411 0.06439553 0.05098512
 0.12498148 0.02411396 0.07786828 0.05528411 0.05528411 0.03781383
 0.04192077 0.02242196 0.05528411 0.02818864 0.05528411 0.07786828
 0.05528411 0.01668303 0.01668303]]