149149
Test: public void test42() throws Throwable { IMAP iMAP0 = new IMAP(); IMAPCommand iMAPCommand0 = IMAPCommand.XOAUTH; // Undeclared exception!  iMAP0.doCommand(iMAPCommand0);   }
Code: public boolean doCommand(final IMAPCommand command, final String args) throws IOException { return IMAPReply.isSuccess(sendCommand(command, args)); }
[[0.0504847  0.11758745 0.07004333 0.07004333 0.07004333 0.04162176
 0.06363745 0.07912205 0.11351237 0.02823833 0.07565436 0.05659027
 0.07004335 0.07004335 0.02333451]
[0.03357219 0.15585922 0.06271962 0.06271962 0.06271962 0.03427658
 0.06193095 0.09051827 0.11488818 0.02319712 0.09571544 0.05904555
 0.06271964 0.06271964 0.01739834]
[0.03887358 0.1349313  0.06318472 0.06318472 0.06318472 0.04024044
 0.06777921 0.10393225 0.1272907  0.02913331 0.07100833 0.04742929
 0.06318473 0.06318473 0.02345795]
[0.03887358 0.1349313  0.06318472 0.06318472 0.06318472 0.04024044
 0.06777921 0.10393225 0.1272907  0.02913331 0.07100833 0.04742929
 0.06318473 0.06318473 0.02345795]
[0.03887358 0.1349313  0.06318472 0.06318472 0.06318472 0.04024044
 0.06777921 0.10393225 0.1272907  0.02913331 0.07100833 0.04742929
 0.06318473 0.06318473 0.02345795]
[0.04601512 0.11489761 0.06467681 0.06467681 0.06467681 0.03175768
 0.06477132 0.10486875 0.11129949 0.03126297 0.08776279 0.06718545
 0.06467682 0.06467682 0.01679472]
[0.04790001 0.14264172 0.06502909 0.06502909 0.06502909 0.03892789
 0.05319187 0.08272178 0.12575808 0.03018221 0.08330043 0.04988826
 0.0650291  0.0650291  0.02034232]
[0.03505451 0.14218466 0.06289196 0.06289196 0.06289196 0.04162487
 0.06207047 0.10080397 0.12192551 0.02343365 0.0850251  0.05887264
 0.06289198 0.06289198 0.01454473]
[0.03539517 0.1432369  0.05588914 0.05588914 0.05588914 0.0302383
 0.05974293 0.08960918 0.15806454 0.02534059 0.09977444 0.06056135
 0.05588916 0.05588916 0.0185908 ]
[0.03571396 0.14175484 0.06714985 0.06714985 0.06714985 0.03351683
 0.06139738 0.08870227 0.13458991 0.02303801 0.07603045 0.05429377
 0.06714986 0.06714986 0.01521329]
[0.05328142 0.10426596 0.06492686 0.06492686 0.06492686 0.05274933
 0.07061695 0.07627757 0.09176874 0.03760496 0.0965941  0.05989154
 0.06492688 0.06492688 0.03231508]
[0.0345364  0.14624402 0.06378696 0.06378696 0.06378696 0.03309712
 0.06501164 0.10988281 0.11512013 0.03011242 0.07787976 0.04836363
 0.06378698 0.06378698 0.02081714]
[0.03887358 0.1349313  0.06318472 0.06318472 0.06318472 0.04024044
 0.0677792  0.10393225 0.1272907  0.02913331 0.07100834 0.04742929
 0.06318472 0.06318472 0.02345796]
[0.03887358 0.1349313  0.06318472 0.06318472 0.06318472 0.04024044
 0.0677792  0.10393225 0.1272907  0.02913331 0.07100834 0.04742929
 0.06318472 0.06318472 0.02345796]
[0.03355598 0.10448062 0.05921176 0.05921176 0.05921176 0.03191108
 0.06131202 0.09415697 0.13977554 0.03088211 0.10669265 0.07920042
 0.05921178 0.05921178 0.02197378]]