89734
Test: public void test11() throws Throwable { int[] intArray0 = new int[0]; ExceptionTable exceptionTable0 = new ExceptionTable(0, (-708), intArray0, (ConstantPool) null); DataOutputStream dataOutputStream0 = new DataOutputStream((OutputStream) null); // Undeclared exception!  exceptionTable0.dump(dataOutputStream0);   }
Code: public void dump( final DataOutputStream file ) throws IOException { super.dump(file); file.writeShort(exceptionIndexTable.length); for (final int index : exceptionIndexTable) { file.writeShort(index); } }
[[0.04067665 0.03241242 0.05642532 0.03213214 0.0672786  0.0510783
 0.06789985 0.09924275 0.02002137 0.0503135  0.05642532 0.05642532
 0.04036145 0.03783235 0.02650974 0.03297232 0.03588342 0.05642532
 0.0503135  0.05642532 0.01647253 0.01647253]
[0.03273914 0.02748218 0.06515601 0.02741767 0.06057616 0.05315688
 0.07442432 0.11818051 0.01721686 0.05204129 0.06515601 0.06515601
 0.03661287 0.02671364 0.01773933 0.01930535 0.02648422 0.06515601
 0.05204127 0.06515601 0.01604409 0.01604409]
[0.03397178 0.02843431 0.05774121 0.03108341 0.06673256 0.05140442
 0.07313354 0.10915451 0.02141219 0.04810148 0.05774121 0.05774121
 0.04774376 0.03529398 0.0225332  0.0293372  0.03133401 0.05774121
 0.04810147 0.05774121 0.01676109 0.01676109]
[0.03707103 0.02674516 0.0606337  0.02416883 0.0577871  0.06715979
 0.07160271 0.10254948 0.02187376 0.05741709 0.0606337  0.0606337
 0.04312744 0.03018524 0.01701008 0.03108136 0.02843426 0.0606337
 0.05741711 0.0606337  0.01160057 0.01160057]
[0.03782954 0.0267433  0.06219041 0.03696366 0.06915212 0.06916395
 0.07073782 0.08616458 0.02352405 0.05004885 0.06219041 0.06219041
 0.03897367 0.03142318 0.02061279 0.02439918 0.02362555 0.0621904
 0.05004886 0.0621904  0.01481843 0.01481843]
[0.03481285 0.02844376 0.0630197  0.03315174 0.05524982 0.05474218
 0.07205702 0.08557399 0.01889492 0.05574746 0.0630197  0.0630197
 0.04144467 0.03194289 0.0184368  0.0304985  0.03177049 0.06301969
 0.05574746 0.06301969 0.01819351 0.01819351]
[0.03769151 0.03630351 0.0551117  0.03574087 0.07367613 0.05113415
 0.0576183  0.08036644 0.02248581 0.06897641 0.0551117  0.0551117
 0.03572298 0.03050658 0.02770741 0.02677358 0.03468179 0.05511171
 0.06897641 0.05511171 0.0180398  0.0180398 ]
[0.03071444 0.02861203 0.05655398 0.02454362 0.06129532 0.04798292
 0.05351905 0.15735123 0.01810404 0.06663695 0.05655398 0.05655398
 0.03243673 0.02739942 0.01964449 0.02146424 0.03388482 0.05655399
 0.06663699 0.05655399 0.01350191 0.01350191]
[0.03387893 0.02648676 0.06489909 0.02809129 0.05227403 0.06243015
 0.0599659  0.13226512 0.01753437 0.05360655 0.06489909 0.06489909
 0.03283504 0.02974586 0.0194016  0.02359378 0.02592787 0.06489909
 0.05360657 0.06489909 0.01193039 0.01193039]
[0.04114088 0.03539512 0.05647295 0.04016554 0.0575147  0.05696188
 0.06391718 0.07399713 0.02667149 0.0603691  0.05647295 0.05647295
 0.04198416 0.03809545 0.02027946 0.02331523 0.03304373 0.05647296
 0.06036911 0.05647296 0.02220752 0.02220752]
[0.03397178 0.02843431 0.05774121 0.03108341 0.06673256 0.05140442
 0.07313354 0.10915451 0.02141219 0.04810148 0.05774121 0.05774121
 0.04774376 0.03529398 0.0225332  0.0293372  0.03133401 0.05774121
 0.04810147 0.05774121 0.01676109 0.01676109]
[0.03397178 0.02843431 0.05774121 0.03108341 0.06673256 0.05140442
 0.07313354 0.10915451 0.02141219 0.04810148 0.05774121 0.05774121
 0.04774376 0.03529398 0.0225332  0.0293372  0.03133401 0.05774121
 0.04810147 0.05774121 0.01676109 0.01676109]
[0.04079237 0.03199748 0.05886136 0.03232419 0.06415187 0.05737098
 0.06630053 0.09717533 0.020629   0.06632104 0.05886136 0.05886136
 0.04146862 0.02815426 0.01962604 0.02648643 0.02399331 0.05886135
 0.06632104 0.05886135 0.01129038 0.01129038]
[0.03530635 0.02658753 0.05983408 0.02822939 0.06702864 0.07101645
 0.06568559 0.09154995 0.02302264 0.05401396 0.05983408 0.05983408
 0.04120232 0.03168556 0.01984997 0.03112646 0.03206045 0.05983407
 0.05401396 0.05983407 0.01422521 0.01422521]
[0.0262044  0.02214526 0.06979739 0.03428331 0.05488536 0.05906237
 0.08363257 0.08204424 0.01949321 0.0535474  0.06979739 0.06979739
 0.03121554 0.03571483 0.01988722 0.02408963 0.02695744 0.0697974
 0.05354739 0.0697974  0.01215146 0.01215146]
[0.02969574 0.02721961 0.05189082 0.03213154 0.05901024 0.06057065
 0.07162064 0.14954726 0.02637534 0.0487575  0.05189082 0.05189082
 0.04218672 0.03178879 0.02497412 0.02621864 0.02823718 0.05189082
 0.0487575  0.05189082 0.01672722 0.01672722]
[0.04084515 0.03145524 0.05074757 0.02963516 0.05683356 0.06866587
 0.0648988  0.10417149 0.02562136 0.05811022 0.05074757 0.05074757
 0.04333428 0.04023151 0.02717079 0.02877084 0.02691693 0.05074757
 0.05811021 0.05074757 0.02074539 0.02074539]
[0.03397178 0.02843431 0.05774121 0.03108341 0.06673256 0.05140442
 0.07313354 0.10915451 0.02141219 0.04810148 0.05774121 0.05774121
 0.04774376 0.03529398 0.0225332  0.0293372  0.03133401 0.05774121
 0.04810147 0.05774121 0.01676109 0.01676109]
[0.04114088 0.03539512 0.05647295 0.04016554 0.0575147  0.05696188
 0.06391718 0.07399713 0.02667149 0.0603691  0.05647295 0.05647295
 0.04198416 0.03809545 0.02027946 0.02331523 0.03304373 0.05647296
 0.06036911 0.05647296 0.02220752 0.02220752]
[0.03397178 0.02843431 0.05774121 0.03108341 0.06673256 0.05140442
 0.07313354 0.10915451 0.02141219 0.04810148 0.05774121 0.05774121
 0.04774376 0.03529398 0.0225332  0.0293372  0.03133401 0.05774121
 0.04810147 0.05774121 0.01676109 0.01676109]
[0.0282918  0.02558434 0.05405701 0.02505784 0.06096576 0.07686762
 0.06977697 0.11965229 0.0213951  0.06607824 0.05405701 0.05405701
 0.03715928 0.03616892 0.02171448 0.02103874 0.02480687 0.05405701
 0.06607824 0.05405701 0.01453926 0.01453926]
[0.0282918  0.02558434 0.05405701 0.02505784 0.06096576 0.07686762
 0.06977697 0.11965229 0.0213951  0.06607824 0.05405701 0.05405701
 0.03715928 0.03616892 0.02171448 0.02103874 0.02480687 0.05405701
 0.06607824 0.05405701 0.01453926 0.01453926]]