62889
Test: public void test1() throws Throwable { ResumableRandomAccessFileListener resumableRandomAccessFileListener0 = new ResumableRandomAccessFileListener((RandomAccessFile) null); // Undeclared exception!  resumableRandomAccessFileListener0.length();   }
Code: public long length() { try { return file.length(); } catch (IOException e) { return 0; } }
[[0.04567206 0.07587986 0.06335881 0.06071886 0.08349513 0.06071886
 0.0502417  0.06335881 0.01942021 0.0479751  0.10051853 0.11725843
 0.06071886 0.0502417  0.06158265 0.01942021 0.01942021]
[0.03285866 0.06974058 0.06248638 0.07338323 0.0796603  0.07338323
 0.04880755 0.06248638 0.01774734 0.0356895  0.1021165  0.11603571
 0.07338323 0.04880755 0.06791916 0.01774734 0.01774734]
[0.04012615 0.07144402 0.06716651 0.0625386  0.07083125 0.0625386
 0.04867365 0.06716651 0.02133111 0.04419843 0.11400513 0.11041503
 0.0625386  0.04867365 0.06569061 0.02133111 0.02133111]
[0.04851779 0.08105227 0.06637046 0.07170631 0.05424353 0.07170631
 0.05666073 0.06637046 0.02628847 0.05164927 0.07366776 0.08781044
 0.07170631 0.05666073 0.06301218 0.02628847 0.02628847]
[0.03879151 0.06484455 0.06361717 0.06056145 0.07421879 0.06056145
 0.05685827 0.06361717 0.016329   0.04091576 0.12089069 0.12327981
 0.06056145 0.05685827 0.06543665 0.016329   0.016329  ]
[0.04851779 0.08105227 0.06637046 0.07170631 0.05424353 0.07170631
 0.05666073 0.06637046 0.02628847 0.05164927 0.07366776 0.08781044
 0.07170631 0.05666073 0.06301218 0.02628847 0.02628847]
[0.0333105  0.0947557  0.06764823 0.06257765 0.06455136 0.06257765
 0.04879845 0.06764823 0.01727851 0.04212497 0.12828153 0.10458988
 0.06257765 0.04879845 0.05992421 0.01727851 0.01727851]
[0.04012615 0.07144402 0.06716651 0.0625386  0.07083125 0.0625386
 0.04867365 0.06716651 0.02133111 0.04419843 0.11400513 0.11041503
 0.0625386  0.04867365 0.06569061 0.02133111 0.02133111]
[0.0334895  0.05433813 0.06407963 0.07768994 0.07701701 0.07768994
 0.07072091 0.06407963 0.01712219 0.03123434 0.0924136  0.08740549
 0.07768994 0.07072091 0.07006443 0.01712219 0.01712219]
[0.03502999 0.06597838 0.06406851 0.07666513 0.07609324 0.07666513
 0.05100876 0.06406851 0.01668332 0.04162838 0.09881902 0.11108018
 0.07666513 0.05100876 0.06117094 0.01668332 0.01668332]
[0.04873655 0.06054727 0.06310258 0.0708175  0.06766263 0.0708175
 0.05714585 0.06310258 0.01536556 0.04127625 0.10232417 0.11504059
 0.0708175  0.05714585 0.06536646 0.01536556 0.01536556]
[0.04278542 0.06784466 0.06466832 0.06421796 0.08279775 0.06421796
 0.05467082 0.06466832 0.02477885 0.04368915 0.07942829 0.10819815
 0.06421796 0.05467082 0.06958788 0.02477885 0.02477885]
[0.04851779 0.08105227 0.06637046 0.07170631 0.05424353 0.07170631
 0.05666073 0.06637046 0.02628847 0.05164927 0.07366776 0.08781044
 0.07170631 0.05666073 0.06301218 0.02628847 0.02628847]
[0.0333105  0.0947557  0.06764823 0.06257765 0.06455136 0.06257765
 0.04879845 0.06764823 0.01727851 0.04212497 0.12828153 0.10458988
 0.06257765 0.04879845 0.05992421 0.01727851 0.01727851]
[0.04564216 0.07456409 0.06763913 0.07096692 0.06854492 0.07096692
 0.05630654 0.06763913 0.0196793  0.04471392 0.08322174 0.08831269
 0.07096692 0.05630654 0.07517043 0.0196793  0.0196793 ]
[0.0334895  0.05433813 0.06407963 0.07768994 0.07701701 0.07768994
 0.07072091 0.06407963 0.01712219 0.03123434 0.0924136  0.08740549
 0.07768994 0.07072091 0.07006443 0.01712219 0.01712219]
[0.0334895  0.05433813 0.06407963 0.07768995 0.07701701 0.07768995
 0.07072091 0.06407963 0.0171222  0.03123434 0.09241363 0.08740547
 0.07768995 0.07072091 0.07006441 0.0171222  0.01712219]]