15587
Test: public void test820() throws Throwable { MockDate mockDate0 = new MockDate(2894, 1001, 2894, 1001, 2894); Date date0 = DateUtils.addMinutes(mockDate0, 2894); }
Code: public static Date addMinutes(final Date date, final int amount) { return add(date, Calendar.MINUTE, amount); }
[[0.05628859 0.15483573 0.02572265 0.06148437 0.02572265 0.13134024
 0.04416773 0.03713091 0.09329593 0.06737252 0.06099904 0.07807954
 0.06317841 0.07807955 0.02230215]
[0.05515871 0.1382496  0.02037304 0.06518666 0.02037304 0.13564989
 0.03926725 0.02948438 0.12130199 0.08754112 0.05153477 0.07542806
 0.06061256 0.07542808 0.02441073]
[0.04743695 0.14964542 0.02544609 0.05126572 0.02544609 0.16040005
 0.03778469 0.03361901 0.08645731 0.08688832 0.06949819 0.07297652
 0.06271308 0.07297653 0.01744602]
[0.04596303 0.16972074 0.01923056 0.05510436 0.01923056 0.14047582
 0.04256301 0.0245517  0.1105714  0.07262385 0.06190958 0.07728775
 0.06583212 0.07728776 0.01764773]
[0.04743695 0.14964542 0.02544609 0.05126572 0.02544609 0.16040005
 0.03778469 0.03361901 0.08645731 0.08688832 0.06949819 0.07297652
 0.06271308 0.07297653 0.01744602]
[0.03837373 0.18219051 0.01614131 0.05304222 0.01614131 0.15223356
 0.03929099 0.024442   0.08253765 0.09592648 0.07170878 0.07553402
 0.06293508 0.07553402 0.01396844]
[0.05069141 0.14896232 0.0237833  0.07417049 0.0237833  0.1244168
 0.03333576 0.02294436 0.09632941 0.08120582 0.0735895  0.08118283
 0.06816798 0.08118283 0.01625387]
[0.03511005 0.19610476 0.01837167 0.05041917 0.01837167 0.13204834
 0.0452371  0.02712874 0.08362797 0.06893404 0.05539976 0.09473424
 0.06381421 0.09473425 0.01596408]
[0.047277   0.1809744  0.01874335 0.05837148 0.01874335 0.14658855
 0.04790655 0.0290464  0.09584714 0.08306216 0.06805827 0.06690711
 0.05549289 0.06690711 0.01607418]
[0.05759498 0.1279995  0.0286846  0.05286748 0.0286846  0.10026163
 0.05614972 0.02859024 0.11059481 0.0825028  0.06760366 0.07995581
 0.06785329 0.07995582 0.03070115]
[0.03697133 0.1626536  0.01897089 0.06462946 0.01897089 0.19373219
 0.03323467 0.02306338 0.08566072 0.06673215 0.05462865 0.07641304
 0.06935664 0.07641304 0.01856941]
[0.04392222 0.14761811 0.02383322 0.06283291 0.02383322 0.13873412
 0.04090778 0.02890326 0.12443073 0.06465089 0.05317794 0.07420875
 0.07640839 0.07420877 0.02232975]
[0.04817012 0.12578283 0.02807032 0.06445916 0.02807032 0.16830498
 0.03674177 0.03378808 0.07993937 0.09761439 0.07103015 0.06253432
 0.0695677  0.06253433 0.02339212]
[0.04392223 0.14761811 0.02383323 0.06283289 0.02383323 0.1387341
 0.04090777 0.02890326 0.12443075 0.06465091 0.05317795 0.07420876
 0.0764084  0.07420877 0.02232975]
[0.03803974 0.14931309 0.01670075 0.05971456 0.01670075 0.15532607
 0.03364787 0.02922119 0.107428   0.08828124 0.08034007 0.07278004
 0.06027207 0.07278006 0.01945453]]