30839
Test: public void test4() throws Throwable { Class<Object> class0 = Object.class; Object[] objectArray0 = ArrayUtil.newArray(class0, 0); }
Code: public static <T> T[] newArray(Class<T> type, int length) { return (T[]) Array.newInstance(type, length); }
[[0.04945632 0.13397375 0.11682528 0.04027904 0.06860116 0.04951465
 0.03285873 0.17651623 0.05801138 0.05344884 0.083414   0.06860116
 0.0491633  0.01933618]
[0.04923783 0.12202141 0.13587017 0.0266815  0.06750437 0.04795693
 0.02645985 0.21073397 0.07651259 0.04589111 0.05352281 0.06750436
 0.04864965 0.02145339]
[0.0486149  0.11358359 0.13515188 0.02933694 0.07424432 0.04527494
 0.02295029 0.20860386 0.07933341 0.05386057 0.05099584 0.07424432
 0.04547711 0.01832803]
[0.04602519 0.12355605 0.09908216 0.0337019  0.0718892  0.0542408
 0.03075193 0.19628951 0.07613444 0.05390599 0.06978607 0.0718892
 0.05295816 0.01978934]
[0.04136988 0.13529907 0.11762696 0.03454246 0.07054666 0.06872937
 0.02755969 0.19879383 0.05729933 0.04999289 0.0630696  0.07054666
 0.04455468 0.02006891]
[0.03394701 0.15676676 0.13585126 0.02697549 0.05801238 0.05099698
 0.01939792 0.24069406 0.06708895 0.05096774 0.0512618  0.05801237
 0.03954554 0.01048176]
[0.03089843 0.16367352 0.11079755 0.02954857 0.08511613 0.05662461
 0.02456765 0.21116906 0.05662854 0.04826603 0.04863973 0.08511613
 0.03536017 0.01359387]
[0.03688722 0.14367858 0.12772365 0.03359628 0.07110621 0.05041486
 0.02249548 0.21213801 0.06802407 0.05202362 0.04980341 0.0711062
 0.0411949  0.01980756]
[0.05336824 0.12019855 0.10943165 0.03613698 0.07314012 0.06168036
 0.02628055 0.16719663 0.07857354 0.06236465 0.05973213 0.07314013
 0.04989807 0.0288584 ]
[0.03257252 0.13607873 0.13158633 0.02862825 0.06959233 0.04211821
 0.02119792 0.24835864 0.05414439 0.04892661 0.05762984 0.06959233
 0.04425185 0.01532212]
[0.03915721 0.11726374 0.14353785 0.0206965  0.06979345 0.04313444
 0.02343554 0.22607847 0.06841568 0.04933127 0.06812973 0.06979345
 0.04576438 0.01546835]
[0.04136988 0.13529907 0.11762696 0.03454246 0.07054666 0.06872937
 0.02755969 0.19879383 0.05729933 0.04999289 0.0630696  0.07054666
 0.04455468 0.02006891]
[0.04217669 0.12860762 0.12674476 0.03270259 0.07342139 0.05644165
 0.03305617 0.19830535 0.06533597 0.05720872 0.05686382 0.07342139
 0.03809101 0.01762286]
[0.03491185 0.12417448 0.14741111 0.02926571 0.06871231 0.04462654
 0.02730871 0.20025672 0.06995228 0.07053404 0.05620187 0.06871231
 0.04192575 0.01600622]]