135975
Test: public void test74() throws Throwable { Elements elements0 = new Elements(0); elements0.add((Element) null); // Undeclared exception!  elements0.hasClass("J_jKI_");   }
Code: public boolean hasClass(String className) { for (Element element : this) { if (element.hasClass(className)) return true; } return false; }
[[0.03951412 0.09793976 0.07886057 0.1258906  0.05328025 0.0379102
 0.03411287 0.05386735 0.03670749 0.02403174 0.05328025 0.10656886
 0.05481689 0.04356003 0.02707819 0.01696547 0.04356003 0.0550898
 0.01696547]
[0.02876529 0.15878169 0.0640846  0.11724244 0.06609949 0.0283799
 0.0257725  0.05157502 0.02048012 0.01674434 0.06609949 0.10461995
 0.05583383 0.04558391 0.02407004 0.01262545 0.04558392 0.05503263
 0.01262545]
[0.03899839 0.13511541 0.06510975 0.15303257 0.05690881 0.03413689
 0.02071856 0.0490301  0.02718456 0.01870905 0.05690881 0.1265465
 0.05259836 0.03924125 0.02302885 0.01033079 0.03924125 0.04282926
 0.01033079]
[0.0380884  0.11570368 0.05966857 0.10990759 0.05964486 0.04105414
 0.02650565 0.05546145 0.03861136 0.02391513 0.05964486 0.11447259
 0.0456491  0.04603626 0.02880384 0.0185341  0.04603626 0.0537281
 0.0185341 ]
[0.04217306 0.09452876 0.06734459 0.09925777 0.06647861 0.0418212
 0.03839135 0.05425373 0.03444324 0.0284675  0.06647861 0.07280897
 0.05584044 0.04870889 0.03015237 0.02365176 0.0487089  0.0628385
 0.02365176]
[0.03859594 0.1269419  0.06499492 0.11998481 0.06788322 0.03773787
 0.02839823 0.04786179 0.02334627 0.01984338 0.06788322 0.11884514
 0.05424093 0.04209964 0.02591962 0.01117155 0.04209964 0.05098036
 0.01117155]
[0.03102488 0.11801162 0.05561662 0.11895044 0.06735598 0.03862086
 0.03206493 0.05555473 0.03217236 0.01928738 0.06735598 0.11962296
 0.05097572 0.04141743 0.02568216 0.0159027  0.04141743 0.05306309
 0.0159027 ]
[0.03466783 0.11925871 0.06748953 0.10805914 0.05774947 0.03726516
 0.02923556 0.05306829 0.0337029  0.02304178 0.05774947 0.09897017
 0.05806614 0.04893025 0.02716814 0.0161985  0.04893025 0.06425019
 0.01619849]
[0.04140092 0.10919714 0.05348559 0.10827921 0.06386289 0.04229642
 0.02722589 0.05160099 0.02849226 0.024568   0.06386289 0.10043398
 0.05049447 0.05215366 0.03310363 0.02211555 0.05215366 0.05315739
 0.02211555]
[0.03643764 0.11847126 0.06194442 0.12777585 0.05569605 0.03436407
 0.01993665 0.05620623 0.03222348 0.02108001 0.05569605 0.1121801
 0.05964461 0.04353058 0.03500609 0.01408661 0.0435306  0.0581031
 0.01408661]
[0.04217306 0.09452876 0.06734459 0.09925777 0.06647861 0.0418212
 0.03839135 0.05425373 0.03444324 0.0284675  0.06647861 0.07280897
 0.05584044 0.04870889 0.03015237 0.02365176 0.0487089  0.0628385
 0.02365176]
[0.02534995 0.15737486 0.05508531 0.16977583 0.05482504 0.03148634
 0.02038028 0.04239602 0.01900038 0.01233637 0.05482504 0.14350598
 0.05787876 0.03348535 0.0233513  0.00833722 0.03348535 0.04878341
 0.00833722]
[0.03300881 0.12330574 0.06142844 0.13873169 0.05294469 0.04465047
 0.0355394  0.05481806 0.031558   0.02133201 0.05294469 0.08135499
 0.05498179 0.04007975 0.03228235 0.01794916 0.04007976 0.065061
 0.01794915]
[0.02709626 0.13747592 0.05521229 0.15193793 0.05420058 0.04451909
 0.02270184 0.05345029 0.02543943 0.02013166 0.05420058 0.11096266
 0.05341727 0.03912905 0.02138486 0.01479137 0.03912906 0.06002854
 0.01479137]
[0.0317506  0.15623026 0.06260417 0.12520605 0.05909445 0.03394059
 0.02148881 0.05327279 0.02733894 0.02196515 0.05909445 0.10550892
 0.0514563  0.04140422 0.03004831 0.01259577 0.04140422 0.05300032
 0.01259577]
[0.02828729 0.10136912 0.05354186 0.09756558 0.06797447 0.03688398
 0.027671   0.05847277 0.02528426 0.02379198 0.06797447 0.10813129
 0.05371823 0.06041533 0.03774226 0.01485536 0.06041533 0.06105002
 0.01485536]
[0.02709626 0.13747595 0.05521227 0.15193789 0.05420057 0.04451908
 0.02270184 0.05345027 0.02543943 0.02013166 0.05420057 0.11096264
 0.05341727 0.03912905 0.02138485 0.01479137 0.03912905 0.06002853
 0.01479137]
[0.04050844 0.10637653 0.06304315 0.11532103 0.05484507 0.03406216
 0.03169975 0.05817979 0.0304976  0.02440405 0.05484507 0.08404641
 0.05780399 0.0467583  0.03426746 0.02225331 0.0467583  0.07207629
 0.02225331]
[0.02828729 0.10136914 0.05354186 0.09756559 0.06797447 0.03688397
 0.02767099 0.05847277 0.02528425 0.02379198 0.06797447 0.10813126
 0.05371822 0.06041533 0.03774226 0.01485536 0.06041533 0.06105002
 0.01485536]]