148976
Test: public void test3() throws Throwable { boolean boolean0 = SMTPReply.isNegativeTransient(400); }
Code: public static boolean isNegativeTransient(final int reply) { return reply >= 400 && reply < 500; }
[[0.04688121 0.13799505 0.11812018 0.06503522 0.02989961 0.06503522
 0.06128407 0.0514431  0.06503522 0.03915806 0.06503522 0.02983712
 0.06503522 0.03706552 0.10343358 0.01970631]
[0.04527748 0.12691166 0.13237691 0.06024283 0.02284434 0.06024283
 0.08764259 0.04338422 0.06024283 0.04050502 0.06024283 0.03328117
 0.06024283 0.03109526 0.11216912 0.02329809]
[0.03175639 0.12482335 0.15927753 0.06031059 0.01556586 0.06031059
 0.08306904 0.05350127 0.06031059 0.02903765 0.06031059 0.0220195
 0.06031059 0.02407749 0.13993281 0.01538616]
[0.03781874 0.13771206 0.13509707 0.062053   0.02393408 0.062053
 0.06585947 0.04605726 0.062053   0.03983867 0.062053   0.02768472
 0.062053   0.03246063 0.12131426 0.02195803]
[0.02669455 0.17613012 0.09705426 0.06673017 0.01852302 0.06673017
 0.06465999 0.04360268 0.06673017 0.03540595 0.06673017 0.02300005
 0.06673017 0.02128515 0.14647427 0.01351908]
[0.03781874 0.13771206 0.13509707 0.062053   0.02393408 0.062053
 0.06585947 0.04605726 0.062053   0.03983867 0.062053   0.02768472
 0.062053   0.03246063 0.12131426 0.02195803]
[0.04967395 0.11914396 0.10589437 0.06375237 0.02349632 0.06375237
 0.0828312  0.05678042 0.06375237 0.03772995 0.06375237 0.04382968
 0.06375237 0.03951827 0.09360729 0.02873275]
[0.03015489 0.14423966 0.1478588  0.05868545 0.01740313 0.05868545
 0.06187756 0.04327844 0.05868545 0.03182333 0.05868545 0.02153465
 0.05868545 0.02419641 0.16739681 0.01680911]
[0.03781874 0.13771206 0.13509707 0.062053   0.02393408 0.062053
 0.06585947 0.04605726 0.062053   0.03983867 0.062053   0.02768472
 0.062053   0.03246063 0.12131426 0.02195803]
[0.03762391 0.12056139 0.13193326 0.06073865 0.01760099 0.06073865
 0.08806915 0.05623411 0.06073865 0.04441404 0.06073865 0.02889559
 0.06073865 0.02493876 0.12796055 0.01807495]
[0.03781874 0.13771206 0.13509707 0.062053   0.02393408 0.062053
 0.06585947 0.04605726 0.062053   0.03983867 0.062053   0.02768472
 0.062053   0.03246063 0.12131426 0.02195803]
[0.03402536 0.12930915 0.16309829 0.06206601 0.01798961 0.06206601
 0.07080443 0.04352971 0.06206601 0.03622897 0.06206601 0.02345501
 0.06206601 0.02688198 0.12184822 0.02249924]
[0.03781874 0.13771206 0.13509707 0.062053   0.02393408 0.062053
 0.06585947 0.04605726 0.062053   0.03983867 0.062053   0.02768472
 0.062053   0.03246063 0.12131426 0.02195803]
[0.03564674 0.12692252 0.10929956 0.0579432  0.02557283 0.0579432
 0.0757816  0.06511839 0.0579432  0.04724455 0.0579432  0.0259056
 0.0579432  0.03489704 0.14101662 0.02287852]
[0.03342257 0.15762575 0.13137136 0.06032354 0.01708758 0.06032354
 0.07856463 0.04384676 0.06032354 0.02917744 0.06032354 0.02433182
 0.06032354 0.02223669 0.14370367 0.01701412]
[0.03173545 0.1446068  0.10486715 0.05773176 0.02361448 0.05773176
 0.09089873 0.07201128 0.05773176 0.03611534 0.05773176 0.02830252
 0.05773176 0.02738697 0.13269186 0.01911074]]