29446
Test: public void test161() throws Throwable { StringReader stringReader0 = new StringReader("Initial buffer capacity must be greater than 0; was "); SimpleTextParser simpleTextParser0 = new SimpleTextParser(stringReader0); stringReader0.close(); // Undeclared exception!  simpleTextParser0.discardWithLineContinuation('G', 3913);   }
Code: public SimpleTextParser discardWithLineContinuation(final char lineContinuationChar, final int len) { return consumeWithLineContinuation(lineContinuationChar, len, NOOP_CONSUMER); }
[[0.06295922 0.0873369  0.0873369  0.08816865 0.0873369  0.05000159
 0.04062928 0.07119678 0.07990404 0.06878952 0.0873369  0.07572633
 0.08733692 0.02594006]
[0.05286008 0.0888704  0.0888704  0.11503122 0.0888704  0.04994291
 0.03455783 0.05874461 0.08023565 0.06406337 0.08887041 0.07268781
 0.08887041 0.02752451]
[0.05286008 0.0888704  0.0888704  0.11503122 0.0888704  0.04994291
 0.03455783 0.05874461 0.08023565 0.06406337 0.08887041 0.07268781
 0.08887041 0.02752451]
[0.04823143 0.09095207 0.09095207 0.09909399 0.09095207 0.04000267
 0.02864381 0.05611923 0.10506068 0.07891355 0.09095208 0.06361306
 0.09095208 0.02556121]
[0.05286008 0.0888704  0.0888704  0.11503122 0.0888704  0.04994291
 0.03455783 0.05874461 0.08023565 0.06406337 0.08887041 0.07268781
 0.08887041 0.02752451]
[0.05712954 0.091181   0.091181   0.09941544 0.091181   0.03762151
 0.02580139 0.06110453 0.09200646 0.08294917 0.09118099 0.06967803
 0.091181   0.01838894]
[0.03794429 0.0994159  0.0994159  0.12304468 0.0994159  0.05059005
 0.02814118 0.05207249 0.08135617 0.06070138 0.09941591 0.0510441
 0.09941593 0.01802617]
[0.05097058 0.09124403 0.09124403 0.0811444  0.09124403 0.04537667
 0.03319796 0.04766177 0.10354654 0.09490023 0.09124403 0.06414287
 0.09124404 0.02283877]
[0.06270451 0.08304482 0.08304482 0.0883972  0.08304482 0.06148755
 0.03023311 0.06027882 0.09880004 0.07242784 0.08304483 0.07528877
 0.08304484 0.03515805]
[0.04755862 0.09819295 0.09819295 0.08895333 0.09819295 0.04277949
 0.02962842 0.04595117 0.08605085 0.07023652 0.09819295 0.07394318
 0.09819296 0.0239337 ]
[0.05286008 0.0888704  0.0888704  0.11503122 0.0888704  0.04994291
 0.03455783 0.05874461 0.08023565 0.06406337 0.08887041 0.07268781
 0.08887041 0.02752451]
[0.05098595 0.08736667 0.08736667 0.13070765 0.08736667 0.0491263
 0.02508231 0.05143616 0.09349091 0.08101057 0.08736667 0.06407995
 0.08736669 0.0172469 ]
[0.05286008 0.0888704  0.0888704  0.1150312  0.0888704  0.04994291
 0.03455784 0.05874462 0.08023565 0.06406338 0.0888704  0.07268782
 0.08887041 0.02752451]
[0.04446579 0.08399746 0.08399746 0.11574575 0.08399746 0.03981332
 0.03388196 0.06137913 0.10941643 0.09571044 0.08399746 0.05581995
 0.08399747 0.02378001]]