150286
Test: public void test65() throws Throwable { FTPClient fTPClient0 = new FTPClient();  fTPClient0.featureValue("");   }
Code: public String featureValue(final String feature) throws IOException { final String [] values = featureValues(feature); if (values != null) { return values[0]; } return null; }
[[0.03241299 0.04138422 0.04496678 0.04138422 0.04496678 0.07560128
 0.01717488 0.04485041 0.0262318  0.04138422 0.02625808 0.02736943
 0.0204991  0.04496678 0.08753391 0.08990996 0.01790254 0.01717872
 0.04485041 0.03587325 0.04481705 0.01416715 0.03587325 0.06827565
 0.01416715]
[0.03204677 0.03684384 0.04509753 0.03684384 0.04509753 0.08573491
 0.01845312 0.04849545 0.02474572 0.03684384 0.0259237  0.0289663
 0.02168765 0.04509753 0.09308615 0.0841577  0.0187602  0.01437504
 0.04849545 0.03252888 0.05352685 0.01223428 0.03252888 0.06619458
 0.01223428]
[0.02531688 0.04586628 0.04196875 0.04586628 0.04196875 0.08222291
 0.01766004 0.04171745 0.02488222 0.04586628 0.02741315 0.02132166
 0.02754639 0.04196875 0.0626772  0.1016209  0.01696155 0.01814742
 0.04171745 0.03076941 0.0502412  0.01406404 0.03076941 0.08738163
 0.01406404]
[0.03204677 0.03684384 0.04509753 0.03684384 0.04509753 0.08573491
 0.01845312 0.04849545 0.02474572 0.03684384 0.0259237  0.0289663
 0.02168765 0.04509753 0.09308615 0.0841577  0.0187602  0.01437504
 0.04849545 0.03252888 0.05352685 0.01223428 0.03252888 0.06619458
 0.01223428]
[0.02531688 0.04586628 0.04196875 0.04586628 0.04196875 0.08222291
 0.01766004 0.04171745 0.02488222 0.04586628 0.02741315 0.02132166
 0.02754639 0.04196875 0.0626772  0.1016209  0.01696155 0.01814742
 0.04171745 0.03076941 0.0502412  0.01406404 0.03076941 0.08738163
 0.01406404]
[0.02160716 0.04106673 0.0373317  0.04106673 0.0373317  0.10454604
 0.01391915 0.05295133 0.01778253 0.04106673 0.02089337 0.02470971
 0.0191576  0.0373317  0.09644426 0.08370722 0.0172525  0.01302745
 0.05295133 0.03548173 0.06499229 0.01029943 0.03548173 0.06930043
 0.01029943]
[0.02563928 0.04475371 0.04874682 0.04475371 0.04874682 0.09868776
 0.0145961  0.04625389 0.02239621 0.04475371 0.02073179 0.0192651
 0.02017737 0.04874682 0.10578622 0.07629798 0.01549828 0.01109253
 0.04625389 0.03713517 0.04225858 0.0097967  0.03713517 0.06069964
 0.0097967 ]
[0.03151043 0.04426175 0.04014587 0.04426175 0.04014587 0.05513717
 0.02158727 0.05320531 0.03104009 0.04426175 0.03496929 0.02255693
 0.02634774 0.04014587 0.0539357  0.09451422 0.02278119 0.01987823
 0.05320531 0.0359319  0.05120149 0.01835423 0.0359319  0.06633453
 0.01835423]
[0.02909785 0.04481025 0.04466005 0.04481025 0.04466005 0.076063
 0.01830827 0.04963691 0.01945756 0.04481025 0.02693223 0.02089647
 0.02252339 0.04466005 0.09681191 0.08561899 0.01345407 0.01299371
 0.04963691 0.04232456 0.04724991 0.00976911 0.04232456 0.05872057
 0.00976911]
[0.03204677 0.03684384 0.04509753 0.03684384 0.04509753 0.08573491
 0.01845312 0.04849545 0.02474572 0.03684384 0.0259237  0.0289663
 0.02168765 0.04509753 0.09308615 0.0841577  0.0187602  0.01437504
 0.04849545 0.03252888 0.05352685 0.01223428 0.03252888 0.06619458
 0.01223428]
[0.01944886 0.04195469 0.04235116 0.04195469 0.04235116 0.07493483
 0.01788074 0.05750253 0.01852787 0.04195469 0.02720751 0.02330774
 0.01609709 0.04235116 0.07632992 0.0829296  0.01620724 0.01424759
 0.05750253 0.03077621 0.06885039 0.01450684 0.03077621 0.08554186
 0.01450684]
[0.02459731 0.04007111 0.04398389 0.04007111 0.04398389 0.08562756
 0.01454126 0.04798067 0.02388122 0.04007111 0.02196909 0.02124144
 0.01912195 0.04398389 0.10188089 0.08429502 0.01429103 0.01078842
 0.04798067 0.0380355  0.06407669 0.01112057 0.0380355  0.0672497
 0.01112057]
[0.03493559 0.04135665 0.04940236 0.04135665 0.04940236 0.05298422
 0.02253785 0.03988595 0.02944305 0.04135665 0.03634886 0.02864148
 0.02908898 0.04940236 0.07741602 0.06870365 0.02934152 0.02220898
 0.03988595 0.03842753 0.04793847 0.01722558 0.03842753 0.0570562
 0.01722558]
[0.02531688 0.04586628 0.04196875 0.04586628 0.04196875 0.08222291
 0.01766004 0.04171745 0.02488222 0.04586628 0.02741315 0.02132166
 0.02754639 0.04196875 0.0626772  0.1016209  0.01696155 0.01814742
 0.04171745 0.03076941 0.0502412  0.01406404 0.03076941 0.08738163
 0.01406404]
[0.02005971 0.04447275 0.045135   0.04447275 0.045135   0.11683132
 0.01328819 0.04481425 0.0158715  0.04447275 0.02272628 0.01265779
 0.01592515 0.045135   0.11409252 0.08762784 0.00803747 0.00762485
 0.04481425 0.0265867  0.06100257 0.0067595  0.0265867  0.07911064
 0.0067595 ]
[0.02588984 0.0487859  0.0411372  0.0487859  0.0411372  0.07997955
 0.01751592 0.05197238 0.02266398 0.0487859  0.0219732  0.02095918
 0.01606361 0.0411372  0.10603871 0.08541778 0.01610951 0.01291812
 0.05197238 0.03418494 0.04872308 0.01053396 0.03418494 0.0625957
 0.01053396]
[0.02226929 0.05554134 0.03906195 0.05554134 0.03906195 0.08322819
 0.01407299 0.05564193 0.02558137 0.05554134 0.02110809 0.01719663
 0.01875943 0.03906195 0.09056053 0.08251891 0.00978985 0.01146229
 0.05564193 0.0313262  0.05245558 0.00964457 0.0313262  0.07396158
 0.00964457]
[0.0239148  0.03737317 0.04232501 0.03737317 0.04232501 0.08220421
 0.01692865 0.05595826 0.0201689  0.03737317 0.02548699 0.01963141
 0.01561564 0.04232501 0.10797383 0.10000079 0.01331611 0.01456977
 0.05595826 0.02910747 0.06386269 0.00851138 0.02910747 0.07007746
 0.00851138]
[0.03151043 0.04426175 0.04014587 0.04426175 0.04014587 0.05513717
 0.02158727 0.05320531 0.03104009 0.04426175 0.03496929 0.02255693
 0.02634774 0.04014587 0.0539357  0.09451422 0.02278119 0.01987823
 0.05320531 0.0359319  0.05120149 0.01835423 0.0359319  0.06633453
 0.01835423]
[0.02146641 0.04513992 0.04167402 0.04513992 0.04167402 0.07721917
 0.01738282 0.04425866 0.02002434 0.04513992 0.03046942 0.02168205
 0.02112644 0.04167402 0.08705641 0.09938715 0.01351871 0.01245282
 0.04425866 0.0307727  0.06749246 0.01201278 0.0307727  0.07619172
 0.01201278]
[0.02377773 0.04625651 0.04596934 0.04625651 0.04596934 0.06618436
 0.01804329 0.04929658 0.02445372 0.04625651 0.02536719 0.02380805
 0.01814491 0.04596934 0.08170351 0.07869396 0.01395163 0.0150966
 0.04929658 0.03728351 0.06397139 0.01444511 0.03728351 0.06807574
 0.01444511]
[0.02157017 0.03950905 0.0403397  0.03950905 0.0403397  0.09084344
 0.01729376 0.05542872 0.01949517 0.03950905 0.02918036 0.02331498
 0.01950435 0.0403397  0.08324318 0.07483206 0.01575661 0.01352082
 0.05542872 0.04710841 0.04751583 0.01192824 0.04710841 0.07545225
 0.01192824]
[0.02146641 0.04513992 0.04167402 0.04513992 0.04167402 0.07721917
 0.01738282 0.04425866 0.02002434 0.04513992 0.03046942 0.02168205
 0.02112644 0.04167402 0.08705641 0.09938715 0.01351871 0.01245282
 0.04425866 0.0307727  0.06749246 0.01201278 0.0307727  0.07619172
 0.01201278]
[0.02928652 0.04758861 0.04934502 0.04758861 0.04934502 0.08297627
 0.01609867 0.04395234 0.02608333 0.04758861 0.02239748 0.02465108
 0.01892011 0.04934502 0.08355656 0.07982136 0.01741394 0.0127074
 0.04395234 0.03569657 0.05224175 0.01361471 0.03569657 0.05651746
 0.01361471]
[0.02157017 0.03950905 0.0403397  0.03950905 0.0403397  0.09084342
 0.01729377 0.05542873 0.01949517 0.03950905 0.02918036 0.02331498
 0.01950434 0.0403397  0.08324318 0.07483207 0.01575661 0.01352082
 0.05542873 0.04710841 0.04751584 0.01192824 0.04710841 0.07545225
 0.01192824]]