83168
Test: public void test9() throws Throwable { Constant[] constantArray0 = new Constant[7]; ConstantPool constantPool0 = new ConstantPool(constantArray0); StackMapType stackMapType0 = new StackMapType((byte)0, (byte)0, constantPool0); // Undeclared exception!  stackMapType0.dump((DataOutputStream) null);   }
Code: public void dump( final DataOutputStream file ) throws IOException { file.writeByte(type); if (hasIndex()) { file.writeShort(getIndex()); } }
[[0.0464475  0.03687303 0.06442939 0.03654498 0.07678461 0.05785821
 0.07660978 0.11413091 0.02257816 0.05634603 0.06442939 0.12462804
 0.06442939 0.05634603 0.06442939 0.01856763 0.01856763]
[0.03589823 0.02983883 0.07187407 0.02976253 0.06622285 0.05766606
 0.08021477 0.13007401 0.01856681 0.05570912 0.07187407 0.1183695
 0.07187407 0.05570912 0.07187407 0.01723593 0.01723593]
[0.03996445 0.03275549 0.06830455 0.03595554 0.07817759 0.06014425
 0.08371422 0.12809744 0.0245836  0.0544985  0.06830455 0.0960758
 0.06830455 0.0544985  0.06830455 0.01915822 0.01915822]
[0.04050168 0.02905408 0.06697897 0.02628359 0.0630977  0.07312377
 0.07724059 0.11314863 0.0236129  0.06158694 0.06697897 0.13783133
 0.06697897 0.06158694 0.06697897 0.01250801 0.01250801]
[0.04132652 0.02911036 0.06861513 0.04009778 0.07540978 0.07521443
 0.07571029 0.0948908  0.02519519 0.0532915  0.06861513 0.12994164
 0.06861513 0.0532915  0.06861513 0.01602987 0.01602987]
[0.03804518 0.03095692 0.06927425 0.03613245 0.060388   0.05966726
 0.07785951 0.09402308 0.02047023 0.06005349 0.06927425 0.14590289
 0.06927425 0.06005349 0.06927425 0.01967525 0.01967525]
[0.04114236 0.03986472 0.05960628 0.03909565 0.07995833 0.05585001
 0.06353617 0.08727793 0.0247019  0.07659878 0.05960628 0.13711968
 0.05960628 0.07659878 0.05960628 0.01991531 0.0199153 ]
[0.03249143 0.03014641 0.06015978 0.02589332 0.06492828 0.05072228
 0.05622459 0.16729155 0.01899043 0.06966575 0.06015978 0.14499295
 0.06015978 0.06966575 0.06015978 0.01417406 0.01417406]
[0.03615952 0.02822833 0.06931901 0.02982432 0.0556796  0.06630526
 0.06337611 0.14136449 0.01853046 0.05642533 0.06931901 0.14515162
 0.06931901 0.05642533 0.06931901 0.01262681 0.01262681]
[0.04799758 0.04119012 0.06641568 0.04681243 0.06726608 0.06630383
 0.07370807 0.0865925  0.03091868 0.06924046 0.06641568 0.08370903
 0.06641568 0.06924046 0.06641568 0.02567898 0.02567898]
[0.03996445 0.03275549 0.06830455 0.03595554 0.07817759 0.06014425
 0.08371422 0.12809744 0.0245836  0.0544985  0.06830455 0.0960758
 0.06830455 0.0544985  0.06830455 0.01915822 0.01915822]
[0.02837302 0.02028882 0.06966621 0.01951133 0.0586541  0.05914626
 0.0758252  0.16908893 0.01576168 0.05085595 0.06966621 0.15669312
 0.06966621 0.05085595 0.06966621 0.0081404  0.0081404 ]
[0.03996445 0.03275549 0.06830455 0.03595554 0.07817759 0.06014425
 0.08371422 0.12809744 0.0245836  0.0544985  0.06830455 0.0960758
 0.06830455 0.0544985  0.06830455 0.01915822 0.01915822]
[0.04799758 0.04119012 0.06641568 0.04681243 0.06726608 0.06630383
 0.07370807 0.0865925  0.03091868 0.06924046 0.06641568 0.08370903
 0.06641568 0.06924046 0.06641568 0.02567898 0.02567898]
[0.03996445 0.03275549 0.06830455 0.03595554 0.07817759 0.06014425
 0.08371422 0.12809744 0.0245836  0.0544985  0.06830455 0.0960758
 0.06830455 0.0544985  0.06830455 0.01915822 0.01915822]
[0.03114498 0.02803205 0.05974    0.02748148 0.06705308 0.08386712
 0.0756717  0.13182002 0.02329286 0.07140542 0.05974    0.11830126
 0.05974    0.07140542 0.05974    0.01578229 0.01578229]
[0.03114498 0.02803205 0.05974    0.02748148 0.06705306 0.08386712
 0.0756717  0.13182002 0.02329287 0.07140543 0.05974    0.11830125
 0.05974    0.07140543 0.05974    0.01578229 0.01578229]]