141763
Test: public void test27() throws Throwable { JDBCDiskCacheAttributes jDBCDiskCacheAttributes0 = new JDBCDiskCacheAttributes(); SharedPoolDataSourceFactory sharedPoolDataSourceFactory0 = new SharedPoolDataSourceFactory(); String string0 = "?mrUe<TPC_"; jDBCDiskCacheAttributes0.setTableName("?mrUe<TPC_"); TableState tableState0 = new TableState("jcs"); JDBCDiskCache<String, String> jDBCDiskCache0 = new JDBCDiskCache<String, String>(jDBCDiskCacheAttributes0, sharedPoolDataSourceFactory0, tableState0); TableState tableState1 = jDBCDiskCache0.getTableState(); tableState1.toString(); JDBCDiskCache<JDBCDiskCache<Object, Object>, JDBCDiskCache<Object, Integer>> jDBCDiskCache1 = new JDBCDiskCache<JDBCDiskCache<Object, Object>, JDBCDiskCache<Object, Integer>>(jDBCDiskCacheAttributes0, sharedPoolDataSourceFactory0, tableState1); // Undeclared exception!  jDBCDiskCache1.getKeySet();   }
Code: public Set<K> getKeySet() throws IOException { throw new UnsupportedOperationException( "Groups not implemented." ); // return null; }
[[0.04920594 0.03418307 0.06826474 0.11402884 0.02633305 0.06910028
 0.04942166 0.02457631 0.06826474 0.06826474 0.04758263 0.06826474
 0.0643491  0.06826474 0.05458407 0.10358264 0.02172874]
[0.04443199 0.04039041 0.06322598 0.14210793 0.02679188 0.08479807
 0.03847309 0.01910784 0.06322598 0.06322598 0.03538047 0.06322598
 0.05703869 0.06322598 0.05548325 0.12273771 0.01712874]
[0.03934937 0.03800477 0.06513691 0.12787461 0.02759934 0.06536018
 0.04654666 0.03017208 0.06513691 0.06513691 0.03316528 0.06513691
 0.06061354 0.06513691 0.04783781 0.13579318 0.02199867]
[0.03533162 0.03295556 0.05961937 0.16738103 0.02344752 0.09011212
 0.04257433 0.01840309 0.05961937 0.05961937 0.03534304 0.05961937
 0.06818166 0.05961937 0.05867879 0.11218776 0.01730664]
[0.03868494 0.03338509 0.07333703 0.14808676 0.02278963 0.07307556
 0.03944378 0.02043392 0.07333703 0.07333703 0.03284914 0.07333703
 0.06128735 0.07333703 0.05675733 0.09129588 0.0152254 ]
[0.05090799 0.04286354 0.0648188  0.0890591  0.03489134 0.08604895
 0.04671904 0.02779545 0.0648188  0.0648188  0.04836284 0.0648188
 0.05442415 0.0648188  0.05803941 0.10712375 0.02967049]
[0.03871718 0.03615852 0.06268081 0.12422408 0.02483789 0.10431065
 0.04635643 0.02081296 0.06268081 0.06268081 0.03498725 0.06268081
 0.05749314 0.06268081 0.06706545 0.1148143  0.01681805]
[0.04245723 0.03833937 0.06342788 0.13963404 0.03031904 0.08090098
 0.04648174 0.02713879 0.06342788 0.06342788 0.03318899 0.06342788
 0.06604166 0.06342788 0.05984485 0.09530713 0.02320679]
[0.03934937 0.03800477 0.06513691 0.12787461 0.02759934 0.06536018
 0.04654666 0.03017208 0.06513691 0.06513691 0.03316528 0.06513691
 0.06061354 0.06513691 0.04783781 0.13579318 0.02199867]
[0.03934937 0.03800477 0.06513691 0.12787461 0.02759934 0.06536018
 0.04654666 0.03017208 0.06513691 0.06513691 0.03316528 0.06513691
 0.06061354 0.06513691 0.04783781 0.13579318 0.02199867]
[0.03706085 0.04193291 0.0625752  0.09908316 0.03317285 0.08546444
 0.04913469 0.02429963 0.0625752  0.0625752  0.03719163 0.0625752
 0.06930555 0.0625752  0.05632281 0.13118085 0.02297463]
[0.03934937 0.03800477 0.06513691 0.12787461 0.02759934 0.06536018
 0.04654666 0.03017208 0.06513691 0.06513691 0.03316528 0.06513691
 0.06061354 0.06513691 0.04783781 0.13579318 0.02199867]
[0.03600758 0.03477957 0.06463486 0.12609932 0.02928181 0.09482791
 0.04442905 0.0217285  0.06463486 0.06463486 0.03488915 0.06463486
 0.05451354 0.06463486 0.06401853 0.12051865 0.01573212]
[0.03934937 0.03800477 0.06513691 0.12787461 0.02759934 0.06536018
 0.04654666 0.03017208 0.06513691 0.06513691 0.03316528 0.06513691
 0.06061354 0.06513691 0.04783781 0.13579318 0.02199867]
[0.03477027 0.0321167  0.0685282  0.12794566 0.02748019 0.06958675
 0.03990145 0.02063441 0.0685282  0.0685282  0.03970505 0.0685282
 0.07065444 0.0685282  0.05020475 0.12537085 0.01898849]
[0.04535446 0.03440534 0.07603829 0.129188   0.02434376 0.06580895
 0.03699847 0.0216991  0.07603829 0.07603829 0.03752254 0.07603829
 0.06228574 0.07603829 0.05466118 0.08699943 0.02054156]
[0.03391205 0.0266902  0.06235354 0.14235573 0.02838745 0.09330857
 0.04760702 0.01903953 0.06235354 0.06235354 0.03794638 0.06235354
 0.04294971 0.06235354 0.07584468 0.12040825 0.01978279]]