10869
Test: public void test127() throws Throwable { Boolean boolean0 = new Boolean(true); boolean boolean1 = BooleanUtils.toBooleanDefaultIfNull(boolean0, true); }
Code: public static boolean toBooleanDefaultIfNull(final Boolean bool, final boolean valueIfNull) { if (bool == null) { return valueIfNull; } return bool.booleanValue(); }
[[0.03100462 0.09752563 0.07455152 0.0430141  0.10732902 0.0430141
 0.02525191 0.07455152 0.049746   0.04411418 0.08385402 0.02431236
 0.04811294 0.01626845 0.04411418 0.03446428 0.05365908 0.01381688
 0.03446428 0.0430141  0.01381688]
[0.03103478 0.08694776 0.09077416 0.04129778 0.08580136 0.04129778
 0.02348968 0.09077416 0.04720718 0.060024   0.0842814  0.02227886
 0.03864251 0.01635162 0.060024   0.02973369 0.04708956 0.01595914
 0.02973369 0.04129777 0.01595914]
[0.02164439 0.08268019 0.1120322  0.04139441 0.07924662 0.04139441
 0.02070735 0.1120322  0.0510457  0.05442866 0.08037797 0.01569909
 0.03283989 0.01089613 0.05442866 0.03577621 0.05585948 0.01017289
 0.03577622 0.04139441 0.01017289]
[0.02521652 0.0902256  0.09190197 0.04165287 0.08409986 0.04165287
 0.02502546 0.09190197 0.06854802 0.04237865 0.06263724 0.02345563
 0.04734723 0.01812128 0.04237865 0.03066924 0.07200528 0.01422978
 0.03066924 0.04165287 0.01422978]
[0.02839466 0.0951582  0.09776076 0.03771866 0.08040953 0.03771866
 0.0249927  0.09776076 0.03866121 0.05194986 0.08818679 0.02033643
 0.03921448 0.01415627 0.05194986 0.03926126 0.05648538 0.01145234
 0.03926126 0.03771866 0.01145234]
[0.02521652 0.0902256  0.09190197 0.04165287 0.08409986 0.04165287
 0.02502546 0.09190197 0.06854802 0.04237865 0.06263724 0.02345563
 0.04734723 0.01812128 0.04237865 0.03066924 0.07200528 0.01422978
 0.03066924 0.04165287 0.01422978]
[0.02930982 0.08745405 0.0824533  0.04410776 0.08238555 0.04410776
 0.01974503 0.0824533  0.04048221 0.05136585 0.09695635 0.02315297
 0.04307285 0.01292841 0.05136585 0.04267032 0.05913279 0.01003886
 0.04267032 0.04410777 0.01003886]
[0.02164439 0.08268019 0.1120322  0.04139441 0.07924662 0.04139441
 0.02070735 0.1120322  0.0510457  0.05442866 0.08037797 0.01569909
 0.03283989 0.01089613 0.05442866 0.03577621 0.05585948 0.01017289
 0.03577622 0.04139441 0.01017289]
[0.02317689 0.09065892 0.0748039  0.03799402 0.11131842 0.03799402
 0.02397992 0.0748039  0.0648618  0.04991287 0.09615664 0.0210508
 0.04500542 0.01277825 0.04991287 0.03420341 0.05585438 0.01166812
 0.03420341 0.03799403 0.01166812]
[0.0348874  0.08346443 0.07471563 0.04490228 0.07241542 0.04490228
 0.03432624 0.07471563 0.04940965 0.05788947 0.05984989 0.02341304
 0.03691531 0.02220847 0.05788947 0.03991575 0.0631121  0.02012475
 0.03991575 0.04490228 0.02012475]
[0.01772013 0.11821154 0.10237636 0.03880992 0.11643128 0.03880992
 0.01455538 0.10237636 0.05044025 0.04186945 0.10163857 0.01318243
 0.03462252 0.00669466 0.04186945 0.02362843 0.06186531 0.00622981
 0.02362843 0.03880992 0.00622981]
[0.01981267 0.09864282 0.10417557 0.03147509 0.11877178 0.03147509
 0.01940596 0.10417557 0.05372291 0.03941254 0.0822776  0.01683798
 0.04522223 0.01089375 0.03941254 0.03292264 0.06755737 0.00970407
 0.03292265 0.03147509 0.00970407]
[0.01661256 0.10604932 0.12135829 0.02500639 0.0946344  0.02500639
 0.01641763 0.12135829 0.04666298 0.04956559 0.09084404 0.01473812
 0.03986694 0.01068191 0.04956559 0.02779692 0.07134567 0.0098428
 0.02779692 0.02500639 0.0098428 ]
[0.02164069 0.10098071 0.1087379  0.03717609 0.09016096 0.03717609
 0.01842953 0.1087379  0.04264185 0.05301634 0.09704913 0.0185227
 0.03942948 0.01291025 0.05301634 0.02641754 0.05450965 0.00792661
 0.02641754 0.03717609 0.00792661]
[0.0348874  0.08346443 0.07471563 0.04490228 0.07241542 0.04490228
 0.03432624 0.07471563 0.04940965 0.05788947 0.05984989 0.02341304
 0.03691531 0.02220847 0.05788947 0.03991575 0.0631121  0.02012475
 0.03991575 0.04490228 0.02012475]
[0.02080788 0.10028954 0.10041754 0.04025616 0.0949392  0.04025616
 0.0194477  0.10041754 0.04790208 0.04318627 0.08420163 0.01784833
 0.03862492 0.01204594 0.04318627 0.02977971 0.07294134 0.01170797
 0.02977971 0.04025616 0.01170797]
[0.02339039 0.11290085 0.08253594 0.03490047 0.10567209 0.03490047
 0.0216234  0.08253594 0.05874591 0.04438278 0.0978277  0.01722028
 0.04519217 0.01116617 0.04438278 0.03392227 0.06497532 0.00745114
 0.03392227 0.03490047 0.00745114]
[0.02233298 0.09577996 0.07691404 0.0415189  0.081916   0.0415189
 0.02029513 0.07691404 0.04159118 0.05881764 0.08650045 0.01900249
 0.03882284 0.0139517  0.05881764 0.04918735 0.06023514 0.01258866
 0.04918735 0.04151889 0.01258866]
[0.02080788 0.10028954 0.10041754 0.04025616 0.0949392  0.04025616
 0.0194477  0.10041754 0.04790208 0.04318627 0.08420163 0.01784833
 0.03862492 0.01204594 0.04318627 0.02977971 0.07294134 0.01170797
 0.02977971 0.04025616 0.01170797]
[0.02521652 0.0902256  0.09190197 0.04165287 0.08409986 0.04165287
 0.02502546 0.09190197 0.06854802 0.04237865 0.06263724 0.02345563
 0.04734723 0.01812128 0.04237865 0.03066924 0.07200528 0.01422978
 0.03066924 0.04165287 0.01422978]
[0.02233298 0.09577996 0.07691407 0.0415189  0.08191602 0.0415189
 0.02029513 0.07691407 0.04159119 0.05881765 0.08650045 0.01900249
 0.03882284 0.0139517  0.05881765 0.04918736 0.06023514 0.01258866
 0.04918736 0.0415189  0.01258866]]