135037
Test: public void test55() throws Throwable { CharacterReader characterReader0 = new CharacterReader("&nbsp;"); ParseErrorList parseErrorList0 = ParseErrorList.noTracking(); Tokeniser tokeniser0 = new Tokeniser(characterReader0, parseErrorList0); Character character0 = Character.valueOf('Y'); boolean boolean0 = tokeniser0.isAppropriateEndTagToken(); ParseError parseError0 = mock(ParseError.class, new ViolatedAssumptionAnswer()); tokeniser0.emit("&nbsp;"); tokeniser0.read(); tokeniser0.consumeCharacterReference(character0, false); tokeniser0.getState(); String string0 = tokeniser0.appropriateEndTagSeq(); }
Code: String appropriateEndTagSeq() { if (lastStartCloseSeq == null) // reset on start tag emit lastStartCloseSeq = "</" + lastStartTag; return lastStartCloseSeq; }
[[0.04016891 0.04916751 0.05286914 0.10148606 0.04916751 0.04475977
 0.0156723  0.04916751 0.0371604  0.0696395  0.02055456 0.06628986
 0.04916751 0.04916751 0.02364477 0.10461439 0.03016606 0.0491675
 0.0354639  0.0491675  0.01333781]
[0.05040106 0.04585679 0.0437421  0.06766893 0.04585679 0.05208378
 0.0196202  0.04585679 0.04274841 0.06584171 0.01851184 0.08381023
 0.04585679 0.04585679 0.02958108 0.11909234 0.03767444 0.04585679
 0.03337193 0.04585679 0.01485447]
[0.05043494 0.04591727 0.06292665 0.0622987  0.04591727 0.03807211
 0.0227678  0.04591727 0.0486821  0.06628537 0.02235502 0.07713162
 0.04591727 0.04591727 0.03057575 0.09575768 0.03833423 0.04591727
 0.04144725 0.04591727 0.02150992]
[0.04680815 0.04743365 0.04433675 0.11697835 0.04743365 0.04209735
 0.00789871 0.04743365 0.02200899 0.0859141  0.01088223 0.09961548
 0.04743365 0.04743365 0.01626407 0.12400202 0.01709438 0.04743366
 0.02730565 0.04743366 0.00675824]
[0.05040106 0.04585679 0.0437421  0.06766893 0.04585679 0.05208378
 0.0196202  0.04585679 0.04274841 0.06584171 0.01851184 0.08381023
 0.04585679 0.04585679 0.02958108 0.11909234 0.03767444 0.04585679
 0.03337193 0.04585679 0.01485447]
[0.05729003 0.03422771 0.05419165 0.11564767 0.03422771 0.05192917
 0.01363329 0.03422771 0.03241009 0.09483297 0.01633545 0.09730871
 0.03422771 0.03422771 0.02175794 0.13136335 0.0280585  0.03422771
 0.03454646 0.03422771 0.01110079]
[0.04059841 0.04591168 0.06145453 0.11755501 0.04591168 0.04811995
 0.01582647 0.04591168 0.03812124 0.06801763 0.02024258 0.08981156
 0.04591168 0.04591168 0.01704978 0.09860043 0.0221599  0.04591168
 0.03174014 0.04591168 0.00932059]
[0.05040106 0.04585679 0.0437421  0.06766893 0.04585679 0.05208378
 0.0196202  0.04585679 0.04274841 0.06584171 0.01851184 0.08381023
 0.04585679 0.04585679 0.02958108 0.11909234 0.03767444 0.04585679
 0.03337193 0.04585679 0.01485447]
[0.05380855 0.0446903  0.04633923 0.07401486 0.0446903  0.05078079
 0.02200612 0.0446903  0.04396959 0.07766587 0.02834005 0.07299453
 0.0446903  0.0446903  0.02938953 0.10110629 0.02933396 0.0446903
 0.03708272 0.0446903  0.02033583]
[0.0386327  0.04897234 0.04893015 0.09517157 0.04897234 0.04417057
 0.01764559 0.04897234 0.03881402 0.06780995 0.01908732 0.07494553
 0.04897234 0.04897234 0.02283735 0.10692561 0.03398179 0.04897234
 0.03527702 0.04897234 0.01296446]
[0.04288744 0.04779727 0.04694927 0.08594707 0.04779727 0.04798024
 0.01605777 0.04779727 0.04253304 0.07713778 0.01870726 0.07978996
 0.04779727 0.04779727 0.01949712 0.10926354 0.02564797 0.04779727
 0.03844358 0.04779727 0.01457708]
[0.04944794 0.04500839 0.04993633 0.07925001 0.04500839 0.04594847
 0.01577367 0.04500839 0.0387716  0.07815856 0.01767701 0.07969928
 0.04500839 0.04500839 0.02092415 0.1344491  0.02857548 0.0450084
 0.03307907 0.0450084  0.01325057]
[0.05040106 0.04585679 0.0437421  0.06766893 0.04585679 0.05208378
 0.0196202  0.04585679 0.04274841 0.06584171 0.01851184 0.08381023
 0.04585679 0.04585679 0.02958108 0.11909234 0.03767444 0.04585679
 0.03337193 0.04585679 0.01485447]
[0.05040106 0.04585679 0.0437421  0.06766893 0.04585679 0.05208378
 0.0196202  0.04585679 0.04274841 0.06584171 0.01851184 0.08381023
 0.04585679 0.04585679 0.02958108 0.11909234 0.03767444 0.04585679
 0.03337193 0.04585679 0.01485447]
[0.04252514 0.05075981 0.04072266 0.07948202 0.05075981 0.04045929
 0.02286644 0.05075981 0.05039763 0.08009923 0.02505881 0.06082035
 0.05075981 0.05075981 0.0298111  0.08358397 0.03178964 0.05075981
 0.03942979 0.05075981 0.01763529]
[0.04593981 0.04911161 0.05858302 0.09377067 0.04911161 0.04533318
 0.01234091 0.04911161 0.03453005 0.07478284 0.01950713 0.08046713
 0.04911161 0.04911161 0.02190741 0.09633233 0.02175733 0.04911161
 0.04031909 0.04911161 0.01064785]
[0.05192913 0.04488639 0.0448956  0.08563623 0.04488639 0.04188721
 0.0177143  0.04488639 0.04075982 0.07668582 0.02522308 0.09188897
 0.04488639 0.04488639 0.0234994  0.10460892 0.02734158 0.04488639
 0.03821406 0.04488639 0.01551115]
[0.05040106 0.04585679 0.0437421  0.06766893 0.04585679 0.05208378
 0.0196202  0.04585679 0.04274841 0.06584171 0.01851184 0.08381023
 0.04585679 0.04585679 0.02958108 0.11909234 0.03767444 0.04585679
 0.03337193 0.04585679 0.01485447]
[0.05134249 0.04582971 0.04444563 0.09469298 0.04582971 0.04448775
 0.01353079 0.04582971 0.03647779 0.06784222 0.01882941 0.08708544
 0.04582971 0.04582971 0.02237425 0.12098189 0.03158906 0.04582971
 0.03331497 0.04582971 0.01219742]
[0.05040106 0.04585679 0.0437421  0.06766893 0.04585679 0.05208378
 0.0196202  0.04585679 0.04274841 0.06584171 0.01851184 0.08381023
 0.04585679 0.04585679 0.02958108 0.11909234 0.03767444 0.04585679
 0.03337193 0.04585679 0.01485447]
[0.04434854 0.04487935 0.06466803 0.09400931 0.04487935 0.0421812
 0.01510289 0.04487935 0.03949094 0.08456764 0.01357776 0.07240135
 0.04487935 0.04487935 0.02216564 0.09926111 0.02666954 0.04487935
 0.05360097 0.04487935 0.01379965]]