164210
Test: public void test10() throws Throwable { BaseProxyHandler<String> baseProxyHandler0 = new BaseProxyHandler<String>("yOokhO0[:C^@My&k, B", (UsageTracking<String>) null); String string0 = baseProxyHandler0.disableProxy(); }
Code: T disableProxy() { final T result = pooledObject; pooledObject = null; return result; }
[[0.03368452 0.09537496 0.08891764 0.0538876  0.03368452 0.06866529
 0.04872289 0.09537496 0.09537496 0.0487229  0.14487839 0.06768523
 0.09969617 0.02532999]
[0.03315796 0.08630442 0.07619064 0.04791513 0.03315796 0.05109391
 0.05394867 0.08630442 0.08630441 0.05394867 0.17696905 0.06198072
 0.12647556 0.02624844]
[0.03433387 0.084437   0.10223199 0.0629475  0.03433387 0.04616258
 0.05336142 0.084437   0.08443701 0.05336141 0.1380999  0.07394169
 0.1117243  0.03619046]
[0.03549949 0.09962881 0.10501195 0.04211722 0.03549949 0.05253388
 0.04923058 0.09962881 0.09962881 0.04923057 0.13011923 0.09229685
 0.08873468 0.02083972]
[0.03368452 0.09537496 0.08891764 0.0538876  0.03368452 0.06866529
 0.04872289 0.09537496 0.09537496 0.0487229  0.14487839 0.06768523
 0.09969617 0.02532999]
[0.02966827 0.10636137 0.09758548 0.04926795 0.02966827 0.05669008
 0.03659482 0.10636137 0.10636139 0.03659481 0.14671364 0.07354532
 0.1005416  0.02404568]
[0.03816256 0.09807329 0.07628927 0.05830421 0.03816256 0.04244351
 0.05688635 0.09807329 0.0980733  0.05688635 0.11334224 0.07568781
 0.11612865 0.03348658]
[0.03315796 0.08630442 0.07619064 0.04791513 0.03315796 0.05109391
 0.05394867 0.08630442 0.08630441 0.05394867 0.17696905 0.06198072
 0.12647556 0.02624844]
[0.03315796 0.08630442 0.07619064 0.04791513 0.03315796 0.05109391
 0.05394867 0.08630442 0.08630441 0.05394867 0.17696905 0.06198072
 0.12647556 0.02624844]
[0.03816256 0.09807329 0.07628927 0.05830421 0.03816256 0.04244351
 0.05688635 0.09807329 0.0980733  0.05688635 0.11334224 0.07568781
 0.11612865 0.03348658]
[0.03823708 0.10614871 0.08460104 0.05397017 0.03823708 0.06310872
 0.04110228 0.10614871 0.10614871 0.04110228 0.12110487 0.07499826
 0.09807485 0.02701725]
[0.02622348 0.09480271 0.08463146 0.04167711 0.02622348 0.06234977
 0.04479791 0.09480271 0.09480271 0.0447979  0.1737392  0.06800475
 0.11966743 0.02347935]
[0.03560646 0.08873066 0.10508545 0.05306268 0.03560646 0.05329095
 0.04181542 0.08873066 0.08873066 0.04181542 0.1555381  0.07980724
 0.10960364 0.02257623]
[0.0332635  0.09085419 0.11444508 0.04255556 0.0332635  0.03864732
 0.04231344 0.09085419 0.09085419 0.04231344 0.16478686 0.10197438
 0.08884108 0.02503322]]