14613
Test: public void test66() throws Throwable { Object object0 = new Object(); String[] stringArray0 = new String[0]; ReflectionToStringBuilder.toStringExclude(object0, stringArray0); }
Code: public static String toStringExclude(final Object object, final Collection<String> excludeFieldNames) { return toStringExclude(object, toNoNullStringArray(excludeFieldNames)); }
[[0.05267186 0.15277378 0.06800391 0.07306698 0.04059934 0.11457355
 0.04192497 0.09013412 0.07306698 0.06755693 0.05763707 0.07306698
 0.07306699 0.02185665]
[0.05233515 0.14193404 0.07765478 0.07022624 0.03632437 0.09312382
 0.03889699 0.10757963 0.07022624 0.09570893 0.0497634  0.07022624
 0.07022625 0.02577397]
[0.05326102 0.15859345 0.06158101 0.07539085 0.03718662 0.10447438
 0.04076789 0.09019332 0.07539084 0.07859823 0.05382781 0.07539084
 0.07539085 0.01995287]
[0.04338935 0.15392633 0.0785502  0.07190073 0.03435682 0.10725634
 0.04268879 0.10369776 0.07190073 0.07164911 0.05273816 0.07190073
 0.07190074 0.0241443 ]
[0.04983072 0.14643368 0.08298878 0.06522347 0.03487778 0.10323253
 0.03580727 0.10385618 0.06522348 0.10203747 0.06100436 0.06522348
 0.06522349 0.01903737]
[0.04432166 0.13526987 0.08990452 0.06786212 0.0347378  0.10080564
 0.04440959 0.1164735  0.06786212 0.08332486 0.05562427 0.06786212
 0.06786213 0.02367982]
[0.04774509 0.14244048 0.07210726 0.07189414 0.03452514 0.1114856
 0.03215701 0.10250621 0.07189414 0.08360614 0.06950721 0.07189414
 0.07189415 0.01634325]
[0.03967538 0.15798408 0.07131407 0.07084975 0.03316353 0.10676728
 0.04829573 0.10391781 0.07084974 0.07729104 0.05964515 0.07084974
 0.07084975 0.01854698]
[0.04338935 0.15392633 0.0785502  0.07190073 0.03435682 0.10725634
 0.04268879 0.10369776 0.07190073 0.07164911 0.05273816 0.07190073
 0.07190074 0.0241443 ]
[0.05454521 0.12883557 0.07904331 0.07119002 0.03248285 0.09100404
 0.05357998 0.09372048 0.07119003 0.08829532 0.06269602 0.07119003
 0.07119004 0.03103714]
[0.03585138 0.1630755  0.08196315 0.07241648 0.0337126  0.12339621
 0.03268224 0.10034128 0.07241648 0.06815307 0.05238309 0.07241648
 0.0724165  0.0187756 ]
[0.04338935 0.15392633 0.0785502  0.07190073 0.03435682 0.10725634
 0.04268879 0.10369776 0.07190073 0.07164911 0.05273816 0.07190073
 0.07190074 0.0241443 ]
[0.04338935 0.1539263  0.07855017 0.07190073 0.03435682 0.10725632
 0.04268878 0.10369778 0.07190073 0.07164911 0.05273816 0.07190073
 0.07190073 0.0241443 ]
[0.0359609  0.15266727 0.0658608  0.0670867  0.03673721 0.10383058
 0.03257572 0.11179284 0.0670867  0.09336716 0.07881432 0.0670867
 0.06708671 0.02004636]]