40059
Test: public void test46() throws Throwable { MonthDay monthDay0 = new MonthDay(); MonthDay monthDay1 = monthDay0.plusMonths(1); boolean boolean0 = monthDay0.isBefore(monthDay1); }
Code: public boolean isBefore(ReadablePartial partial) { if (partial == null) { throw new IllegalArgumentException("Partial cannot be null"); } return compareTo(partial) < 0; }
[[0.03785712 0.09533285 0.05251674 0.05251674 0.0495384  0.1019464
 0.05251674 0.05998068 0.0204485  0.0495384  0.03824553 0.01915835
 0.05251674 0.02283321 0.03229666 0.0563172  0.01592418 0.04154717
 0.05251674 0.02993384 0.05059363 0.01592418]
[0.02760057 0.15405686 0.05371452 0.05371452 0.06234862 0.10000443
 0.05371452 0.04218238 0.01384092 0.06234862 0.02632138 0.0119036
 0.05371452 0.02086654 0.03882054 0.03748299 0.01196015 0.04340006
 0.05371452 0.01998734 0.0463422  0.01196015]
[0.03172234 0.11912362 0.05293391 0.05293391 0.0503563  0.07805188
 0.05293391 0.06011995 0.02263274 0.0503563  0.03747826 0.02412024
 0.05293391 0.02849398 0.04064553 0.04004071 0.01710895 0.03850385
 0.05293391 0.02707611 0.05239076 0.01710894]
[0.03172234 0.11912362 0.05293391 0.05293391 0.0503563  0.07805188
 0.05293391 0.06011995 0.02263274 0.0503563  0.03747826 0.02412024
 0.05293391 0.02849398 0.04064553 0.04004071 0.01710895 0.03850385
 0.05293391 0.02707611 0.05239076 0.01710894]
[0.03928556 0.08648124 0.05143303 0.05143303 0.06323665 0.0676516
 0.05143303 0.04201879 0.02539132 0.06323665 0.03590713 0.02190856
 0.05143303 0.03293291 0.04107431 0.05144462 0.02228521 0.04520274
 0.05143303 0.0311079  0.0513845  0.02228521]
[0.0245434  0.1528772  0.0561473  0.0561473  0.05284399 0.13885164
 0.0561473  0.04984229 0.00936475 0.05284399 0.02388155 0.00954645
 0.0561473  0.01294388 0.03360254 0.03932284 0.00804513 0.03240517
 0.05614731 0.01469257 0.05561086 0.00804512]
[0.03172234 0.11912362 0.05293391 0.05293391 0.0503563  0.07805188
 0.05293391 0.06011995 0.02263274 0.0503563  0.03747826 0.02412024
 0.05293391 0.02849398 0.04064553 0.04004071 0.01710895 0.03850385
 0.05293391 0.02707611 0.05239076 0.01710894]
[0.0233497  0.19032943 0.03739719 0.03739719 0.06248974 0.1284459
 0.03739719 0.05737186 0.01513303 0.06248974 0.02897602 0.01560964
 0.03739719 0.01658058 0.03601621 0.03814404 0.01269853 0.03858657
 0.03739719 0.02021281 0.05388173 0.01269853]
[0.02792952 0.1492511  0.04968498 0.04968498 0.06481342 0.12624891
 0.04968498 0.05183288 0.01707776 0.06481342 0.02644002 0.01138013
 0.04968498 0.02145912 0.03075274 0.04060727 0.00988937 0.03397625
 0.04968499 0.01989465 0.04531913 0.00988937]
[0.03928556 0.08648124 0.05143303 0.05143303 0.06323665 0.0676516
 0.05143303 0.04201879 0.02539132 0.06323665 0.03590713 0.02190856
 0.05143303 0.03293291 0.04107431 0.05144462 0.02228521 0.04520274
 0.05143303 0.0311079  0.0513845  0.02228521]
[0.02951692 0.10931147 0.04891649 0.04891649 0.07205321 0.10161436
 0.04891649 0.04506922 0.01735942 0.07205321 0.03498266 0.01613161
 0.04891649 0.02539946 0.04062206 0.04489335 0.01218548 0.05017583
 0.04891649 0.0230394  0.04882442 0.01218547]
[0.03176886 0.11544485 0.0489001  0.0489001  0.05710627 0.10820176
 0.0489001  0.05893011 0.01796163 0.05710627 0.03552827 0.02070076
 0.0489001  0.02319088 0.04142983 0.04226691 0.01661263 0.04468351
 0.0489001  0.02678805 0.04116619 0.01661263]
[0.03172234 0.11912362 0.05293391 0.05293391 0.0503563  0.07805188
 0.05293391 0.06011995 0.02263274 0.0503563  0.03747826 0.02412024
 0.05293391 0.02849398 0.04064553 0.04004071 0.01710895 0.03850385
 0.05293391 0.02707611 0.05239076 0.01710894]
[0.03073971 0.1377557  0.04626649 0.04626649 0.06403624 0.10182272
 0.04626649 0.04600706 0.01765391 0.06403624 0.02905719 0.01833145
 0.04626649 0.02202999 0.04497887 0.03871857 0.01334522 0.04926375
 0.04626648 0.0270813  0.05046438 0.01334522]
[0.03132367 0.11531071 0.05642656 0.05642656 0.04822824 0.10547231
 0.05642656 0.05076135 0.01921642 0.04822824 0.02870704 0.01474116
 0.05642656 0.01726464 0.04222608 0.0551528  0.01613737 0.0348378
 0.05642656 0.02157284 0.05254904 0.01613737]
[0.03682448 0.14120728 0.04076324 0.04076324 0.05498732 0.11169048
 0.04076324 0.05352062 0.01819223 0.05498732 0.0358997  0.0178156
 0.04076324 0.0209207  0.03371219 0.06236175 0.01310777 0.04254816
 0.04076324 0.02222187 0.06307849 0.01310777]
[0.02603297 0.09065826 0.04868405 0.04868405 0.0669071  0.10046819
 0.04868405 0.04511398 0.01631789 0.0669071  0.03554287 0.01459067
 0.04868405 0.02785439 0.05081438 0.05125831 0.01439788 0.05685797
 0.04868405 0.02226042 0.05619953 0.01439788]
[0.02648002 0.14120966 0.05321979 0.05321979 0.05088555 0.10978262
 0.05321979 0.05174078 0.01568447 0.05088555 0.03050996 0.01582469
 0.05321979 0.02433259 0.03573252 0.0447767  0.01398998 0.0385965
 0.05321979 0.0213848  0.0480947  0.01398998]
[0.03172234 0.11912362 0.05293391 0.05293391 0.0503563  0.07805188
 0.05293391 0.06011995 0.02263274 0.0503563  0.03747826 0.02412024
 0.05293391 0.02849398 0.04064553 0.04004071 0.01710895 0.03850385
 0.05293391 0.02707611 0.05239076 0.01710894]
[0.03004953 0.09357741 0.04855683 0.04855683 0.05919331 0.0940125
 0.04855683 0.05508862 0.02129743 0.05919331 0.0495421  0.01936987
 0.04855683 0.02018919 0.03997234 0.04408213 0.01820042 0.0537707
 0.04855684 0.02881943 0.05265706 0.01820042]
[0.03312204 0.12033503 0.04756193 0.04756193 0.05525511 0.11036313
 0.04756193 0.04642837 0.01545667 0.05525511 0.03391576 0.01521853
 0.04756193 0.02620655 0.04074989 0.0562185  0.0149443  0.0407201
 0.04756193 0.02760446 0.05545249 0.01494429]
[0.02603297 0.09065828 0.04868405 0.04868405 0.06690711 0.10046817
 0.04868405 0.04511398 0.01631789 0.06690711 0.03554287 0.01459067
 0.04868405 0.0278544  0.05081437 0.0512583  0.01439788 0.05685797
 0.04868405 0.02226042 0.05619953 0.01439788]]