34455
Test: public void test61() throws Throwable { Parser parser0 = new Parser("8G`E>rHxN#XBSvQq\""); ASTBlock aSTBlock0 = new ASTBlock(1369); parser0.pushUnit(aSTBlock0);  parser0.ForeachStatement();   }
Code: protected void pushUnit(final LexicalUnit unit) { if (block != null) { blocks.push(block); } block = unit; }
[[0.08910497 0.03761791 0.07390996 0.07390996 0.07390996 0.08411872
 0.14552253 0.01546105 0.02518452 0.01927541 0.08411872 0.07390996
 0.01719659 0.05993552 0.03571765 0.07390996 0.01719659]
[0.10114921 0.03589451 0.07804002 0.07804002 0.07804002 0.07293365
 0.13530475 0.01319134 0.02580599 0.02043433 0.07293365 0.07804002
 0.02210389 0.05453282 0.03341193 0.07804002 0.02210388]
[0.10394124 0.03853887 0.0740004  0.0740004  0.0740004  0.06736988
 0.10777441 0.02177038 0.02844227 0.03129719 0.06736988 0.0740004
 0.02307486 0.07051291 0.04683128 0.0740004  0.02307486]
[0.10394124 0.03853887 0.0740004  0.0740004  0.0740004  0.06736988
 0.10777441 0.02177038 0.02844227 0.03129719 0.06736988 0.0740004
 0.02307486 0.07051291 0.04683128 0.0740004  0.02307486]
[0.10394124 0.03853887 0.0740004  0.0740004  0.0740004  0.06736988
 0.10777441 0.02177038 0.02844227 0.03129719 0.06736988 0.0740004
 0.02307486 0.07051291 0.04683128 0.0740004  0.02307486]
[0.10485102 0.04568081 0.0681249  0.0681249  0.0681249  0.08482671
 0.08992074 0.02144505 0.03718157 0.03364813 0.08482671 0.0681249
 0.0297839  0.05387626 0.04355074 0.0681249  0.0297839 ]
[0.09565051 0.02622641 0.0790094  0.0790094  0.0790094  0.07443675
 0.19546957 0.00751907 0.01354721 0.01318104 0.07443675 0.0790094
 0.01133042 0.05463389 0.02719099 0.0790094  0.01133042]
[0.11704379 0.03981144 0.07751126 0.07751126 0.07751126 0.06673748
 0.13582008 0.01346114 0.02618365 0.02328787 0.06673748 0.07751126
 0.02020838 0.04873203 0.03421199 0.07751126 0.02020838]
[0.10850652 0.02728942 0.07040996 0.07040996 0.07040996 0.08812565
 0.15514724 0.01120124 0.01668169 0.02087337 0.08812565 0.07040996
 0.01597435 0.06712528 0.03292543 0.07040996 0.01597435]
[0.08700375 0.02943262 0.07051439 0.07051439 0.07051439 0.08816393
 0.17699097 0.01388861 0.02151808 0.02412564 0.08816393 0.07051439
 0.0135898  0.06568906 0.02527185 0.07051439 0.0135898 ]
[0.10485102 0.04568081 0.0681249  0.0681249  0.0681249  0.08482671
 0.08992074 0.02144505 0.03718157 0.03364813 0.08482671 0.0681249
 0.0297839  0.05387626 0.04355074 0.0681249  0.0297839 ]
[0.10394124 0.03853887 0.0740004  0.0740004  0.0740004  0.06736988
 0.10777441 0.02177038 0.02844227 0.03129719 0.06736988 0.0740004
 0.02307486 0.07051291 0.04683128 0.0740004  0.02307486]
[0.08084191 0.03427301 0.06869446 0.06869446 0.06869446 0.09575804
 0.14239231 0.01869291 0.02703059 0.02305218 0.09575804 0.06869446
 0.0205538  0.06419455 0.03342657 0.06869446 0.0205538 ]
[0.0960824  0.03866408 0.06932034 0.06932034 0.06932034 0.08754768
 0.1680992  0.01619103 0.02603268 0.02153087 0.08754768 0.06932034
 0.0176809  0.04337891 0.03296196 0.06932034 0.01768089]
[0.08419214 0.04383291 0.07583109 0.07583109 0.07583109 0.0610682
 0.11879448 0.02063721 0.04500652 0.03411841 0.0610682  0.07583109
 0.02640258 0.05471698 0.04460439 0.07583109 0.02640258]
[0.10394124 0.03853887 0.0740004  0.0740004  0.0740004  0.06736988
 0.10777441 0.02177038 0.02844227 0.03129719 0.06736988 0.0740004
 0.02307486 0.07051291 0.04683128 0.0740004  0.02307486]
[0.08084191 0.03427301 0.06869446 0.06869446 0.06869446 0.09575804
 0.1423923  0.01869291 0.02703059 0.02305219 0.09575804 0.06869446
 0.0205538  0.06419455 0.03342656 0.06869446 0.0205538 ]]