134839
Test: public void test20() throws Throwable { Range.Position range_Position0 = new Range.Position(0, 0, 0); Range range0 = new Range(range_Position0, range_Position0); Parser parser0 = Parser.htmlParser(); Document document0 = parser0.parseInput("jsoup.sourceRange", ">m/&p"); range0.track(document0, false); }
Code: public void track(Node node, boolean start) { node.attributes().putUserData(start ? RangeKey : EndRangeKey, this); }
[[0.05004434 0.04167848 0.06943366 0.10785194 0.11520673 0.02899995
 0.07635624 0.06943366 0.08013164 0.06943367 0.05021748 0.06943367
 0.14834961 0.02342892]
[0.03712656 0.03669141 0.06581911 0.13374442 0.13273294 0.0202357
 0.08436029 0.06581911 0.06865523 0.06581911 0.03824759 0.06581911
 0.16006456 0.02486477]
[0.03907602 0.0380661  0.06350271 0.10515271 0.13556139 0.03011681
 0.07143922 0.06350271 0.08250702 0.06350271 0.03892879 0.06350271
 0.18154451 0.02359649]
[0.02985809 0.03594683 0.05374723 0.15553044 0.14621697 0.02096644
 0.10099369 0.05374723 0.09029998 0.05374724 0.03629367 0.05374724
 0.14807588 0.02082902]
[0.03752751 0.03292444 0.0692205  0.11687315 0.16351591 0.01550293
 0.11374162 0.0692205  0.07480009 0.06922051 0.03164761 0.06922051
 0.11616868 0.02041604]
[0.04572549 0.03882211 0.06076597 0.12562229 0.13115735 0.02347475
 0.09574154 0.06076597 0.09433529 0.06076597 0.04198562 0.06076597
 0.14034832 0.01972337]
[0.05458576 0.04878334 0.06564291 0.12152773 0.104463   0.03155425
 0.10091697 0.06564291 0.06298119 0.06564292 0.04642724 0.06564292
 0.13270473 0.03348421]
[0.03907602 0.0380661  0.06350271 0.10515271 0.13556139 0.03011681
 0.07143922 0.06350271 0.08250702 0.06350271 0.03892879 0.06350271
 0.18154451 0.02359649]
[0.03807262 0.02854542 0.05791482 0.13460305 0.1444647  0.01240597
 0.11220934 0.05791482 0.07418985 0.05791481 0.04520699 0.05791481
 0.15805717 0.0205856 ]
[0.03907602 0.0380661  0.06350271 0.10515271 0.13556139 0.03011681
 0.07143922 0.06350271 0.08250702 0.06350271 0.03892879 0.06350271
 0.18154451 0.02359649]
[0.05335693 0.04305679 0.06302279 0.10349503 0.12368211 0.03011381
 0.09310514 0.06302279 0.10430191 0.06302278 0.0393519  0.06302278
 0.12657532 0.03086993]
[0.03907602 0.0380661  0.06350271 0.10515271 0.13556139 0.03011681
 0.07143922 0.06350271 0.08250702 0.06350271 0.03892879 0.06350271
 0.18154451 0.02359649]
[0.04453769 0.0289309  0.05841208 0.10245466 0.170244   0.02430546
 0.10004843 0.05841208 0.07408789 0.05841208 0.04637785 0.05841208
 0.15497246 0.02039227]
[0.03650828 0.03679863 0.06314248 0.11827274 0.10920343 0.02078513
 0.1234652  0.06314248 0.07784637 0.06314248 0.04165352 0.06314248
 0.15775633 0.02514042]]