10575
Test: public void test6() throws Throwable { // Undeclared exception!  ClassUtils.getAbbreviatedName(",pkqh]{1:+L9Ek%O", (-41));   }
Code: public static String getAbbreviatedName(final Class<?> cls, final int lengthHint) { if (cls == null) { return StringUtils.EMPTY; } return getAbbreviatedName(cls.getName(), lengthHint); }
[[0.0328111  0.10010604 0.04196211 0.04551861 0.0177147  0.10553269
 0.02648913 0.02052579 0.04551861 0.04490938 0.08855893 0.03835113
 0.05142263 0.01745617 0.04490938 0.0362531  0.08620321 0.01423354
 0.0362531  0.04551861 0.04551861 0.01423353]
[0.03333676 0.09222846 0.04888285 0.0445066  0.01460899 0.09909367
 0.02505394 0.01694251 0.0445066  0.06310267 0.09054185 0.04049172
 0.04172225 0.01755195 0.06310267 0.03184505 0.07790492 0.01685917
 0.03184505 0.04450659 0.04450661 0.01685917]
[0.03331649 0.10211017 0.0381185  0.04664998 0.01409313 0.10556455
 0.02591744 0.0176772  0.04664998 0.05148277 0.09671713 0.04303921
 0.04257523 0.0149007  0.05148277 0.03394264 0.08267623 0.01292164
 0.03394264 0.04664998 0.04664999 0.01292164]
[0.02789343 0.09997328 0.0501239  0.04604512 0.01616598 0.09296662
 0.02772977 0.01779616 0.04604512 0.04704041 0.06932773 0.0411697
 0.05234275 0.02005401 0.04704041 0.0339293  0.10676865 0.01578405
 0.03392929 0.04604512 0.04604513 0.01578404]
[0.02580553 0.09824617 0.03789408 0.04196376 0.01339948 0.11672197
 0.02592151 0.01545752 0.04196376 0.05062937 0.08034353 0.0397943
 0.05186021 0.01487487 0.05062937 0.04276382 0.09589197 0.01457372
 0.04276381 0.04196376 0.04196376 0.01457372]
[0.02354708 0.0987765  0.04341813 0.04050133 0.0136491  0.10944262
 0.02132762 0.0146603  0.04050133 0.05728191 0.090635   0.03535647
 0.05210342 0.01646668 0.05728191 0.03812455 0.1048963  0.01145121
 0.03812454 0.04050133 0.04050133 0.01145121]
[0.03082494 0.09169497 0.04713783 0.04698651 0.01354831 0.096787
 0.0206663  0.0135179  0.04698651 0.05308836 0.10235089 0.03497946
 0.04545138 0.01370584 0.05308836 0.04485054 0.08466662 0.01042233
 0.04485055 0.04698652 0.04698652 0.01042233]
[0.02010318 0.12527063 0.03909018 0.05169758 0.01104828 0.09465183
 0.02736154 0.01452281 0.05169758 0.0453546  0.11598301 0.03090555
 0.05070373 0.01220497 0.0453546  0.0324324  0.07618132 0.00980432
 0.03243239 0.05169759 0.0516976  0.00980432]
[0.02789343 0.09997328 0.0501239  0.04604512 0.01616598 0.09296662
 0.02772977 0.01779616 0.04604512 0.04704041 0.06932773 0.0411697
 0.05234275 0.02005401 0.04704041 0.0339293  0.10676865 0.01578405
 0.03392929 0.04604512 0.04604513 0.01578404]
[0.03553348 0.08536095 0.05027522 0.04552497 0.01771747 0.09932455
 0.03498051 0.01679003 0.04552497 0.05942976 0.06089664 0.04065743
 0.037491   0.02252779 0.05942976 0.04059374 0.07512225 0.02058784
 0.04059374 0.04552498 0.04552498 0.02058784]
[0.01864223 0.12853065 0.03921416 0.03995992 0.01087094 0.20086202
 0.01575129 0.00891364 0.03995992 0.04591849 0.10762647 0.03146168
 0.03573819 0.00700951 0.04591849 0.02497482 0.0802209  0.006766
 0.02497483 0.03995992 0.03995993 0.006766  ]
[0.02436364 0.12180445 0.0333878  0.04258131 0.01255164 0.12530515
 0.02114555 0.01495296 0.04258131 0.05319409 0.10618705 0.03656571
 0.04152903 0.01139838 0.05319409 0.03238582 0.0907819  0.00927086
 0.03238582 0.04258131 0.04258131 0.00927086]
[0.01857923 0.11631136 0.04790526 0.02842411 0.00954791 0.16632153
 0.01813844 0.01085291 0.02842411 0.05397429 0.10175319 0.03395995
 0.04485841 0.0119707  0.05397429 0.0309894  0.11462307 0.01077709
 0.03098941 0.02842411 0.02842412 0.01077709]
[0.02317797 0.10742676 0.03562808 0.04005996 0.01203274 0.16952805
 0.0197001  0.01186855 0.04005996 0.0562681  0.10408524 0.03618351
 0.04236508 0.01388659 0.0562681  0.0282773  0.07790434 0.00844114
 0.0282773  0.04005996 0.04005997 0.00844114]
[0.03553348 0.08536095 0.05027522 0.04552497 0.01771747 0.09932455
 0.03498051 0.01679003 0.04552497 0.05942976 0.06089664 0.04065743
 0.037491   0.02252779 0.05942976 0.04059374 0.07512225 0.02058784
 0.04059374 0.04552498 0.04552498 0.02058784]
[0.02225785 0.10652186 0.04701109 0.04329911 0.0180721  0.15344393
 0.02073866 0.01283873 0.04329911 0.04570898 0.0903831  0.04052946
 0.04162551 0.01292774 0.04570898 0.03193837 0.08032852 0.01241515
 0.03193838 0.04329911 0.04329912 0.01241515]
[0.02205992 0.12528747 0.04698199 0.03758583 0.0109707  0.12932813
 0.02423123 0.01432069 0.03758583 0.05927835 0.10262498 0.02956072
 0.04090345 0.01270187 0.05927835 0.03370374 0.08616714 0.00927708
 0.03370375 0.03758583 0.03758584 0.00927708]
[0.02290843 0.0969191  0.04195789 0.04278673 0.01375518 0.10769055
 0.02072959 0.01733087 0.04278673 0.05918945 0.08847836 0.03376942
 0.03972589 0.01434903 0.05918945 0.05012414 0.08716758 0.01272203
 0.05012413 0.04278673 0.04278674 0.01272203]
[0.02225785 0.10652186 0.04701109 0.04329911 0.0180721  0.15344393
 0.02073866 0.01283873 0.04329911 0.04570898 0.0903831  0.04052946
 0.04162551 0.01292774 0.04570898 0.03193837 0.08032852 0.01241515
 0.03193838 0.04329911 0.04329912 0.01241515]
[0.02789343 0.09997328 0.0501239  0.04604512 0.01616598 0.09296662
 0.02772977 0.01779616 0.04604512 0.04704041 0.06932773 0.0411697
 0.05234275 0.02005401 0.04704041 0.0339293  0.10676865 0.01578405
 0.03392929 0.04604512 0.04604513 0.01578404]
[0.02789343 0.09997327 0.05012389 0.04604512 0.01616598 0.0929666
 0.02772977 0.01779616 0.04604512 0.04704042 0.06932773 0.0411697
 0.05234274 0.02005401 0.04704042 0.0339293  0.10676865 0.01578405
 0.0339293  0.04604512 0.04604512 0.01578405]
[0.02290843 0.09691909 0.0419579  0.04278673 0.01375518 0.10769052
 0.02072959 0.01733087 0.04278673 0.05918946 0.08847834 0.03376942
 0.03972589 0.01434904 0.05918946 0.05012414 0.08716757 0.01272203
 0.05012414 0.04278673 0.04278674 0.01272203]]