12925
Test: public void test1189() throws Throwable { StrTokenizer strTokenizer0 = new StrTokenizer("StrTokenizer", ""); String string0 = strTokenizer0.getContent(); }
Code: public String getContent() { if (chars == null) { return null; } return new String(chars); }
[[0.04598656 0.05889572 0.06379627 0.06235281 0.12406009 0.16078524
 0.07224002 0.02454553 0.06235281 0.05073784 0.09695098 0.01981996
 0.05073784 0.02312212 0.06379627 0.01981996]
[0.04852832 0.0564381  0.06910834 0.06971922 0.14115945 0.13809809
 0.06253991 0.02192117 0.06971922 0.04882266 0.09958892 0.01781968
 0.04882266 0.02078628 0.06910834 0.01781968]
[0.03842788 0.07036956 0.06405967 0.06135193 0.09463926 0.14863169
 0.07276204 0.02743636 0.06135193 0.04665215 0.13271707 0.02081958
 0.04665215 0.02924946 0.06405967 0.02081958]
[0.04884389 0.07136405 0.06415658 0.07815227 0.08417335 0.12692438
 0.0523505  0.03166146 0.07815227 0.05626218 0.10500013 0.02761654
 0.05626218 0.02730713 0.06415658 0.02761654]
[0.02865512 0.06313625 0.06410646 0.06480936 0.16327637 0.19932835
 0.05705067 0.01087783 0.06480936 0.0380284  0.11302242 0.00974574
 0.0380284  0.01127304 0.06410646 0.00974574]
[0.04625091 0.06363218 0.06412264 0.07209213 0.10392681 0.16537675
 0.05822492 0.02406278 0.07209213 0.05148666 0.10852668 0.01703292
 0.05148666 0.02053026 0.06412264 0.01703292]
[0.02821381 0.07676829 0.04584705 0.07340355 0.15542614 0.15975891
 0.06971528 0.0183204  0.07340355 0.0464831  0.11153637 0.01501084
 0.0464831  0.01877173 0.04584705 0.01501084]
[0.03589331 0.05769854 0.06612456 0.07848454 0.16357595 0.12994507
 0.06787179 0.02250129 0.07848454 0.04350659 0.10708463 0.01225519
 0.04350659 0.01468761 0.06612456 0.01225519]
[0.04884389 0.07136405 0.06415658 0.07815227 0.08417335 0.12692438
 0.0523505  0.03166146 0.07815227 0.05626218 0.10500013 0.02761654
 0.05626218 0.02730713 0.06415658 0.02761654]
[0.03095883 0.06711051 0.06096309 0.06206772 0.12668952 0.19908866
 0.05885651 0.01811295 0.06206772 0.04468273 0.11152644 0.01693133
 0.04468273 0.01836682 0.06096309 0.01693133]
[0.04471949 0.07369646 0.07460347 0.06268589 0.12571478 0.14676034
 0.06277552 0.01929685 0.06268589 0.0532911  0.08526835 0.01972462
 0.0532911  0.02115809 0.07460347 0.01972462]
[0.03337634 0.06119037 0.06374715 0.07809711 0.1271226  0.10736185
 0.05718623 0.02117505 0.07809711 0.07067552 0.11453034 0.01717617
 0.07067552 0.01866534 0.06374715 0.01717617]
[0.03095883 0.06711051 0.06096309 0.06206772 0.12668952 0.19908866
 0.05885651 0.01811295 0.06206772 0.04468273 0.11152644 0.01693133
 0.04468273 0.01836682 0.06096309 0.01693133]
[0.03923162 0.07106021 0.06031825 0.07068497 0.1335209  0.13087942
 0.07263814 0.02215356 0.07068497 0.0551846  0.0914938  0.02055104
 0.0551846  0.02554469 0.06031825 0.02055104]
[0.03842788 0.07036956 0.06405967 0.06135193 0.09463926 0.14863169
 0.07276204 0.02743636 0.06135193 0.04665215 0.13271707 0.02081958
 0.04665215 0.02924946 0.06405967 0.02081958]
[0.03337634 0.06119037 0.06374715 0.07809711 0.1271226  0.10736185
 0.05718623 0.02117505 0.07809711 0.07067552 0.11453034 0.01717617
 0.07067552 0.01866534 0.06374715 0.01717617]]