136036
Test: public void test141() throws Throwable { Document document0 = Parser.parse("T&B``lI8y", "org.jsoup.select.Elements"); Elements elements0 = document0.getElementsContainingText("T&B``lI8y"); List<String> list0 = elements0.eachAttr("BEuT:S"); }
Code: public List<String> eachAttr(String attributeKey) { List<String> attrs = new ArrayList<>(size()); for (Element element : this) { if (element.hasAttr(attributeKey)) attrs.add(element.attr(attributeKey)); } return attrs; }
[[0.04209273 0.03697973 0.05838888 0.02991704 0.05125415 0.03697973
 0.02521959 0.0261747  0.02156612 0.05838888 0.04200546 0.03359449
 0.05744182 0.0367921  0.02436087 0.05125415 0.1129628  0.05838888
 0.05838888 0.01686856 0.04572302 0.05838889 0.01686856]
[0.03805477 0.03395752 0.05879612 0.02640655 0.06127556 0.03395752
 0.02985298 0.03401463 0.01876974 0.05879612 0.03681188 0.03014106
 0.05769313 0.0316709  0.02186057 0.06127556 0.1069558  0.05879612
 0.05879612 0.01649678 0.05032768 0.05879613 0.01649678]
[0.03570124 0.03560608 0.06034528 0.02731903 0.05240486 0.03560608
 0.02789421 0.03747749 0.02677349 0.06034528 0.04965443 0.03560368
 0.06022244 0.03326152 0.02213543 0.05240486 0.08676532 0.06034528
 0.06034528 0.01811134 0.04322074 0.06034529 0.01811134]
[0.03717824 0.03426429 0.06215651 0.0266701  0.05103431 0.03426429
 0.03137452 0.02732518 0.0161861  0.06215651 0.04291447 0.03234803
 0.0635903  0.03486943 0.02293844 0.05103431 0.10932717 0.06215651
 0.06215651 0.01266577 0.04856678 0.06215652 0.01266577]
[0.04195835 0.03046846 0.05648631 0.03825069 0.0640546  0.03046846
 0.02610919 0.03477641 0.02390397 0.05648631 0.04216033 0.03731132
 0.0543958  0.03400895 0.02794378 0.0640546  0.07271261 0.05648632
 0.05648632 0.02312871 0.04873345 0.05648632 0.02312871]
[0.03805477 0.03395752 0.05879612 0.02640655 0.06127556 0.03395752
 0.02985298 0.03401463 0.01876974 0.05879612 0.03681188 0.03014106
 0.05769313 0.0316709  0.02186057 0.06127556 0.1069558  0.05879612
 0.05879612 0.01649678 0.05032768 0.05879613 0.01649678]
[0.03593112 0.03983023 0.06030867 0.02672319 0.05507111 0.03983023
 0.02710121 0.02865359 0.01841273 0.06030867 0.04083517 0.03225761
 0.06250235 0.0250354  0.02144986 0.05507111 0.11105002 0.06030867
 0.06030867 0.01725681 0.04418816 0.06030868 0.0172568 ]
[0.04291967 0.0328111  0.06075623 0.03669778 0.04673849 0.0328111
 0.02464221 0.03508542 0.02010002 0.06075623 0.04101598 0.03450968
 0.06100805 0.0359212  0.02254399 0.04673849 0.09466188 0.06075623
 0.06075623 0.02061667 0.04678036 0.06075624 0.02061667]
[0.03556877 0.02718425 0.05687173 0.02522986 0.05888265 0.02718425
 0.01892574 0.02892576 0.02375767 0.05687173 0.03403459 0.03232024
 0.07389329 0.03922011 0.02258834 0.05888265 0.12417395 0.05687173
 0.05687173 0.01749109 0.04988702 0.05687175 0.01749109]
[0.03570124 0.03560608 0.06034528 0.02731903 0.05240486 0.03560608
 0.02789421 0.03747749 0.02677349 0.06034528 0.04965443 0.03560368
 0.06022244 0.03326152 0.02213543 0.05240486 0.08676532 0.06034528
 0.06034528 0.01811134 0.04322074 0.06034529 0.01811134]
[0.04134292 0.02949242 0.05914564 0.02715537 0.06902073 0.02949242
 0.03308919 0.02777291 0.01617645 0.05914564 0.0415017  0.02922023
 0.05120723 0.02454384 0.02065696 0.06902073 0.12691486 0.05914564
 0.05914564 0.0116147  0.04443439 0.05914565 0.0116147 ]
[0.03363483 0.02900233 0.0575953  0.0204462  0.06645034 0.02900233
 0.02222005 0.02556396 0.01549079 0.0575953  0.0439856  0.03230101
 0.06241543 0.03331663 0.02000671 0.06645034 0.13375606 0.0575953
 0.0575953  0.01617004 0.04564084 0.05759531 0.01617003]
[0.03618909 0.0345754  0.06124205 0.02665859 0.0552907  0.0345754
 0.02900305 0.032287   0.02229999 0.06124205 0.04093392 0.02870476
 0.05551748 0.0339723  0.02250171 0.0552907  0.10363083 0.06124204
 0.06124204 0.01593658 0.0504857  0.06124206 0.01593658]
[0.04328763 0.03605108 0.05374416 0.02638723 0.06178526 0.03605108
 0.02205387 0.03270946 0.02156978 0.05374416 0.04585997 0.02708375
 0.05495568 0.02857529 0.02452855 0.06178526 0.10984579 0.05374415
 0.05374415 0.02202981 0.05468986 0.05374416 0.02202981]
[0.03850051 0.02807307 0.0637133  0.02425114 0.05796659 0.02807307
 0.03110835 0.02866117 0.01933446 0.0637133  0.03668034 0.02088628
 0.05963937 0.03380161 0.02214401 0.05796659 0.11881316 0.0637133
 0.0637133  0.01474252 0.04604871 0.06371331 0.01474252]
[0.04195835 0.03046846 0.05648631 0.03825069 0.0640546  0.03046846
 0.02610919 0.03477641 0.02390397 0.05648631 0.04216033 0.03731132
 0.0543958  0.03400895 0.02794378 0.0640546  0.07271261 0.05648632
 0.05648632 0.02312871 0.04873345 0.05648632 0.02312871]
[0.02985719 0.02409506 0.07133398 0.01402392 0.05776706 0.02409506
 0.03244248 0.02293487 0.01134676 0.07133398 0.03861007 0.02184673
 0.05064397 0.02076353 0.01354808 0.05776706 0.16647813 0.071334
 0.071334   0.00904809 0.0390139  0.071334   0.00904808]
[0.03570124 0.03560608 0.06034528 0.02731903 0.05240486 0.03560608
 0.02789421 0.03747749 0.02677349 0.06034528 0.04965443 0.03560368
 0.06022244 0.03326152 0.02213543 0.05240486 0.08676532 0.06034528
 0.06034528 0.01811134 0.04322074 0.06034529 0.01811134]
[0.03570124 0.03560608 0.06034528 0.02731903 0.05240486 0.03560608
 0.02789421 0.03747749 0.02677349 0.06034528 0.04965443 0.03560368
 0.06022244 0.03326152 0.02213543 0.05240486 0.08676532 0.06034528
 0.06034528 0.01811134 0.04322074 0.06034529 0.01811134]
[0.02983218 0.02819913 0.05656614 0.02239825 0.07218272 0.02819913
 0.02971233 0.02648881 0.01669602 0.05656614 0.0388283  0.02934038
 0.06162948 0.02679032 0.02518683 0.07218272 0.11414555 0.05656614
 0.05656614 0.01574948 0.06385821 0.05656616 0.01574949]
[0.03043717 0.03045596 0.06333082 0.02092879 0.05407294 0.03045596
 0.0211632  0.02942566 0.0184201  0.06333082 0.05531351 0.02329428
 0.06304182 0.02709115 0.02082323 0.05407294 0.12903818 0.06333082
 0.06333082 0.01509432 0.04512229 0.06333083 0.01509432]
[0.03570125 0.03560608 0.06034528 0.02731903 0.05240487 0.03560608
 0.0278942  0.03747749 0.02677349 0.06034528 0.04965443 0.03560368
 0.06022244 0.03326152 0.02213543 0.05240487 0.08676532 0.06034528
 0.06034528 0.01811134 0.04322073 0.06034528 0.01811134]
[0.02983218 0.02819913 0.05656613 0.02239826 0.07218274 0.02819913
 0.02971235 0.02648881 0.01669602 0.05656613 0.0388283  0.02934038
 0.06162949 0.02679031 0.02518684 0.07218274 0.11414556 0.05656613
 0.05656613 0.01574949 0.06385821 0.05656615 0.01574949]]