26285
Test: public void test119() throws Throwable { Precision.DoubleEquivalence precision_DoubleEquivalence0 = mock(Precision.DoubleEquivalence.class, new ViolatedAssumptionAnswer()); Interval interval0 = Interval.of(1338.1161294, (-980.43904926), precision_DoubleEquivalence0); Vector1D.Unit vector1D_Unit0 = Vector1D.Unit.PLUS; Vector1D vector1D0 = interval0.project((Vector1D) vector1D_Unit0); }
Code: public double getMax() { return (maxBoundary != null) ? maxBoundary.getLocation() : Double.POSITIVE_INFINITY; }
[[0.06817596 0.11763483 0.09457746 0.09061631 0.07499467 0.09457746
 0.03718105 0.03663553 0.12151081 0.09457747 0.06278296 0.07775094
 0.02898462]
[0.05657601 0.12377197 0.1020671  0.09614947 0.08532434 0.1020671
 0.03136676 0.02765623 0.12439989 0.1020671  0.04651819 0.07647549
 0.02556038]
[0.05716015 0.10688608 0.09523025 0.09157014 0.06940168 0.09523025
 0.03775555 0.04082788 0.13184269 0.09523025 0.05462771 0.09318558
 0.03105181]
[0.07086323 0.09560824 0.09252626 0.11462349 0.0814638  0.09252626
 0.05034073 0.04569139 0.0916236  0.09252627 0.05823734 0.07366372
 0.04030563]
[0.05067267 0.10942757 0.10287942 0.09525292 0.07422324 0.10287942
 0.03078252 0.03019903 0.14776653 0.10287941 0.0462426  0.08049715
 0.02629749]
[0.05716015 0.10688608 0.09523025 0.09157014 0.06940168 0.09523025
 0.03775555 0.04082788 0.13184269 0.09523025 0.05462771 0.09318558
 0.03105181]
[0.05408557 0.10366879 0.09464177 0.12846953 0.07513914 0.09464177
 0.02321663 0.02788225 0.15491116 0.09464179 0.03448673 0.09158237
 0.02263246]
[0.05700734 0.09282942 0.10412104 0.12655933 0.06916156 0.10412104
 0.03129634 0.03551792 0.13094142 0.10412106 0.04195805 0.08272129
 0.01964423]
[0.05769496 0.11874969 0.09115142 0.12829536 0.07828009 0.09115142
 0.0335524  0.028814   0.13276482 0.0911514  0.05617116 0.06761498
 0.02460821]
[0.05716015 0.10688608 0.09523025 0.09157014 0.06940168 0.09523025
 0.03775555 0.04082788 0.13184269 0.09523025 0.05462771 0.09318558
 0.03105181]
[0.06771857 0.10235405 0.08285777 0.10306504 0.08535113 0.08285777
 0.0428322  0.03710101 0.15470369 0.08285777 0.04626445 0.07616831
 0.03586826]
[0.06528009 0.0930239  0.09996973 0.08728746 0.07205459 0.09996973
 0.04310492 0.03407688 0.14798428 0.09996971 0.06185526 0.06704386
 0.02837962]
[0.04825633 0.10877469 0.09065708 0.12163629 0.10470552 0.09065708
 0.03498498 0.03032684 0.1222908  0.09065708 0.04456621 0.08619694
 0.0262902 ]]