147939
Test: public void test40() throws Throwable { POP3Client pOP3Client0 = new POP3Client(); }
Code: public boolean isConnected() { if (_socket_ == null) { return false; } return _socket_.isConnected(); }
[[0.0510953  0.12759665 0.07088225 0.06793966 0.13770565 0.07088225
 0.08064759 0.0274534  0.06793965 0.05620889 0.07110038 0.0217286
 0.0562089  0.07088226 0.0217286 ]
[0.03507805 0.19580102 0.06826735 0.07923528 0.12709574 0.06826735
 0.05361053 0.01759064 0.07923527 0.05515642 0.06683914 0.0151997
 0.05515643 0.06826737 0.0151997 ]
[0.04262273 0.1605764  0.07120214 0.06722218 0.10476162 0.07120214
 0.08086076 0.03038553 0.06722218 0.05172295 0.08355494 0.02287067
 0.05172296 0.07120214 0.02287067]
[0.05345938 0.11759134 0.06995562 0.0861278  0.09204958 0.06995562
 0.0571612  0.03453732 0.0861278  0.06150148 0.07939535 0.03034016
 0.0615015  0.06995564 0.03034016]
[0.03161806 0.19264606 0.0714034  0.07007319 0.179622   0.0714034
 0.06347695 0.01202836 0.07007316 0.04187074 0.06132956 0.0105905
 0.04187074 0.07140341 0.0105905 ]
[0.04262273 0.1605764  0.07120214 0.06722218 0.10476162 0.07120214
 0.08086076 0.03038553 0.06722218 0.05172295 0.08355494 0.02287067
 0.05172296 0.07120214 0.02287067]
[0.02933099 0.2326111  0.04623975 0.08084895 0.16109955 0.04623975
 0.07163017 0.01897049 0.08084898 0.04862931 0.05603458 0.01632364
 0.0486293  0.04623976 0.01632364]
[0.03578053 0.18850856 0.06313543 0.08412473 0.16143587 0.06313543
 0.06611717 0.02175253 0.08412473 0.04356279 0.05607916 0.01277238
 0.0435628  0.06313544 0.01277238]
[0.05345938 0.11759134 0.06995562 0.0861278  0.09204958 0.06995562
 0.0571612  0.03453732 0.0861278  0.06150148 0.07939535 0.03034016
 0.0615015  0.06995564 0.03034016]
[0.03455724 0.18043476 0.06888279 0.06757528 0.14251606 0.06888279
 0.06678145 0.02036695 0.06757528 0.05016917 0.07616997 0.01851818
 0.05016918 0.06888279 0.01851818]
[0.05033576 0.1320626  0.07182543 0.0683246  0.10446795 0.07182543
 0.06836353 0.03127775 0.06832458 0.05816109 0.089625   0.02770983
 0.05816109 0.07182544 0.02770983]
[0.03457446 0.12228034 0.06519444 0.08575821 0.1327517  0.06519444
 0.05965224 0.02177446 0.08575823 0.07461676 0.07542564 0.01860396
 0.07461677 0.06519444 0.01860396]
[0.03455724 0.1804348  0.06888279 0.06757528 0.14251605 0.06888279
 0.06678145 0.02036695 0.06757528 0.05016917 0.07616997 0.01851819
 0.05016918 0.06888279 0.01851818]
[0.04262274 0.1605764  0.07120213 0.06722219 0.10476162 0.07120213
 0.08086075 0.03038554 0.06722219 0.05172295 0.08355494 0.02287067
 0.05172295 0.07120214 0.02287067]
[0.03457446 0.12228036 0.06519442 0.08575822 0.13275169 0.06519442
 0.05965224 0.02177446 0.08575822 0.07461677 0.07542564 0.01860396
 0.07461677 0.06519444 0.01860396]]