10129
Test: public void test5() throws Throwable { Charset charset0 = Charsets.toCharset((String) null); Charset charset1 = Charsets.toCharset(charset0); }
Code: static Charset toCharset(final Charset charset) { return charset == null ? Charset.defaultCharset() : charset; }
[[0.12251075 0.06340873 0.06271975 0.06340873 0.06271975 0.08090938
 0.04387077 0.07099205 0.05918656 0.04358681 0.07361051 0.06271975
 0.04047137 0.12784606 0.02203898]
[0.14872396 0.06434433 0.06297958 0.06434433 0.06297958 0.07297867
 0.05245379 0.04824917 0.06097582 0.04662898 0.07471125 0.06297957
 0.02831214 0.13135202 0.01798685]
[0.1363743  0.07076982 0.06264371 0.07076982 0.06264371 0.06429709
 0.04620065 0.05763242 0.07121586 0.04095282 0.08461066 0.06264372
 0.03691366 0.11077447 0.02155732]
[0.14872396 0.06434433 0.06297958 0.06434433 0.06297958 0.07297867
 0.05245379 0.04824917 0.06097582 0.04662898 0.07471125 0.06297957
 0.02831214 0.13135202 0.01798685]
[0.1363743  0.07076982 0.06264371 0.07076982 0.06264371 0.06429709
 0.04620065 0.05763242 0.07121586 0.04095282 0.08461066 0.06264372
 0.03691366 0.11077447 0.02155732]
[0.12082775 0.06468718 0.06776588 0.06468718 0.06776588 0.08224125
 0.05937544 0.06123924 0.05526902 0.04212382 0.06728098 0.06776588
 0.04220724 0.10766985 0.02909342]
[0.14012302 0.08064476 0.05760406 0.08064476 0.05760406 0.059935
 0.04238104 0.05417774 0.05547306 0.03617465 0.07886893 0.05760406
 0.02788118 0.1545767  0.01630701]
[0.13593568 0.06499878 0.05666199 0.06499878 0.05666199 0.07167037
 0.05153466 0.0547855  0.05289299 0.03990395 0.08156287 0.05666199
 0.03044159 0.16848873 0.01280022]
[0.14834487 0.06771395 0.04136121 0.06771395 0.04136121 0.06685521
 0.04209754 0.05770841 0.06301657 0.03137887 0.0749606  0.04136121
 0.03407485 0.20839922 0.01365222]
[0.11324895 0.05861246 0.05991573 0.05861246 0.05991573 0.0939279
 0.06404181 0.05888899 0.06190035 0.03617134 0.08598339 0.05991572
 0.03262551 0.141954   0.0142857 ]
[0.11294928 0.06774125 0.05453067 0.06774125 0.05453067 0.08715178
 0.04849731 0.06381544 0.04300299 0.03346214 0.07598148 0.05453066
 0.03682876 0.18283732 0.01639897]
[0.1363743  0.07076982 0.06264371 0.07076982 0.06264371 0.06429709
 0.04620065 0.05763242 0.07121586 0.04095282 0.08461066 0.06264372
 0.03691366 0.11077447 0.02155732]
[0.12644447 0.07598577 0.05628612 0.07598577 0.05628612 0.07031013
 0.05801925 0.05560139 0.05689742 0.04698313 0.1048219  0.05628612
 0.03151193 0.10414228 0.02443811]
[0.14225702 0.06490223 0.06236453 0.06490223 0.06236453 0.07249136
 0.05340427 0.0515987  0.05948541 0.03864796 0.07881122 0.06236453
 0.02723048 0.14371002 0.01546556]
[0.1341935  0.05866954 0.06262539 0.05866954 0.06262539 0.08052089
 0.07093911 0.06379513 0.05693314 0.03791302 0.08514072 0.06262539
 0.02982606 0.11797984 0.01754337]]