144583
Test: public void test2() throws Throwable { TCPLateralCacheAttributes tCPLateralCacheAttributes0 = new TCPLateralCacheAttributes(); ZombieCacheServiceNonLocal<String, Object> zombieCacheServiceNonLocal0 = new ZombieCacheServiceNonLocal<String, Object>(); LateralTCPCacheFactory lateralTCPCacheFactory0 = new LateralTCPCacheFactory(); LateralCacheMonitor lateralCacheMonitor0 = new LateralCacheMonitor(lateralTCPCacheFactory0); LateralCache<String, Object> lateralCache0 = new LateralCache<String, Object>(tCPLateralCacheAttributes0, zombieCacheServiceNonLocal0, lateralCacheMonitor0); CacheAdaptor<String, Object> cacheAdaptor0 = new CacheAdaptor<String, Object>(lateralCache0); CacheEventQueue<String, Object> cacheEventQueue0 = new CacheEventQueue<String, Object>(cacheAdaptor0, 313L, "CacheEventQueue.QProcessor-"); ICacheEventQueue.QueueType iCacheEventQueue_QueueType0 = cacheEventQueue0.getQueueType(); }
Code: public QueueType getQueueType() { /** The type of queue -- there are pooled and single */ return QueueType.SINGLE; }
[[0.0396784  0.05505167 0.05505167 0.06069363 0.05505167 0.04712184
 0.03486778 0.01741035 0.03344246 0.05505167 0.1080068  0.1559006
 0.05505167 0.02872826 0.02554917 0.05505167 0.04462937 0.05505168
 0.01860954]
[0.03377441 0.05471648 0.05471648 0.06268966 0.05471648 0.04574423
 0.04213206 0.02058262 0.03733242 0.05471648 0.10457604 0.14337125
 0.05471648 0.03351933 0.03138074 0.05471648 0.04123412 0.05471649
 0.02064772]
[0.03377441 0.05471648 0.05471648 0.06268966 0.05471648 0.04574423
 0.04213206 0.02058262 0.03733242 0.05471648 0.10457604 0.14337125
 0.05471648 0.03351933 0.03138074 0.05471648 0.04123412 0.05471649
 0.02064772]
[0.04362093 0.05275217 0.05275217 0.07998356 0.05275217 0.0503839
 0.04754261 0.02098923 0.03706597 0.05275217 0.08285269 0.13221695
 0.05275217 0.03417878 0.02635526 0.05275217 0.04891456 0.05275219
 0.02663035]
[0.03377441 0.05471648 0.05471648 0.06268966 0.05471648 0.04574423
 0.04213206 0.02058262 0.03733242 0.05471648 0.10457604 0.14337125
 0.05471648 0.03351933 0.03138074 0.05471648 0.04123412 0.05471649
 0.02064772]
[0.03646565 0.05553552 0.05553552 0.09279353 0.05553552 0.0440713
 0.03699926 0.01179637 0.02675473 0.05553552 0.08746871 0.16173086
 0.05553552 0.02512231 0.02707671 0.05553552 0.04807701 0.05553553
 0.01289498]
[0.03920636 0.0558129  0.0558129  0.08197439 0.0558129  0.03715505
 0.03803732 0.01704102 0.03153841 0.0558129  0.08773343 0.15178661
 0.0558129  0.03206057 0.0274705  0.0558129  0.04648946 0.0558129
 0.01881653]
[0.03554671 0.05042654 0.05042654 0.08163024 0.05042654 0.04253396
 0.03819522 0.01564923 0.03254227 0.05042654 0.11641616 0.15798682
 0.05042654 0.02711016 0.02622114 0.05042654 0.0541278  0.05042655
 0.01905457]
[0.02964724 0.06343797 0.06343797 0.06364247 0.06343797 0.04901871
 0.03924506 0.01738176 0.02722201 0.06343797 0.07082142 0.14884046
 0.06343797 0.02835822 0.0233913  0.06343797 0.04382231 0.06343797
 0.01454321]
[0.03377441 0.05471648 0.05471648 0.06268966 0.05471648 0.04574423
 0.04213206 0.02058262 0.03733242 0.05471648 0.10457604 0.14337125
 0.05471648 0.03351933 0.03138074 0.05471648 0.04123412 0.05471649
 0.02064772]
[0.03676846 0.04949275 0.04949275 0.07041547 0.04949275 0.05108781
 0.03894432 0.01636273 0.03055442 0.04949275 0.07836946 0.19968913
 0.04949275 0.03185586 0.02742494 0.04949275 0.0503495  0.04949277
 0.02172858]
[0.03834102 0.05000665 0.05000665 0.06815197 0.05000665 0.04481021
 0.03779216 0.01520878 0.03087912 0.05000665 0.09001065 0.20956543
 0.05000665 0.02284564 0.02595026 0.05000665 0.05155218 0.05000666
 0.01484606]
[0.03377441 0.05471648 0.05471648 0.06268966 0.05471648 0.04574423
 0.04213206 0.02058262 0.03733242 0.05471648 0.10457604 0.14337125
 0.05471648 0.03351933 0.03138074 0.05471648 0.04123412 0.05471649
 0.02064772]
[0.03505032 0.05046687 0.05046687 0.08360838 0.05046687 0.03456457
 0.0414368  0.01529325 0.02872503 0.05046687 0.117346   0.17916246
 0.05046687 0.02707022 0.02372172 0.05046687 0.04241779 0.05046688
 0.01833536]
[0.03461928 0.05554271 0.05554271 0.06949777 0.05554271 0.03934517
 0.03311135 0.01037136 0.02303234 0.05554271 0.10910353 0.18879443
 0.05554271 0.0214605  0.023599   0.05554271 0.04164031 0.05554271
 0.01662596]
[0.03377441 0.05471648 0.05471648 0.06268966 0.05471648 0.04574423
 0.04213206 0.02058262 0.03733242 0.05471648 0.10457604 0.14337125
 0.05471648 0.03351933 0.03138074 0.05471648 0.04123412 0.05471649
 0.02064772]
[0.0287627  0.05455004 0.05455004 0.06193963 0.05455004 0.04861378
 0.03332071 0.01279195 0.02952215 0.05455004 0.11566287 0.17719078
 0.05455004 0.0250875  0.02779329 0.05455004 0.04077949 0.05455005
 0.01668485]
[0.03377442 0.05471649 0.05471649 0.06268967 0.05471649 0.04574423
 0.04213207 0.02058262 0.03733243 0.05471649 0.10457606 0.14337118
 0.05471649 0.03351933 0.03138074 0.05471649 0.04123412 0.05471649
 0.02064772]
[0.02948935 0.05171659 0.05171659 0.0956068  0.05171659 0.03856815
 0.03897373 0.01716631 0.03759348 0.05171659 0.07985972 0.15437311
 0.05171659 0.02808237 0.02851683 0.05171659 0.07013524 0.0517166
 0.01961875]]