36609
Test: public void test41() throws Throwable { Partial partial0 = new Partial((Chronology) null, (DateTimeFieldType[]) null, (int[]) null); // Undeclared exception!  Years.yearsBetween((ReadablePartial) partial0, (ReadablePartial) partial0);   }
Code: public static Years yearsBetween(ReadableInstant start, ReadableInstant end) { int amount = BaseSingleFieldPeriod.between(start, end, DurationFieldType.years()); return Years.years(amount); }
[[0.04380096 0.13423504 0.0607651  0.0607651  0.0348193  0.04005854
 0.08595555 0.06029435 0.02733278 0.11023888 0.02768122 0.0607651
 0.0642437  0.0607651  0.04843819 0.0607651  0.01907598]
[0.04424524 0.12423854 0.05884197 0.05884197 0.03302838 0.05005953
 0.07356663 0.08590336 0.02230126 0.11810184 0.02868592 0.05884197
 0.06042621 0.05884197 0.04241288 0.05884197 0.0228204 ]
[0.03435785 0.12341337 0.05666921 0.05666921 0.04326851 0.05278892
 0.09320796 0.05820249 0.02189617 0.12135261 0.03772148 0.05666921
 0.06913336 0.05666921 0.04179943 0.05666921 0.0195118 ]
[0.03435785 0.12341337 0.05666921 0.05666921 0.04326851 0.05278892
 0.09320796 0.05820249 0.02189617 0.12135261 0.03772148 0.05666921
 0.06913336 0.05666921 0.04179943 0.05666921 0.0195118 ]
[0.03467226 0.12241478 0.05958151 0.05958151 0.04728521 0.04206886
 0.08677737 0.08209756 0.01854878 0.10576441 0.0253661  0.05958151
 0.0578448  0.05958151 0.06639817 0.05958151 0.01285416]
[0.0390662  0.09225151 0.06279293 0.06279293 0.04709882 0.0443547
 0.08289811 0.07690646 0.02606533 0.10092527 0.03200932 0.06279293
 0.06825282 0.06279293 0.05782962 0.06279293 0.01837713]
[0.03785375 0.1543356  0.05542049 0.05542049 0.03821457 0.04848146
 0.08193342 0.06442022 0.02187103 0.13023539 0.02993268 0.05542049
 0.05184592 0.05542049 0.04909454 0.05542049 0.01467901]
[0.04604305 0.1106329  0.05897472 0.05897472 0.04792876 0.05237043
 0.08779881 0.07704057 0.0217526  0.08695816 0.0384675  0.05897472
 0.05685455 0.05897472 0.05259559 0.05897472 0.02668348]
[0.02660612 0.17410237 0.06679217 0.06679217 0.03469139 0.0314699
 0.07264854 0.0637913  0.01857404 0.11421389 0.02241567 0.06679217
 0.0507464  0.06679217 0.04337907 0.06679217 0.01340048]
[0.04212853 0.13058859 0.06460869 0.06460869 0.03230466 0.03803379
 0.07861844 0.07189829 0.01891223 0.1136381  0.02757977 0.06460869
 0.05650831 0.06460869 0.04819708 0.06460869 0.01854876]
[0.04725486 0.11474361 0.06685545 0.06685545 0.04329335 0.04687159
 0.07698008 0.05279752 0.02866705 0.07643021 0.03901454 0.06685545
 0.06488888 0.06685545 0.05175935 0.06685545 0.02302173]
[0.03435785 0.12341337 0.05666921 0.05666921 0.04326851 0.05278892
 0.09320796 0.05820249 0.02189617 0.12135261 0.03772148 0.05666921
 0.06913336 0.05666921 0.04179943 0.05666921 0.0195118 ]
[0.04017682 0.12706247 0.05716739 0.05716739 0.04130735 0.0447993
 0.07519809 0.06796838 0.02200322 0.12362903 0.03745778 0.05716739
 0.06170449 0.05716739 0.05386753 0.05716739 0.01898854]
[0.03435785 0.12341337 0.05666921 0.05666921 0.04326851 0.05278892
 0.09320796 0.05820249 0.02189617 0.12135261 0.03772148 0.05666921
 0.06913336 0.05666921 0.04179943 0.05666921 0.0195118 ]
[0.03039694 0.1436469  0.05970693 0.05970693 0.03741792 0.04308762
 0.10303248 0.06124766 0.01775578 0.12049697 0.02982871 0.05970693
 0.05404285 0.05970693 0.04381917 0.05970693 0.01669247]
[0.03435785 0.12341337 0.05666921 0.05666921 0.04326851 0.05278892
 0.09320796 0.05820249 0.02189617 0.12135261 0.03772148 0.05666921
 0.06913336 0.05666921 0.04179943 0.05666921 0.0195118 ]
[0.03040364 0.13629456 0.05564336 0.05564336 0.03722269 0.04264982
 0.09035977 0.08515292 0.022709   0.09242073 0.02825484 0.05564336
 0.06989799 0.05564336 0.06843102 0.05564336 0.01798625]]