32015
Test: public void test0() throws Throwable { // Undeclared exception!  ReflectionUtil.setField("", (Field) null, (Object) null);   }
Code: public static void setField(final Object obj, Field field, final Object value) { try { field.set(obj, value); } catch (Exception e) { throw convertReflectionExceptionToUnchecked(e); } }
[[0.03047118 0.08695625 0.02435225 0.04226917 0.0234699  0.04072331
 0.06104807 0.03508013 0.02414647 0.0234699  0.03759864 0.03826694
 0.05715882 0.03826694 0.04226917 0.07735878 0.01246588 0.03269184
 0.05658334 0.07900274 0.03826694 0.0308824  0.04226917 0.01246588
 0.01246588]
[0.03185046 0.08075971 0.02004717 0.04343882 0.02149455 0.04121727
 0.06107664 0.02600183 0.02281589 0.02149455 0.03124062 0.05164204
 0.05049563 0.05164204 0.04343882 0.06208278 0.01432132 0.03283363
 0.06730229 0.07393879 0.05164204 0.02714165 0.04343882 0.01432132
 0.01432132]
[0.02535312 0.08223284 0.02104983 0.05079585 0.01826933 0.03672182
 0.07216968 0.02787735 0.02099549 0.01826933 0.03929674 0.03923522
 0.04797767 0.03923522 0.05079585 0.07585907 0.0121441  0.02731745
 0.05724082 0.09416319 0.03923522 0.02868078 0.05079585 0.0121441
 0.01214409]
[0.02683735 0.08927256 0.02266721 0.04550382 0.02031343 0.04423589
 0.06440745 0.02667211 0.02473536 0.02031343 0.04504077 0.03861409
 0.04888896 0.03861409 0.04550382 0.07251021 0.01340573 0.02978077
 0.06688162 0.07324417 0.03861409 0.0316278  0.04550382 0.01340573
 0.01340573]
[0.02952024 0.08298159 0.01973077 0.04027951 0.0210827  0.03395615
 0.07318655 0.02444536 0.02084718 0.0210827  0.03258923 0.05310155
 0.05918618 0.05310155 0.04027951 0.06773384 0.01029037 0.03094587
 0.06861006 0.07405566 0.05310155 0.02903173 0.04027951 0.01029037
 0.01029037]
[0.02457545 0.07647698 0.02185941 0.04292689 0.02295116 0.0423563
 0.06157292 0.0243824  0.02500087 0.02295116 0.03638217 0.04917881
 0.04479604 0.04917881 0.04292689 0.08090623 0.01560985 0.02990272
 0.07257883 0.06236756 0.04917881 0.02779317 0.04292689 0.01560985
 0.01560985]
[0.0291983  0.08485183 0.02336614 0.0499866  0.0183793  0.04215043
 0.06325424 0.02935329 0.02508608 0.0183793  0.04038232 0.0431181
 0.04329774 0.0431181  0.0499866  0.07601705 0.01312006 0.024167
 0.06663245 0.07008655 0.0431181  0.0267237  0.0499866  0.01312006
 0.01312006]
[0.02839555 0.08601322 0.02579657 0.04661513 0.02114213 0.03103716
 0.06719687 0.03367047 0.0250525  0.02114213 0.03447166 0.04219322
 0.04575144 0.04219322 0.04661513 0.06450479 0.01321992 0.0341663
 0.05736557 0.08805157 0.04219322 0.03015728 0.04661513 0.01321992
 0.01321991]
[0.03003111 0.08840293 0.02197211 0.04776739 0.02221753 0.03518571
 0.06462961 0.03401617 0.01980352 0.02221753 0.02763563 0.04861936
 0.04894477 0.04861936 0.04776739 0.06970219 0.00970344 0.02747995
 0.06330878 0.07389684 0.04861936 0.03228498 0.04776739 0.00970344
 0.00970344]
[0.02952024 0.08298159 0.01973077 0.04027951 0.0210827  0.03395615
 0.07318655 0.02444536 0.02084718 0.0210827  0.03258923 0.05310155
 0.05918618 0.05310155 0.04027951 0.06773384 0.01029037 0.03094587
 0.06861006 0.07405566 0.05310155 0.02903173 0.04027951 0.01029037
 0.01029037]
[0.02930146 0.09410277 0.02019583 0.04425655 0.01897503 0.03425442
 0.06241728 0.02835686 0.02299074 0.01897503 0.03614764 0.04616399
 0.04948847 0.04616399 0.04425655 0.0644266  0.0116251  0.03139087
 0.0676285  0.08381408 0.04616399 0.03139745 0.04425655 0.0116251
 0.01162509]
[0.03395192 0.07553229 0.02911552 0.04708749 0.02021741 0.03452643
 0.05898048 0.02764807 0.03310404 0.02021741 0.03943751 0.04873809
 0.03848026 0.04873809 0.04708749 0.05021513 0.01811807 0.03629514
 0.06817298 0.0615145  0.04873809 0.03075988 0.04708749 0.01811807
 0.01811807]
[0.02494541 0.09411736 0.01930965 0.04189286 0.01747882 0.04300331
 0.06949198 0.03390843 0.02320986 0.01747882 0.03830294 0.03636832
 0.04888211 0.03636832 0.04189286 0.08980614 0.01007656 0.0267885
 0.07503988 0.08156552 0.03636832 0.03165803 0.04189286 0.01007656
 0.01007656]
[0.03395192 0.07553229 0.02911552 0.04708749 0.02021741 0.03452643
 0.05898048 0.02764807 0.03310404 0.02021741 0.03943751 0.04873809
 0.03848026 0.04873809 0.04708749 0.05021513 0.01811807 0.03629514
 0.06817298 0.0615145  0.04873809 0.03075988 0.04708749 0.01811807
 0.01811807]
[0.02683735 0.08927256 0.02266721 0.04550382 0.02031343 0.04423589
 0.06440745 0.02667211 0.02473536 0.02031343 0.04504077 0.03861409
 0.04888896 0.03861409 0.04550382 0.07251021 0.01340573 0.02978077
 0.06688162 0.07324417 0.03861409 0.0316278  0.04550382 0.01340573
 0.01340573]
[0.02814233 0.08214264 0.02902794 0.04102185 0.02215286 0.03936496
 0.07753816 0.03589742 0.02437494 0.02215286 0.03767287 0.0450163
 0.05137213 0.0450163  0.04102185 0.07284943 0.0103414  0.02823382
 0.05933407 0.07028387 0.0450163  0.03032109 0.04102185 0.0103414
 0.0103414 ]
[0.02401405 0.08925167 0.02125364 0.04669156 0.02329471 0.04692004
 0.07634289 0.02498004 0.02090805 0.02329471 0.0297826  0.05142042
 0.05587095 0.05142042 0.04669156 0.05135703 0.01156158 0.02275147
 0.06758174 0.06277706 0.05142042 0.03059877 0.04669156 0.01156158
 0.01156158]
[0.02296697 0.10394535 0.01692541 0.04287681 0.0191117  0.03690846
 0.06515314 0.02754079 0.02454917 0.0191117  0.03939698 0.04556942
 0.05201471 0.04556942 0.04287681 0.07662816 0.01017552 0.02746974
 0.07374016 0.07300506 0.04556942 0.02566725 0.04287681 0.01017552
 0.01017551]
[0.02630701 0.0965344  0.01678431 0.04451374 0.019435   0.03762492
 0.06949884 0.03204346 0.02829558 0.019435   0.03396197 0.04661805
 0.05409697 0.04661805 0.04451374 0.0583626  0.01184349 0.02709487
 0.07781066 0.06440254 0.04661805 0.02938597 0.04451374 0.01184349
 0.01184349]
[0.02775526 0.08614577 0.01999803 0.0419456  0.02085383 0.03682078
 0.08019263 0.02922088 0.02176458 0.02085383 0.03601754 0.04103029
 0.05390701 0.04103029 0.0419456  0.0693723  0.01587709 0.02837805
 0.0725931  0.0702665  0.04103029 0.02930095 0.0419456  0.01587709
 0.01587709]
[0.03395192 0.07553229 0.02911552 0.04708749 0.02021741 0.03452643
 0.05898048 0.02764807 0.03310404 0.02021741 0.03943751 0.04873809
 0.03848026 0.04873809 0.04708749 0.05021513 0.01811807 0.03629514
 0.06817298 0.0615145  0.04873809 0.03075988 0.04708749 0.01811807
 0.01811807]
[0.02481038 0.08782928 0.01945496 0.04205154 0.01706157 0.04197901
 0.06823831 0.03103274 0.02124342 0.01706157 0.04008764 0.05438559
 0.05016541 0.05438559 0.04205154 0.066324   0.00971633 0.02446397
 0.08212213 0.06055691 0.05438559 0.02910833 0.04205154 0.00971633
 0.00971633]
[0.02683735 0.08927256 0.02266721 0.04550382 0.02031343 0.04423589
 0.06440745 0.02667211 0.02473536 0.02031343 0.04504077 0.03861409
 0.04888896 0.03861409 0.04550382 0.07251021 0.01340573 0.02978077
 0.06688162 0.07324417 0.03861409 0.0316278  0.04550382 0.01340573
 0.01340573]
[0.02401405 0.08925167 0.02125364 0.04669156 0.02329471 0.04692004
 0.07634289 0.02498004 0.02090805 0.02329471 0.0297826  0.05142042
 0.05587095 0.05142042 0.04669156 0.05135703 0.01156158 0.02275147
 0.06758174 0.06277706 0.05142042 0.03059877 0.04669156 0.01156158
 0.01156158]
[0.02401405 0.08925164 0.02125363 0.04669156 0.02329471 0.04692003
 0.07634287 0.02498003 0.02090805 0.02329471 0.02978259 0.05142042
 0.05587095 0.05142042 0.04669156 0.05135703 0.01156158 0.02275147
 0.06758173 0.06277704 0.05142042 0.03059877 0.04669156 0.01156158
 0.01156158]]