15350
Test: public void test416() throws Throwable { Instant instant0 = MockInstant.ofEpochSecond(1L); Date date0 = Date.from(instant0); Date date1 = DateUtils.setHours(date0, 162); }
Code: public static Date setHours(final Date date, final int amount) { return set(date, Calendar.HOUR_OF_DAY, amount); }
[[0.05326863 0.14786476 0.02448985 0.07389118 0.02448985 0.12368183
 0.0418989  0.03498712 0.08868721 0.06452255 0.05782079 0.07389118
 0.09534205 0.07389119 0.02127291]
[0.05142161 0.13184488 0.0194297  0.06994867 0.0194297  0.12437584
 0.03705816 0.02718719 0.1163596  0.08509152 0.04828174 0.06994867
 0.10619794 0.06994868 0.023476  ]
[0.04299767 0.13991536 0.02359506 0.0648151  0.02359506 0.13961035
 0.034793   0.02994098 0.08014795 0.08267651 0.06362632 0.0648151
 0.12846187 0.0648151  0.01619454]
[0.04100176 0.14011799 0.02267781 0.06887209 0.02267781 0.12733398
 0.03883875 0.02677348 0.11790014 0.0625769  0.04970077 0.06887209
 0.1223432  0.0688721  0.02144116]
[0.04299767 0.13991536 0.02359506 0.0648151  0.02359506 0.13961035
 0.034793   0.02994098 0.08014795 0.08267651 0.06362632 0.0648151
 0.12846187 0.0648151  0.01619454]
[0.03416265 0.16048852 0.01427688 0.06729391 0.01427688 0.13612853
 0.03477514 0.02178279 0.07306842 0.08420756 0.06348471 0.06729391
 0.1491299  0.06729391 0.01233636]
[0.0478324  0.1411476  0.02264068 0.07534876 0.02264068 0.11457731
 0.03166405 0.0214212  0.09172596 0.0785816  0.06949258 0.07534876
 0.11660849 0.07534876 0.0156212 ]
[0.0310874  0.18144186 0.01670216 0.0823506  0.01670216 0.11283347
 0.04093165 0.02341318 0.07631478 0.06457314 0.04948033 0.0823506
 0.12493414 0.08235063 0.01453395]
[0.04190484 0.16405277 0.01691641 0.05963032 0.01691641 0.12928699
 0.04310214 0.02579255 0.08626482 0.07590069 0.06078549 0.05963032
 0.14563033 0.05963032 0.01455553]
[0.05330584 0.12146044 0.02698628 0.07221985 0.02698628 0.09020759
 0.05212683 0.02606356 0.10484858 0.08035329 0.06204715 0.07221986
 0.10976869 0.07221986 0.02918598]
[0.03503662 0.15728219 0.0182788  0.07142699 0.0182788  0.17711714
 0.03176221 0.02147447 0.08180091 0.06526097 0.05142313 0.071427
 0.10995481 0.07142701 0.01804895]
[0.04100176 0.14011799 0.02267781 0.06887209 0.02267781 0.12733398
 0.03883875 0.02677348 0.11790014 0.0625769  0.04970077 0.06887209
 0.1223432  0.0688721  0.02144116]
[0.04669862 0.11809395 0.01890946 0.08214746 0.01890946 0.1050991
 0.03356645 0.02471384 0.11135137 0.07728964 0.05030799 0.08214746
 0.12620679 0.08214748 0.02241098]
[0.04100177 0.14011799 0.02267781 0.06887209 0.02267781 0.12733395
 0.03883875 0.02677348 0.11790015 0.0625769  0.04970077 0.06887209
 0.12234321 0.06887209 0.02144117]
[0.03457597 0.13581938 0.0151888  0.06613772 0.0151888  0.14112839
 0.03059082 0.02655652 0.09771561 0.08033063 0.07305001 0.06613772
 0.13374418 0.06613773 0.01769776]]