146223
Test: public void test86() throws Throwable { Byte byte0 = GenericTypeValidator.formatByte("88", (Locale) null); }
Code: public static Byte formatByte(String value) { if (value == null) { return null; } try { return Byte.valueOf(value); } catch (NumberFormatException e) { return null; } }
[[0.02686513 0.076666   0.03961096 0.03726691 0.03314897 0.03373856
 0.07220152 0.02784522 0.04296901 0.01470253 0.03373856 0.02930886
 0.05681382 0.01099068 0.05039432 0.03373856 0.02930886 0.03726691
 0.01099068 0.02882292 0.06211518 0.06965324 0.03373856 0.02930886
 0.05681381 0.01099068 0.01099068]
[0.02718804 0.06899099 0.02763985 0.0370734  0.02665328 0.04414505
 0.07388968 0.03245315 0.03516425 0.0142478  0.04414505 0.02546999
 0.06586921 0.01223783 0.04308342 0.04414505 0.02546999 0.0370734
 0.01223783 0.0280262  0.05172218 0.06311446 0.04414505 0.02546999
 0.0658692  0.01223783 0.01223783]
[0.02518886 0.07703985 0.03169838 0.03825603 0.03853985 0.03491554
 0.07871455 0.03554002 0.03518294 0.01629516 0.03491554 0.02582133
 0.06656377 0.01078281 0.04186385 0.03491554 0.02582133 0.03825603
 0.01078281 0.02238566 0.07239901 0.05525476 0.03491554 0.02582133
 0.06656377 0.01078281 0.01078281]
[0.02244829 0.07536375 0.03304283 0.03794187 0.03722122 0.0329631
 0.05455945 0.02885191 0.04304742 0.015868   0.0329631  0.02717673
 0.07764959 0.01139127 0.04058036 0.0329631  0.02717673 0.03794187
 0.01139127 0.02486491 0.07263088 0.06139045 0.0329631  0.02717673
 0.07764958 0.01139126 0.01139126]
[0.02430122 0.07785673 0.02506599 0.0367629  0.03006656 0.03810665
 0.07056992 0.0291604  0.03628581 0.01147556 0.03810665 0.02873038
 0.06917993 0.00961276 0.04112521 0.03810665 0.02873038 0.0367629
 0.00961276 0.02606525 0.06946456 0.06960829 0.03810665 0.02873038
 0.06917991 0.00961276 0.00961276]
[0.02863294 0.06492876 0.02748991 0.03897881 0.03244065 0.04274356
 0.04974741 0.03381109 0.03139629 0.01916331 0.04274356 0.03338287
 0.06309868 0.01559644 0.03185783 0.04274356 0.03338287 0.03897881
 0.01559644 0.03043609 0.0606301  0.05180203 0.04274356 0.03338287
 0.06309867 0.01559644 0.01559644]
[0.01764433 0.0958698  0.02820567 0.0431998  0.02669568 0.03189141
 0.09754197 0.03206945 0.03806858 0.00684165 0.03189141 0.02291521
 0.06945622 0.00509238 0.03866892 0.03189141 0.02291521 0.0431998
 0.00509238 0.01707065 0.09068799 0.06864251 0.03189141 0.02291521
 0.06945622 0.00509238 0.00509238]
[0.02312806 0.07273315 0.03624774 0.04063282 0.03048375 0.03670301
 0.07275836 0.0344377  0.03980762 0.01305931 0.03670301 0.02899008
 0.06014197 0.00988271 0.04320322 0.03670301 0.02899008 0.04063282
 0.00988271 0.02838997 0.06769629 0.06319208 0.03670301 0.02899008
 0.06014197 0.00988271 0.00988271]
[0.01636768 0.08495308 0.03239943 0.02853446 0.03574785 0.03640321
 0.09082225 0.03674567 0.04159532 0.01073079 0.03640321 0.02655008
 0.06634655 0.00773    0.0412496  0.03640321 0.02655008 0.02853446
 0.00773    0.019553   0.07727414 0.06661622 0.03640321 0.02655008
 0.06634651 0.00773    0.00773   ]
[0.02037533 0.08208875 0.03097797 0.039342   0.03156314 0.04073146
 0.09391169 0.03229009 0.03952891 0.01321332 0.04073146 0.02457188
 0.06211218 0.00659611 0.04741748 0.04073146 0.02457188 0.039342
 0.00659611 0.02492646 0.06132047 0.05645212 0.04073146 0.02457188
 0.06211217 0.00659611 0.00659611]
[0.02863294 0.06492876 0.02748991 0.03897881 0.03244065 0.04274356
 0.04974741 0.03381109 0.03139629 0.01916331 0.04274356 0.03338287
 0.06309868 0.01559644 0.03185783 0.04274356 0.03338287 0.03897881
 0.01559644 0.03043609 0.0606301  0.05180203 0.04274356 0.03338287
 0.06309867 0.01559644 0.01559644]
[0.01872503 0.0820068  0.03539082 0.03881852 0.03226064 0.03355804
 0.0791961  0.03166356 0.03812805 0.01130236 0.03355804 0.0277092
 0.07116858 0.00935132 0.03770814 0.03355804 0.0277092  0.03881852
 0.00935132 0.02404991 0.07516907 0.0596602  0.03355804 0.0277092
 0.07116856 0.00935132 0.00935132]
[0.0267689  0.059844   0.03809567 0.04425041 0.03678462 0.03510392
 0.07422873 0.03376691 0.03797485 0.0114926  0.03510392 0.03123516
 0.05047742 0.01122533 0.0439685  0.03510392 0.03123516 0.04425041
 0.01122533 0.03298895 0.06797829 0.06762986 0.03510392 0.03123516
 0.05047742 0.01122533 0.01122533]
[0.01927562 0.07150126 0.02232045 0.0374992  0.0239211  0.04115425
 0.07255    0.04057555 0.03269055 0.01235975 0.04115425 0.03967535
 0.06500119 0.00926023 0.04486459 0.04115425 0.03967535 0.0374992
 0.00926023 0.01827209 0.06559137 0.05039281 0.04115425 0.03967535
 0.06500119 0.00926023 0.00926023]
[0.02167418 0.08249862 0.02586324 0.03622467 0.03288702 0.03205662
 0.08281854 0.03214367 0.03711507 0.01062267 0.03205662 0.03167047
 0.06804243 0.00883045 0.0422669  0.03205662 0.03167047 0.03622467
 0.00883045 0.02319086 0.07136238 0.07046297 0.03205662 0.03167047
 0.06804243 0.00883045 0.00883045]
[0.02863294 0.06492876 0.02748991 0.03897881 0.03244065 0.04274356
 0.04974741 0.03381109 0.03139629 0.01916331 0.04274356 0.03338287
 0.06309868 0.01559644 0.03185783 0.04274356 0.03338287 0.03897881
 0.01559644 0.03043609 0.0606301  0.05180203 0.04274356 0.03338287
 0.06309867 0.01559644 0.01559644]
[0.01872503 0.0820068  0.03539082 0.03881852 0.03226064 0.03355804
 0.0791961  0.03166356 0.03812805 0.01130236 0.03355804 0.0277092
 0.07116858 0.00935132 0.03770814 0.03355804 0.0277092  0.03881852
 0.00935132 0.02404991 0.07516907 0.0596602  0.03355804 0.0277092
 0.07116856 0.00935132 0.00935132]
[0.02244829 0.07536375 0.03304283 0.03794187 0.03722122 0.0329631
 0.05455945 0.02885191 0.04304742 0.015868   0.0329631  0.02717673
 0.07764959 0.01139127 0.04058036 0.0329631  0.02717673 0.03794187
 0.01139127 0.02486491 0.07263088 0.06139045 0.0329631  0.02717673
 0.07764958 0.01139126 0.01139126]
[0.01927562 0.07150126 0.02232045 0.0374992  0.0239211  0.04115425
 0.07255    0.04057555 0.03269055 0.01235975 0.04115425 0.03967535
 0.06500119 0.00926023 0.04486459 0.04115425 0.03967535 0.0374992
 0.00926023 0.01827209 0.06559137 0.05039281 0.04115425 0.03967535
 0.06500119 0.00926023 0.00926023]
[0.01917146 0.08750162 0.02890242 0.03571293 0.03270978 0.03845958
 0.07709538 0.03517813 0.03441995 0.01215581 0.03845958 0.02765154
 0.07056779 0.0085623  0.04322828 0.03845958 0.02765154 0.03571293
 0.0085623  0.02291428 0.06219497 0.06092446 0.03845958 0.02765154
 0.07056776 0.00856229 0.00856229]
[0.0278587  0.07512671 0.0344862  0.0443092  0.03089452 0.03802067
 0.06987192 0.02899913 0.03954503 0.01291382 0.03802067 0.0301994
 0.06471791 0.01064568 0.04622462 0.03802067 0.0301994  0.0443092
 0.01064568 0.02488206 0.05112237 0.05475703 0.03802067 0.0301994
 0.0647179  0.01064568 0.01064568]
[0.02422526 0.07296774 0.04099278 0.03659819 0.03187075 0.0343053
 0.08935419 0.02739888 0.03293899 0.01316165 0.0343053  0.03033472
 0.06181483 0.01338513 0.04751948 0.0343053  0.03033472 0.03659819
 0.01338513 0.02485643 0.05460638 0.0615155  0.0343053  0.03033472
 0.06181484 0.01338513 0.01338513]
[0.02863294 0.06492876 0.02748991 0.03897881 0.03244065 0.04274356
 0.04974741 0.03381109 0.03139629 0.01916331 0.04274356 0.03338287
 0.06309868 0.01559644 0.03185783 0.04274356 0.03338287 0.03897881
 0.01559644 0.03043609 0.0606301  0.05180203 0.04274356 0.03338287
 0.06309867 0.01559644 0.01559644]
[0.01872503 0.0820068  0.03539082 0.03881852 0.03226064 0.03355804
 0.0791961  0.03166356 0.03812805 0.01130236 0.03355804 0.0277092
 0.07116858 0.00935132 0.03770814 0.03355804 0.0277092  0.03881852
 0.00935132 0.02404991 0.07516907 0.0596602  0.03355804 0.0277092
 0.07116856 0.00935132 0.00935132]
[0.0267689  0.05984401 0.03809567 0.04425041 0.03678462 0.03510391
 0.07422873 0.03376691 0.03797486 0.0114926  0.03510391 0.03123516
 0.05047742 0.01122533 0.04396851 0.03510391 0.03123516 0.04425041
 0.01122533 0.03298896 0.06797829 0.06762986 0.03510391 0.03123516
 0.05047742 0.01122533 0.01122533]
[0.01927562 0.07150126 0.02232045 0.0374992  0.0239211  0.04115425
 0.07255    0.04057555 0.03269056 0.01235975 0.04115425 0.03967536
 0.0650012  0.00926023 0.04486461 0.04115425 0.03967536 0.0374992
 0.00926023 0.01827209 0.06559139 0.05039281 0.04115425 0.03967536
 0.0650012  0.00926023 0.00926023]
[0.01927562 0.07150126 0.02232045 0.0374992  0.0239211  0.04115425
 0.07255    0.04057555 0.03269056 0.01235975 0.04115425 0.03967536
 0.0650012  0.00926023 0.04486461 0.04115425 0.03967536 0.0374992
 0.00926023 0.01827209 0.06559139 0.05039281 0.04115425 0.03967536
 0.0650012  0.00926023 0.00926023]]