167172
Test: public void test0() throws Throwable { FileContent fileContent0 = mock(FileContent.class, new ViolatedAssumptionAnswer()); doReturn(0L).when(fileContent0).write(any(java.io.OutputStream.class)); FileObject fileObject0 = mock(FileObject.class, new ViolatedAssumptionAnswer()); doReturn(fileContent0).when(fileObject0).getContent(); OutputStream outputStream0 = mock(OutputStream.class, new ViolatedAssumptionAnswer()); FileUtil.writeContent(fileObject0, outputStream0); }
Code: public static void writeContent(final FileObject file, final OutputStream output) throws IOException { FileObjectUtils.writeContent(file, output); }
[[0.05257329 0.1503501  0.0420389  0.07292906 0.07292906 0.02384499
 0.04168518 0.05686468 0.07292907 0.12740624 0.02617938 0.06620712
 0.07292908 0.09958576 0.02154807]
[0.05640702 0.14466086 0.03587388 0.07672615 0.07672615 0.02064204
 0.0406561  0.0521735  0.07672615 0.1159005  0.03204348 0.09338053
 0.07672617 0.07559727 0.02576015]
[0.04121629 0.1432221  0.03559702 0.08056848 0.08056848 0.01619682
 0.03553467 0.05290067 0.08056849 0.14712322 0.02272845 0.07009737
 0.08056849 0.09170538 0.02140409]
[0.04442851 0.14953734 0.03808407 0.07502633 0.07502633 0.02049367
 0.04144052 0.06394683 0.07502633 0.14315617 0.02878559 0.06560525
 0.07502635 0.08177356 0.02264318]
[0.04442851 0.14953734 0.03808407 0.07502633 0.07502633 0.02049367
 0.04144052 0.06394683 0.07502633 0.14315617 0.02878559 0.06560525
 0.07502635 0.08177356 0.02264318]
[0.0427302  0.14372942 0.03109722 0.07711148 0.07711148 0.01972746
 0.04139981 0.06341085 0.07711147 0.12532938 0.0230511  0.09242821
 0.07711148 0.09451243 0.0141381 ]
[0.04931345 0.14550754 0.03624601 0.07770413 0.07770413 0.0173136
 0.03264076 0.05959445 0.07770413 0.13195403 0.03024454 0.08097995
 0.07770414 0.08928929 0.01609982]
[0.04792841 0.13418275 0.04051802 0.07398292 0.07398292 0.01918697
 0.04629952 0.06055133 0.07398292 0.13008969 0.03123652 0.08187835
 0.07398292 0.09056373 0.02163302]
[0.04442851 0.14953734 0.03808407 0.07502633 0.07502633 0.02049367
 0.04144052 0.06394683 0.07502633 0.14315617 0.02878559 0.06560525
 0.07502635 0.08177356 0.02264318]
[0.03916174 0.13845222 0.03741129 0.06954087 0.06954087 0.01645632
 0.03183419 0.05037011 0.06954089 0.19419365 0.02432126 0.09131891
 0.0695409  0.08026326 0.01805349]
[0.04204979 0.15095691 0.03302323 0.08036798 0.08036798 0.01576744
 0.03543242 0.04571424 0.08036797 0.16346276 0.02242365 0.06936601
 0.08036798 0.08514143 0.01519009]
[0.05469642 0.12565327 0.04736855 0.07349413 0.07349413 0.026721
 0.05354094 0.0698211  0.07349413 0.09759331 0.03605113 0.08381648
 0.07349414 0.08055003 0.03021126]
[0.04442851 0.14953732 0.03808407 0.07502633 0.07502633 0.02049366
 0.04144051 0.06394684 0.07502633 0.14315617 0.02878559 0.06560525
 0.07502633 0.08177355 0.02264318]
[0.04202779 0.14702308 0.03398575 0.06532848 0.06532848 0.02035541
 0.04388788 0.06295405 0.06532848 0.14972895 0.02513671 0.0983863
 0.06532848 0.09820087 0.0169993 ]
[0.03760155 0.15607479 0.03467117 0.07067762 0.07067762 0.02061617
 0.03382503 0.05495773 0.07067762 0.15851575 0.02974637 0.09456471
 0.07067762 0.07626668 0.02044957]]