11538
Test: public void test5() throws Throwable { FailableLongPredicate<Throwable> failableLongPredicate0 = FailableLongPredicate.truePredicate(); // Undeclared exception!  failableLongPredicate0.or((FailableLongPredicate<Throwable>) null);   }
Code: default FailableLongPredicate<E> or(final FailableLongPredicate<E> other) { Objects.requireNonNull(other); return t -> test(t) || other.test(t); }
[[0.12588264 0.06588905 0.06588905 0.06588905 0.08423971 0.09061584
 0.06588905 0.06009115 0.07908968 0.08798309 0.06588904 0.06040011
 0.06588905 0.01636352]
[0.11390202 0.06778903 0.06778903 0.06778903 0.0954312  0.0689909
 0.06778903 0.04991624 0.0721135  0.11120585 0.06778903 0.05854175
 0.06778904 0.02316438]
[0.11390202 0.06778903 0.06778903 0.06778903 0.0954312  0.0689909
 0.06778903 0.04991624 0.0721135  0.11120585 0.06778903 0.05854175
 0.06778904 0.02316438]
[0.11390202 0.06778903 0.06778903 0.06778903 0.0954312  0.0689909
 0.06778903 0.04991624 0.0721135  0.11120585 0.06778903 0.05854175
 0.06778904 0.02316438]
[0.11444104 0.06891277 0.06891277 0.06891277 0.10018413 0.08558442
 0.06891277 0.05911436 0.07518409 0.08366475 0.06891277 0.04957961
 0.06891277 0.01877102]
[0.09115885 0.06845897 0.06845897 0.06845897 0.08774978 0.09419054
 0.06845897 0.06185731 0.08157784 0.09074105 0.06845898 0.04980842
 0.06845899 0.03216236]
[0.11390202 0.06778903 0.06778903 0.06778903 0.0954312  0.0689909
 0.06778903 0.04991624 0.0721135  0.11120585 0.06778903 0.05854175
 0.06778904 0.02316438]
[0.15875605 0.06825526 0.06825526 0.06825526 0.08969115 0.07220278
 0.06825526 0.05036509 0.07677005 0.08097242 0.06825526 0.04210448
 0.06825528 0.01960647]
[0.12123564 0.06856023 0.06856023 0.06856023 0.08932779 0.09889808
 0.06856023 0.05448302 0.07602725 0.08552478 0.06856023 0.04758421
 0.06856023 0.01555783]
[0.10934812 0.06809318 0.06809318 0.06809318 0.08405204 0.10020698
 0.06809318 0.06070396 0.08129748 0.08286585 0.06809318 0.0523036
 0.06809319 0.02066285]
[0.11390202 0.06778903 0.06778903 0.06778903 0.0954312  0.0689909
 0.06778903 0.04991624 0.0721135  0.11120585 0.06778903 0.05854175
 0.06778904 0.02316438]
[0.12493135 0.07149838 0.07149838 0.07149838 0.08067987 0.10543127
 0.07149838 0.05377626 0.07864738 0.0695318  0.07149836 0.04552519
 0.07149838 0.01248665]
[0.11390202 0.06778903 0.06778903 0.06778903 0.09543121 0.06899091
 0.06778903 0.04991624 0.0721135  0.11120586 0.06778903 0.05854175
 0.06778903 0.02316438]
[0.10280844 0.06393906 0.06393906 0.06393906 0.08693289 0.09917353
 0.06393906 0.07915919 0.0935197  0.07824333 0.06393906 0.05562713
 0.06393907 0.02090138]]