29874
Test: public void test2() throws Throwable { ForkJoinPool.DefaultForkJoinWorkerThreadFactory forkJoinPool_DefaultForkJoinWorkerThreadFactory0 = new ForkJoinPool.DefaultForkJoinWorkerThreadFactory(); ForkJoinPool forkJoinPool0 = new ForkJoinPool(); ForkJoinWorkerThread forkJoinWorkerThread0 = forkJoinPool_DefaultForkJoinWorkerThreadFactory0.newThread(forkJoinPool0); int int0 = forkJoinWorkerThread0.getPoolIndex(); }
Code: public int getPoolIndex() { return workQueue.poolIndex >>> 1; // ignore odd/even tag bit }
[[0.06233814 0.03925433 0.08648004 0.08402727 0.06871752 0.08648004
 0.04726885 0.03336073 0.08648004 0.08648004 0.08648004 0.11939422
 0.08648005 0.02675876]
[0.03884558 0.02666378 0.09637277 0.09578536 0.06365487 0.09637277
 0.04829371 0.02053047 0.09637278 0.09637278 0.09637278 0.10812581
 0.0963728  0.01986372]
[0.05161048 0.0328511  0.08504772 0.08785789 0.06280014 0.08504772
 0.04584976 0.02538175 0.08504773 0.08504773 0.08504773 0.15393789
 0.08504774 0.0294246 ]
[0.06299327 0.02939133 0.0790308  0.10911243 0.0714732  0.0790308
 0.04623514 0.03669849 0.07903082 0.07903082 0.07903082 0.13268828
 0.07903083 0.03722298]
[0.04355159 0.02572184 0.08627479 0.08626128 0.06303849 0.08627479
 0.05184298 0.02579343 0.08627479 0.08627479 0.08627479 0.1625585
 0.0862748  0.02358315]
[0.05161048 0.0328511  0.08504772 0.08785789 0.06280014 0.08504772
 0.04584976 0.02538175 0.08504773 0.08504773 0.08504773 0.15393789
 0.08504774 0.0294246 ]
[0.05581484 0.02633885 0.07483838 0.09674333 0.08694585 0.07483838
 0.04837178 0.02314167 0.07483838 0.07483838 0.07483838 0.1824575
 0.07483839 0.03115581]
[0.05436298 0.03438298 0.08376567 0.0987386  0.08368418 0.08376567
 0.0525337  0.02643591 0.08376567 0.08376567 0.08376567 0.12162776
 0.08376567 0.02563986]
[0.05161048 0.0328511  0.08504772 0.08785789 0.06280014 0.08504772
 0.04584976 0.02538175 0.08504773 0.08504773 0.08504773 0.15393789
 0.08504774 0.0294246 ]
[0.05161048 0.0328511  0.08504772 0.08785789 0.06280014 0.08504772
 0.04584976 0.02538175 0.08504773 0.08504773 0.08504773 0.15393789
 0.08504774 0.0294246 ]
[0.05161048 0.0328511  0.08504772 0.08785789 0.06280014 0.08504772
 0.04584976 0.02538175 0.08504773 0.08504773 0.08504773 0.15393789
 0.08504774 0.0294246 ]
[0.05756744 0.03059408 0.08439833 0.09836041 0.06282317 0.08439833
 0.04549816 0.02340323 0.08439834 0.08439834 0.08439834 0.1494956
 0.08439836 0.02586786]
[0.05161048 0.03285111 0.08504772 0.08785789 0.06280014 0.08504772
 0.04584976 0.02538175 0.08504772 0.08504772 0.08504772 0.15393789
 0.08504773 0.0294246 ]
[0.04346036 0.03231549 0.07896916 0.12501362 0.09877009 0.07896916
 0.04454668 0.02758255 0.07896916 0.07896916 0.07896916 0.12823613
 0.07896918 0.02626014]]