35297
Test: public void test52() throws Throwable { JexlUberspect.ResolverStrategy jexlUberspect_ResolverStrategy0 = JexlUberspect.MAP_STRATEGY; Uberspect uberspect0 = new Uberspect((Log) null, jexlUberspect_ResolverStrategy0); Class<SQLWarning> class0 = SQLWarning.class; // Undeclared exception!  uberspect0.getMethods(class0, "org.apache.commons.jexl3.internal.InterpreterBase");   }
Code: public final Method[] getMethods(final Class<?> c, final String methodName) { return base().getMethods(c, methodName); }
[[0.05899725 0.04723303 0.0818436  0.0818436  0.03081985 0.16312972
 0.04723303 0.07587729 0.0818436  0.07774225 0.06481468 0.0818436
 0.08184361 0.02493485]
[0.05256252 0.03562102 0.07782674 0.07782674 0.02382607 0.19623731
 0.03562102 0.07802958 0.07782673 0.0941007  0.07657677 0.07782673
 0.07782674 0.01829127]
[0.04755395 0.04704514 0.07864181 0.07864181 0.02734075 0.18811984
 0.04704514 0.08575253 0.07864181 0.07941123 0.05782343 0.07864181
 0.07864182 0.02669889]
[0.04755395 0.04704514 0.07864181 0.07864181 0.02734075 0.18811984
 0.04704514 0.08575253 0.07864181 0.07941123 0.05782343 0.07864181
 0.07864182 0.02669889]
[0.04764878 0.0479092  0.07739846 0.07739846 0.02476866 0.1753406
 0.0479092  0.06987675 0.07739848 0.09366267 0.07894684 0.07739848
 0.07739849 0.02694492]
[0.04617615 0.04466164 0.08317146 0.08317146 0.03458506 0.13298848
 0.04466164 0.08934861 0.08317146 0.09342103 0.07812648 0.08317146
 0.08317147 0.02017358]
[0.05256252 0.03562102 0.07782674 0.07782674 0.02382607 0.19623731
 0.03562102 0.07802958 0.07782673 0.0941007  0.07657677 0.07782673
 0.07782674 0.01829127]
[0.05925624 0.04630768 0.08271211 0.08271211 0.02531876 0.16519858
 0.04630768 0.06759252 0.08271211 0.09274402 0.06050791 0.08271211
 0.08271211 0.02320607]
[0.04755395 0.04704514 0.07864181 0.07864181 0.02734075 0.18811984
 0.04704514 0.08575253 0.07864181 0.07941123 0.05782343 0.07864181
 0.07864182 0.02669889]
[0.05883049 0.05800742 0.07433448 0.07433448 0.02972589 0.13984145
 0.05800742 0.08175331 0.07433449 0.10072199 0.06690423 0.07433449
 0.07433449 0.03453537]
[0.04140441 0.03847082 0.08094394 0.08094394 0.03331098 0.18856423
 0.03847082 0.08838047 0.08094393 0.0842135  0.05955216 0.08094393
 0.08094396 0.02291286]
[0.04755395 0.04704514 0.07864181 0.07864181 0.02734075 0.18811984
 0.04704514 0.08575253 0.07864181 0.07941123 0.05782343 0.07864181
 0.07864182 0.02669889]
[0.04755395 0.04704513 0.07864182 0.07864182 0.02734075 0.18811989
 0.04704513 0.08575252 0.07864182 0.07941124 0.05782344 0.07864182
 0.07864182 0.02669889]
[0.04081563 0.03750796 0.07494705 0.07494705 0.02571322 0.18077968
 0.03750796 0.07470109 0.07494705 0.11288118 0.09145156 0.07494705
 0.07494707 0.02390647]]