164200
Test: public void test0() throws Throwable { Object object0 = new Object(); BaseProxyHandler<Object> baseProxyHandler0 = new BaseProxyHandler<Object>(object0, (UsageTracking<Object>) null); Method method0 = null; Object[] objectArray0 = new Object[0];  baseProxyHandler0.doInvoke((Method) null, objectArray0);   }
Code: Object doInvoke(final Method method, final Object[] args) throws Throwable { validateProxiedObject(); final T object = getPooledObject(); if (usageTracking != null) { usageTracking.use(object); } return method.invoke(object, args); }
[[0.01836601 0.03421875 0.07088037 0.02148274 0.01897385 0.07018864
 0.06755305 0.08797817 0.07238021 0.05500464 0.03421875 0.01897385
 0.01287221 0.01603487 0.01877963 0.03421875 0.08087853 0.03421875
 0.01613905 0.01260204 0.05500464 0.03421875 0.01020546 0.03222087
 0.03421876 0.02796321 0.01020546]
[0.01876882 0.03929605 0.08534694 0.02282142 0.02331758 0.07490385
 0.06964039 0.07701182 0.05416482 0.03911956 0.03929605 0.02331758
 0.01554148 0.01414818 0.02580868 0.03929605 0.05871177 0.03929605
 0.01589531 0.0169984  0.03911956 0.03929605 0.01318478 0.02881784
 0.03929606 0.03440006 0.01318478]
[0.01837854 0.03919642 0.07128233 0.02490214 0.02371155 0.0775872
 0.06163051 0.06335663 0.07030986 0.04351526 0.03919642 0.02371155
 0.01328484 0.0187306  0.01901898 0.03919642 0.07516664 0.03919642
 0.01447532 0.01320051 0.04351526 0.03919642 0.01049626 0.0320608
 0.03919642 0.0359905  0.01049626]
[0.01469324 0.03386375 0.0710773  0.0186119  0.02307344 0.10123001
 0.08593532 0.07306679 0.08399952 0.04258956 0.03386375 0.02307344
 0.01101852 0.01332826 0.01562844 0.03386375 0.07205401 0.03386375
 0.01211089 0.00882589 0.04258956 0.03386375 0.01014206 0.03045523
 0.03386375 0.03317202 0.01014206]
[0.01858366 0.0389742  0.07843017 0.01531133 0.01714536 0.07849877
 0.06774811 0.06643189 0.0792527  0.04404953 0.0389742  0.01714536
 0.01407275 0.01777138 0.0197858  0.0389742  0.08490564 0.0389742
 0.01187863 0.01136924 0.04404953 0.0389742  0.00864741 0.03720766
 0.0389742  0.02522248 0.00864741]
[0.01990974 0.03779322 0.06079736 0.02270307 0.01977411 0.08260104
 0.05607393 0.06536937 0.09508307 0.04425844 0.03779322 0.01977411
 0.01549137 0.01572071 0.02294525 0.03779322 0.07380928 0.03779322
 0.01562393 0.01337666 0.04425844 0.03779322 0.01175784 0.02880862
 0.03779323 0.03334653 0.01175783]
[0.01593022 0.03964741 0.0749414  0.01636188 0.02182128 0.08707758
 0.07148128 0.07121114 0.08203235 0.04033073 0.03964741 0.02182128
 0.01007364 0.01256406 0.01687112 0.03964741 0.0821979  0.03964741
 0.01117016 0.01186995 0.04033073 0.03964741 0.00738287 0.03092617
 0.03964741 0.02833696 0.00738287]
[0.01842168 0.03421324 0.07995334 0.01603144 0.01641347 0.08532864
 0.05945451 0.09586275 0.06969332 0.04918792 0.03421324 0.01641347
 0.00952082 0.01210942 0.01767113 0.03421324 0.08882705 0.03421324
 0.01597946 0.01197498 0.04918792 0.03421324 0.00954115 0.03275731
 0.03421325 0.03084969 0.00954115]
[0.02542971 0.03601632 0.05521689 0.02966286 0.0218255  0.07830761
 0.05889177 0.07035436 0.05699059 0.05170673 0.03601632 0.0218255
 0.01688012 0.01931966 0.02018632 0.03601632 0.05921601 0.03601632
 0.020687   0.02090855 0.05170673 0.03601632 0.02290598 0.03073364
 0.03601632 0.0282405  0.02290599]
[0.01825716 0.04006968 0.04588018 0.02872461 0.0301099  0.08578905
 0.04998327 0.05414491 0.05769668 0.04949941 0.04006968 0.0301099
 0.01636391 0.0191017  0.02553197 0.04006968 0.05277376 0.04006968
 0.02176289 0.01978509 0.04949941 0.04006968 0.01742    0.03525536
 0.04006969 0.03447273 0.01742   ]
[0.01876882 0.03929605 0.08534694 0.02282142 0.02331758 0.07490385
 0.06964039 0.07701182 0.05416482 0.03911956 0.03929605 0.02331758
 0.01554148 0.01414818 0.02580868 0.03929605 0.05871177 0.03929605
 0.01589531 0.0169984  0.03911956 0.03929605 0.01318478 0.02881784
 0.03929606 0.03440006 0.01318478]
[0.01858366 0.0389742  0.07843017 0.01531133 0.01714536 0.07849877
 0.06774811 0.06643189 0.0792527  0.04404953 0.0389742  0.01714536
 0.01407275 0.01777138 0.0197858  0.0389742  0.08490564 0.0389742
 0.01187863 0.01136924 0.04404953 0.0389742  0.00864741 0.03720766
 0.0389742  0.02522248 0.00864741]
[0.01980029 0.04007609 0.06797659 0.02530659 0.02318001 0.07673393
 0.07306464 0.07813391 0.05710451 0.04137264 0.04007609 0.02318001
 0.01439073 0.0153187  0.02112283 0.04007609 0.07067235 0.04007609
 0.01816417 0.0130605  0.04137264 0.04007609 0.01132775 0.02918519
 0.0400761  0.0277477  0.01132775]
[0.01890028 0.03709584 0.06511089 0.01751407 0.02000722 0.1074695
 0.06344565 0.07939279 0.08099616 0.04468326 0.03709584 0.02000722
 0.01256447 0.01213017 0.01615591 0.03709584 0.08109794 0.03709584
 0.01113034 0.00910296 0.04468326 0.03709584 0.00629243 0.0362086
 0.03709584 0.02423937 0.00629243]
[0.02075566 0.04489252 0.04737345 0.03413731 0.02672896 0.06314711
 0.04193035 0.04805946 0.069309   0.03572396 0.04489252 0.02672896
 0.01746416 0.01901753 0.02627845 0.04489252 0.07022592 0.04489252
 0.02655648 0.02027641 0.03572396 0.04489252 0.0155253  0.03481179
 0.04489253 0.03534535 0.0155253 ]
[0.01876882 0.03929605 0.08534694 0.02282142 0.02331758 0.07490385
 0.06964039 0.07701182 0.05416482 0.03911956 0.03929605 0.02331758
 0.01554148 0.01414818 0.02580868 0.03929605 0.05871177 0.03929605
 0.01589531 0.0169984  0.03911956 0.03929605 0.01318478 0.02881784
 0.03929606 0.03440006 0.01318478]
[0.01290288 0.03760177 0.07725392 0.01219964 0.01376446 0.10417337
 0.09367824 0.09855346 0.07371253 0.03932525 0.03760177 0.01376446
 0.00819529 0.00908981 0.01360772 0.03760177 0.09715963 0.03760177
 0.00695528 0.00643479 0.03932525 0.03760177 0.00588053 0.02260735
 0.03760178 0.01992499 0.00588053]
[0.01876882 0.03929605 0.08534694 0.02282142 0.02331758 0.07490385
 0.06964039 0.07701182 0.05416482 0.03911956 0.03929605 0.02331758
 0.01554148 0.01414818 0.02580868 0.03929605 0.05871177 0.03929605
 0.01589531 0.0169984  0.03911956 0.03929605 0.01318478 0.02881784
 0.03929606 0.03440006 0.01318478]
[0.01652531 0.03533168 0.06374738 0.01911478 0.02208595 0.10459569
 0.07699366 0.07558037 0.08180791 0.0461278  0.03533168 0.02208595
 0.01241907 0.01466065 0.0166612  0.03533168 0.07912005 0.03533168
 0.00852198 0.01044098 0.0461278  0.03533168 0.00823682 0.02783141
 0.03533169 0.02708827 0.00823682]
[0.01938724 0.03758701 0.0719597  0.02870954 0.01787305 0.06218146
 0.06584238 0.07294256 0.08142386 0.04948802 0.03758701 0.01787305
 0.01244609 0.01460187 0.01383729 0.03758701 0.09576903 0.03758701
 0.01179832 0.01293276 0.04948802 0.03758701 0.00753456 0.02580371
 0.03758701 0.03505087 0.00753456]
[0.01825716 0.04006968 0.04588018 0.02872461 0.0301099  0.08578905
 0.04998327 0.05414491 0.05769668 0.04949941 0.04006968 0.0301099
 0.01636391 0.0191017  0.02553197 0.04006968 0.05277376 0.04006968
 0.02176289 0.01978509 0.04949941 0.04006968 0.01742    0.03525536
 0.04006969 0.03447273 0.01742   ]
[0.01876882 0.03929605 0.08534694 0.02282142 0.02331758 0.07490385
 0.06964039 0.07701182 0.05416482 0.03911956 0.03929605 0.02331758
 0.01554148 0.01414818 0.02580868 0.03929605 0.05871177 0.03929605
 0.01589531 0.0169984  0.03911956 0.03929605 0.01318478 0.02881784
 0.03929606 0.03440006 0.01318478]
[0.01932389 0.03544464 0.06079528 0.02409174 0.01714446 0.09083107
 0.06151242 0.07984912 0.07795224 0.04881753 0.03544464 0.01714446
 0.01338831 0.0171612  0.01715542 0.03544464 0.07319547 0.03544464
 0.01386129 0.01188244 0.04881753 0.03544464 0.01050104 0.04143758
 0.03544465 0.0319686  0.01050104]
[0.01791275 0.03749824 0.07669068 0.02086664 0.0175419  0.10553332
 0.07542874 0.07007933 0.07742061 0.03785255 0.03749824 0.0175419
 0.01059041 0.01015105 0.01860894 0.03749824 0.07784604 0.03749824
 0.0117995  0.01112863 0.03785255 0.03749824 0.01033647 0.02744374
 0.03749825 0.0320484  0.01033647]
[0.01876882 0.03929606 0.08534693 0.02282143 0.02331758 0.07490386
 0.0696404  0.07701184 0.05416481 0.03911957 0.03929606 0.02331758
 0.01554148 0.01414818 0.02580868 0.03929606 0.05871177 0.03929606
 0.01589531 0.0169984  0.03911957 0.03929606 0.01318478 0.02881785
 0.03929606 0.03440006 0.01318478]
[0.02036117 0.03739406 0.07939985 0.01890215 0.02119893 0.09159743
 0.07170668 0.0795932  0.07749724 0.04128571 0.03739406 0.02119893
 0.01270525 0.01474176 0.01605556 0.03739406 0.05991166 0.03739406
 0.01625348 0.01177007 0.04128571 0.03739406 0.01009663 0.02852682
 0.03739407 0.03145082 0.01009663]
[0.0193239  0.03544464 0.06079527 0.02409174 0.01714446 0.09083108
 0.06151242 0.07984912 0.07795224 0.04881754 0.03544464 0.01714446
 0.01338831 0.01716121 0.01715542 0.03544464 0.07319546 0.03544464
 0.01386129 0.01188244 0.04881754 0.03544464 0.01050104 0.04143758
 0.03544465 0.03196861 0.01050104]]