37391
Test: public void test137() throws Throwable { Period period0 = Period.seconds((-3353)); Period period1 = period0.ZERO.plusDays(0); }
Code: public Period plusDays(int days) { if (days == 0) { return this; } int[] values = getValues(); // cloned getPeriodType().addIndexedField(this, PeriodType.DAY_INDEX, values, days); return new Period(values, getPeriodType()); }
[[0.02419376 0.04279502 0.03356789 0.08805107 0.03735359 0.06573209
 0.04717343 0.03670796 0.01480783 0.03735359 0.02725532 0.02254556
 0.01142278 0.08768816 0.02133621 0.01554841 0.03532336 0.03356789
 0.04801427 0.03356789 0.03356789 0.05957111 0.02519052 0.02725532
 0.0118505  0.03356789 0.03356789 0.01142278]
[0.02353178 0.04162132 0.02945457 0.08932148 0.05159534 0.07114036
 0.05117935 0.02960487 0.01898806 0.05159534 0.02686879 0.02458591
 0.01194796 0.07761492 0.02499643 0.01630037 0.03391022 0.02945457
 0.04455619 0.02945457 0.02945457 0.05551836 0.02713551 0.02686879
 0.01244332 0.02945457 0.02945457 0.01194797]
[0.02066456 0.05326397 0.03342822 0.09821322 0.03863001 0.05231443
 0.05994129 0.03806495 0.0171672  0.03863001 0.02523594 0.02191156
 0.01270652 0.08501358 0.01833526 0.02345922 0.02519711 0.03342822
 0.03847425 0.03342822 0.03342822 0.05117064 0.02687405 0.02523594
 0.0162205  0.03342822 0.03342822 0.01270652]
[0.02790752 0.0459052  0.03456644 0.10257797 0.03633383 0.0605205
 0.05331489 0.03023516 0.01446639 0.03633383 0.03264153 0.02009658
 0.01062524 0.07887014 0.01917935 0.01713546 0.02888517 0.03456644
 0.04605684 0.03456644 0.03456644 0.05261404 0.02357548 0.03264153
 0.01205948 0.03456644 0.03456644 0.01062524]
[0.027817   0.04682327 0.03459387 0.06940704 0.04886665 0.04736411
 0.06759004 0.0288094  0.0196684  0.04886665 0.03147222 0.02404518
 0.01656924 0.06694831 0.01993856 0.02334535 0.03383902 0.03459387
 0.03547733 0.03459387 0.03459387 0.04546386 0.02716364 0.03147222
 0.01492014 0.03459387 0.03459387 0.01656923]
[0.01513237 0.04720267 0.02998149 0.13682531 0.04255341 0.08933629
 0.0439697  0.02707284 0.01652117 0.04255341 0.02060255 0.01465945
 0.00609068 0.131034   0.01133685 0.01276559 0.01893919 0.02998149
 0.04220895 0.02998149 0.02998149 0.04647507 0.02184458 0.02060255
 0.00629373 0.02998149 0.02998149 0.00609068]
[0.02167212 0.04722647 0.03131926 0.10298188 0.04672028 0.07991543
 0.03987837 0.03105704 0.02243249 0.04672028 0.02649312 0.02275659
 0.00968542 0.08373299 0.01845185 0.0162488  0.02776339 0.03131926
 0.04403162 0.03131926 0.03131926 0.04940703 0.02627306 0.02649312
 0.01245766 0.03131926 0.03131926 0.00968542]
[0.01458709 0.05900899 0.02062292 0.13919714 0.04778024 0.07931684
 0.05174697 0.03421298 0.01963008 0.04778024 0.02469453 0.01902798
 0.00931667 0.11637092 0.01840413 0.01579321 0.02248411 0.02062292
 0.0389421  0.02062292 0.02062292 0.04775262 0.02608027 0.02469453
 0.01012419 0.02062291 0.02062291 0.00931667]
[0.02065333 0.04430566 0.03309986 0.09150394 0.04084805 0.06992391
 0.04376284 0.03266791 0.01539352 0.04084805 0.03311082 0.0197464
 0.01376869 0.09694462 0.02126221 0.01631148 0.0240611  0.03309986
 0.0393631  0.03309986 0.03309986 0.05358895 0.0269962  0.03311082
 0.00946061 0.03309986 0.03309986 0.01376869]
[0.027817   0.04682327 0.03459387 0.06940704 0.04886665 0.04736411
 0.06759004 0.0288094  0.0196684  0.04886665 0.03147222 0.02404518
 0.01656924 0.06694831 0.01993856 0.02334535 0.03383902 0.03459387
 0.03547733 0.03459387 0.03459387 0.04546386 0.02716364 0.03147222
 0.01492014 0.03459387 0.03459387 0.01656923]
[0.01662439 0.04271212 0.03051243 0.13758843 0.03788099 0.06509349
 0.05542569 0.02871419 0.01535279 0.03788099 0.02321281 0.01614026
 0.01010825 0.11436073 0.0178898  0.01658099 0.02616863 0.03051243
 0.04414342 0.03051243 0.03051243 0.04555884 0.02254253 0.02321281
 0.00962507 0.03051243 0.03051243 0.01010825]
[0.02646335 0.04218768 0.03463028 0.08725263 0.04727154 0.06390141
 0.04452182 0.030602   0.0168313  0.04727154 0.03149923 0.01747546
 0.01210656 0.07593046 0.01948949 0.0154333  0.03614068 0.03463028
 0.04524293 0.03463028 0.03463028 0.05242793 0.02521738 0.03149923
 0.01134582 0.03463028 0.03463028 0.01210656]
[0.01762733 0.06205456 0.03196905 0.08080827 0.05105434 0.06929021
 0.04382144 0.03103649 0.01420842 0.05105434 0.04016171 0.01770702
 0.01070934 0.0741997  0.02028552 0.0165645  0.02752865 0.03196905
 0.04687241 0.03196905 0.03196905 0.05313173 0.01928837 0.04016171
 0.0099103  0.03196905 0.03196905 0.01070934]
[0.02731299 0.0459102  0.03037832 0.1093675  0.04536415 0.05331596
 0.05455732 0.02936625 0.01875887 0.04536415 0.03290818 0.02148808
 0.01143316 0.07553571 0.02112849 0.01875405 0.03190845 0.03037832
 0.04505663 0.03037832 0.03037832 0.05065365 0.02203918 0.03290818
 0.01316584 0.03037832 0.03037832 0.01143316]
[0.01762643 0.04436399 0.0317233  0.11155687 0.04049325 0.07450882
 0.04479441 0.0276328  0.01192687 0.04049325 0.02929175 0.01593432
 0.00915109 0.11831796 0.0171612  0.0146438  0.02627265 0.0317233
 0.03620536 0.0317233  0.0317233  0.06087679 0.02038597 0.02929175
 0.00957977 0.0317233  0.0317233  0.00915109]
[0.02843933 0.03944711 0.04017729 0.05721382 0.03384726 0.06329254
 0.05543137 0.03165101 0.02188642 0.03384726 0.0315434  0.02971281
 0.01435476 0.0683157  0.02383833 0.02407664 0.03411159 0.04017729
 0.03486764 0.04017729 0.04017729 0.04755802 0.0261237  0.0315434
 0.01347943 0.04017729 0.04017729 0.01435476]
[0.02210002 0.05132818 0.03362457 0.10784595 0.04034418 0.06605995
 0.05012651 0.03529389 0.01740476 0.04034418 0.02197328 0.01839161
 0.00919732 0.08693701 0.020735   0.01366335 0.02669436 0.03362457
 0.0475557  0.03362457 0.03362457 0.05499367 0.0255887  0.02197328
 0.01050436 0.03362457 0.03362457 0.00919732]
[0.02066456 0.05326397 0.03342822 0.09821322 0.03863001 0.05231443
 0.05994129 0.03806495 0.0171672  0.03863001 0.02523594 0.02191156
 0.01270652 0.08501358 0.01833526 0.02345922 0.02519711 0.03342822
 0.03847425 0.03342822 0.03342822 0.05117064 0.02687405 0.02523594
 0.0162205  0.03342822 0.03342822 0.01270652]
[0.01785113 0.0542524  0.0256956  0.14631148 0.04673609 0.07320561
 0.05642785 0.03040571 0.01889027 0.04673609 0.02016399 0.01701152
 0.00753032 0.10576626 0.01459818 0.0145891  0.02480659 0.0256956
 0.03946825 0.0256956  0.0256956  0.04914057 0.0248154  0.02016399
 0.00942529 0.0256956  0.0256956  0.00753032]
[0.02066456 0.05326397 0.03342822 0.09821322 0.03863001 0.05231443
 0.05994129 0.03806495 0.0171672  0.03863001 0.02523594 0.02191156
 0.01270652 0.08501358 0.01833526 0.02345922 0.02519711 0.03342822
 0.03847425 0.03342822 0.03342822 0.05117064 0.02687405 0.02523594
 0.0162205  0.03342822 0.03342822 0.01270652]
[0.02066456 0.05326397 0.03342822 0.09821322 0.03863001 0.05231443
 0.05994129 0.03806495 0.0171672  0.03863001 0.02523594 0.02191156
 0.01270652 0.08501358 0.01833526 0.02345922 0.02519711 0.03342822
 0.03847425 0.03342822 0.03342822 0.05117064 0.02687405 0.02523594
 0.0162205  0.03342822 0.03342822 0.01270652]
[0.0197237  0.05709305 0.02644488 0.13169983 0.03929965 0.0589865
 0.04386874 0.03291053 0.01788558 0.03929965 0.02684785 0.019217
 0.01175778 0.10106756 0.01962474 0.01932705 0.03064187 0.02644488
 0.0411711  0.02644488 0.02644488 0.05558699 0.02275372 0.02684785
 0.01396218 0.02644487 0.02644487 0.01175778]
[0.01735839 0.05168924 0.03114366 0.07738739 0.04028032 0.09211061
 0.04234519 0.03559238 0.02019192 0.04028032 0.02725338 0.0214751
 0.00891412 0.10241023 0.02060365 0.01608612 0.02785238 0.03114366
 0.03845942 0.03114366 0.03114366 0.06277494 0.0242224  0.02725338
 0.0096831  0.03114365 0.03114365 0.00891412]
[0.01662439 0.04271212 0.03051243 0.13758843 0.03788099 0.06509349
 0.05542569 0.02871419 0.01535279 0.03788099 0.02321281 0.01614026
 0.01010825 0.11436073 0.0178898  0.01658099 0.02616863 0.03051243
 0.04414342 0.03051243 0.03051243 0.04555884 0.02254253 0.02321281
 0.00962507 0.03051243 0.03051243 0.01010825]
[0.02132848 0.0408286  0.0303426  0.11116117 0.04426128 0.06909233
 0.0406016  0.0346836  0.01341397 0.04426128 0.03016429 0.01616211
 0.01245211 0.08085069 0.01953001 0.01658878 0.02338745 0.0303426
 0.04539228 0.0303426  0.0303426  0.06636893 0.0315819  0.03016429
 0.01321713 0.0303426  0.0303426  0.01245211]
[0.02066456 0.05326397 0.03342822 0.09821322 0.03863001 0.05231443
 0.05994129 0.03806495 0.0171672  0.03863001 0.02523594 0.02191156
 0.01270652 0.08501358 0.01833526 0.02345922 0.02519711 0.03342822
 0.03847425 0.03342822 0.03342822 0.05117064 0.02687405 0.02523594
 0.0162205  0.03342822 0.03342822 0.01270652]
[0.02066456 0.05326397 0.03342822 0.09821322 0.03863001 0.05231443
 0.05994129 0.03806495 0.0171672  0.03863001 0.02523594 0.02191156
 0.01270652 0.08501358 0.01833526 0.02345922 0.02519711 0.03342822
 0.03847425 0.03342822 0.03342822 0.05117064 0.02687405 0.02523594
 0.0162205  0.03342822 0.03342822 0.01270652]
[0.01762733 0.06205456 0.03196905 0.08080827 0.05105434 0.06929021
 0.04382144 0.03103649 0.01420842 0.05105434 0.04016171 0.01770702
 0.01070934 0.0741997  0.02028552 0.0165645  0.02752865 0.03196905
 0.04687241 0.03196905 0.03196905 0.05313173 0.01928837 0.04016171
 0.0099103  0.03196905 0.03196905 0.01070934]]