80865
Test: public void test1982() throws Throwable { int int0 = Utility.setBit(170, 0); String string0 = Utility.compactClassName("if_icmpge"); }
Code: public static String compactClassName( final String str ) { return compactClassName(str, true); }
[[0.05521689 0.1575301  0.07150235 0.07659604 0.04375259 0.07150235
 0.04874998 0.09302314 0.0693187  0.06023644 0.07659604 0.1533914
 0.02258399]
[0.05546959 0.14846319 0.08293685 0.07467784 0.04092618 0.08293685
 0.04491276 0.08729906 0.09912377 0.05258505 0.07467783 0.12915207
 0.02683894]
[0.05640396 0.16366829 0.06580838 0.08059096 0.04256044 0.06580838
 0.04781005 0.09101687 0.07981931 0.05660368 0.08059096 0.14883798
 0.02048072]
[0.04509143 0.15614463 0.08302946 0.0753852  0.0432893  0.08302946
 0.03731993 0.10478629 0.07078916 0.05471011 0.0753852  0.14693198
 0.02410784]
[0.04884123 0.1449087  0.0755196  0.07526034 0.03261041 0.0755196
 0.04405882 0.10056417 0.08285262 0.07102979 0.07526035 0.15724409
 0.01633025]
[0.05640396 0.16366829 0.06580838 0.08059096 0.04256044 0.06580838
 0.04781005 0.09101687 0.07981931 0.05660368 0.08059096 0.14883798
 0.02048072]
[0.03687217 0.16995527 0.06095756 0.0638867  0.03405565 0.06095756
 0.03721594 0.09408835 0.09416416 0.06491718 0.06388669 0.19960642
 0.01943631]
[0.0523942  0.12151247 0.08259285 0.07270062 0.05026788 0.08259285
 0.04443272 0.0846516  0.10515375 0.06117679 0.07270062 0.14315912
 0.02666448]
[0.05658384 0.13218343 0.08324603 0.07472417 0.05550477 0.08324603
 0.03499734 0.09269463 0.08963706 0.0652952  0.07472418 0.12534428
 0.03181909]
[0.03657008 0.16669533 0.08334878 0.07375789 0.03336718 0.08334878
 0.02983012 0.08882473 0.06974501 0.05339445 0.07375789 0.18815738
 0.01920238]
[0.04509143 0.15614463 0.08302946 0.0753852  0.0432893  0.08302946
 0.03731993 0.10478629 0.07078916 0.05471011 0.0753852  0.14693198
 0.02410784]
[0.05215618 0.1389575  0.07695265 0.08299965 0.05033107 0.07695265
 0.0433105  0.09440654 0.0783329  0.05576386 0.08299965 0.14415331
 0.02268355]
[0.03784182 0.15195808 0.06936079 0.0718914  0.03370065 0.06936079
 0.05145739 0.09536752 0.09076719 0.08077344 0.0718914  0.15578434
 0.01984516]]