29201
Test: public void test36() throws Throwable { Vector2D.Unit vector2D_Unit0 = Vector2D.Unit.PLUS_X; Rotation2D rotation2D0 = Rotation2D.createVectorRotation(vector2D_Unit0, vector2D_Unit0); String string0 = rotation2D0.toString(); }
Code: public String toString() { final StringBuilder sb = new StringBuilder(); sb.append(this.getClass().getSimpleName()) .append("[angle=") .append(angle) .append(']'); return sb.toString(); }
[[0.04760261 0.06060537 0.06026802 0.06708861 0.03868563 0.04796436
 0.03029909 0.03018342 0.02375895 0.07568137 0.06604061 0.06604061
 0.06604061 0.06604061 0.05283512 0.17979175 0.02107321]
[0.04420893 0.05031699 0.05794084 0.06983393 0.03466351 0.05981622
 0.02223898 0.02979819 0.01893961 0.08582976 0.06156756 0.06156756
 0.06156756 0.06156756 0.04521789 0.21748993 0.01743506]
[0.03119176 0.06972983 0.0443322  0.06407437 0.03133582 0.0379713
 0.01719561 0.02730215 0.01766975 0.09330469 0.05345217 0.05345217
 0.05345217 0.05345217 0.04745021 0.28821212 0.01642148]
[0.04664925 0.06516936 0.04529562 0.07932787 0.04597521 0.05962338
 0.02972813 0.03903159 0.02540103 0.08949248 0.05918343 0.05918343
 0.05918343 0.05918343 0.05312171 0.15717006 0.02728055]
[0.04367659 0.06553466 0.04967117 0.07713316 0.02948624 0.04505168
 0.02704626 0.03375674 0.01926652 0.07587845 0.06534976 0.06534976
 0.06534976 0.06534976 0.06360213 0.19345215 0.0150452 ]
[0.04399712 0.06238119 0.05395091 0.09224236 0.03690805 0.055404
 0.02898105 0.03111843 0.02215346 0.08621769 0.05923127 0.05923127
 0.05923127 0.05923127 0.0570199  0.16906849 0.02363226]
[0.04428435 0.07638577 0.04669652 0.07016449 0.03728754 0.05329105
 0.02476083 0.02965505 0.02244524 0.09071432 0.06565241 0.06565241
 0.06565241 0.06565241 0.05295626 0.16622093 0.02252802]
[0.05094725 0.06044808 0.04157445 0.05725513 0.04290559 0.05457816
 0.03393798 0.04215867 0.02395865 0.07407387 0.07207003 0.07207003
 0.07207003 0.07207003 0.05586673 0.14911464 0.02490067]
[0.03847868 0.06670387 0.06022488 0.07285893 0.03108873 0.04319905
 0.02477255 0.03051851 0.02464868 0.09518504 0.05767787 0.05767787
 0.05767787 0.05767787 0.05422408 0.20645455 0.02093102]
[0.03788936 0.05196388 0.04898836 0.07710558 0.03344534 0.05188812
 0.02048808 0.02751198 0.01767877 0.07530255 0.06099775 0.06099775
 0.06099775 0.06099775 0.05585497 0.24268177 0.01521033]
[0.03620905 0.06412371 0.05279678 0.06354081 0.03672132 0.0708793
 0.02504376 0.04022282 0.02806035 0.09208877 0.05932417 0.05932417
 0.05932417 0.05932417 0.0441097  0.18775365 0.02115326]
[0.03620905 0.06412371 0.05279678 0.06354081 0.03672132 0.0708793
 0.02504376 0.04022282 0.02806035 0.09208877 0.05932417 0.05932417
 0.05932417 0.05932417 0.0441097  0.18775365 0.02115326]
[0.03620905 0.06412371 0.05279678 0.06354081 0.03672132 0.0708793
 0.02504376 0.04022282 0.02806035 0.09208877 0.05932417 0.05932417
 0.05932417 0.05932417 0.0441097  0.18775365 0.02115326]
[0.03620905 0.06412371 0.05279678 0.06354081 0.03672132 0.0708793
 0.02504376 0.04022282 0.02806035 0.09208877 0.05932417 0.05932417
 0.05932417 0.05932417 0.0441097  0.18775365 0.02115326]
[0.0295325  0.05980442 0.03673229 0.0629029  0.02781435 0.05108474
 0.02312717 0.0291876  0.01732774 0.0975244  0.05634928 0.05634928
 0.05634928 0.05634928 0.04199006 0.28059834 0.01697633]
[0.03665218 0.05950702 0.04199232 0.08465903 0.0316783  0.06450425
 0.02230961 0.02745663 0.01794256 0.08533769 0.05974807 0.05974807
 0.05974807 0.05974807 0.05984611 0.21052033 0.01860169]
[0.03268135 0.05983558 0.06358778 0.08741143 0.02980286 0.04887477
 0.02677895 0.02992398 0.01833515 0.07739045 0.06052542 0.06052542
 0.06052542 0.06052542 0.07236639 0.19226415 0.01864554]]