34665
Test: public void test67() throws Throwable { JexlBuilder jexlBuilder0 = new JexlBuilder(); Engine engine0 = new Engine(jexlBuilder0); JexlOptions jexlOptions0 = new JexlOptions(); Scope scope0 = mock(Scope.class, new ViolatedAssumptionAnswer()); String[] stringArray0 = new String[2]; Scope scope1 = new Scope(scope0, stringArray0); Frame frame0 = new Frame(scope1, stringArray0, 2); Interpreter interpreter0 = new Interpreter(engine0, jexlOptions0, engine0.EMPTY_CONTEXT, frame0); ASTReference aSTReference0 = new ASTReference(6); Parser parser0 = new Parser("?"); ASTBlock aSTBlock0 = new ASTBlock(parser0, 783); aSTReference0.jjtAddChild(aSTBlock0, 783); boolean boolean0 = interpreter0.isFunctionCall(aSTReference0); }
Code: protected boolean isFunctionCall(final ASTReference node) { return (node.jjtGetNumChildren() > 0 && node.jjtGetChild(0) instanceof ASTFunctionNode); }
[[0.07408316 0.13868457 0.06890621 0.06890621 0.0504031  0.10591123
 0.06162979 0.06890621 0.10321251 0.03419899 0.0362213  0.0689062
 0.03049083 0.06890622 0.02063344]
[0.08061845 0.17549127 0.0711692  0.0711692  0.04782978 0.10991244
 0.0674758  0.0711692  0.06114021 0.03177077 0.02755105 0.07116921
 0.02242685 0.07116922 0.01993735]
[0.08298051 0.14411455 0.0689145  0.0689145  0.06344603 0.08203041
 0.05234795 0.0689145  0.08774333 0.04469857 0.03158459 0.0689145
 0.0396201  0.0689145  0.02686153]
[0.08298051 0.14411455 0.0689145  0.0689145  0.06344603 0.08203041
 0.05234795 0.0689145  0.08774333 0.04469857 0.03158459 0.0689145
 0.0396201  0.0689145  0.02686153]
[0.10152231 0.14027831 0.06767456 0.06767456 0.05947071 0.09948765
 0.06949775 0.06767456 0.06196947 0.04646108 0.03418327 0.06767457
 0.02972678 0.06767458 0.01902983]
[0.09207426 0.10443074 0.0653417  0.0653417  0.06306399 0.09892547
 0.06056349 0.0653417  0.07162932 0.05936828 0.0490825  0.06534171
 0.04120427 0.06534172 0.03294924]
[0.08701133 0.16521275 0.07021634 0.07021634 0.06695321 0.08262511
 0.05285179 0.07021634 0.07590774 0.03951    0.02755869 0.07021634
 0.02911655 0.07021636 0.02217112]
[0.08298051 0.14411455 0.0689145  0.0689145  0.06344603 0.08203041
 0.05234795 0.0689145  0.08774333 0.04469857 0.03158459 0.0689145
 0.0396201  0.0689145  0.02686153]
[0.06804915 0.13932462 0.07224012 0.07224012 0.06959768 0.08412126
 0.0644176  0.07224012 0.09885681 0.03676341 0.03303264 0.07224011
 0.02586887 0.07224011 0.01876745]
[0.07877367 0.17385545 0.06128187 0.06128187 0.06211405 0.09567671
 0.07023591 0.06128187 0.08918019 0.04169137 0.0330267  0.06128187
 0.03029602 0.06128188 0.01874059]
[0.07575993 0.17099097 0.07157765 0.07157765 0.05208428 0.09485245
 0.05217902 0.07157765 0.07311571 0.03444884 0.02932237 0.07157765
 0.02972484 0.07157767 0.02963331]
[0.08298051 0.14411455 0.0689145  0.0689145  0.06344603 0.08203041
 0.05234795 0.0689145  0.08774333 0.04469857 0.03158459 0.0689145
 0.0396201  0.0689145  0.02686153]
[0.07905035 0.15353784 0.06851143 0.06851143 0.07263612 0.08557843
 0.05412122 0.06851143 0.09311256 0.04033935 0.02651577 0.06851143
 0.02797772 0.06851145 0.02457348]
[0.08298051 0.14411455 0.06891449 0.06891449 0.06344602 0.08203042
 0.05234794 0.06891449 0.08774333 0.04469856 0.03158459 0.06891449
 0.0396201  0.0689145  0.02686153]
[0.07323282 0.11815819 0.06698633 0.06698633 0.05374744 0.12088038
 0.08967049 0.06698633 0.07885239 0.04197652 0.03534321 0.06698633
 0.02831645 0.06698634 0.02489048]]