39978
Test: public void test2() throws Throwable { GregorianChronology gregorianChronology0 = GregorianChronology.getInstance(); LenientChronology lenientChronology0 = LenientChronology.getInstance(gregorianChronology0); DateTimeZone dateTimeZone0 = DateTimeZone.forOffsetMillis((-934)); BuddhistChronology buddhistChronology0 = BuddhistChronology.getInstance(dateTimeZone0); DateTimeField dateTimeField0 = buddhistChronology0.era(); SkipUndoDateTimeField skipUndoDateTimeField0 = new SkipUndoDateTimeField(lenientChronology0, dateTimeField0, 4917); StrictDateTimeField strictDateTimeField0 = new StrictDateTimeField(skipUndoDateTimeField0); // Undeclared exception!  strictDateTimeField0.set(117L, 4917);   }
Code: public long set(long instant, int value) { FieldUtils.verifyValueBounds (this, value, getMinimumValue(instant), getMaximumValue(instant)); return super.set(instant, value); }
[[0.04713094 0.07638626 0.07024833 0.09338998 0.02872317 0.05309358
 0.06834492 0.06538809 0.06538809 0.04497579 0.06538809 0.06538809
 0.05254887 0.06538809 0.11693302 0.02128473]
[0.03642992 0.07223414 0.07026356 0.09314436 0.02114461 0.05453378
 0.09554864 0.06621807 0.06621807 0.03293918 0.06621807 0.06621807
 0.05363239 0.06621807 0.11678448 0.02225449]
[0.03522489 0.07087891 0.07605159 0.10610532 0.01962226 0.06394219
 0.08487814 0.06174941 0.06174941 0.04644807 0.06174941 0.06174941
 0.05304745 0.06174941 0.11298572 0.0220684 ]
[0.04905533 0.05631484 0.07050274 0.10239652 0.02943292 0.04699228
 0.09454142 0.06633465 0.06633465 0.04119156 0.06633465 0.06633465
 0.05714905 0.06633465 0.10011445 0.02063561]
[0.03082201 0.06129168 0.04905759 0.0982878  0.02073788 0.06659509
 0.07843795 0.07541293 0.07541293 0.04553747 0.07541293 0.07541293
 0.05080172 0.07541293 0.10533041 0.01603572]
[0.04642582 0.07467664 0.06245997 0.10252896 0.02069733 0.05170858
 0.08456684 0.06638959 0.06638959 0.04690775 0.06638959 0.06638959
 0.05750617 0.06638959 0.10033979 0.02023426]
[0.05133028 0.07729719 0.07607649 0.09383731 0.02378999 0.05122883
 0.09051464 0.06368312 0.06368312 0.05593314 0.06368312 0.06368312
 0.05803056 0.06368312 0.07290506 0.03064094]
[0.04011404 0.06743498 0.07800631 0.10428749 0.02544656 0.05947071
 0.06921612 0.06593499 0.06593499 0.04665803 0.06593499 0.06593499
 0.04883567 0.06593499 0.10773607 0.02311907]
[0.04011404 0.06743498 0.07800631 0.10428749 0.02544656 0.05947071
 0.06921612 0.06593499 0.06593499 0.04665803 0.06593499 0.06593499
 0.04883567 0.06593499 0.10773607 0.02311907]
[0.03545489 0.06789465 0.07481871 0.0932357  0.02124058 0.05122625
 0.11299766 0.06367745 0.06367745 0.03761801 0.06367745 0.06367745
 0.05354675 0.06367745 0.11480112 0.01877836]
[0.04011404 0.06743498 0.07800631 0.10428749 0.02544656 0.05947071
 0.06921612 0.06593499 0.06593499 0.04665803 0.06593499 0.06593499
 0.04883567 0.06593499 0.10773607 0.02311907]
[0.04011404 0.06743498 0.07800631 0.10428749 0.02544656 0.05947071
 0.06921612 0.06593499 0.06593499 0.04665803 0.06593499 0.06593499
 0.04883567 0.06593499 0.10773607 0.02311907]
[0.03551883 0.09169261 0.08176621 0.0812797  0.02018187 0.05107015
 0.0745609  0.06830528 0.06830528 0.03672634 0.06830528 0.06830528
 0.05068909 0.06830528 0.11481446 0.02017349]
[0.04011404 0.06743498 0.07800631 0.10428749 0.02544656 0.05947071
 0.06921612 0.06593499 0.06593499 0.04665803 0.06593499 0.06593499
 0.04883567 0.06593499 0.10773607 0.02311907]
[0.04555804 0.07516733 0.06937838 0.10062312 0.02243624 0.0534596
 0.08981029 0.06000173 0.06000173 0.04759485 0.06000173 0.06000173
 0.06674688 0.06000173 0.11001951 0.0191971 ]
[0.03692915 0.05998231 0.06096834 0.10510911 0.0276577  0.04293299
 0.10174306 0.06787801 0.06787801 0.03798073 0.06787801 0.06787801
 0.0826309  0.06787801 0.08311062 0.02156504]]