151368
Test: public void test21() throws Throwable { ResultSetIterator resultSetIterator0 = new ResultSetIterator((ResultSetDynaClass) null); // Undeclared exception!  resultSetIterator0.remove("'JwI!dpiZZp_,T6<|ms", "'JwI!dpiZZp_,T6<|ms");   }
Code: public void remove(final String name, final String key) { throw new UnsupportedOperationException ("FIXME - mapped operations not currently supported"); }
[[0.03823991 0.0304466  0.05304497 0.04964563 0.12269101 0.03018171
 0.04964563 0.04277895 0.04710574 0.03881228 0.01955465 0.03852167
 0.05304497 0.12567602 0.05304497 0.05304497 0.03298698 0.05304497
 0.05304497 0.01544335]
[0.02995708 0.02579302 0.05867584 0.04586135 0.12339772 0.0257462
 0.04586135 0.04159389 0.05058251 0.03454708 0.0136255  0.03939521
 0.05867584 0.13129288 0.05867584 0.05867584 0.02483049 0.05867585
 0.05867585 0.0154607 ]
[0.03144181 0.02760567 0.05274025 0.05826385 0.10573808 0.02990229
 0.05826385 0.05032993 0.04839372 0.03711674 0.02377463 0.04281347
 0.05274025 0.12815253 0.05274025 0.05274025 0.02521086 0.05274025
 0.05274025 0.01655107]
[0.03819467 0.02668687 0.05466402 0.04463473 0.11717109 0.02874622
 0.04463473 0.04967491 0.05363759 0.0360055  0.01635936 0.04112707
 0.05466402 0.13300878 0.05466402 0.05466402 0.02834415 0.05466402
 0.05466402 0.01379026]
[0.03737432 0.03181721 0.06112597 0.04590041 0.08983725 0.03004378
 0.04590041 0.04721116 0.05704141 0.03468138 0.02026263 0.0448394
 0.06112597 0.09541626 0.06112597 0.06112597 0.03407404 0.06112599
 0.06112599 0.01884445]
[0.03399901 0.02543528 0.0516043  0.05176589 0.09696391 0.02283093
 0.05176589 0.03299002 0.05889839 0.0364159  0.01510222 0.050811
 0.0516043  0.16742435 0.0516043  0.0516043  0.03442599 0.0516043
 0.0516043  0.01154542]
[0.03819467 0.02668687 0.05466402 0.04463473 0.11717109 0.02874622
 0.04463473 0.04967491 0.05363759 0.0360055  0.01635936 0.04112707
 0.05466402 0.13300878 0.05466402 0.05466402 0.02834415 0.05466402
 0.05466402 0.01379026]
[0.03265443 0.03068465 0.05531753 0.05651771 0.08208268 0.03250205
 0.05651771 0.05182872 0.069329   0.03915063 0.02091976 0.04278138
 0.05531753 0.11313823 0.05531753 0.05531753 0.0225132  0.05531753
 0.05531753 0.01747464]
[0.03964914 0.03464212 0.05172082 0.05741759 0.0775456  0.03894996
 0.05741759 0.04263461 0.06424391 0.03625887 0.02205018 0.04625056
 0.05172082 0.11334926 0.05172082 0.05172082 0.03669275 0.05172082
 0.05172082 0.02257293]
[0.02842186 0.02288626 0.04732598 0.0618938  0.1527498  0.02495563
 0.0618938  0.04074031 0.06789784 0.03361374 0.01558559 0.03841056
 0.04732598 0.1316744  0.04732598 0.04732598 0.02371332 0.04732598
 0.04732598 0.01160718]
[0.033102   0.02973721 0.05115735 0.0604891  0.08692086 0.02651212
 0.0604891  0.04136705 0.05901401 0.03712579 0.0216256  0.04132394
 0.05115735 0.15331414 0.05115735 0.05115735 0.02483245 0.05115735
 0.05115735 0.01720258]
[0.03316609 0.02426948 0.04919516 0.06244381 0.10491835 0.03425822
 0.06244381 0.04923854 0.05198627 0.03523485 0.02058324 0.04243075
 0.04919516 0.14474674 0.04919516 0.04919516 0.02463081 0.04919516
 0.04919516 0.014478  ]
[0.03144181 0.02760567 0.05274025 0.05826385 0.10573808 0.02990229
 0.05826385 0.05032993 0.04839372 0.03711674 0.02377463 0.04281347
 0.05274025 0.12815253 0.05274025 0.05274025 0.02521086 0.05274025
 0.05274025 0.01655107]
[0.03984752 0.03186951 0.05727062 0.05137705 0.0958076  0.03154783
 0.05137705 0.04756654 0.06186046 0.03530719 0.019913   0.04423967
 0.05727062 0.09315117 0.05727062 0.05727062 0.03383172 0.05727061
 0.05727061 0.01868002]
[0.03144181 0.02760567 0.05274025 0.05826385 0.10573808 0.02990229
 0.05826385 0.05032993 0.04839372 0.03711674 0.02377463 0.04281347
 0.05274025 0.12815253 0.05274025 0.05274025 0.02521086 0.05274025
 0.05274025 0.01655107]
[0.03144181 0.02760567 0.05274025 0.05826385 0.10573808 0.02990229
 0.05826385 0.05032993 0.04839372 0.03711674 0.02377463 0.04281347
 0.05274025 0.12815253 0.05274025 0.05274025 0.02521086 0.05274025
 0.05274025 0.01655107]
[0.03086933 0.03072552 0.05423137 0.05208289 0.10594524 0.03175964
 0.05208289 0.05744747 0.06135246 0.03966155 0.01962607 0.0458966
 0.05423137 0.10203727 0.05423137 0.05423137 0.02747728 0.05423136
 0.05423136 0.01764762]
[0.03144181 0.02760567 0.05274025 0.05826385 0.10573808 0.02990229
 0.05826385 0.05032993 0.04839372 0.03711674 0.02377463 0.04281347
 0.05274025 0.12815253 0.05274025 0.05274025 0.02521086 0.05274025
 0.05274025 0.01655107]
[0.03144181 0.02760567 0.05274025 0.05826385 0.10573808 0.02990229
 0.05826385 0.05032993 0.04839372 0.03711674 0.02377463 0.04281347
 0.05274025 0.12815253 0.05274025 0.05274025 0.02521086 0.05274025
 0.05274025 0.01655107]
[0.02718871 0.02457167 0.05197582 0.04984832 0.16406006 0.02406902
 0.04984832 0.0419624  0.06334893 0.0357339  0.01520354 0.03147402
 0.05197582 0.11938732 0.05197582 0.05197582 0.027502   0.05197582
 0.05197582 0.01394684]]