7937
Test: public void test42() throws Throwable { String[] stringArray0 = StringUtils.delimitedListToStringArray("'", "", "utf-16"); }
Code: public static String[] delimitedListToStringArray(String str, String delimiter) { return delimitedListToStringArray(str, delimiter, null); }
[[0.05225387 0.1427863  0.02837094 0.07248233 0.1774979  0.06817477
 0.07248233 0.06199913 0.05655947 0.07248234 0.07248234 0.10184377
 0.02058448]
[0.05352152 0.13605237 0.03096332 0.07295178 0.17503184 0.0823282
 0.07295178 0.08718333 0.05015866 0.07295177 0.07295177 0.06880472
 0.024149  ]
[0.03992182 0.14940278 0.01908952 0.0762205  0.18491744 0.08094759
 0.0762205  0.06122047 0.05999672 0.0762205  0.0762205  0.0828362
 0.01678551]
[0.04486981 0.15310107 0.02626174 0.07541029 0.15977396 0.08345433
 0.07541029 0.06825408 0.05438349 0.0754103  0.0754103  0.08485702
 0.02340327]
[0.04234891 0.12251352 0.0202198  0.07396069 0.16900855 0.09301393
 0.07396069 0.07668609 0.05796703 0.07396069 0.07396069 0.10580657
 0.01659283]
[0.05453465 0.15568316 0.02730723 0.07836917 0.14945677 0.06398216
 0.07836917 0.07513122 0.05448831 0.07836917 0.07836917 0.08652619
 0.01941364]
[0.04486981 0.15310107 0.02626174 0.07541029 0.15977396 0.08345433
 0.07541029 0.06825408 0.05438349 0.0754103  0.0754103  0.08485702
 0.02340327]
[0.05673824 0.13300182 0.0356814  0.07465562 0.1472485  0.08308375
 0.07465562 0.09049248 0.06539354 0.07465563 0.07465563 0.05771402
 0.03202384]
[0.03602925 0.15853187 0.0230114  0.0744587  0.16988027 0.08629873
 0.0744587  0.06504647 0.0532341  0.0744587  0.0744587  0.09203354
 0.01809953]
[0.04486981 0.15310107 0.02626174 0.07541029 0.15977396 0.08345433
 0.07541029 0.06825408 0.05438349 0.0754103  0.0754103  0.08485702
 0.02340327]
[0.04486981 0.15310107 0.02626174 0.07541029 0.15977396 0.08345433
 0.07541029 0.06825408 0.05438349 0.0754103  0.0754103  0.08485702
 0.02340327]
[0.037795   0.15790096 0.0238928  0.07743138 0.17753229 0.06496733
 0.07743138 0.07405007 0.06760933 0.07743137 0.07743137 0.07306419
 0.01346255]
[0.03894887 0.15061867 0.0206625  0.07485672 0.16559452 0.07142664
 0.07485672 0.08844334 0.08169714 0.07485672 0.07485672 0.06358718
 0.01959421]]