39965
Test: public void test10() throws Throwable { DateTimeFieldType dateTimeFieldType0 = DateTimeFieldType.dayOfYear(); BuddhistChronology buddhistChronology0 = BuddhistChronology.getInstanceUTC(); DurationField durationField0 = buddhistChronology0.seconds(); DurationField durationField1 = buddhistChronology0.weeks(); PreciseDateTimeField preciseDateTimeField0 = new PreciseDateTimeField(dateTimeFieldType0, durationField0, durationField1); // Undeclared exception!  preciseDateTimeField0.set((-61721481600000L), (-1));   }
Code: public long set(long instant, int value) { FieldUtils.verifyValueBounds(this, value, getMinimumValue(), getMaximumValueForSet(instant, value)); return instant + (value - get(instant)) * iUnitMillis; }
[[0.03740806 0.05992557 0.05406876 0.07572743 0.02238444 0.04098872
 0.05632938 0.05190084 0.03536761 0.05190084 0.05190084 0.05190084
 0.04196564 0.04041312 0.0304576  0.0352945  0.11261883 0.05190085
 0.02829554 0.05190085 0.01734969]
[0.02809468 0.05472287 0.05249946 0.07357327 0.0160463  0.04085145
 0.076432   0.05047534 0.02531984 0.05047534 0.05047534 0.05047534
 0.04126837 0.03913756 0.03410596 0.04403823 0.13298447 0.05047534
 0.02041203 0.05047534 0.01766141]
[0.02717977 0.05387606 0.05707617 0.08342637 0.01492713 0.04810562
 0.06722816 0.04694652 0.03552687 0.04694652 0.04694652 0.04694652
 0.04090922 0.03166412 0.03577921 0.04195356 0.13136786 0.04694652
 0.03187759 0.04694652 0.01742321]
[0.03732181 0.04223849 0.05215645 0.08026681 0.02210812 0.03490075
 0.07501508 0.04986482 0.03116663 0.04986482 0.04986482 0.04986482
 0.04359837 0.03420797 0.03561141 0.03927966 0.12709534 0.04986482
 0.02964243 0.04986482 0.01620169]
[0.02467139 0.04889618 0.03909642 0.07895818 0.01655079 0.05302358
 0.06306954 0.06024121 0.0363793  0.06024121 0.06024121 0.06024121
 0.04069846 0.02678292 0.02860555 0.0416838  0.09283598 0.06024121
 0.0344328  0.06024121 0.01286779]
[0.03516215 0.05554929 0.04562085 0.08053379 0.01531157 0.03772499
 0.06700218 0.04931795 0.0352436  0.04931795 0.04931795 0.04931795
 0.04421135 0.02860006 0.02943645 0.03716435 0.14295211 0.04931794
 0.03378528 0.04931794 0.01579427]
[0.03859639 0.05804783 0.05708424 0.07060864 0.01787552 0.03845643
 0.06818764 0.04782783 0.04201595 0.04782783 0.04782783 0.04782783
 0.04361779 0.02832538 0.04062742 0.04044111 0.10671818 0.04782784
 0.03936621 0.04782784 0.02306425]
[0.03087391 0.05073504 0.05859795 0.08262844 0.01940191 0.04443415
 0.05523141 0.05039274 0.03600909 0.05039274 0.05039274 0.05039274
 0.03763824 0.03429134 0.04318644 0.03632475 0.11797732 0.05039273
 0.03199496 0.05039273 0.01831861]
[0.02567664 0.04713875 0.05088894 0.07263085 0.01506145 0.03539304
 0.09024376 0.04531548 0.02742114 0.04531548 0.04531548 0.04531548
 0.03970231 0.03863132 0.03039058 0.04259187 0.16774023 0.04531547
 0.02992595 0.04531547 0.01467033]
[0.03087391 0.05073504 0.05859795 0.08262844 0.01940191 0.04443415
 0.05523141 0.05039274 0.03600909 0.05039274 0.05039274 0.05039274
 0.03763824 0.03429134 0.04318644 0.03632475 0.11797732 0.05039273
 0.03199496 0.05039273 0.01831861]
[0.03087391 0.05073504 0.05859795 0.08262844 0.01940191 0.04443415
 0.05523141 0.05039274 0.03600909 0.05039274 0.05039274 0.05039274
 0.03763824 0.03429134 0.04318644 0.03632475 0.11797732 0.05039273
 0.03199496 0.05039273 0.01831861]
[0.03087391 0.05073504 0.05859795 0.08262844 0.01940191 0.04443415
 0.05523141 0.05039274 0.03600909 0.05039274 0.05039274 0.05039274
 0.03763824 0.03429134 0.04318644 0.03632475 0.11797732 0.05039273
 0.03199496 0.05039273 0.01831861]
[0.02749825 0.06922024 0.06081084 0.06367886 0.01534452 0.03816262
 0.05920563 0.05215733 0.02802408 0.05215733 0.05215733 0.05215733
 0.03898865 0.03753722 0.03828283 0.03768417 0.13202056 0.05215732
 0.02464863 0.05215732 0.0159489 ]
[0.03549621 0.05355882 0.05532489 0.08554979 0.01884434 0.04045278
 0.05676933 0.05062066 0.03721874 0.05062066 0.05062066 0.05062066
 0.04542379 0.03572724 0.02996236 0.04346909 0.1146302  0.05062065
 0.02769694 0.05062065 0.01615151]
[0.03757137 0.05999405 0.04815497 0.07468498 0.01970787 0.03571058
 0.0568248  0.05002362 0.0347931  0.05002362 0.05002362 0.05002362
 0.04523166 0.02953037 0.03265686 0.0327886  0.13487434 0.05002362
 0.03807759 0.05002362 0.01925717]
[0.03390891 0.05240733 0.04791985 0.06984604 0.01908191 0.03907397
 0.0630047  0.05586598 0.02763274 0.05586598 0.05586598 0.05586598
 0.0435469  0.04019779 0.03721558 0.04318844 0.10363413 0.05586598
 0.0281399  0.05586598 0.0160059 ]
[0.04045357 0.0479406  0.04596334 0.06714609 0.02356653 0.04925602
 0.06963821 0.0567793  0.02838536 0.0567793  0.0567793  0.0567793
 0.0426329  0.03221218 0.03086064 0.03465878 0.09271618 0.05677928
 0.03376448 0.05677928 0.02012938]
[0.03087391 0.05073504 0.05859795 0.08262844 0.01940191 0.04443415
 0.05523141 0.05039274 0.03600909 0.05039274 0.05039274 0.05039274
 0.03763824 0.03429134 0.04318644 0.03632475 0.11797732 0.05039273
 0.03199496 0.05039273 0.01831861]
[0.04239426 0.05335945 0.04845232 0.07139472 0.01714242 0.03856998
 0.07065503 0.04571456 0.03150691 0.04571456 0.04571456 0.04571456
 0.04056319 0.03933572 0.02699953 0.03214398 0.15306516 0.04571456
 0.04716947 0.04571456 0.0129606 ]
[0.03087391 0.05073504 0.05859795 0.08262844 0.01940191 0.04443415
 0.05523141 0.05039274 0.03600909 0.05039274 0.05039274 0.05039274
 0.03763824 0.03429134 0.04318644 0.03632475 0.11797732 0.05039273
 0.03199496 0.05039273 0.01831861]
[0.02764745 0.04492915 0.04377577 0.08312833 0.02045082 0.03141282
 0.08193858 0.04981905 0.02871236 0.04981905 0.04981905 0.04981905
 0.06352977 0.0267297  0.03088208 0.04959443 0.11882947 0.04981905
 0.03241679 0.04981905 0.01710806]]