165894
Test: public void test33() throws Throwable { INIConfiguration iNIConfiguration0 = new INIConfiguration(); boolean boolean0 = iNIConfiguration0.isSectionLine((String) null); }
Code: protected boolean isSectionLine(final String line) { if (line == null) { return false; } return line.startsWith("[") && line.endsWith("]"); }
[[0.06404598 0.11497256 0.05508992 0.05394731 0.02773067 0.06994542
 0.11163546 0.05508992 0.05583918 0.01484672 0.06994542 0.04501405
 0.05243189 0.01403068 0.04501405 0.05508992 0.02621018 0.05508993
 0.01403068]
[0.06862777 0.14584112 0.05367975 0.05570305 0.0219255  0.07004908
 0.1039564  0.05367975 0.04255857 0.01411076 0.07004908 0.04619935
 0.05475048 0.01311217 0.04619935 0.05367975 0.01908617 0.05367976
 0.01311217]
[0.07239275 0.12062056 0.0548651  0.05966005 0.03586303 0.05647051
 0.08279324 0.0548651  0.0623751  0.02394288 0.05647051 0.04048501
 0.06682058 0.01892431 0.04048501 0.0548651  0.02431179 0.05486511
 0.01892431]
[0.0582649  0.13006763 0.05637492 0.04607797 0.02355125 0.06492951
 0.11775789 0.05637492 0.05167123 0.01807044 0.06492951 0.04162401
 0.05374444 0.01616362 0.04162401 0.05637492 0.02986034 0.05637493
 0.01616362]
[0.05216366 0.11816239 0.05965567 0.0581463  0.02388165 0.0648398
 0.10853638 0.05965567 0.05231477 0.01899265 0.0648398  0.05257012
 0.04483891 0.01149032 0.05257012 0.05965567 0.02654007 0.05965567
 0.01149032]
[0.07804427 0.08677021 0.05304188 0.05818861 0.02926527 0.07347531
 0.07219577 0.05304188 0.0440473  0.02631256 0.07347531 0.04801073
 0.06213149 0.02504325 0.04801073 0.05304188 0.03781838 0.05304189
 0.02504325]
[0.06407036 0.1480953  0.05647685 0.05548757 0.01827313 0.06236352
 0.14942625 0.05647685 0.05042912 0.00980167 0.06236352 0.03471456
 0.05177412 0.0092453  0.03471456 0.05647685 0.01408834 0.05647686
 0.0092453 ]
[0.07239275 0.12062056 0.0548651  0.05966005 0.03586303 0.05647051
 0.08279324 0.0548651  0.0623751  0.02394288 0.05647051 0.04048501
 0.06682058 0.01892431 0.04048501 0.0548651  0.02431179 0.05486511
 0.01892431]
[0.05454039 0.18311475 0.03726077 0.06280172 0.02342583 0.07084682
 0.13344584 0.03726077 0.05882217 0.01569893 0.07084682 0.04064733
 0.0473179  0.01414363 0.04064733 0.03726077 0.02051378 0.03726077
 0.01414364]
[0.05960311 0.14824957 0.05086592 0.04538588 0.0286277  0.0733554
 0.13325353 0.05086592 0.05406578 0.0176882  0.0733554  0.03632531
 0.04668571 0.01094068 0.03632531 0.05086592 0.02173408 0.05086593
 0.01094068]
[0.07804427 0.08677021 0.05304188 0.05818861 0.02926527 0.07347531
 0.07219577 0.05304188 0.0440473  0.02631256 0.07347531 0.04801073
 0.06213149 0.02504325 0.04801073 0.05304188 0.03781838 0.05304189
 0.02504325]
[0.0713884  0.13587688 0.05433416 0.05871867 0.02409414 0.05803766
 0.11358573 0.05433416 0.05215989 0.01624879 0.05803766 0.04016269
 0.06261188 0.01574212 0.04016269 0.05433416 0.02009408 0.05433417
 0.01574212]
[0.0649632  0.1004068  0.05609889 0.05521435 0.03662162 0.05746405
 0.08239879 0.05609889 0.05270195 0.02449246 0.05746405 0.04684173
 0.07152262 0.02300819 0.04684173 0.05609889 0.03265474 0.0560989
 0.02300819]
[0.05965999 0.09445363 0.05121182 0.05068219 0.02788322 0.07437326
 0.10754449 0.05121182 0.0482481  0.0172456  0.07437326 0.06139446
 0.06211273 0.01584911 0.06139446 0.05121182 0.02408914 0.05121183
 0.01584911]
[0.0713884  0.13587688 0.05433416 0.05871867 0.02409414 0.05803766
 0.11358573 0.05433416 0.05215989 0.01624879 0.05803766 0.04016269
 0.06261188 0.01574212 0.04016269 0.05433416 0.02009408 0.05433417
 0.01574212]
[0.07239275 0.12062056 0.0548651  0.05966005 0.03586303 0.05647051
 0.08279324 0.0548651  0.0623751  0.02394288 0.05647051 0.04048501
 0.06682058 0.01892431 0.04048501 0.0548651  0.02431179 0.05486511
 0.01892431]
[0.06579151 0.14631791 0.05522913 0.05376231 0.02858816 0.06208999
 0.09363668 0.05522913 0.05176397 0.01647354 0.06208999 0.03859754
 0.06112999 0.01976528 0.03859754 0.05522913 0.02071374 0.05522913
 0.01976528]
[0.07239276 0.12062056 0.0548651  0.05966004 0.03586303 0.05647052
 0.08279324 0.0548651  0.06237509 0.02394288 0.05647052 0.04048501
 0.06682058 0.01892431 0.04048501 0.0548651  0.02431179 0.0548651
 0.01892431]
[0.05965997 0.09445365 0.05121181 0.05068218 0.02788322 0.07437327
 0.10754447 0.05121181 0.04824809 0.0172456  0.07437327 0.06139446
 0.06211274 0.01584911 0.06139446 0.05121181 0.02408913 0.05121182
 0.01584911]]