75187
Test: public void test19() throws Throwable { // Undeclared exception!  JSONML.toJSONArray((String) null, false);   }
Code: public static JSONArray toJSONArray(String string) throws JSONException { return (JSONArray)parse(new XMLTokener(string), true, null, false); }
[[0.04775269 0.12074618 0.06623334 0.06623334 0.03991755 0.12234384
 0.06623334 0.0510844  0.05099897 0.06623334 0.06623334 0.0246751
 0.12511656 0.06860626 0.01759174]
[0.04904675 0.1157619  0.06796321 0.06796321 0.03879774 0.0994671
 0.06796321 0.06941479 0.04524703 0.06796321 0.06796321 0.02414661
 0.12208727 0.07624941 0.01996532]
[0.03927676 0.12573352 0.06745011 0.06745011 0.03541126 0.12562804
 0.06745011 0.05178652 0.04739451 0.06745011 0.06745011 0.02703725
 0.10760093 0.08452751 0.01835313]
[0.03927676 0.12573352 0.06745011 0.06745011 0.03541126 0.12562804
 0.06745011 0.05178652 0.04739451 0.06745011 0.06745011 0.02703725
 0.10760093 0.08452751 0.01835313]
[0.03791832 0.11614355 0.06998543 0.06998543 0.03274839 0.13550024
 0.06998543 0.05200635 0.04557683 0.06998543 0.06998543 0.02502923
 0.11945678 0.07134318 0.01435   ]
[0.03256305 0.1076998  0.06217927 0.06217927 0.03297391 0.17238927
 0.06217927 0.06514808 0.05073205 0.06217929 0.06217929 0.02472331
 0.11947324 0.0698118  0.01358919]
[0.03927676 0.12573352 0.06745011 0.06745011 0.03541126 0.12562804
 0.06745011 0.05178652 0.04739451 0.06745011 0.06745011 0.02703725
 0.10760093 0.08452751 0.01835313]
[0.04841047 0.10732427 0.06736231 0.06736231 0.04413603 0.08752318
 0.06736231 0.06899464 0.05686903 0.06736231 0.06736231 0.03434124
 0.11276176 0.07709034 0.02573743]
[0.0314649  0.12731746 0.06852565 0.06852565 0.03617205 0.13398595
 0.06852565 0.04964281 0.04771943 0.06852565 0.06852565 0.01967158
 0.13386698 0.06332354 0.01420702]
[0.03927676 0.12573352 0.06745011 0.06745011 0.03541126 0.12562804
 0.06745011 0.05178652 0.04739451 0.06745011 0.06745011 0.02703725
 0.10760093 0.08452751 0.01835313]
[0.03927676 0.12573352 0.06745011 0.06745011 0.03541126 0.12562804
 0.06745011 0.05178652 0.04739451 0.06745011 0.06745011 0.02703725
 0.10760093 0.08452751 0.01835313]
[0.04767345 0.13909568 0.05503953 0.05503953 0.04638037 0.14316383
 0.05503953 0.05103068 0.05839841 0.05503953 0.05503953 0.0280115
 0.12527356 0.06977397 0.01600092]
[0.0358422  0.10151386 0.07294524 0.07294524 0.03170143 0.10848682
 0.07294524 0.06038345 0.04365394 0.07294524 0.07294524 0.02519941
 0.1367114  0.07726736 0.01451389]
[0.04462786 0.09126323 0.0698943  0.0698943  0.04253474 0.11642686
 0.0698943  0.05821053 0.04654223 0.0698943  0.0698943  0.02390844
 0.13710727 0.07403246 0.01587493]
[0.03256537 0.12268548 0.06307214 0.06307214 0.0364831  0.138097
 0.06307214 0.07115264 0.0674994  0.06307214 0.06307214 0.01796863
 0.1131973  0.06907436 0.01591602]]