134301
Test: public void test24() throws Throwable { Object[] objectArray0 = new Object[7]; // Undeclared exception!  Validate.ensureNotNull((Object) null, (String) null, objectArray0);   }
Code: public static Object ensureNotNull(@Nullable Object obj) { if (obj == null) throw new ValidationException("Object must not be null"); else return obj; }
[[0.03247802 0.09062469 0.02499077 0.0450519  0.02499077 0.07666967
 0.0396092  0.08716645 0.04712581 0.05228261 0.01793351 0.03298861
 0.01663574 0.0450519  0.08164107 0.02777524 0.02648984 0.04660682
 0.04958473 0.03528678 0.08598679 0.01302914]
[0.03532173 0.08811595 0.02367975 0.04835315 0.02367975 0.06272499
 0.05557129 0.09600642 0.05313005 0.04596081 0.01849398 0.02998851
 0.01500575 0.04835315 0.07858953 0.02395595 0.03516116 0.04858212
 0.05054011 0.03296772 0.07028692 0.01553119]
[0.03140026 0.08895143 0.02234885 0.04254643 0.02234885 0.07006983
 0.05781935 0.09977837 0.04385741 0.05445465 0.01521293 0.0309245
 0.01471472 0.04254643 0.08228181 0.02289916 0.02992271 0.03641921
 0.05560697 0.03851359 0.08625725 0.01112531]
[0.0276596  0.09320186 0.02112436 0.04669042 0.02112436 0.07780512
 0.04094463 0.06730833 0.058454   0.0529787  0.01956996 0.03261958
 0.02077279 0.04669042 0.09181178 0.02163039 0.03381221 0.03424527
 0.06445681 0.03349441 0.07948101 0.01412394]
[0.03140026 0.08895143 0.02234885 0.04254643 0.02234885 0.07006983
 0.05781935 0.09977837 0.04385741 0.05445465 0.01521293 0.0309245
 0.01471472 0.04254643 0.08228181 0.02289916 0.02992271 0.03641921
 0.05560697 0.03851359 0.08625725 0.01112531]
[0.03988289 0.06712197 0.02208063 0.05557729 0.02208063 0.05541487
 0.05891909 0.08821935 0.05762646 0.04856069 0.02314238 0.03006123
 0.01764629 0.05557729 0.066312   0.02675321 0.04426766 0.04145779
 0.04987545 0.03919807 0.07489378 0.01533099]
[0.03595288 0.08118302 0.02140936 0.04914878 0.02140936 0.06947167
 0.05321092 0.06252571 0.04326037 0.0395287  0.02415269 0.03264641
 0.0207254  0.04914878 0.07883339 0.03150111 0.03613684 0.04533757
 0.06298491 0.04197723 0.07996002 0.01949484]
[0.02053873 0.11363247 0.0159467  0.04986158 0.0159467  0.08296561
 0.0380366  0.11388437 0.04575983 0.0439783  0.00794759 0.01919992
 0.00773585 0.04986158 0.11132058 0.01590836 0.02503451 0.02988951
 0.09367601 0.02673135 0.06611249 0.00603131]
[0.02724137 0.09417275 0.02042265 0.04748286 0.02042265 0.06881267
 0.04450647 0.10694296 0.04372715 0.05330514 0.01349233 0.02663677
 0.01357261 0.04748286 0.10089816 0.01514169 0.03124456 0.03481982
 0.05780671 0.03569827 0.08797937 0.00819019]
[0.02010894 0.10410712 0.02075836 0.03510945 0.02075836 0.08468001
 0.04455597 0.11159983 0.04478778 0.05113434 0.01318638 0.02353286
 0.01304852 0.03510945 0.126504   0.01632907 0.02732441 0.02919549
 0.06340007 0.03260746 0.07269192 0.00947028]
[0.02603139 0.10231081 0.02291806 0.05112022 0.02291806 0.05909189
 0.05022408 0.12048207 0.04728118 0.05097687 0.01709021 0.02371433
 0.01073919 0.05112022 0.08750065 0.02231224 0.02613999 0.03406516
 0.05221375 0.03133342 0.08216032 0.00825589]
[0.02473174 0.08899628 0.01706009 0.04168394 0.01706009 0.08780388
 0.05576171 0.08436383 0.04609751 0.03871864 0.01476206 0.02909032
 0.01367958 0.04168394 0.12112802 0.01988031 0.03233544 0.03595084
 0.05411975 0.04145331 0.08382137 0.0098174 ]
[0.02765673 0.08173448 0.02120356 0.0433974  0.02120356 0.06598502
 0.04774561 0.0953766  0.04492474 0.05292464 0.01596564 0.03135913
 0.01824755 0.0433974  0.10185768 0.02034648 0.03532148 0.03619405
 0.06420472 0.03884473 0.07807827 0.01403045]
[0.0276596  0.09320186 0.02112436 0.04669042 0.02112436 0.07780512
 0.04094463 0.06730833 0.058454   0.0529787  0.01956996 0.03261958
 0.02077279 0.04669042 0.09181178 0.02163039 0.03381221 0.03424527
 0.06445681 0.03349441 0.07948101 0.01412394]
[0.02509075 0.0946439  0.0271422  0.03960375 0.0271422  0.08201904
 0.04993187 0.09236453 0.04044783 0.04141326 0.0176951  0.03250282
 0.01854471 0.03960375 0.08402796 0.01864196 0.04232555 0.03751618
 0.04879991 0.04162506 0.0871117  0.01180603]
[0.02402299 0.09225653 0.02633185 0.04242191 0.02633185 0.07842365
 0.04672838 0.08113474 0.04167625 0.0503466  0.01871062 0.03073444
 0.01520981 0.04242191 0.08538692 0.02102116 0.03337302 0.04499564
 0.07178957 0.03552591 0.07757661 0.01357968]
[0.02856532 0.08584987 0.0237785  0.0526926  0.0237785  0.07295924
 0.03931831 0.09483331 0.04717609 0.04616114 0.01742006 0.02553132
 0.01322714 0.0526926  0.10040303 0.02292688 0.0354032  0.04671786
 0.05838346 0.03107258 0.06756058 0.01354844]
[0.03349858 0.09745394 0.02365006 0.03819025 0.02365006 0.07625172
 0.04379525 0.09963226 0.04634205 0.04856316 0.01672386 0.03146252
 0.01608263 0.03819025 0.08512978 0.02526392 0.02821408 0.05089235
 0.04919442 0.03699702 0.07977449 0.01104735]
[0.02884027 0.08466927 0.02204625 0.0515821  0.02204625 0.07790139
 0.04661222 0.09023194 0.04424405 0.04771577 0.01577812 0.03332067
 0.01564114 0.0515821  0.08406419 0.02096176 0.02884366 0.03841538
 0.06864325 0.03823707 0.07835535 0.01026779]
[0.02153749 0.09258027 0.02014057 0.04519726 0.02014057 0.07703869
 0.03747617 0.09181526 0.05075849 0.04456754 0.01309773 0.02504178
 0.01307519 0.04519726 0.1137237  0.02207739 0.02737215 0.03450222
 0.0778892  0.03206365 0.08420211 0.01050527]
[0.04019971 0.07135823 0.02449438 0.0421242  0.02449438 0.08063871
 0.04126043 0.07143922 0.05299965 0.0491303  0.01926517 0.03607094
 0.01634829 0.0421242  0.09562334 0.02502022 0.03821626 0.045801
 0.06028373 0.04370221 0.06333217 0.01607324]
[0.02430625 0.09057745 0.02360154 0.04722397 0.02360154 0.07709739
 0.0522525  0.09156284 0.0425243  0.04125269 0.01557362 0.03101494
 0.0135683  0.04722397 0.06949465 0.02346978 0.04189309 0.04381412
 0.06332286 0.05013337 0.07475414 0.01173673]]