38757
Test: public void test40() throws Throwable { GJChronology gJChronology0 = GJChronology.getInstanceUTC(); Instant instant0 = gJChronology0.getGregorianCutover(); Chronology chronology0 = instant0.getChronology(); Object object0 = new Object(); IslamicChronology islamicChronology0 = new IslamicChronology(chronology0, object0, (IslamicChronology.LeapYearPatternType) null); // Undeclared exception!  islamicChronology0.hashCode();   }
Code: public int hashCode() { return getClass().getName().hashCode() * 11 + getZone().hashCode() + getMinimumDaysInFirstWeek(); }
[[0.06541249 0.04044684 0.09594271 0.09191938 0.07256939 0.09074858
 0.0473034  0.17904453 0.05310849 0.09074858 0.05310849 0.09074858
 0.0288985 ]
[0.04381042 0.03072996 0.09082926 0.10419398 0.07132684 0.11034812
 0.05757004 0.1454872  0.0515189  0.11034814 0.0515189  0.11034814
 0.02197013]
[0.04673333 0.02738872 0.09897678 0.10863398 0.07566968 0.08270167
 0.05039312 0.22869542 0.04493682 0.08270168 0.04493682 0.08270168
 0.02553029]
[0.06682378 0.03216188 0.09497041 0.10586674 0.07711055 0.08824331
 0.06334829 0.11802861 0.06969041 0.08824332 0.06969041 0.08824332
 0.03757894]
[0.04719459 0.02784733 0.0769419  0.09361489 0.06828784 0.09342404
 0.03958539 0.210251   0.06520914 0.09342404 0.06520914 0.09342404
 0.02558666]
[0.05560764 0.03587527 0.10264233 0.08952846 0.06752843 0.09256317
 0.05360303 0.13448861 0.07635444 0.09256317 0.07635444 0.09256317
 0.03032778]
[0.0724369  0.03066534 0.07882872 0.1092075  0.0685313  0.08094965
 0.07401752 0.2127891  0.04489297 0.08094965 0.04489297 0.08094965
 0.02088869]
[0.06692855 0.03369167 0.08702523 0.09559809 0.07515769 0.0928338
 0.0516375  0.16439784 0.05657971 0.0928338  0.05657971 0.0928338
 0.0339026 ]
[0.06496903 0.03524749 0.09188476 0.08919097 0.07630345 0.09000882
 0.06050924 0.17189199 0.05455773 0.09000883 0.05455773 0.09000883
 0.03086117]
[0.05560764 0.03587527 0.10264233 0.08952846 0.06752843 0.09256317
 0.05360303 0.13448861 0.07635444 0.09256317 0.07635444 0.09256317
 0.03032778]
[0.06496903 0.03524749 0.09188476 0.08919097 0.07630345 0.09000882
 0.06050924 0.17189199 0.05455773 0.09000883 0.05455773 0.09000883
 0.03086117]
[0.05560764 0.03587527 0.10264233 0.08952846 0.06752843 0.09256317
 0.05360303 0.13448861 0.07635444 0.09256317 0.07635444 0.09256317
 0.03032778]
[0.04695399 0.03533147 0.09069632 0.12561935 0.10398002 0.08695237
 0.05131776 0.15502486 0.05171255 0.08695237 0.05171255 0.08695237
 0.02679404]]