136005
Test: public void test110() throws Throwable { Element element0 = new Element("fbn4h"); Elements elements0 = element0.getElementsByAttributeValue("org.jsoup.select.Elements", " "); // Undeclared exception!  elements0.eq((-2402));   }
Code: public Elements eq(int index) { return size() > index ? new Elements(get(index)) : new Elements(); }
[[0.04446582 0.03520876 0.06168818 0.1748991  0.06198125 0.04926874
 0.06168818 0.07435729 0.03467441 0.07659987 0.02224075 0.06168818
 0.04215748 0.02224075 0.15730686 0.01953438]
[0.0405075  0.02892667 0.05183446 0.16470979 0.08659696 0.05761749
 0.05183446 0.09413119 0.03079413 0.10233994 0.02341715 0.05183446
 0.03379841 0.02341715 0.13919722 0.01904302]
[0.03997848 0.03539454 0.06551188 0.13286066 0.07008942 0.04869986
 0.06551188 0.08845074 0.03380751 0.08699958 0.03097573 0.06551188
 0.03929033 0.03097573 0.14260411 0.02333764]
[0.04066091 0.03256162 0.0627778  0.13612917 0.07422876 0.05231094
 0.0627778  0.07312287 0.03080469 0.08305191 0.0202358  0.0627778
 0.03696359 0.0202358  0.18952143 0.02183909]
[0.0512606  0.03767815 0.06574019 0.13822936 0.08558571 0.05857984
 0.06574019 0.07175664 0.02827594 0.06467127 0.02814145 0.06574019
 0.04245886 0.02814145 0.1383286  0.02967151]
[0.03347731 0.03578253 0.06486702 0.14228906 0.06927709 0.04794694
 0.06486702 0.07274796 0.02745014 0.08776691 0.01974818 0.06486702
 0.03193451 0.01974818 0.19843912 0.01879106]
[0.03997848 0.03539454 0.06551188 0.13286066 0.07008942 0.04869986
 0.06551188 0.08845074 0.03380751 0.08699958 0.03097573 0.06551188
 0.03929033 0.03097573 0.14260411 0.02333764]
[0.04483798 0.02933977 0.05933942 0.2029413  0.0613689  0.0502175
 0.05933942 0.08743022 0.02326166 0.07563732 0.01492157 0.05933942
 0.0263404  0.01492157 0.17644936 0.01431413]
[0.03262181 0.03301064 0.05288411 0.16068973 0.06661009 0.04631313
 0.05288411 0.07266762 0.02848098 0.08567584 0.02587114 0.05288411
 0.03526599 0.02587114 0.20623985 0.0220297 ]
[0.0369233  0.02878008 0.05752593 0.17166312 0.0920704  0.05118226
 0.05752593 0.06809942 0.02150546 0.08011144 0.01674649 0.05752593
 0.03889249 0.01674649 0.18738033 0.01732095]
[0.04007209 0.02933323 0.06022568 0.15638974 0.07549656 0.05645892
 0.06022568 0.07586486 0.02934036 0.07674366 0.025713   0.06022568
 0.0475155  0.025713   0.15896745 0.02171455]
[0.03997848 0.03539454 0.06551188 0.13286066 0.07008942 0.04869986
 0.06551188 0.08845074 0.03380751 0.08699958 0.03097573 0.06551188
 0.03929033 0.03097573 0.14260411 0.02333764]
[0.04745807 0.03580775 0.057345   0.1219077  0.07603032 0.05969369
 0.057345   0.08621088 0.03201137 0.10279826 0.02441099 0.057345
 0.03334892 0.02441099 0.15790574 0.0259703 ]
[0.04007209 0.02933323 0.06022568 0.15638974 0.07549656 0.05645892
 0.06022568 0.07586486 0.02934036 0.07674366 0.025713   0.06022568
 0.0475155  0.025713   0.15896745 0.02171455]
[0.04354152 0.03626614 0.06475534 0.1624319  0.07214032 0.04972409
 0.06475534 0.07268588 0.02706292 0.07444516 0.01862969 0.06475534
 0.03011641 0.01862969 0.18287674 0.01718349]
[0.03190734 0.02796772 0.05859007 0.18289624 0.08823991 0.07149042
 0.05859007 0.0709933  0.02323259 0.07721309 0.01791639 0.05859007
 0.03143981 0.01791639 0.16432852 0.01868802]]