135628
Test: public void test267() throws Throwable { TokenQueue tokenQueue0 = new TokenQueue(" "); char[] charArray0 = new char[5]; boolean boolean0 = tokenQueue0.matchesAny(charArray0); }
Code: public boolean matchesAny(String... seq) { for (String s : seq) { if (matches(s)) return true; } return false; }
[[0.04471972 0.11249883 0.06203689 0.06203689 0.05863472 0.04339496
 0.02747466 0.01648599 0.04084431 0.06203689 0.05863472 0.1204387
 0.06203689 0.04909304 0.03075594 0.01883628 0.04909305 0.06211118
 0.01883628]
[0.03132125 0.17375296 0.06086657 0.06086657 0.07142899 0.03098133
 0.01838714 0.01105323 0.02220246 0.06086657 0.07142899 0.11372402
 0.06086657 0.04946317 0.02617325 0.01366931 0.04946318 0.05981511
 0.01366931]
[0.03707808 0.13932148 0.06188393 0.06188393 0.05878565 0.05034721
 0.02506381 0.01758249 0.03532549 0.06188393 0.05878565 0.09121126
 0.06188393 0.04500262 0.03619348 0.01997808 0.04500262 0.07280831
 0.01997808]
[0.03707808 0.13932148 0.06188393 0.06188393 0.05878565 0.05034721
 0.02506381 0.01758249 0.03532549 0.06188393 0.05878565 0.09121126
 0.06188393 0.04500262 0.03619348 0.01997808 0.04500262 0.07280831
 0.01997808]
[0.04532199 0.099356   0.05918264 0.05918264 0.07329711 0.04445289
 0.03665929 0.02027114 0.03724528 0.05918264 0.07329711 0.07800139
 0.05918264 0.05210344 0.03233761 0.02577583 0.05210346 0.06727101
 0.02577583]
[0.04223637 0.1363692  0.05876417 0.05876417 0.07638335 0.04068538
 0.01693158 0.01779355 0.0258118  0.05876417 0.07638335 0.13027559
 0.05876417 0.04644618 0.02861332 0.01242509 0.04644618 0.05571735
 0.01242509]
[0.03368249 0.16963384 0.05620248 0.05620248 0.05952408 0.04160738
 0.02274709 0.01218902 0.02675475 0.05620248 0.05952408 0.10351721
 0.05620248 0.05523589 0.03077475 0.01450551 0.0552359  0.07575259
 0.01450551]
[0.04176383 0.11652458 0.05591299 0.05591299 0.06318187 0.04763294
 0.02645242 0.01764546 0.03292492 0.05591299 0.06318187 0.09240586
 0.05591299 0.062293   0.04008491 0.02245373 0.06229301 0.06505583
 0.02245373]
[0.0445976  0.11810479 0.05445065 0.05445065 0.06849225 0.04566118
 0.0263673  0.01855237 0.03061871 0.05445065 0.06849225 0.10848115
 0.05445065 0.05619022 0.03568995 0.02375701 0.05619022 0.05724539
 0.02375701]
[0.03707808 0.13932148 0.06188393 0.06188393 0.05878565 0.05034721
 0.02506381 0.01758249 0.03532549 0.06188393 0.05878565 0.09121126
 0.06188393 0.04500262 0.03619348 0.01997808 0.04500262 0.07280831
 0.01997808]
[0.04532199 0.099356   0.05918264 0.05918264 0.07329711 0.04445289
 0.03665929 0.02027114 0.03724528 0.05918264 0.07329711 0.07800139
 0.05918264 0.05210344 0.03233761 0.02577583 0.05210346 0.06727101
 0.02577583]
[0.02835251 0.17474273 0.06445935 0.06445935 0.06190986 0.03508323
 0.01466082 0.00867067 0.02139114 0.06445935 0.06190986 0.16072436
 0.06445935 0.03748842 0.02622654 0.00939172 0.03748843 0.05473056
 0.00939172]
[0.03707808 0.13932148 0.06188393 0.06188393 0.05878565 0.05034721
 0.02506381 0.01758249 0.03532549 0.06188393 0.05878565 0.09121126
 0.06188393 0.04500262 0.03619348 0.01997808 0.04500262 0.07280831
 0.01997808]
[0.03030296 0.15896785 0.06051338 0.06051338 0.05902972 0.05102255
 0.02340658 0.01175211 0.02810443 0.06051338 0.05902972 0.12511727
 0.06051338 0.04403179 0.02403779 0.01618787 0.0440318  0.06673616
 0.01618787]
[0.03526918 0.17791013 0.05718813 0.05718813 0.06279194 0.03803946
 0.02142725 0.01745833 0.02976429 0.05718813 0.06279194 0.11648611
 0.05718813 0.04547354 0.03294243 0.01356858 0.04547354 0.05828213
 0.01356858]
[0.03004159 0.10507201 0.05631043 0.05631043 0.07645952 0.03856824
 0.02167725 0.01237054 0.02793009 0.05631043 0.07645952 0.11577398
 0.05631043 0.06539629 0.04051055 0.01648963 0.06539628 0.06612316
 0.01648963]
[0.03030295 0.15896785 0.06051338 0.06051338 0.05902972 0.05102254
 0.02340658 0.0117521  0.02810442 0.06051338 0.05902972 0.12511724
 0.06051338 0.04403179 0.02403778 0.01618787 0.04403179 0.06673615
 0.01618787]
[0.04366801 0.11530037 0.06232178 0.06232178 0.05821931 0.0367694
 0.03303536 0.02066479 0.03258818 0.06232178 0.05821931 0.09043618
 0.06232178 0.05009783 0.03686797 0.02368867 0.05009784 0.07737099
 0.02368867]
[0.03004159 0.10507203 0.05631042 0.05631042 0.07645952 0.03856824
 0.02167725 0.01237054 0.02793008 0.05631042 0.07645952 0.11577395
 0.05631042 0.06539627 0.04051055 0.01648963 0.06539628 0.06612314
 0.01648963]]