151276
Test: public void test1() throws Throwable { MockThrowable mockThrowable0 = new MockThrowable(); MockThrowable mockThrowable1 = new MockThrowable("Exception during introspection"); boolean boolean0 = BeanUtils.initCause(mockThrowable0, mockThrowable1); }
Code: public static boolean initCause(final Throwable throwable, final Throwable cause) { return BeanUtilsBean.getInstance().initCause(throwable, cause); }
[[0.04711623 0.12504262 0.12648179 0.0653538  0.1076738  0.0653538
 0.03662622 0.1076738  0.0653538  0.05378319 0.05073665 0.0653538
 0.06535381 0.01809672]
[0.04646842 0.12012807 0.14511964 0.06308839 0.09799468 0.06308839
 0.03363834 0.09799468 0.06308838 0.07805068 0.04371019 0.06308838
 0.06308839 0.02145338]
[0.03123854 0.10314482 0.18514405 0.06168924 0.11082623 0.06168924
 0.02706089 0.11082623 0.06168923 0.06376974 0.04698148 0.06168923
 0.06168924 0.01256188]
[0.03946998 0.13631211 0.14945632 0.06605077 0.08810898 0.06605077
 0.03778952 0.08810898 0.06605076 0.06161204 0.04788023 0.06605076
 0.06605077 0.02100804]
[0.03978828 0.10171162 0.16821854 0.05882555 0.09354551 0.05882555
 0.03584272 0.09354551 0.05882555 0.08521321 0.05030709 0.05882555
 0.05882555 0.03769978]
[0.03946998 0.13631211 0.14945632 0.06605077 0.08810898 0.06605077
 0.03778952 0.08810898 0.06605076 0.06161204 0.04788023 0.06605076
 0.06605077 0.02100804]
[0.0399147  0.11737394 0.1240196  0.06375229 0.11932727 0.06375229
 0.02627724 0.11932727 0.0637523  0.06420915 0.05795211 0.0637523
 0.06375231 0.0128372 ]
[0.03978828 0.10171162 0.16821854 0.05882555 0.09354551 0.05882555
 0.03584272 0.09354551 0.05882555 0.08521321 0.05030709 0.05882555
 0.05882555 0.03769978]
[0.03946998 0.13631211 0.14945632 0.06605077 0.08810898 0.06605077
 0.03778952 0.08810898 0.06605076 0.06161204 0.04788023 0.06605076
 0.06605077 0.02100804]
[0.0495231  0.1146739  0.11216751 0.06600408 0.09154086 0.06600408
 0.04852488 0.09154086 0.0660041  0.07709697 0.05732448 0.0660041
 0.0660041  0.02758703]
[0.02949272 0.12772201 0.17291662 0.06159429 0.11265327 0.06159429
 0.02633952 0.11265327 0.0615943  0.05192721 0.04380246 0.0615943
 0.06159431 0.01452147]
[0.03946998 0.13631211 0.14945632 0.06605077 0.08810898 0.06605077
 0.03778952 0.08810898 0.06605076 0.06161204 0.04788023 0.06605076
 0.06605077 0.02100804]
[0.03946999 0.13631211 0.14945632 0.06605076 0.08810897 0.06605076
 0.03778952 0.08810897 0.06605076 0.06161204 0.04788023 0.06605076
 0.06605076 0.02100805]
[0.03198639 0.12290564 0.11759578 0.06159287 0.11830056 0.06159287
 0.02811716 0.11830056 0.06159287 0.07195458 0.0668968  0.06159287
 0.06159288 0.01597822]]