22915
Test: public void test4546() throws Throwable { URL uRL0 = MockURL.getHttpExample(); HttpRequest httpRequest0 = HttpRequest.head(uRL0); AbstractMap.SimpleImmutableEntry<String, String> abstractMap_SimpleImmutableEntry0 = new AbstractMap.SimpleImmutableEntry<String, String>("xq>)zzR|T)}", "Referer"); AbstractMap.SimpleEntry<String, String> abstractMap_SimpleEntry0 = new AbstractMap.SimpleEntry<String, String>(abstractMap_SimpleImmutableEntry0); AbstractMap.SimpleImmutableEntry<String, String> abstractMap_SimpleImmutableEntry1 = new AbstractMap.SimpleImmutableEntry<String, String>(abstractMap_SimpleEntry0); HttpRequest httpRequest1 = httpRequest0.header((Map.Entry<String, String>) abstractMap_SimpleImmutableEntry1); }
Code: public HttpRequest header(final String name, final String value) { getConnection().setRequestProperty(name, value); return this; }
[[0.05279338 0.07323067 0.07323067 0.06888489 0.16216612 0.04134686
 0.06888489 0.06719033 0.06259526 0.07323067 0.13513026 0.057138
 0.04339062 0.02078738]
[0.04445412 0.07493063 0.07493063 0.08314217 0.14442845 0.0416892
 0.08314217 0.07293388 0.06641131 0.07493063 0.11997034 0.05384773
 0.04232664 0.0228621 ]
[0.04445412 0.07493063 0.07493063 0.08314217 0.14442845 0.0416892
 0.08314217 0.07293388 0.06641131 0.07493063 0.11997034 0.05384773
 0.04232664 0.0228621 ]
[0.05582073 0.08052187 0.08052187 0.0657316  0.16416708 0.04149656
 0.0657316  0.06854112 0.07551789 0.08052187 0.10726707 0.05561093
 0.03894162 0.01960815]
[0.05251952 0.08570616 0.08570616 0.064293   0.12807557 0.04230435
 0.064293   0.07120287 0.08117538 0.08570617 0.11396512 0.06199149
 0.0363899  0.02667127]
[0.05093323 0.08096582 0.08096582 0.08129585 0.13492244 0.03359511
 0.08129585 0.04683538 0.08253469 0.08096582 0.11813784 0.07396633
 0.03711765 0.01646814]
[0.05582073 0.08052187 0.08052187 0.0657316  0.16416708 0.04149656
 0.0657316  0.06854112 0.07551789 0.08052187 0.10726707 0.05561093
 0.03894162 0.01960815]
[0.0502993  0.07585164 0.07585164 0.08006117 0.15242854 0.03954204
 0.08006117 0.06187292 0.07961244 0.07585163 0.11053979 0.05963121
 0.03838239 0.02001407]
[0.05725007 0.07541666 0.07541666 0.08395842 0.10993727 0.05617497
 0.08395842 0.06204568 0.09111248 0.07541667 0.0830747  0.06600911
 0.04795403 0.03227482]
[0.04445412 0.07493063 0.07493063 0.08314217 0.14442845 0.0416892
 0.08314217 0.07293388 0.06641131 0.07493063 0.11997034 0.05384773
 0.04232664 0.0228621 ]
[0.04737007 0.06772481 0.06772481 0.07943178 0.16269428 0.04143896
 0.07943178 0.061856   0.07927438 0.0677248  0.12098664 0.0667543
 0.03967264 0.01791475]
[0.03808335 0.07760307 0.07760307 0.0886492  0.14131016 0.03453369
 0.0886492  0.06305326 0.07100783 0.07760307 0.1323608  0.05588248
 0.0340263  0.01963451]
[0.05747061 0.08220186 0.08220186 0.07707766 0.12233454 0.04489071
 0.07707766 0.06346158 0.08797254 0.08220186 0.09370299 0.06975971
 0.0355674  0.02407904]
[0.03929257 0.07701743 0.07701743 0.0721208  0.2059435  0.0339338
 0.0721208  0.04918355 0.08055979 0.07701743 0.08338005 0.07991358
 0.03417899 0.01832026]]