10116
Test: public void test43() throws Throwable { BitField bitField0 = new BitField(0); boolean boolean0 = bitField0.isSet(0); }
Code: public boolean isSet(final int holder) { return (holder & _mask) != 0; }
[[0.06499094 0.16343217 0.09015796 0.04138641 0.09015796 0.08527565
 0.07135434 0.09015796 0.06324949 0.09015797 0.03530285 0.08698814
 0.02738826]
[0.04492879 0.23297252 0.08596009 0.02212133 0.08596009 0.11271701
 0.07418001 0.08596009 0.04737205 0.0859601  0.02263066 0.0781585
 0.02107866]
[0.05307077 0.19716942 0.08823416 0.03418372 0.08823416 0.08603125
 0.06446323 0.08823416 0.05923795 0.08823416 0.03526315 0.08854235
 0.02910154]
[0.04125181 0.15458044 0.10475834 0.02927465 0.10475834 0.0961324
 0.06692214 0.10475834 0.06018949 0.10475836 0.02612919 0.08602235
 0.02046413]
[0.05307077 0.19716942 0.08823416 0.03418372 0.08823416 0.08603125
 0.06446323 0.08823416 0.05923795 0.08823416 0.03526315 0.08854235
 0.02910154]
[0.06439011 0.14024192 0.08374275 0.03070343 0.08374275 0.10489634
 0.07392521 0.08374275 0.08392237 0.08374277 0.04587404 0.08430819
 0.03676734]
[0.04564782 0.23089805 0.08988561 0.02675028 0.08988561 0.0915221
 0.06588238 0.08988561 0.04192402 0.08988561 0.02842974 0.08443735
 0.02496588]
[0.05307077 0.19716942 0.08823416 0.03418372 0.08823416 0.08603125
 0.06446323 0.08823416 0.05923795 0.08823416 0.03526315 0.08854235
 0.02910154]
[0.04785059 0.20156755 0.0792373  0.03109547 0.0792373  0.11849498
 0.08003962 0.0792373  0.07623208 0.0792373  0.03225585 0.07248648
 0.02302819]
[0.05307077 0.19716942 0.08823416 0.03418372 0.08823416 0.08603125
 0.06446323 0.08823416 0.05923795 0.08823416 0.03526315 0.08854235
 0.02910154]
[0.04729573 0.20202853 0.08290263 0.02694512 0.08290263 0.1164926
 0.06629328 0.08290263 0.0627882  0.08290265 0.02065065 0.1056115
 0.02028383]
[0.05741546 0.19827871 0.08012938 0.03127717 0.08012938 0.10149454
 0.07037192 0.08012938 0.05958987 0.08012939 0.03664413 0.09749651
 0.02691413]
[0.04358427 0.1475793  0.08030481 0.03269167 0.08030481 0.11895645
 0.09719773 0.08030481 0.08495243 0.08030481 0.0326174  0.09593755
 0.02526396]]