1454
Test: public void test45() throws Throwable { RgbBufferedImageFactory rgbBufferedImageFactory0 = new RgbBufferedImageFactory(); BufferedImage bufferedImage0 = rgbBufferedImageFactory0.getColorBufferedImage(1, 1, true); ImageFormats imageFormats0 = ImageFormats.TGA; // Undeclared exception!  Imaging.writeImageToBytes(bufferedImage0, imageFormats0);   }
Code: public static byte[] writeImageToBytes(final BufferedImage src, final ImageFormat format) throws ImageWriteException, IOException { try (ByteArrayOutputStream os = new ByteArrayOutputStream()) { writeImage(src, os, format); return os.toByteArray(); } }
[[0.02880264 0.08756541 0.04123019 0.03995753 0.01751536 0.0286795
 0.02322955 0.03995753 0.04586657 0.06762625 0.03995753 0.01510539
 0.03924499 0.05203787 0.03995753 0.0825467  0.01817687 0.01446877
 0.03995753 0.03924499 0.03995753 0.02204681 0.04019574 0.03180217
 0.03995754 0.01245573 0.01245573]
[0.03024504 0.08130876 0.03530719 0.04067375 0.01816251 0.02976602
 0.02236982 0.04067375 0.0365148  0.06263425 0.04067375 0.01797792
 0.0544691  0.04617985 0.04067375 0.07427469 0.019585   0.01310644
 0.04067375 0.0544691  0.04067375 0.02213173 0.03863824 0.0287011
 0.04067375 0.0147211  0.0147211 ]
[0.02789176 0.08482303 0.03466206 0.03708098 0.01780847 0.03132309
 0.02342161 0.03708098 0.04652052 0.08575298 0.03708098 0.01627506
 0.03727225 0.04892422 0.03708098 0.08820456 0.02038201 0.0151271
 0.03708098 0.03727225 0.03708098 0.02454704 0.03978966 0.03907177
 0.03708099 0.01068182 0.01068182]
[0.02397306 0.08420919 0.04042495 0.03987131 0.0234256  0.02970499
 0.02335073 0.03987131 0.04084411 0.07775086 0.03987131 0.01651373
 0.0387829  0.04164808 0.03987131 0.08291179 0.02593089 0.0182915
 0.03987131 0.0387829  0.03987131 0.02305655 0.03593276 0.02911715
 0.03987131 0.01312453 0.01312453]
[0.02613036 0.08500189 0.03576852 0.04013963 0.01797866 0.02609284
 0.02264514 0.04013963 0.03789211 0.07287531 0.04013963 0.01969168
 0.04605235 0.04347505 0.04013963 0.08833675 0.01795336 0.01516007
 0.04013963 0.04605235 0.04013963 0.01791955 0.03898802 0.03750105
 0.04013963 0.01175374 0.01175374]
[0.024416   0.09291096 0.03311815 0.04536428 0.01286452 0.02407085
 0.02209151 0.04536428 0.03403719 0.07544891 0.04536428 0.01391239
 0.04546514 0.03950401 0.04536428 0.08478326 0.02015209 0.01206573
 0.04536428 0.04546514 0.04536428 0.0179223  0.03438953 0.02857096
 0.04536428 0.01063066 0.01063066]
[0.02760455 0.08217969 0.03380322 0.04193989 0.01696366 0.02552719
 0.0185301  0.04193989 0.03497518 0.07151255 0.04193989 0.01753502
 0.04775671 0.04236295 0.04193989 0.09054623 0.02135443 0.0122677
 0.04193989 0.04775671 0.04193989 0.02069461 0.03615012 0.04017073
 0.04193989 0.00936465 0.00936465]
[0.02397306 0.08420919 0.04042495 0.03987131 0.0234256  0.02970499
 0.02335073 0.03987131 0.04084411 0.07775086 0.03987131 0.01651373
 0.0387829  0.04164808 0.03987131 0.08291179 0.02593089 0.0182915
 0.03987131 0.0387829  0.03987131 0.02305655 0.03593276 0.02911715
 0.03987131 0.01312453 0.01312453]
[0.01952369 0.09020154 0.0340446  0.04330547 0.01334233 0.02436155
 0.01869051 0.04330547 0.04570566 0.08351697 0.04330547 0.01239374
 0.04909004 0.03895438 0.04330547 0.08684318 0.0147211  0.01037326
 0.04330547 0.04909004 0.04330547 0.01783831 0.03613249 0.03741609
 0.04330548 0.00731116 0.00731116]
[0.02181904 0.078813   0.03615372 0.03776252 0.01190128 0.02338415
 0.01794328 0.03776252 0.0440963  0.10573346 0.03776252 0.01402443
 0.05331034 0.04261428 0.03776252 0.09265631 0.01933519 0.01133516
 0.03776252 0.05331034 0.03776252 0.02157368 0.03110014 0.0357997
 0.03776253 0.01037929 0.01037929]
[0.02397306 0.08420919 0.04042495 0.03987131 0.0234256  0.02970499
 0.02335073 0.03987131 0.04084411 0.07775086 0.03987131 0.01651373
 0.0387829  0.04164808 0.03987131 0.08291179 0.02593089 0.0182915
 0.03987131 0.0387829  0.03987131 0.02305655 0.03593276 0.02911715
 0.03987131 0.01312453 0.01312453]
[0.02300228 0.08698797 0.03031135 0.04380075 0.01332453 0.02579158
 0.01988423 0.04380075 0.04267481 0.08879622 0.04380075 0.01285165
 0.04045403 0.0432859  0.04380075 0.09084485 0.01801478 0.01199139
 0.04380075 0.04045403 0.04380075 0.0200793  0.03426412 0.03308515
 0.04380076 0.00864828 0.00864828]
[0.03052655 0.0721083  0.0388194  0.03983912 0.0198336  0.03301577
 0.0299866  0.03983912 0.04322329 0.05388425 0.03983912 0.02056008
 0.04942128 0.03257065 0.03983912 0.07111207 0.02542897 0.01698278
 0.03983912 0.04942128 0.03983912 0.02782251 0.03657879 0.03508738
 0.03983913 0.01737133 0.01737133]
[0.02378707 0.09643192 0.03353381 0.03833472 0.01716615 0.02457698
 0.02308415 0.03833472 0.04880359 0.09813327 0.03833472 0.01313532
 0.03890711 0.04471764 0.03833472 0.09087935 0.02058689 0.01440767
 0.03833472 0.03890711 0.03833472 0.01874832 0.03027859 0.0349633
 0.03833472 0.01030439 0.01030439]
[0.02397306 0.08420919 0.04042495 0.03987131 0.0234256  0.02970499
 0.02335073 0.03987131 0.04084411 0.07775086 0.03987131 0.01651373
 0.0387829  0.04164808 0.03987131 0.08291179 0.02593089 0.0182915
 0.03987131 0.0387829  0.03987131 0.02305655 0.03593276 0.02911715
 0.03987131 0.01312453 0.01312453]
[0.02645583 0.08820504 0.03852331 0.03781831 0.01615719 0.02990481
 0.02502217 0.03781831 0.04928211 0.08009921 0.03781831 0.01559892
 0.04810057 0.03905093 0.03781831 0.08117476 0.01688548 0.013979
 0.03781831 0.04810057 0.03781831 0.02043283 0.03870448 0.03323507
 0.03781831 0.01317977 0.01317977]
[0.03268435 0.07752459 0.02423457 0.04626562 0.02140304 0.03206669
 0.02748775 0.04626562 0.0335662  0.04933291 0.04626562 0.020481
 0.03565247 0.03778051 0.04626562 0.07026434 0.02673566 0.01530999
 0.04626562 0.03565247 0.04626562 0.02594234 0.04295698 0.03563572
 0.04626563 0.01571455 0.01571455]
[0.02566519 0.07732789 0.03404539 0.03905888 0.01889091 0.03309745
 0.02064728 0.03905888 0.03780861 0.08676192 0.03905888 0.01793471
 0.04719694 0.0514599  0.03905888 0.07369887 0.02047402 0.01660149
 0.03905888 0.04719694 0.03905888 0.01812659 0.03621764 0.03612825
 0.03905889 0.01365391 0.01365391]
[0.02397306 0.08420919 0.04042495 0.03987131 0.0234256  0.02970499
 0.02335073 0.03987131 0.04084411 0.07775086 0.03987131 0.01651373
 0.0387829  0.04164808 0.03987131 0.08291179 0.02593089 0.0182915
 0.03987131 0.0387829  0.03987131 0.02305655 0.03593276 0.02911715
 0.03987131 0.01312453 0.01312453]
[0.03052655 0.0721083  0.0388194  0.03983912 0.0198336  0.03301577
 0.0299866  0.03983912 0.04322329 0.05388425 0.03983912 0.02056008
 0.04942128 0.03257065 0.03983912 0.07111207 0.02542897 0.01698278
 0.03983912 0.04942128 0.03983912 0.02782251 0.03657879 0.03508738
 0.03983913 0.01737133 0.01737133]
[0.02397306 0.08420919 0.04042495 0.03987131 0.0234256  0.02970499
 0.02335073 0.03987131 0.04084411 0.07775086 0.03987131 0.01651373
 0.0387829  0.04164808 0.03987131 0.08291179 0.02593089 0.0182915
 0.03987131 0.0387829  0.03987131 0.02305655 0.03593276 0.02911715
 0.03987131 0.01312453 0.01312453]
[0.02204031 0.12055279 0.03274387 0.03289437 0.01223908 0.02592418
 0.02130652 0.03289437 0.04063838 0.08547211 0.03289437 0.01827558
 0.04349853 0.04814184 0.03289437 0.10959578 0.01861326 0.01060736
 0.03289437 0.04349853 0.03289437 0.02265977 0.04157432 0.03760456
 0.03289438 0.00737629 0.00737629]
[0.02195966 0.09498736 0.03233886 0.03544157 0.01779807 0.02493149
 0.02243485 0.03544157 0.04562327 0.07556558 0.03544157 0.01442869
 0.05434655 0.04650429 0.03544157 0.10094088 0.01795972 0.01549244
 0.03544157 0.05434655 0.03544157 0.02090964 0.03693081 0.03114334
 0.03544157 0.01163352 0.01163352]
[0.02016811 0.0919899  0.03503788 0.04065844 0.01608054 0.02754661
 0.01840673 0.04065844 0.05396526 0.0767556  0.04065844 0.01534107
 0.03850163 0.03854452 0.04065844 0.10939771 0.01966085 0.01206593
 0.04065844 0.03850163 0.04065844 0.01886032 0.03392965 0.02944013
 0.04065845 0.01059841 0.01059841]
[0.02397306 0.08420919 0.04042494 0.03987131 0.02342561 0.029705
 0.02335073 0.03987131 0.04084411 0.07775088 0.03987131 0.01651373
 0.0387829  0.04164808 0.03987131 0.08291179 0.02593089 0.0182915
 0.03987131 0.0387829  0.03987131 0.02305655 0.03593276 0.02911716
 0.03987131 0.01312454 0.01312454]
[0.0207412  0.08852839 0.02500288 0.03862295 0.01093593 0.03032767
 0.0188203  0.03862295 0.0330006  0.08727954 0.03862295 0.01681603
 0.05425975 0.04677521 0.03862295 0.08227341 0.01885917 0.01162989
 0.03862295 0.05425975 0.03862295 0.0240058  0.03728739 0.04557582
 0.03862295 0.01163034 0.01163034]
[0.0207412  0.08852839 0.02500288 0.03862295 0.01093593 0.03032767
 0.0188203  0.03862295 0.0330006  0.08727954 0.03862295 0.01681603
 0.05425975 0.04677521 0.03862295 0.08227341 0.01885917 0.01162989
 0.03862295 0.05425975 0.03862295 0.0240058  0.03728739 0.04557582
 0.03862295 0.01163034 0.01163034]]