40348
Test: public void test30() throws Throwable { Duration duration0 = new Duration((-10L)); duration0.hashCode(); }
Code: public int hashCode() { long len = getMillis(); return (int) (len ^ (len >>> 32)); }
[[0.04422339 0.02498832 0.06663015 0.0740251  0.06833701 0.04602022
 0.02878752 0.03992243 0.05052935 0.06878635 0.08442412 0.0641646
 0.08442412 0.03540668 0.19719371 0.02213694]
[0.03148632 0.02102103 0.06673881 0.08108258 0.06206005 0.03802314
 0.02649311 0.04371579 0.05201207 0.06212902 0.1175542  0.06198825
 0.1175542  0.03995097 0.16170149 0.01648894]
[0.03137952 0.01780489 0.06666228 0.07894595 0.07077631 0.04066976
 0.02775931 0.04709139 0.05047639 0.06307036 0.0853121  0.04980351
 0.0853121  0.03633683 0.23024431 0.01835499]
[0.04826874 0.02227519 0.06925339 0.08607926 0.0721311  0.0450165
 0.04056758 0.05887564 0.05444351 0.06707252 0.08254741 0.06221715
 0.08254741 0.03565038 0.14405489 0.02899935]
[0.03338225 0.01823141 0.06169945 0.0996188  0.061867   0.03894861
 0.02603244 0.0446784  0.04873765 0.05819794 0.07695837 0.05762267
 0.07695837 0.03223009 0.24225189 0.02258468]
[0.03364229 0.01845017 0.05748583 0.08310369 0.05713322 0.03874355
 0.03070744 0.04866439 0.05115805 0.06852081 0.08994992 0.05411178
 0.08994992 0.03490442 0.22814058 0.01533391]
[0.05451041 0.03251439 0.07166322 0.06432805 0.06703102 0.04515978
 0.0459906  0.04987473 0.06035612 0.07070314 0.09016033 0.06608821
 0.09016033 0.04904681 0.11503083 0.02738204]
[0.04595863 0.02256848 0.06811696 0.08470125 0.05797704 0.03922313
 0.03437848 0.04632181 0.0654626  0.06575527 0.08197229 0.05590003
 0.08197229 0.03538778 0.1958027  0.01850128]
[0.03336779 0.0176924  0.05328406 0.07674957 0.0781432  0.03477309
 0.03332438 0.05004754 0.04646888 0.06570917 0.07916417 0.05596608
 0.07916417 0.04245105 0.23324563 0.02044883]
[0.04020041 0.02445161 0.07053605 0.07842556 0.06036487 0.04313213
 0.03819089 0.05401971 0.05061856 0.07172728 0.1025169  0.06287524
 0.1025169  0.04127341 0.13769513 0.02145538]
[0.04332122 0.02099771 0.07272274 0.07363065 0.0574095  0.03527115
 0.03161221 0.05070365 0.0571463  0.07254471 0.09803849 0.06917267
 0.09803849 0.0319094  0.16705519 0.02042595]
[0.03908651 0.0149909  0.056637   0.08738779 0.05971202 0.03130973
 0.02604789 0.05165001 0.06584422 0.06258699 0.10845985 0.06086241
 0.10845985 0.03863705 0.1753695  0.01295826]
[0.04332122 0.02099771 0.07272274 0.07363065 0.0574095  0.03527115
 0.03161221 0.05070365 0.0571463  0.07254471 0.09803849 0.06917267
 0.09803849 0.0319094  0.16705519 0.02042595]
[0.0363049  0.01676513 0.05745172 0.07010107 0.06691094 0.03775016
 0.02839581 0.05081007 0.05844563 0.06239585 0.08117306 0.05176407
 0.08117306 0.03291814 0.24539049 0.02224989]
[0.04514035 0.02084055 0.06076077 0.07668136 0.06898271 0.05595013
 0.02907263 0.03699888 0.0595844  0.0634801  0.11013467 0.06059102
 0.11013467 0.0358939  0.14668441 0.01906944]
[0.03384559 0.02520704 0.06696357 0.09643708 0.05498637 0.04096544
 0.03163212 0.06214606 0.07665326 0.07214651 0.08950293 0.05439215
 0.08950293 0.03449777 0.15082425 0.020297  ]]