136034
Test: public void test139() throws Throwable { Elements elements0 = new Elements(); Elements elements1 = elements0.removeAttr("org.jsoup.select.Elements"); }
Code: public Elements removeAttr(String attributeKey) { for (Element element : this) { element.removeAttr(attributeKey); } return this; }
[[0.0694826  0.04291122 0.0963737  0.05111317 0.07516853 0.07211885
 0.05074815 0.09492092 0.05677012 0.03808765 0.07516853 0.0963737
 0.02578026 0.07430962 0.05489272 0.02578026]
[0.06527285 0.03268579 0.09410214 0.04070386 0.09653518 0.06528369
 0.04186869 0.10207538 0.04660244 0.03853624 0.09653518 0.09410214
 0.02434394 0.08348139 0.05352709 0.02434394]
[0.0583392  0.03920694 0.10005856 0.04458597 0.07762554 0.08338519
 0.05350704 0.09994724 0.05291732 0.03462746 0.07762554 0.10005856
 0.02744952 0.07041541 0.05280102 0.02744952]
[0.06239881 0.04103526 0.10544001 0.04650005 0.07549464 0.07612947
 0.04899741 0.10826916 0.05452735 0.036988   0.07549464 0.10544001
 0.0194682  0.07964332 0.04470547 0.0194682 ]
[0.06318583 0.03943274 0.08939812 0.06152973 0.08674277 0.06606244
 0.05206588 0.08386477 0.05000814 0.04031602 0.08674277 0.08939812
 0.0329538  0.07465855 0.05068656 0.0329538 ]
[0.07081684 0.03659707 0.10653704 0.0491302  0.09974056 0.07648313
 0.04405048 0.08740813 0.03971918 0.0323873  0.09974056 0.10653704
 0.01813366 0.07280131 0.0417839  0.01813366]
[0.05565708 0.03164387 0.10093695 0.03463399 0.0940834  0.0778958
 0.04750433 0.108565   0.05135691 0.03092422 0.0940834  0.10093695
 0.02417148 0.07730953 0.04612565 0.02417148]
[0.06014574 0.04000308 0.10283972 0.04609797 0.08349267 0.07145263
 0.04465564 0.09247193 0.05442665 0.03478792 0.08349267 0.10283972
 0.02484991 0.08291111 0.05068275 0.02484991]
[0.06919236 0.04173611 0.08791631 0.04451135 0.08819063 0.07677063
 0.0403614  0.0899685  0.04310039 0.03675133 0.08819063 0.08791631
 0.032896   0.08775595 0.05184611 0.032896  ]
[0.06300505 0.04267348 0.11363013 0.04154961 0.08291611 0.06504466
 0.03175655 0.10099651 0.05198416 0.03448678 0.08291611 0.11363013
 0.02220972 0.07608412 0.05490716 0.02220972]
[0.06318583 0.03943274 0.08939812 0.06152973 0.08674277 0.06606244
 0.05206588 0.08386477 0.05000814 0.04031602 0.08674277 0.08939812
 0.0329538  0.07465855 0.05068656 0.0329538 ]
[0.0583392  0.03920694 0.10005856 0.04458597 0.07762554 0.08338519
 0.05350704 0.09994724 0.05291732 0.03462746 0.07762554 0.10005856
 0.02744952 0.07041541 0.05280102 0.02744952]
[0.04960707 0.03258237 0.09728667 0.03830038 0.10140816 0.06719738
 0.0428499  0.10386112 0.03984784 0.03829685 0.10140816 0.09728667
 0.02307949 0.10080488 0.04310357 0.02307949]
[0.05103468 0.04033337 0.11114006 0.03689066 0.08052974 0.10064099
 0.03577404 0.11017023 0.04321446 0.03224993 0.08052974 0.11114006
 0.02304568 0.07739686 0.04286376 0.02304568]
[0.06829141 0.04163614 0.10363322 0.04660341 0.092035   0.05631379
 0.04257659 0.09892601 0.0429965  0.03358071 0.092035   0.10363322
 0.02672922 0.08404574 0.04023484 0.02672922]
[0.04960707 0.03258237 0.09728667 0.03830038 0.10140816 0.06719738
 0.0428499  0.10386112 0.03984784 0.03829685 0.10140816 0.09728667
 0.02307949 0.10080488 0.04310357 0.02307949]]