13309
Test: public void test2() throws Throwable { DateFormat dateFormat0 = MockDateFormat.getDateTimeInstance(); CompositeFormat compositeFormat0 = new CompositeFormat(dateFormat0, dateFormat0); ParsePosition parsePosition0 = new ParsePosition(3455); Object object0 = compositeFormat0.parseObject("T(&W!q", parsePosition0); }
Code: public Object parseObject(final String source, final ParsePosition pos) { return parser.parseObject(source, pos); }
[[0.06744633 0.05201608 0.09356357 0.08688708 0.09361544 0.0538638
 0.04567367 0.14825486 0.08786316 0.07397181 0.09356357 0.0749964
 0.02828423]
[0.0610976  0.04290609 0.08052567 0.10296565 0.08962843 0.04377979
 0.04177894 0.17011681 0.12262311 0.07482541 0.08052567 0.06621911
 0.02300768]
[0.05493794 0.04216028 0.09251408 0.10256515 0.09226765 0.05166296
 0.05509596 0.14478813 0.08255867 0.06655969 0.09251408 0.09399166
 0.02838381]
[0.06567142 0.04596208 0.0934381  0.07630952 0.10622385 0.0498752
 0.04090076 0.16670227 0.09472767 0.06611419 0.0934381  0.0764501
 0.02418678]
[0.05597823 0.0376958  0.09857861 0.09287254 0.09145238 0.04412369
 0.04012737 0.16480063 0.10325973 0.06299558 0.0985786  0.08126055
 0.02827627]
[0.06140009 0.04510862 0.09605728 0.09641793 0.07911984 0.04075585
 0.03531304 0.16706444 0.10190612 0.08923252 0.09605727 0.07136453
 0.02020244]
[0.05808999 0.03675923 0.09694658 0.09116518 0.08722942 0.05353933
 0.04792798 0.14435044 0.11351521 0.06862953 0.09694657 0.07391584
 0.03098474]
[0.06102934 0.03798601 0.107504   0.09036378 0.08646549 0.05019086
 0.03794432 0.14212322 0.09378705 0.06959068 0.107504   0.09061269
 0.02489855]
[0.06890765 0.04103507 0.09144387 0.10201286 0.07246222 0.06755394
 0.05916531 0.11517746 0.10816208 0.07964671 0.09144387 0.06443239
 0.03855659]
[0.04910472 0.04613494 0.09979666 0.11368614 0.09275992 0.04459932
 0.0412477  0.15786117 0.09209961 0.07196191 0.09979666 0.06551351
 0.02543779]
[0.05493794 0.04216028 0.09251408 0.10256515 0.09226765 0.05166296
 0.05509596 0.14478813 0.08255867 0.06655969 0.09251408 0.09399166
 0.02838381]
[0.06161446 0.03902226 0.09263302 0.10837507 0.08235944 0.04883619
 0.04296717 0.15583563 0.10430381 0.06181906 0.09263302 0.08499603
 0.0246048 ]
[0.04594355 0.04597355 0.0871802  0.08420619 0.10150931 0.04096169
 0.03567713 0.1576196  0.11079348 0.09823817 0.0871802  0.08052389
 0.02419301]]