37927
Test: public void test124() throws Throwable { CopticChronology copticChronology0 = CopticChronology.getInstanceUTC(); DateTime dateTime0 = new DateTime((Object) null, copticChronology0); // Undeclared exception!  dateTime0.minusHours(86399999);   }
Code: public DateTime minusHours(int hours) { if (hours == 0) { return this; } long instant = getChronology().hours().subtract(getMillis(), hours); return withMillis(instant); }
[[0.03781968 0.03859595 0.05246481 0.09634897 0.04949624 0.10184628
 0.03739941 0.05991942 0.02099535 0.04949624 0.04150693 0.03251271
 0.01590993 0.06309798 0.04403948 0.02373748 0.05246482 0.0724667
 0.04150693 0.05246482 0.01590993]
[0.03703776 0.03264213 0.05308779 0.07786493 0.06759924 0.10746519
 0.03427082 0.05203103 0.02227956 0.06759924 0.04036456 0.02750389
 0.01673017 0.07467544 0.03913873 0.0203869  0.05308779 0.06605229
 0.04036455 0.05308779 0.01673017]
[0.03371751 0.04004154 0.0567037  0.08113732 0.05108801 0.08234657
 0.0372066  0.06436026 0.02449514 0.05108801 0.04086127 0.03231033
 0.0175324  0.06090434 0.04042902 0.03573465 0.05670371 0.07824229
 0.04086127 0.05670371 0.0175324 ]
[0.03623424 0.03523574 0.05110062 0.081866   0.06568771 0.124044
 0.03447592 0.04788078 0.01901411 0.06568771 0.04336624 0.0255412
 0.01274198 0.06074563 0.04846076 0.02268331 0.05110062 0.06692462
 0.04336624 0.05110062 0.01274198]
[0.04104516 0.0534923  0.05563348 0.06003539 0.06181623 0.07124114
 0.04302068 0.04488112 0.02704871 0.06181623 0.04778313 0.03381208
 0.02246235 0.06790289 0.0326908  0.03398132 0.05563348 0.05982453
 0.04778313 0.05563348 0.02246235]
[0.02622163 0.02795576 0.06105091 0.09164257 0.05416808 0.14749055
 0.02360344 0.0540901  0.02145102 0.05416808 0.03447795 0.02067053
 0.00833573 0.07571069 0.03878955 0.0204376  0.06105092 0.07482031
 0.03447796 0.06105092 0.00833573]
[0.03801579 0.03584186 0.0644628  0.07813773 0.05758458 0.09496436
 0.03864538 0.05133767 0.02475094 0.05758458 0.052841   0.03045286
 0.01523117 0.04934164 0.03241414 0.03014132 0.0644628  0.05125447
 0.052841   0.0644628  0.01523117]
[0.02512028 0.03544624 0.04242278 0.08946083 0.06024203 0.13892606
 0.02866428 0.06302384 0.02585239 0.06024203 0.04104211 0.02693743
 0.01255565 0.07607681 0.0391837  0.02573907 0.04242278 0.07062112
 0.04104211 0.04242278 0.01255565]
[0.03193222 0.03719527 0.05316576 0.06847467 0.05223933 0.10754044
 0.04499235 0.05430105 0.0212726  0.05223933 0.0501423  0.02925301
 0.01829286 0.06518049 0.03516036 0.02470726 0.05316576 0.07914398
 0.05014231 0.05316576 0.01829286]
[0.04104516 0.0534923  0.05563348 0.06003539 0.06181623 0.07124114
 0.04302068 0.04488112 0.02704871 0.06181623 0.04778313 0.03381208
 0.02246235 0.06790289 0.0326908  0.03398132 0.05563348 0.05982453
 0.04778313 0.05563348 0.02246235]
[0.02711787 0.04358068 0.05519442 0.10010637 0.05069351 0.11334182
 0.03685788 0.05388756 0.02099512 0.05069351 0.03976951 0.02425351
 0.01401037 0.07743889 0.04214502 0.02637022 0.05519442 0.05937502
 0.03976952 0.05519442 0.01401037]
[0.0408113  0.04159695 0.0581419  0.07957251 0.06295796 0.09881292
 0.03233207 0.0521991  0.02431985 0.06295796 0.04949331 0.02533625
 0.01717241 0.06165952 0.03552565 0.02399091 0.05814191 0.05016991
 0.04949331 0.05814191 0.01717241]
[0.03011922 0.0348139  0.0576387  0.06140076 0.06982621 0.11457449
 0.02647585 0.05155032 0.02101848 0.06982621 0.06359069 0.02748458
 0.01539151 0.04886953 0.03185511 0.02641228 0.0576387  0.05489263
 0.06359069 0.0576387  0.01539151]
[0.0281913  0.03503427 0.05334569 0.10844598 0.0641882  0.1063609
 0.0301236  0.05636363 0.02263552 0.0641882  0.04183321 0.02614008
 0.01544968 0.05939401 0.04423637 0.02148912 0.05334568 0.05860598
 0.04183321 0.05334568 0.01544968]
[0.03797284 0.03615916 0.05516112 0.09691501 0.05297897 0.10490066
 0.03840446 0.0610484  0.02207899 0.05297897 0.04631899 0.03004008
 0.01580575 0.05995614 0.04103949 0.02578294 0.05516111 0.05001098
 0.04631899 0.05516111 0.01580575]
[0.04334842 0.04158718 0.061356   0.06910911 0.04746007 0.09565775
 0.04568854 0.0493129  0.03202108 0.04746007 0.04729597 0.04280328
 0.02088403 0.05363824 0.03252048 0.03550923 0.061356   0.04345563
 0.04729598 0.061356   0.02088403]
[0.03371751 0.04004154 0.0567037  0.08113732 0.05108801 0.08234657
 0.0372066  0.06436026 0.02449514 0.05108801 0.04086127 0.03231033
 0.0175324  0.06090434 0.04042902 0.03573465 0.05670371 0.07824229
 0.04086127 0.05670371 0.0175324 ]
[0.0338942  0.03692875 0.05754827 0.07067934 0.05897171 0.11303478
 0.0403459  0.06182816 0.02053643 0.05897171 0.0473146  0.02502969
 0.01301443 0.06468558 0.03954669 0.02520735 0.05754827 0.05703682
 0.0473146  0.05754827 0.01301443]
[0.02711787 0.04358068 0.05519442 0.10010637 0.05069351 0.11334182
 0.03685788 0.05388756 0.02099512 0.05069351 0.03976951 0.02425351
 0.01401037 0.07743889 0.04214502 0.02637022 0.05519442 0.05937502
 0.03976952 0.05519442 0.01401037]
[0.03371751 0.04004154 0.0567037  0.08113732 0.05108801 0.08234657
 0.0372066  0.06436026 0.02449514 0.05108801 0.04086127 0.03231033
 0.0175324  0.06090434 0.04042902 0.03573465 0.05670371 0.07824229
 0.04086127 0.05670371 0.0175324 ]
[0.03011922 0.0348139  0.05763869 0.06140076 0.06982622 0.11457448
 0.02647585 0.05155031 0.02101848 0.06982622 0.06359069 0.02748457
 0.01539151 0.04886954 0.03185511 0.02641228 0.05763869 0.05489262
 0.06359069 0.05763869 0.01539151]]