8364
Test: public void test1() throws Throwable { CharRange charRange0 = CharRange.is('?'); CharRange charRange1 = CharRange.isNotIn('q', 'I'); charRange1.contains(charRange0); charRange0.iterator(); charRange0.hashCode(); charRange0.isNegated(); CharRange.isNotIn('3', 'q'); }
Code: public static CharRange isNotIn(final char start, final char end) { return new CharRange(start, end, true); }
[[0.04518849 0.13365613 0.06268738 0.06268738 0.06427908 0.03729437
 0.03616374 0.06427908 0.09080532 0.05943963 0.04963116 0.02284729
 0.06268738 0.06622121 0.12305699 0.01907536]
[0.04810299 0.12501886 0.06522471 0.06522471 0.06365237 0.03918162
 0.03492296 0.06365237 0.08212202 0.08157804 0.0453013  0.02065615
 0.06522471 0.06413764 0.11362996 0.02236953]
[0.0353823  0.12138081 0.05935179 0.05935179 0.07772532 0.04781081
 0.03364693 0.07772532 0.10082018 0.05444881 0.04290091 0.02675336
 0.05935179 0.06842625 0.11630092 0.0186227 ]
[0.0353823  0.12138081 0.05935179 0.05935179 0.07772532 0.04781081
 0.03364693 0.07772532 0.10082018 0.05444881 0.04290091 0.02675336
 0.05935179 0.06842625 0.11630092 0.0186227 ]
[0.03160505 0.13374722 0.05862034 0.05862034 0.06592476 0.03291775
 0.02654902 0.06592476 0.09175992 0.07077391 0.05166367 0.01794629
 0.05862034 0.06378984 0.1544001  0.01713664]
[0.03238155 0.10639465 0.05726331 0.05726331 0.08391913 0.04916613
 0.03188185 0.08391913 0.08721358 0.06827309 0.05975628 0.01656552
 0.05726331 0.05314756 0.14446266 0.01112895]
[0.04054301 0.12031853 0.0624091  0.0624091  0.07300439 0.0306041
 0.02708053 0.07300439 0.09910197 0.06887607 0.05896444 0.01813334
 0.0624091  0.05924825 0.13032341 0.01357028]
[0.03160505 0.13374722 0.05862034 0.05862034 0.06592476 0.03291775
 0.02654902 0.06592476 0.09175992 0.07077391 0.05166367 0.01794629
 0.05862034 0.06378984 0.1544001  0.01713664]
[0.03967867 0.14055075 0.0604518  0.0604518  0.0812287  0.04433919
 0.03390366 0.0812287  0.09018332 0.05678654 0.04919704 0.01982437
 0.0604518  0.05220702 0.11609133 0.01342538]
[0.04653923 0.10829937 0.06170887 0.06170887 0.06552082 0.05190415
 0.04562949 0.06552082 0.09187542 0.07316545 0.05377728 0.02620691
 0.06170887 0.05679657 0.10357524 0.02606265]
[0.0306425  0.14127022 0.06130137 0.06130137 0.05940568 0.0397299
 0.02809417 0.05940568 0.10907008 0.05946614 0.04456378 0.01828186
 0.06130137 0.05506878 0.15477812 0.01631901]
[0.04192268 0.12558539 0.06439576 0.06439576 0.04942243 0.04679425
 0.03363625 0.04942243 0.09161736 0.07567636 0.05897393 0.0272805
 0.06439576 0.05878314 0.12570606 0.02199204]
[0.0353823  0.12138081 0.05935179 0.05935179 0.07772532 0.04781081
 0.03364693 0.07772532 0.10082018 0.05444881 0.04290091 0.02675336
 0.05935179 0.06842625 0.11630092 0.0186227 ]
[0.04285691 0.12337928 0.06124601 0.06124601 0.07716988 0.04789716
 0.042191   0.07716988 0.08435378 0.06313788 0.05462993 0.02127411
 0.06124601 0.06412533 0.0998437  0.01823314]
[0.04227569 0.11130784 0.06766075 0.06766075 0.0807955  0.03370486
 0.04052386 0.0807955  0.08133186 0.0622738  0.04526292 0.02272807
 0.06766075 0.05988968 0.11803649 0.01809172]
[0.02997214 0.12257268 0.05661039 0.05661039 0.07805733 0.03976551
 0.02683974 0.07805733 0.09332555 0.07379851 0.06452699 0.01678118
 0.05661039 0.06785145 0.12258379 0.01603665]]