14203
Test: public void test12() throws Throwable { Object object0 = new Object(); boolean boolean0 = HashCodeBuilder.isRegistered(object0); }
Code: static boolean isRegistered(final Object value) { final Set<IDKey> registry = getRegistry(); return registry != null && registry.contains(new IDKey(value)); }
[[0.11015616 0.13327082 0.05791188 0.02900079 0.0412923  0.07152269
 0.03085789 0.08112462 0.03052098 0.027586   0.07165525 0.04010815
 0.03052098 0.02739825 0.04026943 0.03012665 0.08318792 0.0438227
 0.01966655]
[0.11088966 0.18211344 0.06257189 0.02384042 0.04491541 0.07009929
 0.02863458 0.08430751 0.02507157 0.0248433  0.06769237 0.04963234
 0.02507157 0.0149261  0.03929596 0.02072476 0.06644635 0.04537027
 0.01355323]
[0.11725048 0.12800875 0.05665316 0.02636262 0.05387294 0.05312092
 0.03250607 0.08167353 0.03043435 0.03628704 0.07379261 0.04110496
 0.03043435 0.02214032 0.0372507  0.02461444 0.09048826 0.04590877
 0.01809563]
[0.11522017 0.15464857 0.05182882 0.02764517 0.04028756 0.07956423
 0.02825979 0.06447488 0.02956534 0.02786178 0.0848586  0.04825375
 0.02956534 0.02377418 0.03820547 0.0256641  0.07210295 0.04331614
 0.01490316]
[0.12654993 0.11609226 0.05773927 0.02511663 0.04668131 0.06314074
 0.03081268 0.09106807 0.03161131 0.02789148 0.07220263 0.04629828
 0.03161131 0.020529   0.0375962  0.02861458 0.08621314 0.04453282
 0.01569832]
[0.10085154 0.10289782 0.05997457 0.02635902 0.04983349 0.06671436
 0.04328492 0.07418475 0.03770911 0.03664872 0.05855599 0.05152424
 0.03770911 0.03057917 0.03684809 0.03790876 0.06961453 0.05456807
 0.0242337 ]
[0.11821529 0.1221889  0.06328197 0.02956085 0.03654228 0.06563247
 0.026511   0.10300454 0.02866378 0.03108045 0.0704769  0.05822837
 0.02866378 0.01818133 0.03449292 0.03017178 0.07312772 0.04891686
 0.01305875]
[0.09647994 0.08614407 0.06486852 0.028614   0.05185316 0.05768438
 0.04445744 0.0900768  0.04128689 0.0334013  0.06180409 0.05183434
 0.04128689 0.02947221 0.04372233 0.03998208 0.06777589 0.04443628
 0.02481935]
[0.12191264 0.15794097 0.06243901 0.02285049 0.0434932  0.06833246
 0.02788336 0.0798647  0.02650001 0.02629061 0.07399033 0.04045805
 0.02650001 0.0209541  0.03670913 0.01873613 0.08335838 0.04566041
 0.01612599]
[0.10680231 0.09748325 0.0644635  0.02935926 0.05006658 0.04910413
 0.03827078 0.08318444 0.03680949 0.03708154 0.06074566 0.04953422
 0.03680949 0.03768525 0.03747911 0.03827517 0.07553265 0.04955783
 0.02175537]
[0.13921651 0.13488539 0.05758461 0.02954129 0.0458815  0.05412989
 0.03227188 0.0971698  0.02960177 0.02510059 0.0752482  0.05828477
 0.02960177 0.01515138 0.03746887 0.02085638 0.06423891 0.04205305
 0.01171345]
[0.12093459 0.15072745 0.05533985 0.02540203 0.04517795 0.0500545
 0.0244859  0.0971047  0.02188556 0.02628269 0.09880563 0.03977808
 0.02188556 0.01633942 0.03535973 0.01857557 0.09054871 0.0474501
 0.01386207]
[0.12191264 0.15794097 0.06243901 0.02285049 0.0434932  0.06833246
 0.02788336 0.0798647  0.02650001 0.02629061 0.07399033 0.04045805
 0.02650001 0.0209541  0.03670913 0.01873613 0.08335838 0.04566041
 0.01612599]
[0.16259393 0.14438792 0.05373804 0.02373838 0.04906363 0.05743409
 0.03040357 0.09376848 0.02606206 0.02441169 0.06869909 0.04080594
 0.02606206 0.01195293 0.03393372 0.01762297 0.08381435 0.04045374
 0.01105345]
[0.10303252 0.10191039 0.05688477 0.02930939 0.05181772 0.08262999
 0.02922658 0.10281084 0.03495476 0.03232524 0.07514913 0.05972981
 0.03495476 0.02041752 0.03459181 0.02854469 0.06092844 0.04797704
 0.01280457]
[0.11026876 0.16078682 0.05742382 0.027884   0.04082347 0.0578789
 0.02489072 0.08804004 0.02442606 0.02617334 0.08224852 0.03913018
 0.02442606 0.02000153 0.03810266 0.02038669 0.09519467 0.04322833
 0.0186854 ]
[0.10363346 0.13233945 0.05820807 0.02956102 0.05431652 0.07727455
 0.03163664 0.08768829 0.02986664 0.02941616 0.06653036 0.04672092
 0.02986664 0.02273818 0.03892241 0.02798062 0.07363141 0.04403084
 0.01563783]
[0.09396936 0.14197046 0.0565841  0.03103365 0.04528403 0.08666032
 0.02753176 0.0808982  0.03275842 0.02591244 0.0655387  0.04797768
 0.03275842 0.02268136 0.03557431 0.02519632 0.08132517 0.04975642
 0.01658895]
[0.11953007 0.11552223 0.06040996 0.03068128 0.03848941 0.06976296
 0.02747183 0.09369367 0.03038974 0.02715074 0.06362229 0.0652907
 0.03038974 0.02167342 0.03642766 0.02549643 0.08071176 0.0477575
 0.01552864]]