144068
Test: public void test15() throws Throwable { byte[] byteArray0 = new byte[3]; // Undeclared exception! CompressionUtil.compressByteArray(byteArray0, (int) (byte)0); }
Code: public static byte[] compressByteArray( final byte[] input ) throws IOException { return compressByteArray( input, 1024 ); }
[[0.03767265 0.10691109 0.0557655  0.05225862 0.02980819 0.0557655
 0.05191849 0.06319591 0.09164163 0.0186382  0.04696969 0.04105728
 0.05225862 0.15479554 0.07251309 0.05349265 0.01533738]
[0.04401907 0.10945266 0.05344219 0.0603041  0.0312034  0.05344219
 0.05418967 0.06357484 0.08999734 0.02427454 0.06883129 0.04105641
 0.0603041  0.12030809 0.07032686 0.03600529 0.019268  ]
[0.03907486 0.11021778 0.05013002 0.05249861 0.03209089 0.05013002
 0.04453996 0.06805322 0.12541887 0.02134291 0.04730029 0.05334579
 0.05249861 0.12080877 0.05965355 0.05882099 0.01407488]
[0.03184296 0.10634952 0.0559674  0.05391695 0.02946874 0.0559674
 0.04929802 0.06981573 0.10248458 0.02040068 0.04622576 0.03853621
 0.05391695 0.14585271 0.06974031 0.05420019 0.01601585]
[0.03705848 0.10837901 0.04917005 0.06046514 0.02418523 0.04917005
 0.03990576 0.0717778  0.10229114 0.02192386 0.05762829 0.05375079
 0.06046514 0.1451768  0.06098249 0.04603995 0.01163014]
[0.03907486 0.11021778 0.05013002 0.05249861 0.03209089 0.05013002
 0.04453996 0.06805322 0.12541887 0.02134291 0.04730029 0.05334579
 0.05249861 0.12080877 0.05965355 0.05882099 0.01407488]
[0.03578198 0.10213473 0.05042244 0.06377985 0.02981778 0.05042244
 0.05442952 0.06320594 0.07808473 0.02386699 0.07207278 0.04063088
 0.06377985 0.13914037 0.06463046 0.05092688 0.01687243]
[0.04056624 0.08905768 0.04556875 0.06080645 0.03824355 0.04556875
 0.06663791 0.06027404 0.087704   0.02377489 0.07070014 0.04805739
 0.06080645 0.12633264 0.07254718 0.04454393 0.01880994]
[0.02831555 0.09765863 0.05024221 0.05171735 0.02271503 0.05024221
 0.04789049 0.04983025 0.14401004 0.01689244 0.06247117 0.0452034
 0.05171735 0.15764508 0.04713503 0.06372947 0.01258438]
[0.03319338 0.11393444 0.0452149  0.06363375 0.02737492 0.0452149
 0.03901378 0.05816577 0.12977205 0.017007   0.05178213 0.04628436
 0.06363375 0.13812691 0.05597645 0.06008251 0.01158906]
[0.0421707  0.09549087 0.05638383 0.05748937 0.04120631 0.05638383
 0.05151771 0.06616203 0.07565277 0.02748726 0.06277075 0.04919022
 0.05748937 0.1200881  0.06869096 0.04889058 0.02293533]
[0.02627359 0.11243719 0.04858395 0.05529384 0.02335041 0.04858395
 0.04582619 0.059484   0.10649627 0.01845382 0.04539444 0.03916984
 0.05529384 0.1845442  0.05519655 0.06287461 0.01274331]
[0.03184296 0.10634952 0.0559674  0.05391695 0.02946874 0.0559674
 0.04929802 0.06981573 0.10248458 0.02040068 0.04622576 0.03853621
 0.05391695 0.14585271 0.06974031 0.05420019 0.01601585]
[0.03339984 0.10895458 0.05612641 0.04524795 0.02549189 0.05612641
 0.05949127 0.06435616 0.09693557 0.01700307 0.04927799 0.04737294
 0.04524795 0.16309017 0.06270088 0.05416002 0.01501682]
[0.03237002 0.11753026 0.05637505 0.0534168  0.03023985 0.05637505
 0.05344754 0.05342278 0.10775085 0.02105125 0.04930668 0.04419145
 0.0534168  0.12218472 0.08357396 0.04886864 0.01647828]
[0.02871719 0.10560906 0.04584327 0.05385423 0.02966438 0.04584327
 0.05766899 0.06427502 0.10598609 0.02055077 0.06172181 0.04777752
 0.05385423 0.15541512 0.06296225 0.04929649 0.01096025]
[0.0290969  0.10927093 0.03594945 0.05640623 0.0254086  0.03594945
 0.05506785 0.06776076 0.12341116 0.02109335 0.06327517 0.06022369
 0.05640623 0.13923724 0.066254   0.04101812 0.01417088]]