166442
Test: public void test12() throws Throwable { LegacyListDelimiterHandler legacyListDelimiterHandler0 = new LegacyListDelimiterHandler('f'); // Undeclared exception!  legacyListDelimiterHandler0.escape((Object) null, (ValueTransformer) null);   }
Code: public Object escape(final Object value, final ValueTransformer transformer) { return escapeValue(value, false, transformer); }
[[0.0657355  0.05074004 0.09119223 0.05074004 0.06393822 0.05276859
 0.09119223 0.09119223 0.08769014 0.07234935 0.09119223 0.07206044
 0.09119225 0.02801656]
[0.06717095 0.04721876 0.088716   0.04721876 0.05316456 0.04809029
 0.088716   0.088716   0.13398041 0.08227265 0.088716   0.05212077
 0.08871602 0.0251829 ]
[0.05761515 0.04476552 0.09641623 0.04476552 0.06653708 0.05516123
 0.09641623 0.09641623 0.08993322 0.06989168 0.09641623 0.0585844
 0.09641624 0.03066503]
[0.06717095 0.04721876 0.088716   0.04721876 0.05316456 0.04809029
 0.088716   0.088716   0.13398041 0.08227265 0.088716   0.05212077
 0.08871602 0.0251829 ]
[0.04928562 0.0472183  0.09034523 0.0472183  0.05188606 0.0516988
 0.09034523 0.09034523 0.13786651 0.07232563 0.09034522 0.06711725
 0.09034525 0.0236574 ]
[0.06338415 0.04606488 0.09661573 0.04606488 0.04516817 0.04249547
 0.09661573 0.09661573 0.10916495 0.09222451 0.09661573 0.05092306
 0.09661574 0.02143124]
[0.05761515 0.04476552 0.09641623 0.04476552 0.06653708 0.05516123
 0.09641623 0.09641623 0.08993322 0.06989168 0.09641623 0.0585844
 0.09641624 0.03066503]
[0.05761515 0.04476552 0.09641623 0.04476552 0.06653708 0.05516123
 0.09641623 0.09641623 0.08993322 0.06989168 0.09641623 0.0585844
 0.09641624 0.03066503]
[0.06704801 0.03992948 0.08596609 0.03992948 0.07508507 0.06599882
 0.08596609 0.08596609 0.11199176 0.07661532 0.0859661  0.05475265
 0.08596611 0.03881892]
[0.04994055 0.0469233  0.10144881 0.0469233  0.05469523 0.04537103
 0.10144881 0.10144881 0.09376252 0.07317047 0.10144881 0.05607742
 0.10144883 0.02589205]
[0.05761515 0.04476552 0.09641623 0.04476552 0.06653708 0.05516123
 0.09641623 0.09641623 0.08993322 0.06989168 0.09641623 0.0585844
 0.09641624 0.03066503]
[0.05786146 0.04803413 0.08551464 0.04803413 0.06036055 0.05127332
 0.08551464 0.08551464 0.14138648 0.08775898 0.08551465 0.05730756
 0.08551466 0.02041022]
[0.05761515 0.04476552 0.09641622 0.04476552 0.06653708 0.05516122
 0.09641622 0.09641622 0.08993323 0.06989169 0.09641622 0.0585844
 0.09641623 0.03066503]
[0.04753746 0.04911223 0.08784465 0.04911223 0.04876103 0.0434372
 0.08784465 0.08784465 0.12826738 0.10558634 0.08784465 0.06165439
 0.08784467 0.02730852]]