36077
Test: public void test139() throws Throwable { GregorianChronology gregorianChronology0 = GregorianChronology.getInstance(); LocalDateTime localDateTime0 = new LocalDateTime(1L, (Chronology) gregorianChronology0); localDateTime0.plusHours(376); }
Code: public LocalDateTime plusHours(int hours) { if (hours == 0) { return this; } long instant = getChronology().hours().add(getLocalMillis(), hours); return withLocalMillis(instant); }
[[0.03674886 0.06430027 0.05098002 0.09271546 0.04880931 0.0990354
 0.03623505 0.05801903 0.02057378 0.04880931 0.04041996 0.03181148
 0.01561579 0.06107051 0.04248752 0.02311099 0.05098002 0.07126153
 0.04041996 0.05098002 0.01561579]
[0.03167975 0.06870684 0.05710772 0.07112265 0.05421738 0.11565243
 0.03030948 0.04822997 0.01939732 0.05421738 0.04115304 0.02923349
 0.01450949 0.05890382 0.03730355 0.02449805 0.05710773 0.07387962
 0.04115304 0.05710773 0.01450949]
[0.0326152  0.07122248 0.05483509 0.07842527 0.04949973 0.07967512
 0.03597378 0.06224072 0.02371844 0.04949973 0.03952757 0.03127763
 0.01698117 0.05886444 0.03908085 0.03458384 0.0548351  0.07580002
 0.03952757 0.0548351  0.01698117]
[0.0349749  0.06676997 0.04929934 0.07866976 0.06406548 0.12002483
 0.03326801 0.04622245 0.01848611 0.06406548 0.04197572 0.02475143
 0.01237278 0.05847484 0.04658037 0.02192167 0.04929934 0.06512964
 0.04197572 0.04929934 0.01237278]
[0.04060222 0.0636911  0.0550035  0.05936085 0.06121553 0.07046361
 0.04254811 0.04438148 0.02676955 0.06121553 0.0472588  0.03345796
 0.02223276 0.06713182 0.03232209 0.03361761 0.05500351 0.05922894
 0.04725881 0.05500351 0.02223276]
[0.02495312 0.07503332 0.05838318 0.08801438 0.05093316 0.14012586
 0.02249182 0.05169879 0.02018793 0.05093316 0.03277165 0.01952199
 0.00786282 0.07266304 0.03720837 0.01939606 0.05838319 0.0704205
 0.03277165 0.05838319 0.00786282]
[0.03720267 0.05650526 0.06307229 0.07644539 0.05636775 0.09292737
 0.03781669 0.05023345 0.02422477 0.05636775 0.05171006 0.02980313
 0.014908   0.04827655 0.03171683 0.02949309 0.06307229 0.05016635
 0.05171006 0.06307229 0.01490799]
[0.02399525 0.07952556 0.04087257 0.08654852 0.05642829 0.13282238
 0.02758242 0.06040913 0.02429199 0.05642829 0.03912888 0.02543586
 0.01181673 0.07333682 0.03785437 0.02451251 0.04087257 0.06631961
 0.03912888 0.04087257 0.01181674]
[0.03101134 0.06447175 0.05158975 0.06636283 0.05096749 0.10445134
 0.04364235 0.05265353 0.02071346 0.05096749 0.04871885 0.02843685
 0.0178297  0.06321541 0.03406393 0.02400574 0.05158975 0.07717016
 0.04871885 0.05158975 0.0178297 ]
[0.04060222 0.0636911  0.0550035  0.05936085 0.06121553 0.07046361
 0.04254811 0.04438148 0.02676955 0.06121553 0.0472588  0.03345796
 0.02223276 0.06713182 0.03232209 0.03361761 0.05500351 0.05922894
 0.04725881 0.05500351 0.02223276]
[0.02642454 0.06855662 0.05371089 0.09725099 0.04954548 0.11034841
 0.03584023 0.05241574 0.02051235 0.04954548 0.03872729 0.02366109
 0.01368523 0.07528235 0.04096879 0.02570502 0.05371089 0.05798517
 0.03872729 0.05371089 0.01368523]
[0.03939915 0.07493408 0.05606718 0.07666307 0.06091157 0.09539029
 0.03120294 0.05032643 0.02350008 0.06091157 0.04776859 0.02448101
 0.01659811 0.05943549 0.03424478 0.02315825 0.05606719 0.04850636
 0.04776858 0.05606719 0.01659811]
[0.02862138 0.0824782  0.05475542 0.05832638 0.06645121 0.10889804
 0.02516268 0.04899499 0.01999147 0.06645121 0.06045648 0.02613327
 0.01464237 0.04643961 0.03025722 0.02510938 0.05475542 0.052221
 0.06045648 0.05475542 0.01464237]
[0.02729405 0.06582594 0.0516739  0.105124   0.06202433 0.10296734
 0.02917752 0.05460462 0.02188218 0.06202433 0.04050586 0.0252848
 0.01493598 0.057547   0.04287643 0.02080217 0.0516739  0.05665989
 0.04050586 0.0516739  0.01493598]
[0.03678817 0.06759669 0.05351359 0.09445281 0.0507622  0.10152861
 0.03721601 0.05909334 0.02122009 0.0507622  0.04470849 0.0289191
 0.0152055  0.0582792  0.03996429 0.02495454 0.05351359 0.04809399
 0.04470849 0.05351359 0.0152055 ]
[0.04186378 0.07442479 0.05925471 0.06674409 0.0458312  0.0923809
 0.04412412 0.04762487 0.03092328 0.0458312  0.04567549 0.04133526
 0.02016795 0.0518015  0.03140746 0.0342921  0.05925471 0.04196438
 0.04567549 0.05925471 0.02016795]
[0.0326152  0.07122248 0.05483509 0.07842527 0.04949973 0.07967512
 0.03597378 0.06224072 0.02371844 0.04949973 0.03952757 0.03127763
 0.01698117 0.05886444 0.03908085 0.03458384 0.0548351  0.07580002
 0.03952757 0.0548351  0.01698117]
[0.03298088 0.06306157 0.05602341 0.06882264 0.05729814 0.10998859
 0.03926513 0.06014147 0.01996546 0.05729814 0.04602024 0.0243388
 0.01264924 0.06297902 0.03849659 0.02452073 0.05602341 0.05543369
 0.04602024 0.05602341 0.01264923]
[0.02642454 0.06855662 0.05371089 0.09725099 0.04954548 0.11034841
 0.03584023 0.05241574 0.02051235 0.04954548 0.03872729 0.02366109
 0.01368523 0.07528235 0.04096879 0.02570502 0.05371089 0.05798517
 0.03872729 0.05371089 0.01368523]
[0.0326152  0.07122248 0.05483509 0.07842527 0.04949973 0.07967512
 0.03597378 0.06224072 0.02371844 0.04949973 0.03952757 0.03127763
 0.01698117 0.05886444 0.03908085 0.03458384 0.0548351  0.07580002
 0.03952757 0.0548351  0.01698117]
[0.02862138 0.08247822 0.05475542 0.05832639 0.06645122 0.10889803
 0.02516268 0.04899499 0.01999147 0.06645122 0.06045648 0.02613327
 0.01464237 0.04643962 0.03025723 0.02510938 0.05475542 0.052221
 0.06045648 0.05475542 0.01464237]]