22825
Test: public void test4386() throws Throwable { URL uRL0 = MockURL.getFtpExample(); HttpRequest httpRequest0 = HttpRequest.get(uRL0); }
Code: public static HttpRequest get(final CharSequence url) throws HttpRequestException { return new HttpRequest(url, METHOD_GET); }
[[0.04921063 0.15180363 0.06827047 0.01283388 0.16118748 0.06827047
 0.11462429 0.06827047 0.06830747 0.05449053 0.02463386 0.06827047
 0.06827047 0.0215559 ]
[0.05209324 0.14380549 0.06958676 0.01346783 0.13734612 0.06958676
 0.10837124 0.06958676 0.0982374  0.04973695 0.02273948 0.06958675
 0.06958677 0.0262685 ]
[0.0413949  0.1480197  0.06839257 0.01322035 0.14581114 0.06839257
 0.13462979 0.06839257 0.06947879 0.05034363 0.0318034  0.06839257
 0.06839258 0.02333543]
[0.04268663 0.14510933 0.07283725 0.01026012 0.16454574 0.07283725
 0.1168787  0.07283725 0.06456887 0.0479044  0.02406913 0.07283725
 0.07283726 0.01979075]
[0.04223052 0.1565827  0.06939445 0.00999966 0.13534597 0.06939445
 0.12544954 0.06939445 0.09427596 0.05062506 0.01928619 0.06939444
 0.06939445 0.01923221]
[0.0413949  0.1480197  0.06839257 0.01322035 0.14581114 0.06839257
 0.13462979 0.06839257 0.06947879 0.05034363 0.0318034  0.06839257
 0.06839258 0.02333543]
[0.03617707 0.13433248 0.06046655 0.00700465 0.15939307 0.06046655
 0.16993403 0.06046655 0.09370299 0.06035126 0.01886165 0.06046656
 0.06046657 0.01790998]
[0.0413949  0.1480197  0.06839257 0.01322035 0.14581114 0.06839257
 0.13462979 0.06839257 0.06947879 0.05034363 0.0318034  0.06839257
 0.06839258 0.02333543]
[0.05509824 0.1334588  0.06993749 0.02160663 0.12527676 0.06993749
 0.09628237 0.06993749 0.09361723 0.0627532  0.03001294 0.0699375
 0.0699375  0.03220641]
[0.03421899 0.16197734 0.06712989 0.00985382 0.17573017 0.06712989
 0.12504548 0.06712989 0.06912167 0.04929923 0.02027392 0.06712989
 0.0671299  0.01882994]
[0.04302298 0.1315226  0.06391895 0.0099885  0.16094649 0.06391895
 0.14033222 0.06391895 0.08282217 0.06066585 0.02740351 0.06391895
 0.06391896 0.02370097]
[0.0413949  0.1480197  0.06839257 0.01322035 0.14581114 0.06839257
 0.13462979 0.06839257 0.06947879 0.05034363 0.0318034  0.06839257
 0.06839258 0.02333543]
[0.0413949  0.1480197  0.06839257 0.01322035 0.1458111  0.06839257
 0.13462979 0.06839257 0.06947879 0.05034363 0.0318034  0.06839257
 0.06839257 0.02333543]
[0.03531904 0.15575215 0.0650234  0.00936385 0.11024484 0.0650234
 0.14829813 0.0650234  0.09670134 0.07885309 0.01982691 0.0650234
 0.06502341 0.02052365]]