151165
Test: public void test4() throws Throwable { FTPClientConfig fTPClientConfig0 = new FTPClientConfig(); OS2FTPEntryParser oS2FTPEntryParser0 = new OS2FTPEntryParser(fTPClientConfig0); // Undeclared exception!  oS2FTPEntryParser0.getGroupsAsString();   }
Code: public String getGroupsAsString() { final StringBuilder b = new StringBuilder(); for (int i = 1; i <= this.result.groupCount(); i++) { b.append(i).append(") ").append(this.result.group(i)).append( System.getProperty("line.separator")); } return b.toString(); }
[[0.03331743 0.04283988 0.04621948 0.04397532 0.02668334 0.03202068
 0.02657166 0.02093535 0.01683489 0.05572617 0.03224476 0.02713363
 0.0262785  0.02093535 0.01764324 0.0262785  0.09545445 0.04621948
 0.03416606 0.04397532 0.04621948 0.04621948 0.04621948 0.01409718
 0.0366116  0.08108203 0.01409718]
[0.03180829 0.03647356 0.04464028 0.04868778 0.02466084 0.04184407
 0.02461283 0.02150359 0.01362618 0.06350698 0.029108   0.02391077
 0.03109594 0.02150359 0.01212175 0.03109594 0.12723543 0.04464028
 0.0272269  0.04868778 0.04464028 0.04464028 0.04464028 0.0122484
 0.03235165 0.06123995 0.0122484 ]
[0.02479079 0.04545634 0.04135462 0.03942431 0.02394783 0.04411516
 0.02014001 0.02667031 0.01885601 0.06845549 0.03362915 0.0274403
 0.02555942 0.02667031 0.01180948 0.02555942 0.11989008 0.04135462
 0.03526692 0.03942431 0.04135462 0.04135462 0.04135462 0.01338961
 0.03009238 0.07924968 0.0133896 ]
[0.03168941 0.04584909 0.04130849 0.05141206 0.03113319 0.03900715
 0.02230147 0.02640254 0.01761404 0.06409846 0.03103878 0.02537765
 0.03114299 0.02640254 0.01798864 0.03114299 0.08687195 0.04130849
 0.02920064 0.05141206 0.04130849 0.04130849 0.04130849 0.01805395
 0.03640985 0.06085417 0.01805394]
[0.02898175 0.04476334 0.04461066 0.04923823 0.01935855 0.02925378
 0.01961875 0.02243746 0.01296217 0.05318357 0.03140561 0.03177948
 0.03194967 0.02243746 0.01681765 0.03194967 0.1320973  0.04461066
 0.03018673 0.04923823 0.04461066 0.04461066 0.04461066 0.00970099
 0.0421502  0.05773513 0.00970099]
[0.0289777  0.04174058 0.03970673 0.05779904 0.02389126 0.03505126
 0.02353633 0.0201278  0.01443634 0.05886575 0.0255783  0.02420865
 0.02431668 0.0201278  0.01583978 0.02431668 0.13540757 0.03970673
 0.03286719 0.05779904 0.03970673 0.03970673 0.03970673 0.01497668
 0.0372457  0.06937949 0.01497668]
[0.02296386 0.03915549 0.03728925 0.05378662 0.02141939 0.0401754
 0.01727948 0.01995509 0.0124291  0.06839823 0.02411889 0.03014951
 0.02479872 0.01995509 0.00981623 0.02479872 0.15414666 0.03728925
 0.02852454 0.05378662 0.03728925 0.03728925 0.03728925 0.014471
 0.03592606 0.083028   0.014471  ]
[0.03450012 0.04098158 0.04881284 0.03845371 0.02904344 0.03665895
 0.03395826 0.02845719 0.01620639 0.05047421 0.03266204 0.02708647
 0.03206328 0.02845719 0.02050923 0.03206328 0.06759848 0.04881284
 0.03362463 0.03845371 0.04881284 0.04881284 0.04881284 0.01678541
 0.03777114 0.0633416  0.01678541]
[0.02737631 0.04958713 0.04209104 0.04932434 0.02195916 0.02945381
 0.02521204 0.02192514 0.01782546 0.07281002 0.02468589 0.02518295
 0.03245087 0.02192514 0.01659273 0.03245087 0.11837401 0.04209104
 0.02593217 0.04932434 0.04209104 0.04209104 0.04209104 0.01434066
 0.03850849 0.05996262 0.01434066]
[0.02699176 0.03731551 0.04389555 0.05347448 0.02346136 0.03616541
 0.02171445 0.01953298 0.01256872 0.05484819 0.02646188 0.02568686
 0.03108605 0.01953298 0.0105738  0.03108605 0.13023281 0.04389555
 0.03239839 0.05347448 0.04389555 0.04389555 0.04389555 0.01061936
 0.03927917 0.07339809 0.01061936]
[0.03083454 0.04643953 0.04246975 0.05728762 0.025723   0.03567751
 0.02078724 0.020628   0.01193329 0.06460378 0.02925747 0.0255388
 0.03244405 0.020628   0.00993645 0.03244405 0.12466795 0.04246975
 0.02861612 0.05728762 0.04246975 0.04246975 0.04246975 0.00921613
 0.03418089 0.06030306 0.00921612]
[0.02920223 0.04914726 0.03961981 0.05380046 0.02733706 0.03675635
 0.02029861 0.02061149 0.0131636  0.08404656 0.02665057 0.02101337
 0.02503005 0.02061149 0.01247538 0.02503005 0.14746161 0.03961981
 0.03104012 0.05380046 0.03961981 0.03961981 0.03961981 0.01000718
 0.0299409  0.05446897 0.01000718]
[0.03505741 0.03987621 0.05213629 0.03864527 0.02836072 0.03894782
 0.0293582  0.02261445 0.01758723 0.03751319 0.03254103 0.02733676
 0.0340208  0.02261445 0.02355068 0.0340208  0.0782719  0.05213629
 0.03232371 0.03864527 0.05213629 0.05213629 0.05213629 0.01922206
 0.0337791  0.0558094  0.01922206]
[0.03450012 0.04098158 0.04881284 0.03845371 0.02904344 0.03665895
 0.03395826 0.02845719 0.01620639 0.05047421 0.03266204 0.02708647
 0.03206328 0.02845719 0.02050923 0.03206328 0.06759848 0.04881284
 0.03362463 0.03845371 0.04881284 0.04881284 0.04881284 0.01678541
 0.03777114 0.0633416  0.01678541]
[0.02612374 0.04447748 0.04042249 0.04583475 0.02353532 0.03377026
 0.02076279 0.02135283 0.01755039 0.05575603 0.02934197 0.03217123
 0.03028871 0.02135283 0.01242415 0.03028871 0.12603241 0.04042249
 0.03724198 0.04583475 0.04042249 0.04042249 0.04042249 0.01201464
 0.03965873 0.08005922 0.01201464]
[0.03505741 0.03987621 0.05213629 0.03864527 0.02836072 0.03894782
 0.0293582  0.02261445 0.01758723 0.03751319 0.03254103 0.02733676
 0.0340208  0.02261445 0.02355068 0.0340208  0.0782719  0.05213629
 0.03232371 0.03864527 0.05213629 0.05213629 0.05213629 0.01922206
 0.0337791  0.0558094  0.01922206]
[0.0258675  0.05056784 0.0430216  0.05527427 0.0223969  0.0421441
 0.01905706 0.01682435 0.01280091 0.05445001 0.02748623 0.02008616
 0.02837662 0.01682435 0.01184099 0.02837662 0.14552572 0.0430216
 0.02554178 0.05527427 0.0430216  0.0430216  0.0430216  0.01463587
 0.02691366 0.06999099 0.01463587]
[0.02479079 0.04545634 0.04135462 0.03942431 0.02394783 0.04411516
 0.02014001 0.02667031 0.01885601 0.06845549 0.03362915 0.0274403
 0.02555942 0.02667031 0.01180948 0.02555942 0.11989008 0.04135462
 0.03526692 0.03942431 0.04135462 0.04135462 0.04135462 0.01338961
 0.03009238 0.07924968 0.0133896 ]
[0.02751446 0.04598899 0.042844   0.05193391 0.0278079  0.03532215
 0.02423153 0.01937285 0.01165481 0.06639186 0.02632551 0.02484863
 0.02736395 0.01937285 0.01020377 0.02736395 0.1295241  0.042844
 0.02887169 0.05193391 0.042844   0.042844   0.042844   0.01071872
 0.03772055 0.07059521 0.01071872]
[0.03168941 0.04584909 0.04130849 0.05141206 0.03113319 0.03900715
 0.02230147 0.02640254 0.01761404 0.06409846 0.03103878 0.02537765
 0.03114299 0.02640254 0.01798864 0.03114299 0.08687195 0.04130849
 0.02920064 0.05141206 0.04130849 0.04130849 0.04130849 0.01805395
 0.03640985 0.06085417 0.01805394]
[0.02479079 0.04545634 0.04135462 0.03942431 0.02394783 0.04411516
 0.02014001 0.02667031 0.01885601 0.06845549 0.03362915 0.0274403
 0.02555942 0.02667031 0.01180948 0.02555942 0.11989008 0.04135462
 0.03526692 0.03942431 0.04135462 0.04135462 0.04135462 0.01338961
 0.03009238 0.07924968 0.0133896 ]
[0.02479079 0.04545634 0.04135462 0.03942431 0.02394783 0.04411516
 0.02014001 0.02667031 0.01885601 0.06845549 0.03362915 0.0274403
 0.02555942 0.02667031 0.01180948 0.02555942 0.11989008 0.04135462
 0.03526692 0.03942431 0.04135462 0.04135462 0.04135462 0.01338961
 0.03009238 0.07924968 0.0133896 ]
[0.02479079 0.04545634 0.04135462 0.03942431 0.02394783 0.04411516
 0.02014001 0.02667031 0.01885601 0.06845549 0.03362915 0.0274403
 0.02555942 0.02667031 0.01180948 0.02555942 0.11989008 0.04135462
 0.03526692 0.03942431 0.04135462 0.04135462 0.04135462 0.01338961
 0.03009238 0.07924968 0.0133896 ]
[0.02238215 0.04097576 0.04137565 0.06030231 0.02044465 0.03365907
 0.02542881 0.02054128 0.01255934 0.05276498 0.02826339 0.02442233
 0.02685376 0.02054128 0.01362464 0.02685376 0.11906793 0.04137565
 0.02818182 0.06030231 0.04137565 0.04137565 0.04137565 0.01284268
 0.04968738 0.08057937 0.01284268]
[0.02058848 0.04487982 0.040649   0.04105802 0.01902186 0.03365524
 0.01829737 0.0201776  0.01222586 0.07587057 0.03392424 0.02347884
 0.02756098 0.0201776  0.01224697 0.02756098 0.16073257 0.040649
 0.03599065 0.04105802 0.040649   0.040649   0.040649   0.01121096
 0.02975279 0.07607464 0.01121096]
[0.02084966 0.04461992 0.03429276 0.05694428 0.01808066 0.03309567
 0.01861769 0.01645223 0.01364303 0.09192004 0.02291381 0.01890121
 0.02583828 0.01645223 0.01102061 0.02583828 0.18796848 0.03429276
 0.03346324 0.05694428 0.03429276 0.03429276 0.03429276 0.00863217
 0.03179124 0.06591699 0.00863217]
[0.02238215 0.04097576 0.04137565 0.06030232 0.02044465 0.03365906
 0.02542881 0.02054128 0.01255935 0.052765   0.02826339 0.02442233
 0.02685376 0.02054128 0.01362465 0.02685376 0.11906789 0.04137565
 0.02818183 0.06030232 0.04137565 0.04137565 0.04137565 0.01284268
 0.04968738 0.08057937 0.01284268]]