36625
Test: public void test3() throws Throwable { EthiopicChronology ethiopicChronology0 = EthiopicChronology.getInstanceUTC(); LocalTime localTime0 = LocalTime.fromMillisOfDay(9223372036854775807L, (Chronology) ethiopicChronology0); LocalTime localTime1 = localTime0.plusMillis((-1)); }
Code: public LocalTime plusMillis(int millis) { if (millis == 0) { return this; } long instant = getChronology().millis().add(getLocalMillis(), millis); return withLocalMillis(instant); }
[[0.03887934 0.05699561 0.05393314 0.05299254 0.04913869 0.10452218
 0.06383432 0.06209592 0.02116154 0.04913869 0.04245447 0.03288819
 0.01597405 0.06545407 0.04601807 0.02429123 0.05393315 0.05393315
 0.04245447 0.05393315 0.01597405]
[0.03141295 0.05120125 0.05103628 0.05347514 0.06555276 0.1079473
 0.07199465 0.0595609  0.0194976  0.06555276 0.04411996 0.02440381
 0.01270501 0.05948724 0.05035148 0.02176712 0.05103628 0.05103628
 0.04411995 0.05103628 0.01270501]
[0.03283661 0.05635176 0.05533797 0.06584433 0.04911363 0.08003384
 0.08030839 0.06279937 0.02366687 0.04911363 0.03977685 0.03128185
 0.01690294 0.05969406 0.03957924 0.03466487 0.05533797 0.05533797
 0.03977685 0.05533797 0.01690294]
[0.03870825 0.05933391 0.05377357 0.05388718 0.04812014 0.10125822
 0.07201141 0.05647642 0.02355887 0.04812014 0.04714631 0.03010812
 0.01328555 0.05789445 0.0467617  0.02780315 0.05377358 0.05377358
 0.04714631 0.05377358 0.01328555]
[0.03992865 0.04670828 0.05348655 0.06018578 0.0615553  0.06911637
 0.07729895 0.04333281 0.02658533 0.0615553  0.04629769 0.03312258
 0.02212558 0.06523617 0.03146049 0.03312126 0.05348656 0.05348656
 0.04629769 0.05348656 0.02212558]
[0.02509126 0.05999909 0.05926393 0.05898741 0.05001595 0.14045349
 0.07380261 0.05242485 0.01985989 0.05001595 0.03287816 0.01934012
 0.00777042 0.07426543 0.03799068 0.01940032 0.05926395 0.05926395
 0.03287816 0.05926395 0.00777041]
[0.03030754 0.05804626 0.058446   0.07068336 0.04849558 0.13105163
 0.05531341 0.05452726 0.02216755 0.04849558 0.03962851 0.02880768
 0.01318723 0.05409565 0.03218159 0.02641145 0.058446   0.058446
 0.03962852 0.058446   0.01318723]
[0.02484423 0.05645273 0.04252835 0.06092848 0.05775588 0.13759267
 0.07450625 0.0626711  0.02491011 0.05775588 0.04046827 0.02615886
 0.01212895 0.07633156 0.03944883 0.02533553 0.04252836 0.04252836
 0.04046827 0.04252836 0.01212895]
[0.03222954 0.05395418 0.05343077 0.05633187 0.05398756 0.10860755
 0.05692527 0.05436819 0.02176282 0.05398756 0.05073061 0.029673
 0.01880938 0.06532846 0.03504443 0.02499649 0.05343077 0.05343077
 0.05073062 0.05343077 0.01880938]
[0.03992865 0.04670828 0.05348655 0.06018578 0.0615553  0.06911637
 0.07729895 0.04333281 0.02658533 0.0615553  0.04629769 0.03312258
 0.02212558 0.06523617 0.03146049 0.03312126 0.05348656 0.05348656
 0.04629769 0.05348656 0.02212558]
[0.0270023  0.05560505 0.05592893 0.05661976 0.04849258 0.11413944
 0.07125571 0.05491852 0.02018159 0.04849258 0.03994064 0.02377911
 0.01350744 0.07947638 0.04328822 0.02613678 0.05592894 0.05592894
 0.03994064 0.05592894 0.01350744]
[0.03934809 0.04690914 0.05664929 0.05498822 0.05945783 0.09530334
 0.07291751 0.05095325 0.02324328 0.05945783 0.04783329 0.02422612
 0.01636947 0.06030051 0.03473766 0.0231545  0.05664929 0.05664929
 0.04783329 0.05664929 0.01636947]
[0.02863707 0.04616459 0.05489496 0.04762729 0.06585515 0.10881899
 0.07097992 0.04896806 0.01988402 0.06585515 0.06030679 0.02604693
 0.01454477 0.04646259 0.03036283 0.02505445 0.05489496 0.05489496
 0.06030679 0.05489496 0.01454477]
[0.0277706  0.06670799 0.05349877 0.05638976 0.0588284  0.10446932
 0.07219402 0.05679268 0.02109963 0.0588284  0.04135779 0.02490186
 0.0144193  0.06008552 0.04532346 0.0210591  0.05349877 0.05349877
 0.04135779 0.05349877 0.01441929]
[0.03786029 0.05589633 0.05545883 0.04606883 0.04927737 0.10396513
 0.07631666 0.06055015 0.02094448 0.04927737 0.04514178 0.02879587
 0.01508547 0.06099502 0.04220718 0.0255555  0.05545882 0.05545882
 0.04514178 0.05545882 0.01508547]
[0.0420434  0.04655957 0.05950725 0.05558599 0.04608887 0.09278932
 0.06206856 0.04781343 0.03107575 0.04608887 0.04588305 0.04154934
 0.02026919 0.05201827 0.03152829 0.0344568  0.05950725 0.05950725
 0.04588305 0.05950725 0.02026919]
[0.03283661 0.05635176 0.05533797 0.06584433 0.04911363 0.08003384
 0.08030839 0.06279937 0.02366687 0.04911363 0.03977685 0.03128185
 0.01690294 0.05969406 0.03957924 0.03466487 0.05533797 0.05533797
 0.03977685 0.05533797 0.01690294]
[0.03283661 0.05635176 0.05533797 0.06584433 0.04911363 0.08003384
 0.08030839 0.06279937 0.02366687 0.04911363 0.03977685 0.03128185
 0.01690294 0.05969406 0.03957924 0.03466487 0.05533797 0.05533797
 0.03977685 0.05533797 0.01690294]
[0.0270023  0.05560505 0.05592893 0.05661976 0.04849258 0.11413944
 0.07125571 0.05491852 0.02018159 0.04849258 0.03994064 0.02377911
 0.01350744 0.07947638 0.04328822 0.02613678 0.05592894 0.05592894
 0.03994064 0.05592894 0.01350744]
[0.03283661 0.05635176 0.05533797 0.06584433 0.04911363 0.08003384
 0.08030839 0.06279937 0.02366687 0.04911363 0.03977685 0.03128185
 0.01690294 0.05969406 0.03957924 0.03466487 0.05533797 0.05533797
 0.03977685 0.05533797 0.01690294]
[0.02863707 0.04616457 0.05489496 0.04762729 0.06585515 0.10881898
 0.07097992 0.04896805 0.01988403 0.06585515 0.06030679 0.02604693
 0.01454477 0.0464626  0.03036284 0.02505444 0.05489496 0.05489496
 0.06030679 0.05489496 0.01454477]]