10069
Test: public void test73() throws Throwable { Object object0 = new Object(); Comparator<Object> comparator0 = (Comparator<Object>) mock(Comparator.class, new ViolatedAssumptionAnswer()); doReturn(0).when(comparator0).compare(any() , any()); Range<Object> range0 = Range.is(object0, comparator0); boolean boolean0 = range0.contains((Object) null); }
Code: public boolean contains(final T element) { if (element == null) { return false; } return comparator.compare(element, minimum) > -1 && comparator.compare(element, maximum) < 1; }
[[0.03120088 0.0782581  0.04328327 0.02045147 0.03355927 0.04114268
 0.08405367 0.02080691 0.04934487 0.01681066 0.04114268 0.03428096
 0.043368   0.0131931  0.03428096 0.04328327 0.04328327 0.05319897
 0.06666946 0.01990901 0.04328327 0.09079826 0.02468932 0.01651461
 0.01319309]
[0.02259478 0.12750997 0.04408823 0.01446308 0.02867603 0.05016211
 0.08155684 0.01139338 0.03456998 0.01132398 0.05016211 0.03525227
 0.04287996 0.00966499 0.03525227 0.04408823 0.04408823 0.04305996
 0.06458699 0.01470421 0.04408823 0.11092661 0.01627854 0.00896402
 0.00966499]
[0.02560713 0.0967999  0.04282716 0.01668488 0.03279288 0.04011009
 0.06286965 0.02032522 0.04863203 0.0182399  0.04011009 0.03106713
 0.05008864 0.0136664  0.03106713 0.04282716 0.04282716 0.06146955
 0.0619319  0.01860295 0.04282716 0.1110056  0.02183982 0.01211403
 0.0136664 ]
[0.02754118 0.09779696 0.04477494 0.01589215 0.04024017 0.04307425
 0.07815176 0.01696202 0.04423193 0.0146645  0.04307425 0.03202264
 0.05037354 0.01211855 0.03202264 0.04477494 0.04477494 0.05166315
 0.05763046 0.01777094 0.04477494 0.09643779 0.02230843 0.01480436
 0.01211855]
[0.03117229 0.09018904 0.04667067 0.01552594 0.033943   0.05240715
 0.06844822 0.01734789 0.03462551 0.01661014 0.05240715 0.03063059
 0.04208811 0.01211536 0.03063059 0.04667067 0.04667067 0.0651487
 0.06519368 0.02006026 0.04667067 0.08301481 0.024363   0.0152806
 0.01211536]
[0.03249964 0.07234593 0.04284655 0.01740578 0.03350595 0.05164611
 0.05605374 0.02468846 0.03491461 0.02113648 0.05164611 0.03748196
 0.04836678 0.01830696 0.03748196 0.04284655 0.04284655 0.04667601
 0.05494654 0.02826403 0.04284655 0.09894642 0.02569168 0.01830167
 0.01830696]
[0.02011112 0.13035594 0.04710645 0.00977547 0.02962279 0.0409377
 0.11289339 0.0119477  0.04170812 0.00771594 0.0409377  0.02640551
 0.03797063 0.00632437 0.02640551 0.04710645 0.04710645 0.03888171
 0.05618548 0.01025454 0.04710645 0.13852927 0.0119634  0.00632361
 0.00632437]
[0.02546306 0.10080256 0.03862189 0.01637486 0.03260458 0.0588983
 0.07766029 0.01783316 0.03900483 0.01500515 0.0588983  0.03582564
 0.04387134 0.01228562 0.03582564 0.03862189 0.03862189 0.0543223
 0.05343195 0.01713432 0.03862189 0.10414998 0.02241256 0.0114224
 0.01228562]
[0.01838362 0.15581183 0.0301224  0.01091168 0.03200416 0.04703319
 0.10135719 0.01290573 0.0455734  0.01195045 0.04703319 0.03023402
 0.03436252 0.00965492 0.03023402 0.0301224  0.0301224  0.04963325
 0.05667793 0.01471533 0.0301224  0.13668892 0.01574397 0.00894611
 0.00965493]
[0.02373027 0.12646738 0.04214903 0.01393352 0.03019505 0.05520776
 0.10722876 0.01289674 0.0440033  0.01449407 0.05520776 0.02887243
 0.03718106 0.00841562 0.02887243 0.04214903 0.04214903 0.05629097
 0.04758913 0.01719015 0.04214903 0.08743498 0.01690327 0.01087365
 0.00841562]
[0.03249964 0.07234593 0.04284655 0.01740578 0.03350595 0.05164611
 0.05605374 0.02468846 0.03491461 0.02113648 0.05164611 0.03748196
 0.04836678 0.01830696 0.03748196 0.04284655 0.04284655 0.04667601
 0.05494654 0.02826403 0.04284655 0.09894642 0.02569168 0.01830167
 0.01830696]
[0.02158623 0.11486852 0.04334801 0.01213287 0.03676385 0.04155544
 0.08944583 0.01588037 0.04213148 0.01277936 0.04155544 0.03145074
 0.04741573 0.01142102 0.03145074 0.04334801 0.04334801 0.05037719
 0.06368009 0.01504031 0.04334801 0.1056673  0.01742972 0.01255466
 0.01142102]
[0.03110435 0.08193167 0.04438839 0.0178893  0.03730611 0.04175139
 0.06446867 0.01817973 0.04232898 0.01932248 0.04175139 0.03578033
 0.05521287 0.01696706 0.03578033 0.04438839 0.04438839 0.06154978
 0.04694947 0.02531287 0.04438839 0.09036755 0.02444917 0.01707591
 0.01696706]
[0.02157037 0.07670114 0.04079168 0.01507644 0.03036493 0.05282098
 0.08267171 0.01316028 0.03715792 0.01360725 0.05282098 0.04635488
 0.04685108 0.01149278 0.04635488 0.04079168 0.04079168 0.05042419
 0.05265257 0.01814471 0.04079168 0.1263617  0.01837432 0.01237733
 0.01149278]
[0.02158623 0.11486852 0.04334801 0.01213287 0.03676385 0.04155544
 0.08944583 0.01588037 0.04213148 0.01277936 0.04155544 0.03145074
 0.04741573 0.01142102 0.03145074 0.04334801 0.04334801 0.05037719
 0.06368009 0.01504031 0.04334801 0.1056673  0.01742972 0.01255466
 0.01142102]
[0.02560713 0.0967999  0.04282716 0.01668488 0.03279288 0.04011009
 0.06286965 0.02032522 0.04863203 0.0182399  0.04011009 0.03106713
 0.05008864 0.0136664  0.03106713 0.04282716 0.04282716 0.06146955
 0.0619319  0.01860295 0.04282716 0.1110056  0.02183982 0.01211403
 0.0136664 ]
[0.02560713 0.0967999  0.04282716 0.01668488 0.03279288 0.04011009
 0.06286965 0.02032522 0.04863203 0.0182399  0.04011009 0.03106713
 0.05008864 0.0136664  0.03106713 0.04282716 0.04282716 0.06146955
 0.0619319  0.01860295 0.04282716 0.1110056  0.02183982 0.01211403
 0.0136664 ]
[0.0332151  0.09601025 0.04413967 0.0149179  0.02865684 0.042502
 0.08729786 0.01723477 0.04500154 0.01142955 0.042502   0.03625649
 0.04000352 0.01019897 0.03625649 0.04413967 0.04413967 0.06757054
 0.06306493 0.01881363 0.04413967 0.09353457 0.01799432 0.01078114
 0.01019896]
[0.02756574 0.0807119  0.04318094 0.01859421 0.04065248 0.04157951
 0.07574197 0.01678436 0.04597026 0.01538743 0.04157951 0.03823487
 0.04362586 0.01274812 0.03823487 0.04318094 0.04318094 0.05354815
 0.05953712 0.01877106 0.04318094 0.11403113 0.01907971 0.01214977
 0.01274811]
[0.02409798 0.1253267  0.04509328 0.01572739 0.03709709 0.04617183
 0.07363099 0.01556058 0.0424269  0.01328748 0.04617183 0.03083592
 0.04806207 0.01487454 0.03083592 0.04509328 0.04509328 0.05182036
 0.05197245 0.01613328 0.04509328 0.09299079 0.01840628 0.009322
 0.01487454]
[0.02560713 0.0967999  0.04282716 0.01668488 0.03279288 0.04011009
 0.06286965 0.02032522 0.04863203 0.0182399  0.04011009 0.03106713
 0.05008864 0.0136664  0.03106713 0.04282716 0.04282716 0.06146955
 0.0619319  0.01860295 0.04282716 0.1110056  0.02183982 0.01211403
 0.0136664 ]
[0.03165851 0.10294148 0.0428121  0.01816743 0.03791991 0.04476408
 0.08345278 0.01943571 0.03224235 0.01814685 0.04476408 0.03272092
 0.05074799 0.01511255 0.03272092 0.0428121  0.0428121  0.04409304
 0.04403849 0.02259159 0.0428121  0.09986206 0.02328889 0.01496947
 0.01511255]
[0.02456511 0.07666865 0.03966051 0.0225904  0.04018953 0.0478352
 0.07660784 0.01741014 0.04491967 0.01741551 0.0478352  0.04382406
 0.04970244 0.0147502  0.04382406 0.03966051 0.03966051 0.04242525
 0.05712637 0.01722791 0.03966051 0.10394532 0.02348878 0.01425613
 0.0147502 ]
[0.02532848 0.09226811 0.03943092 0.01465718 0.03510049 0.04216486
 0.08470258 0.01651214 0.05050687 0.01563342 0.04216486 0.03766881
 0.04500309 0.01121691 0.03766881 0.03943092 0.03943092 0.05839736
 0.05203524 0.01785524 0.03943092 0.12219691 0.01832605 0.01165196
 0.01121691]
[0.02157036 0.07670116 0.04079167 0.01507644 0.03036493 0.05282099
 0.08267169 0.01316028 0.03715792 0.01360725 0.05282099 0.04635487
 0.04685109 0.01149278 0.04635487 0.04079167 0.04079167 0.05042419
 0.05265256 0.01814471 0.04079167 0.12636176 0.01837432 0.01237733
 0.01149278]]