13457
Test: public void test92() throws Throwable { StrLookup<Object> strLookup0 = (StrLookup<Object>) mock(StrLookup.class, new ViolatedAssumptionAnswer()); StrSubstitutor strSubstitutor0 = new StrSubstitutor(strLookup0, "Variable suffix matcher must not be null.", "l}", 'c', "Variable suffix matcher must not be null."); boolean boolean0 = strSubstitutor0.replaceIn((StringBuilder) null); }
Code: public boolean replaceIn(final StringBuffer source) { if (source == null) { return false; } return replaceIn(source, 0, source.length()); }
[[0.03971507 0.09772579 0.05509636 0.02129448 0.03344749 0.05426683
 0.10718374 0.08596238 0.06226907 0.02114169 0.05426683 0.04386994
 0.05547151 0.01720832 0.04386994 0.05509636 0.07980948 0.05509637
 0.01720832]
[0.02803009 0.15499654 0.05442945 0.0219657  0.02966177 0.0642379
 0.10188521 0.08213917 0.04279904 0.0140633  0.0642379  0.04436467
 0.05359205 0.01227807 0.04436467 0.05442945 0.06581748 0.05442946
 0.01227807]
[0.03255622 0.12235606 0.05434076 0.02499177 0.03860216 0.05159493
 0.08008215 0.07825263 0.06171634 0.02322296 0.05159493 0.03951375
 0.0639204  0.01753589 0.03951375 0.05434076 0.09398784 0.05434077
 0.01753589]
[0.03393262 0.10370018 0.06035091 0.02861322 0.03655578 0.04953674
 0.10232244 0.08681908 0.06336104 0.02006843 0.04953674 0.0414384
 0.05962403 0.01502016 0.0414384  0.06035091 0.07195981 0.06035092
 0.01502016]
[0.03072836 0.1444364  0.05562151 0.01795777 0.03503976 0.06106054
 0.09650889 0.08515485 0.04530195 0.01900583 0.06106054 0.04229604
 0.05198287 0.01413    0.04229604 0.05562151 0.07204562 0.05562152
 0.01413   ]
[0.04143352 0.09116663 0.05422921 0.03520383 0.03754991 0.06672994
 0.07134579 0.08524435 0.04430795 0.02677258 0.06672994 0.04766955
 0.06153836 0.02351058 0.04766955 0.05422921 0.06692933 0.05422922
 0.02351058]
[0.02455534 0.14959097 0.05544871 0.01850525 0.02661553 0.054431
 0.13950264 0.09551737 0.04929388 0.00934133 0.054431   0.03251847
 0.04763301 0.00822602 0.03251847 0.05544871 0.08274756 0.05544872
 0.00822602]
[0.02992231 0.15196261 0.05333427 0.02306364 0.03319824 0.05741869
 0.09073517 0.09122899 0.04951637 0.01676702 0.05741869 0.03801435
 0.05243786 0.01853039 0.03801435 0.05333427 0.07323807 0.05333427
 0.01853038]
[0.02267189 0.18438813 0.0362642  0.02186329 0.02621114 0.06082696
 0.12470124 0.08941069 0.05567825 0.01469123 0.06082696 0.03747663
 0.04296585 0.01235384 0.03747663 0.0362642  0.0873108  0.0362642
 0.01235384]
[0.02845028 0.14913005 0.05005578 0.016644   0.0370719  0.06719784
 0.12827806 0.08650541 0.05249143 0.01726074 0.06719784 0.0346483
 0.04459649 0.01018477 0.0346483  0.05005578 0.06534243 0.05005579
 0.01018477]
[0.04143352 0.09116663 0.05422921 0.03520383 0.03754991 0.06672994
 0.07134579 0.08524435 0.04430795 0.02677258 0.06672994 0.04766955
 0.06153836 0.02351058 0.04766955 0.05422921 0.06692933 0.05422922
 0.02351058]
[0.02702178 0.1402287  0.05373471 0.01973838 0.03330666 0.05310133
 0.11127078 0.09449467 0.0520533  0.01590302 0.05310133 0.03918457
 0.05962589 0.01453851 0.03918457 0.05373471 0.07150387 0.05373472
 0.01453851]
[0.03819513 0.0992761  0.05448792 0.03291426 0.05315239 0.05319168
 0.0795179  0.07242947 0.05163183 0.02374874 0.05319168 0.04459131
 0.06849553 0.021474   0.04459131 0.05448792 0.07866091 0.05448793
 0.021474  ]
[0.02721582 0.09658764 0.05141402 0.02855515 0.04270176 0.06695599
 0.10437691 0.07582431 0.04690941 0.0171583  0.06695599 0.05857679
 0.05920669 0.01455256 0.05857679 0.05141402 0.06705125 0.05141403
 0.01455256]
[0.02702178 0.1402287  0.05373471 0.01973838 0.03330666 0.05310133
 0.11127078 0.09449467 0.0520533  0.01590302 0.05310133 0.03918457
 0.05962589 0.01453851 0.03918457 0.05373471 0.07150387 0.05373472
 0.01453851]
[0.03255622 0.12235606 0.05434076 0.02499177 0.03860216 0.05159493
 0.08008215 0.07825263 0.06171634 0.02322296 0.05159493 0.03951375
 0.0639204  0.01753589 0.03951375 0.05434076 0.09398784 0.05434077
 0.01753589]
[0.03128656 0.13763952 0.04925557 0.02044142 0.03292885 0.06579237
 0.10838458 0.09139822 0.05449074 0.01829461 0.06579237 0.04526222
 0.04354528 0.01437249 0.04526222 0.04925557 0.06296936 0.04925558
 0.01437249]
[0.03255622 0.12235606 0.05434076 0.02499178 0.03860217 0.05159493
 0.08008216 0.07825262 0.06171633 0.02322297 0.05159493 0.03951375
 0.06392042 0.01753589 0.03951375 0.05434076 0.09398785 0.05434077
 0.01753589]
[0.02721582 0.09658767 0.05141401 0.02855515 0.04270177 0.06695599
 0.10437689 0.07582431 0.04690941 0.0171583  0.06695599 0.05857678
 0.05920669 0.01455256 0.05857678 0.05141401 0.06705125 0.05141402
 0.01455256]]