11400
Test: public void test4() throws Throwable { ConstantInitializer<String> constantInitializer0 = new ConstantInitializer<String>("vt\"F})a]"); constantInitializer0.hashCode(); }
Code: public int hashCode() { return getObject() != null ? getObject().hashCode() : 0; }
[[0.06923567 0.0439932  0.10066414 0.09133063 0.07607463 0.09604689
 0.03767047 0.07920122 0.12403895 0.09604689 0.06346733 0.09294675
 0.02928326]
[0.0470787  0.03427691 0.09588414 0.10466117 0.07576414 0.12173972
 0.02927675 0.06313147 0.13698861 0.12173973 0.05087239 0.09580117
 0.02278518]
[0.05183001 0.03145198 0.1093971  0.10944735 0.08453365 0.09502234
 0.03538906 0.0562098  0.15509388 0.09502237 0.05301135 0.09750528
 0.02608588]
[0.07239582 0.0350633  0.10273933 0.11248749 0.08382875 0.09658568
 0.05061136 0.05970144 0.09638242 0.09658568 0.05892389 0.09440839
 0.04028638]
[0.05339028 0.03272849 0.08772771 0.09942204 0.07836509 0.10885586
 0.03231839 0.06947645 0.15715003 0.10885586 0.04851781 0.09569395
 0.02749809]
[0.05936821 0.03842608 0.1093179  0.0942492  0.07205998 0.09906419
 0.03903706 0.06507889 0.1376759  0.0990642  0.05658416 0.09805287
 0.03202135]
[0.05556841 0.03175198 0.0883051  0.13166541 0.07715305 0.09722535
 0.02382575 0.05805332 0.15929855 0.09722537 0.03538284 0.12133065
 0.02321424]
[0.06037431 0.03456419 0.09658226 0.1342233  0.09691601 0.09226945
 0.03313686 0.05610194 0.13566224 0.09226944 0.04759832 0.09950963
 0.02079202]
[0.0606143  0.02701558 0.09025714 0.12896281 0.08160686 0.09623629
 0.0341086  0.06045562 0.14232017 0.09623628 0.05729244 0.09995949
 0.02493437]
[0.05936821 0.03842608 0.1093179  0.0942492  0.07205998 0.09906419
 0.03903706 0.06507889 0.1376759  0.0990642  0.05658416 0.09805287
 0.03202135]
[0.06759842 0.04275127 0.09275652 0.10540429 0.08511908 0.08223115
 0.04289103 0.0683966  0.15070003 0.08223113 0.04679693 0.09676597
 0.03635758]
[0.06745926 0.03811073 0.09775036 0.1087497  0.08307634 0.09840512
 0.04168032 0.05298414 0.11204836 0.09840512 0.05953313 0.11202951
 0.02976788]
[0.04961374 0.03760088 0.09420224 0.1266835  0.10812074 0.09292571
 0.03615129 0.05638793 0.12497212 0.09292571 0.04623021 0.1068847
 0.02730121]]