8378
Test: public void test15() throws Throwable { CharRange charRange0 = CharRange.isIn('|', '\"'); charRange0.toString(); CharRange.isNotIn('|', 'W'); CharRange charRange1 = CharRange.isNot('W'); charRange0.isNegated(); charRange0.iterator(); charRange1.hashCode(); }
Code: public int hashCode() { return 83 + start + 7 * end + (negated ? 1 : 0); }
[[0.05004049 0.030643   0.07362002 0.07182466 0.05570156 0.06942402
 0.04066236 0.0307117  0.04066236 0.11726941 0.036685   0.01622604
 0.04066236 0.06942402 0.08429397 0.04597785 0.04831317 0.05542113
 0.02243692]
[0.03434014 0.02386396 0.07150143 0.08297105 0.05606575 0.08593242
 0.04026193 0.02671767 0.04026193 0.09634955 0.04572102 0.0143426
 0.04026193 0.08593242 0.09393039 0.05086876 0.03902029 0.05428921
 0.01736759]
[0.03890667 0.02310628 0.08229485 0.0873189  0.0631699  0.06978517
 0.037439   0.02217394 0.037439   0.10659204 0.04057857 0.01180435
 0.037439   0.06978517 0.11011059 0.04698141 0.0407971  0.05365402
 0.02062409]
[0.05132236 0.02472321 0.07292461 0.08108661 0.05925185 0.06787203
 0.0535122  0.03162687 0.0535122  0.07231361 0.04856563 0.02250894
 0.0535122  0.06787203 0.06751876 0.05211463 0.04193864 0.0490048
 0.02881877]
[0.03724257 0.0222372  0.0608635  0.07248756 0.05412579 0.07440095
 0.05137258 0.03062796 0.05137258 0.11008734 0.03076667 0.0139542
 0.05137258 0.07440095 0.10475194 0.04593109 0.03452737 0.05959553
 0.01988152]
[0.03973497 0.02538899 0.07386862 0.06660546 0.04832255 0.06566582
 0.05493796 0.02720986 0.05493796 0.10336003 0.03936695 0.01785122
 0.05493796 0.06566582 0.08910619 0.05195615 0.03850322 0.06020395
 0.02237631]
[0.05008333 0.02736838 0.07028247 0.06722753 0.05849877 0.06997676
 0.04173524 0.03844468 0.04173524 0.07113107 0.0457467  0.02132908
 0.04173524 0.06997676 0.11625946 0.04476493 0.03540138 0.06492359
 0.02337949]
[0.05436755 0.02707766 0.07404421 0.07541201 0.06105474 0.07577232
 0.04083027 0.02969351 0.04083027 0.10277087 0.03430748 0.01532143
 0.04083027 0.07577232 0.07978934 0.05117174 0.0415156  0.05610824
 0.0233302 ]
[0.05008333 0.02736838 0.07028247 0.06722753 0.05849877 0.06997676
 0.04173524 0.03844468 0.04173524 0.07113107 0.0457467  0.02132908
 0.04173524 0.06997676 0.11625946 0.04476493 0.03540138 0.06492359
 0.02337949]
[0.04457802 0.02823326 0.06907446 0.07719548 0.06344869 0.0717212
 0.0415735  0.02878909 0.0415735  0.09501579 0.04397203 0.01654836
 0.0415735  0.0717212  0.08856187 0.05934104 0.04199686 0.05353601
 0.0215462 ]
[0.05690516 0.0240813  0.06193383 0.08586566 0.05384199 0.06357434
 0.03527512 0.02821312 0.03527512 0.12300488 0.05818924 0.0171681
 0.03527512 0.06357434 0.10370038 0.04760628 0.0320476  0.0580506
 0.01641788]
[0.03922446 0.02309851 0.08109833 0.0877348  0.06607577 0.07244901
 0.03583338 0.0326611  0.03583338 0.09765253 0.04860321 0.01718118
 0.03583338 0.07244901 0.09880851 0.04986885 0.03569306 0.05263898
 0.01726252]
[0.05008333 0.02736838 0.07028247 0.06722753 0.05849877 0.06997676
 0.04173524 0.03844468 0.04173524 0.07113107 0.0457467  0.02132908
 0.04173524 0.06997676 0.11625946 0.04476493 0.03540138 0.06492359
 0.02337949]
[0.03973497 0.02538899 0.07386862 0.06660546 0.04832255 0.06566582
 0.05493796 0.02720986 0.05493796 0.10336003 0.03936695 0.01785122
 0.05493796 0.06566582 0.08910619 0.05195615 0.03850322 0.06020395
 0.02237631]
[0.04487936 0.01975189 0.06905622 0.10431104 0.06138343 0.07053796
 0.03778759 0.02419654 0.03778759 0.11264491 0.02665533 0.01468797
 0.03778759 0.07053796 0.10107528 0.04426975 0.0450277  0.05776769
 0.01985426]
[0.0402996  0.02376973 0.07112479 0.077509   0.05395017 0.06748451
 0.0498798  0.02271455 0.0498798  0.1065013  0.04408094 0.01516593
 0.0498798  0.06748451 0.09417561 0.05163097 0.03317866 0.06317866
 0.01811162]
[0.04724105 0.02897171 0.06445275 0.07743153 0.05936481 0.05675019
 0.04177646 0.03106067 0.04177646 0.11140212 0.04055567 0.01896112
 0.04177646 0.05675019 0.09974226 0.05423624 0.03362255 0.06789283
 0.02623497]
[0.04264752 0.02514191 0.07695051 0.08251497 0.05854608 0.07133953
 0.04693912 0.02792254 0.04693912 0.10396101 0.03317638 0.02005963
 0.04693912 0.07133953 0.0845006  0.04224297 0.04242551 0.05954412
 0.01686984]
[0.036073   0.02705895 0.07019548 0.09842571 0.08043814 0.06647033
 0.03983289 0.02035957 0.03983289 0.109579   0.03995457 0.01459958
 0.03983289 0.06647033 0.08791636 0.05126294 0.03520758 0.05558479
 0.020905  ]]