34209
Test: public void test491() throws Throwable { JexlFeatures jexlFeatures0 = new JexlFeatures(); boolean boolean0 = jexlFeatures0.isReservedName("lexical"); }
Code: public boolean isReservedName(final String name) { return name != null && reservedNames.contains(name); }
[[0.07038803 0.17019837 0.09765154 0.08961529 0.06761974 0.09919693
 0.0781246  0.03457674 0.03910662 0.07887526 0.04583615 0.09765155
 0.03115916]
[0.04894399 0.23757324 0.09229617 0.09291678 0.05575812 0.13301577
 0.08402737 0.02224693 0.02585121 0.05617127 0.03447412 0.09229618
 0.02442881]
[0.05703902 0.20307294 0.09348559 0.10108373 0.07412002 0.09990589
 0.0694797  0.03290149 0.03943435 0.06094707 0.04177294 0.09348559
 0.0332717 ]
[0.06853689 0.2168242  0.09478412 0.07748185 0.05772305 0.11128223
 0.07045497 0.0325232  0.04148505 0.05585153 0.05066535 0.09478412
 0.0276034 ]
[0.07229294 0.18878698 0.07591943 0.11237298 0.06917097 0.08944654
 0.0736812  0.04470854 0.04743637 0.06295137 0.04814258 0.07591943
 0.03917063]
[0.06893739 0.14352809 0.08720285 0.09593827 0.07756696 0.11780614
 0.07842687 0.03652787 0.05008904 0.05505931 0.0612882  0.08720287
 0.04042606]
[0.04993963 0.23293315 0.09541905 0.10143799 0.06395084 0.10609883
 0.07105184 0.02773722 0.03183388 0.05937197 0.03615984 0.09541905
 0.0286467 ]
[0.08376452 0.15678267 0.08612721 0.08056783 0.06627726 0.08740413
 0.08305664 0.03975849 0.0515269  0.0822641  0.05588169 0.08612721
 0.04046134]
[0.05144172 0.20642331 0.0909005  0.12547792 0.053934   0.1480475
 0.07512288 0.02231316 0.02425336 0.05127336 0.03531695 0.09090052
 0.02459481]
[0.06034737 0.15886834 0.09156353 0.08596134 0.07246608 0.14837813
 0.09866133 0.03291718 0.03435366 0.05509231 0.0474353  0.09156352
 0.02239189]
[0.05271778 0.23930833 0.09461325 0.09016342 0.04928673 0.1151247
 0.0674345  0.02625945 0.03649412 0.06068521 0.03699315 0.09461326
 0.03630616]
[0.05703902 0.20307294 0.09348559 0.10108373 0.07412002 0.09990589
 0.0694797  0.03290149 0.03943435 0.06094707 0.04177294 0.09348559
 0.0332717 ]
[0.0488275  0.16191001 0.08898611 0.08933581 0.07479349 0.1389236
 0.11052582 0.03353793 0.03717531 0.05431829 0.04343215 0.08898611
 0.02924787]]