135889
Test: public void test5() throws Throwable { Evaluator.ContainsData evaluator_ContainsData0 = new Evaluator.ContainsData(""); StructuralEvaluator.Parent structuralEvaluator_Parent0 = new StructuralEvaluator.Parent(evaluator_ContainsData0); Element element0 = null; Parser parser0 = Parser.xmlParser(); Document document0 = parser0.parseInput("{eL&", "{eL&"); evaluator_ContainsData0.matches((Element) null, document0); ParseSettings parseSettings0 = ParseSettings.preserveCase; parseSettings0.normalizeTag(""); parser0.settings(parseSettings0); structuralEvaluator_Parent0.toString(); // Undeclared exception!  Collector.collect(structuralEvaluator_Parent0, (Element) null);   }
Code: public static Elements collect (Evaluator eval, Element root) { Elements elements = new Elements(); NodeTraversor.traverse(new Accumulator(root, elements, eval), root); return elements; }
[[0.03568003 0.11343315 0.02921179 0.04950116 0.04153878 0.04950116
 0.01656696 0.06525195 0.05145374 0.02921179 0.02419654 0.02269823
 0.0177276  0.12259798 0.035517   0.04950116 0.0714341  0.04950117
 0.02017751 0.03974628 0.04950117 0.0160508 ]
[0.03757472 0.10918786 0.02261067 0.04951238 0.03526297 0.04951238
 0.01328884 0.05668367 0.07727765 0.02261067 0.02092118 0.02438561
 0.01664195 0.12284794 0.03833378 0.04951238 0.07256711 0.04951237
 0.02565511 0.03631497 0.04951239 0.02027339]
[0.03253932 0.11265235 0.02449128 0.04068515 0.03935838 0.04068515
 0.01810608 0.05775207 0.07343736 0.02449128 0.02417309 0.02789007
 0.01871273 0.10645303 0.04829368 0.04068515 0.10182177 0.04068515
 0.02340609 0.04712716 0.04068516 0.01586846]
[0.02983099 0.11048403 0.02713525 0.0486237  0.03815917 0.0486237
 0.01935611 0.06418667 0.05373489 0.02713525 0.02704123 0.03343295
 0.02323855 0.1035894  0.03840701 0.0486237  0.08245428 0.0486237
 0.02452043 0.03637657 0.04862371 0.01779874]
[0.02857461 0.14251882 0.02092145 0.04970288 0.0302449  0.04970288
 0.00973715 0.05296613 0.07707049 0.02092145 0.02742735 0.022441
 0.01286495 0.12283631 0.04748708 0.04970288 0.06213928 0.04970288
 0.01951025 0.04205186 0.04970289 0.01177253]
[0.02983099 0.11048403 0.02713525 0.0486237  0.03815917 0.0486237
 0.01935611 0.06418667 0.05373489 0.02713525 0.02704123 0.03343295
 0.02323855 0.1035894  0.03840701 0.0486237  0.08245428 0.0486237
 0.02452043 0.03637657 0.04862371 0.01779874]
[0.0354218  0.11919745 0.02719483 0.0416918  0.03907511 0.0416918
 0.01550168 0.05998922 0.06266259 0.02719483 0.02522652 0.02149903
 0.01665971 0.14314584 0.03687485 0.0416918  0.08782675 0.04169181
 0.01766494 0.04240783 0.04169181 0.01399795]
[0.0315793  0.11862628 0.02486461 0.04573864 0.04127096 0.04573864
 0.01282871 0.05388386 0.06399935 0.02486461 0.02368931 0.02126039
 0.01736476 0.12772922 0.0538012  0.04573864 0.06679687 0.04573863
 0.0227403  0.04621544 0.04573864 0.01979172]
[0.03802755 0.09322652 0.02892742 0.04760481 0.04525692 0.04760481
 0.01846733 0.04901129 0.06610224 0.02892742 0.02954014 0.03188277
 0.02049839 0.09786785 0.04754582 0.04760481 0.07764161 0.04760482
 0.02342081 0.04311614 0.04760482 0.02251574]
[0.03253932 0.11265235 0.02449128 0.04068515 0.03935838 0.04068515
 0.01810608 0.05775207 0.07343736 0.02449128 0.02417309 0.02789007
 0.01871273 0.10645303 0.04829368 0.04068515 0.10182177 0.04068515
 0.02340609 0.04712716 0.04068516 0.01586846]
[0.03147475 0.12434559 0.02419661 0.04749838 0.03684159 0.04749838
 0.01346205 0.06191009 0.06155064 0.02419661 0.02322863 0.02305634
 0.01333012 0.13834906 0.0391799  0.04749838 0.07160036 0.04749837
 0.0212575  0.0423225  0.04749838 0.01220577]
[0.03867381 0.09962843 0.02446966 0.05463944 0.05145075 0.05463944
 0.02294013 0.05139394 0.04590249 0.02446966 0.02739858 0.03270502
 0.01832327 0.09175184 0.03892596 0.05463944 0.06518403 0.05463945
 0.03122368 0.04287115 0.05463945 0.01949038]
[0.03188707 0.09842093 0.02457071 0.04660223 0.04309313 0.04660223
 0.01662448 0.05340514 0.06322343 0.02457071 0.02620186 0.02505014
 0.02009918 0.11642256 0.0415873  0.04660223 0.09182364 0.04660223
 0.02702437 0.04501467 0.04660223 0.01796959]
[0.03300053 0.11499575 0.02877241 0.04802369 0.04722617 0.04802369
 0.01378215 0.05578367 0.057199   0.02877241 0.02251459 0.02202853
 0.01418165 0.13053773 0.03753594 0.04802369 0.08600979 0.04802369
 0.01615086 0.0379354  0.04802369 0.01345498]
[0.02799159 0.11711562 0.03039291 0.05072149 0.04814151 0.05072149
 0.01442518 0.05028339 0.04676063 0.03039291 0.02418822 0.02179388
 0.01405978 0.12377694 0.04346067 0.05072149 0.08366464 0.0507215
 0.01889373 0.03551699 0.0507215  0.01553396]
[0.02983099 0.11048403 0.02713525 0.0486237  0.03815917 0.0486237
 0.01935611 0.06418667 0.05373489 0.02713525 0.02704123 0.03343295
 0.02323855 0.1035894  0.03840701 0.0486237  0.08245428 0.0486237
 0.02452043 0.03637657 0.04862371 0.01779874]
[0.030731   0.11131658 0.02717103 0.05132627 0.03644614 0.05132627
 0.0138849  0.05198675 0.05978464 0.02717103 0.02690373 0.02665254
 0.02093828 0.09428459 0.0436413  0.05132627 0.09561191 0.05132626
 0.02210812 0.0365966  0.05132627 0.01813942]
[0.02983099 0.11048403 0.02713525 0.0486237  0.03815917 0.0486237
 0.01935611 0.06418667 0.05373489 0.02713525 0.02704123 0.03343295
 0.02323855 0.1035894  0.03840701 0.0486237  0.08245428 0.0486237
 0.02452043 0.03637657 0.04862371 0.01779874]
[0.02231231 0.11277252 0.02081382 0.05499128 0.0326946  0.05499128
 0.01059357 0.04377706 0.06863586 0.02081382 0.0246805  0.01878815
 0.01249243 0.13161124 0.04997644 0.05499128 0.08192641 0.05499127
 0.01897055 0.04337    0.05499127 0.01081445]
[0.02491112 0.12141386 0.0272042  0.04777085 0.04350699 0.04777085
 0.01075368 0.05633666 0.05256968 0.0272042  0.02418398 0.02459032
 0.0146418  0.14281869 0.03381099 0.04777085 0.08882648 0.04777085
 0.01865935 0.03550335 0.04777086 0.0142104 ]
[0.029831   0.11048403 0.02713526 0.0486237  0.03815917 0.0486237
 0.01935612 0.06418668 0.05373489 0.02713526 0.02704123 0.03343295
 0.02323855 0.10358939 0.03840699 0.0486237  0.08245426 0.0486237
 0.02452043 0.03637657 0.0486237  0.01779874]
[0.025732   0.11857863 0.02367703 0.04661272 0.03550944 0.04661272
 0.01300148 0.04722119 0.07484576 0.02367703 0.02448901 0.02421501
 0.01446855 0.12819315 0.05677573 0.04661272 0.06165907 0.04661272
 0.020488   0.05871904 0.04661273 0.01568633]]