19528
Test: public void test1318() throws Throwable { FastDateFormat fastDateFormat0 = FastDateFormat.getInstance(); MockDate mockDate0 = new MockDate(); StringBuffer stringBuffer0 = new StringBuffer(); StringBuffer stringBuffer1 = fastDateFormat0.format((Date) mockDate0, stringBuffer0); Locale locale0 = Locale.JAPAN; FastDateFormat fastDateFormat1 = FastDateFormat.getDateInstance(3, locale0); LinkedList<Locale.LanguageRange> linkedList0 = new LinkedList<Locale.LanguageRange>(); MockGregorianCalendar mockGregorianCalendar0 = new MockGregorianCalendar(1, 3, 2); IntStream intStream0 = stringBuffer0.chars(); String string0 = fastDateFormat0.format((Calendar) mockGregorianCalendar0); MockGregorianCalendar mockGregorianCalendar1 = new MockGregorianCalendar(); StringBuffer stringBuffer2 = fastDateFormat0.format((Calendar) mockGregorianCalendar1, stringBuffer0); }
Code: public StringBuffer format(final Object obj, final StringBuffer toAppendTo, final FieldPosition pos) { return toAppendTo.append(printer.format(obj)); }
[[0.06166928 0.03179548 0.08554642 0.04749318 0.08234529 0.04882827
 0.03179548 0.08554642 0.04882827 0.08554643 0.13551879 0.07713797
 0.0672407  0.08554643 0.02516157]
[0.05129948 0.0397509  0.0922171  0.03942619 0.07889968 0.04960381
 0.0397509  0.0922171  0.04960381 0.0922171  0.13421798 0.06572875
 0.06230395 0.09221712 0.02054608]
[0.05241201 0.03677311 0.08928497 0.03929111 0.08501383 0.04763024
 0.03677311 0.08928497 0.04763024 0.08928498 0.13532653 0.07309885
 0.06334996 0.08928499 0.02556104]
[0.05825796 0.03502692 0.07886726 0.04144648 0.06737325 0.04128076
 0.03502692 0.07886726 0.04128076 0.07886726 0.16511214 0.10759013
 0.07145205 0.07886726 0.02068364]
[0.04637948 0.03721447 0.08084896 0.04343044 0.08051679 0.04749542
 0.03721447 0.08084896 0.04749541 0.08084896 0.1489478  0.09452938
 0.06346634 0.08084898 0.02991419]
[0.05522294 0.03745248 0.08816143 0.04091869 0.06465521 0.03636207
 0.03745248 0.08816143 0.03636206 0.08816143 0.15207912 0.08889939
 0.08017989 0.08816145 0.01776994]
[0.05129948 0.0397509  0.0922171  0.03942619 0.07889968 0.04960381
 0.0397509  0.0922171  0.04960381 0.0922171  0.13421798 0.06572875
 0.06230395 0.09221712 0.02054608]
[0.05241201 0.03677311 0.08928497 0.03929111 0.08501383 0.04763024
 0.03677311 0.08928497 0.04763024 0.08928498 0.13532653 0.07309885
 0.06334996 0.08928499 0.02556104]
[0.05522294 0.03745248 0.08816143 0.04091869 0.06465521 0.03636207
 0.03745248 0.08816143 0.03636206 0.08816143 0.15207912 0.08889939
 0.08017989 0.08816145 0.01776994]
[0.05241201 0.03677311 0.08928497 0.03929111 0.08501383 0.04763024
 0.03677311 0.08928497 0.04763024 0.08928498 0.13532653 0.07309885
 0.06334996 0.08928499 0.02556104]
[0.05513977 0.03446207 0.09834754 0.03347527 0.07325959 0.04429863
 0.03446207 0.09834754 0.04429863 0.09834754 0.12675801 0.07832615
 0.06094578 0.09834756 0.02118384]
[0.06055076 0.04904252 0.08220424 0.03605735 0.06242083 0.05919647
 0.04904252 0.08220424 0.05919646 0.08220425 0.10117111 0.09089574
 0.07052959 0.08220425 0.03307963]
[0.04582002 0.03110826 0.09573274 0.0428761  0.06269902 0.0409105
 0.03110826 0.09573274 0.0409105  0.09573274 0.15043499 0.08059334
 0.0680656  0.09573275 0.02254253]
[0.05241203 0.03677312 0.08928499 0.03929111 0.08501385 0.04763024
 0.03677312 0.08928499 0.04763024 0.08928499 0.13532655 0.07309888
 0.06334996 0.08928499 0.02556105]
[0.04196588 0.04219899 0.08028754 0.04156474 0.08640425 0.03712262
 0.04219899 0.08028754 0.03712262 0.08028754 0.14274853 0.09741744
 0.08863921 0.08028755 0.02146656]]