166489
Test: public void test2() throws Throwable { DisabledListDelimiterHandler disabledListDelimiterHandler0 = new DisabledListDelimiterHandler(); Collection<String> collection0 = disabledListDelimiterHandler0.splitString((String) null, false); }
Code: protected Collection<String> splitString(final String s, final boolean trim) { final Collection<String> result = new ArrayList<>(1); result.add(s); return result; }
[[0.06135673 0.07673906 0.0552927  0.05367555 0.03475692 0.03327541
 0.11290897 0.0552927  0.07914685 0.03327541 0.07673906 0.03419184
 0.02898708 0.01775798 0.0552927  0.0552927  0.04776549 0.07267344
 0.01557944]
[0.05277073 0.08066252 0.05665505 0.05629879 0.0386868  0.04155512
 0.10396725 0.05665505 0.07046355 0.04155512 0.08066252 0.02507523
 0.02840525 0.01871987 0.05665505 0.05665505 0.04917358 0.06901111
 0.01637246]
[0.06734368 0.07448479 0.05276615 0.05688357 0.04125863 0.03299277
 0.11388603 0.05276615 0.05749279 0.03299277 0.07448479 0.03103516
 0.03605074 0.02509968 0.05276615 0.05276615 0.03936512 0.08647817
 0.01908672]
[0.05781081 0.06917661 0.05804929 0.04746895 0.04863796 0.03406116
 0.12982687 0.05804929 0.07152288 0.03406116 0.06917661 0.02938495
 0.02839289 0.01816727 0.05804929 0.05804929 0.04390084 0.06862799
 0.01758595]
[0.06630892 0.08604719 0.05137701 0.06109501 0.04384016 0.03243545
 0.0844426  0.05137701 0.07944862 0.03243545 0.08604719 0.03082161
 0.03213711 0.02421232 0.05137701 0.05137701 0.0524259  0.06689961
 0.01589482]
[0.046924   0.08224799 0.05844462 0.05855721 0.04672389 0.02790628
 0.1055207  0.05844462 0.07579575 0.02790628 0.08224799 0.03114698
 0.03139914 0.01760967 0.05844462 0.05844462 0.05940922 0.0582352
 0.01459121]
[0.06002128 0.0873986  0.05360677 0.05244716 0.03370535 0.02976423
 0.13097405 0.05360677 0.08394457 0.02976423 0.0873986  0.02699444
 0.02275778 0.01318677 0.05360677 0.05360677 0.05124676 0.06077857
 0.01519049]
[0.06734368 0.07448479 0.05276615 0.05688357 0.04125863 0.03299277
 0.11388603 0.05276615 0.05749279 0.03299277 0.07448479 0.03103516
 0.03605074 0.02509968 0.05276615 0.05276615 0.03936512 0.08647817
 0.01908672]
[0.07434216 0.06867187 0.05143985 0.05617626 0.05440543 0.04118975
 0.08333593 0.05143985 0.07403751 0.04118975 0.06867187 0.02833592
 0.03500568 0.02222574 0.05143985 0.05143985 0.04703005 0.07464194
 0.0249808 ]
[0.046924   0.08224799 0.05844462 0.05855721 0.04672389 0.02790628
 0.1055207  0.05844462 0.07579575 0.02790628 0.08224799 0.03114698
 0.03139914 0.01760967 0.05844462 0.05844462 0.05940922 0.0582352
 0.01459121]
[0.05277073 0.08066252 0.05665505 0.05629879 0.0386868  0.04155512
 0.10396725 0.05665505 0.07046355 0.04155512 0.08066252 0.02507523
 0.02840525 0.01871987 0.05665505 0.05665505 0.04917358 0.06901111
 0.01637246]
[0.06131434 0.08025271 0.06120844 0.0514534  0.0435802  0.03130789
 0.10754682 0.06120844 0.0711442  0.03130789 0.08025271 0.03029458
 0.02238767 0.01652294 0.06120844 0.06120844 0.04575096 0.06555774
 0.01649219]
[0.06541878 0.0689829  0.06289997 0.05219058 0.03942412 0.03767712
 0.08613727 0.06289997 0.05454183 0.03767712 0.0689829  0.02726893
 0.03815542 0.02120188 0.06289997 0.06289997 0.04970416 0.07818316
 0.02285399]
[0.06754606 0.07837625 0.05219219 0.0587016  0.03708322 0.02945982
 0.11223833 0.05219219 0.07294165 0.02945982 0.07837625 0.02855673
 0.02824703 0.02260012 0.05219219 0.05219219 0.05100381 0.07599704
 0.02064351]
[0.06734368 0.07448479 0.05276615 0.05688357 0.04125863 0.03299277
 0.11388603 0.05276615 0.05749279 0.03299277 0.07448479 0.03103516
 0.03605074 0.02509968 0.05276615 0.05276615 0.03936512 0.08647817
 0.01908672]
[0.06734368 0.07448479 0.05276615 0.05688357 0.04125863 0.03299277
 0.11388603 0.05276615 0.05749279 0.03299277 0.07448479 0.03103516
 0.03605074 0.02509968 0.05276615 0.05276615 0.03936512 0.08647817
 0.01908672]
[0.0697248  0.07335788 0.05429052 0.0577317  0.04986082 0.02673079
 0.13258797 0.05429052 0.06032577 0.02673079 0.07335788 0.034307
 0.02806452 0.01667696 0.05429052 0.05429052 0.0404212  0.07667062
 0.01628921]
[0.06801156 0.06981793 0.05428676 0.05726709 0.04146846 0.03393942
 0.11142555 0.05428676 0.07744499 0.03393942 0.06981793 0.03052841
 0.02600015 0.02112794 0.05428676 0.05428676 0.05257816 0.07401904
 0.01546692]
[0.05881951 0.08776531 0.05300873 0.05434898 0.03721294 0.028032
 0.09447637 0.05300873 0.09139465 0.028032   0.08776531 0.02377314
 0.02851324 0.01674417 0.05300873 0.05300873 0.069268   0.06287407
 0.01894545]]