148112
Test: public void test2() throws Throwable { CharGenUDPClient charGenUDPClient0 = new CharGenUDPClient(); charGenUDPClient0.open(); EvoSuiteLocalAddress evoSuiteLocalAddress0 = new EvoSuiteLocalAddress("192.168.1.42", 40000); byte[] byteArray0 = new byte[0]; NetworkHandling.sendUdpPacket(evoSuiteLocalAddress0, byteArray0); byte[] byteArray1 = charGenUDPClient0.receive(); }
Code: public byte[] receive() throws IOException { final int length; final byte[] result; _socket_.receive(receivePacket); result = new byte[length = receivePacket.getLength()]; System.arraycopy(receiveData, 0, result, 0, length); return result; }
[[0.02992189 0.0421766  0.04151174 0.06911634 0.01609159 0.04232586
 0.0243374  0.01844645 0.05872043 0.0243374  0.0421766  0.04995748
 0.04151174 0.02365248 0.01898252 0.01492358 0.04151174 0.01898252
 0.04151174 0.04151174 0.06062531 0.04908825 0.06062531 0.03148551
 0.03323013 0.04995748 0.01328016]
[0.02947796 0.03669231 0.03921045 0.09082831 0.01714583 0.03920714
 0.02472647 0.01635596 0.04688066 0.02472647 0.03669231 0.05174287
 0.03921045 0.019706   0.02151418 0.01597882 0.03921045 0.02151418
 0.03921045 0.03921045 0.06133401 0.05796751 0.06133401 0.02588255
 0.04124146 0.05174287 0.01125585]
[0.02303848 0.03929169 0.03850336 0.07456577 0.01557099 0.03624036
 0.02213885 0.01494289 0.06205888 0.02213885 0.03929169 0.05831166
 0.03850336 0.02275281 0.02470056 0.01748855 0.03850336 0.02470056
 0.03850336 0.03850336 0.06626961 0.05312376 0.06626961 0.02598444
 0.02795485 0.05831166 0.01233672]
[0.02276465 0.03657591 0.03846542 0.10797582 0.01508255 0.05793215
 0.01891747 0.01330744 0.07090798 0.01891747 0.03657591 0.0521429
 0.03846542 0.02351534 0.02032129 0.01185574 0.03846542 0.02032129
 0.03846542 0.03846542 0.050056   0.05622333 0.050056   0.02316314
 0.03778356 0.0521429  0.01113398]
[0.02436775 0.03170084 0.0462821  0.09361282 0.0140423  0.04468903
 0.02143131 0.01347604 0.06074548 0.02143131 0.03170084 0.04425296
 0.0462821  0.02139141 0.01923778 0.01280034 0.0462821  0.01923778
 0.0462821  0.0462821  0.05795444 0.06078819 0.05795444 0.02865727
 0.03545482 0.04425295 0.00940933]
[0.03102624 0.03864812 0.03977324 0.05441086 0.02116446 0.05184014
 0.03054138 0.01466541 0.0597729  0.03054138 0.03864812 0.05468842
 0.03977324 0.02181127 0.0259181  0.01702751 0.03977324 0.0259181
 0.03977324 0.03977324 0.05034431 0.04542775 0.05034431 0.0302888
 0.03545135 0.05468842 0.01796648]
[0.02993055 0.0362073  0.044986   0.07680138 0.01920201 0.05254073
 0.02017246 0.01300939 0.04659049 0.02017246 0.0362073  0.04229849
 0.044986   0.02383985 0.0231389  0.01323187 0.044986   0.0231389
 0.044986   0.044986   0.0564279  0.0553055  0.0564279  0.03428755
 0.04357637 0.0422985  0.01026411]
[0.02004369 0.02863228 0.05055803 0.06295164 0.01625444 0.04750161
 0.0278465  0.01408812 0.07179987 0.0278465  0.02863228 0.0582763
 0.05055803 0.02157491 0.01689021 0.01074527 0.05055803 0.01689021
 0.05055803 0.05055803 0.04942739 0.0543428  0.04942739 0.02311722
 0.03261236 0.0582763  0.01003258]
[0.02311765 0.03873308 0.03967779 0.08232865 0.01755759 0.04233707
 0.01932102 0.01480712 0.06125516 0.01932102 0.03873308 0.04904017
 0.03967779 0.0257443  0.02100851 0.0165403  0.03967779 0.02100851
 0.03967779 0.03967779 0.05891428 0.06803928 0.05891428 0.02766524
 0.0337053  0.04904017 0.01447925]
[0.02993055 0.0362073  0.044986   0.07680138 0.01920201 0.05254073
 0.02017246 0.01300939 0.04659049 0.02017246 0.0362073  0.04229849
 0.044986   0.02383985 0.0231389  0.01323187 0.044986   0.0231389
 0.044986   0.044986   0.0564279  0.0553055  0.0564279  0.03428755
 0.04357637 0.0422985  0.01026411]
[0.02947796 0.03669231 0.03921045 0.09082831 0.01714583 0.03920714
 0.02472647 0.01635596 0.04688066 0.02472647 0.03669231 0.05174287
 0.03921045 0.019706   0.02151418 0.01597882 0.03921045 0.02151418
 0.03921045 0.03921045 0.06133401 0.05796751 0.06133401 0.02588255
 0.04124146 0.05174287 0.01125585]
[0.0271759  0.03630266 0.04107152 0.06754484 0.02020835 0.05468078
 0.02523879 0.01422136 0.06855362 0.02523879 0.03630266 0.05392981
 0.04107152 0.0237141  0.01954686 0.01572619 0.04107152 0.01954686
 0.04107152 0.04107152 0.04970941 0.06026601 0.04970941 0.0232232
 0.03866334 0.05392982 0.01120971]
[0.02303848 0.03929169 0.03850336 0.07456577 0.01557099 0.03624036
 0.02213885 0.01494289 0.06205888 0.02213885 0.03929169 0.05831166
 0.03850336 0.02275281 0.02470056 0.01748855 0.03850336 0.02470056
 0.03850336 0.03850336 0.06626961 0.05312376 0.06626961 0.02598444
 0.02795485 0.05831166 0.01233672]
[0.03275203 0.03815164 0.04873683 0.07309846 0.01599445 0.04978652
 0.02357556 0.01294857 0.06805141 0.02357556 0.03815164 0.04867509
 0.04873683 0.02518833 0.01721789 0.01298344 0.04873683 0.01721789
 0.04873683 0.04873683 0.04637871 0.04521836 0.04637871 0.02552049
 0.03485963 0.04867509 0.01191641]
[0.03399824 0.02522624 0.04809009 0.05149551 0.021762   0.03834492
 0.02863665 0.02056685 0.04896595 0.02863665 0.02522624 0.05756141
 0.04809009 0.02082004 0.02817294 0.01599582 0.04809009 0.02817294
 0.04809009 0.04809009 0.04932947 0.0488256  0.04932947 0.02696414
 0.03730717 0.05756141 0.01664988]
[0.02708919 0.03562675 0.04105002 0.09099805 0.01902626 0.05023466
 0.02181946 0.0174508  0.05345386 0.02181946 0.03562675 0.0563296
 0.04105002 0.02307343 0.02157459 0.01747444 0.04105002 0.02157459
 0.04105002 0.04105002 0.05250163 0.03746495 0.05250163 0.03013232
 0.03814448 0.05632959 0.01450339]
[0.02303848 0.03929169 0.03850336 0.07456577 0.01557099 0.03624036
 0.02213885 0.01494289 0.06205888 0.02213885 0.03929169 0.05831166
 0.03850336 0.02275281 0.02470056 0.01748855 0.03850336 0.02470056
 0.03850336 0.03850336 0.06626961 0.05312376 0.06626961 0.02598444
 0.02795485 0.05831166 0.01233672]
[0.03399824 0.02522624 0.04809009 0.05149551 0.021762   0.03834492
 0.02863665 0.02056685 0.04896595 0.02863665 0.02522624 0.05756141
 0.04809009 0.02082004 0.02817294 0.01599582 0.04809009 0.02817294
 0.04809009 0.04809009 0.04932947 0.0488256  0.04932947 0.02696414
 0.03730717 0.05756141 0.01664988]
[0.02303848 0.03929169 0.03850336 0.07456577 0.01557099 0.03624036
 0.02213885 0.01494289 0.06205888 0.02213885 0.03929169 0.05831166
 0.03850336 0.02275281 0.02470056 0.01748855 0.03850336 0.02470056
 0.03850336 0.03850336 0.06626961 0.05312376 0.06626961 0.02598444
 0.02795485 0.05831166 0.01233672]
[0.02303848 0.03929169 0.03850336 0.07456577 0.01557099 0.03624036
 0.02213885 0.01494289 0.06205888 0.02213885 0.03929169 0.05831166
 0.03850336 0.02275281 0.02470056 0.01748855 0.03850336 0.02470056
 0.03850336 0.03850336 0.06626961 0.05312376 0.06626961 0.02598444
 0.02795485 0.05831166 0.01233672]
[0.02648457 0.03508661 0.04014095 0.08097717 0.01655921 0.05991086
 0.02142782 0.0162165  0.06139977 0.02142782 0.03508661 0.04913637
 0.04014095 0.02240077 0.02084973 0.01594784 0.04014095 0.02084973
 0.04014095 0.04014095 0.05464475 0.06226324 0.05464475 0.02242736
 0.0395227  0.04913636 0.01289475]
[0.02741025 0.04056884 0.03790573 0.06655306 0.01651047 0.04597604
 0.02621702 0.01526575 0.06708427 0.02621702 0.04056884 0.06081136
 0.03790573 0.02064616 0.01957034 0.01365859 0.03790573 0.01957034
 0.03790573 0.03790573 0.06123812 0.05405179 0.06123812 0.02401359
 0.03163658 0.06081136 0.01085334]
[0.02648457 0.03508661 0.04014095 0.08097717 0.01655921 0.05991086
 0.02142782 0.0162165  0.06139977 0.02142782 0.03508661 0.04913637
 0.04014095 0.02240077 0.02084973 0.01594784 0.04014095 0.02084973
 0.04014095 0.04014095 0.05464475 0.06226324 0.05464475 0.02242736
 0.0395227  0.04913636 0.01289475]
[0.02423842 0.04270463 0.04173219 0.06524971 0.01730707 0.04722635
 0.02290741 0.01778498 0.07669699 0.02290741 0.04270463 0.05294387
 0.04173219 0.02912675 0.02096039 0.01345547 0.04173219 0.02096039
 0.04173219 0.04173219 0.04706948 0.05646379 0.04706948 0.02342588
 0.03589138 0.05294387 0.01130073]
[0.02137366 0.03678448 0.04281345 0.08057397 0.0164393  0.04136667
 0.01958138 0.0128063  0.06926862 0.01958138 0.03678448 0.05620237
 0.04281345 0.02778641 0.02087044 0.01275775 0.04281345 0.02087044
 0.04281345 0.04281345 0.05639286 0.05135565 0.05639286 0.0300803
 0.03110321 0.05620238 0.01135778]
[0.02717589 0.03630266 0.04107152 0.06754483 0.02020835 0.0546808
 0.02523878 0.01422136 0.0685536  0.02523878 0.03630266 0.05392982
 0.04107152 0.0237141  0.01954686 0.01572619 0.04107152 0.01954686
 0.04107152 0.04107152 0.0497094  0.06026602 0.0497094  0.02322321
 0.03866334 0.05392982 0.01120971]
[0.02238068 0.02687009 0.0413982  0.09405734 0.01845708 0.0601525
 0.02043203 0.01682857 0.05158633 0.02043203 0.02687009 0.04407017
 0.0413982  0.01800794 0.0205241  0.01255775 0.0413982  0.0205241
 0.0413982  0.0413982  0.05762524 0.06786379 0.05762524 0.02961427
 0.04964197 0.04407017 0.01281749]]