151338
Test: public void test11() throws Throwable { Class<PropertyDescriptor> class0 = PropertyDescriptor.class; HashMap<Object, Object> hashMap0 = WrapDynaClass.dynaClasses; WrapDynaClass wrapDynaClass0 = WrapDynaClass.createDynaClass(class0, (PropertyUtilsBean) null); DynaProperty dynaProperty0 = wrapDynaClass0.getDynaProperty("(kC"); }
Code: public DynaProperty getDynaProperty(final String name) { if (name == null) { throw new IllegalArgumentException ("No property name specified"); } return (propertiesMap.get(name)); }
[[0.0376725  0.05225619 0.05225619 0.04915846 0.03744485 0.04464348
 0.10097522 0.04115374 0.06101569 0.02097752 0.04464348 0.03834459
 0.01938626 0.0559426  0.05225619 0.10005726 0.01687672 0.05225619
 0.0148284  0.04076985 0.0522562  0.0148284 ]
[0.03121016 0.05305033 0.05305033 0.05930556 0.04154212 0.04417465
 0.07543739 0.03369843 0.06016125 0.02196982 0.04417465 0.03676664
 0.02326266 0.05995603 0.05305033 0.11711858 0.01744168 0.05305033
 0.01539411 0.0377405  0.05305034 0.01539411]
[0.03121016 0.05305033 0.05305033 0.05930556 0.04154212 0.04417465
 0.07543739 0.03369843 0.06016125 0.02196982 0.04417465 0.03676664
 0.02326266 0.05995603 0.05305033 0.11711858 0.01744168 0.05305033
 0.01539411 0.0377405  0.05305034 0.01539411]
[0.03580288 0.05240756 0.05240756 0.04276123 0.03116154 0.04497246
 0.10449035 0.04046897 0.0467848  0.01643905 0.04497246 0.03342109
 0.015332   0.05289094 0.05240756 0.15371147 0.01565477 0.05240755
 0.01191798 0.03526228 0.05240756 0.01191798]
[0.03887892 0.04650337 0.04650337 0.07270951 0.04147714 0.04128792
 0.08482923 0.03740525 0.05864383 0.01845129 0.04128792 0.03753576
 0.02348957 0.05799512 0.04650337 0.11372972 0.0221815  0.04650338
 0.01833809 0.04090431 0.04650338 0.01833809]
[0.03703641 0.05088014 0.05088014 0.05730407 0.04616103 0.05425373
 0.06448385 0.03168864 0.04084928 0.02499073 0.05425373 0.03360447
 0.02143127 0.05236842 0.05088014 0.12506981 0.01884007 0.05088014
 0.01997409 0.0433156  0.05088015 0.01997409]
[0.02311401 0.05884169 0.05884169 0.05852707 0.02396363 0.03693811
 0.12597117 0.02056663 0.05164482 0.00904929 0.03693811 0.02086264
 0.00846586 0.04053358 0.05884169 0.20054801 0.00670728 0.05884171
 0.00612241 0.02971653 0.0588417  0.0061224 ]
[0.03132015 0.04602463 0.04602463 0.06674384 0.03770015 0.0461988
 0.11462604 0.0293265  0.05502422 0.0124212  0.0461988  0.033152
 0.01732452 0.05124069 0.04602463 0.15754302 0.0137191  0.04602463
 0.01027223 0.03679336 0.04602463 0.01027223]
[0.02305559 0.04227529 0.04227529 0.06994173 0.03594716 0.04463696
 0.1286363  0.02971632 0.05982855 0.01522567 0.04463696 0.02599147
 0.01468581 0.04169074 0.04227529 0.18600951 0.01199456 0.04227529
 0.0098374  0.0369514  0.04227529 0.0098374 ]
[0.02839213 0.0552474  0.0552474  0.04745758 0.03265772 0.05585577
 0.1311109  0.02787064 0.0553179  0.01851605 0.05585577 0.02596315
 0.0116991  0.04287828 0.0552474  0.12537023 0.01239483 0.05524741
 0.00910626 0.03421029 0.05524741 0.00910626]
[0.03703641 0.05088014 0.05088014 0.05730407 0.04616103 0.05425373
 0.06448385 0.03168864 0.04084928 0.02499073 0.05425373 0.03360447
 0.02143127 0.05236842 0.05088014 0.12506981 0.01884007 0.05088014
 0.01997409 0.0433156  0.05088015 0.01997409]
[0.02805089 0.04798977 0.04798977 0.06499777 0.03668716 0.05854231
 0.09489322 0.02681208 0.04488996 0.01696445 0.05854231 0.03276889
 0.01568189 0.04804895 0.04798977 0.1525451  0.01274063 0.04798977
 0.01073446 0.0464166  0.04798978 0.01073446]
[0.0292468  0.04770365 0.04770365 0.05849855 0.03819486 0.04617803
 0.10344559 0.03704934 0.05952111 0.01760409 0.04617803 0.03410306
 0.0197923  0.04503665 0.04770365 0.14110664 0.01678687 0.04770365
 0.01389116 0.04095759 0.04770366 0.01389116]
[0.02425993 0.0451846  0.0451846  0.05210326 0.03447577 0.04805608
 0.10693815 0.02848551 0.0521881  0.01709777 0.04805608 0.03476784
 0.01362086 0.04791465 0.0451846  0.18556271 0.01398251 0.0451846
 0.01016886 0.04623    0.0451846  0.01016886]
[0.03121016 0.05305033 0.05305033 0.05930556 0.04154212 0.04417465
 0.07543739 0.03369843 0.06016125 0.02196982 0.04417465 0.03676664
 0.02326266 0.05995603 0.05305033 0.11711858 0.01744168 0.05305033
 0.01539411 0.0377405  0.05305034 0.01539411]
[0.03181721 0.04923909 0.04923909 0.05426303 0.04508003 0.0547344
 0.08481643 0.03587993 0.05033147 0.02035135 0.0547344  0.03163192
 0.01986889 0.04623548 0.04923909 0.12826774 0.01420271 0.04923909
 0.0181993  0.04519095 0.0492391  0.0181993 ]
[0.04699729 0.05029039 0.05029039 0.04646681 0.03696393 0.04173359
 0.08056874 0.03392429 0.06140786 0.0236805  0.04173359 0.04408715
 0.01902758 0.05847759 0.05029039 0.10701734 0.02072302 0.05029039
 0.02062866 0.0444815  0.05029039 0.02062866]
[0.03121016 0.05305033 0.05305033 0.05930556 0.04154212 0.04417465
 0.07543739 0.03369843 0.06016125 0.02196982 0.04417465 0.03676664
 0.02326266 0.05995603 0.05305033 0.11711858 0.01744168 0.05305033
 0.01539411 0.0377405  0.05305034 0.01539411]
[0.02542006 0.04957668 0.04957668 0.04664744 0.04171434 0.05355693
 0.0955195  0.02885854 0.04305034 0.01632332 0.05355693 0.03220461
 0.01418423 0.05674723 0.04957668 0.15187894 0.01615349 0.04957668
 0.01209253 0.0521156  0.0495767  0.01209253]
[0.02521352 0.05404893 0.05404893 0.06492668 0.03618224 0.04154461
 0.10898836 0.0275497  0.05365289 0.01553607 0.04154461 0.02945075
 0.01542841 0.04294002 0.05404893 0.15258695 0.01271783 0.05404893
 0.01177846 0.03793579 0.05404894 0.01177846]
[0.03121016 0.05305033 0.05305033 0.05930556 0.04154212 0.04417465
 0.0754374  0.03369843 0.06016124 0.02196982 0.04417465 0.03676664
 0.02326266 0.05995604 0.05305033 0.11711856 0.01744168 0.05305033
 0.01539411 0.0377405  0.05305034 0.01539411]
[0.02542006 0.04957668 0.04957668 0.04664744 0.04171434 0.05355693
 0.09551948 0.02885853 0.04305033 0.01632332 0.05355693 0.03220462
 0.01418423 0.05674722 0.04957668 0.15187897 0.01615348 0.04957668
 0.01209253 0.0521156  0.04957669 0.01209253]]