32113
Test: public void test21() throws Throwable { Date date0 = DateFormatUtil.pareDate("", ""); // Undeclared exception!  DateFormatUtil.formatDate((String) null, date0);   }
Code: public static String formatDate(@NotNull String pattern, @NotNull Date date) { return FastDateFormat.getInstance(pattern).format(date); }
[[0.06253722 0.17448628 0.08129978 0.08674854 0.08129978 0.04717674
 0.08674854 0.02884948 0.09481369 0.07626057 0.0679446  0.08674856
 0.0250862 ]
[0.06108733 0.1616499  0.09192831 0.08247125 0.09192831 0.0387625
 0.08247125 0.02382281 0.08954793 0.10698923 0.05776172 0.08247124
 0.02910814]
[0.06305955 0.17997617 0.07398993 0.09062753 0.07398993 0.04811901
 0.09062753 0.02149649 0.09520146 0.08684112 0.06300189 0.09062752
 0.0224418 ]
[0.04950673 0.17064191 0.09144953 0.08290453 0.09144953 0.05345217
 0.08290453 0.02765245 0.10386296 0.07695948 0.06004717 0.08290453
 0.02626446]
[0.06305955 0.17997617 0.07398993 0.09062753 0.07398993 0.04811901
 0.09062753 0.02149649 0.09520146 0.08684112 0.06300189 0.09062752
 0.0224418 ]
[0.0480468  0.20522144 0.09815639 0.08253368 0.09815639 0.03005243
 0.08253368 0.01641177 0.09626774 0.0857089  0.05807228 0.08253369
 0.01630485]
[0.04950673 0.17064191 0.09144953 0.08290453 0.09144953 0.05345217
 0.08290453 0.02765245 0.10386296 0.07695948 0.06004717 0.08290453
 0.02626446]
[0.05224551 0.1642025  0.09005006 0.08056471 0.09005006 0.04109834
 0.08056471 0.02794956 0.10196264 0.09513468 0.07645253 0.08056471
 0.0191599 ]
[0.04891751 0.15584888 0.09962354 0.08135325 0.09962354 0.04338457
 0.08135325 0.02365113 0.08047687 0.1068701  0.08022996 0.08135324
 0.01731416]
[0.06072737 0.14135624 0.08977314 0.08049771 0.08977314 0.04595583
 0.08049771 0.03118017 0.10003257 0.09552474 0.07016502 0.08049771
 0.03401859]
[0.04173501 0.18547177 0.09861922 0.0856737  0.09861922 0.04724237
 0.0856737  0.02159339 0.09047872 0.07652783 0.06146197 0.0856737
 0.02122942]
[0.04950673 0.17064191 0.09144953 0.08290453 0.09144953 0.05345217
 0.08290453 0.02765245 0.10386296 0.07695948 0.06004717 0.08290453
 0.02626446]
[0.04430828 0.1746856  0.08123381 0.08465905 0.08123381 0.04472882
 0.08465905 0.01951866 0.08028354 0.10348948 0.09377016 0.08465905
 0.02277072]]