135999
Test: public void test104() throws Throwable { Document document0 = new Document("5i?@7R "); document0.body(); Elements elements0 = document0.getElementsByIndexLessThan(731); List<FormElement> list0 = elements0.forms(); }
Code: public List<FormElement> forms() { ArrayList<FormElement> forms = new ArrayList<>(); for (Element el: this) if (el instanceof FormElement) forms.add((FormElement) el); return forms; }
[[0.03846096 0.05335407 0.05335407 0.04996408 0.05335407 0.05335407
 0.02411627 0.01948911 0.1067932  0.03745844 0.03225803 0.03719824
 0.02296428 0.10353538 0.05415599 0.01782297 0.05335407 0.05335407
 0.02404121 0.04216486 0.05335408 0.01609843]
[0.03171874 0.05301002 0.05301002 0.04989667 0.05301002 0.05301002
 0.03400746 0.02407792 0.10227503 0.04317981 0.03357935 0.0452553
 0.02030961 0.07792853 0.04959011 0.02689715 0.05301002 0.05301002
 0.03474131 0.0384875  0.05301002 0.01698537]
[0.03171874 0.05301002 0.05301002 0.04989667 0.05301002 0.05301002
 0.03400746 0.02407792 0.10227503 0.04317981 0.03357935 0.0452553
 0.02030961 0.07792853 0.04959011 0.02689715 0.05301002 0.05301002
 0.03474131 0.0384875  0.05301002 0.01698537]
[0.03806537 0.04973855 0.04973855 0.06149003 0.04973855 0.04973855
 0.03170273 0.02119659 0.10447249 0.0373543  0.03528249 0.04410446
 0.02596472 0.06552176 0.05792028 0.02815705 0.04973856 0.04973856
 0.0351925  0.04377035 0.04973856 0.02163503]
[0.03171874 0.05301002 0.05301002 0.04989667 0.05301002 0.05301002
 0.03400746 0.02407792 0.10227503 0.04317981 0.03357935 0.0452553
 0.02030961 0.07792853 0.04959011 0.02689715 0.05301002 0.05301002
 0.03474131 0.0384875  0.05301002 0.01698537]
[0.03171874 0.05301002 0.05301002 0.04989667 0.05301002 0.05301002
 0.03400746 0.02407792 0.10227503 0.04317981 0.03357935 0.0452553
 0.02030961 0.07792853 0.04959011 0.02689715 0.05301002 0.05301002
 0.03474131 0.0384875  0.05301002 0.01698537]
[0.03958943 0.05601053 0.05601053 0.04423252 0.05601053 0.05601053
 0.03268567 0.01860303 0.08713622 0.0374432  0.03262749 0.03719857
 0.02110041 0.087538   0.0561586  0.02284978 0.05601053 0.05601053
 0.02811303 0.04336315 0.05601054 0.01928715]
[0.03324305 0.0513336  0.0513336  0.05936486 0.0513336  0.0513336
 0.02666843 0.02170633 0.10343426 0.03017578 0.03175039 0.04591572
 0.02159528 0.11345732 0.0464644  0.02103042 0.0513336  0.0513336
 0.02181483 0.04674605 0.05133361 0.01729767]
[0.03261365 0.05252966 0.05252966 0.06257214 0.05252966 0.05252966
 0.02682472 0.01691907 0.10591459 0.04429336 0.02508128 0.03266591
 0.01950127 0.11068    0.05222594 0.01861004 0.05252966 0.05252966
 0.02925929 0.04094976 0.05252968 0.01418139]
[0.03744624 0.05174213 0.05174213 0.06898504 0.05174213 0.05174213
 0.02505982 0.01450536 0.10852736 0.03570216 0.02856645 0.03781726
 0.01975863 0.11563383 0.0517798  0.01874347 0.05174212 0.05174212
 0.02273814 0.04140509 0.05174214 0.01113641]
[0.03024109 0.04979443 0.04979443 0.06535406 0.04979443 0.04979443
 0.02311486 0.01376601 0.12861447 0.03774185 0.03114241 0.03727648
 0.01875885 0.11678687 0.05134613 0.01909796 0.04979442 0.04979442
 0.02234103 0.04040487 0.04979444 0.01545204]
[0.03527958 0.05254651 0.05254651 0.06011665 0.05254651 0.05254651
 0.02508979 0.02125543 0.11442853 0.03512721 0.02830838 0.0405791
 0.01979741 0.10612012 0.05000279 0.01865992 0.05254652 0.05254652
 0.02533688 0.03697084 0.05254652 0.01510175]
[0.03555796 0.0555808  0.0555808  0.05769807 0.0555808  0.0555808
 0.02623977 0.01771473 0.09718358 0.03212845 0.02013429 0.03757614
 0.02106177 0.108402   0.05006365 0.02075866 0.0555808  0.0555808
 0.02985582 0.04227608 0.05558081 0.01428336]
[0.02457948 0.05574251 0.05574251 0.05396983 0.05574251 0.05574251
 0.01943235 0.00960335 0.14588135 0.03034756 0.02001794 0.03374289
 0.01207842 0.13944745 0.03568866 0.01676873 0.05574252 0.05574252
 0.0275503  0.03251828 0.05574252 0.00817577]
[0.04167081 0.05598555 0.05598555 0.05326101 0.05598555 0.05598555
 0.02719864 0.01729473 0.09210259 0.03368249 0.02706608 0.03839449
 0.02352938 0.09534237 0.05420188 0.0184397  0.05598555 0.05598555
 0.02482738 0.04170886 0.05598556 0.01938079]
[0.03188983 0.05077105 0.05077105 0.0530148  0.05077105 0.05077105
 0.02437434 0.02010499 0.12088905 0.04373273 0.03003708 0.04983593
 0.01939295 0.10310007 0.04852423 0.01890444 0.05077105 0.05077105
 0.02539479 0.03979982 0.05077106 0.01560755]
[0.03171874 0.05301002 0.05301002 0.04989667 0.05301002 0.05301002
 0.03400746 0.02407792 0.10227503 0.04317981 0.03357935 0.0452553
 0.02030961 0.07792853 0.04959011 0.02689715 0.05301002 0.05301002
 0.03474131 0.0384875  0.05301002 0.01698537]
[0.03171874 0.05301002 0.05301002 0.04989667 0.05301002 0.05301002
 0.03400746 0.02407792 0.10227503 0.04317981 0.03357935 0.0452553
 0.02030961 0.07792853 0.04959011 0.02689715 0.05301002 0.05301002
 0.03474131 0.0384875  0.05301002 0.01698537]
[0.03151166 0.05599549 0.05599549 0.05101091 0.05599549 0.05599549
 0.0244501  0.01944854 0.10693384 0.03221634 0.03425711 0.04234377
 0.01848557 0.08126438 0.04909324 0.02855802 0.05599549 0.05599549
 0.02448427 0.04857073 0.05599549 0.01540312]
[0.02615281 0.05258598 0.05258598 0.05020799 0.05258598 0.05258598
 0.02551218 0.0156317  0.13933182 0.0446091  0.02122923 0.04468295
 0.01887715 0.10845752 0.04531445 0.01892096 0.05258598 0.05258598
 0.02103618 0.03812794 0.05258599 0.01380621]
[0.03171875 0.05301002 0.05301002 0.04989667 0.05301002 0.05301002
 0.03400746 0.02407792 0.10227501 0.04317981 0.03357935 0.04525531
 0.02030961 0.07792853 0.04959011 0.02689715 0.05301002 0.05301002
 0.03474132 0.03848751 0.05301002 0.01698537]
[0.02685393 0.04968407 0.04968407 0.07210841 0.04968407 0.04968407
 0.02461901 0.01506732 0.11711849 0.03394437 0.02868586 0.03618364
 0.02404555 0.10431471 0.0513574  0.01859534 0.04968407 0.04968407
 0.02440466 0.05954463 0.04968408 0.01536817]]