151218
Test: public void test17() throws Throwable { POP3 pOP3_0 = new POP3(); LinkedList<String> linkedList0 = new LinkedList<String>(); linkedList0.add("\r\n"); pOP3_0.replyLines = (List<String>) linkedList0; String string0 = pOP3_0.getReplyString(); }
Code: public String getReplyString() { final StringBuilder buffer = new StringBuilder(256); for (final String entry : replyLines) { buffer.append(entry); buffer.append(SocketClient.NETASCII_EOL); } return buffer.toString(); }
[[0.03697126 0.04744118 0.0512889  0.04948231 0.02969987 0.03588818
 0.05428232 0.02327496 0.01863387 0.0512889  0.03557934 0.03593249
 0.04744118 0.12167003 0.03419022 0.0512889  0.0494823  0.05128891
 0.05128891 0.01579291 0.04071122 0.05128891 0.01579291]
[0.03647729 0.0418328  0.05119973 0.05580309 0.02827507 0.04796215
 0.06666307 0.0246613  0.01562629 0.05119973 0.03338666 0.02674265
 0.0418328  0.12496257 0.02759541 0.05119973 0.05580312 0.05119973
 0.05119973 0.01404033 0.03709674 0.05119973 0.01404033]
[0.0289968  0.05276771 0.0481805  0.04716536 0.02831874 0.0527381
 0.06173975 0.03141925 0.02214689 0.0481805  0.03903967 0.03342556
 0.05276771 0.11827408 0.02783983 0.0481805  0.04716536 0.0481805
 0.0481805  0.01594327 0.03522563 0.04818051 0.01594327]
[0.03581289 0.05087876 0.04602861 0.05957051 0.03524261 0.04496991
 0.05466295 0.02990457 0.01969321 0.04602861 0.03468885 0.03602048
 0.05087876 0.09996944 0.02963588 0.04602861 0.05957052 0.04602861
 0.04602861 0.02068668 0.04095564 0.04602862 0.02068668]
[0.03348217 0.04976716 0.04963647 0.0598467  0.02268035 0.03477252
 0.04902286 0.02586364 0.01470399 0.04963647 0.03470857 0.03019825
 0.04976716 0.13865085 0.02681833 0.04963647 0.05984672 0.04963647
 0.04963647 0.01163767 0.04877657 0.04963648 0.01163767]
[0.03239517 0.04615435 0.04384894 0.06691206 0.02703331 0.04030386
 0.06475217 0.02278735 0.016259   0.04384894 0.02839427 0.03335046
 0.04615435 0.14626908 0.02294999 0.04384894 0.06691205 0.04384894
 0.04384894 0.01720016 0.04187858 0.04384895 0.01720016]
[0.03316654 0.04852894 0.0555216  0.05942565 0.03077547 0.04295776
 0.05801845 0.0212561  0.01833477 0.0555216  0.0378632  0.03461864
 0.04852894 0.07738116 0.02717212 0.0555216  0.05942568 0.05552161
 0.05552161 0.01608801 0.03724087 0.05552161 0.01608801]
[0.03901934 0.04631711 0.05520079 0.04370857 0.03285547 0.04166638
 0.06203829 0.03224753 0.01834146 0.05520079 0.03686465 0.03577391
 0.04631711 0.07600565 0.03309771 0.05520079 0.04370857 0.05520079
 0.05520079 0.01903666 0.04276016 0.0552008  0.01903667]
[0.03144381 0.05685014 0.04829303 0.05677613 0.02522963 0.03389284
 0.05626653 0.0251723  0.02045975 0.04829303 0.02830717 0.02935399
 0.05685014 0.11924455 0.03638849 0.04829303 0.05677612 0.04829303
 0.04829303 0.0164984  0.04423342 0.04829304 0.0164984 ]
[0.0289968  0.05276771 0.0481805  0.04716536 0.02831874 0.0527381
 0.06173975 0.03141925 0.02214689 0.0481805  0.03903967 0.03342556
 0.05276771 0.11827408 0.02783983 0.0481805  0.04716536 0.0481805
 0.0481805  0.01594327 0.03522563 0.04818051 0.01594327]
[0.03563384 0.05301595 0.04859126 0.0679333  0.03003826 0.04208147
 0.06089579 0.02381319 0.01375154 0.04859126 0.03330677 0.02779635
 0.05301595 0.11558005 0.02221529 0.04859126 0.0679333  0.04859126
 0.04859126 0.01081533 0.03981072 0.04859127 0.01081533]
[0.03128236 0.04853724 0.05085593 0.05376852 0.02554554 0.04993046
 0.05913466 0.02108721 0.0190504  0.05085593 0.0347998  0.03071873
 0.04853724 0.11115097 0.03067377 0.05085593 0.05376852 0.05085592
 0.05085592 0.0137485  0.04938202 0.05085592 0.0137485 ]
[0.03647729 0.0418328  0.05119973 0.05580309 0.02827507 0.04796215
 0.06666307 0.0246613  0.01562629 0.05119973 0.03338666 0.02674265
 0.0418328  0.12496257 0.02759541 0.05119973 0.05580312 0.05119973
 0.05119973 0.01404033 0.03709674 0.05119973 0.01404033]
[0.03465223 0.05820218 0.04783021 0.0557007  0.03181494 0.03615456
 0.057006   0.02295044 0.01723213 0.04783021 0.03311842 0.02678668
 0.05820218 0.12936433 0.02751591 0.04783021 0.0557007  0.04783021
 0.04783021 0.01563029 0.0373567  0.04783022 0.01563028]
[0.03806904 0.0469901  0.0468291  0.05662854 0.0275733  0.04247909
 0.05313106 0.02906629 0.01918032 0.0468291  0.03957953 0.03852846
 0.0469901  0.11071595 0.02568882 0.0468291  0.05662853 0.0468291
 0.0468291  0.01987646 0.04802338 0.0468291  0.01987646]
[0.0289968  0.05276771 0.0481805  0.04716536 0.02831874 0.0527381
 0.06173975 0.03141925 0.02214689 0.0481805  0.03903967 0.03342556
 0.05276771 0.11827408 0.02783983 0.0481805  0.04716536 0.0481805
 0.0481805  0.01594327 0.03522563 0.04818051 0.01594327]
[0.03581289 0.05087876 0.04602861 0.05957051 0.03524261 0.04496991
 0.05466295 0.02990457 0.01969321 0.04602861 0.03468885 0.03602048
 0.05087876 0.09996944 0.02963588 0.04602861 0.05957052 0.04602861
 0.04602861 0.02068668 0.04095564 0.04602862 0.02068668]
[0.0289968  0.05276771 0.0481805  0.04716536 0.02831874 0.0527381
 0.06173975 0.03141925 0.02214689 0.0481805  0.03903967 0.03342556
 0.05276771 0.11827408 0.02783983 0.0481805  0.04716536 0.0481805
 0.0481805  0.01594327 0.03522563 0.04818051 0.01594327]
[0.0289968  0.05276771 0.0481805  0.04716536 0.02831874 0.0527381
 0.06173975 0.03141925 0.02214689 0.0481805  0.03903967 0.03342556
 0.05276771 0.11827408 0.02783983 0.0481805  0.04716536 0.0481805
 0.0481805  0.01594327 0.03522563 0.04818051 0.01594327]
[0.02583854 0.04731124 0.04794684 0.06856522 0.02352066 0.03840939
 0.05815105 0.02359942 0.01449323 0.04794684 0.03277626 0.03685138
 0.04731124 0.11583762 0.02473003 0.04794684 0.06856523 0.04794684
 0.04794684 0.01465069 0.05705708 0.04794685 0.01465069]
[0.0247032  0.05233919 0.04812608 0.05058765 0.02299822 0.04130922
 0.06232363 0.02429095 0.01460015 0.04812608 0.03967281 0.02703699
 0.05233919 0.16203988 0.02344864 0.04812608 0.05058765 0.04812608
 0.04812608 0.01374718 0.03547183 0.04812608 0.01374718]
[0.02899681 0.0527677  0.0481805  0.04716537 0.02831874 0.0527381
 0.06173975 0.03141924 0.02214689 0.0481805  0.03903967 0.03342555
 0.0527677  0.11827406 0.02783984 0.0481805  0.04716537 0.0481805
 0.0481805  0.01594327 0.03522563 0.04818051 0.01594327]
[0.02583854 0.04731124 0.04794684 0.06856523 0.02352066 0.03840937
 0.05815106 0.02359942 0.01449324 0.04794684 0.03277626 0.03685139
 0.04731124 0.11583761 0.02473003 0.04794684 0.06856523 0.04794684
 0.04794684 0.0146507  0.05705709 0.04794685 0.0146507 ]]