150257
Test: public void test36() throws Throwable { FTPClient fTPClient0 = new FTPClient();  fTPClient0.setFileTransferMode(2);   }
Code: public boolean setFileTransferMode(final int mode) throws IOException { if (FTPReply.isPositiveCompletion(mode(mode))) { fileTransferMode = mode; return true; } return false; }
[[0.0394139  0.09722641 0.0546783  0.02472267 0.06517222 0.09260713
 0.02064707 0.05361237 0.10634618 0.0546783  0.05361237 0.0546783
 0.02486765 0.0546783  0.04350726 0.02697851 0.01702467 0.04350726
 0.05501638 0.01702467]
[0.02710326 0.14988926 0.05263118 0.01346582 0.06005097 0.09528564
 0.01585766 0.06210262 0.09851235 0.05263118 0.06210262 0.05263118
 0.02109022 0.05263118 0.04289419 0.02266768 0.01187048 0.0428942
 0.05181777 0.01187048]
[0.03192554 0.12016273 0.05331502 0.02068591 0.06972535 0.10336323
 0.02164316 0.05044645 0.07849322 0.05331502 0.05044645 0.05331502
 0.03427697 0.05331502 0.03874436 0.03114687 0.01715626 0.03874435
 0.06262279 0.01715626]
[0.02425901 0.0925903  0.06220591 0.01745402 0.06902592 0.07612043
 0.01919068 0.05514418 0.13998595 0.06220591 0.05514418 0.06220591
 0.02045668 0.06220591 0.03918704 0.02870351 0.01187778 0.03918703
 0.05097184 0.01187778]
[0.03173168 0.12417963 0.05072697 0.01715282 0.0613265  0.08782782
 0.01912551 0.06347928 0.10121045 0.05072697 0.06347928 0.05072697
 0.02717542 0.05072697 0.04585647 0.02385015 0.01301166 0.04585647
 0.0588173  0.01301166]
[0.02584311 0.1258362  0.04580009 0.0158812  0.06339957 0.12792313
 0.01609338 0.06048581 0.11534197 0.04580009 0.06048581 0.04580009
 0.02273091 0.04580009 0.04190531 0.02746963 0.01194315 0.04190532
 0.04761198 0.01194315]
[0.02875422 0.12769693 0.05467158 0.015972   0.05310903 0.11068685
 0.01636055 0.05183541 0.1186209  0.05467158 0.05183541 0.05467158
 0.02262556 0.05467158 0.04163837 0.02908788 0.01098179 0.04163837
 0.04948866 0.01098179]
[0.04153433 0.09149389 0.05440025 0.01989039 0.05440465 0.07341141
 0.02790115 0.06680463 0.07153091 0.05440025 0.06680463 0.05440025
 0.03457876 0.05440025 0.04779699 0.02964817 0.02355086 0.04779699
 0.06170035 0.02355086]
[0.02336697 0.14411761 0.05314674 0.01151798 0.05996071 0.13646924
 0.01518208 0.05097624 0.13244471 0.05314674 0.05097624 0.05314674
 0.01844526 0.05314674 0.03089346 0.02160607 0.00773491 0.03089346
 0.04509315 0.00773491]
[0.03192554 0.12016273 0.05331502 0.02068591 0.06972535 0.10336323
 0.02164316 0.05044645 0.07849322 0.05331502 0.05044645 0.05331502
 0.03427697 0.05331502 0.03874436 0.03114687 0.01715626 0.03874435
 0.06262279 0.01715626]
[0.04153433 0.09149389 0.05440025 0.01989039 0.05440465 0.07341141
 0.02790115 0.06680463 0.07153091 0.05440025 0.06680463 0.05440025
 0.03457876 0.05440025 0.04779699 0.02964817 0.02355086 0.04779699
 0.06170035 0.02355086]
[0.03192554 0.12016273 0.05331502 0.02068591 0.06972535 0.10336323
 0.02164316 0.05044645 0.07849322 0.05331502 0.05044645 0.05331502
 0.03427697 0.05331502 0.03874436 0.03114687 0.01715626 0.03874435
 0.06262279 0.01715626]
[0.04299856 0.08889861 0.06081815 0.02599552 0.05484179 0.06514192
 0.0275589  0.04859462 0.09518523 0.06081815 0.04859462 0.06081815
 0.03565955 0.06081815 0.04720217 0.03010812 0.02108138 0.04720217
 0.05658279 0.02108138]
[0.03192554 0.12016273 0.05331502 0.02068591 0.06972535 0.10336323
 0.02164316 0.05044645 0.07849322 0.05331502 0.05044645 0.05331502
 0.03427697 0.05331502 0.03874436 0.03114687 0.01715626 0.03874435
 0.06262279 0.01715626]
[0.0262265  0.13527773 0.05203106 0.0155193  0.07681039 0.0974618
 0.02050289 0.05178856 0.1078346  0.05203106 0.05178856 0.05203106
 0.02567182 0.05203106 0.03798841 0.02075022 0.01416647 0.03798841
 0.05793358 0.01416647]
[0.03082275 0.1525677  0.04995869 0.01686169 0.0530998  0.10482427
 0.01858315 0.05677791 0.10227773 0.04995869 0.05677791 0.04995869
 0.02270884 0.04995869 0.04008693 0.02908009 0.0121402  0.04008693
 0.05132915 0.0121402 ]
[0.0253307  0.08864885 0.04749555 0.01921063 0.07284535 0.10673472
 0.02017057 0.06438144 0.09759982 0.04749555 0.06438144 0.04749555
 0.02282752 0.04749555 0.05511583 0.03414916 0.01388911 0.05511582
 0.05572763 0.01388911]
[0.0262265  0.13527773 0.05203106 0.0155193  0.07681039 0.0974618
 0.02050289 0.05178856 0.1078346  0.05203106 0.05178856 0.05203106
 0.02567182 0.05203106 0.03798841 0.02075022 0.01416647 0.03798841
 0.05793358 0.01416647]
[0.03771506 0.09910664 0.05381892 0.02307949 0.08111432 0.07949633
 0.0236479  0.05096846 0.07823341 0.05381892 0.05096846 0.05381892
 0.03304752 0.05381892 0.04350175 0.03189687 0.02068732 0.04350174
 0.06707181 0.02068732]
[0.0253307  0.08864885 0.04749555 0.01921063 0.07284535 0.10673472
 0.02017057 0.06438144 0.09759982 0.04749555 0.06438144 0.04749555
 0.02282752 0.04749555 0.05511583 0.03414916 0.01388911 0.05511582
 0.05572763 0.01388911]]