129136
Test: public void test14() throws Throwable { double[] doubleArray0 = new double[10]; double[] doubleArray1 = new double[3]; // Undeclared exception!  Sum.ofProducts(doubleArray1, doubleArray0);   }
Code: public static Sum ofProducts(final double[] a, final double[] b) { return create().addProducts(a, b); }
[[0.04486716 0.13012329 0.06224019 0.06224019 0.11812623 0.13693762
 0.0357117  0.11812623 0.05021235 0.05753912 0.04909571 0.0622402
 0.05392372 0.01861638]
[0.04791337 0.12531367 0.06486946 0.06486946 0.09097166 0.15594298
 0.03490531 0.09097166 0.06018763 0.08218226 0.04518615 0.06486946
 0.04934439 0.02247258]
[0.03616484 0.12654148 0.06023408 0.06023408 0.0973808  0.1978141
 0.03508732 0.0973808  0.05742966 0.05803238 0.04391252 0.06023408
 0.04988167 0.01967215]
[0.03616484 0.12654148 0.06023408 0.06023408 0.0973808  0.1978141
 0.03508732 0.0973808  0.05742966 0.05803238 0.04391252 0.06023408
 0.04988167 0.01967215]
[0.03345297 0.14982183 0.05666225 0.05666225 0.09635721 0.18483764
 0.03931642 0.09635721 0.05836954 0.05589138 0.04643552 0.05666225
 0.0530443  0.01612926]
[0.03316108 0.11982687 0.0600365  0.0600365  0.10906734 0.16754565
 0.03393152 0.10906734 0.0529765  0.0771677  0.04284716 0.0600365
 0.05432931 0.01997001]
[0.03959505 0.11729237 0.06140533 0.06140533 0.10919529 0.17513779
 0.02637171 0.10919529 0.05337763 0.06655604 0.05756633 0.06140533
 0.04834656 0.01314992]
[0.03345297 0.14982183 0.05666225 0.05666225 0.09635721 0.18483764
 0.03931642 0.09635721 0.05836954 0.05589138 0.04643552 0.05666225
 0.0530443  0.01612926]
[0.03818737 0.13597059 0.06403476 0.06403476 0.10470629 0.16590518
 0.02517322 0.10470629 0.05662276 0.06233494 0.04338044 0.06403476
 0.05849256 0.0124161 ]
[0.04672727 0.10893958 0.06183758 0.06183758 0.1022985  0.1474287
 0.04582459 0.1022985  0.05915242 0.07373151 0.05395923 0.06183759
 0.04790675 0.02622015]
[0.02991365 0.13603938 0.06043144 0.06043144 0.09922667 0.20352216
 0.02726705 0.09922667 0.05105998 0.05684785 0.0437104  0.06043144
 0.05622985 0.01566203]
[0.03616484 0.12654148 0.06023408 0.06023408 0.0973808  0.1978141
 0.03508732 0.0973808  0.05742966 0.05803238 0.04391252 0.06023408
 0.04988167 0.01967215]
[0.04779374 0.11835878 0.06376124 0.06376124 0.08935784 0.16784428
 0.03838438 0.08935784 0.05537306 0.07392805 0.05973437 0.06376124
 0.04904114 0.01954288]
[0.03068431 0.123397   0.05826672 0.05826672 0.10229965 0.18237247
 0.02733845 0.10229965 0.05074042 0.07375477 0.06554069 0.05826672
 0.05065483 0.01611756]]