29995
Test: public void test8() throws Throwable { Class<Locale.FilteringMode> class0 = Locale.FilteringMode.class; EnumSet<Locale.FilteringMode> enumSet0 = EnumUtil.processBits(class0, 0L); }
Code: public static <E extends Enum<E>> EnumSet<E> processBits(final Class<E> enumClass, final long value) { return EnumUtils.processBitVector(enumClass, value); }
[[0.0435329  0.12260371 0.0603873  0.02792621 0.0603873  0.0603873
 0.0603873  0.0603873  0.05176977 0.03437427 0.07372031 0.05423035
 0.05373928 0.04737773 0.0603873  0.11079594 0.01760576]
[0.04532316 0.11819848 0.06140506 0.02833985 0.06140506 0.06140506
 0.06140506 0.06140506 0.07638457 0.03296641 0.05799062 0.04358242
 0.07733897 0.04271594 0.06140506 0.08755423 0.02117498]
[0.03618956 0.12446725 0.06065082 0.03707942 0.06065082 0.06065082
 0.06065082 0.06065082 0.06455076 0.03450376 0.06467762 0.05805594
 0.05599578 0.04388775 0.06065082 0.09755799 0.01912923]
[0.03948686 0.09528713 0.06459662 0.02871935 0.06459662 0.06459662
 0.06459662 0.06459662 0.07557495 0.03181196 0.07313126 0.04928432
 0.06680181 0.04957736 0.06459662 0.08347941 0.01926582]
[0.03618956 0.12446725 0.06065082 0.03707942 0.06065082 0.06065082
 0.06065082 0.06065082 0.06455076 0.03450376 0.06467762 0.05805594
 0.05599578 0.04388775 0.06065082 0.09755799 0.01912923]
[0.03618956 0.12446725 0.06065082 0.03707942 0.06065082 0.06065082
 0.06065082 0.06065082 0.06455076 0.03450376 0.06467762 0.05805594
 0.05599578 0.04388775 0.06065082 0.09755799 0.01912923]
[0.03618956 0.12446725 0.06065082 0.03707942 0.06065082 0.06065082
 0.06065082 0.06065082 0.06455076 0.03450376 0.06467762 0.05805594
 0.05599578 0.04388775 0.06065082 0.09755799 0.01912923]
[0.03618956 0.12446725 0.06065082 0.03707942 0.06065082 0.06065082
 0.06065082 0.06065082 0.06455076 0.03450376 0.06467762 0.05805594
 0.05599578 0.04388775 0.06065082 0.09755799 0.01912923]
[0.03810981 0.11790485 0.05785847 0.02955018 0.05785847 0.05785847
 0.05785847 0.05785847 0.08939762 0.02582368 0.06924278 0.05079256
 0.07148254 0.05106527 0.05785847 0.09840037 0.01107949]
[0.04059453 0.12003776 0.06341609 0.03143521 0.06341609 0.06341609
 0.06341609 0.06341609 0.06973942 0.02696091 0.06196083 0.03652074
 0.06751824 0.05899979 0.06341609 0.09235841 0.01337761]
[0.03059069 0.1480622  0.05838219 0.04362193 0.05838219 0.05838219
 0.05838219 0.05838219 0.04947224 0.02771534 0.06527394 0.05144761
 0.06735013 0.0454715  0.05838219 0.10435487 0.01634649]
[0.03996138 0.12968242 0.05993665 0.0311784  0.05993665 0.05993665
 0.05993665 0.05993665 0.07649459 0.03162095 0.06720041 0.04867112
 0.06424586 0.04759698 0.05993665 0.0876691  0.01605888]
[0.04524335 0.1051947  0.06004363 0.0380401  0.06004363 0.06004363
 0.06004363 0.06004363 0.06973571 0.04435423 0.07319207 0.04952938
 0.07100928 0.0522954  0.06004363 0.06583    0.02531398]
[0.02980082 0.13126954 0.06154185 0.03745739 0.06154185 0.06154185
 0.06154185 0.06154185 0.04905641 0.02680266 0.08726519 0.05089107
 0.05389402 0.04401561 0.06154185 0.10530494 0.01499123]
[0.03618956 0.12446725 0.06065082 0.03707942 0.06065082 0.06065082
 0.06065082 0.06065082 0.06455076 0.03450376 0.06467762 0.05805594
 0.05599578 0.04388775 0.06065082 0.09755799 0.01912923]
[0.04064951 0.12682985 0.05660904 0.02543903 0.05660904 0.05660904
 0.05660904 0.05660904 0.06217135 0.03602678 0.06996506 0.05130917
 0.07201255 0.05803144 0.05660904 0.10196002 0.01595103]
[0.0320602  0.1250458  0.06145831 0.03464492 0.06145831 0.06145831
 0.06145831 0.06145831 0.09305412 0.02830566 0.05201647 0.03912039
 0.07371859 0.06751309 0.06145831 0.069489   0.01628195]]