136019
Test: public void test124() throws Throwable { Element[] elementArray0 = new Element[3]; Document document0 = Parser.parse("qu)", "qu)"); elementArray0[0] = (Element) document0; Tag tag0 = Tag.valueOf("IA"); Element element0 = new Element(tag0, "IA"); elementArray0[1] = element0; Elements elements0 = new Elements(elementArray0); // Undeclared exception!  elements0.eachText();   }
Code: public List<String> eachText() { ArrayList<String> texts = new ArrayList<>(size()); for (Element el: this) { if (el.hasText()) texts.add(el.text()); } return texts; }
[[0.04164262 0.03669534 0.05776596 0.05223015 0.06827867 0.08192875
 0.02599209 0.02123027 0.05776596 0.04110727 0.03399535 0.0400203
 0.02444355 0.05223015 0.11191006 0.05776596 0.05776597 0.01702164
 0.04542232 0.05776597 0.01702164]
[0.03775978 0.03372809 0.05831078 0.06174221 0.0617192  0.07313535
 0.03388436 0.01861843 0.05831078 0.03650045 0.03020883 0.04756654
 0.02188418 0.06174221 0.1066471  0.05831078 0.05831078 0.01651425
 0.05028092 0.05831078 0.01651425]
[0.03534567 0.03530379 0.05951916 0.05312739 0.06296219 0.0757389
 0.03736918 0.02661535 0.05951916 0.04881103 0.03597514 0.05030619
 0.02215487 0.05312739 0.08621509 0.05951916 0.05951916 0.01826443
 0.0428231  0.05951916 0.01826443]
[0.04258153 0.03092127 0.05744159 0.06474515 0.06618023 0.05585373
 0.03528112 0.0242968  0.05744159 0.04285555 0.03775486 0.04910328
 0.02831145 0.06474515 0.07382688 0.05744159 0.0574416  0.02342188
 0.04949134 0.0574416  0.02342188]
[0.03255796 0.02920862 0.06135347 0.05997156 0.07112978 0.06883269
 0.02348165 0.01827225 0.06135347 0.0411244  0.02933885 0.04658213
 0.02295697 0.05997156 0.10313586 0.06135347 0.06135348 0.01824861
 0.05017114 0.06135348 0.0182486 ]
[0.03477448 0.02949733 0.06010625 0.06553109 0.05771793 0.08153162
 0.02382455 0.01906911 0.06010625 0.05246479 0.0263966  0.04451659
 0.01795177 0.06553109 0.10407102 0.06010625 0.06010624 0.01403211
 0.0485266  0.06010624 0.01403211]
[0.04491654 0.03435995 0.06358017 0.04901209 0.05488572 0.05640382
 0.03674632 0.02104072 0.06358017 0.04288977 0.0361856  0.04176591
 0.02361989 0.04901209 0.09908561 0.06358017 0.06358017 0.02159976
 0.04897563 0.06358017 0.02159976]
[0.03583331 0.02722415 0.05673981 0.0606418  0.05269905 0.07683344
 0.02902927 0.02378251 0.05673981 0.03378958 0.03303132 0.04946857
 0.02290392 0.0606418  0.12430536 0.05673981 0.05673981 0.01791098
 0.05029492 0.05673981 0.01791098]
[0.03534567 0.03530379 0.05951916 0.05312739 0.06296219 0.0757389
 0.03736918 0.02661535 0.05951916 0.04881103 0.03597514 0.05030619
 0.02215487 0.05312739 0.08621509 0.05951916 0.05951916 0.01826443
 0.0428231  0.05951916 0.01826443]
[0.04014007 0.0285792  0.05706089 0.06830006 0.07240853 0.07586327
 0.02694589 0.01567667 0.05706089 0.03991855 0.02878804 0.0399816
 0.02026463 0.06830006 0.12335786 0.05706089 0.05706089 0.01139945
 0.04337219 0.05706089 0.01139945]
[0.03314861 0.02843026 0.05584169 0.06808612 0.05890099 0.07947163
 0.02525473 0.01519197 0.05584169 0.04251387 0.03280649 0.0412044
 0.02007433 0.06808612 0.1302146  0.05584169 0.05584169 0.0163592
 0.04468903 0.05584169 0.0163592 ]
[0.03861031 0.02930082 0.05794555 0.06289048 0.0650753  0.07876737
 0.02759082 0.02314056 0.05794555 0.03889624 0.02999991 0.04437666
 0.02120851 0.06289048 0.1150275  0.05794555 0.05794555 0.01610058
 0.0402961  0.05794555 0.01610057]
[0.03871611 0.02817304 0.06257678 0.06019587 0.06400736 0.071509
 0.02871602 0.01937773 0.06257678 0.03608556 0.02138965 0.04088097
 0.02254728 0.06019587 0.11886965 0.06257678 0.06257678 0.0151306
 0.04619071 0.06257678 0.0151306 ]
[0.04258153 0.03092127 0.05744159 0.06474515 0.06618023 0.05585373
 0.03528112 0.0242968  0.05744159 0.04285555 0.03775486 0.04910328
 0.02831145 0.06474515 0.07382688 0.05744159 0.0574416  0.02342188
 0.04949134 0.0574416  0.02342188]
[0.02766059 0.02249498 0.06435324 0.0572438  0.06241674 0.10239072
 0.02156802 0.01066438 0.06435324 0.03493424 0.02142066 0.03749794
 0.01308889 0.0572438  0.1556229  0.06435324 0.06435325 0.00880486
 0.03637644 0.06435325 0.00880486]
[0.03534567 0.03530379 0.05951916 0.05312739 0.06296219 0.0757389
 0.03736918 0.02661535 0.05951916 0.04881103 0.03597514 0.05030619
 0.02215487 0.05312739 0.08621509 0.05951916 0.05951916 0.01826443
 0.0428231  0.05951916 0.01826443]
[0.03534567 0.03530379 0.05951916 0.05312739 0.06296219 0.0757389
 0.03736918 0.02661535 0.05951916 0.04881103 0.03597514 0.05030619
 0.02215487 0.05312739 0.08621509 0.05951916 0.05951916 0.01826443
 0.0428231  0.05951916 0.01826443]
[0.02931897 0.0277307  0.05550335 0.07145888 0.06795766 0.0751712
 0.02608938 0.01641156 0.05550335 0.03808716 0.02900082 0.03860997
 0.02485326 0.07145888 0.11229554 0.05550335 0.05550334 0.01556503
 0.06290936 0.05550334 0.01556503]
[0.02901809 0.0289707  0.05949148 0.05336676 0.05848313 0.0956888
 0.02816444 0.01746656 0.05949148 0.05132085 0.02279626 0.04942084
 0.02032956 0.05336676 0.1218511  0.05949148 0.05949147 0.01479584
 0.04270711 0.05949147 0.01479584]
[0.03534567 0.03530379 0.05951916 0.05312739 0.06296219 0.0757389
 0.03736918 0.02661535 0.05951916 0.04881103 0.03597514 0.05030619
 0.02215487 0.05312739 0.08621509 0.05951916 0.05951916 0.01826443
 0.0428231  0.05951916 0.01826443]
[0.02931897 0.0277307  0.05550334 0.07145888 0.06795764 0.0751712
 0.02608937 0.01641157 0.05550334 0.03808716 0.02900081 0.03860997
 0.02485326 0.07145888 0.11229552 0.05550334 0.05550334 0.01556504
 0.06290936 0.05550334 0.01556504]]