165247
Test: public void test1() throws Throwable { MockRandom mockRandom0 = new MockRandom(1777L); JDKRandomWrapper jDKRandomWrapper0 = new JDKRandomWrapper(mockRandom0); mockRandom0.nextDouble(); long long0 = SeedUtils.createLongHexPermutation(jDKRandomWrapper0); int int0 = SeedUtils.createIntHexPermutation(jDKRandomWrapper0); }
Code: static int createIntHexPermutation(UniformRandomProvider rng) { final UnsignedByteProvider provider = new UnsignedByteProvider(rng); return createUpperBitsHexPermutation(provider); }
[[0.15636322 0.03058044 0.07941275 0.07941275 0.10378252 0.04325346
 0.07941275 0.12150975 0.03811107 0.02542876 0.07941274 0.0557151
 0.07941276 0.02819188]
[0.19999707 0.02454398 0.0868026  0.0868026  0.07177093 0.04442623
 0.0868026  0.11022847 0.02803595 0.0179318  0.08680262 0.05320945
 0.08680263 0.01584315]
[0.16229086 0.03087471 0.07944972 0.07944972 0.07272746 0.04498669
 0.07944972 0.12339938 0.05039135 0.03578967 0.07944973 0.05740675
 0.07944974 0.0248845 ]
[0.16229086 0.03087471 0.07944972 0.07944972 0.07272746 0.04498669
 0.07944972 0.12339938 0.05039135 0.03578967 0.07944973 0.05740675
 0.07944974 0.0248845 ]
[0.14056158 0.02885979 0.07911608 0.07911608 0.09551326 0.05891395
 0.07911608 0.09390533 0.04994003 0.03364928 0.07911608 0.06923549
 0.07911609 0.03384089]
[0.15964295 0.02372099 0.08272172 0.08272172 0.09147543 0.03593558
 0.08272172 0.11369365 0.04163654 0.02404541 0.08272173 0.0782234
 0.08272173 0.01801739]
[0.16229086 0.03087471 0.07944972 0.07944972 0.07272746 0.04498669
 0.07944972 0.12339938 0.05039135 0.03578967 0.07944973 0.05740675
 0.07944974 0.0248845 ]
[0.14631702 0.03241582 0.08283384 0.08283384 0.08659885 0.05185429
 0.08283384 0.11324885 0.03931959 0.03155746 0.08283385 0.05571604
 0.08283385 0.02880287]
[0.14311704 0.03795978 0.08741568 0.08741568 0.06578225 0.05185641
 0.08741568 0.08902711 0.05004464 0.02882632 0.08741569 0.06700423
 0.0874157  0.02930376]
[0.14958543 0.03450626 0.07914601 0.07914601 0.08766204 0.04032801
 0.07914601 0.12137987 0.04076934 0.03330369 0.07914601 0.07100494
 0.07914603 0.02573036]
[0.16229086 0.03087471 0.07944972 0.07944972 0.07272746 0.04498669
 0.07944972 0.12339938 0.05039135 0.03578967 0.07944973 0.05740675
 0.07944974 0.0248845 ]
[0.17637153 0.02576889 0.08512104 0.08512104 0.07168691 0.03638224
 0.08512104 0.11956711 0.03934878 0.02469504 0.08512104 0.06052409
 0.08512106 0.02005026]
[0.16229087 0.03087471 0.07944973 0.07944973 0.07272747 0.04498669
 0.07944973 0.12339935 0.05039135 0.03578968 0.07944973 0.05740675
 0.07944974 0.02488451]
[0.17005719 0.03085552 0.07628958 0.07628958 0.10334135 0.03667577
 0.07628958 0.10737392 0.03665559 0.02279453 0.07628958 0.08850139
 0.0762896  0.0222968 ]]