13936
Test: public void test61() throws Throwable { FieldUtils fieldUtils0 = new FieldUtils(); // Undeclared exception!  FieldUtils.readDeclaredField((Object) fieldUtils0, (String) null);   }
Code: public static Object readDeclaredField(final Object target, final String fieldName) throws IllegalAccessException { return readDeclaredField(target, fieldName, false); }
[[0.04348551 0.12236468 0.03347306 0.06032151 0.03347306 0.0573201
 0.03432889 0.05644833 0.06032151 0.10621826 0.06032151 0.05362037
 0.0473187  0.06032151 0.08198284 0.07110673 0.01757338]
[0.04423491 0.11232232 0.0298698  0.06030915 0.0298698  0.05197056
 0.03171191 0.06808277 0.06030915 0.09074359 0.06030915 0.071911
 0.04144561 0.06030915 0.08897854 0.07769371 0.01992891]
[0.04030048 0.11716704 0.02834814 0.05329838 0.02834814 0.0533718
 0.02883675 0.0683169  0.05329838 0.13760062 0.05329838 0.08006375
 0.04936461 0.05329838 0.07511194 0.06491039 0.0150659 ]
[0.03526815 0.1186375  0.02690329 0.05956907 0.02690329 0.06103995
 0.03287712 0.0662187  0.05956907 0.1136302  0.05956907 0.05201336
 0.04270287 0.05956907 0.08302896 0.08454321 0.01795707]
[0.04030048 0.11716704 0.02834814 0.05329838 0.02834814 0.0533718
 0.02883675 0.0683169  0.05329838 0.13760062 0.05329838 0.08006375
 0.04936461 0.05329838 0.07511194 0.06491039 0.0150659 ]
[0.03182713 0.13158691 0.03040922 0.05674911 0.03040922 0.04570907
 0.03422281 0.05264743 0.05674911 0.13050547 0.05674911 0.06799531
 0.05797864 0.05674911 0.06465534 0.08193522 0.0131218 ]
[0.03970391 0.11743607 0.02913802 0.06195669 0.02913802 0.05288713
 0.02638071 0.0621861  0.06195669 0.10532588 0.06195669 0.06614306
 0.05770829 0.06195669 0.08070059 0.07232594 0.01309952]
[0.04319923 0.12396841 0.03034983 0.06196644 0.03034983 0.05243606
 0.03239858 0.05059364 0.06196644 0.11675146 0.06196644 0.06002923
 0.04322284 0.06196644 0.08377446 0.0695845  0.0154762 ]
[0.03526815 0.1186375  0.02690329 0.05956907 0.02690329 0.06103995
 0.03287712 0.0662187  0.05956907 0.1136302  0.05956907 0.05201336
 0.04270287 0.05956907 0.08302896 0.08454321 0.01795707]
[0.03053502 0.10643313 0.0281493  0.05511414 0.0281493  0.0489645
 0.02463382 0.06140644 0.05511414 0.15365145 0.05511414 0.06899438
 0.04905083 0.05511414 0.09299016 0.07279982 0.01378532]
[0.03526815 0.1186375  0.02690329 0.05956907 0.02690329 0.06103995
 0.03287712 0.0662187  0.05956907 0.1136302  0.05956907 0.05201336
 0.04270287 0.05956907 0.08302896 0.08454321 0.01795707]
[0.04452194 0.10265379 0.02651287 0.05960023 0.02651287 0.05118596
 0.04360123 0.06665114 0.05960023 0.07932902 0.05960023 0.06872454
 0.05161215 0.05960023 0.100245   0.07536069 0.02468785]
[0.02962607 0.13054521 0.02777101 0.0611667  0.02777101 0.06305777
 0.02664935 0.07082367 0.0611667  0.11677937 0.0611667  0.05360723
 0.04375249 0.0611667  0.08238322 0.06765693 0.01490985]
[0.03526815 0.1186375  0.02690329 0.05956907 0.02690329 0.06103995
 0.03287712 0.0662187  0.05956907 0.1136302  0.05956907 0.05201336
 0.04270287 0.05956907 0.08302896 0.08454321 0.01795707]
[0.02908188 0.14862458 0.02513131 0.05901434 0.02513131 0.05116202
 0.023791   0.07705118 0.05901434 0.11251147 0.05901434 0.05229728
 0.03601797 0.05901434 0.09672038 0.07092422 0.0154981 ]
[0.04171526 0.09250099 0.02383768 0.06430255 0.02383768 0.05285121
 0.02899663 0.06430885 0.06430255 0.10862609 0.06430255 0.06348597
 0.04543022 0.06430255 0.10028413 0.08015621 0.01675892]
[0.03031872 0.12144694 0.03026479 0.05764401 0.03026479 0.0480556
 0.02698077 0.05557352 0.05764401 0.12809983 0.05764401 0.07246301
 0.06464042 0.05764401 0.07648472 0.06897429 0.01585656]]