89358
Test: public void test2() throws Throwable { Constant[] constantArray0 = new Constant[5]; ConstantInvokeDynamic constantInvokeDynamic0 = new ConstantInvokeDynamic(0, 0); ConstantPool constantPool0 = new ConstantPool(constantArray0); constantPool0.setConstant(0, constantInvokeDynamic0); }
Code: public void setConstant( final int index, final Constant constant ) { constantPool[index] = constant; }
[[0.05542017 0.04486006 0.07688239 0.04451883 0.03500503 0.1072866
 0.04451883 0.1309403  0.07688239 0.09719762 0.07416311 0.07688239
 0.0348886  0.07688241 0.02367123]
[0.04479354 0.03846044 0.08789131 0.03838841 0.02399418 0.12511478
 0.03838841 0.09929852 0.08789133 0.10587694 0.07514425 0.08789133
 0.03598633 0.08789133 0.02298886]
[0.04772205 0.04038283 0.08087328 0.04405124 0.03153012 0.1291778
 0.04405124 0.0927473  0.08087329 0.10420293 0.06889216 0.08087329
 0.04984988 0.0808733  0.02389931]
[0.05316642 0.03874639 0.08524039 0.03494781 0.02408174 0.1277624
 0.03494781 0.09706455 0.08524038 0.10500569 0.0850246  0.08524038
 0.04126485 0.08524039 0.01702624]
[0.03569997 0.03027714 0.09478806 0.04687937 0.02697395 0.1104704
 0.04687937 0.08843863 0.09478807 0.11479696 0.07364832 0.09478807
 0.0301502  0.09478809 0.01663337]
[0.06331485 0.04770131 0.08229487 0.04080338 0.02531167 0.1160778
 0.04080338 0.09671163 0.08229488 0.09471232 0.08606266 0.08229488
 0.03702796 0.08229489 0.02229354]
[0.05316642 0.03874639 0.08524039 0.03494781 0.02408174 0.1277624
 0.03494781 0.09706455 0.08524038 0.10500569 0.0850246  0.08524038
 0.04126485 0.08524039 0.01702624]
[0.04166244 0.03579541 0.08769743 0.04252157 0.02630913 0.12790297
 0.04252157 0.09992961 0.08769743 0.09017715 0.08879368 0.08769743
 0.03660232 0.08769744 0.01699439]
[0.04772205 0.04038283 0.08087328 0.04405124 0.03153012 0.1291778
 0.04405124 0.0927473  0.08087329 0.10420293 0.06889216 0.08087329
 0.04984988 0.0808733  0.02389931]
[0.05233903 0.05147577 0.0740587  0.05000017 0.03700493 0.10848373
 0.05000017 0.10396913 0.0740587  0.0828898  0.10164049 0.0740587
 0.03990828 0.0740587  0.02605369]
[0.05582    0.04835409 0.07494022 0.05464645 0.0271398  0.12669906
 0.05464645 0.08065193 0.07494023 0.08945461 0.08568092 0.07494023
 0.04628642 0.07494024 0.03085941]
[0.04772205 0.04038283 0.08087328 0.04405124 0.03153012 0.1291778
 0.04405124 0.0927473  0.08087329 0.10420293 0.06889216 0.08087329
 0.04984988 0.0808733  0.02389931]
[0.06076406 0.0492717  0.08598663 0.05113599 0.03696952 0.09155364
 0.05113599 0.08349513 0.08598663 0.08507718 0.06722926 0.08598663
 0.04997741 0.08598664 0.02944356]
[0.04772206 0.04038282 0.08087328 0.04405124 0.03153013 0.12917781
 0.04405124 0.09274729 0.08087328 0.10420291 0.06889216 0.08087328
 0.04984987 0.08087329 0.02389931]
[0.04136182 0.03769532 0.07851996 0.03686166 0.03161554 0.14515214
 0.03686166 0.09387849 0.07851996 0.10452808 0.09954917 0.07851996
 0.03666862 0.07851999 0.02174773]]