31529
Test: public void test24() throws Throwable { int int0 = 128; RandomUtil.randomStringRandomLength(128, 128); // Undeclared exception! RandomUtil.randomLetterFixLength(56191); }
Code: public static String randomLetterFixLength(int length) { return RandomStringUtils.random(length, 0, 0, true, false, null, threadLocalRandom()); }
[[0.04213133 0.11362574 0.05508953 0.05844035 0.1505559  0.04913023
 0.04549683 0.05844035 0.08176112 0.08176112 0.02273573 0.04783849
 0.11814383 0.05844036 0.01640904]
[0.04080585 0.10534154 0.06225235 0.05541895 0.17185815 0.06836569
 0.03837181 0.05541895 0.07908711 0.07908711 0.02260157 0.03046293
 0.11670576 0.05541895 0.0188032 ]
[0.04252091 0.11727179 0.05045725 0.06182647 0.1719797  0.05529773
 0.04210003 0.06182647 0.07267658 0.07267658 0.02633188 0.0336185
 0.11507674 0.06182647 0.01451292]
[0.03419562 0.11258955 0.0650979  0.05818164 0.16390833 0.04808687
 0.04134237 0.05818164 0.09328672 0.09328672 0.02470781 0.03419195
 0.09797856 0.05818165 0.01678268]
[0.03096984 0.12851968 0.06722938 0.05814632 0.17254148 0.06164708
 0.04376341 0.05814632 0.06748658 0.06748658 0.02109543 0.03604052
 0.11094254 0.05814633 0.01783852]
[0.04475168 0.1025259  0.06755457 0.0602992  0.13768    0.06820157
 0.05199317 0.0602992  0.07182103 0.07182103 0.03287641 0.03706563
 0.10816565 0.0602992  0.02464582]
[0.02723842 0.11758503 0.06690623 0.05700403 0.20032734 0.04771712
 0.04049574 0.05700403 0.07056642 0.07056642 0.01830453 0.03146787
 0.12445506 0.05700404 0.0133577 ]
[0.03419562 0.11258955 0.0650979  0.05818164 0.16390833 0.04808687
 0.04134237 0.05818164 0.09328672 0.09328672 0.02470781 0.03419195
 0.09797856 0.05818165 0.01678268]
[0.03455836 0.1159099  0.05572931 0.05931064 0.17018527 0.05937164
 0.04618648 0.05931064 0.06532689 0.06532689 0.0186423  0.03575567
 0.14149691 0.05931064 0.01357841]
[0.03455836 0.1159099  0.05572931 0.05931064 0.17018527 0.05937164
 0.04618648 0.05931064 0.06532689 0.06532689 0.0186423  0.03575567
 0.14149691 0.05931064 0.01357841]
[0.04079156 0.12864886 0.07157938 0.04651846 0.17761487 0.04825628
 0.05088753 0.04651846 0.07381998 0.07381998 0.02542755 0.0393947
 0.11552031 0.04651847 0.01468357]
[0.03480487 0.10906207 0.06204778 0.05325556 0.18208489 0.06545871
 0.04848501 0.05325556 0.07093901 0.07093901 0.01888685 0.03456432
 0.1326825  0.05325557 0.01027832]
[0.03084725 0.09331483 0.05296661 0.06244925 0.1900775  0.05696098
 0.03859975 0.06244925 0.07939243 0.07939243 0.02324202 0.0275567
 0.1269553  0.06244925 0.01334643]
[0.03419564 0.11258956 0.0650979  0.05818165 0.16390832 0.04808687
 0.04134237 0.05818165 0.09328672 0.09328672 0.02470782 0.03419196
 0.09797857 0.05818166 0.01678269]
[0.03043945 0.11532215 0.05583674 0.05885843 0.1725857  0.06706353
 0.0632536  0.05885843 0.07117337 0.07117337 0.01687445 0.03821766
 0.10651487 0.05885844 0.01496982]]