36235
Test: public void test67() throws Throwable { // Undeclared exception!  Duration.standardMinutes((-9223372036854775808L));   }
Code: public static Duration standardMinutes(long minutes) { if (minutes == 0) { return ZERO; } return new Duration(FieldUtils.safeMultiply(minutes, DateTimeConstants.MILLIS_PER_MINUTE)); }
[[0.04101449 0.11368271 0.06860176 0.05689285 0.07645199 0.04958416
 0.11003274 0.03340909 0.06614882 0.02177851 0.04958416 0.04450767
 0.07789488 0.01635834 0.04450767 0.02103835 0.05689286 0.0352606
 0.01635833]
[0.04249554 0.10649467 0.05992479 0.05811352 0.07121242 0.06742486
 0.11550153 0.03988368 0.05520728 0.02516984 0.06742486 0.03970229
 0.05950038 0.0188027  0.03970229 0.01807461 0.05811352 0.03844849
 0.0188027 ]
[0.0388245  0.09963991 0.05745864 0.06299271 0.07269104 0.05727964
 0.1262527  0.03133489 0.06992693 0.03508481 0.05727964 0.03859853
 0.05633217 0.01913533 0.03859853 0.01987823 0.06299272 0.03656373
 0.01913533]
[0.03558773 0.11755373 0.07650211 0.06048406 0.06568675 0.05041026
 0.08602831 0.03787158 0.06859206 0.02482008 0.05041026 0.04303507
 0.07883611 0.01756392 0.04303507 0.02652896 0.06048407 0.03900598
 0.01756392]
[0.03860576 0.10226891 0.06481218 0.05430318 0.07993133 0.04736078
 0.11736582 0.04683724 0.06822473 0.02175672 0.04736078 0.05280552
 0.08246471 0.0102867  0.05280552 0.01609413 0.05430319 0.03212607
 0.0102867 ]
[0.04335469 0.09713116 0.06387635 0.05972293 0.07298318 0.0631442
 0.0755326  0.04026975 0.04790217 0.02815837 0.0631442  0.0507528
 0.07148805 0.02331113 0.0507528  0.02514027 0.05972294 0.04030127
 0.02331113]
[0.02765966 0.14336273 0.05499431 0.06916589 0.07604236 0.04688611
 0.15174781 0.02673364 0.06081706 0.0188672  0.04688611 0.03572829
 0.08454888 0.00763066 0.03572829 0.01024053 0.06916589 0.02616397
 0.00763066]
[0.02540544 0.12759024 0.07054715 0.05759935 0.08437225 0.05966559
 0.13276942 0.0276213  0.05885414 0.01995059 0.05966559 0.03965595
 0.06443427 0.01499157 0.03965595 0.017442   0.05759935 0.02718827
 0.01499157]
[0.0254285  0.12610616 0.07448626 0.04550264 0.0805098  0.052816
 0.14149588 0.02771189 0.06531832 0.02322345 0.052816   0.04099588
 0.08984415 0.01141731 0.04099588 0.01635006 0.04550264 0.02806183
 0.01141731]
[0.03509161 0.11522879 0.05318236 0.05928843 0.06380503 0.05267679
 0.11793379 0.03202874 0.06131754 0.02228192 0.05267679 0.05464809
 0.07571537 0.01880471 0.05464809 0.01762345 0.05928845 0.03495532
 0.0188047 ]
[0.04335469 0.09713116 0.06387635 0.05972293 0.07298318 0.0631442
 0.0755326  0.04026975 0.04790217 0.02815837 0.0631442  0.0507528
 0.07148805 0.02331113 0.0507528  0.02514027 0.05972294 0.04030127
 0.02331113]
[0.02957707 0.1247519  0.05096494 0.06281912 0.07801198 0.04992923
 0.12707944 0.0244727  0.06217946 0.0209433  0.04992923 0.04429607
 0.09185867 0.01408368 0.04429607 0.01803613 0.06281915 0.02986808
 0.01408368]
[0.04433356 0.1281135  0.05411967 0.06135938 0.06819135 0.05998665
 0.11146631 0.03590038 0.04953264 0.01695085 0.05998665 0.04626375
 0.07791337 0.01229213 0.04626375 0.01842144 0.06135938 0.03525302
 0.01229214]
[0.02997974 0.10798777 0.06058352 0.05880302 0.07044582 0.06123688
 0.11223042 0.04455699 0.05060853 0.01937372 0.06123688 0.06090679
 0.06850684 0.01393985 0.06090679 0.0167182  0.05880303 0.02923542
 0.01393985]
[0.02957707 0.1247519  0.05096494 0.06281912 0.07801198 0.04992923
 0.12707944 0.0244727  0.06217946 0.0209433  0.04992923 0.04429607
 0.09185867 0.01408368 0.04429607 0.01803613 0.06281915 0.02986808
 0.01408368]
[0.03559263 0.10343883 0.05593274 0.05728475 0.06501802 0.05802952
 0.12479238 0.03177105 0.0709261  0.01948479 0.05802952 0.04989553
 0.07254949 0.01730703 0.04989553 0.02387619 0.05728476 0.03158408
 0.01730703]
[0.03558773 0.11755371 0.07650213 0.06048406 0.06568675 0.05041026
 0.08602832 0.03787158 0.06859204 0.02482008 0.05041026 0.04303507
 0.07883611 0.01756392 0.04303507 0.02652896 0.06048406 0.03900597
 0.01756392]
[0.02936893 0.12877621 0.0589112  0.0677428  0.06838401 0.05000139
 0.11238644 0.03189883 0.06524375 0.01934725 0.05000139 0.04847732
 0.0802103  0.01279663 0.04847732 0.01669472 0.06774282 0.03074215
 0.01279663]
[0.02997974 0.10798776 0.06058353 0.05880302 0.07044582 0.06123689
 0.11223041 0.044557   0.05060854 0.01937372 0.06123689 0.0609068
 0.06850682 0.01393985 0.0609068  0.01671821 0.05880303 0.02923543
 0.01393985]]