167167
Test: public void test1() throws Throwable { FileType fileType0 = FileType.FOLDER; FileTypeSelector fileTypeSelector0 = new FileTypeSelector(fileType0); FileObject fileObject0 = mock(FileObject.class, new ViolatedAssumptionAnswer()); doReturn((FileType) null).when(fileObject0).getType(); FileSelectInfo fileSelectInfo0 = mock(FileSelectInfo.class, new ViolatedAssumptionAnswer()); doReturn(fileObject0).when(fileSelectInfo0).getFile(); boolean boolean0 = fileTypeSelector0.includeFile(fileSelectInfo0); }
Code: public boolean includeFile(final FileSelectInfo fileInfo) throws Exception { return fileInfo.getFile().getType() == type; }
[[0.05636314 0.13241982 0.07819809 0.07819809 0.07819809 0.12756798
 0.04753735 0.08331741 0.06303808 0.07819809 0.08657348 0.06458961
 0.02580081]
[0.03893933 0.19427525 0.07386676 0.07386676 0.07386676 0.13467734
 0.04175616 0.10250708 0.06580684 0.07386677 0.05888207 0.04872954
 0.01895937]
[0.04472189 0.16023493 0.07345252 0.07345252 0.07345252 0.14581123
 0.04189059 0.07747832 0.05445358 0.07345252 0.0835339  0.0722073
 0.02585818]
[0.04472189 0.16023493 0.07345252 0.07345252 0.07345252 0.14581123
 0.04189059 0.07747832 0.05445358 0.07345252 0.0835339  0.0722073
 0.02585818]
[0.04472189 0.16023493 0.07345252 0.07345252 0.07345252 0.14581123
 0.04189059 0.07747832 0.05445358 0.07345252 0.0835339  0.0722073
 0.02585818]
[0.03975603 0.17080507 0.0651058  0.0651058  0.0651058  0.18338048
 0.03637253 0.10629676 0.06694347 0.06510581 0.05923946 0.05666281
 0.0201202 ]
[0.04145835 0.18498728 0.0638004  0.0638004  0.0638004  0.14000197
 0.0407312  0.1071342  0.05918655 0.0638004  0.08521722 0.06308763
 0.02299398]
[0.06206399 0.12824297 0.0781469  0.0781469  0.0781469  0.10814175
 0.04420082 0.10687059 0.07050143 0.07814691 0.06477574 0.06606333
 0.03655181]
[0.03938593 0.18096511 0.07484752 0.07484752 0.07484752 0.1371657
 0.03454704 0.0845095  0.05589367 0.07484752 0.07135464 0.0740097
 0.0227787 ]
[0.04472189 0.16023493 0.07345252 0.07345252 0.07345252 0.14581123
 0.04189059 0.07747832 0.05445358 0.07345252 0.0835339  0.0722073
 0.02585818]
[0.03391204 0.23724808 0.04985263 0.04985263 0.04985263 0.15387093
 0.05268615 0.10499053 0.05699979 0.04985263 0.08067259 0.05951378
 0.02069563]
[0.03780812 0.17561033 0.06668382 0.06668382 0.06668382 0.15395766
 0.05130101 0.09085713 0.06003559 0.06668383 0.07847923 0.0613988
 0.02381684]
[0.03828047 0.12511203 0.06924257 0.06924257 0.06924257 0.16019453
 0.04772794 0.11193009 0.08752307 0.06924257 0.06749049 0.06133752
 0.02343362]]