35479
Test: public void test30() throws Throwable { Hours hours0 = Hours.MIN_VALUE; // Undeclared exception!  hours0.plus((-116));   }
Code: public Hours plus(int hours) { if (hours == 0) { return this; } return Hours.hours(FieldUtils.safeAdd(getValue(), hours)); }
[[0.04694743 0.06512495 0.06512495 0.12252118 0.05913922 0.1261922
 0.04676556 0.0750379  0.02550535 0.05913922 0.05124018 0.03965269
 0.01924592 0.05124018 0.06512495 0.06275226 0.01924592]
[0.04251588 0.07191198 0.07191198 0.10396206 0.06214241 0.10326007
 0.04737229 0.08158382 0.03021675 0.06214241 0.05146369 0.04008539
 0.02149729 0.05146369 0.07191198 0.06506108 0.02149729]
[0.04251588 0.07191198 0.07191198 0.10396206 0.06214241 0.10326007
 0.04737229 0.08158382 0.03021675 0.06214241 0.05146369 0.04008539
 0.02149729 0.05146369 0.07191198 0.06506108 0.02149729]
[0.04463615 0.06325108 0.06325108 0.1050387  0.07303026 0.14932047
 0.04258564 0.05891411 0.02183695 0.07303026 0.05202867 0.03029452
 0.01481719 0.05202867 0.06325108 0.0778679  0.01481719]
[0.05022908 0.0696819  0.0696819  0.0749096  0.07205958 0.08765345
 0.05309664 0.05575045 0.03241289 0.07205958 0.05894358 0.040796
 0.02679563 0.05894358 0.0696819  0.0805086  0.02679563]
[0.03170986 0.07603685 0.07603685 0.1170458  0.0607568  0.17658597
 0.02877731 0.06715305 0.02419911 0.0607568  0.04139759 0.02384871
 0.00954211 0.04139759 0.07603685 0.0791767  0.0095421 ]
[0.04478755 0.07715134 0.07715134 0.09422295 0.06631602 0.11247766
 0.04574694 0.06111578 0.0288286  0.06631602 0.06232879 0.03571051
 0.01767647 0.06232879 0.07715134 0.05301342 0.01767647]
[0.03009588 0.05303907 0.05303907 0.11410658 0.06511214 0.1671916
 0.03561974 0.0768227  0.02842487 0.06511214 0.04869583 0.03040475
 0.01392476 0.04869583 0.05303907 0.10275124 0.01392477]
[0.03923015 0.06580226 0.06580226 0.08568107 0.06151348 0.1319792
 0.05587102 0.06763719 0.02551733 0.06151348 0.06134558 0.03562687
 0.02174244 0.06134558 0.06580226 0.07184739 0.02174244]
[0.05022908 0.0696819  0.0696819  0.0749096  0.07205958 0.08765345
 0.05309664 0.05575045 0.03241289 0.07205958 0.05894358 0.040796
 0.02679563 0.05894358 0.0696819  0.0805086  0.02679563]
[0.03300963 0.06853388 0.06853388 0.12736812 0.058949   0.13974673
 0.04626824 0.06734733 0.0245504  0.058949   0.04888339 0.02900731
 0.01643837 0.04888339 0.06853388 0.07855906 0.01643837]
[0.04830914 0.07055019 0.07055019 0.09847577 0.07089958 0.11706354
 0.03855701 0.06361385 0.02819106 0.07089958 0.05892006 0.02940258
 0.01978116 0.05892006 0.07055019 0.06553489 0.01978116]
[0.03527229 0.0684821  0.0684821  0.07312104 0.07610106 0.13293263
 0.03080273 0.05988763 0.02355275 0.07610106 0.07283089 0.03128418
 0.01707769 0.07283089 0.0684821  0.07568111 0.01707769]
[0.03300963 0.06853388 0.06853388 0.12736812 0.058949   0.13974673
 0.04626824 0.06734733 0.0245504  0.058949   0.04888339 0.02900731
 0.01643837 0.04888339 0.06853388 0.07855906 0.01643837]
[0.04251588 0.07191198 0.07191198 0.10396206 0.06214241 0.10326007
 0.04737229 0.08158382 0.03021675 0.06214241 0.05146369 0.04008539
 0.02149729 0.05146369 0.07191198 0.06506108 0.02149729]
[0.04328739 0.06875024 0.06875024 0.09832577 0.06774057 0.1405823
 0.035804   0.07225341 0.02409532 0.06774057 0.05419374 0.03423945
 0.01803443 0.05419374 0.06875024 0.06522416 0.01803443]
[0.03527229 0.0684821  0.0684821  0.07312106 0.07610107 0.13293263
 0.03080272 0.05988763 0.02355276 0.07610107 0.07283089 0.03128417
 0.01707769 0.07283089 0.0684821  0.07568112 0.01707769]]