28858
Test: public void test23() throws Throwable { AffineTransformMatrix2D affineTransformMatrix2D0 = AffineTransformMatrix2D.createRotation(0.0); double double0 = affineTransformMatrix2D0.applyVectorY(0.0, 0.0); }
Code: public double applyVectorY(final double x, final double y) { return Vectors.linearCombination(m10, x, m11, y); }
[[0.05137902 0.08900587 0.07127269 0.08900587 0.06269505 0.04078064
 0.08900587 0.12334208 0.06502462 0.05611439 0.07127269 0.06269506
 0.0712727  0.03600456 0.02112892]
[0.04139547 0.09095395 0.07492289 0.09095395 0.06288397 0.03464314
 0.09095395 0.10969892 0.06906892 0.06206533 0.07492289 0.062884
 0.0749229  0.04126506 0.01846469]
[0.04330961 0.08171506 0.07315671 0.08171506 0.06889332 0.04036474
 0.08171506 0.13361761 0.06384323 0.05243872 0.07315671 0.06889331
 0.07315672 0.04198058 0.02204351]
[0.04139547 0.09095395 0.07492289 0.09095395 0.06288397 0.03464314
 0.09095395 0.10969892 0.06906892 0.06206533 0.07492289 0.062884
 0.0749229  0.04126506 0.01846469]
[0.052313   0.06816159 0.08007839 0.06816159 0.05904154 0.04517382
 0.06816159 0.11218535 0.07679591 0.07328336 0.08007839 0.05904155
 0.0800784  0.05797501 0.01947051]
[0.0465434  0.09200823 0.07607798 0.09200823 0.06127948 0.03035254
 0.09200823 0.10212901 0.07216436 0.06750219 0.07607798 0.06127946
 0.07607799 0.03991516 0.01457578]
[0.04139547 0.09095395 0.07492289 0.09095395 0.06288397 0.03464314
 0.09095395 0.10969892 0.06906892 0.06206533 0.07492289 0.062884
 0.0749229  0.04126506 0.01846469]
[0.05075532 0.07236825 0.07402948 0.07236825 0.06354693 0.04945641
 0.07236825 0.1413659  0.06414868 0.06516673 0.07402948 0.06354694
 0.07402949 0.04319089 0.01962899]
[0.05310281 0.07204399 0.07034909 0.07204399 0.06592284 0.05207036
 0.07204399 0.11035582 0.08362497 0.06134328 0.07034909 0.06592283
 0.0703491  0.05071225 0.02976551]
[0.03616585 0.08074911 0.07648367 0.08074911 0.0778368  0.0320418
 0.08074911 0.13387534 0.06172618 0.05404803 0.07648367 0.07783678
 0.07648368 0.03739917 0.01737165]
[0.04330961 0.08171506 0.07315671 0.08171506 0.06889332 0.04036474
 0.08171506 0.13361761 0.06384323 0.05243872 0.07315671 0.06889331
 0.07315672 0.04198058 0.02204351]
[0.052313   0.06816159 0.08007839 0.06816159 0.05904154 0.04517382
 0.06816159 0.11218535 0.07679591 0.07328336 0.08007839 0.05904155
 0.0800784  0.05797501 0.01947051]
[0.04330962 0.08171505 0.07315671 0.08171505 0.06889333 0.04036474
 0.08171505 0.13361764 0.06384325 0.05243873 0.07315671 0.06889333
 0.07315672 0.04198058 0.02204351]
[0.05192439 0.09074637 0.0721081  0.09074637 0.04813325 0.04364014
 0.09074637 0.1109007  0.09258522 0.05863522 0.0721081  0.04813325
 0.07210812 0.03594834 0.0215361 ]
[0.03720308 0.07932356 0.07196157 0.07932356 0.06419751 0.0325583
 0.07932356 0.13113612 0.08182161 0.07726707 0.07196157 0.06419751
 0.0719616  0.03949126 0.01827216]]