29621
Test: public void test9() throws Throwable { Charset charset0 = Charset.defaultCharset(); DataInputStream dataInputStream0 = new DataInputStream((InputStream) null); StreamGeometryInput streamGeometryInput0 = new StreamGeometryInput(dataInputStream0); BufferedReader bufferedReader0 = GeometryIOUtils.createBufferedReader(streamGeometryInput0, charset0); }
Code: public static BufferedReader createBufferedReader(final GeometryInput input, final Charset defaultCharset) { final Charset charset = input.getCharset() != null ? input.getCharset() : defaultCharset; return new BufferedReader(new InputStreamReader(input.getInputStream(), charset)); }
[[0.02721758 0.08221153 0.0372057  0.03775831 0.03775831 0.11192529
 0.02191081 0.03901314 0.03775831 0.03677911 0.02191081 0.03901314
 0.04163165 0.01715702 0.03775831 0.01492048 0.03090831 0.04795501
 0.03775831 0.02531767 0.03515755 0.03001422 0.01369367 0.05004591
 0.03775831 0.03775831 0.01170328]
[0.02943271 0.07918134 0.02927135 0.0395743  0.0395743  0.08306677
 0.02177759 0.03995632 0.0395743  0.05307244 0.02177759 0.03995632
 0.04611439 0.01905935 0.0395743  0.01974384 0.02748686 0.04594294
 0.0395743  0.02626185 0.03459051 0.02793478 0.0127569  0.05125665
 0.0395743  0.0395743  0.01433941]
[0.02548907 0.07353323 0.03110828 0.03851213 0.03851213 0.08077201
 0.0234273  0.05234351 0.03851213 0.05181622 0.0234273  0.05234351
 0.03841371 0.0227631  0.03851213 0.01951382 0.0247196  0.04801595
 0.03851213 0.0208056  0.03648422 0.03730515 0.01460476 0.04232363
 0.03851213 0.03851213 0.01120513]
[0.02310694 0.08191784 0.03491344 0.03830027 0.03830027 0.10746165
 0.02271828 0.04379223 0.03830027 0.03810339 0.02271828 0.04379223
 0.03448031 0.02514769 0.03830027 0.01548663 0.02508994 0.05236048
 0.03830027 0.02227785 0.03349332 0.02808424 0.01769358 0.04641607
 0.03830028 0.03830028 0.01284374]
[0.02310694 0.08191784 0.03491344 0.03830027 0.03830027 0.10746165
 0.02271828 0.04379223 0.03830027 0.03810339 0.02271828 0.04379223
 0.03448031 0.02514769 0.03830027 0.01548663 0.02508994 0.05236048
 0.03830027 0.02227785 0.03349332 0.02808424 0.01769358 0.04641607
 0.03830028 0.03830028 0.01284374]
[0.02383848 0.08554475 0.04228577 0.03166836 0.03166836 0.1174736
 0.01951803 0.04618178 0.03166836 0.04085227 0.01951803 0.04618178
 0.0499628  0.02047995 0.03166836 0.01553829 0.02979853 0.060313
 0.03166836 0.0248836  0.03989926 0.03504594 0.0135882  0.03528974
 0.03166836 0.03166836 0.01212773]
[0.02635256 0.07871363 0.03848828 0.03947904 0.03947904 0.10213012
 0.01778244 0.05485317 0.03947904 0.04646115 0.01778244 0.05485317
 0.03173677 0.02036887 0.03947904 0.01237813 0.0213209  0.04599275
 0.03947904 0.02101634 0.03321822 0.03837264 0.01163168 0.04112706
 0.03947905 0.03947905 0.00906634]
[0.02328456 0.09383763 0.04167369 0.04043917 0.04043917 0.09729584
 0.02075565 0.04144731 0.04043917 0.04583348 0.02075565 0.04144731
 0.03057516 0.01995152 0.04043917 0.01239333 0.03006254 0.04844831
 0.04043917 0.01795488 0.03139877 0.03356866 0.01243668 0.04245577
 0.04043917 0.04043917 0.01134904]
[0.02310694 0.08191784 0.03491344 0.03830027 0.03830027 0.10746165
 0.02271828 0.04379223 0.03830027 0.03810339 0.02271828 0.04379223
 0.03448031 0.02514769 0.03830027 0.01548663 0.02508994 0.05236048
 0.03830027 0.02227785 0.03349332 0.02808424 0.01769358 0.04641607
 0.03830028 0.03830028 0.01284374]
[0.03032191 0.07218776 0.03977335 0.03923702 0.03923702 0.084536
 0.02981541 0.03779397 0.03923702 0.04984114 0.02981541 0.03779397
 0.03633209 0.0252925  0.03923702 0.02168131 0.02454842 0.038727
 0.03923702 0.02501801 0.03222497 0.03475399 0.01676009 0.0407237
 0.03923703 0.03923703 0.01739989]
[0.02635256 0.07871363 0.03848828 0.03947904 0.03947904 0.10213012
 0.01778244 0.05485317 0.03947904 0.04646115 0.01778244 0.05485317
 0.03173677 0.02036887 0.03947904 0.01237813 0.0213209  0.04599275
 0.03947904 0.02101634 0.03321822 0.03837264 0.01163168 0.04112706
 0.03947905 0.03947905 0.00906634]
[0.02328456 0.09383763 0.04167369 0.04043917 0.04043917 0.09729584
 0.02075565 0.04144731 0.04043917 0.04583348 0.02075565 0.04144731
 0.03057516 0.01995152 0.04043917 0.01239333 0.03006254 0.04844831
 0.04043917 0.01795488 0.03139877 0.03356866 0.01243668 0.04245577
 0.04043917 0.04043917 0.01134904]
[0.01908679 0.08875761 0.03169288 0.03771885 0.03771885 0.1271886
 0.01899167 0.04350111 0.03771885 0.04641899 0.01899167 0.04350111
 0.035752   0.01819718 0.03771885 0.00834009 0.02672476 0.05478332
 0.03771885 0.01983384 0.03892055 0.03389177 0.01093142 0.04210117
 0.03771885 0.03771885 0.0083615 ]
[0.03113071 0.07455489 0.03737866 0.04405695 0.04405695 0.06161372
 0.02619287 0.0355641  0.04405695 0.03429443 0.02619287 0.0355641
 0.0423655  0.02556172 0.04405695 0.02590585 0.02562376 0.04329429
 0.04405695 0.02619716 0.03830627 0.03400568 0.01460106 0.03820498
 0.04405696 0.04405696 0.01504874]
[0.02310694 0.08191784 0.03491344 0.03830027 0.03830027 0.10746165
 0.02271828 0.04379223 0.03830027 0.03810339 0.02271828 0.04379223
 0.03448031 0.02514769 0.03830027 0.01548663 0.02508994 0.05236048
 0.03830027 0.02227785 0.03349332 0.02808424 0.01769358 0.04641607
 0.03830028 0.03830028 0.01284374]
[0.02097391 0.12691216 0.03172107 0.0365543  0.0365543  0.10736643
 0.02229944 0.03840794 0.0365543  0.04552586 0.02229944 0.03840794
 0.03976864 0.0170772  0.0365543  0.00864263 0.02230538 0.06191869
 0.0365543  0.01272371 0.03586378 0.02853113 0.00963935 0.04546805
 0.0365543  0.0365543  0.00826714]
[0.02497698 0.06980055 0.04422657 0.03812826 0.03812826 0.1045144
 0.0197526  0.03753513 0.03812826 0.05646515 0.0197526  0.03753513
 0.03608161 0.02178094 0.03812826 0.01378995 0.02314461 0.05574757
 0.03812826 0.01992272 0.0415874  0.04021222 0.01725009 0.04031818
 0.03812826 0.03812826 0.00870774]
[0.02425479 0.0750659  0.03469244 0.03814402 0.03814402 0.10937174
 0.01829519 0.0482413  0.03814402 0.05610082 0.01829519 0.0482413
 0.04217598 0.01526583 0.03814402 0.01452983 0.02368087 0.05475879
 0.03814402 0.02425415 0.03719327 0.03314454 0.01081538 0.03392762
 0.03814403 0.03814403 0.01068696]
[0.02310694 0.08191784 0.03491344 0.03830027 0.03830027 0.10746165
 0.02271828 0.04379223 0.03830027 0.03810339 0.02271828 0.04379223
 0.03448031 0.02514769 0.03830027 0.01548663 0.02508994 0.05236048
 0.03830027 0.02227785 0.03349332 0.02808424 0.01769358 0.04641607
 0.03830028 0.03830028 0.01284374]
[0.0288078  0.07869879 0.03895701 0.03528266 0.03528266 0.09369285
 0.02084977 0.04772606 0.03528266 0.04366262 0.02084977 0.04772606
 0.03462424 0.02210134 0.03528266 0.01821131 0.02948838 0.06608045
 0.03528266 0.01963684 0.03607133 0.0363146  0.01458881 0.03971468
 0.03528266 0.03528266 0.01521868]
[0.02576017 0.06915234 0.03864016 0.03898615 0.03898615 0.10240787
 0.01987498 0.04382738 0.03898615 0.04457185 0.01987498 0.04382738
 0.03609692 0.01995288 0.03898615 0.01556657 0.02564387 0.05907162
 0.03898615 0.01897733 0.03899024 0.03548874 0.01430638 0.04380977
 0.03898616 0.03898616 0.01125551]
[0.01889591 0.08698578 0.03087323 0.0378426  0.0378426  0.13090251
 0.01731346 0.05437636 0.0378426  0.03658688 0.01731346 0.05437636
 0.03367908 0.01845198 0.0378426  0.01160947 0.02398951 0.05344559
 0.0378426  0.01747656 0.03047847 0.02749485 0.01127798 0.04952966
 0.03784261 0.03784261 0.01004462]
[0.02476401 0.07417237 0.03129597 0.03804866 0.03804866 0.09705633
 0.0198677  0.04452634 0.03804866 0.04467955 0.0198677  0.04452634
 0.03106806 0.01982778 0.03804866 0.01601093 0.02999417 0.04966868
 0.03804866 0.02864543 0.0380646  0.03483565 0.01611741 0.0556845
 0.03804867 0.03804867 0.01298581]
[0.02534751 0.08663175 0.02842508 0.04257455 0.04257455 0.11281806
 0.02192542 0.04021343 0.04257455 0.03997159 0.02192542 0.04021343
 0.04093647 0.01696282 0.04257455 0.01320686 0.02509874 0.04783731
 0.04257455 0.01968302 0.03443077 0.0317615  0.01151333 0.03417412
 0.04257456 0.04257456 0.0089015 ]
[0.02310694 0.08191784 0.03491344 0.03830028 0.03830028 0.10746164
 0.02271828 0.04379222 0.03830028 0.03810339 0.02271828 0.04379222
 0.03448031 0.02514769 0.03830028 0.01548663 0.02508994 0.05236048
 0.03830028 0.02227785 0.03349331 0.02808424 0.01769358 0.04641606
 0.03830028 0.03830028 0.01284375]
[0.02310694 0.08191784 0.03491344 0.03830028 0.03830028 0.10746164
 0.02271828 0.04379222 0.03830028 0.03810339 0.02271828 0.04379222
 0.03448031 0.02514769 0.03830028 0.01548663 0.02508994 0.05236048
 0.03830028 0.02227785 0.03349331 0.02808424 0.01769358 0.04641606
 0.03830028 0.03830028 0.01284375]
[0.02066783 0.08777285 0.04047276 0.03855225 0.03855225 0.1024579
 0.01872427 0.03677295 0.03855225 0.05368705 0.01872427 0.03677295
 0.04156293 0.0187511  0.03855225 0.01516214 0.02341434 0.05163372
 0.03855225 0.01948904 0.04051021 0.04530454 0.01158672 0.03514097
 0.03855226 0.03855226 0.01152561]]