167969
Test: public void test16() throws Throwable { // Undeclared exception!  FileObjectUtils.getContentAsByteArray((FileObject) null);   }
Code: public static byte[] getContentAsByteArray(final FileObject file) throws IOException { try (final FileContent content = file.getContent()) { return content.getByteArray(); } }
[[0.03929224 0.11375587 0.05762057 0.0545065  0.0545065  0.05368614
 0.0946404  0.01976965 0.05027573 0.07310258 0.03723495 0.0545065
 0.03768724 0.02458847 0.0545065  0.05027573 0.04298131 0.05450651
 0.01627829 0.01627829]
[0.04021151 0.1045511  0.04776324 0.0545191  0.0545191  0.04947181
 0.0828096  0.02314645 0.06824429 0.0627581  0.03117243 0.0545191
 0.04772384 0.02601513 0.0545191  0.06824429 0.03787283 0.05451909
 0.01870994 0.01870994]
[0.03751896 0.11028328 0.047322   0.05012375 0.05012375 0.0666112
 0.11769307 0.0212467  0.04795872 0.06720698 0.03144444 0.05012375
 0.04714748 0.02709949 0.05012375 0.04795872 0.05194119 0.05012376
 0.0139745  0.0139745 ]
[0.03266519 0.11075507 0.05672762 0.05502073 0.05502073 0.05005997
 0.10536918 0.02139002 0.04901397 0.05855531 0.03542913 0.05502073
 0.04811294 0.03451727 0.05502073 0.04901397 0.03957333 0.05502072
 0.0168567  0.0168567 ]
[0.03266519 0.11075507 0.05672762 0.05502073 0.05502073 0.05005997
 0.10536918 0.02139002 0.04901397 0.05855531 0.03542913 0.05502073
 0.04811294 0.03451727 0.05502073 0.04901397 0.03957333 0.05502072
 0.0168567  0.0168567 ]
[0.03150039 0.12221255 0.04027949 0.0566624  0.0566624  0.04884812
 0.09610566 0.02306204 0.05608786 0.06547978 0.03700565 0.0566624
 0.03695404 0.0277741  0.0566624  0.05608786 0.04282589 0.05666241
 0.01623227 0.01623227]
[0.02886654 0.10076588 0.05035165 0.05201553 0.05201553 0.04773217
 0.14503744 0.01756273 0.06544002 0.05895841 0.02656541 0.05201553
 0.03541584 0.02525422 0.05201553 0.06544002 0.04641096 0.05201554
 0.01306051 0.01306051]
[0.03121359 0.11071739 0.04206306 0.05970651 0.05970651 0.05986591
 0.12152727 0.01646753 0.05072927 0.05873553 0.02794524 0.05970651
 0.04105693 0.02409668 0.05970651 0.05072927 0.04397414 0.05970651
 0.0111728  0.0111728 ]
[0.04135682 0.09501769 0.05437962 0.05556455 0.05556455 0.04820948
 0.0737891  0.02726088 0.06338732 0.04541769 0.0393955  0.05556455
 0.04259341 0.03428921 0.05556455 0.06338732 0.04800198 0.05556455
 0.0228456  0.0228456 ]
[0.03168278 0.12436423 0.04575286 0.05204283 0.05204283 0.06174579
 0.13446803 0.01696599 0.04924359 0.06071629 0.02878798 0.05204283
 0.03590946 0.02787769 0.05204283 0.04924359 0.04642659 0.05204283
 0.01330048 0.01330048]
[0.03458028 0.09106318 0.04463751 0.05684251 0.05684251 0.07098654
 0.08732614 0.023915   0.05772527 0.06254867 0.03319138 0.05684251
 0.0447368  0.02320414 0.05684251 0.05772527 0.05441437 0.0568425
 0.01486645 0.01486645]
[0.03266519 0.11075507 0.05672762 0.05502073 0.05502073 0.05005997
 0.10536918 0.02139002 0.04901397 0.05855531 0.03542913 0.05502073
 0.04811294 0.03451727 0.05502073 0.04901397 0.03957333 0.05502072
 0.0168567  0.0168567 ]
[0.02897827 0.12184091 0.05731329 0.05185815 0.05185815 0.04882216
 0.09925893 0.0179145  0.06964847 0.06385089 0.02970649 0.05185815
 0.04102632 0.02490399 0.05185815 0.06964847 0.04610632 0.05185814
 0.01084515 0.01084515]
[0.04463032 0.10326293 0.03307525 0.06320983 0.06320983 0.05864225
 0.06718971 0.02752258 0.04746131 0.05193739 0.03901581 0.06320983
 0.03684072 0.03615562 0.06320983 0.04746131 0.0484286  0.06320983
 0.02116352 0.02116352]
[0.03266519 0.11075507 0.05672762 0.05502073 0.05502073 0.05005997
 0.10536918 0.02139002 0.04901397 0.05855531 0.03542913 0.05502073
 0.04811294 0.03451727 0.05502073 0.04901397 0.03957333 0.05502072
 0.0168567  0.0168567 ]
[0.04135682 0.09501769 0.05437962 0.05556455 0.05556455 0.04820948
 0.0737891  0.02726088 0.06338732 0.04541769 0.0393955  0.05556455
 0.04259341 0.03428921 0.05556455 0.06338732 0.04800198 0.05556455
 0.0228456  0.0228456 ]
[0.02806574 0.12403147 0.05033923 0.05783146 0.05783146 0.05524125
 0.11031095 0.02052474 0.05101667 0.05588733 0.02803615 0.05783146
 0.03940746 0.02720359 0.05783146 0.05101667 0.04140821 0.05783146
 0.01417657 0.01417657]
[0.03266519 0.11075507 0.05672762 0.05502073 0.05502073 0.05005997
 0.10536918 0.02139002 0.04901397 0.05855531 0.03542913 0.05502073
 0.04811294 0.03451727 0.05502073 0.04901397 0.03957333 0.05502072
 0.0168567  0.0168567 ]
[0.02749232 0.11118744 0.03350176 0.05211198 0.05211198 0.04798765
 0.11608892 0.02125927 0.06662197 0.06279725 0.03626736 0.05211198
 0.03725132 0.02442214 0.05211198 0.06662197 0.0588787  0.05211198
 0.01453103 0.01453103]
[0.02749232 0.11118744 0.03350176 0.05211198 0.05211198 0.04798765
 0.11608892 0.02125927 0.06662197 0.06279725 0.03626736 0.05211198
 0.03725132 0.02442214 0.05211198 0.06662197 0.0588787  0.05211198
 0.01453103 0.01453103]]