13925
Test: public void test50() throws Throwable { // Undeclared exception!  FieldUtils.readField((Field) null, (Object) null);   }
Code: public static Object readField(final Field field, final Object target) throws IllegalAccessException { return readField(field, target, false); }
[[0.04099303 0.11786872 0.03158487 0.05686541 0.08249421 0.04756059
 0.03255123 0.03158487 0.10993697 0.09907642 0.05686541 0.05198776
 0.04478445 0.05686541 0.05331708 0.06878234 0.01688135]
[0.04407585 0.11255605 0.02983183 0.06001287 0.08506514 0.03621294
 0.03169504 0.02983183 0.09668154 0.09050065 0.06001287 0.07240187
 0.04134794 0.06001287 0.05161557 0.07813307 0.02001206]
[0.03739154 0.10905205 0.02626371 0.04930219 0.09701673 0.03302535
 0.02678847 0.02626371 0.1244146  0.12719344 0.04930219 0.07495212
 0.04579395 0.04930219 0.049273   0.06059665 0.01406815]
[0.03449273 0.11649865 0.02638593 0.05817774 0.08404903 0.03486791
 0.03228631 0.02638593 0.10567749 0.11119932 0.05817774 0.05132098
 0.04177589 0.05817774 0.05945152 0.08339185 0.01768317]
[0.03721037 0.10699977 0.02333651 0.06377381 0.08002198 0.03708004
 0.03182181 0.02333651 0.09998912 0.12384634 0.06377381 0.05415582
 0.04552573 0.06377381 0.04550179 0.08324935 0.01660349]
[0.03755281 0.11489942 0.02791057 0.06048941 0.08948389 0.04518874
 0.03329114 0.02791057 0.10427582 0.09581327 0.06048941 0.05715471
 0.04684822 0.06048941 0.05016727 0.07029001 0.01774535]
[0.03820069 0.11324198 0.02792859 0.05907152 0.08300265 0.04404946
 0.02547148 0.02792859 0.10914365 0.10052323 0.05907152 0.06447924
 0.0555464  0.05907152 0.0502204  0.07032354 0.01272562]
[0.03739154 0.10905205 0.02626371 0.04930219 0.09701673 0.03302535
 0.02678847 0.02626371 0.1244146  0.12719344 0.04930219 0.07495212
 0.04579395 0.04930219 0.049273   0.06059665 0.01406815]
[0.03110311 0.1135447  0.02788283 0.06358323 0.10486107 0.03321195
 0.02722403 0.02788283 0.08216348 0.11366906 0.06358323 0.05616016
 0.04879691 0.06358323 0.04767892 0.08578088 0.00929037]
[0.02794954 0.09861799 0.0257972  0.0497452  0.10220722 0.03109383
 0.02269586 0.0257972  0.14243616 0.13888133 0.0497452  0.06489103
 0.04522277 0.0497452  0.04407757 0.06824934 0.01284739]
[0.03449273 0.11649865 0.02638593 0.05817774 0.08404903 0.03486791
 0.03228631 0.02638593 0.10567749 0.11119932 0.05817774 0.05132098
 0.04177589 0.05817774 0.05945152 0.08339185 0.01768317]
[0.04531042 0.10361645 0.0269821  0.06116483 0.08110037 0.03762786
 0.04432807 0.0269821  0.09478338 0.08098593 0.06116483 0.06880017
 0.05267536 0.06116483 0.05267951 0.07572908 0.0249047 ]
[0.02852748 0.12676114 0.0267632  0.05856627 0.07752948 0.04123786
 0.0257509  0.0267632  0.12465031 0.1115202  0.05856627 0.05229946
 0.04201337 0.05856627 0.06003179 0.06594392 0.01450883]
[0.03449273 0.11649865 0.02638593 0.05817774 0.08404903 0.03486791
 0.03228631 0.02638593 0.10567749 0.11119932 0.05817774 0.05132098
 0.04177589 0.05817774 0.05945152 0.08339185 0.01768317]
[0.03030695 0.12452007 0.02897163 0.0542638  0.08673058 0.04417097
 0.0324633  0.02897163 0.08378262 0.12462744 0.0542638  0.06404065
 0.05519763 0.0542638  0.0437568  0.07726387 0.01240446]
[0.04106632 0.09246534 0.02369241 0.06310128 0.08186332 0.03661815
 0.02889864 0.02369241 0.11658473 0.1068968  0.06310128 0.06426852
 0.0450991  0.06310128 0.05163129 0.08104634 0.01687275]
[0.02948898 0.11718537 0.02934509 0.05620622 0.10052428 0.03208909
 0.02617992 0.02934509 0.08156203 0.12465508 0.05620622 0.06967262
 0.06263802 0.05620622 0.04692689 0.06648108 0.0152878 ]]