40654
Test: public void test65() throws Throwable { FileSystemHandling.shouldThrowIOException((EvoSuiteFile) null); StringWriter stringWriter0 = new StringWriter(); FormatUtils.createErrorMessage("", 34); StringBuffer stringBuffer0 = new StringBuffer((CharSequence) "Invalid format: \"\" is too short"); StringWriter stringWriter1 = stringWriter0.append((CharSequence) stringBuffer0); StringBuffer stringBuffer1 = stringWriter1.getBuffer(); FormatUtils.appendUnpaddedInteger(stringBuffer1, 39); }
Code: public static void appendUnpaddedInteger(StringBuffer buf, int value) { try { appendUnpaddedInteger((Appendable) buf, value); } catch (IOException e) { // StringBuffer do not throw IOException } }
[[0.02707354 0.08766045 0.02237864 0.0375617  0.07603976 0.01636224
 0.03011604 0.03995166 0.04692984 0.03995166 0.0375617  0.07603976
 0.06696443 0.01237807 0.02723134 0.05505924 0.06814781 0.03995166
 0.0375617  0.01504365 0.04587122 0.02734973 0.02707366 0.01498443
 0.01237807 0.01237807]
[0.02657601 0.07559096 0.01858549 0.03522313 0.09232804 0.01329752
 0.02388183 0.05273443 0.03898888 0.05273443 0.03522313 0.09232804
 0.04982544 0.01394186 0.02722895 0.04835812 0.06156776 0.05273443
 0.03522313 0.01872277 0.04533728 0.02172717 0.02327822 0.01667924
 0.01394186 0.01394186]
[0.02002971 0.0819113  0.01907575 0.03655933 0.10563925 0.01012458
 0.02545257 0.04221381 0.03269675 0.04221381 0.03655933 0.10563925
 0.05575282 0.01254638 0.01953456 0.04177032 0.07158455 0.04221381
 0.03655933 0.0198107  0.05961759 0.02007544 0.02440678 0.01291945
 0.01254638 0.01254638]
[0.0226127  0.08337891 0.02170732 0.03692256 0.08337067 0.01421753
 0.03259682 0.04037603 0.03749567 0.04037603 0.03692256 0.08337067
 0.06065568 0.01339641 0.02455651 0.05739864 0.06318833 0.04037603
 0.03692256 0.01893552 0.06094159 0.02000659 0.02680459 0.0166772
 0.01339641 0.01339641]
[0.02515754 0.09501541 0.01829873 0.03795569 0.08284611 0.01234792
 0.02971204 0.04727424 0.04845113 0.04727424 0.03795569 0.08284611
 0.05226592 0.00890839 0.02267024 0.07337181 0.04946203 0.04727424
 0.03795569 0.01817716 0.05042012 0.01798065 0.0196545  0.01890772
 0.00890839 0.00890839]
[0.01657145 0.11503771 0.01536661 0.04030775 0.1052664  0.01105522
 0.03525805 0.04272248 0.03583322 0.04272248 0.04030775 0.1052664
 0.05631867 0.00868367 0.01979544 0.0507223  0.05276623 0.04272248
 0.04030775 0.01784362 0.03671964 0.01423461 0.02265546 0.01414728
 0.00868367 0.00868367]
[0.02466518 0.08864865 0.01916668 0.03430399 0.09062853 0.01063067
 0.02602891 0.04789103 0.03754063 0.04789103 0.03430399 0.09062853
 0.05285774 0.01122079 0.02485611 0.05753014 0.06567621 0.04789103
 0.03430399 0.01790687 0.05262401 0.01975445 0.02545717 0.01515207
 0.01122079 0.01122079]
[0.03021144 0.07137256 0.02639368 0.03942277 0.07531708 0.01443513
 0.03232232 0.04892259 0.0322303  0.04892259 0.03942277 0.07531708
 0.04368869 0.01719423 0.03171107 0.04294946 0.05448204 0.04892259
 0.03942277 0.02576564 0.05125974 0.02794847 0.02762681 0.02034976
 0.01719423 0.01719423]
[0.02068772 0.09257136 0.01694096 0.03123989 0.12314171 0.00988257
 0.02387762 0.03934217 0.03642425 0.03934217 0.03123989 0.12314171
 0.07009425 0.00986765 0.02051629 0.04913973 0.0594882  0.03934217
 0.03123989 0.01383303 0.04710734 0.01428299 0.02496701 0.01255412
 0.00986765 0.00986765]
[0.03021144 0.07137256 0.02639368 0.03942277 0.07531708 0.01443513
 0.03232232 0.04892259 0.0322303  0.04892259 0.03942277 0.07531708
 0.04368869 0.01719423 0.03171107 0.04294946 0.05448204 0.04892259
 0.03942277 0.02576564 0.05125974 0.02794847 0.02762681 0.02034976
 0.01719423 0.01719423]
[0.0226127  0.08337891 0.02170732 0.03692256 0.08337067 0.01421753
 0.03259682 0.04037603 0.03749567 0.04037603 0.03692256 0.08337067
 0.06065568 0.01339641 0.02455651 0.05739864 0.06318833 0.04037603
 0.03692256 0.01893552 0.06094159 0.02000659 0.02680459 0.0166772
 0.01339641 0.01339641]
[0.02515754 0.09501541 0.01829873 0.03795569 0.08284611 0.01234792
 0.02971204 0.04727424 0.04845113 0.04727424 0.03795569 0.08284611
 0.05226592 0.00890839 0.02267024 0.07337181 0.04946203 0.04727424
 0.03795569 0.01817716 0.05042012 0.01798065 0.0196545  0.01890772
 0.00890839 0.00890839]
[0.0253781  0.08394112 0.02730979 0.03380368 0.07879805 0.0126016
 0.03022582 0.04902496 0.0425498  0.04902496 0.03380368 0.07879805
 0.06175535 0.01054817 0.023674   0.06194746 0.06225954 0.04902496
 0.03380368 0.01755668 0.04837548 0.02191501 0.02802389 0.01475976
 0.01054817 0.01054817]
[0.0204463  0.08887095 0.01919424 0.03783517 0.08087107 0.01537792
 0.02395569 0.05486651 0.04590286 0.05486651 0.03783517 0.08087107
 0.04574818 0.01169514 0.01845482 0.0525462  0.05318691 0.05486651
 0.03783517 0.02288787 0.05071871 0.02252407 0.02840774 0.01684491
 0.01169514 0.01169514]
[0.01832925 0.1027995  0.01497957 0.03210795 0.1069365  0.01087269
 0.02667174 0.0477442  0.03636201 0.0477442  0.03210795 0.1069365
 0.06070014 0.00996884 0.02149481 0.04592669 0.05783487 0.0477442
 0.03210795 0.01587347 0.05172494 0.01495668 0.02164033 0.01649738
 0.00996884 0.00996884]
[0.02795924 0.08317658 0.02137998 0.0346408  0.10244612 0.01150927
 0.03117589 0.04741636 0.03529921 0.04741636 0.0346408  0.10244612
 0.04944384 0.00975761 0.02220102 0.04973907 0.06201702 0.04741636
 0.0346408  0.01744766 0.04328031 0.02412966 0.02495211 0.01595267
 0.00975761 0.00975761]
[0.02288296 0.08276252 0.01743369 0.03464902 0.10200573 0.01676477
 0.02740145 0.04178829 0.04196832 0.04178829 0.03464902 0.10200573
 0.05609978 0.01558738 0.02293361 0.03887169 0.05695027 0.04178829
 0.03464902 0.01732155 0.05337243 0.02140286 0.02531468 0.01843398
 0.01558738 0.01558738]
[0.03021144 0.07137256 0.02639368 0.03942277 0.07531708 0.01443513
 0.03232232 0.04892259 0.0322303  0.04892259 0.03942277 0.07531708
 0.04368869 0.01719423 0.03171107 0.04294946 0.05448204 0.04892259
 0.03942277 0.02576564 0.05125974 0.02794847 0.02762681 0.02034976
 0.01719423 0.01719423]
[0.0226127  0.08337891 0.02170732 0.03692256 0.08337067 0.01421753
 0.03259682 0.04037603 0.03749567 0.04037603 0.03692256 0.08337067
 0.06065568 0.01339641 0.02455651 0.05739864 0.06318833 0.04037603
 0.03692256 0.01893552 0.06094159 0.02000659 0.02680459 0.0166772
 0.01339641 0.01339641]
[0.02368677 0.08018859 0.02329264 0.04185851 0.08351041 0.01363816
 0.03065234 0.03710412 0.04548347 0.03710412 0.04185851 0.08351041
 0.05349325 0.01108058 0.02642015 0.05249867 0.06496672 0.03710412
 0.04185851 0.02094001 0.05843852 0.0206527  0.026159   0.02233854
 0.01108058 0.01108058]
[0.02199651 0.09597912 0.02012307 0.03586537 0.1037208  0.012076
 0.03134362 0.04526731 0.04095096 0.04526731 0.03586537 0.1037208
 0.04756165 0.0070582  0.02291266 0.05043543 0.05483528 0.04526731
 0.03586537 0.01799975 0.05074505 0.02459717 0.02338086 0.01304862
 0.0070582  0.0070582 ]
[0.01940891 0.08912091 0.02021695 0.03247058 0.09602886 0.01413611
 0.03729885 0.0461574  0.03779435 0.0461574  0.03247058 0.09602886
 0.05879287 0.01224375 0.0247242  0.04705026 0.05834769 0.0461574
 0.03247058 0.01804972 0.04668643 0.01997558 0.02591196 0.01781234
 0.01224375 0.01224375]
[0.01935491 0.08316748 0.01685832 0.03043001 0.12248709 0.0105868
 0.02529253 0.05812272 0.03434089 0.05812272 0.03043001 0.12248709
 0.04874693 0.00891643 0.01744856 0.03954814 0.04670935 0.05812272
 0.03043001 0.01841    0.04664292 0.01884792 0.02346043 0.01320322
 0.00891643 0.00891643]
[0.02355251 0.09369311 0.01876933 0.04467809 0.07789252 0.01295817
 0.03099318 0.0440523  0.04432289 0.0440523  0.04467809 0.07789252
 0.05797876 0.00921047 0.01908742 0.06116848 0.06191193 0.0440523
 0.04467809 0.02227749 0.04610466 0.01985667 0.02394492 0.01377276
 0.00921047 0.00921047]
[0.0204463  0.08887093 0.01919424 0.03783517 0.08087108 0.01537791
 0.02395568 0.05486651 0.04590286 0.05486651 0.03783517 0.08087108
 0.04574819 0.01169514 0.01845482 0.05254621 0.0531869  0.05486651
 0.03783517 0.02288787 0.0507187  0.02252407 0.02840774 0.01684491
 0.01169514 0.01169514]
[0.0204463  0.08887093 0.01919424 0.03783517 0.08087108 0.01537791
 0.02395568 0.05486651 0.04590286 0.05486651 0.03783517 0.08087108
 0.04574819 0.01169514 0.01845482 0.05254621 0.0531869  0.05486651
 0.03783517 0.02288787 0.0507187  0.02252407 0.02840774 0.01684491
 0.01169514 0.01169514]]