9876
Test: public void test7() throws Throwable { // Undeclared exception!  EnumUtils.isValidEnumIgnoreCase((Class<ClassUtils.Interfaces>) null, "7i0z!eszUt[5:T1e(");   }
Code: public static <E extends Enum<E>> boolean isValidEnumIgnoreCase(final Class<E> enumClass, final String enumName) { return getEnumIgnoreCase(enumClass, enumName) != null; }
[[0.04105306 0.11279295 0.05694582 0.0255464  0.05694582 0.10801795
 0.05694582 0.05694582 0.04730593 0.03220285 0.05351159 0.03819169
 0.04906044 0.04447909 0.05694582 0.03819169 0.0216871  0.08698119
 0.01624893]
[0.03828669 0.09879163 0.05200346 0.02354034 0.05200346 0.11973792
 0.05200346 0.05200346 0.06326    0.02768736 0.05842412 0.037517
 0.06409031 0.03599916 0.05200346 0.037517   0.02457005 0.09293008
 0.01763105]
[0.03125016 0.105505   0.05271587 0.03075501 0.05271587 0.12109273
 0.05271587 0.05271587 0.05347063 0.02923937 0.05853424 0.03914507
 0.04645616 0.03784758 0.05271587 0.03914507 0.01989781 0.10807174
 0.01601003]
[0.03429016 0.08385591 0.05598014 0.02547152 0.05598014 0.1293606
 0.05598014 0.05598014 0.06725036 0.02792031 0.05501938 0.03423087
 0.05947306 0.04346753 0.05598014 0.03423087 0.02106817 0.08740625
 0.01705435]
[0.03125016 0.105505   0.05271587 0.03075501 0.05271587 0.12109273
 0.05271587 0.05271587 0.05347063 0.02923937 0.05853424 0.03914507
 0.04645616 0.03784758 0.05271587 0.03914507 0.01989781 0.10807174
 0.01601003]
[0.02789411 0.0968414  0.0545148  0.03221642 0.0545148  0.15845472
 0.0545148  0.0545148  0.05824227 0.02499106 0.05881232 0.0298192
 0.0612721  0.04331416 0.0545148  0.0298192  0.01302993 0.08088127
 0.01183788]
[0.03125016 0.105505   0.05271587 0.03075501 0.05271587 0.12109273
 0.05271587 0.05271587 0.05347063 0.02923937 0.05853424 0.03914507
 0.04645616 0.03784758 0.05271587 0.03914507 0.01989781 0.10807174
 0.01601003]
[0.03125016 0.105505   0.05271587 0.03075501 0.05271587 0.12109273
 0.05271587 0.05271587 0.05347063 0.02923937 0.05853424 0.03914507
 0.04645616 0.03784758 0.05271587 0.03914507 0.01989781 0.10807174
 0.01601003]
[0.03247049 0.10088803 0.04920583 0.02533279 0.04920583 0.15036929
 0.04920583 0.04920583 0.07670071 0.02202272 0.06140032 0.02887662
 0.06132107 0.04354517 0.04920583 0.02887662 0.01834601 0.09433116
 0.00948984]
[0.03689431 0.10886922 0.05812133 0.02819776 0.05812133 0.11206651
 0.05812133 0.05812133 0.06254421 0.02442276 0.05834771 0.02961277
 0.06060724 0.0536012  0.05812133 0.02961277 0.01676006 0.07580854
 0.01204834]
[0.03859885 0.110626   0.05539217 0.03655469 0.05539217 0.13683785
 0.05539217 0.05539217 0.0550834  0.02892823 0.0452253  0.03232839
 0.05352433 0.03860679 0.05539217 0.03232839 0.02171538 0.07887477
 0.01380676]
[0.028535   0.0933817  0.05577167 0.02603139 0.05577167 0.1472215
 0.05577167 0.05577167 0.07219246 0.02039634 0.04675089 0.02676286
 0.07131724 0.04657831 0.05577167 0.02676286 0.01347018 0.0925575
 0.00918338]
[0.04019481 0.09309357 0.05355953 0.03358316 0.05355953 0.09100738
 0.05355953 0.05355953 0.06147928 0.03938567 0.05981863 0.03336209
 0.06260138 0.04652322 0.05355953 0.03336209 0.02812601 0.08726926
 0.0223958 ]
[0.02613652 0.11554553 0.05384365 0.03305308 0.05384365 0.14823994
 0.05384365 0.05384365 0.04328296 0.02354242 0.06220508 0.0325519
 0.04753548 0.03855744 0.05384365 0.0325519  0.01568205 0.09868968
 0.01320782]
[0.03125016 0.105505   0.05271587 0.03075501 0.05271587 0.12109273
 0.05271587 0.05271587 0.05347063 0.02923937 0.05853424 0.03914507
 0.04645616 0.03784758 0.05271587 0.03914507 0.01989781 0.10807174
 0.01601003]
[0.028535   0.0933817  0.05577167 0.02603139 0.05577167 0.1472215
 0.05577167 0.05577167 0.07219246 0.02039634 0.04675089 0.02676286
 0.07131724 0.04657831 0.05577167 0.02676286 0.01347018 0.0925575
 0.00918338]
[0.0282612  0.14893846 0.04895719 0.03047124 0.04895719 0.13130416
 0.04895719 0.04895719 0.06041817 0.02777902 0.07308371 0.02849688
 0.05264498 0.03721401 0.04895719 0.02849688 0.01091494 0.08708312
 0.01010722]
[0.03790096 0.08340149 0.06243125 0.03426781 0.06243125 0.12680614
 0.06243125 0.06243125 0.0495285  0.03144784 0.06356272 0.03065016
 0.04838778 0.04386349 0.06243125 0.03065016 0.02063666 0.07116256
 0.01557746]
[0.02772103 0.10815102 0.05313587 0.02996653 0.05313587 0.10106295
 0.05313587 0.05313587 0.08049389 0.02447661 0.05083035 0.03058352
 0.06376655 0.05838291 0.05313587 0.03058352 0.01941267 0.09480657
 0.01408251]]