78746
Test: public void test12() throws Throwable { ReturnaddressType returnaddressType0 = ReturnaddressType.NO_TARGET; returnaddressType0.hashCode(); }
Code: public int hashCode() { if (returnTarget == null) { return 0; } return returnTarget.hashCode(); }
[[0.05746175 0.03769228 0.08266096 0.06984814 0.15419582 0.07970788
 0.09256677 0.03176001 0.06984814 0.06240271 0.0737422  0.02300139
 0.06240271 0.07970789 0.02300139]
[0.03541101 0.02681722 0.07070051 0.07269344 0.20384252 0.09417599
 0.09284001 0.02199096 0.07269341 0.05625792 0.06922656 0.01645827
 0.05625792 0.09417602 0.01645827]
[0.04022219 0.02529315 0.08458905 0.07586115 0.19372818 0.07645623
 0.08760291 0.0227162  0.07586116 0.06610449 0.07218287 0.01841082
 0.0661045  0.07645625 0.01841082]
[0.05945358 0.02930514 0.08402395 0.08725224 0.10349319 0.08160515
 0.06553737 0.04008553 0.08725224 0.06951249 0.07717177 0.0320948
 0.06951251 0.08160517 0.0320948 ]
[0.04011913 0.02069028 0.07018042 0.07008541 0.22088051 0.09935538
 0.08744985 0.01559987 0.0700854  0.05195221 0.07968667 0.01130363
 0.05195221 0.09935541 0.01130363]
[0.05070337 0.03362919 0.09163282 0.07181277 0.122566   0.08617584
 0.09772773 0.03569434 0.07181277 0.06131367 0.07939859 0.02502169
 0.06131369 0.08617586 0.02502169]
[0.03789256 0.02518788 0.0698993  0.08143108 0.21056268 0.06695157
 0.09682679 0.02488992 0.0814311  0.06127407 0.08053699 0.01744523
 0.06127407 0.06695157 0.01744523]
[0.04430817 0.02564723 0.06069874 0.08773248 0.20445284 0.08595093
 0.08617999 0.02883066 0.08773249 0.05340639 0.06717393 0.01426439
 0.0534064  0.08595095 0.01426439]
[0.05945358 0.02930514 0.08402395 0.08725224 0.10349319 0.08160515
 0.06553737 0.04008553 0.08725224 0.06951249 0.07717177 0.0320948
 0.06951251 0.08160517 0.0320948 ]
[0.04235908 0.02704359 0.07020403 0.07318091 0.1809178  0.08914904
 0.08798757 0.02580589 0.07318091 0.06315173 0.07363081 0.02054396
 0.06315174 0.08914904 0.02054396]
[0.05183711 0.02988953 0.07468338 0.07890654 0.17425454 0.07750621
 0.07453061 0.02488504 0.07890651 0.06401247 0.08496659 0.02205139
 0.06401248 0.07750621 0.02205139]
[0.03983251 0.03084093 0.07165537 0.08696482 0.15034384 0.07715841
 0.06771744 0.02547751 0.08696484 0.08254319 0.08188604 0.01945676
 0.08254319 0.07715843 0.01945676]
[0.04235908 0.02704359 0.07020403 0.0731809  0.1809178  0.08914904
 0.08798756 0.02580589 0.0731809  0.06315173 0.07363082 0.02054396
 0.06315174 0.08914904 0.02054395]
[0.05070338 0.03362919 0.09163283 0.07181278 0.122566   0.08617584
 0.09772771 0.03569435 0.07181278 0.06131368 0.07939859 0.02502169
 0.06131368 0.08617585 0.02502169]
[0.03983251 0.03084092 0.07165537 0.08696483 0.15034382 0.07715841
 0.06771743 0.02547751 0.08696483 0.08254319 0.08188603 0.01945676
 0.08254319 0.07715843 0.01945676]]