37868
Test: public void test65() throws Throwable { DateTime dateTime0 = new DateTime(0L, (DateTimeZone) null); IslamicChronology islamicChronology0 = IslamicChronology.getInstance((DateTimeZone) null); DateTime dateTime1 = dateTime0.withChronology(islamicChronology0); }
Code: public DateTime withChronology(Chronology newChronology) { newChronology = DateTimeUtils.getChronology(newChronology); return (newChronology == getChronology() ? this : new DateTime(getMillis(), newChronology)); }
[[0.04398908 0.0470955  0.0610294  0.0610294  0.06402632 0.0610294
 0.0280218  0.0610294  0.04907516 0.0610294  0.06785212 0.05552004
 0.0732829  0.05935492 0.04284331 0.02181519 0.06102941 0.06102941
 0.01991778]
[0.04468719 0.04144122 0.05931821 0.05931821 0.09800813 0.05931821
 0.02587326 0.05931821 0.05090751 0.05931821 0.05834162 0.05850217
 0.06829438 0.05725262 0.03913975 0.01893213 0.05931821 0.05931821
 0.02339249]
[0.03660674 0.0464018  0.05964867 0.05964867 0.06604691 0.05964867
 0.04104958 0.05964867 0.04464188 0.05964867 0.06788069 0.05312005
 0.07805044 0.06195334 0.03631149 0.02852622 0.05964868 0.05964868
 0.02187013]
[0.03660674 0.0464018  0.05964867 0.05964867 0.06604691 0.05964867
 0.04104958 0.05964867 0.04464188 0.05964867 0.06788069 0.05312005
 0.07805044 0.06195334 0.03631149 0.02852622 0.05964868 0.05964868
 0.02187013]
[0.04741655 0.06348335 0.0586404  0.0586404  0.08403285 0.0586404
 0.03982751 0.0586404  0.05355113 0.0586404  0.04893871 0.04442024
 0.05689373 0.05736237 0.0398789  0.02532617 0.05864041 0.05864041
 0.02838569]
[0.03660674 0.0464018  0.05964867 0.05964867 0.06604691 0.05964867
 0.04104958 0.05964867 0.04464188 0.05964867 0.06788069 0.05312005
 0.07805044 0.06195334 0.03631149 0.02852622 0.05964868 0.05964868
 0.02187013]
[0.04674927 0.04651184 0.06606463 0.06606463 0.05491943 0.06606463
 0.03937063 0.06606463 0.0517153  0.06606463 0.0522149  0.05043814
 0.06324594 0.04626271 0.04057862 0.02211761 0.06606465 0.06606465
 0.02342322]
[0.03660674 0.0464018  0.05964867 0.05964867 0.06604691 0.05964867
 0.04104958 0.05964867 0.04464188 0.05964867 0.06788069 0.05312005
 0.07805044 0.06195334 0.03631149 0.02852622 0.05964868 0.05964868
 0.02187013]
[0.03180284 0.05456907 0.06142776 0.06142776 0.06621055 0.06142776
 0.03133824 0.06142776 0.04548032 0.06142776 0.05890459 0.06023159
 0.08275805 0.07160656 0.03042411 0.01873961 0.06142777 0.06142777
 0.01794017]
[0.03660674 0.0464018  0.05964867 0.05964867 0.06604691 0.05964867
 0.04104958 0.05964867 0.04464188 0.05964867 0.06788069 0.05312005
 0.07805044 0.06195334 0.03631149 0.02852622 0.05964868 0.05964868
 0.02187013]
[0.03279362 0.05086955 0.04928992 0.04928992 0.09807776 0.04928992
 0.03488726 0.04928992 0.0548876  0.04928992 0.0786548  0.05977045
 0.08655107 0.06824602 0.04840291 0.02236254 0.04928993 0.04928993
 0.01946698]
[0.04098285 0.04580259 0.05970597 0.05970597 0.08268054 0.05970597
 0.02847463 0.05970597 0.05001661 0.05970597 0.06765927 0.04764093
 0.08048715 0.06341307 0.03999255 0.01794633 0.05970599 0.05970599
 0.01696166]
[0.03806606 0.04383292 0.05883221 0.05883221 0.10076245 0.05883221
 0.02482519 0.05883221 0.05340249 0.05883221 0.04649489 0.05379428
 0.07974447 0.06913836 0.04182256 0.017512   0.05883221 0.05883221
 0.01877891]
[0.0430435  0.05197759 0.05619293 0.05619293 0.09702578 0.05619293
 0.0268826  0.05619293 0.06007744 0.05619293 0.05966059 0.05277688
 0.08207673 0.06180914 0.03486695 0.01962012 0.05619295 0.05619295
 0.01683208]
[0.04604092 0.03914011 0.05544484 0.05544484 0.07474739 0.05544484
 0.03597289 0.05544484 0.05787961 0.05544484 0.05558128 0.06888697
 0.09826858 0.05359039 0.03259369 0.02377292 0.05544484 0.05544484
 0.02541128]
[0.03883016 0.04090143 0.05722956 0.05722956 0.07584639 0.05722956
 0.03060114 0.05722956 0.05478423 0.05722956 0.06704572 0.06461888
 0.07131377 0.06219211 0.04702073 0.02460698 0.05722958 0.05722958
 0.02163151]
[0.03660674 0.0464018  0.05964867 0.05964867 0.06604692 0.05964867
 0.04104957 0.05964867 0.04464188 0.05964867 0.06788068 0.05312005
 0.07805043 0.06195334 0.0363115  0.02852622 0.05964867 0.05964868
 0.02187013]
[0.03660674 0.0464018  0.05964867 0.05964867 0.06604692 0.05964867
 0.04104957 0.05964867 0.04464188 0.05964867 0.06788068 0.05312005
 0.07805043 0.06195334 0.0363115  0.02852622 0.05964867 0.05964868
 0.02187013]
[0.03279644 0.04193565 0.05841997 0.05841997 0.10111    0.05841997
 0.03148385 0.05841997 0.07649205 0.05841997 0.0582654  0.05461636
 0.07450606 0.04549155 0.03494408 0.01847128 0.05841999 0.05841999
 0.02094741]]