146220
Test: public void test83() throws Throwable { Short short0 = GenericTypeValidator.formatShort((String) null); }
Code: public static Short formatShort(String value) { if (value == null) { return null; } try { return Short.valueOf(value); } catch (NumberFormatException e) { return null; } }
[[0.02701069 0.07726311 0.03389507 0.03746893 0.0332711  0.03402535
 0.07260333 0.02795741 0.04317217 0.01476814 0.03402535 0.0294805
 0.05711486 0.01107298 0.05060001 0.03402535 0.0294805  0.03746893
 0.01107298 0.02894737 0.06251437 0.0699949  0.03402535 0.0294805
 0.05711486 0.01107298 0.01107298]
[0.02699289 0.06857584 0.03414391 0.03679734 0.02644065 0.04392227
 0.07335871 0.03219061 0.03489724 0.0141464  0.04392227 0.02529363
 0.06540483 0.01216942 0.04274351 0.04392227 0.02529363 0.03679734
 0.01216942 0.0278234  0.05137468 0.06266021 0.04392227 0.02529363
 0.06540482 0.01216942 0.01216942]
[0.02975839 0.06288243 0.04062498 0.03477285 0.03187066 0.04271562
 0.07111619 0.02607304 0.03362106 0.01388179 0.04271562 0.03114967
 0.05708781 0.01012924 0.04072635 0.04271562 0.03114967 0.03477285
 0.01012924 0.02576893 0.07139019 0.06373616 0.04271562 0.03114967
 0.0570878  0.01012923 0.01012923]
[0.02230638 0.07515728 0.03781882 0.03765508 0.03680876 0.03301414
 0.05427997 0.02858152 0.04272638 0.01578206 0.03301414 0.02701176
 0.07714781 0.01138877 0.04020147 0.03301414 0.02701176 0.03765508
 0.01138877 0.02468997 0.07234364 0.06105112 0.03301414 0.02701176
 0.0771478  0.01138877 0.01138877]
[0.02396359 0.07719634 0.03732152 0.03612041 0.02945239 0.03798049
 0.06978836 0.02858433 0.03570614 0.0113032  0.03798049 0.02842097
 0.0680033  0.00954329 0.04036998 0.03798049 0.02842097 0.03612041
 0.00954329 0.0256331  0.06865216 0.06842345 0.03798049 0.02842097
 0.06800327 0.00954329 0.00954329]
[0.02788948 0.06362185 0.05230287 0.03774116 0.03134606 0.04213947
 0.04838919 0.03268749 0.03046451 0.01856642 0.04213947 0.03244999
 0.06120563 0.01528911 0.03084756 0.04213947 0.03244999 0.03774116
 0.01528911 0.02959251 0.05890049 0.05043373 0.04213947 0.03244999
 0.06120562 0.01528911 0.01528911]
[0.0173736  0.09552345 0.04093294 0.04230234 0.0260314  0.03190676
 0.09623396 0.03127576 0.03729938 0.00672764 0.03190676 0.02259514
 0.06839917 0.00507145 0.03787363 0.03190676 0.02259514 0.04230234
 0.00507145 0.01678153 0.08944578 0.06739963 0.03190676 0.02259514
 0.06839917 0.00507145 0.00507145]
[0.02295675 0.07246032 0.04311254 0.04023821 0.03011602 0.03666338
 0.07217097 0.03399818 0.03944164 0.01292607 0.03666338 0.02880172
 0.05960958 0.00984782 0.04272687 0.03666338 0.02880172 0.04023821
 0.00984782 0.02808889 0.06720436 0.06265182 0.03666338 0.02880172
 0.05960958 0.00984782 0.00984782]
[0.0160907  0.08435962 0.04685748 0.0278832  0.03482617 0.03632443
 0.08922842 0.03582685 0.04079136 0.01054029 0.03632443 0.02613697
 0.06508119 0.00768423 0.04030215 0.03632443 0.02613697 0.0278832
 0.00768423 0.01915003 0.07606588 0.06558681 0.03632443 0.02613697
 0.06508115 0.00768423 0.00768423]
[0.02003103 0.08175837 0.04631849 0.0383241  0.03068592 0.04079054
 0.09211832 0.03130277 0.03866526 0.01290396 0.04079054 0.02418116
 0.06080364 0.00655519 0.04609951 0.04079054 0.02418116 0.0383241
 0.00655519 0.02432428 0.06035843 0.05525184 0.04079054 0.02418116
 0.06080364 0.00655519 0.00655519]
[0.02788948 0.06362185 0.05230287 0.03774116 0.03134606 0.04213947
 0.04838919 0.03268749 0.03046451 0.01856642 0.04213947 0.03244999
 0.06120563 0.01528911 0.03084756 0.04213947 0.03244999 0.03774116
 0.01528911 0.02959251 0.05890049 0.05043373 0.04213947 0.03244999
 0.06120562 0.01528911 0.01528911]
[0.01856601 0.08181056 0.04433605 0.03833162 0.03168789 0.03359494
 0.0783159  0.0311088  0.03759984 0.01117834 0.03359494 0.02741866
 0.07026412 0.00934378 0.03710533 0.03359494 0.02741866 0.03833162
 0.00934378 0.02377213 0.07433546 0.05898131 0.03359494 0.02741866
 0.0702641  0.00934378 0.00934378]
[0.02669113 0.05977716 0.04013693 0.04413965 0.03664614 0.03510777
 0.07405785 0.03363611 0.03784713 0.01146176 0.03510777 0.03117349
 0.05035544 0.01121817 0.04383196 0.03510777 0.03117349 0.04413965
 0.01121817 0.03288139 0.06782854 0.06738949 0.03510777 0.03117349
 0.05035543 0.01121817 0.01121817]
[0.01882372 0.07089824 0.03862137 0.0364601  0.02324344 0.04111321
 0.07105178 0.03927734 0.03200272 0.01203942 0.04111321 0.03901223
 0.06374463 0.0091974  0.04367382 0.04111321 0.03901223 0.0364601
 0.0091974  0.01776734 0.06472272 0.04918943 0.04111321 0.03901223
 0.06374463 0.0091974  0.0091974 ]
[0.02133368 0.08167547 0.04072042 0.03554149 0.03211343 0.03185208
 0.08145911 0.03142041 0.03635539 0.01047006 0.03185208 0.03118942
 0.06694754 0.00874094 0.04146885 0.03185208 0.03118942 0.03554149
 0.00874094 0.02277116 0.07020334 0.06909034 0.03185208 0.03118942
 0.06694753 0.00874094 0.00874094]
[0.02788948 0.06362185 0.05230287 0.03774116 0.03134606 0.04213947
 0.04838919 0.03268749 0.03046451 0.01856642 0.04213947 0.03244999
 0.06120563 0.01528911 0.03084756 0.04213947 0.03244999 0.03774116
 0.01528911 0.02959251 0.05890049 0.05043373 0.04213947 0.03244999
 0.06120562 0.01528911 0.01528911]
[0.01856601 0.08181056 0.04433605 0.03833162 0.03168789 0.03359494
 0.0783159  0.0311088  0.03759984 0.01117834 0.03359494 0.02741866
 0.07026412 0.00934378 0.03710533 0.03359494 0.02741866 0.03833162
 0.00934378 0.02377213 0.07433546 0.05898131 0.03359494 0.02741866
 0.0702641  0.00934378 0.00934378]
[0.02230638 0.07515728 0.03781882 0.03765508 0.03680876 0.03301414
 0.05427997 0.02858152 0.04272638 0.01578206 0.03301414 0.02701176
 0.07714781 0.01138877 0.04020147 0.03301414 0.02701176 0.03765508
 0.01138877 0.02468997 0.07234364 0.06105112 0.03301414 0.02701176
 0.0771478  0.01138877 0.01138877]
[0.01882372 0.07089824 0.03862137 0.0364601  0.02324344 0.04111321
 0.07105178 0.03927734 0.03200272 0.01203942 0.04111321 0.03901223
 0.06374463 0.0091974  0.04367382 0.04111321 0.03901223 0.0364601
 0.0091974  0.01776734 0.06472272 0.04918943 0.04111321 0.03901223
 0.06374463 0.0091974  0.0091974 ]
[0.01887551 0.08695823 0.04133027 0.03507575 0.03201078 0.03832874
 0.07605112 0.03444134 0.0338692  0.0119715  0.03832874 0.02725973
 0.06946336 0.00850531 0.04235145 0.03832874 0.02725973 0.03507575
 0.00850531 0.02254314 0.06143732 0.05996654 0.03832874 0.02725973
 0.06946334 0.00850531 0.00850531]
[0.02758501 0.07503319 0.04108012 0.04352221 0.03034359 0.03841969
 0.06937352 0.02841309 0.03897273 0.01273169 0.03841969 0.03001797
 0.06406359 0.01067702 0.04559719 0.03841969 0.03001797 0.04352221
 0.01067702 0.02453155 0.05063017 0.05409585 0.03841969 0.03001797
 0.06406359 0.01067702 0.01067702]
[0.0240118  0.07307167 0.04537826 0.03627996 0.03144402 0.03450951
 0.08870471 0.02707513 0.03266186 0.01305514 0.03450951 0.03022025
 0.06144501 0.01342609 0.04694327 0.03450951 0.03022025 0.03627996
 0.01342609 0.02460797 0.05428213 0.06091103 0.03450951 0.03022025
 0.06144501 0.01342608 0.01342608]
[0.02788948 0.06362185 0.05230287 0.03774116 0.03134606 0.04213947
 0.04838919 0.03268749 0.03046451 0.01856642 0.04213947 0.03244999
 0.06120563 0.01528911 0.03084756 0.04213947 0.03244999 0.03774116
 0.01528911 0.02959251 0.05890049 0.05043373 0.04213947 0.03244999
 0.06120562 0.01528911 0.01528911]
[0.01856601 0.08181056 0.04433605 0.03833162 0.03168789 0.03359494
 0.0783159  0.0311088  0.03759984 0.01117834 0.03359494 0.02741866
 0.07026412 0.00934378 0.03710533 0.03359494 0.02741866 0.03833162
 0.00934378 0.02377213 0.07433546 0.05898131 0.03359494 0.02741866
 0.0702641  0.00934378 0.00934378]
[0.02669113 0.05977718 0.04013693 0.04413965 0.03664614 0.03510777
 0.07405785 0.03363611 0.03784714 0.01146177 0.03510777 0.03117349
 0.05035544 0.01121817 0.04383196 0.03510777 0.03117349 0.04413965
 0.01121817 0.03288139 0.06782855 0.06738949 0.03510777 0.03117349
 0.05035544 0.01121817 0.01121817]
[0.01882372 0.07089823 0.03862138 0.0364601  0.02324344 0.04111322
 0.07105178 0.03927734 0.03200272 0.01203942 0.04111322 0.03901223
 0.06374465 0.0091974  0.04367383 0.04111322 0.03901223 0.0364601
 0.0091974  0.01776734 0.06472272 0.04918942 0.04111322 0.03901223
 0.06374464 0.0091974  0.0091974 ]
[0.01882372 0.07089823 0.03862138 0.0364601  0.02324344 0.04111322
 0.07105178 0.03927734 0.03200272 0.01203942 0.04111322 0.03901223
 0.06374465 0.0091974  0.04367383 0.04111322 0.03901223 0.0364601
 0.0091974  0.01776734 0.06472272 0.04918942 0.04111322 0.03901223
 0.06374464 0.0091974  0.0091974 ]]