79725
Test: public void test16() throws Throwable { ModulePackages modulePackages0 = new ModulePackages(0, 0, (int[]) null, (ConstantPool) null); modulePackages0.setPackageIndexTable((int[]) null); }
Code: public int getNumberOfPackages() { return packageIndexTable == null ? 0 : packageIndexTable.length; }
[[0.06721742 0.04124573 0.09325413 0.09605479 0.0747693  0.09325413
 0.10418923 0.07497877 0.11361971 0.05339791 0.06471896 0.09325415
 0.03004576]
[0.04514311 0.03087361 0.1117123  0.1119708  0.07405388 0.1117123
 0.10889726 0.05731285 0.12086021 0.04046139 0.05213191 0.11171231
 0.02315807]
[0.05795959 0.03672724 0.09519061 0.10043339 0.07057244 0.09519061
 0.10825594 0.0621138  0.12714714 0.0609502  0.05675046 0.09519061
 0.03351797]
[0.07253321 0.03431069 0.09309794 0.12093185 0.08291221 0.09309794
 0.07661662 0.0584367  0.09161208 0.08134329 0.06005761 0.09309795
 0.04195185]
[0.05165452 0.03022802 0.10160419 0.10378896 0.07451332 0.10160419
 0.09805573 0.0639616  0.14024095 0.05584595 0.04859734 0.10160419
 0.02830103]
[0.05795959 0.03672724 0.09519061 0.10043339 0.07057244 0.09519061
 0.10825594 0.0621138  0.12714714 0.0609502  0.05675046 0.09519061
 0.03351797]
[0.04963993 0.03001191 0.07892922 0.13468283 0.082156   0.07892922
 0.1216272  0.05998844 0.14197412 0.04781198 0.06803343 0.07892922
 0.02728649]
[0.05882221 0.03358983 0.08932434 0.14302653 0.09596634 0.08932434
 0.09224467 0.0538109  0.12725323 0.05626941 0.04939916 0.08932434
 0.02164467]
[0.06065955 0.02660841 0.09508719 0.14410435 0.08330598 0.09508719
 0.07486951 0.05879285 0.13509655 0.04219338 0.06178083 0.09508719
 0.02732697]
[0.05842265 0.03258602 0.08759121 0.11052253 0.0916072  0.08759121
 0.1069745  0.06151889 0.14391994 0.05555019 0.0533823  0.08759122
 0.02274213]
[0.06763048 0.04213434 0.08176532 0.10810874 0.08507457 0.08176532
 0.08214665 0.06770988 0.14684655 0.07063009 0.04746592 0.08176532
 0.0369568 ]
[0.05795959 0.03672724 0.09519061 0.10043339 0.07057244 0.09519061
 0.10825594 0.0621138  0.12714714 0.0609502  0.05675046 0.09519061
 0.03351797]
[0.04946999 0.0369912  0.09069886 0.13762228 0.1110756  0.09069886
 0.08662067 0.05529134 0.11933395 0.05343791 0.04895028 0.09069886
 0.02911014]]