167936
Test: public void test6() throws Throwable { FileType fileType0 = FileType.FILE_OR_FOLDER; FtpClient ftpClient0 = mock(FtpClient.class, new ViolatedAssumptionAnswer()); FileSystemOptions fileSystemOptions0 = new FileSystemOptions(); VirtualFileName virtualFileName0 = new VirtualFileName("org.apache.commons.compress.archivers.tar.TarArchiveStructSparse", ":7vyil15nRpg+", fileType0); GenericURLFileName genericURLFileName0 = new GenericURLFileName("org.apache.commons.compress.archivers.tar.TarArchiveStructSparse", ":7vyil15nRpg+", 4765, 4765, "", "", "Yv4&jJq", fileType0, ""); FtpFileSystem ftpFileSystem0 = new FtpFileSystem(genericURLFileName0, ftpClient0, fileSystemOptions0); DelegateFileObject<FtpFileSystem> delegateFileObject0 = new DelegateFileObject<FtpFileSystem>(virtualFileName0, ftpFileSystem0, (FileObject) null); WeakRefFileListener weakRefFileListener0 = new WeakRefFileListener(delegateFileObject0, (FileListener) null); FileChangeEvent fileChangeEvent0 = new FileChangeEvent((FileObject) null);  weakRefFileListener0.fileCreated(fileChangeEvent0);   }
Code: public void fileCreated(final FileChangeEvent event) throws Exception { final FileListener listener = getListener(); if (listener == null) { return; } listener.fileCreated(event); }
[[0.03705123 0.02984092 0.05139869 0.05139869 0.05139869 0.08853532
 0.0277236  0.04837549 0.02960405 0.05139869 0.06371617 0.02324782
 0.05139869 0.09976517 0.05139869 0.05873476 0.02002784 0.04837548
 0.03408837 0.01556149 0.05139869 0.01556149]
[0.02803439 0.02499254 0.05366167 0.05366167 0.05366167 0.0987749
 0.024373   0.05125708 0.02496487 0.05366167 0.08860572 0.02323457
 0.05366167 0.09364083 0.05366167 0.04022771 0.01411784 0.05125706
 0.02988718 0.01550039 0.05366167 0.01550039]
[0.0308807  0.02694558 0.05189008 0.05189008 0.05189008 0.09971608
 0.02539742 0.04702676 0.02922137 0.05189008 0.07309976 0.0327786
 0.05189008 0.07547817 0.05189008 0.05890065 0.02192179 0.04702675
 0.03613416 0.01612083 0.05189009 0.01612083]
[0.0308807  0.02694558 0.05189008 0.05189008 0.05189008 0.09971608
 0.02539742 0.04702676 0.02922137 0.05189008 0.07309976 0.0327786
 0.05189008 0.07547817 0.05189008 0.05890065 0.02192179 0.04702675
 0.03613416 0.01612083 0.05189009 0.01612083]
[0.0308807  0.02694558 0.05189008 0.05189008 0.05189008 0.09971608
 0.02539742 0.04702676 0.02922137 0.05189008 0.07309976 0.0327786
 0.05189008 0.07547817 0.05189008 0.05890065 0.02192179 0.04702675
 0.03613416 0.01612083 0.05189009 0.01612083]
[0.0264153  0.02527837 0.04678573 0.04678573 0.04678573 0.13068426
 0.0211494  0.06189534 0.02149817 0.04678573 0.0714647  0.02323869
 0.04678573 0.11789596 0.04678573 0.04134002 0.01608452 0.06189538
 0.02922601 0.01221686 0.04678575 0.01221686]
[0.02968829 0.02246353 0.04565527 0.04565527 0.04565527 0.10171369
 0.02376392 0.06199815 0.02502934 0.04565527 0.07440989 0.02142389
 0.04565527 0.12718852 0.04565527 0.06121276 0.01706244 0.06199816
 0.02493429 0.01376314 0.04565527 0.01376314]
[0.0383899  0.03348997 0.05034292 0.05034292 0.05034292 0.06788392
 0.02590061 0.06160997 0.03768935 0.05034292 0.07409252 0.03195471
 0.05034292 0.06613356 0.05034292 0.04110345 0.02484876 0.06160998
 0.03941    0.02174143 0.05034293 0.02174143]
[0.03403673 0.02514925 0.05304993 0.05304993 0.05304993 0.09019645
 0.0224241  0.05680069 0.02262575 0.05304993 0.0637954  0.02637107
 0.05304993 0.11376147 0.05304993 0.05048356 0.01534674 0.05680071
 0.02837047 0.01124407 0.05304993 0.01124407]
[0.0308807  0.02694558 0.05189008 0.05189008 0.05189008 0.09971608
 0.02539742 0.04702676 0.02922137 0.05189008 0.07309976 0.0327786
 0.05189008 0.07547817 0.05189008 0.05890065 0.02192179 0.04702675
 0.03613416 0.01612083 0.05189009 0.01612083]
[0.02946699 0.02379505 0.04947184 0.04947184 0.04947184 0.08861716
 0.03087569 0.05319507 0.03158905 0.04947184 0.06851213 0.02657046
 0.04947184 0.10608268 0.04947184 0.05843817 0.0160288  0.05319505
 0.04023486 0.01354798 0.04947184 0.01354798]
[0.03945744 0.03209909 0.05582137 0.05582137 0.05582137 0.05971707
 0.02300282 0.04417063 0.03322336 0.05582137 0.06274141 0.03260133
 0.05582137 0.08726302 0.05582137 0.04463538 0.02525816 0.04417063
 0.04242302 0.01924349 0.05582139 0.01924348]
[0.0308807  0.02694558 0.05189008 0.05189008 0.05189008 0.09971608
 0.02539742 0.04702676 0.02922137 0.05189008 0.07309976 0.0327786
 0.05189008 0.07547817 0.05189008 0.05890065 0.02192179 0.04702675
 0.03613416 0.01612083 0.05189009 0.01612083]
[0.02288714 0.01743233 0.05212094 0.05212094 0.05212094 0.1337101
 0.02309233 0.04978852 0.01779389 0.05212094 0.07177632 0.01805438
 0.05212094 0.12967235 0.05212094 0.04629152 0.00872364 0.0497885
 0.03102217 0.0075601  0.05212095 0.0075601 ]
[0.0308807  0.02694558 0.05189008 0.05189008 0.05189008 0.09971608
 0.02539742 0.04702676 0.02922137 0.05189008 0.07309976 0.0327786
 0.05189008 0.07547817 0.05189008 0.05890065 0.02192179 0.04702675
 0.03613416 0.01612083 0.05189009 0.01612083]
[0.02426238 0.02570817 0.04002163 0.04002163 0.04002163 0.11417697
 0.03062568 0.06122294 0.02227267 0.04002163 0.08997327 0.02506107
 0.04002163 0.13385957 0.04002163 0.06030544 0.01578611 0.06122296
 0.03015581 0.01260776 0.04002164 0.01260776]
[0.02793017 0.02108566 0.0499941  0.0499941  0.0499941  0.09654135
 0.01769093 0.0641631  0.02346597 0.0499941  0.0728571  0.01816083
 0.0499941  0.12643188 0.0499941  0.05200475 0.01715323 0.0641631
 0.02873715 0.00982807 0.04999411 0.00982807]
[0.0383899  0.03348997 0.05034292 0.05034292 0.05034292 0.06788392
 0.02590061 0.06160997 0.03768935 0.05034292 0.07409252 0.03195471
 0.05034292 0.06613356 0.05034292 0.04110345 0.02484876 0.06160998
 0.03941    0.02174143 0.05034293 0.02174143]
[0.02910152 0.02041036 0.04749796 0.04749796 0.04749796 0.11276112
 0.03138762 0.0545514  0.02280666 0.04749796 0.07092854 0.02328016
 0.04749796 0.11913143 0.04749796 0.05399661 0.01448778 0.05455139
 0.03444969 0.01283499 0.04749797 0.01283499]
[0.02567779 0.02403595 0.0476372  0.0476372  0.0476372  0.10797503
 0.02905295 0.0682042  0.0233794  0.0476372  0.07749964 0.02345972
 0.0476372  0.09958231 0.0476372  0.04468645 0.01602214 0.06820422
 0.02961878 0.01457049 0.04763721 0.01457049]
[0.0308807  0.02694557 0.05189008 0.05189008 0.05189008 0.09971608
 0.02539742 0.04702676 0.02922136 0.05189008 0.07309975 0.03277859
 0.05189008 0.07547817 0.05189008 0.05890064 0.02192179 0.04702676
 0.03613416 0.01612083 0.05189008 0.01612083]
[0.02567779 0.02403595 0.0476372  0.0476372  0.0476372  0.10797503
 0.02905296 0.06820422 0.02337941 0.0476372  0.07749964 0.02345972
 0.0476372  0.09958231 0.0476372  0.04468645 0.01602214 0.06820422
 0.02961878 0.0145705  0.04763721 0.0145705 ]]