129668
Test: public void test5() throws Throwable { // Undeclared exception!  LogGamma1p.value((-853.1667251464172));   }
Code: public static double value(final double x) { if (x < -0.5 || x > 1.5) { throw new GammaException(GammaException.OUT_OF_RANGE, x, -0.5, 1.5); } return -Math.log1p(InvGamma1pm1.value(x)); }
[[0.0274395  0.07664622 0.04766618 0.07482963 0.04766618 0.05413449
 0.03351056 0.07364848 0.03886819 0.02155479 0.03166702 0.02519072
 0.06558397 0.04795056 0.04952748 0.03351056 0.02786805 0.01405175
 0.03806277 0.03254823 0.03882078 0.00933699 0.01101795 0.02981823
 0.03806277 0.01101795]
[0.02789431 0.07152162 0.04343023 0.07230186 0.04343023 0.05753418
 0.04615977 0.07580347 0.03246656 0.01833356 0.0357254  0.02428684
 0.05782092 0.04929506 0.05679743 0.04615977 0.02383139 0.01193538
 0.03794447 0.03105913 0.03779387 0.00886888 0.01273502 0.0261911
 0.03794447 0.01273502]
[0.02085216 0.08538204 0.04594713 0.05994301 0.04594713 0.07173714
 0.03436499 0.08216821 0.03835854 0.01143606 0.03782802 0.0197516
 0.06381847 0.05271462 0.06501263 0.03436499 0.02569423 0.01044303
 0.03782178 0.03145483 0.03046993 0.00708073 0.00922215 0.03114266
 0.03782178 0.00922215]
[0.0193464  0.07530907 0.03506579 0.0813657  0.03506579 0.07543871
 0.04084995 0.07096504 0.04729725 0.01343747 0.03711633 0.02570195
 0.06811651 0.05254428 0.06363379 0.04084995 0.02847121 0.00976855
 0.03580788 0.03086294 0.02705735 0.00690904 0.00918606 0.0248391
 0.03580788 0.00918606]
[0.02085216 0.08538204 0.04594713 0.05994301 0.04594713 0.07173714
 0.03436499 0.08216821 0.03835854 0.01143606 0.03782802 0.0197516
 0.06381847 0.05271462 0.06501263 0.03436499 0.02569423 0.01044303
 0.03782178 0.03145483 0.03046993 0.00708073 0.00922215 0.03114266
 0.03782178 0.00922215]
[0.02695421 0.07613392 0.04274101 0.07685043 0.04274101 0.07568908
 0.03543651 0.06537921 0.03544721 0.01780524 0.03290856 0.03433554
 0.06530179 0.04160779 0.0535009  0.03543651 0.02528851 0.01480543
 0.03741192 0.03481765 0.03454605 0.00874854 0.00983685 0.02902737
 0.03741193 0.00983685]
[0.02915891 0.06642729 0.03990697 0.05558551 0.03990697 0.07084953
 0.04393686 0.05060756 0.04043909 0.02289666 0.04312472 0.02497742
 0.05132943 0.04296239 0.06118929 0.04393686 0.02651323 0.01669576
 0.03951281 0.03542563 0.03566143 0.01357666 0.01596173 0.03394277
 0.03951282 0.01596173]
[0.01645744 0.0897503  0.04258983 0.09947609 0.04258983 0.06049941
 0.02989398 0.09103583 0.02849377 0.00967421 0.02486935 0.02776736
 0.11532211 0.03368994 0.06303758 0.02989398 0.01531052 0.00617475
 0.04022514 0.03007134 0.02822044 0.00381547 0.00476659 0.021383
 0.04022514 0.00476658]
[0.01931075 0.08123363 0.03703357 0.09262404 0.03703357 0.07229696
 0.03593301 0.07539333 0.03100727 0.01263066 0.03080368 0.02665287
 0.08640395 0.05819638 0.06454957 0.03593301 0.02148682 0.01019876
 0.03486311 0.02860688 0.02659034 0.00533362 0.00604465 0.0289318
 0.03486311 0.00604465]
[0.0213981  0.06432299 0.03900123 0.07381827 0.03900123 0.06253693
 0.03683423 0.06458551 0.04651181 0.01984395 0.03084896 0.03143503
 0.07971959 0.03756403 0.05392503 0.03683423 0.03365681 0.01357317
 0.03425027 0.03774925 0.03926339 0.00860053 0.01172929 0.03701659
 0.03425027 0.01172929]
[0.02903029 0.0739461  0.0382873  0.07541554 0.0382873  0.06060096
 0.04050146 0.08873679 0.02999595 0.01503105 0.03183307 0.02495015
 0.0803013  0.05354306 0.06331192 0.04050146 0.01925294 0.0115426
 0.03804334 0.03166253 0.02739608 0.00774916 0.00849813 0.0250401
 0.03804334 0.00849813]
[0.02105948 0.07508457 0.03627166 0.0597548  0.03627166 0.06540851
 0.05127526 0.09331281 0.03607954 0.01627717 0.03184117 0.02385658
 0.06402017 0.04282915 0.05201139 0.05127526 0.02999448 0.01117647
 0.04385276 0.03277646 0.02912367 0.00864431 0.00678476 0.03038038
 0.04385276 0.00678476]
[0.02983462 0.05855055 0.03870832 0.06435567 0.03870832 0.06741887
 0.03869421 0.06437749 0.03728708 0.02595276 0.03426177 0.02672741
 0.06084566 0.04864735 0.04631973 0.03869421 0.03325018 0.0165377
 0.03987027 0.03474685 0.03574961 0.01336984 0.0165153  0.03419068
 0.03987028 0.01651529]
[0.02935444 0.0829915  0.03463309 0.07686252 0.03463309 0.05733001
 0.03532475 0.07714938 0.03129476 0.01576387 0.02909297 0.02715142
 0.07924654 0.06183672 0.0566114  0.03532475 0.02634063 0.00984295
 0.03914697 0.03115693 0.03341684 0.00760352 0.00870756 0.03132884
 0.03914697 0.00870756]
[0.02612431 0.06992298 0.04404472 0.07056054 0.04404472 0.06631736
 0.03588313 0.07087077 0.03258093 0.01744399 0.02983741 0.02419323
 0.07603334 0.05356754 0.06816673 0.03588313 0.02350895 0.01172034
 0.03332356 0.03410929 0.03430544 0.00901401 0.01025635 0.03470736
 0.03332356 0.01025635]
[0.02915891 0.06642729 0.03990697 0.05558551 0.03990697 0.07084953
 0.04393686 0.05060756 0.04043909 0.02289666 0.04312472 0.02497742
 0.05132943 0.04296239 0.06118929 0.04393686 0.02651323 0.01669576
 0.03951281 0.03542563 0.03566143 0.01357666 0.01596173 0.03394277
 0.03951282 0.01596173]
[0.02052755 0.07470514 0.03853757 0.08167832 0.03853757 0.06525049
 0.0471799  0.07017393 0.03921214 0.01589213 0.03500098 0.02025659
 0.06789504 0.03907069 0.07292474 0.0471799  0.02418823 0.01132241
 0.03446226 0.03203352 0.03266508 0.00587265 0.00822492 0.03452105
 0.03446227 0.00822493]
[0.02375421 0.06952445 0.0468661  0.05949932 0.0468661  0.05420024
 0.0396862  0.08271112 0.04068822 0.02025534 0.03985843 0.02077814
 0.05832068 0.05081038 0.06276722 0.0396862  0.02722268 0.01582468
 0.03782908 0.02918612 0.03021585 0.00877219 0.01176065 0.03332659
 0.03782909 0.01176065]
[0.02246706 0.0759864  0.0423362  0.0718042  0.0423362  0.07276742
 0.03352843 0.05474072 0.03662138 0.01911004 0.034175   0.02941687
 0.07201342 0.05560581 0.05520422 0.03352843 0.02650127 0.01689669
 0.03787632 0.03614353 0.03284372 0.00991694 0.01154489 0.02721364
 0.03787632 0.01154489]
[0.02703103 0.07264683 0.03540142 0.06880056 0.03540142 0.06381074
 0.03857255 0.06626405 0.04253489 0.01679355 0.04150483 0.02591539
 0.06657956 0.04351025 0.07079948 0.03857255 0.02190755 0.01342247
 0.04211559 0.03002217 0.03043914 0.00842081 0.00989427 0.03762898
 0.04211559 0.00989427]
[0.0154154  0.09040844 0.0403768  0.07975473 0.0403768  0.06550212
 0.03391914 0.07736117 0.03419526 0.01260963 0.02831377 0.02151618
 0.09757917 0.03972358 0.0709408  0.03391914 0.02131699 0.01034561
 0.03602035 0.03419237 0.0335394  0.00544185 0.00675663 0.02769768
 0.03602036 0.00675663]
[0.02431938 0.09589471 0.04890985 0.06069311 0.04890985 0.06224377
 0.03355056 0.08156082 0.03683351 0.01658497 0.03066821 0.02537748
 0.07933713 0.04477268 0.0573438  0.03355056 0.02563372 0.01188977
 0.03595127 0.02815354 0.02612275 0.00757307 0.00798678 0.0322007
 0.03595128 0.00798678]
[0.01984124 0.07241496 0.0414342  0.08252444 0.0414342  0.04708233
 0.04134242 0.07445521 0.0364926  0.01670706 0.03278486 0.02431169
 0.07860016 0.04895924 0.0563348  0.04134242 0.02503896 0.01106882
 0.03877607 0.03276405 0.03111904 0.00712685 0.00936172 0.04054488
 0.03877608 0.00936172]
[0.0184271  0.07919235 0.04088815 0.06325626 0.04088815 0.0786904
 0.03205255 0.07856293 0.04114971 0.01501483 0.03438844 0.01979214
 0.07657246 0.0468154  0.06578846 0.03205255 0.02142597 0.0111875
 0.03867558 0.04039695 0.03256569 0.0081346  0.00898558 0.02743506
 0.03867558 0.00898558]
[0.02246706 0.0759864  0.04233619 0.07180421 0.04233619 0.07276742
 0.03352844 0.05474073 0.03662138 0.01911004 0.03417501 0.02941686
 0.07201342 0.0556058  0.05520421 0.03352844 0.02650127 0.01689669
 0.03787632 0.03614353 0.03284372 0.00991694 0.0115449  0.02721364
 0.03787632 0.01154489]
[0.01984123 0.07241495 0.0414342  0.08252444 0.0414342  0.04708234
 0.04134242 0.0744552  0.03649259 0.01670706 0.03278486 0.02431169
 0.07860015 0.04895925 0.0563348  0.04134242 0.02503896 0.01106882
 0.03877607 0.03276406 0.03111903 0.00712685 0.00936172 0.04054488
 0.03877607 0.00936172]]