10693
Test: public void test124() throws Throwable { Class<Long> class0 = Long.class; boolean boolean0 = ClassUtils.isPrimitiveOrWrapper(class0); }
Code: public static boolean isPrimitiveOrWrapper(final Class<?> type) { if (type == null) { return false; } return type.isPrimitive() || isPrimitiveWrapper(type); }
[[0.03945293 0.11232434 0.10157114 0.05472837 0.0197202  0.04733426
 0.0493959  0.10601656 0.0163467  0.06314546 0.02161189 0.0493959
 0.04302303 0.05446515 0.01610738 0.04302303 0.05472838 0.03677361
 0.05472838 0.01610738]
[0.03831787 0.10066135 0.1181984  0.05182292 0.01558844 0.05553104
 0.06624562 0.10411133 0.0094862  0.04893313 0.02011714 0.06624562
 0.03617259 0.05811056 0.01807984 0.03617259 0.05182291 0.03447968
 0.05182291 0.01807984]
[0.02821562 0.09584454 0.16334303 0.05539724 0.01363911 0.05464218
 0.06004795 0.10092995 0.00657114 0.04328208 0.01412131 0.06004795
 0.0432059  0.05303464 0.0116975  0.0432059  0.05539724 0.03028193
 0.05539724 0.0116975 ]
[0.03266823 0.11112499 0.12563765 0.05496335 0.01733041 0.05008823
 0.04936409 0.07975014 0.0148219  0.06238265 0.02316941 0.04936409
 0.03958614 0.06318083 0.01695087 0.03958614 0.05496334 0.0431534
 0.05496334 0.01695087]
[0.0297384  0.10969642 0.12720688 0.05084697 0.01465584 0.04289838
 0.05319104 0.0936918  0.0136108  0.06133012 0.01743929 0.05319104
 0.04970697 0.06061353 0.01577437 0.04970697 0.05084698 0.03923285
 0.05084698 0.01577437]
[0.03585394 0.12080465 0.1295341  0.04867202 0.0158828  0.05916938
 0.05395683 0.10388589 0.00903736 0.04793959 0.01744626 0.05395683
 0.04576489 0.05492999 0.01111455 0.04576489 0.04867203 0.03782746
 0.04867203 0.01111455]
[0.04128834 0.09560013 0.09352522 0.0550322  0.0197807  0.05571193
 0.06426964 0.07138866 0.01816937 0.04466591 0.02711601 0.06426964
 0.04779347 0.06163417 0.02299837 0.04779347 0.05503221 0.0359
 0.05503221 0.02299837]
[0.02352676 0.13498497 0.1571378  0.05610971 0.01095848 0.05635206
 0.04573367 0.131261   0.00544048 0.04958285 0.00906506 0.04573367
 0.03075543 0.04380277 0.007154   0.03075543 0.05610972 0.04227244
 0.05610972 0.007154  ]
[0.02842386 0.11507026 0.13757409 0.05789565 0.01073913 0.05636458
 0.05218378 0.10259406 0.00881924 0.06193244 0.01085642 0.05218378
 0.04126193 0.05038835 0.00933346 0.04126193 0.05789565 0.03799223
 0.05789565 0.00933346]
[0.02225146 0.1250742  0.19228424 0.03688025 0.01004888 0.05443701
 0.05558808 0.12282436 0.00772631 0.05541161 0.01448702 0.05558808
 0.03650484 0.04131308 0.01147407 0.03650484 0.03688025 0.03636707
 0.03688025 0.01147407]
[0.02746975 0.11769371 0.15634176 0.0506938  0.01321557 0.05219506
 0.05988021 0.1252386  0.00777193 0.05199194 0.01724196 0.05988021
 0.03329025 0.04296025 0.00936161 0.03329025 0.0506938  0.03073398
 0.0506938  0.00936161]
[0.04128834 0.09560013 0.09352522 0.0550322  0.0197807  0.05571193
 0.06426964 0.07138866 0.01816937 0.04466591 0.02711601 0.06426964
 0.04779347 0.06163417 0.02299837 0.04779347 0.05503221 0.0359
 0.05503221 0.02299837]
[0.0263971  0.11743958 0.14814451 0.05414714 0.01927739 0.04796508
 0.04848697 0.11088359 0.01026614 0.05300092 0.01583044 0.04848697
 0.0388599  0.05740051 0.01344614 0.0388599  0.05414714 0.02936729
 0.05414714 0.01344614]
[0.03971808 0.08947324 0.10479239 0.0566834  0.02246716 0.04328369
 0.05306656 0.08227669 0.01980316 0.05409572 0.02467071 0.05306656
 0.0456049  0.07041354 0.02158363 0.0456049  0.0566834  0.0384452
 0.0566834  0.02158364]
[0.02738232 0.10721966 0.09962492 0.05242851 0.01523544 0.05183878
 0.06332316 0.10412858 0.00797961 0.04685257 0.01739703 0.06332316
 0.0577666  0.05835034 0.01396651 0.0577666  0.05242851 0.03659278
 0.05242851 0.01396651]
[0.0263971  0.11743958 0.14814451 0.05414714 0.01927739 0.04796508
 0.04848697 0.11088359 0.01026614 0.05300092 0.01583044 0.04848697
 0.0388599  0.05740051 0.01344614 0.0388599  0.05414714 0.02936729
 0.05414714 0.01344614]
[0.03266823 0.11112499 0.12563765 0.05496335 0.01733041 0.05008823
 0.04936409 0.07975014 0.0148219  0.06238265 0.02316941 0.04936409
 0.03958614 0.06318083 0.01695087 0.03958614 0.05496334 0.0431534
 0.05496334 0.01695087]
[0.02787472 0.10047598 0.11202458 0.05768999 0.01329566 0.05128888
 0.0694337  0.12393913 0.01132914 0.0474428  0.01492798 0.0694337
 0.04035125 0.05466665 0.00905477 0.04035125 0.05768997 0.0319852
 0.05768997 0.00905477]
[0.03266823 0.11112499 0.12563765 0.05496335 0.01733041 0.05008823
 0.04936409 0.07975014 0.0148219  0.06238265 0.02316941 0.04936409
 0.03958614 0.06318083 0.01695087 0.03958614 0.05496334 0.0431534
 0.05496334 0.01695087]
[0.02738232 0.10721966 0.09962492 0.05242851 0.01523544 0.05183878
 0.06332316 0.10412858 0.00797961 0.04685257 0.01739703 0.06332316
 0.0577666  0.05835034 0.01396651 0.0577666  0.05242851 0.03659278
 0.05242851 0.01396651]]