141467
Test: public void test1() throws Throwable { BlockDisk blockDisk0 = null;  blockDisk0 = new BlockDisk((File) null, (-1391));   }
Code: public BlockDisk(final File file, final IElementSerializer elementSerializer) throws IOException { this(file, DEFAULT_BLOCK_SIZE_BYTES, elementSerializer); }
[[0.05655155 0.078454   0.13729616 0.0251806  0.04571341 0.078454
 0.078454   0.13220085 0.02986081 0.07784399 0.078454   0.078454
 0.07845401 0.02462857]
[0.04726215 0.07898408 0.12682185 0.02199358 0.04542211 0.07898408
 0.07898408 0.1529703  0.03194848 0.0743639  0.07898408 0.07898408
 0.0789841  0.02531313]
[0.04444687 0.07240561 0.14652465 0.02042019 0.05174511 0.07240561
 0.07240561 0.14328985 0.02821937 0.11331508 0.07240561 0.07240561
 0.07240564 0.01760517]
[0.04706365 0.07989218 0.11797749 0.02161035 0.04699052 0.07989218
 0.07989218 0.1303511  0.02677974 0.11313304 0.07989217 0.07989217
 0.07989217 0.01674109]
[0.05407208 0.08062018 0.1195367  0.01878725 0.03655134 0.08062018
 0.08062018 0.13776499 0.03494288 0.09593339 0.08062018 0.08062018
 0.08062018 0.01869025]
[0.04726215 0.07898408 0.12682185 0.02199358 0.04542211 0.07898408
 0.07898408 0.1529703  0.03194848 0.0743639  0.07898408 0.07898408
 0.0789841  0.02531313]
[0.04726215 0.07898408 0.12682185 0.02199358 0.04542211 0.07898408
 0.07898408 0.1529703  0.03194848 0.0743639  0.07898408 0.07898408
 0.0789841  0.02531313]
[0.04138584 0.07003228 0.13778968 0.01706059 0.03437012 0.07003228
 0.07003228 0.19655587 0.02737039 0.10506589 0.0700323  0.0700323
 0.0700323  0.02020792]
[0.04358459 0.08286224 0.11706349 0.01618771 0.03808148 0.08286224
 0.08286224 0.16774857 0.0248236  0.0786769  0.08286224 0.08286224
 0.08286226 0.01666021]
[0.05981045 0.07724497 0.11044692 0.02865167 0.05882479 0.07724497
 0.07724497 0.1051733  0.04058593 0.09865032 0.07724497 0.07724497
 0.07724498 0.0343868 ]
[0.04726215 0.07898408 0.12682185 0.02199358 0.04542211 0.07898408
 0.07898408 0.1529703  0.03194848 0.0743639  0.07898408 0.07898408
 0.0789841  0.02531313]
[0.04726215 0.07898408 0.12682185 0.02199358 0.04542211 0.07898408
 0.07898408 0.1529703  0.03194848 0.0743639  0.07898408 0.07898408
 0.0789841  0.02531313]
[0.04726215 0.07898408 0.12682182 0.02199358 0.04542211 0.07898408
 0.07898408 0.15297031 0.03194848 0.0743639  0.07898408 0.07898408
 0.07898409 0.02531313]
[0.03957494 0.0724348  0.13443615 0.02121835 0.03647237 0.0724348
 0.0724348  0.16598287 0.03349947 0.11080156 0.0724348  0.0724348
 0.07243481 0.0234055 ]]