13748
Test: public void test7() throws Throwable { DefaultExceptionContext defaultExceptionContext0 = new DefaultExceptionContext(); DefaultExceptionContext defaultExceptionContext1 = defaultExceptionContext0.addContextValue((String) null, (Object) null); Set<String> set0 = defaultExceptionContext1.getContextLabels(); }
Code: public Set<String> getContextLabels() { final Set<String> labels = new HashSet<>(); for (final Pair<String, Object> pair : contextValues) { labels.add(pair.getKey()); } return labels; }
[[0.03408133 0.0476351  0.047277   0.04268476 0.026992   0.0476351
 0.047277   0.02126862 0.01737963 0.09274213 0.03366135 0.03191627
 0.047277   0.14843115 0.03393634 0.03028745 0.04727701 0.04268475
 0.04727701 0.01391743 0.03716711 0.04727701 0.01391743]
[0.03141356 0.04038102 0.05127447 0.05547149 0.02656374 0.04038102
 0.05127447 0.02118156 0.01490875 0.08173084 0.03756677 0.02386939
 0.05127447 0.15213503 0.02933092 0.02277024 0.05127447 0.05547151
 0.05127447 0.01097402 0.03722932 0.05127448 0.01097401]
[0.02843038 0.03777763 0.0481108  0.04142613 0.02635577 0.03777763
 0.0481108  0.02977972 0.02129415 0.10300251 0.03962767 0.03016952
 0.0481108  0.14852604 0.03621725 0.02643269 0.0481108  0.04142613
 0.0481108  0.01434081 0.03441039 0.04811081 0.01434081]
[0.03510316 0.03967072 0.04711925 0.05389934 0.03436586 0.03967072
 0.04711925 0.02910865 0.0199536  0.0750711  0.03519007 0.03347789
 0.04711925 0.12228373 0.0375489  0.02849104 0.04711925 0.05389934
 0.04711925 0.01940978 0.04073082 0.04711926 0.01940978]
[0.03292803 0.04021011 0.05246127 0.05317534 0.02169956 0.04021011
 0.05246127 0.02554682 0.0149803  0.0904524  0.03715207 0.02761102
 0.05246127 0.12485069 0.02862082 0.02556603 0.05246127 0.05317536
 0.05246127 0.01062    0.04781379 0.05246127 0.01062   ]
[0.03141356 0.04038102 0.05127447 0.05547149 0.02656374 0.04038102
 0.05127447 0.02118156 0.01490875 0.08173084 0.03756677 0.02386939
 0.05127447 0.15213503 0.02933092 0.02277024 0.05127447 0.05547151
 0.05127447 0.01097402 0.03722932 0.05127448 0.01097401]
[0.02843038 0.03777763 0.0481108  0.04142613 0.02635577 0.03777763
 0.0481108  0.02977972 0.02129415 0.10300251 0.03962767 0.03016952
 0.0481108  0.14852604 0.03621725 0.02643269 0.0481108  0.04142613
 0.0481108  0.01434081 0.03441039 0.04811081 0.01434081]
[0.03840172 0.04328184 0.05437987 0.04113648 0.03226985 0.04328184
 0.05437987 0.03119579 0.01794606 0.06174156 0.03693595 0.03379527
 0.05437987 0.10285819 0.03955613 0.03189296 0.05437987 0.04113648
 0.05437987 0.018282   0.0417266  0.05437988 0.018282  ]
[0.03070983 0.03428711 0.04830405 0.05274041 0.02446869 0.03428711
 0.04830405 0.02481367 0.02029366 0.11075225 0.0286683  0.02754816
 0.04830405 0.1242452  0.03590444 0.03455369 0.04830405 0.05274041
 0.04830405 0.01551878 0.0431252  0.04830407 0.01551878]
[0.03227484 0.0412849  0.04355651 0.04905162 0.03330757 0.0412849
 0.04355651 0.03172409 0.01866349 0.08341666 0.03588712 0.03517836
 0.04355651 0.14904508 0.03497117 0.02700759 0.04355651 0.04905163
 0.04355651 0.02006416 0.0363836  0.04355652 0.02006416]
[0.03422282 0.03827551 0.0492451  0.05612372 0.02720556 0.03827551
 0.0492451  0.02300474 0.01341339 0.07989164 0.03464903 0.02377494
 0.0492451  0.18003184 0.0237098  0.02018997 0.0492451  0.05612372
 0.0492451  0.00951816 0.03660093 0.04924511 0.00951816]
[0.03011405 0.04273943 0.04993864 0.04907145 0.02434876 0.04273943
 0.04993864 0.02013289 0.01828373 0.07638543 0.03427649 0.02836842
 0.04993864 0.15686905 0.02677741 0.0284967  0.04993863 0.04907146
 0.04993863 0.01271433 0.04726488 0.04993863 0.01271432]
[0.02843038 0.03777763 0.0481108  0.04142613 0.02635577 0.03777763
 0.0481108  0.02977972 0.02129415 0.10300251 0.03962767 0.03016952
 0.0481108  0.14852604 0.03621725 0.02643269 0.0481108  0.04142613
 0.0481108  0.01434081 0.03441039 0.04811081 0.01434081]
[0.03261394 0.03729871 0.04821251 0.05524257 0.02794715 0.03729871
 0.04821251 0.02184723 0.01960242 0.09525894 0.03674007 0.0247338
 0.04821251 0.15495737 0.0272187  0.02516945 0.04821251 0.05524256
 0.04821251 0.01262908 0.03429515 0.04821251 0.01262908]
[0.03136961 0.03451782 0.05398857 0.06032507 0.02554325 0.03451782
 0.05398857 0.01494708 0.01300449 0.07266141 0.03228242 0.02665986
 0.05398857 0.15830597 0.03081087 0.02349702 0.05398856 0.06032509
 0.05398856 0.01133699 0.03462689 0.05398856 0.01133699]
[0.03585442 0.05206538 0.04458099 0.05083069 0.02601761 0.05206538
 0.04458099 0.02704751 0.01783414 0.08473703 0.0380982  0.03524085
 0.04458099 0.12415128 0.0325042  0.02358437 0.04458099 0.05083068
 0.04458099 0.01817128 0.04530972 0.04458099 0.01817128]
[0.02843038 0.03777763 0.0481108  0.04142613 0.02635577 0.03777763
 0.0481108  0.02977972 0.02129415 0.10300251 0.03962767 0.03016952
 0.0481108  0.14852604 0.03621725 0.02643269 0.0481108  0.04142613
 0.0481108  0.01434081 0.03441039 0.04811081 0.01434081]
[0.03510316 0.03967072 0.04711925 0.05389934 0.03436586 0.03967072
 0.04711925 0.02910865 0.0199536  0.0750711  0.03519007 0.03347789
 0.04711925 0.12228373 0.0375489  0.02849104 0.04711925 0.05389934
 0.04711925 0.01940978 0.04073082 0.04711926 0.01940978]
[0.02843038 0.03777763 0.0481108  0.04142613 0.02635577 0.03777763
 0.0481108  0.02977972 0.02129415 0.10300251 0.03962767 0.03016952
 0.0481108  0.14852604 0.03621725 0.02643269 0.0481108  0.04142613
 0.0481108  0.01434081 0.03441039 0.04811081 0.01434081]
[0.0258402  0.04438473 0.04929651 0.06079262 0.02292055 0.04438473
 0.04929651 0.02275621 0.0144526  0.07466021 0.03387707 0.03323938
 0.04929651 0.13519512 0.02663795 0.02276842 0.04929651 0.06079264
 0.04929651 0.01335291 0.0548127  0.04929652 0.01335291]
[0.02348898 0.03872758 0.04846787 0.04255981 0.02113647 0.03872758
 0.04846787 0.02275904 0.0141718  0.11026431 0.0420395  0.02340715
 0.04846787 0.18371871 0.0261967  0.0210879  0.04846787 0.04255981
 0.04846787 0.01183408 0.03467925 0.04846787 0.01183407]
[0.02843038 0.03777763 0.0481108  0.04142613 0.02635576 0.03777763
 0.0481108  0.02977972 0.02129415 0.1030025  0.03962767 0.03016952
 0.0481108  0.148526   0.03621726 0.02643269 0.0481108  0.04142613
 0.0481108  0.01434081 0.03441038 0.0481108  0.01434081]
[0.0258402  0.04438472 0.04929651 0.06079262 0.02292054 0.04438472
 0.04929651 0.02275621 0.01445261 0.07466021 0.03387707 0.03323938
 0.04929651 0.1351951  0.02663795 0.02276841 0.04929651 0.06079262
 0.04929651 0.0133529  0.05481269 0.04929652 0.0133529 ]]