31080
Test: public void test49() throws Throwable { boolean boolean0 = ListUtil.isEmpty((List<?>) null); }
Code: public static boolean isEmpty(List<?> list) { return (list == null) || list.isEmpty(); }
[[0.04988512 0.14909199 0.1244047  0.06920359 0.17254429 0.06650126
 0.05489869 0.06920359 0.07868877 0.02678011 0.048343   0.06920359
 0.02125132]
[0.0482082  0.13321495 0.14269423 0.06438036 0.18912739 0.0910688
 0.04603845 0.06438036 0.060363   0.02538016 0.04642165 0.06438035
 0.02434203]
[0.03462343 0.1279375  0.18547474 0.06673624 0.1855179  0.08311862
 0.05598688 0.06673624 0.0527032  0.01739998 0.04132219 0.06673624
 0.01570686]
[0.04126169 0.14303249 0.15563291 0.06895652 0.15230149 0.06492064
 0.05006723 0.06895652 0.0783079  0.02940666 0.05610053 0.06895652
 0.02209882]
[0.03686482 0.14132386 0.16703837 0.06785452 0.17590076 0.08735839
 0.04933964 0.06785452 0.05312684 0.02523802 0.0402506  0.06785452
 0.01999514]
[0.05577995 0.13242793 0.1210964  0.07239923 0.14164735 0.0911961
 0.06399738 0.07239923 0.05933596 0.0357754  0.04963197 0.07239924
 0.03191387]
[0.03267515 0.15326864 0.16663234 0.06454168 0.20380017 0.06510162
 0.04722973 0.06454168 0.06237795 0.01915257 0.03835775 0.06454168
 0.01777909]
[0.04126169 0.14303249 0.15563291 0.06895652 0.15230149 0.06492064
 0.05006723 0.06895652 0.0783079  0.02940666 0.05610053 0.06895652
 0.02209882]
[0.0265018  0.15586063 0.21693334 0.0425493  0.21622771 0.07059482
 0.04377329 0.0425493  0.06517839 0.0171814  0.04574026 0.0425493
 0.01436042]
[0.03457443 0.15582074 0.18335228 0.06123646 0.18134072 0.08080388
 0.04207847 0.06123646 0.06401549 0.02107516 0.04093345 0.06123646
 0.01229605]
[0.0366376  0.14043045 0.13381481 0.07311188 0.17704044 0.10324569
 0.05410252 0.07311188 0.05905975 0.01869615 0.04516644 0.07311186
 0.01247054]
[0.04126169 0.14303249 0.15563291 0.06895652 0.15230149 0.06492064
 0.05006723 0.06895652 0.0783079  0.02940666 0.05610053 0.06895652
 0.02209882]
[0.03573651 0.14548597 0.12712683 0.06759637 0.17146279 0.08742337
 0.07677279 0.06759637 0.06155363 0.02254658 0.0500765  0.06759637
 0.01902597]]