30834
Test: public void test9() throws Throwable { // Undeclared exception!  XmlMapper.toXml((Collection<?>) null, "$`v[l[", (Class) null);   }
Code: public static String toXml(Object root) { Class clazz = ClassUtil.unwrapCglib(root); return toXml(root, clazz, null); }
[[0.04990138 0.14919265 0.06406628 0.06922616 0.09525564 0.06655272
 0.05916862 0.04052354 0.0314     0.06922617 0.05492026 0.06922617
 0.06922618 0.09084953 0.02126476]
[0.05183703 0.14247996 0.0763084  0.06932153 0.08157961 0.09702751
 0.05916333 0.04216489 0.03358753 0.06932152 0.04944253 0.06932152
 0.06932154 0.0631339  0.0259892 ]
[0.0518379  0.15718588 0.05954354 0.07288012 0.07689175 0.07875543
 0.06289692 0.03631378 0.03506857 0.07288012 0.05265415 0.07288012
 0.07288013 0.07748272 0.01984886]
[0.04173295 0.14887877 0.07524828 0.06901187 0.09419379 0.06971014
 0.06214516 0.03717451 0.0456087  0.06901187 0.05074588 0.06901187
 0.06901188 0.07507841 0.02343595]
[0.04540404 0.16155301 0.06545097 0.06634755 0.08059593 0.08418661
 0.06506414 0.03619602 0.03052193 0.06634754 0.0648223  0.06634754
 0.06634755 0.07411922 0.02669558]
[0.05341451 0.12646002 0.07715364 0.06953859 0.07024852 0.0868589
 0.06437115 0.05335285 0.04451223 0.0695386  0.06134488 0.0695386
 0.06953861 0.0536591  0.03046979]
[0.04689382 0.14066917 0.06677648 0.08227322 0.07020722 0.07705898
 0.06560959 0.03699934 0.0295215  0.08227322 0.05371055 0.08227322
 0.08227323 0.06297543 0.02048508]
[0.03877611 0.19707014 0.06671479 0.06834055 0.09439704 0.05999763
 0.06293326 0.03060652 0.02629087 0.06834055 0.05985604 0.06834055
 0.06834055 0.07646428 0.01353112]
[0.05555851 0.13378528 0.0660529  0.07861814 0.07582447 0.0615475
 0.05304574 0.04889351 0.04571829 0.07861814 0.06075444 0.07861814
 0.07861815 0.05740694 0.0269399 ]
[0.04173295 0.14887877 0.07524828 0.06901187 0.09419379 0.06971014
 0.06214516 0.03717451 0.0456087  0.06901187 0.05074588 0.06901187
 0.06901188 0.07507841 0.02343595]
[0.03507869 0.16060525 0.07942995 0.0705273  0.08721568 0.06735636
 0.06510781 0.0347657  0.03422017 0.07052731 0.05113874 0.07052731
 0.07052732 0.08445137 0.01852103]
[0.04173295 0.14887877 0.07524828 0.06901187 0.09419379 0.06971014
 0.06214516 0.03717451 0.0456087  0.06901187 0.05074588 0.06901187
 0.06901188 0.07507841 0.02343595]
[0.04173295 0.14887875 0.07524826 0.06901187 0.09419379 0.06971013
 0.06214516 0.03717451 0.04560869 0.06901187 0.05074587 0.06901187
 0.06901187 0.0750784  0.02343595]
[0.03743789 0.1640375  0.06021542 0.07425522 0.08257136 0.08156229
 0.06817216 0.02609497 0.03432592 0.07425522 0.0676755  0.07425522
 0.07425524 0.06698833 0.0138978 ]
[0.03788406 0.15944758 0.06939176 0.07088073 0.07166028 0.09716893
 0.04975271 0.03287479 0.0342361  0.07088073 0.08268484 0.07088073
 0.07088074 0.06045655 0.02091946]]