13910
Test: public void test35() throws Throwable { Class<Annotation> class0 = Annotation.class; // Undeclared exception!  FieldUtils.writeDeclaredField((Object) class0, "\"&~d%Y.EOR-", (Object) class0, true);   }
Code: public static void writeDeclaredField(final Object target, final String fieldName, final Object value) throws IllegalAccessException { writeDeclaredField(target, fieldName, value, false); }
[[0.03796632 0.10909003 0.03039541 0.05266672 0.02925189 0.04940207
 0.03014209 0.04910123 0.07206988 0.03014209 0.02925189 0.04661135
 0.0917929  0.05266672 0.04810584 0.05266672 0.0720699  0.03733053
 0.06365103 0.01562542]
[0.03927639 0.09886509 0.02455727 0.05365673 0.02642718 0.0463734
 0.02802513 0.06072842 0.07844581 0.02802513 0.02642718 0.03871711
 0.08045842 0.05365673 0.0628317  0.05365673 0.0784458  0.0359333
 0.06800791 0.01748462]
[0.03023922 0.10255075 0.02575175 0.05964337 0.022099   0.04486275
 0.02569912 0.04664716 0.0867085  0.02569912 0.022099   0.04539472
 0.1085455  0.05964337 0.04975555 0.05964337 0.08670853 0.02359246
 0.05945357 0.01526327]
[0.03084946 0.1038949  0.02646391 0.05208465 0.02355177 0.05332867
 0.02879211 0.05787785 0.07265574 0.02879211 0.02355177 0.05093673
 0.09941105 0.05208465 0.04561326 0.05208465 0.07265573 0.03549877
 0.07413368 0.0157385 ]
[0.03655008 0.10622138 0.02510878 0.04835666 0.02571472 0.04843518
 0.0261491  0.06199921 0.06811967 0.0261491  0.02571472 0.03783801
 0.12485362 0.04835666 0.07253108 0.04835666 0.06811965 0.02894875
 0.0588242  0.01365285]
[0.02870806 0.1189065  0.0251249  0.0511257  0.02742502 0.04116601
 0.03090334 0.04743327 0.05834664 0.03090334 0.02742502 0.04542475
 0.11761809 0.0511257  0.0615263  0.0511257  0.05834666 0.04139011
 0.0741141  0.0118608 ]
[0.03666489 0.1082634  0.0269867  0.05760767 0.0269852  0.04932342
 0.02429617 0.05782898 0.07459833 0.02429617 0.0269852  0.03322484
 0.09785813 0.05760767 0.06046757 0.05760767 0.07459834 0.02653839
 0.06625342 0.01200787]
[0.03805663 0.10993313 0.02659316 0.05446302 0.0267077  0.04600966
 0.02864513 0.04447069 0.07395305 0.02864513 0.0267077  0.04567689
 0.10272561 0.05446302 0.05345935 0.05446302 0.07395305 0.03545405
 0.06187668 0.01374339]
[0.02572598 0.13140398 0.02047244 0.05221885 0.02222567 0.04527507
 0.02103818 0.06817315 0.08554958 0.02103818 0.02222567 0.04934204
 0.09954163 0.05221885 0.04622657 0.05221885 0.08554957 0.02316148
 0.06269392 0.01370034]
[0.03666489 0.1082634  0.0269867  0.05760767 0.0269852  0.04932342
 0.02429617 0.05782898 0.07459833 0.02429617 0.0269852  0.03322484
 0.09785813 0.05760767 0.06046757 0.05760767 0.07459834 0.02653839
 0.06625342 0.01200787]
[0.03655008 0.10622138 0.02510878 0.04835666 0.02571472 0.04843518
 0.0261491  0.06199921 0.06811967 0.0261491  0.02571472 0.03783801
 0.12485362 0.04835666 0.07253108 0.04835666 0.06811965 0.02894875
 0.0588242  0.01365285]
[0.03486824 0.11413738 0.02452787 0.05199026 0.02263374 0.04093049
 0.02778537 0.05469559 0.07241174 0.02778537 0.02263374 0.04200953
 0.10937577 0.05199026 0.0569987  0.05199026 0.07241173 0.03585591
 0.07080639 0.01416169]
[0.02669143 0.09377728 0.02537347 0.04774161 0.02462545 0.04234209
 0.02162463 0.05305475 0.08138749 0.02162463 0.02462545 0.0546168
 0.1332203  0.04774161 0.06138673 0.04774161 0.0813875  0.03420914
 0.06463581 0.01219215]
[0.03084946 0.1038949  0.02646391 0.05208465 0.02355177 0.05332867
 0.02879211 0.05787785 0.07265574 0.02879211 0.02355177 0.05093673
 0.09941105 0.05208465 0.04561326 0.05208465 0.07265573 0.03549877
 0.07413368 0.0157385 ]
[0.03797854 0.08737693 0.03290553 0.05095375 0.0226162  0.04379342
 0.03718309 0.0570169  0.08546153 0.03718309 0.0226162  0.04219308
 0.06772594 0.05095375 0.05837077 0.05095375 0.08546155 0.04417496
 0.06407049 0.02101057]
[0.03084946 0.1038949  0.02646391 0.05208465 0.02355177 0.05332867
 0.02879211 0.05787785 0.07265574 0.02879211 0.02355177 0.05093673
 0.09941105 0.05208465 0.04561326 0.05208465 0.07265573 0.03549877
 0.07413368 0.0157385 ]
[0.02572598 0.13140398 0.02047244 0.05221885 0.02222567 0.04527507
 0.02103818 0.06817315 0.08554958 0.02103818 0.02222567 0.04934204
 0.09954163 0.05221885 0.04622657 0.05221885 0.08554957 0.02316148
 0.06269392 0.01370034]
[0.02646276 0.12682705 0.01932021 0.04908935 0.02493521 0.05194357
 0.0264796  0.05320816 0.06777248 0.0264796  0.02493521 0.0415631
 0.11794823 0.04908935 0.06792148 0.04908935 0.06777249 0.02772988
 0.06950773 0.01192518]
[0.03673287 0.08086186 0.02995915 0.05670702 0.02089556 0.04670628
 0.02538463 0.0568461  0.08775891 0.02538463 0.02089556 0.04264147
 0.09566863 0.05670702 0.05515784 0.05670702 0.08775891 0.03294449
 0.06968252 0.01459953]
[0.02830582 0.11191842 0.02562473 0.05403537 0.0281126  0.04515646
 0.0250919  0.05189321 0.07076764 0.0250919  0.0281126  0.03437419
 0.11969046 0.05403537 0.06639067 0.05403537 0.07076766 0.02855372
 0.06344873 0.01459317]]