31045
Test: public void test14() throws Throwable { Locale.FilteringMode locale_FilteringMode0 = Locale.FilteringMode.MAP_EXTENDED_RANGES; List<Locale.FilteringMode> list0 = ListUtil.singletonList(locale_FilteringMode0); int int0 = ListUtil.binarySearch((List<? extends Comparable<? super Locale.FilteringMode>>) list0, locale_FilteringMode0); }
Code: public static <T> int binarySearch(List<? extends Comparable<? super T>> sortedList, T key) { return Collections.binarySearch(sortedList, key); }
[[0.0474955  0.12353035 0.10687304 0.03213843 0.0658785  0.02761177
 0.0658785  0.06196773 0.0658785  0.0658785  0.03194469 0.05149878
 0.0527747  0.05096704 0.0658785  0.0658785  0.01792702]
[0.04712409 0.1161889  0.12889351 0.02538405 0.06468047 0.02692847
 0.06468047 0.05030766 0.06468047 0.06468047 0.02602384 0.05427579
 0.07252952 0.04387317 0.06468047 0.06468047 0.02038814]
[0.04510557 0.1053828  0.12539098 0.02129384 0.06888597 0.02988766
 0.06888597 0.05769614 0.06888597 0.06888597 0.02025444 0.04109281
 0.07360301 0.04997265 0.06888597 0.06888597 0.01700433]
[0.02748371 0.15269768 0.10458212 0.02129912 0.07431564 0.02837647
 0.07431564 0.04957832 0.07431564 0.07431564 0.01974478 0.04097377
 0.05359336 0.04332182 0.07431564 0.07431564 0.01245505]
[0.0381774  0.12555559 0.10982744 0.02537029 0.06498142 0.03543668
 0.06498142 0.07416149 0.06498142 0.06498142 0.02458284 0.05859946
 0.05354775 0.04615267 0.06498142 0.06498142 0.01869979]
[0.04201464 0.0959072  0.1335035  0.01998778 0.06930098 0.02793037
 0.06930098 0.05941948 0.06930098 0.06930098 0.0267256  0.04525456
 0.06385114 0.05070149 0.06930098 0.06930098 0.01889825]
[0.0381774  0.12555559 0.10982744 0.02537029 0.06498142 0.03543668
 0.06498142 0.07416149 0.06498142 0.06498142 0.02458284 0.05859946
 0.05354775 0.04615267 0.06498142 0.06498142 0.01869979]
[0.04373509 0.13126989 0.12803029 0.02594003 0.0642935  0.03493403
 0.0642935  0.06276027 0.0642935  0.0642935  0.02155167 0.05026895
 0.05274751 0.04566153 0.0642935  0.0642935  0.01733974]
[0.0381774  0.12555559 0.10982744 0.02537029 0.06498142 0.03543668
 0.06498142 0.07416149 0.06498142 0.06498142 0.02458284 0.05859946
 0.05354775 0.04615267 0.06498142 0.06498142 0.01869979]
[0.0381774  0.12555559 0.10982744 0.02537029 0.06498142 0.03543668
 0.06498142 0.07416149 0.06498142 0.06498142 0.02458284 0.05859946
 0.05354775 0.04615267 0.06498142 0.06498142 0.01869979]
[0.04170477 0.10682169 0.11374731 0.02583183 0.06940276 0.03059835
 0.06940276 0.07648885 0.06940276 0.06940276 0.02407943 0.04185386
 0.05738047 0.04789428 0.06940276 0.06940276 0.01718261]
[0.03807037 0.10944536 0.11558162 0.02147378 0.06502882 0.03780847
 0.06502882 0.05689307 0.06502882 0.06502882 0.02866955 0.05797779
 0.07355092 0.05121408 0.06502882 0.06502882 0.01914207]
[0.04733215 0.10803471 0.09880437 0.0231181  0.06401605 0.03861703
 0.06401605 0.07146424 0.06401605 0.06401605 0.0256059  0.05030631
 0.07159632 0.05506148 0.06401605 0.06401605 0.02596311]
[0.03089909 0.12547556 0.11982864 0.02054827 0.06715269 0.03369987
 0.06715269 0.08706262 0.06715269 0.06715269 0.01803192 0.05167206
 0.04903814 0.04681189 0.06715269 0.06715269 0.01401586]
[0.0381774  0.12555559 0.10982744 0.02537029 0.06498142 0.03543668
 0.06498142 0.07416149 0.06498142 0.06498142 0.02458284 0.05859946
 0.05354775 0.04615267 0.06498142 0.06498142 0.01869979]
[0.0381774  0.12555559 0.10982744 0.02537029 0.06498142 0.03543668
 0.06498142 0.07416149 0.06498142 0.06498142 0.02458284 0.05859946
 0.05354775 0.04615267 0.06498142 0.06498142 0.01869979]
[0.03213506 0.11794974 0.14228638 0.02499744 0.06270289 0.03206665
 0.06270289 0.05693513 0.06270289 0.06270289 0.02182692 0.04696321
 0.06753164 0.06583254 0.06270289 0.06270289 0.01525802]]