149893
Test: public void test7() throws Throwable { EchoUDPClient echoUDPClient0 = new EchoUDPClient(); byte[] byteArray0 = new byte[8]; echoUDPClient0.open(1636);  echoUDPClient0.receive(byteArray0);   }
Code: public int receive(final byte[] data, final int length) throws IOException { receivePacket.setData(data); receivePacket.setLength(length); _socket_.receive(receivePacket); return receivePacket.getLength(); }
[[0.04659025 0.02843767 0.06463774 0.06506681 0.03972172 0.03808406
 0.02843767 0.15823074 0.1065691  0.0254238  0.06733891 0.06463774
 0.06463774 0.06463774 0.05191861 0.06463774 0.02099198]
[0.02952612 0.02067026 0.07426795 0.04201302 0.03398257 0.04113996
 0.02067026 0.1904783  0.09274778 0.02404327 0.07045616 0.07426795
 0.07426795 0.07426795 0.04809923 0.07426795 0.01483326]
[0.03812883 0.02439707 0.06307797 0.06349551 0.03735929 0.03768395
 0.02439707 0.17712441 0.12394006 0.02680506 0.06354587 0.06307797
 0.06307797 0.06307797 0.0463596  0.06307797 0.0213734 ]
[0.04358464 0.02350931 0.05757196 0.05310209 0.04460167 0.03708741
 0.02350931 0.18904334 0.13042718 0.02641778 0.06156782 0.05757196
 0.05757196 0.05757196 0.06199612 0.05757196 0.01729357]
[0.03917418 0.02249204 0.06960002 0.04474298 0.03359998 0.0360411
 0.02249204 0.16891903 0.11907802 0.02462548 0.06570126 0.06960002
 0.06960002 0.06960002 0.05435113 0.06960002 0.02078272]
[0.04452398 0.01913837 0.06574699 0.0527928  0.04911913 0.03020287
 0.01913837 0.15446019 0.11247571 0.02902013 0.0799861  0.06574699
 0.06574699 0.06574699 0.06487324 0.06574699 0.01553409]
[0.02952612 0.02067026 0.07426795 0.04201302 0.03398257 0.04113996
 0.02067026 0.1904783  0.09274778 0.02404327 0.07045616 0.07426795
 0.07426795 0.07426795 0.04809923 0.07426795 0.01483326]
[0.03495726 0.02013512 0.06211766 0.04474973 0.03406734 0.04196817
 0.02013512 0.18216014 0.12413295 0.03479586 0.07984862 0.06211766
 0.06211766 0.06211766 0.04959116 0.06211766 0.02287025]
[0.03327131 0.0188705  0.05462393 0.05150202 0.03800873 0.02798422
 0.0188705  0.20037529 0.15381393 0.02281276 0.08861739 0.05462393
 0.05462393 0.05462393 0.05596033 0.05462393 0.01679336]
[0.03543364 0.01928751 0.06704397 0.04521424 0.03604623 0.03195338
 0.01928751 0.18549547 0.13514546 0.02134033 0.06893165 0.06704397
 0.06704397 0.06704397 0.05242911 0.06704397 0.01421563]
[0.04960634 0.02324939 0.06270232 0.06079358 0.04704048 0.04891029
 0.02324939 0.14250407 0.08655469 0.03417048 0.08487827 0.06270232
 0.06270232 0.06270232 0.05642089 0.06270232 0.0291106 ]
[0.03812883 0.02439707 0.06307797 0.06349551 0.03735929 0.03768395
 0.02439707 0.17712441 0.12394006 0.02680506 0.06354587 0.06307797
 0.06307797 0.06307797 0.0463596  0.06307797 0.0213734 ]
[0.03812883 0.02439707 0.06307797 0.06349551 0.03735929 0.03768395
 0.02439707 0.17712441 0.12394006 0.02680506 0.06354587 0.06307797
 0.06307797 0.06307797 0.0463596  0.06307797 0.0213734 ]
[0.03812883 0.02439707 0.06307797 0.06349551 0.03735929 0.03768395
 0.02439707 0.17712441 0.12394006 0.02680506 0.06354587 0.06307797
 0.06307797 0.06307797 0.0463596  0.06307797 0.0213734 ]
[0.03291947 0.018907   0.06382886 0.0539875  0.03600883 0.03072953
 0.018907   0.21083462 0.1181955  0.02670958 0.06803523 0.06382886
 0.06382886 0.06382886 0.047163   0.06382886 0.01845841]
[0.03812883 0.02439707 0.06307797 0.06349551 0.03735929 0.03768395
 0.02439707 0.17712441 0.12394006 0.02680506 0.06354587 0.06307797
 0.06307797 0.06307797 0.0463596  0.06307797 0.0213734 ]
[0.03178832 0.02359181 0.05758552 0.0376876  0.04805623 0.02956306
 0.02359181 0.17278813 0.13306403 0.02757892 0.09245016 0.05758552
 0.05758552 0.05758552 0.07253593 0.05758552 0.01937638]]