84255
Test: public void test14() throws Throwable { ConstantString constantString0 = new ConstantString((-183)); String string0 = constantString0.toString(); }
Code: public String toString() { return super.toString() + "(stringIndex = " + stringIndex + ")"; }
[[0.06320137 0.08024954 0.07909408 0.09059523 0.07033655 0.08768272
 0.05135401 0.08768272 0.04017132 0.09629267 0.051354   0.08768272
 0.051354   0.03463727 0.02831176]
[0.06402953 0.07233661 0.08168934 0.10424947 0.06585497 0.08848777
 0.05538318 0.08848777 0.04303065 0.08561429 0.05538318 0.08848777
 0.05538318 0.02573996 0.02584238]
[0.04891643 0.11536694 0.07500581 0.09553416 0.07412031 0.08649007
 0.04904441 0.08649007 0.04229885 0.09577358 0.04904441 0.08649008
 0.04904441 0.02166525 0.02471524]
[0.06036353 0.08500417 0.0592209  0.10158911 0.06887734 0.07705541
 0.06327059 0.07705541 0.05045838 0.08215799 0.06327058 0.07705542
 0.06327058 0.03625456 0.03509602]
[0.04413622 0.09609661 0.06057204 0.08811723 0.06376494 0.08709192
 0.06101856 0.08709192 0.0432615  0.11416118 0.06101856 0.08709191
 0.06101856 0.02150325 0.02405559]
[0.04901318 0.08771251 0.07327075 0.08361104 0.05964433 0.08073612
 0.06797487 0.08073612 0.05393554 0.0863611  0.06797487 0.08073612
 0.06797487 0.03232796 0.02799059]
[0.06204667 0.09709948 0.07176735 0.08868188 0.0736095  0.08460591
 0.05284237 0.08460591 0.04499308 0.08812971 0.05284237 0.08460592
 0.05284236 0.03091283 0.03041465]
[0.04901318 0.08771251 0.07327075 0.08361104 0.05964433 0.08073612
 0.06797487 0.08073612 0.05393554 0.0863611  0.06797487 0.08073612
 0.06797487 0.03232796 0.02799059]
[0.06458252 0.0762776  0.05161857 0.07489926 0.07125889 0.09129331
 0.05760003 0.09129331 0.0541099  0.08755205 0.05760003 0.09129331
 0.05760003 0.04089669 0.03212449]
[0.0527076  0.11875713 0.08479746 0.13064463 0.07407402 0.08555936
 0.03904791 0.08555936 0.0358135  0.08615294 0.0390479  0.08555936
 0.03904791 0.02325095 0.01998001]
[0.06204667 0.09709948 0.07176735 0.08868188 0.0736095  0.08460591
 0.05284237 0.08460591 0.04499308 0.08812971 0.05284237 0.08460592
 0.05284236 0.03091283 0.03041465]
[0.04901318 0.08771251 0.07327075 0.08361104 0.05964433 0.08073612
 0.06797487 0.08073612 0.05393554 0.0863611  0.06797487 0.08073612
 0.06797487 0.03232796 0.02799059]
[0.06204668 0.09709948 0.07176736 0.08868189 0.0736095  0.08460591
 0.05284237 0.08460591 0.04499307 0.08812971 0.05284237 0.08460591
 0.05284236 0.03091283 0.03041465]
[0.05047063 0.1118025  0.07641367 0.10919006 0.06639978 0.08318029
 0.04912282 0.08318029 0.03353861 0.10494092 0.04912282 0.08318029
 0.04912282 0.02662319 0.0237113 ]
[0.04353731 0.07963718 0.08108124 0.12653054 0.09931946 0.07888463
 0.04849524 0.07888463 0.04095923 0.09689465 0.04849524 0.07888463
 0.04849524 0.02337776 0.02652299]]