83586
Test: public void test263() throws Throwable { Signature signature0 = new Signature((-3145), (-3145), 0, (ConstantPool) null); ByteArrayOutputStream byteArrayOutputStream0 = new ByteArrayOutputStream(862); }
Code: public String toString() { final String s = getSignature(); return "Signature: " + s; }
[[0.05956259 0.07660354 0.07871476 0.07849322 0.04768644 0.07660354
 0.02197009 0.03741893 0.08262786 0.0654365  0.08262786 0.09565754
 0.04824006 0.1231819  0.02517509]
[0.0588505  0.06842254 0.08308348 0.08466502 0.04465478 0.06842254
 0.02089051 0.04000698 0.08378241 0.05922105 0.08378241 0.08448336
 0.05075212 0.14735024 0.02163209]
[0.04000873 0.10366308 0.06982955 0.07047755 0.03791127 0.10366308
 0.0163691  0.03379517 0.074862   0.060169   0.074862   0.08744486
 0.04061172 0.16772397 0.0186089 ]
[0.05568663 0.08202473 0.05788205 0.08806096 0.05461852 0.08202473
 0.02489258 0.04629284 0.07360835 0.06428009 0.07360835 0.07870821
 0.05806688 0.12896036 0.03128468]
[0.05475435 0.08705071 0.06845388 0.08925013 0.03617129 0.08705071
 0.01693924 0.0424643  0.08670401 0.07952978 0.08670401 0.06495807
 0.05363104 0.12855884 0.01777965]
[0.0588505  0.06842254 0.08308348 0.08466502 0.04465478 0.06842254
 0.02089051 0.04000698 0.08378241 0.05922105 0.08378241 0.08448336
 0.05075212 0.14735024 0.02163209]
[0.05556163 0.06517244 0.07409903 0.07970397 0.03902531 0.06517244
 0.02299817 0.05407318 0.07552598 0.08288832 0.07552598 0.09154889
 0.05517857 0.13475306 0.0287731 ]
[0.0632118  0.07497893 0.05151791 0.07117702 0.05323912 0.07497893
 0.04157501 0.05234751 0.08941559 0.0693419  0.08941559 0.08686729
 0.05585579 0.09514917 0.0309285 ]
[0.04670787 0.08577636 0.07414806 0.07392958 0.04501752 0.08577636
 0.02213768 0.05017472 0.07797859 0.05668727 0.07797859 0.08542559
 0.06395172 0.12917654 0.02513358]
[0.03828739 0.09062034 0.05867634 0.07007647 0.03454559 0.09062034
 0.01468325 0.03714047 0.07865973 0.05640699 0.07865973 0.10706034
 0.05253886 0.1725774  0.01944678]
[0.04670787 0.08577636 0.07414806 0.07392958 0.04501752 0.08577636
 0.02213768 0.05017472 0.07797859 0.05668727 0.07797859 0.08542559
 0.06395172 0.12917654 0.02513358]
[0.04339336 0.10247238 0.07656594 0.09139865 0.0404855  0.10247238
 0.01678624 0.02822082 0.07212471 0.05847915 0.07212471 0.07633272
 0.03099159 0.17360932 0.01454254]
[0.05631605 0.09144482 0.06787843 0.07585183 0.05064274 0.09144482
 0.02463477 0.04066809 0.07858539 0.06583314 0.07858539 0.08178217
 0.04698346 0.12299056 0.02635835]
[0.06764657 0.09233238 0.06819915 0.08572766 0.0497782  0.09233238
 0.02428896 0.04107875 0.06883509 0.06469285 0.06883509 0.07822914
 0.05588144 0.11197676 0.03016565]
[0.03945899 0.07231212 0.08007107 0.09638079 0.03527503 0.07231212
 0.01616365 0.035135   0.0746633  0.08472671 0.0746633  0.09569284
 0.0429593  0.1592029  0.02098292]]