79590
Test: public void test20() throws Throwable { Constant[] constantArray0 = new Constant[0]; ConstantPool constantPool0 = new ConstantPool(constantArray0); Synthetic synthetic0 = new Synthetic((-1), (-1), (DataInput) null, constantPool0); String string0 = synthetic0.toString(); }
Code: public String toString() { final StringBuilder buf = new StringBuilder("Synthetic"); if (super.getLength() > 0) { buf.append(" ").append(Utility.toHexString(bytes)); } return buf.toString(); }
[[0.04100061 0.05325888 0.05644613 0.05030059 0.0323335  0.03742059
 0.04526263 0.0255196  0.0209806  0.05687431 0.11007021 0.05687431
 0.07154901 0.02194855 0.05030059 0.02127696 0.05687431 0.01651322
 0.04458318 0.11409897 0.01651322]
[0.03999045 0.04693229 0.05826436 0.05501363 0.02989215 0.04785801
 0.04795555 0.02728896 0.01712788 0.05748606 0.11645529 0.05748606
 0.06730244 0.0219376  0.05501363 0.02225713 0.05748605 0.01422081
 0.03994705 0.10586377 0.01422081]
[0.03016289 0.08180941 0.05597891 0.05012294 0.02799477 0.03167893
 0.0452458  0.02516359 0.01609516 0.05805904 0.10007638 0.05805904
 0.0718737  0.01912626 0.05012294 0.01771792 0.05805905 0.01339829
 0.04518343 0.13067327 0.01339829]
[0.03967924 0.06044429 0.04304374 0.05961349 0.03879371 0.04596627
 0.04506858 0.03284387 0.0227449  0.05384701 0.06888948 0.05384701
 0.05854218 0.02612066 0.05961349 0.02243815 0.05384702 0.02168672
 0.046212   0.1250715  0.02168672]
[0.03646535 0.05936652 0.0473484  0.05732048 0.02386363 0.0352815
 0.03400058 0.0283219  0.01673293 0.05910293 0.12332781 0.05910293
 0.07660928 0.01893383 0.05732048 0.01923587 0.05910292 0.01153325
 0.05290732 0.11258897 0.01153325]
[0.0369771  0.05579797 0.05192585 0.06231582 0.02887045 0.03915432
 0.03614611 0.02426063 0.01782322 0.05336051 0.10383397 0.05336051
 0.06227125 0.02587795 0.06231582 0.02218623 0.05336051 0.01683369
 0.04633049 0.13016388 0.01683369]
[0.04059541 0.05159402 0.04864345 0.0531747  0.02846812 0.03814711
 0.04745465 0.02920709 0.01659313 0.06348615 0.09341761 0.06348615
 0.072732   0.02533792 0.0531747  0.0236225  0.06348614 0.01951911
 0.03857084 0.10977006 0.01951911]
[0.04261948 0.05080201 0.03550779 0.04633361 0.03583781 0.04418277
 0.05945423 0.03481758 0.01995508 0.06033348 0.0939844  0.06033348
 0.05864666 0.03137618 0.04633361 0.01939124 0.06033349 0.02045367
 0.04643837 0.11241136 0.02045367]
[0.03189752 0.06084675 0.05820079 0.05384798 0.02535584 0.03247134
 0.0528867  0.02585206 0.02118564 0.05056366 0.11073199 0.05056366
 0.06758746 0.01779952 0.05384798 0.02072728 0.05056366 0.0159145
 0.04476701 0.1384742  0.01591449]
[0.03217606 0.06073443 0.05432741 0.0466093  0.02974774 0.05232481
 0.04901388 0.03364469 0.02407569 0.05449906 0.07804134 0.05449906
 0.08105288 0.02274439 0.0466093  0.02103787 0.05449906 0.01615659
 0.03893667 0.13311315 0.01615659]
[0.02647564 0.06605598 0.04827144 0.0442945  0.01746556 0.03531606
 0.04056662 0.01974139 0.00977825 0.0664769  0.14503351 0.0664769
 0.05616914 0.01784516 0.0442945  0.01320574 0.06647691 0.00723776
 0.03416236 0.167418   0.00723775]
[0.03217606 0.06073443 0.05432741 0.0466093  0.02974774 0.05232481
 0.04901388 0.03364469 0.02407569 0.05449906 0.07804134 0.05449906
 0.08105288 0.02274439 0.0466093  0.02103787 0.05449906 0.01615659
 0.03893667 0.13311315 0.01615659]
[0.04264639 0.05942865 0.04848735 0.05075664 0.03628122 0.03872029
 0.04026669 0.02294341 0.01430853 0.05690777 0.11208287 0.05690777
 0.0903709  0.01971439 0.05075664 0.01979859 0.05690776 0.01257336
 0.0453351  0.11223229 0.01257336]
[0.03192356 0.05503075 0.04611149 0.05035345 0.03623937 0.03971071
 0.04976268 0.02461276 0.01580715 0.05349253 0.10741365 0.05349253
 0.06509555 0.02083347 0.05035345 0.0203371  0.05349253 0.01777437
 0.04994858 0.14043994 0.01777436]
[0.03967924 0.06044429 0.04304374 0.05961349 0.03879371 0.04596627
 0.04506858 0.03284387 0.0227449  0.05384701 0.06888948 0.05384701
 0.05854218 0.02612066 0.05961349 0.02243815 0.05384702 0.02168672
 0.046212   0.1250715  0.02168672]
[0.03082194 0.04519392 0.04906745 0.04941871 0.03131202 0.03504991
 0.05035515 0.02809568 0.01881319 0.06177431 0.10954548 0.06177431
 0.08062282 0.0188698  0.04941871 0.01940954 0.06177432 0.01463138
 0.04083097 0.12858896 0.01463138]
[0.03217606 0.06073443 0.05432741 0.0466093  0.02974774 0.05232481
 0.04901388 0.03364469 0.02407569 0.05449906 0.07804134 0.05449906
 0.08105288 0.02274439 0.0466093  0.02103787 0.05449906 0.01615659
 0.03893667 0.13311315 0.01615659]
[0.02866594 0.05255998 0.05949125 0.06634588 0.02534232 0.03846606
 0.03601962 0.0251258  0.01602721 0.05487684 0.1090218  0.05487684
 0.06838109 0.01998351 0.06634588 0.01899906 0.05487683 0.01463029
 0.06049026 0.11484331 0.01463029]
[0.02760426 0.06843497 0.04492277 0.04780555 0.02454782 0.04004767
 0.03830706 0.02661161 0.01677012 0.05803957 0.11782469 0.05803957
 0.07036451 0.01998653 0.04780555 0.01692593 0.05803957 0.01341374
 0.04113445 0.14996038 0.01341374]
[0.0361852  0.06165975 0.046611   0.05632083 0.02656819 0.03706483
 0.04738633 0.02714598 0.01467259 0.05505658 0.11094971 0.05505658
 0.07657687 0.02249898 0.05632083 0.01957745 0.05505657 0.01514129
 0.03923439 0.12577474 0.01514129]
[0.02866594 0.05255998 0.05949124 0.06634588 0.02534232 0.03846604
 0.03601962 0.02512579 0.01602721 0.05487684 0.10902179 0.05487684
 0.0683811  0.01998351 0.06634588 0.01899906 0.05487684 0.01463029
 0.06049026 0.1148433  0.01463029]]