35449
Test: public void test0() throws Throwable { Duration duration0 = Duration.standardMinutes(0L); Hours hours0 = duration0.toStandardHours(); Hours hours1 = hours0.minus(34); boolean boolean0 = hours0.isLessThan(hours1); }
Code: public boolean isLessThan(Hours other) { if (other == null) { return getValue() < 0; } return getValue() < other.getValue(); }
[[0.03690339 0.09402064 0.05119265 0.06217247 0.04719546 0.09926654
 0.10025933 0.05878196 0.02008129 0.04719546 0.04036526 0.05675855
 0.02911492 0.04869378 0.01528345 0.04036526 0.05675855 0.02911492
 0.05119265 0.01528345]
[0.02613483 0.15015097 0.05121678 0.05005358 0.05634219 0.09374188
 0.10957856 0.04005892 0.0130854  0.05634219 0.04024702 0.05957081
 0.01866887 0.04322761 0.01093847 0.04024702 0.05957081 0.01866887
 0.05121678 0.01093847]
[0.0303716  0.11615583 0.05100046 0.06820348 0.04644036 0.07428148
 0.0960573  0.05789401 0.02157085 0.04644036 0.0368176  0.06706373
 0.02586815 0.04927345 0.01590567 0.0368176  0.06706373 0.02586815
 0.05100046 0.01590568]
[0.03152619 0.13429052 0.04658345 0.06658614 0.05456675 0.09308553
 0.1080679  0.04840842 0.0171981  0.05456675 0.03933805 0.05489139
 0.01933244 0.04714409 0.01213448 0.03933805 0.05489139 0.01933244
 0.04658345 0.01213448]
[0.03844576 0.08674196 0.05111573 0.06070773 0.06013115 0.06643612
 0.08556078 0.04152481 0.02519293 0.06013115 0.04446563 0.06510025
 0.03033033 0.05016318 0.02147027 0.04446563 0.06510025 0.03033033
 0.05111573 0.02147027]
[0.02265881 0.15137044 0.05404614 0.06311636 0.04403265 0.12641338
 0.13154916 0.04775871 0.00873088 0.04403265 0.02961994 0.05216771
 0.01341182 0.04806863 0.00688851 0.02961994 0.05216773 0.01341182
 0.05404615 0.00688851]
[0.03702936 0.14287424 0.05371154 0.05620398 0.04548338 0.08324084
 0.0940244  0.05368949 0.02060336 0.04548338 0.03718201 0.05647407
 0.02080604 0.05335452 0.01583285 0.03718201 0.05647407 0.02080604
 0.05371154 0.01583285]
[0.01873036 0.16643757 0.03156589 0.0646331  0.04512765 0.10356484
 0.15064602 0.04695325 0.0122222  0.04512765 0.03061623 0.06513245
 0.01582185 0.04149454 0.009395   0.03061623 0.06513246 0.01582185
 0.03156589 0.00939501]
[0.02593421 0.14880268 0.0480897  0.07064963 0.05604687 0.11837211
 0.09916238 0.0492129  0.01633413 0.05604687 0.03141341 0.05255102
 0.01847895 0.04078723 0.00879242 0.03141341 0.05255102 0.01847895
 0.0480897  0.00879242]
[0.03844576 0.08674196 0.05111573 0.06070773 0.06013115 0.06643612
 0.08556078 0.04152481 0.02519293 0.06013115 0.04446563 0.06510025
 0.03033033 0.05016318 0.02147027 0.04446563 0.06510025 0.03033033
 0.05111573 0.02147027]
[0.02385387 0.13280547 0.04877223 0.05983968 0.04413908 0.09999172
 0.11469993 0.04768902 0.01427707 0.04413908 0.03506041 0.07257472
 0.01933151 0.04264145 0.01222293 0.03506041 0.07257472 0.01933151
 0.04877223 0.01222293]
[0.02797709 0.12088598 0.04399168 0.05842644 0.04796696 0.09645419
 0.13621537 0.05222071 0.01527043 0.04796696 0.03856497 0.0553478
 0.02266087 0.04872121 0.01338204 0.03856497 0.0553478  0.02266087
 0.04399168 0.01338204]
[0.02778098 0.08828215 0.044537   0.06663326 0.04896313 0.08435757
 0.13586356 0.04973941 0.01974298 0.04896313 0.04833169 0.05761996
 0.02590885 0.04589415 0.01549236 0.04833169 0.05761997 0.02590885
 0.044537   0.01549236]
[0.03133524 0.12002613 0.04638472 0.06434911 0.04885083 0.10510261
 0.11941856 0.04476889 0.0149371  0.04885083 0.03865194 0.05086083
 0.02593007 0.05163864 0.01353346 0.03865194 0.05086084 0.02593007
 0.04638473 0.01353346]
[0.02583569 0.09446156 0.04959988 0.05785038 0.05898016 0.09807897
 0.114619   0.04414102 0.01643975 0.05898016 0.05428226 0.04958341
 0.02189269 0.05379751 0.01304967 0.05428226 0.04958342 0.02189269
 0.04959987 0.01304967]
[0.02385387 0.13280547 0.04877223 0.05983968 0.04413908 0.09999172
 0.11469993 0.04768902 0.01427707 0.04413908 0.03506041 0.07257472
 0.01933151 0.04264145 0.01222293 0.03506041 0.07257472 0.01933151
 0.04877223 0.01222293]
[0.02797709 0.12088598 0.04399168 0.05842644 0.04796696 0.09645419
 0.13621537 0.05222071 0.01527043 0.04796696 0.03856497 0.0553478
 0.02266087 0.04872121 0.01338204 0.03856497 0.0553478  0.02266087
 0.04399168 0.01338204]
[0.02778098 0.08828215 0.044537   0.06663326 0.04896313 0.08435757
 0.13586356 0.04973941 0.01974298 0.04896313 0.04833169 0.05761996
 0.02590885 0.04589415 0.01549236 0.04833169 0.05761997 0.02590885
 0.044537   0.01549236]
[0.0303716  0.11615583 0.05100046 0.06820348 0.04644036 0.07428148
 0.0960573  0.05789401 0.02157085 0.04644036 0.0368176  0.06706373
 0.02586815 0.04927345 0.01590567 0.0368176  0.06706373 0.02586815
 0.05100046 0.01590568]
[0.02583569 0.09446156 0.04959988 0.05785038 0.05898016 0.09807897
 0.114619   0.04414102 0.01643975 0.05898016 0.05428226 0.04958341
 0.02189269 0.05379751 0.01304967 0.05428226 0.04958342 0.02189269
 0.04959987 0.01304967]]