152964
Test: public void test1() throws Throwable { URLConverter uRLConverter0 = new URLConverter(); Class<URL> class0 = URL.class;  uRLConverter0.convertToType(class0, (Object) class0);   }
Code: protected <T> T convertToType(final Class<T> type, final Object value) throws Throwable { if (URL.class.equals(type)) { return type.cast(new URL(value.toString())); } throw conversionException(type, value); }
[[0.05746844 0.07214989 0.01323093 0.04682419 0.02058531 0.03510481
 0.0234376  0.01948275 0.03385291 0.08090976 0.06396069 0.05017972
 0.09083237 0.04682419 0.05017972 0.03557981 0.04682419 0.04682419
 0.01037364 0.02926566 0.04682421 0.0689114  0.01037364]
[0.06561437 0.08748672 0.01334222 0.04489822 0.01818766 0.02816941
 0.02179731 0.01955933 0.03648659 0.08973373 0.07589053 0.05203494
 0.08304043 0.04489822 0.05203494 0.03318572 0.04489822 0.04489822
 0.01188113 0.02195463 0.04489823 0.05322805 0.01188113]
[0.07730263 0.081406   0.01589774 0.04502644 0.02010932 0.03348108
 0.02542964 0.02213621 0.03355083 0.08846295 0.06049047 0.04189835
 0.07822751 0.04502644 0.04189835 0.03193938 0.04502644 0.04502644
 0.01194469 0.03164028 0.04502645 0.06710768 0.01194469]
[0.06386906 0.08174542 0.01731939 0.04499774 0.02391775 0.04536444
 0.02508818 0.02048114 0.04373064 0.08615389 0.05865347 0.04003736
 0.06512371 0.04499774 0.04003736 0.03235791 0.04499773 0.04499773
 0.01377263 0.03150985 0.04499774 0.07207654 0.01377263]
[0.05800921 0.09675381 0.0148592  0.04262698 0.02030091 0.03099491
 0.02397723 0.01904839 0.0398166  0.08567002 0.07329197 0.04264674
 0.08171396 0.04262698 0.04264674 0.03806476 0.04262698 0.04262698
 0.01024422 0.02730272 0.04262699 0.07127945 0.01024422]
[0.05436518 0.09353244 0.01491461 0.03701685 0.02084765 0.03313196
 0.01814672 0.01807223 0.03777469 0.09461544 0.0908739  0.04662496
 0.11079711 0.03701685 0.04662496 0.03319052 0.03701685 0.03701685
 0.00705617 0.02538171 0.03701685 0.06190927 0.00705617]
[0.04018597 0.09401902 0.01609623 0.04582515 0.01997004 0.03168203
 0.01853501 0.02110018 0.02662843 0.07758988 0.08371379 0.04458717
 0.09570406 0.04582515 0.04458717 0.04107485 0.04582515 0.04582515
 0.00896625 0.03047642 0.04582515 0.06699143 0.00896625]
[0.06247099 0.08096682 0.01417941 0.03864616 0.01822147 0.03340318
 0.02052435 0.02041619 0.03066843 0.10007794 0.07539031 0.05503965
 0.09081836 0.03864616 0.05503965 0.0353523  0.03864617 0.03864617
 0.01047832 0.02846696 0.03864617 0.06477651 0.01047832]
[0.05810404 0.08133082 0.01385514 0.04331428 0.02196622 0.03547492
 0.02244107 0.01854448 0.03541323 0.09101152 0.08188532 0.04496679
 0.08320392 0.04331428 0.04496679 0.03387506 0.04331428 0.04331428
 0.01133846 0.03070914 0.04331429 0.06300321 0.01133846]
[0.06706018 0.08393633 0.0104201  0.03868785 0.01808139 0.02900256
 0.01732442 0.0197871  0.04449973 0.10787091 0.07218792 0.0486154
 0.09578158 0.03868785 0.0486154  0.03449852 0.03868786 0.03868786
 0.00970522 0.02565705 0.03868786 0.06381176 0.00970522]
[0.05399039 0.08116411 0.01840696 0.04004194 0.02475376 0.03746144
 0.02330665 0.02743852 0.03908154 0.07784983 0.06108801 0.05375038
 0.06484642 0.04004194 0.05375038 0.03362968 0.04004195 0.04004195
 0.02405459 0.0280208  0.04004195 0.07314226 0.02405459]
[0.07149046 0.07317173 0.01839757 0.04550135 0.02896632 0.03919502
 0.03357016 0.02039475 0.03754839 0.0608516  0.063492   0.05363869
 0.05917197 0.04550135 0.05363869 0.0396006  0.04550136 0.04550136
 0.01914002 0.03123395 0.04550136 0.0498513  0.01914002]
[0.05844843 0.1120133  0.00921996 0.04551166 0.0147504  0.03101832
 0.01343318 0.01464021 0.02777679 0.11201095 0.07186912 0.03574583
 0.10503803 0.04551166 0.03574583 0.02463575 0.04551166 0.04551166
 0.00563378 0.01775699 0.04551166 0.07707098 0.00563378]
[0.06386906 0.08174542 0.01731939 0.04499774 0.02391775 0.04536444
 0.02508818 0.02048114 0.04373064 0.08615389 0.05865347 0.04003736
 0.06512371 0.04499774 0.04003736 0.03235791 0.04499773 0.04499773
 0.01377263 0.03150985 0.04499774 0.07207654 0.01377263]
[0.07149046 0.07317173 0.01839757 0.04550135 0.02896632 0.03919502
 0.03357016 0.02039475 0.03754839 0.0608516  0.063492   0.05363869
 0.05917197 0.04550135 0.05363869 0.0396006  0.04550136 0.04550136
 0.01914002 0.03123395 0.04550136 0.0498513  0.01914002]
[0.06384772 0.09283065 0.01216017 0.04410995 0.01992139 0.02771555
 0.01919213 0.02000782 0.03650432 0.08424713 0.08260772 0.03855136
 0.09009503 0.04410995 0.03855136 0.03153847 0.04410995 0.04410995
 0.01072646 0.02473868 0.04410996 0.0754878  0.01072646]
[0.06386906 0.08174542 0.01731939 0.04499774 0.02391775 0.04536444
 0.02508818 0.02048114 0.04373064 0.08615389 0.05865347 0.04003736
 0.06512371 0.04499774 0.04003736 0.03235791 0.04499773 0.04499773
 0.01377263 0.03150985 0.04499774 0.07207654 0.01377263]
[0.06386906 0.08174542 0.01731939 0.04499774 0.02391775 0.04536444
 0.02508818 0.02048114 0.04373064 0.08615389 0.05865347 0.04003736
 0.06512371 0.04499774 0.04003736 0.03235791 0.04499773 0.04499773
 0.01377263 0.03150985 0.04499774 0.07207654 0.01377263]
[0.05239136 0.10304601 0.01514964 0.04268727 0.01888628 0.02930664
 0.01936284 0.02161642 0.02720276 0.09365711 0.08071955 0.04891596
 0.08355078 0.04268727 0.04891596 0.04598517 0.04268727 0.04268727
 0.0109059  0.02849614 0.04268727 0.04754917 0.0109059 ]
[0.06717905 0.09773843 0.01267483 0.04008632 0.01850577 0.02969122
 0.02061912 0.0164519  0.03774823 0.0781581  0.08068945 0.05419713
 0.08135653 0.04008632 0.05419713 0.03999693 0.04008632 0.04008632
 0.00949865 0.02804849 0.04008633 0.06331882 0.00949865]
[0.06386906 0.08174544 0.01731939 0.04499773 0.02391775 0.04536444
 0.02508819 0.02048114 0.04373064 0.0861539  0.05865347 0.04003736
 0.06512371 0.04499773 0.04003736 0.03235791 0.04499773 0.04499773
 0.01377263 0.03150985 0.04499774 0.07207653 0.01377263]
[0.05207019 0.08625318 0.01863326 0.03961672 0.02105288 0.03987241
 0.02444066 0.02199681 0.03612681 0.06857679 0.09428225 0.04720168
 0.08247154 0.03961672 0.04720168 0.03937099 0.03961672 0.03961672
 0.01062032 0.03023172 0.03961671 0.07089292 0.01062031]
[0.05239137 0.10304609 0.01514964 0.04268727 0.01888628 0.02930664
 0.01936284 0.02161642 0.02720276 0.09365711 0.08071954 0.04891596
 0.08355077 0.04268727 0.04891596 0.04598517 0.04268727 0.04268727
 0.0109059  0.02849614 0.04268728 0.04754917 0.0109059 ]]