33489
Test: public void test429() throws Throwable { int int0 = 3475; Random.setNextRandom(3475); MathContext mathContext0 = MathContext.UNLIMITED; JexlArithmetic jexlArithmetic0 = new JexlArithmetic(true, mathContext0, 3475); Number number0 = jexlArithmetic0.narrowLong(mathContext0, mathContext0, (-1L)); BigDecimal bigDecimal0 = BigDecimal.ZERO; jexlArithmetic0.narrowBigDecimal(number0, number0, bigDecimal0); // Undeclared exception!  jexlArithmetic0.controlNullNullOperands();   }
Code: protected Object controlNullNullOperands() { if (isStrict()) { throw new NullOperand(); } return 0; }
[[0.10435241 0.03505817 0.08457424 0.08894569 0.1633236  0.08457424
 0.08894569 0.0525462  0.02422945 0.08457424 0.01845419 0.06377614
 0.08819155 0.01845419]
[0.11618576 0.03761439 0.07135859 0.0998199  0.16755848 0.07135859
 0.0998199  0.05229235 0.02474426 0.07135859 0.01908026 0.06501164
 0.08471699 0.01908025]
[0.12292048 0.03947297 0.08666474 0.07723685 0.12548262 0.08666474
 0.07723685 0.06070319 0.0387366  0.08666474 0.02656081 0.06233762
 0.08275688 0.02656081]
[0.12431594 0.03593731 0.0796634  0.09566592 0.10411385 0.0796634
 0.09566592 0.05508942 0.03386727 0.07966341 0.03394824 0.06962871
 0.07882897 0.03394824]
[0.11568445 0.02989132 0.09175132 0.07663362 0.21659952 0.09175132
 0.07663362 0.03683016 0.01478906 0.09175135 0.01192984 0.05071724
 0.08310734 0.01192984]
[0.12292048 0.03947297 0.08666474 0.07723685 0.12548262 0.08666474
 0.07723685 0.06070319 0.0387366  0.08666474 0.02656081 0.06233762
 0.08275688 0.02656081]
[0.12431594 0.03593731 0.0796634  0.09566592 0.10411385 0.0796634
 0.09566592 0.05508942 0.03386727 0.07966341 0.03394824 0.06962871
 0.07882897 0.03394824]
[0.12364023 0.03087503 0.07467252 0.10382343 0.15268186 0.07467252
 0.10382343 0.05261445 0.02455222 0.07467252 0.01798188 0.07516862
 0.07283939 0.01798187]
[0.11638786 0.03790336 0.07786099 0.08464856 0.17089464 0.07786099
 0.08464856 0.05620352 0.0326959  0.077861   0.02492636 0.06941286
 0.06376906 0.02492636]
[0.12292048 0.03947297 0.08666474 0.07723685 0.12548262 0.08666474
 0.07723685 0.06070319 0.0387366  0.08666474 0.02656081 0.06233762
 0.08275688 0.02656081]
[0.09306362 0.04029132 0.0770742  0.09584526 0.15436101 0.0770742
 0.09584526 0.05351099 0.02263324 0.07707419 0.02101752 0.08601497
 0.08517673 0.02101752]
[0.12443522 0.03911129 0.08610922 0.07555612 0.17595264 0.08610922
 0.07555612 0.04833876 0.02517438 0.08610922 0.02101111 0.06160495
 0.07392062 0.02101111]
[0.08546332 0.03918483 0.07927335 0.0863388  0.181056   0.07927335
 0.0863388  0.05500546 0.02506372 0.07927335 0.02371841 0.06665784
 0.08963433 0.02371841]
[0.09306362 0.04029132 0.07707419 0.09584527 0.15436098 0.07707419
 0.09584527 0.053511   0.02263324 0.07707419 0.02101752 0.08601497
 0.08517674 0.02101752]]