14164
Test: public void test13() throws Throwable { StandardToStringStyle standardToStringStyle0 = new StandardToStringStyle(); String string0 = standardToStringStyle0.getNullText(); }
Code: public String getNullText() { // NOPMD as this is implementing the abstract class return super.getNullText(); }
[[0.04969731 0.06384173 0.13914132 0.06601597 0.06894282 0.06894282
 0.0486788  0.07332068 0.10794725 0.06894282 0.03003297 0.0220775
 0.04769225 0.054663   0.06894282 0.02111991]
[0.04862301 0.05615106 0.13700299 0.0721421  0.0687404  0.0687404
 0.05017084 0.07010233 0.10133265 0.0687404  0.04097882 0.02349341
 0.05756606 0.04918598 0.0687404  0.01828917]
[0.03813661 0.07476231 0.11684206 0.09869818 0.05830943 0.05830943
 0.04888761 0.07077179 0.12161917 0.05830943 0.03481402 0.02228269
 0.06106608 0.05963595 0.05830943 0.01924578]
[0.05152429 0.07444078 0.09660993 0.08375782 0.06708997 0.06708997
 0.06746273 0.06994174 0.07888427 0.06708997 0.03263395 0.03611419
 0.05170657 0.05917758 0.06708997 0.02938626]
[0.03939491 0.07267583 0.13449065 0.06148985 0.06592604 0.06592604
 0.06416343 0.07694326 0.11380247 0.06592604 0.03145356 0.02101525
 0.05211088 0.04778904 0.06592604 0.02096675]
[0.03939491 0.07267583 0.13449065 0.06148985 0.06592604 0.06592604
 0.06416343 0.07694326 0.11380247 0.06592604 0.03145356 0.02101525
 0.05211088 0.04778904 0.06592604 0.02096675]
[0.05063663 0.06588341 0.13725935 0.07710008 0.06742937 0.06742937
 0.0593192  0.06134797 0.08850741 0.06742937 0.03325531 0.02256576
 0.05567834 0.05850612 0.06742937 0.02022293]
[0.04591328 0.07401764 0.0975333  0.09055055 0.06327616 0.06327616
 0.05413797 0.07815525 0.11086665 0.06327616 0.03561307 0.02469105
 0.05553342 0.06320895 0.06327616 0.01667429]
[0.05092165 0.07031528 0.11173152 0.07871299 0.06583661 0.06583661
 0.05792527 0.0560567  0.09924676 0.06583661 0.03698667 0.03094033
 0.05615185 0.06698322 0.06583661 0.02068132]
[0.03939491 0.07267583 0.13449065 0.06148985 0.06592604 0.06592604
 0.06416343 0.07694326 0.11380247 0.06592604 0.03145356 0.02101525
 0.05211088 0.04778904 0.06592604 0.02096675]
[0.04671224 0.06660463 0.14895487 0.08316414 0.06260332 0.06260332
 0.0477169  0.07516065 0.10442223 0.06260332 0.038383   0.02065953
 0.04757669 0.05266304 0.06260332 0.01756869]
[0.046664   0.062232   0.09578877 0.07368215 0.07495876 0.07495876
 0.04787019 0.0689779  0.09369749 0.07495876 0.04261908 0.01882789
 0.06968095 0.05953867 0.07495876 0.02058587]
[0.0366047  0.06355475 0.13605659 0.07714377 0.06654251 0.06654251
 0.04704821 0.0864331  0.11442611 0.06654251 0.03224643 0.01998436
 0.04661949 0.0576578  0.06654251 0.01605471]
[0.03498509 0.07706924 0.14870253 0.06906056 0.0694187  0.0694187
 0.04726507 0.08617973 0.09435661 0.0694187  0.02562205 0.02058449
 0.04892854 0.05067899 0.0694187  0.0188923 ]
[0.03939491 0.07267583 0.13449065 0.06148985 0.06592604 0.06592604
 0.06416343 0.07694326 0.11380247 0.06592604 0.03145356 0.02101525
 0.05211088 0.04778904 0.06592604 0.02096675]
[0.03513186 0.06437171 0.11645748 0.08724426 0.06622756 0.06622756
 0.04533412 0.05759576 0.13028221 0.06622756 0.03457524 0.02347442
 0.0458519  0.07584963 0.06622756 0.01892116]]