29468
Test: public void test183() throws Throwable { boolean boolean0 = SimpleTextParser.isNewLinePart(9); }
Code: public static boolean isNewLinePart(final int ch) { return ch == CR || ch == LF; }
[[0.04555734 0.13736762 0.11292291 0.0632005  0.02868419 0.04755738
 0.06142444 0.05022148 0.07770504 0.07166458 0.02710017 0.04446505
 0.07770504 0.07166458 0.0632005  0.01955918]
[0.04581221 0.12903546 0.13336845 0.06087644 0.02305092 0.03100582
 0.08941225 0.04394692 0.08728544 0.05691694 0.02524069 0.04524469
 0.08728544 0.05691694 0.06087644 0.02372498]
[0.0338737  0.12564169 0.18077087 0.06523408 0.01674459 0.02914121
 0.08175229 0.05491098 0.08371751 0.05154321 0.0201275  0.04061873
 0.08371751 0.05154321 0.06523408 0.01542892]
[0.03530171 0.12355705 0.13180058 0.05879029 0.02278931 0.03220387
 0.05668164 0.04286538 0.10136174 0.06678224 0.03301659 0.04870357
 0.10136174 0.06678224 0.05879029 0.01921184]
[0.02604468 0.16142048 0.10042579 0.06714812 0.01888304 0.0363536
 0.05836313 0.04196991 0.09914821 0.06588335 0.02842724 0.05109551
 0.09914821 0.06588335 0.06714812 0.01265733]
[0.03468216 0.12634978 0.15105905 0.0622234  0.01720609 0.0350115
 0.08157844 0.04577332 0.09499792 0.0568028  0.02025996 0.04564556
 0.09499792 0.0568028  0.0622234  0.01438591]
[0.05157963 0.12155115 0.11343002 0.06748599 0.02468509 0.03749324
 0.08312143 0.05933607 0.07822572 0.0551462  0.03222805 0.04558185
 0.07822572 0.0551462  0.06748599 0.0292776 ]
[0.03059679 0.14069884 0.1620141  0.06132331 0.01834602 0.03823106
 0.05914534 0.04453713 0.09498575 0.05956326 0.02324177 0.0352015
 0.09498575 0.05956326 0.06132331 0.01624284]
[0.04837565 0.12552656 0.14083654 0.0630115  0.02086098 0.02894557
 0.0888584  0.04798663 0.09363466 0.05362019 0.02865799 0.03339572
 0.09363466 0.05362019 0.0630115  0.01602329]
[0.02487591 0.14522862 0.20549881 0.04015234 0.01524336 0.02971854
 0.06558286 0.04104194 0.09682778 0.06130656 0.02030739 0.04255757
 0.09682778 0.06130656 0.04015234 0.01337162]
[0.03490046 0.13017745 0.15405896 0.05882567 0.01677265 0.03188133
 0.07676961 0.04720408 0.09041229 0.06267421 0.02325892 0.04444531
 0.09041229 0.06267421 0.05882567 0.01670688]
[0.0349612  0.13412796 0.12749457 0.06972668 0.02124181 0.03685613
 0.0986978  0.05164269 0.08100352 0.05630893 0.02584556 0.04314579
 0.08100352 0.05630893 0.06972668 0.01190831]
[0.04837565 0.12552656 0.14083654 0.0630115  0.02086098 0.02894557
 0.0888584  0.04798663 0.09363466 0.05362019 0.02865799 0.03339572
 0.09363466 0.05362019 0.0630115  0.01602329]
[0.02487591 0.14522862 0.20549881 0.04015234 0.01524336 0.02971854
 0.06558286 0.04104194 0.09682778 0.06130656 0.02030739 0.04255757
 0.09682778 0.06130656 0.04015234 0.01337162]
[0.03530171 0.12355705 0.13180058 0.05879029 0.02278931 0.03220387
 0.05668164 0.04286538 0.10136174 0.06678224 0.03301659 0.04870357
 0.10136174 0.06678224 0.05879029 0.01921184]
[0.03174176 0.13219085 0.11137025 0.05959792 0.02409358 0.04111183
 0.08020532 0.06892927 0.09569046 0.05489022 0.02695601 0.04571812
 0.09569046 0.05489022 0.05959792 0.01732577]]