40397
Test: public void test29() throws Throwable { EthiopicChronology ethiopicChronology0 = EthiopicChronology.getInstance((DateTimeZone) null); DateTime dateTime0 = new DateTime(2883L, (Chronology) ethiopicChronology0); Locale locale0 = Locale.JAPAN; Calendar calendar0 = dateTime0.toCalendar(locale0); }
Code: public Calendar toCalendar(Locale locale) { if (locale == null) { locale = Locale.getDefault(); } DateTimeZone zone = getZone(); Calendar cal = Calendar.getInstance(zone.toTimeZone(), locale); cal.setTime(toDate()); return cal; }
[[0.02732984 0.05489712 0.03791626 0.02050807 0.03925331 0.07395279
 0.03398492 0.04230552 0.01429057 0.03925331 0.04878365 0.01737604
 0.05648322 0.0122597  0.02996547 0.06302638 0.01737604 0.03791626
 0.05489712 0.05402565 0.01737604 0.03791626 0.05038936 0.03791626
 0.03042487 0.03791627 0.0122597 ]
[0.02334097 0.05044897 0.03529468 0.01725454 0.04667891 0.07355092
 0.03251365 0.0357254  0.01150405 0.04667891 0.04478804 0.02126654
 0.05269499 0.01084239 0.03223429 0.06934525 0.02126654 0.03529468
 0.05044897 0.07272084 0.02126654 0.03529468 0.0482835  0.03529468
 0.02983002 0.03529469 0.01084239]
[0.02130517 0.05450498 0.03505056 0.02520957 0.03658755 0.05311888
 0.02899705 0.03985571 0.01535383 0.03658755 0.05567924 0.02349663
 0.05352844 0.01223222 0.03031176 0.06954722 0.02349663 0.03505056
 0.05450498 0.0901013  0.02349663 0.03505056 0.03866695 0.03505056
 0.02593276 0.03505056 0.01223222]
[0.02409502 0.04064253 0.04388329 0.02135585 0.04240689 0.06185604
 0.03063368 0.04214919 0.01435301 0.04240689 0.04999497 0.01809233
 0.06213466 0.00989973 0.03419875 0.0646273  0.01809233 0.04388329
 0.04064253 0.06253972 0.01809233 0.04388329 0.04167044 0.04388329
 0.03079963 0.04388329 0.00989973]
[0.02941412 0.04149288 0.03771051 0.02295157 0.0491378  0.05041694
 0.03585785 0.03104775 0.01865945 0.0491378  0.04573103 0.024571
 0.06151617 0.01703126 0.02826998 0.0557654  0.024571   0.03771051
 0.04149288 0.07143345 0.024571   0.03771051 0.03773645 0.03771051
 0.03361044 0.03771052 0.01703126]
[0.01676369 0.03669252 0.03623973 0.01541555 0.04063217 0.09653483
 0.01990626 0.03237871 0.00631499 0.04063217 0.05062638 0.01358206
 0.05742949 0.00600948 0.02384416 0.0722498  0.01358206 0.03623973
 0.03669252 0.14768797 0.01358206 0.03623973 0.04981802 0.03623973
 0.02241699 0.03623974 0.00600948]
[0.02537216 0.0517165  0.03454836 0.02313674 0.05018772 0.06041709
 0.03830669 0.03191501 0.01614643 0.05018772 0.04538947 0.01913674
 0.06189815 0.01540622 0.02284965 0.06344227 0.01913674 0.03454836
 0.0517165  0.07811385 0.01913674 0.03454836 0.03897527 0.03454836
 0.02926434 0.03454836 0.01540622]
[0.01640317 0.0448144  0.02595818 0.01878591 0.04489875 0.09012733
 0.02846168 0.0401175  0.01061436 0.04489875 0.06341106 0.01717521
 0.06232931 0.00907895 0.02729728 0.0656826  0.01717521 0.02595818
 0.0448144  0.12571238 0.01717521 0.02595818 0.04498231 0.02595818
 0.02717438 0.02595819 0.00907895]
[0.02140759 0.05146929 0.03787282 0.01897183 0.0501231  0.09664523
 0.02595002 0.03961279 0.01303866 0.0501231  0.04895046 0.01398053
 0.05445132 0.00762203 0.02782895 0.06526048 0.01398053 0.03787282
 0.05146929 0.06531318 0.01398053 0.03787282 0.04677799 0.03787282
 0.02605689 0.03787282 0.00762203]
[0.02941412 0.04149288 0.03771051 0.02295157 0.0491378  0.05041694
 0.03585785 0.03104775 0.01865945 0.0491378  0.04573103 0.024571
 0.06151617 0.01703126 0.02826998 0.0557654  0.024571   0.03771051
 0.04149288 0.07143345 0.024571   0.03771051 0.03773645 0.03771051
 0.03361044 0.03771052 0.01703126]
[0.02197537 0.04282526 0.03380722 0.02234105 0.0493829  0.07728
 0.03084624 0.03620554 0.01172269 0.0493829  0.05227822 0.01928873
 0.06645928 0.00875859 0.0366482  0.06061786 0.01928873 0.03380722
 0.04282526 0.06677277 0.01928873 0.03380722 0.05686685 0.03380722
 0.03115011 0.03380723 0.00875859]
[0.03002033 0.04555773 0.04243467 0.01889194 0.03488035 0.06664363
 0.03594283 0.03363014 0.01896377 0.03488035 0.05078452 0.02517082
 0.04879298 0.01494818 0.03700281 0.05570946 0.02517082 0.04243467
 0.04555773 0.05198346 0.02517082 0.04243467 0.04003979 0.04243467
 0.03313598 0.04243468 0.01494818]
[0.0230734  0.03317427 0.03939293 0.02477561 0.04746655 0.07489473
 0.02740967 0.03430167 0.011838   0.04746655 0.0555866  0.01674203
 0.04665593 0.00797984 0.03483157 0.07017171 0.01674203 0.03939293
 0.03317427 0.09923419 0.01674203 0.03939293 0.04300278 0.03939293
 0.02979201 0.03939293 0.00797984]
[0.01857161 0.04323881 0.03464896 0.0190694  0.04820232 0.07177626
 0.02825911 0.03222388 0.01162538 0.04820232 0.05120343 0.01684499
 0.07610078 0.01035003 0.02949475 0.08042648 0.01684499 0.03464896
 0.04323881 0.06037143 0.01684499 0.03464896 0.05281726 0.03464896
 0.04069812 0.03464897 0.01035003]
[0.02427764 0.04853126 0.03676663 0.01857091 0.04743795 0.07625638
 0.03081299 0.03827835 0.01333127 0.04743795 0.04746239 0.01658231
 0.05267474 0.00986243 0.03355781 0.06983048 0.01658231 0.03676663
 0.04853126 0.07167567 0.01658231 0.03676663 0.04757297 0.03676663
 0.03045506 0.03676663 0.00986243]
[0.02287471 0.05827615 0.03262365 0.02251348 0.05513055 0.076619
 0.03111143 0.03323359 0.01264895 0.05513055 0.0515606  0.01485074
 0.05750654 0.01007251 0.02596258 0.06091157 0.01485074 0.03262365
 0.05827615 0.07815048 0.01485074 0.03262365 0.04508185 0.03262365
 0.02719635 0.03262366 0.01007251]
[0.03002033 0.04555773 0.04243467 0.01889194 0.03488035 0.06664363
 0.03594283 0.03363014 0.01896377 0.03488035 0.05078452 0.02517082
 0.04879298 0.01494818 0.03700281 0.05570946 0.02517082 0.04243467
 0.04555773 0.05198346 0.02517082 0.04243467 0.04003979 0.04243467
 0.03313598 0.04243468 0.01494818]
[0.02130517 0.05450498 0.03505056 0.02520957 0.03658755 0.05311888
 0.02899705 0.03985571 0.01535383 0.03658755 0.05567924 0.02349663
 0.05352844 0.01223222 0.03031176 0.06954722 0.02349663 0.03505056
 0.05450498 0.0901013  0.02349663 0.03505056 0.03866695 0.03505056
 0.02593276 0.03505056 0.01223222]
[0.02334097 0.05044897 0.03529468 0.01725454 0.04667891 0.07355092
 0.03251365 0.0357254  0.01150405 0.04667891 0.04478804 0.02126654
 0.05269499 0.01084239 0.03223429 0.06934525 0.02126654 0.03529468
 0.05044897 0.07272084 0.02126654 0.03529468 0.0482835  0.03529468
 0.02983002 0.03529469 0.01084239]
[0.0217294  0.0473423  0.03890238 0.02528741 0.04286902 0.07174446
 0.02887358 0.04034563 0.01448545 0.04286902 0.04896782 0.01823187
 0.05062648 0.01157089 0.03037249 0.06909035 0.01823187 0.03890238
 0.0473423  0.07017227 0.01823187 0.03890238 0.04259631 0.03890238
 0.03293634 0.03890239 0.01157089]
[0.03002033 0.04555773 0.04243467 0.01889194 0.03488035 0.06664363
 0.03594283 0.03363014 0.01896377 0.03488035 0.05078452 0.02517082
 0.04879298 0.01494818 0.03700281 0.05570946 0.02517082 0.04243467
 0.04555773 0.05198346 0.02517082 0.04243467 0.04003979 0.04243467
 0.03313598 0.04243468 0.01494818]
[0.02130517 0.05450498 0.03505056 0.02520957 0.03658755 0.05311888
 0.02899705 0.03985571 0.01535383 0.03658755 0.05567924 0.02349663
 0.05352844 0.01223222 0.03031176 0.06954722 0.02349663 0.03505056
 0.05450498 0.0901013  0.02349663 0.03505056 0.03866695 0.03505056
 0.02593276 0.03505056 0.01223222]
[0.02051857 0.05303076 0.03071648 0.02076182 0.04429786 0.08774141
 0.027312   0.03938931 0.01184962 0.04429786 0.05301376 0.01556175
 0.06224663 0.011129   0.02693863 0.06759368 0.01556175 0.03071648
 0.05303076 0.08407315 0.01556175 0.03071648 0.05237634 0.03071648
 0.02900206 0.03071649 0.011129  ]
[0.02130517 0.05450498 0.03505056 0.02520957 0.03658755 0.05311888
 0.02899705 0.03985571 0.01535383 0.03658755 0.05567924 0.02349663
 0.05352844 0.01223222 0.03031176 0.06954722 0.02349663 0.03505056
 0.05450498 0.0901013  0.02349663 0.03505056 0.03866695 0.03505056
 0.02593276 0.03505056 0.01223222]
[0.01854377 0.04593851 0.03626074 0.01807158 0.03769943 0.07554788
 0.02921404 0.03492242 0.01080384 0.03769943 0.0552396  0.01821755
 0.0605057  0.01025812 0.02662415 0.06590046 0.01821755 0.03626074
 0.04593851 0.11537514 0.01821755 0.03626074 0.03882828 0.03626074
 0.02667455 0.03626074 0.01025812]
[0.02130517 0.05450498 0.03505056 0.02520957 0.03658756 0.05311888
 0.02899705 0.0398557  0.01535383 0.03658756 0.05567923 0.02349663
 0.05352844 0.01223222 0.03031175 0.06954725 0.02349663 0.03505056
 0.05450498 0.09010127 0.02349663 0.03505056 0.03866695 0.03505056
 0.02593276 0.03505056 0.01223222]
[0.0185716  0.04323881 0.03464896 0.0190694  0.04820232 0.07177625
 0.02825911 0.03222389 0.01162538 0.04820232 0.05120344 0.01684498
 0.07610078 0.01035003 0.02949475 0.0804265  0.01684498 0.03464896
 0.04323881 0.06037144 0.01684498 0.03464896 0.05281726 0.03464896
 0.04069812 0.03464897 0.01035003]]