20036
Test: public void test85() throws Throwable { Fraction fraction0 = Fraction.getFraction(Integer.MIN_VALUE, 1662); // Undeclared exception!  fraction0.abs();   }
Code: public Fraction abs() { if (numerator >= 0) { return this; } return negate(); }
[[0.06031711 0.1631146  0.08366622 0.07074012 0.16159534 0.04555813
 0.04965729 0.03150068 0.07074011 0.06518508 0.0493362  0.02358012
 0.06518509 0.03624378 0.02358012]
[0.05115589 0.15862183 0.09249456 0.08523969 0.14782111 0.04864969
 0.05893005 0.02908233 0.08523969 0.06541798 0.0384421  0.02224622
 0.06541799 0.02899466 0.02224622]
[0.05371834 0.1778726  0.09224349 0.07086755 0.1285385  0.04904886
 0.05516281 0.03592684 0.07086754 0.06482194 0.04844316 0.025112
 0.06482195 0.03744239 0.025112  ]
[0.06266475 0.1090675  0.08892602 0.08543291 0.10994221 0.06777059
 0.04879788 0.03958106 0.08543292 0.07412055 0.05017219 0.03256726
 0.07412057 0.03883637 0.03256726]
[0.04201299 0.20715976 0.1070266  0.06698218 0.22891137 0.03807657
 0.03509022 0.0271049  0.06698217 0.05400413 0.02832967 0.01111042
 0.05400413 0.02209444 0.01111042]
[0.0504194  0.16456473 0.0812998  0.0717067  0.14910305 0.05601633
 0.04265935 0.02995009 0.07170671 0.07690002 0.0526768  0.0227494
 0.07690002 0.03059828 0.0227494 ]
[0.05220851 0.13416067 0.09728248 0.08214536 0.1540842  0.05802387
 0.06010284 0.03388798 0.08214536 0.06919493 0.0353176  0.02014014
 0.06919493 0.03197102 0.02014013]
[0.0497462  0.14410292 0.08462919 0.07148609 0.16701776 0.04926175
 0.05480631 0.0308487  0.07148609 0.07716277 0.04441468 0.02578277
 0.07716277 0.02630919 0.02578277]
[0.06266475 0.1090675  0.08892602 0.08543291 0.10994221 0.06777059
 0.04879788 0.03958106 0.08543292 0.07412055 0.05017219 0.03256726
 0.07412057 0.03883637 0.03256726]
[0.04243124 0.18835665 0.09138836 0.06903296 0.18398273 0.05027814
 0.04472859 0.02909846 0.06903296 0.06399253 0.03602641 0.01962486
 0.06399254 0.02840875 0.01962486]
[0.06133925 0.12294739 0.09312601 0.08257588 0.14883704 0.06133611
 0.04397409 0.03456878 0.08257584 0.07549804 0.03612429 0.02399462
 0.07549804 0.03361001 0.02399461]
[0.04403202 0.12956885 0.08719368 0.08515732 0.16378643 0.04832903
 0.04529104 0.02755931 0.08515733 0.08807283 0.03748681 0.01967509
 0.08807284 0.03094232 0.01967509]
[0.04243124 0.18835667 0.09138836 0.06903294 0.18398272 0.05027813
 0.04472859 0.02909846 0.06903294 0.06399253 0.0360264  0.01962486
 0.06399253 0.02840875 0.01962486]
[0.06406826 0.1305069  0.0870855  0.0780765  0.18290994 0.05399154
 0.04480334 0.03440611 0.0780765  0.06511113 0.04563374 0.02020586
 0.06511115 0.02980769 0.02020586]
[0.04403203 0.12956883 0.08719369 0.08515733 0.16378641 0.04832904
 0.04529104 0.02755932 0.08515733 0.08807284 0.03748681 0.01967509
 0.08807284 0.03094233 0.01967509]]