38647
Test: public void test30() throws Throwable { Days days0 = Days.MAX_VALUE; // Undeclared exception!  days0.plus(4483);   }
Code: public Days plus(int days) { if (days == 0) { return this; } return Days.days(FieldUtils.safeAdd(getValue(), days)); }
[[0.04278055 0.05935079 0.05935079 0.16664329 0.06026744 0.11564147
 0.0871172  0.0665585  0.02478464 0.06026744 0.04747991 0.0380909
 0.01893302 0.04747991 0.05935079 0.02697032 0.01893302]
[0.03550879 0.05809852 0.05809852 0.17921522 0.06274518 0.08897731
 0.10705411 0.0660937  0.02842921 0.06274518 0.04326808 0.03660416
 0.02086025 0.04326808 0.05809852 0.03007484 0.02086025]
[0.03550879 0.05809852 0.05809852 0.17921522 0.06274518 0.08897731
 0.10705411 0.0660937  0.02842921 0.06274518 0.04326808 0.03660416
 0.02086025 0.04326808 0.05809852 0.03007484 0.02086025]
[0.04661263 0.05915181 0.05915181 0.18206644 0.05824471 0.10332488
 0.09293834 0.05181408 0.02364675 0.05824471 0.0541734  0.0333212
 0.01736517 0.0541734  0.05915181 0.02925367 0.01736517]
[0.04575698 0.05876234 0.05876234 0.12075165 0.07621653 0.07845855
 0.11613717 0.04834964 0.03155435 0.07621653 0.05231394 0.03887744
 0.02645102 0.05231394 0.05876234 0.03386426 0.02645101]
[0.02525781 0.05306201 0.05306201 0.26446575 0.06453327 0.14668676
 0.07962139 0.04756978 0.02519429 0.06453327 0.03398256 0.02289835
 0.00943    0.03398256 0.05306201 0.01322823 0.00943   ]
[0.03631156 0.05430884 0.05430884 0.18634042 0.07240261 0.13161184
 0.0690225  0.05243474 0.03535613 0.07240261 0.04367767 0.03628623
 0.01546255 0.04367767 0.05430884 0.02662443 0.01546255]
[0.02403285 0.03574413 0.03574413 0.25524977 0.07308259 0.13127518
 0.09203268 0.05741757 0.03030731 0.07308259 0.04030567 0.02985808
 0.01445732 0.04030567 0.03574413 0.01690309 0.01445732]
[0.03535846 0.05765478 0.05765478 0.16714829 0.06451253 0.11942699
 0.0782753  0.05781045 0.02509895 0.06451253 0.05616415 0.03317183
 0.02208512 0.05616415 0.05765478 0.02522179 0.02208512]
[0.04575698 0.05876234 0.05876234 0.12075165 0.07621653 0.07845855
 0.11613717 0.04834964 0.03155435 0.07621653 0.05231394 0.03887744
 0.02645102 0.05231394 0.05876234 0.03386426 0.02645101]
[0.02788117 0.05249581 0.05249581 0.25269875 0.06082391 0.11091662
 0.0977239  0.04987668 0.02476099 0.06082391 0.03939536 0.02656316
 0.01634825 0.03939536 0.05249581 0.01895625 0.01634825]
[0.0443881  0.06089964 0.06089964 0.16107395 0.07338466 0.10734215
 0.07994808 0.05430294 0.0272595  0.07338466 0.05337892 0.02835364
 0.01941704 0.05337892 0.06089964 0.0222715  0.01941704]
[0.03070533 0.05724236 0.05724236 0.14797793 0.07995179 0.11872742
 0.07802819 0.05329911 0.02306866 0.07995179 0.06736232 0.02941476
 0.01715505 0.06736232 0.05724236 0.01811314 0.01715505]
[0.02788117 0.05249581 0.05249581 0.25269875 0.06082391 0.11091662
 0.0977239  0.04987668 0.02476099 0.06082391 0.03939536 0.02656316
 0.01634825 0.03939536 0.05249581 0.01895625 0.01634825]
[0.03550879 0.05809852 0.05809852 0.17921522 0.06274518 0.08897731
 0.10705411 0.0660937  0.02842921 0.06274518 0.04326808 0.03660416
 0.02086025 0.04326808 0.05809852 0.03007484 0.02086025]
[0.03366271 0.06369464 0.06369464 0.15166043 0.06278089 0.13963859
 0.09560563 0.05952539 0.02027134 0.06278089 0.04964958 0.03368752
 0.01325974 0.04964958 0.06369464 0.02348403 0.01325974]
[0.03070533 0.05724236 0.05724236 0.14797798 0.07995181 0.11872742
 0.07802817 0.05329911 0.02306867 0.07995181 0.06736232 0.02941476
 0.01715505 0.06736232 0.05724236 0.01811315 0.01715505]]