150413
Test: public void test198() throws Throwable { FTPClient fTPClient0 = new FTPClient();  fTPClient0.restart((-404L));   }
Code: protected boolean restart(final long offset) throws IOException { restartOffset = 0; return FTPReply.isPositiveIntermediate(rest(Long.toString(offset))); }
[[0.07992183 0.14439005 0.0695812  0.06385508 0.06753673 0.12172887
 0.02946515 0.09131438 0.0695812  0.03531989 0.08179227 0.05771353
 0.0695812  0.01821856]
[0.08291572 0.17763492 0.06763858 0.05786179 0.06910461 0.12333708
 0.02321193 0.09411176 0.06763858 0.02798631 0.06317355 0.06034871
 0.06763859 0.01739789]
[0.08882226 0.14768204 0.06699416 0.06919704 0.07845518 0.13200605
 0.02873904 0.0683603  0.06699416 0.0444687  0.06898954 0.04935497
 0.06699417 0.02294244]
[0.07003304 0.18885285 0.05959281 0.06451011 0.0702776  0.1382364
 0.02858923 0.09127508 0.05959279 0.02574125 0.07381921 0.04883414
 0.05959281 0.02105265]
[0.08034132 0.12097847 0.07448544 0.07657947 0.06461383 0.11857088
 0.02855554 0.11462556 0.07448547 0.03364905 0.06325556 0.05879588
 0.07448547 0.01657807]
[0.08957411 0.15029809 0.05722279 0.07315788 0.06121674 0.16114366
 0.0239321  0.09298825 0.0572228  0.03140504 0.0683205  0.05867893
 0.05722281 0.01761627]
[0.07935336 0.15245333 0.06938531 0.07355328 0.07870506 0.13960958
 0.02263849 0.07366154 0.06938531 0.02953526 0.07244591 0.05485215
 0.06938532 0.01503612]
[0.09903127 0.10982306 0.06692915 0.08131477 0.08193514 0.09262763
 0.03672091 0.09156737 0.06692916 0.04453444 0.069956   0.06038754
 0.06692917 0.03131433]
[0.08882226 0.14768204 0.06699416 0.06919704 0.07845518 0.13200605
 0.02873904 0.0683603  0.06699416 0.0444687  0.06898954 0.04935497
 0.06699417 0.02294244]
[0.08761042 0.11492174 0.08086408 0.07040496 0.06415212 0.08702143
 0.03753261 0.06703106 0.08086409 0.04813333 0.08871585 0.06326076
 0.08086409 0.02862347]
[0.06724416 0.16363938 0.06674302 0.07505186 0.07433031 0.10521027
 0.03277069 0.0873974  0.06674303 0.02930638 0.08259435 0.05921739
 0.06674303 0.02300864]
[0.08558929 0.16282491 0.06595281 0.08853375 0.07640499 0.12161428
 0.02818512 0.07199562 0.06595281 0.03383122 0.06473928 0.04894366
 0.06595282 0.01947934]
[0.08882225 0.14768203 0.06699416 0.06919704 0.07845515 0.13200606
 0.02873904 0.06836031 0.06699416 0.0444687  0.06898953 0.04935497
 0.06699416 0.02294244]
[0.07410215 0.11790061 0.06469213 0.05756346 0.06441801 0.14854328
 0.03017725 0.10014932 0.06469213 0.03302816 0.07891251 0.08001521
 0.06469214 0.02111367]]