165114
Test: public void test5() throws Throwable { MockRandom mockRandom0 = new MockRandom(); JDKRandomWrapper jDKRandomWrapper0 = new JDKRandomWrapper(mockRandom0); double[] doubleArray0 = new double[5]; BoxSampler boxSampler0 = BoxSampler.of(jDKRandomWrapper0, doubleArray0, doubleArray0); double double0 = boxSampler0.createSample(0.0, 3865.886604); }
Code: double createSample(double a, double b) { final double u = rng.nextDouble(); return (1.0 - u) * a + u * b; }
[[0.05915336 0.04877523 0.14046203 0.05915336 0.03529764 0.04585665
 0.0227705  0.05915336 0.02063463 0.02065259 0.04877523 0.04074022
 0.02968368 0.11608207 0.05649876 0.02253452 0.07495193 0.01876619
 0.02063463 0.02253452 0.02469224 0.01219675]
[0.0496686  0.04425248 0.14535475 0.0496686  0.04216551 0.04254815
 0.02574837 0.0496686  0.03049426 0.02864074 0.04425248 0.03224974
 0.02962232 0.10656229 0.0527127  0.02551663 0.07147193 0.03644025
 0.03049426 0.02551663 0.02252219 0.01442847]
[0.04325146 0.04859376 0.13528556 0.04325146 0.04340045 0.06605534
 0.02813701 0.04325146 0.02088063 0.02284248 0.04859376 0.03527008
 0.02607116 0.1226377  0.04639792 0.02559833 0.07610415 0.026721
 0.02088063 0.02559833 0.03416638 0.01701098]
[0.05915336 0.04877523 0.14046203 0.05915336 0.03529764 0.04585665
 0.0227705  0.05915336 0.02063463 0.02065259 0.04877523 0.04074022
 0.02968368 0.11608207 0.05649876 0.02253452 0.07495193 0.01876619
 0.02063463 0.02253452 0.02469224 0.01219675]
[0.05624291 0.05172299 0.13106765 0.05624291 0.04410514 0.04521352
 0.01938334 0.05624291 0.02589905 0.02104025 0.05172299 0.03328178
 0.0246122  0.1233243  0.06279677 0.02589149 0.05949602 0.02500651
 0.02589905 0.02589149 0.02561678 0.00929994]
[0.04831655 0.04719444 0.11245614 0.04831655 0.04511357 0.05601951
 0.03491233 0.04831655 0.02292957 0.02958719 0.04719444 0.04113909
 0.03935063 0.1028661  0.04426721 0.03360057 0.06074623 0.03711335
 0.02292956 0.03360057 0.0240816  0.01994826]
[0.0574451  0.04557326 0.12956664 0.0574451  0.04007774 0.05218096
 0.0202001  0.0574451  0.02240523 0.02325536 0.04557326 0.0437573
 0.03203987 0.14772025 0.0395181  0.02498452 0.05248041 0.0292028
 0.02240522 0.02498451 0.02151529 0.01022378]
[0.05915336 0.04877523 0.14046203 0.05915336 0.03529764 0.04585665
 0.0227705  0.05915336 0.02063463 0.02065259 0.04877523 0.04074022
 0.02968368 0.11608207 0.05649876 0.02253452 0.07495193 0.01876619
 0.02063463 0.02253452 0.02469224 0.01219675]
[0.0473133  0.04692853 0.11112679 0.0473133  0.043856   0.05494354
 0.02732363 0.0473133  0.02167362 0.02424139 0.04692853 0.04085743
 0.03437449 0.11040741 0.05648427 0.02682745 0.08642013 0.03255145
 0.02167362 0.02682745 0.02768051 0.01693383]
[0.04707921 0.05733531 0.10152674 0.04707921 0.0385971  0.04295559
 0.03400263 0.04707921 0.03052919 0.03276721 0.05733531 0.04390818
 0.03583406 0.08695461 0.05036651 0.0330883  0.05839718 0.03512747
 0.03052919 0.0330883  0.03724623 0.01917339]
[0.0496686  0.04425248 0.14535475 0.0496686  0.04216551 0.04254815
 0.02574837 0.0496686  0.03049426 0.02864074 0.04425248 0.03224974
 0.02962232 0.10656229 0.0527127  0.02551663 0.07147193 0.03644025
 0.03049426 0.02551663 0.02252219 0.01442847]
[0.04948744 0.04632293 0.15427423 0.04948744 0.03957202 0.04614783
 0.02152218 0.04948744 0.02136887 0.02286376 0.04632293 0.03382593
 0.03561193 0.1227397  0.04681632 0.0195288  0.08738028 0.03226004
 0.02136887 0.0195288  0.02146021 0.0126221 ]
[0.0460481  0.04999146 0.12989101 0.0460481  0.03940107 0.05447992
 0.02620724 0.0460481  0.02266351 0.02255331 0.04999146 0.03685358
 0.02817111 0.13482986 0.05328324 0.02661907 0.0672591  0.02790408
 0.02266352 0.02661907 0.02714866 0.01532536]
[0.05474036 0.05485402 0.11344472 0.05474036 0.04522347 0.05713916
 0.029792   0.05474036 0.02755037 0.02776385 0.05485402 0.03811677
 0.03093955 0.08912801 0.04883058 0.02897017 0.04531439 0.02836378
 0.02755037 0.02897018 0.04149067 0.01748282]
[0.04432331 0.04266651 0.14602868 0.04432331 0.03651097 0.05895182
 0.01889911 0.04432331 0.02186036 0.0201715  0.04266651 0.04118729
 0.02874055 0.1447698  0.05493639 0.02655835 0.0792789  0.02356325
 0.02186036 0.02655835 0.02169061 0.01013078]
[0.05384457 0.0411966  0.13557151 0.05384457 0.04093333 0.04979239
 0.02493372 0.05384457 0.02881427 0.01835913 0.0411966  0.03367774
 0.02972841 0.14327173 0.04830116 0.03421044 0.05053983 0.02178591
 0.02881427 0.03421045 0.02324787 0.00988082]
[0.04341609 0.04411665 0.13669519 0.04341609 0.03888636 0.05589664
 0.02955348 0.04341609 0.02487772 0.0252418  0.04411665 0.04011043
 0.03240015 0.12360307 0.0524289  0.02766805 0.059291   0.03667968
 0.02487772 0.02766805 0.03021004 0.01543016]
[0.04988763 0.04659653 0.12966637 0.04988763 0.03170294 0.04367051
 0.02946425 0.04988763 0.02386987 0.02388892 0.04659653 0.03852703
 0.03137167 0.12859344 0.05391429 0.02979048 0.06079641 0.0274383
 0.02386988 0.02979048 0.03553909 0.01525019]
[0.0473133  0.04692853 0.11112679 0.0473133  0.043856   0.05494354
 0.02732363 0.0473133  0.02167362 0.02424139 0.04692853 0.04085743
 0.03437449 0.11040741 0.05648427 0.02682745 0.08642013 0.03255145
 0.02167362 0.02682745 0.02768051 0.01693383]
[0.05384457 0.0411966  0.13557151 0.05384457 0.04093333 0.04979239
 0.02493372 0.05384457 0.02881427 0.01835913 0.0411966  0.03367774
 0.02972841 0.14327173 0.04830116 0.03421044 0.05053983 0.02178591
 0.02881427 0.03421045 0.02324787 0.00988082]
[0.04961079 0.04041457 0.18389547 0.04961079 0.03441307 0.04936373
 0.02265458 0.04961079 0.02280597 0.01935405 0.04041457 0.03488738
 0.02493307 0.14919582 0.04345795 0.01797505 0.07019055 0.02459542
 0.02280597 0.01797505 0.02279026 0.00904503]
[0.05357118 0.04773068 0.14688616 0.05357118 0.04066257 0.05627988
 0.02185665 0.05357118 0.02560567 0.02163226 0.04773068 0.05204707
 0.02373114 0.10924374 0.05623021 0.02433535 0.04934046 0.02679197
 0.02560567 0.02433535 0.02676725 0.01247371]]