167898
Test: public void test6() throws Throwable { String string0 = UserAuthenticatorUtils.toString((char[]) null); }
Code: public static String toString(final char[] data) { if (data == null) { return null; } return new String(data); }
[[0.04267674 0.1158689  0.05574016 0.0591973  0.01281096 0.07470743
 0.05020817 0.11435105 0.03381849 0.069225   0.02381347 0.05020817
 0.04614037 0.09047312 0.01671816 0.04614037 0.02198668 0.05919731
 0.01671816]
[0.040951   0.10304157 0.0633301  0.05594932 0.0136809  0.07762115
 0.06546503 0.11130033 0.04308639 0.05312446 0.02145086 0.06546503
 0.0382929  0.09912141 0.01822068 0.0382929  0.01743602 0.05594932
 0.01822068]
[0.0436037  0.11837523 0.05200299 0.0637311  0.01250124 0.06931358
 0.05520399 0.12723379 0.04011912 0.05693524 0.02000301 0.05520399
 0.04299606 0.0881831  0.01459698 0.04299606 0.01867282 0.0637311
 0.01459698]
[0.03403811 0.1124559  0.06465716 0.05784673 0.01489311 0.07938085
 0.04823528 0.08228739 0.0514378  0.06560152 0.02396371 0.04823528
 0.04116169 0.11781248 0.0168045  0.04116169 0.02537554 0.05784673
 0.0168045 ]
[0.03257416 0.12368464 0.06810747 0.05625739 0.01055367 0.08774795
 0.05362979 0.10154434 0.03915032 0.06820592 0.0167762  0.05362979
 0.0484107  0.09703809 0.01073878 0.0484107  0.01654385 0.0562574
 0.01073878]
[0.03413109 0.10302387 0.06591613 0.05793505 0.01641679 0.07676862
 0.04890621 0.1057695  0.05349363 0.05291395 0.01947452 0.04890621
 0.06006266 0.08195541 0.01727512 0.06006266 0.02177836 0.05793506
 0.01727512]
[0.04234922 0.09642432 0.06443638 0.05741775 0.01464308 0.08801685
 0.06374274 0.0735095  0.04147341 0.0463157  0.02824051 0.06374274
 0.04930617 0.09306184 0.02316877 0.04930617 0.0242583  0.05741777
 0.02316877]
[0.02702459 0.13558282 0.06812786 0.06851427 0.00668353 0.07937697
 0.04379549 0.147511   0.04010838 0.06015945 0.01056941 0.04379549
 0.03478215 0.10629491 0.00722715 0.03478215 0.00992303 0.06851428
 0.00722715]
[0.02875357 0.10321548 0.05216797 0.05636552 0.01066276 0.07979375
 0.07205757 0.11880993 0.02840254 0.05891952 0.02083143 0.07205757
 0.04887671 0.10281816 0.01212939 0.04887671 0.01676652 0.05636552
 0.01212938]
[0.02523495 0.1251829  0.07487097 0.04514898 0.00841357 0.08493684
 0.05243729 0.14041637 0.04081483 0.06481678 0.01660546 0.05243729
 0.0406854  0.10326919 0.01133409 0.0406854  0.0162266  0.04514898
 0.0113341 ]
[0.03134208 0.1196709  0.05346033 0.06272297 0.00986161 0.08309784
 0.05798629 0.14574791 0.02768726 0.06202712 0.02086292 0.05798629
 0.03764439 0.09716081 0.0097057  0.03764439 0.01296241 0.06272297
 0.0097057 ]
[0.04234922 0.09642432 0.06443638 0.05741775 0.01464308 0.08801685
 0.06374274 0.0735095  0.04147341 0.0463157  0.02824051 0.06374274
 0.04930617 0.09306184 0.02316877 0.04930617 0.0242583  0.05741777
 0.02316877]
[0.0284127  0.12150023 0.07063766 0.05982435 0.01276548 0.08092079
 0.0490316  0.12138764 0.03100297 0.05905337 0.01731431 0.0490316
 0.04236899 0.10974916 0.01376772 0.04236899 0.01727035 0.05982437
 0.01376772]
[0.04218218 0.08884408 0.07165807 0.06882176 0.01534367 0.08134496
 0.04991952 0.1146858  0.0442445  0.06072748 0.01797964 0.04991952
 0.04773754 0.07828419 0.0163912  0.04773754 0.01896536 0.06882176
 0.0163912 ]
[0.02952235 0.10712104 0.05418444 0.05778953 0.01143164 0.07846643
 0.06097466 0.11066562 0.0387392  0.04989359 0.01899813 0.06097466
 0.06017184 0.09895992 0.0138394  0.06017184 0.01646673 0.05778954
 0.0138394 ]
[0.0284127  0.12150023 0.07063766 0.05982435 0.01276548 0.08092079
 0.0490316  0.12138764 0.03100297 0.05905337 0.01731431 0.0490316
 0.04236899 0.10974916 0.01376772 0.04236899 0.01727035 0.05982437
 0.01376772]
[0.03447273 0.10077465 0.06646965 0.05499791 0.0112094  0.07476109
 0.05735714 0.12017436 0.0412857  0.067744   0.02026049 0.05735714
 0.04835783 0.08439882 0.01701548 0.04835783 0.02299238 0.05499792
 0.01701548]
[0.03403811 0.11245589 0.06465715 0.05784673 0.01489311 0.07938085
 0.04823528 0.08228739 0.0514378  0.06560151 0.02396372 0.04823528
 0.04116169 0.11781247 0.0168045  0.04116169 0.02537554 0.05784674
 0.0168045 ]
[0.02952235 0.10712104 0.05418445 0.05778953 0.01143164 0.07846643
 0.06097468 0.1106656  0.03873922 0.04989359 0.01899813 0.06097468
 0.06017184 0.09895994 0.0138394  0.06017184 0.01646674 0.05778954
 0.0138394 ]]