37699
Test: public void test52() throws Throwable { DurationFieldType[] durationFieldTypeArray0 = new DurationFieldType[3]; Minutes minutes0 = Minutes.MAX_VALUE; int[] intArray0 = new int[9]; intArray0[7] = (-1177); PeriodType periodType0 = new PeriodType("li8M+P", durationFieldTypeArray0, intArray0); // Undeclared exception!  periodType0.getIndexedField(minutes0, 7);   }
Code: int getIndexedField(ReadablePeriod period, int index) { int realIndex = iIndices[index]; return (realIndex == -1 ? 0 : period.getValue(realIndex)); }
[[0.01864717 0.06657252 0.03402092 0.01864717 0.16334158 0.05989526
 0.01864717 0.06657252 0.02197926 0.06657252 0.04218812 0.06657252
 0.06522146 0.08538385 0.07410166 0.02349808 0.02872988 0.06657254
 0.01283584]
[0.02328466 0.06008203 0.04505483 0.02328466 0.11291259 0.05819719
 0.02328466 0.06008203 0.03900643 0.06008203 0.04384363 0.06008203
 0.06825349 0.08707976 0.08296005 0.03815106 0.03456763 0.06008203
 0.01970919]
[0.01771741 0.05431823 0.03333052 0.01771741 0.15719388 0.0790706
 0.01771741 0.05431823 0.0314013  0.05431823 0.05278182 0.05431823
 0.05268438 0.08899176 0.08671    0.03808878 0.03827709 0.05431823
 0.01672646]
[0.01864717 0.06657252 0.03402092 0.01864717 0.16334158 0.05989526
 0.01864717 0.06657252 0.02197926 0.06657252 0.04218812 0.06657252
 0.06522146 0.08538385 0.07410166 0.02349808 0.02872988 0.06657254
 0.01283584]
[0.02391888 0.06072273 0.03587395 0.02391888 0.12379471 0.06562129
 0.02391888 0.06072273 0.02800794 0.06072273 0.04961677 0.06072273
 0.05185058 0.09344941 0.08466308 0.03849517 0.03341966 0.06072273
 0.01983718]
[0.02207744 0.06004167 0.03740183 0.02207744 0.12450421 0.07676139
 0.02207744 0.06004167 0.03880807 0.06004167 0.0532648  0.06004167
 0.04930592 0.07688081 0.05921037 0.0522612  0.03841188 0.06004168
 0.02674884]
[0.01864717 0.06657252 0.03402092 0.01864717 0.16334158 0.05989526
 0.01864717 0.06657252 0.02197926 0.06657252 0.04218812 0.06657252
 0.06522146 0.08538385 0.07410166 0.02349808 0.02872988 0.06657254
 0.01283584]
[0.02328466 0.06008203 0.04505483 0.02328466 0.11291259 0.05819719
 0.02328466 0.06008203 0.03900643 0.06008203 0.04384363 0.06008203
 0.06825349 0.08707976 0.08296005 0.03815106 0.03456763 0.06008203
 0.01970919]
[0.02813916 0.06612004 0.03757436 0.02813916 0.10615206 0.05366698
 0.02813916 0.06612004 0.0390171  0.06612004 0.05149003 0.06612004
 0.05255887 0.0733407  0.0639215  0.04400519 0.04013128 0.06612005
 0.02312429]
[0.02328466 0.06008203 0.04505483 0.02328466 0.11291259 0.05819719
 0.02328466 0.06008203 0.03900643 0.06008203 0.04384363 0.06008203
 0.06825349 0.08707976 0.08296005 0.03815106 0.03456763 0.06008203
 0.01970919]
[0.01909743 0.06380849 0.02831195 0.01909743 0.12972787 0.06127052
 0.01909743 0.06380849 0.03102741 0.06380849 0.04630819 0.06380849
 0.06200677 0.09372781 0.09036405 0.03474317 0.02934142 0.06380851
 0.01683595]
[0.02328466 0.06008203 0.04505483 0.02328466 0.11291259 0.05819719
 0.02328466 0.06008203 0.03900643 0.06008203 0.04384363 0.06008203
 0.06825349 0.08707976 0.08296005 0.03815106 0.03456763 0.06008203
 0.01970919]
[0.01850135 0.04883985 0.0295834  0.01850135 0.17954765 0.07489036
 0.01850135 0.04883985 0.03061447 0.04883985 0.04866994 0.04883985
 0.07362728 0.09179173 0.08912642 0.0285095  0.03851933 0.04883986
 0.01541659]
[0.01919187 0.05935141 0.0375438  0.01919187 0.13666953 0.06152988
 0.01919187 0.05935141 0.03176307 0.05935141 0.05401707 0.05935141
 0.06315057 0.08254442 0.09128503 0.02973859 0.03882834 0.05935142
 0.01859695]
[0.01701676 0.06069037 0.02910925 0.01701676 0.16584906 0.0853375
 0.01701676 0.06069037 0.02393651 0.06069037 0.05210692 0.06069037
 0.04768797 0.0726783  0.08842521 0.0266224  0.03737378 0.06069037
 0.01637107]
[0.02104162 0.05531622 0.03806482 0.02104162 0.15716301 0.06216307
 0.02104162 0.05531622 0.02431078 0.05531622 0.05529614 0.05531622
 0.06728178 0.08320571 0.09480274 0.03390549 0.0309154  0.05531622
 0.01318512]
[0.02807946 0.05410125 0.03565658 0.02807946 0.11254434 0.06976409
 0.02807946 0.05410125 0.034459   0.05410125 0.05605653 0.05410125
 0.05450355 0.08193294 0.09876933 0.04664069 0.03090641 0.05410125
 0.02402192]
[0.02328467 0.06008203 0.04505484 0.02328467 0.11291256 0.0581972
 0.02328467 0.06008203 0.03900643 0.06008203 0.04384363 0.06008203
 0.06825348 0.08707975 0.08296005 0.03815107 0.03456764 0.06008204
 0.01970919]
[0.02295499 0.0566714  0.03158579 0.02295499 0.16425171 0.07840142
 0.02295499 0.0566714  0.02748344 0.0566714  0.06639163 0.0566714
 0.05261818 0.07328917 0.075999   0.03239966 0.02850679 0.05667141
 0.01685123]]