38611
Test: public void test42() throws Throwable { long long0 = DateTimeUtils.toJulianDayNumber(604800L); }
Code: public static final long toJulianDayNumber(long epochMillis) { return (long) Math.floor(toJulianDay(epochMillis) + 0.5d); }
[[0.06217149 0.16135085 0.04805432 0.10793594 0.08623458 0.08623458
 0.06888162 0.06669097 0.03575379 0.08623458 0.05005497 0.11697974
 0.02342259]
[0.06489135 0.1616289  0.04604127 0.08420795 0.0888636  0.0888636
 0.10179501 0.06054626 0.03440479 0.08886359 0.04841852 0.10300349
 0.02847162]
[0.056913   0.16637671 0.03711873 0.0907924  0.09300463 0.09300463
 0.08827803 0.08254224 0.02957553 0.09300464 0.05609417 0.09546687
 0.01782839]
[0.04445699 0.20103881 0.03863729 0.09888587 0.08726677 0.08726677
 0.08665196 0.06646268 0.02641862 0.08726676 0.04977354 0.10415773
 0.02171616]
[0.04986299 0.16396344 0.04542268 0.09342378 0.08487535 0.08487535
 0.06991591 0.06027879 0.03446439 0.08487535 0.06697752 0.13664684
 0.02441762]
[0.04986299 0.16396344 0.04542268 0.09342378 0.08487535 0.08487535
 0.06991591 0.06027879 0.03446439 0.08487535 0.06697752 0.13664684
 0.02441762]
[0.06052285 0.13723709 0.05914884 0.10059286 0.08239505 0.08239505
 0.09034109 0.07056408 0.03979925 0.08239506 0.0628237  0.0988197
 0.0329654 ]
[0.04243224 0.17779762 0.03738935 0.13124806 0.09049205 0.09049205
 0.07087357 0.06367845 0.02903162 0.09049205 0.05780656 0.09823041
 0.02003597]
[0.06003717 0.17242593 0.04838205 0.08913314 0.07849684 0.07849684
 0.08992549 0.05907287 0.03908049 0.07849684 0.06254286 0.12075247
 0.02315699]
[0.04986299 0.16396344 0.04542268 0.09342378 0.08487535 0.08487535
 0.06991591 0.06027879 0.03446439 0.08487535 0.06697752 0.13664684
 0.02441762]
[0.06103504 0.16951588 0.05180539 0.10799077 0.08863144 0.08863144
 0.0732558  0.06946292 0.03667738 0.08863145 0.04903259 0.08916932
 0.0261605 ]
[0.06764884 0.13903417 0.04892928 0.10313764 0.08405238 0.08405238
 0.07506392 0.07675015 0.04772986 0.08405237 0.06059711 0.10161337
 0.02733847]
[0.04439019 0.16855879 0.03888685 0.07200591 0.08577678 0.08577678
 0.09812934 0.09233877 0.03239272 0.08577678 0.04776906 0.12631227
 0.02188574]]