146802
Test: public void test31() throws Throwable { CalendarValidator calendarValidator0 = CalendarValidator.getInstance(); Locale locale0 = Locale.JAPANESE; // Undeclared exception!  calendarValidator0.isValid("org.apache.commons.validator.routines.TimeValidator", "org.apache.commons.validator.routines.TimeValidator", locale0);   }
Code: public boolean isValid(String value, String pattern, Locale locale) { Object parsedValue = parse(value, pattern, locale, (TimeZone)null); return (parsedValue == null ? false : true); }
[[0.0313613  0.07491324 0.10963824 0.0299838  0.03979738 0.02200269
 0.0208449  0.02353161 0.04512006 0.02427652 0.04350941 0.01994408
 0.04350941 0.02200269 0.04350941 0.04350941 0.03492231 0.04350941
 0.04852425 0.03490364 0.05273074 0.02167758 0.03032336 0.08186966
 0.01408487]
[0.0225971  0.11416989 0.13294601 0.0247212  0.04403811 0.01475594
 0.01287192 0.02361306 0.05858557 0.01731713 0.04298461 0.01770997
 0.04298461 0.01475594 0.04298461 0.04298461 0.03790521 0.04298461
 0.03420916 0.02636383 0.05114865 0.0176698  0.01728191 0.09154332
 0.01087322]
[0.03022221 0.09849567 0.09626559 0.02422718 0.04478709 0.0218124
 0.02134821 0.02384222 0.05219289 0.01987196 0.04201421 0.02055555
 0.04201421 0.0218124  0.04201421 0.04201421 0.03563046 0.04201421
 0.03885918 0.02674653 0.04955435 0.0226808  0.03641691 0.09055725
 0.01405004]
[0.02038527 0.11321199 0.1629383  0.02157182 0.03907886 0.01924459
 0.01621551 0.02101064 0.06226804 0.01988903 0.03686923 0.01796359
 0.03686923 0.01924459 0.03686923 0.03686923 0.03049081 0.03686923
 0.03710408 0.02533543 0.05049115 0.01688203 0.01993745 0.09193783
 0.01045286]
[0.03225101 0.10183105 0.10436395 0.02910883 0.03643876 0.02322171
 0.02030402 0.02528531 0.05248884 0.02226975 0.04457488 0.02167493
 0.04457488 0.02322171 0.04457488 0.04457488 0.03316805 0.04457488
 0.04094916 0.02626807 0.04029832 0.02630003 0.02489857 0.07977095
 0.01301263]
[0.02535284 0.1130662  0.1466281  0.02729386 0.04457023 0.0148702
 0.0115554  0.01887669 0.05509224 0.01549255 0.04037065 0.01751351
 0.04037065 0.0148702  0.04037065 0.04037065 0.03212764 0.04037065
 0.0319447  0.02473652 0.04772621 0.01974804 0.01836872 0.10837106
 0.00994183]
[0.02843958 0.07749841 0.1138778  0.029367   0.04987649 0.01907362
 0.01549398 0.02012135 0.05521747 0.01943262 0.04130974 0.01933927
 0.04130974 0.01907362 0.04130974 0.04130974 0.04231433 0.04130974
 0.04097635 0.03196793 0.06061359 0.02866479 0.02124185 0.08883183
 0.01202943]
[0.02621448 0.09612265 0.11196339 0.02569735 0.0481125  0.020594
 0.0164302  0.02326779 0.04718921 0.02399358 0.04755903 0.01982903
 0.04755903 0.020594   0.04755903 0.04755903 0.03368302 0.04755903
 0.04586483 0.02614639 0.04781582 0.018226   0.02274732 0.07677471
 0.01093857]
[0.0345134  0.07094108 0.09413777 0.03797144 0.04754582 0.02486948
 0.01906892 0.02687341 0.05974103 0.02055453 0.04331831 0.02892502
 0.04331831 0.02486948 0.04331831 0.04331831 0.03916477 0.04331831
 0.0359497  0.02743785 0.04226886 0.02724832 0.02885006 0.07209117
 0.02038627]
[0.02972015 0.10617003 0.11595739 0.02314684 0.04685652 0.01994523
 0.01519213 0.02215998 0.06626686 0.02049208 0.03769282 0.02156871
 0.03769282 0.01994523 0.03769282 0.03769282 0.03632391 0.03769282
 0.04747196 0.02728716 0.05359282 0.0218998  0.0225114  0.08294615
 0.01208148]
[0.0249306  0.09076907 0.11484259 0.02894518 0.04482611 0.02641951
 0.01892079 0.02929299 0.04197466 0.01987325 0.04116675 0.02731638
 0.04116675 0.02641951 0.04116675 0.04116675 0.03032352 0.04116675
 0.04679597 0.0269243  0.05574773 0.02292669 0.02419091 0.07863754
 0.01408894]
[0.03543197 0.07113857 0.08982222 0.03292204 0.04178294 0.02327427
 0.01981381 0.02231006 0.04152687 0.02349191 0.0500741  0.02981155
 0.0500741  0.02327427 0.0500741  0.0500741  0.03917732 0.0500741
 0.03959965 0.0291547  0.04798543 0.02565718 0.03071987 0.0650055
 0.01772933]
[0.0249306  0.09076907 0.11484259 0.02894518 0.04482611 0.02641951
 0.01892079 0.02929299 0.04197466 0.01987325 0.04116675 0.02731638
 0.04116675 0.02641951 0.04116675 0.04116675 0.03032352 0.04116675
 0.04679597 0.0269243  0.05574773 0.02292669 0.02419091 0.07863754
 0.01408894]
[0.02535284 0.1130662  0.1466281  0.02729386 0.04457023 0.0148702
 0.0115554  0.01887669 0.05509224 0.01549255 0.04037065 0.01751351
 0.04037065 0.0148702  0.04037065 0.04037065 0.03212764 0.04037065
 0.0319447  0.02473652 0.04772621 0.01974804 0.01836872 0.10837106
 0.00994183]
[0.0249306  0.09076907 0.11484259 0.02894518 0.04482611 0.02641951
 0.01892079 0.02929299 0.04197466 0.01987325 0.04116675 0.02731638
 0.04116675 0.02641951 0.04116675 0.04116675 0.03032352 0.04116675
 0.04679597 0.0269243  0.05574773 0.02292669 0.02419091 0.07863754
 0.01408894]
[0.0249306  0.09076907 0.11484259 0.02894518 0.04482611 0.02641951
 0.01892079 0.02929299 0.04197466 0.01987325 0.04116675 0.02731638
 0.04116675 0.02641951 0.04116675 0.04116675 0.03032352 0.04116675
 0.04679597 0.0269243  0.05574773 0.02292669 0.02419091 0.07863754
 0.01408894]
[0.02235718 0.10491759 0.10081805 0.02301418 0.04563276 0.02262745
 0.01370057 0.0215913  0.04730539 0.02117874 0.04281208 0.02207691
 0.04281208 0.02262745 0.04281208 0.04281208 0.03184197 0.04281208
 0.04092696 0.02666275 0.05699852 0.02540155 0.02155361 0.1019251
 0.01278149]
[0.0249306  0.09076907 0.11484259 0.02894518 0.04482611 0.02641951
 0.01892079 0.02929299 0.04197466 0.01987325 0.04116675 0.02731638
 0.04116675 0.02641951 0.04116675 0.04116675 0.03032352 0.04116675
 0.04679597 0.0269243  0.05574773 0.02292669 0.02419091 0.07863754
 0.01408894]
[0.01842188 0.14127466 0.15586568 0.02294732 0.04796314 0.01891899
 0.01482037 0.02128901 0.05253021 0.0203857  0.02849274 0.01942826
 0.02849274 0.01891899 0.02849274 0.02849274 0.03066049 0.02849274
 0.04466237 0.02171499 0.05066092 0.02098136 0.02621591 0.0993464
 0.0105296 ]
[0.02698515 0.07065786 0.12315542 0.02363577 0.03832952 0.02078913
 0.0165298  0.02443277 0.06721242 0.02167751 0.04090351 0.02406802
 0.04090351 0.02078913 0.04090351 0.04090351 0.04422636 0.04090351
 0.04221876 0.02457549 0.05773667 0.02385366 0.02305664 0.09144178
 0.01011055]
[0.02495714 0.10126675 0.12216614 0.02091018 0.04871305 0.01658339
 0.01386099 0.02174517 0.0664367  0.01801945 0.03854162 0.01630156
 0.03854162 0.01658339 0.03854162 0.03854162 0.03505285 0.03854162
 0.03046562 0.02337771 0.05210036 0.01948549 0.02753054 0.11936446
 0.01237099]
[0.02763685 0.0766051  0.1037313  0.03004113 0.04608314 0.02705791
 0.01941408 0.02589066 0.0598447  0.0245809  0.0406863  0.02388241
 0.0406863  0.02705791 0.0406863  0.0406863  0.04536229 0.0406863
 0.04778529 0.0215322  0.0510508  0.02436002 0.02442465 0.07735701
 0.01287014]
[0.03262027 0.08144387 0.09691516 0.02362257 0.0383074  0.02491238
 0.0200873  0.02213855 0.05322814 0.02146287 0.03923182 0.02552227
 0.03923182 0.02491238 0.03923182 0.03923182 0.04099945 0.03923182
 0.03929966 0.03236491 0.0692259  0.02709344 0.0231584  0.08846302
 0.01806306]
[0.03032849 0.07691579 0.09638755 0.02829732 0.04333555 0.02388958
 0.01570644 0.02659914 0.05013178 0.01961316 0.04681909 0.01945397
 0.04681909 0.02388958 0.04681909 0.04681909 0.03218971 0.04681909
 0.04030523 0.02493994 0.05996525 0.03306095 0.02725036 0.07934757
 0.01429717]
[0.02228924 0.07534572 0.13658729 0.02290643 0.04079836 0.0218077
 0.01292267 0.02329578 0.06104511 0.02312994 0.04103195 0.02056389
 0.04103195 0.0218077  0.04103195 0.04103195 0.0497682  0.04103195
 0.03894605 0.02499153 0.05421619 0.02108503 0.02181221 0.08856597
 0.01295522]]