147520
Test: public void test45() throws Throwable { DateValidator dateValidator0 = DateValidator.getInstance(); MockDate mockDate0 = new MockDate(303, 0, 0, 303, 0); ZoneOffset zoneOffset0 = ZoneOffset.MAX; TimeZone timeZone0 = TimeZone.getTimeZone((ZoneId) zoneOffset0); // Undeclared exception!  dateValidator0.compareQuarters((Date) mockDate0, (Date) null, timeZone0);   }
Code: public int compareQuarters(Date value, Date compare, TimeZone timeZone) { return compareQuarters(value, compare, timeZone, 1); }
[[0.05366785 0.0316204  0.07446244 0.05034643 0.02819685 0.07446244
 0.08178503 0.07446244 0.08330239 0.06051382 0.07446244 0.07446244
 0.1457795  0.06704007 0.02543546]
[0.03544024 0.02240826 0.08309351 0.05026817 0.02211113 0.08309351
 0.06387033 0.08309351 0.09855863 0.0594258  0.08309352 0.08309352
 0.14379078 0.06927697 0.01938218]
[0.04686685 0.02910447 0.07582361 0.05484934 0.02901578 0.07582361
 0.07444017 0.07582361 0.08756239 0.05723334 0.07582361 0.07582361
 0.13937849 0.07362635 0.02880481]
[0.0377088  0.02178892 0.06572723 0.04045389 0.02458694 0.06572723
 0.05762922 0.06572723 0.14118573 0.05925712 0.06572723 0.06572723
 0.1932538  0.07285255 0.02264683]
[0.04944247 0.03157599 0.06738524 0.04557683 0.02997595 0.06738524
 0.05861387 0.06738524 0.11609147 0.07655281 0.06738524 0.06738524
 0.16156766 0.07301041 0.02066637]
[0.04686685 0.02910447 0.07582361 0.05484934 0.02901578 0.07582361
 0.07444017 0.07582361 0.08756239 0.05723334 0.07582361 0.07582361
 0.13937849 0.07362635 0.02880481]
[0.05000367 0.02718071 0.0576314  0.04055607 0.02779046 0.0576314
 0.0664373  0.0576314  0.11017191 0.06267299 0.05763141 0.05763141
 0.23864865 0.05777586 0.03060538]
[0.04686685 0.02910447 0.07582361 0.05484934 0.02901578 0.07582361
 0.07444017 0.07582361 0.08756239 0.05723334 0.07582361 0.07582361
 0.13937849 0.07362635 0.02880481]
[0.05900413 0.02684144 0.0709399  0.0626479  0.03208293 0.0709399
 0.07152468 0.0709399  0.10912229 0.06604279 0.07093991 0.07093991
 0.10468698 0.07714573 0.03620164]
[0.03977574 0.02150529 0.07366051 0.03952813 0.02301311 0.07366051
 0.06385636 0.07366051 0.08929179 0.05576973 0.07366051 0.07366051
 0.1999822  0.07508992 0.02388527]
[0.04686685 0.02910447 0.07582361 0.05484934 0.02901578 0.07582361
 0.07444017 0.07582361 0.08756239 0.05723334 0.07582361 0.07582361
 0.13937849 0.07362635 0.02880481]
[0.04686685 0.02910447 0.07582361 0.05484934 0.02901578 0.07582361
 0.07444017 0.07582361 0.08756239 0.05723334 0.07582361 0.07582361
 0.13937849 0.07362635 0.02880481]
[0.06104162 0.02364286 0.06782722 0.04952531 0.02755488 0.06782722
 0.06936319 0.06782722 0.10703612 0.06860788 0.06782722 0.06782722
 0.16402581 0.05881153 0.03125468]
[0.04846112 0.0209856  0.06524094 0.04381241 0.01921597 0.06524094
 0.05377938 0.06524094 0.10804018 0.07828085 0.06524094 0.06524094
 0.2049185  0.07499638 0.02130489]
[0.03781425 0.02726352 0.0653723  0.04003995 0.02061646 0.0653723
 0.05360527 0.0653723  0.12804873 0.09151054 0.0653723  0.0653723
 0.18748008 0.06069203 0.02606762]]