146030
Test: public void test7() throws Throwable { ValidatorResults validatorResults0 = new ValidatorResults(); Object object0 = new Object(); // Undeclared exception!  validatorResults0.add((Field) null, "aqBH,<^v^*Q23k(4", false, object0);   }
Code: public void add(Field field, String validatorName, boolean result) { this.add(field, validatorName, result, null); }
[[0.05574961 0.04578331 0.07734445 0.07132069 0.07079356 0.07734445
 0.13350403 0.02063774 0.07987224 0.07734445 0.07734445 0.09131635
 0.09668002 0.02496461]
[0.04403987 0.04235077 0.07978772 0.06137912 0.0619011  0.07978772
 0.1656012  0.01912513 0.09468964 0.07978772 0.07978772 0.0878543
 0.07582897 0.02807903]
[0.045976   0.04412333 0.07507718 0.05121551 0.08089609 0.07507718
 0.1618709  0.02472217 0.08205662 0.07507718 0.07507718 0.102139
 0.07946382 0.02722793]
[0.05227743 0.0488411  0.07392889 0.06876203 0.07376881 0.07392889
 0.16323541 0.02049084 0.09158333 0.07392888 0.07392888 0.08847996
 0.06981638 0.02702921]
[0.05622098 0.04241025 0.07654648 0.05285868 0.06260656 0.07654648
 0.16903768 0.01728993 0.09676654 0.07654648 0.07654648 0.09627382
 0.07666449 0.02368515]
[0.045976   0.04412333 0.07507718 0.05121551 0.08089609 0.07507718
 0.1618709  0.02472217 0.08205662 0.07507718 0.07507718 0.102139
 0.07946382 0.02722793]
[0.0405848  0.03419706 0.07617208 0.05513998 0.07594315 0.07617208
 0.19265085 0.01595332 0.11303841 0.07617209 0.07617209 0.08909006
 0.05806443 0.02064961]
[0.03814019 0.03559164 0.07148492 0.06176146 0.06121    0.07148492
 0.19544116 0.01812856 0.11120555 0.07148491 0.07148491 0.08824138
 0.08263849 0.0217019 ]
[0.061985   0.05495559 0.07678684 0.05447661 0.08394495 0.07678684
 0.12468007 0.01892888 0.10956099 0.07678685 0.07678685 0.08854396
 0.05872568 0.03705094]
[0.045976   0.04412333 0.07507718 0.05121551 0.08089609 0.07507718
 0.1618709  0.02472217 0.08205662 0.07507718 0.07507718 0.102139
 0.07946382 0.02722793]
[0.045976   0.04412333 0.07507718 0.05121551 0.08089609 0.07507718
 0.1618709  0.02472217 0.08205662 0.07507718 0.07507718 0.102139
 0.07946382 0.02722793]
[0.05216601 0.04211763 0.07059525 0.06132383 0.09972762 0.07059525
 0.15683527 0.02453667 0.0971031  0.07059525 0.07059525 0.10313167
 0.05868684 0.02199046]
[0.03987272 0.04159538 0.07638378 0.06931437 0.05955987 0.07638378
 0.18263899 0.01804705 0.09593939 0.07638378 0.07638378 0.10667887
 0.06539509 0.01542307]
[0.04140402 0.0402385  0.0742224  0.05092546 0.07570109 0.0742224
 0.13297862 0.02210467 0.1249333  0.0742224  0.0742224  0.12509972
 0.063733   0.02599201]]