10333
Test: public void test117() throws Throwable { ChoiceFormat choiceFormat0 = new ChoiceFormat(""); Duration duration0 = Duration.ZERO; // Undeclared exception!  ObjectUtils.wait((Object) choiceFormat0, duration0);   }
Code: public static void wait(final Object obj, final Duration duration) throws InterruptedException { DurationUtils.accept(obj::wait, DurationUtils.zeroIfNull(duration)); }
[[0.04937973 0.14099073 0.03946911 0.06849887 0.03803479 0.06600379
 0.03913593 0.08246319 0.06849887 0.11976168 0.06849887 0.06205584
 0.06849888 0.06849888 0.0202108 ]
[0.05189903 0.13267173 0.03290996 0.0706476  0.03514179 0.06758076
 0.03734169 0.07362302 0.0706476  0.10658191 0.0706476  0.08541462
 0.07064761 0.07064761 0.02359751]
[0.03948846 0.1336636  0.03359171 0.07794003 0.02884083 0.05935695
 0.03352229 0.05533536 0.07794003 0.14180714 0.07794003 0.0648059
 0.07794004 0.07794004 0.01988754]
[0.0411467  0.13708769 0.03482217 0.06972832 0.03117842 0.06794555
 0.03798471 0.08879363 0.06972833 0.13238001 0.06972833 0.0594103
 0.06972834 0.06972834 0.02060914]
[0.04730761 0.1362626  0.03226019 0.06312133 0.03341965 0.0552429
 0.03372683 0.07403053 0.06312133 0.16329697 0.06312133 0.09149525
 0.06312134 0.06312134 0.0173508 ]
[0.03917585 0.12457782 0.03516449 0.06816052 0.03677788 0.06847537
 0.0403688  0.06763329 0.06816052 0.14017162 0.06816052 0.0812207
 0.06816053 0.06816053 0.02563164]
[0.04756839 0.14080684 0.03518048 0.0739952  0.03486359 0.05597151
 0.03164496 0.06279682 0.0739952  0.12583548 0.0739952  0.07960876
 0.0739952  0.0739952  0.01574714]
[0.04633853 0.12181547 0.03481879 0.07399049 0.03360947 0.05204349
 0.04149679 0.06961119 0.07399049 0.13410296 0.07399049 0.0722817
 0.07399049 0.07399049 0.02392914]
[0.0411467  0.13708769 0.03482217 0.06972832 0.03117842 0.06794555
 0.03798471 0.08879363 0.06972833 0.13238001 0.06972833 0.0594103
 0.06972834 0.06972834 0.02060914]
[0.03581608 0.1251505  0.03390187 0.06446447 0.03302587 0.07035202
 0.02893252 0.07312282 0.06446449 0.17977023 0.06446449 0.0813769
 0.06446449 0.06446449 0.01622883]
[0.0411467  0.13708769 0.03482217 0.06972832 0.03117842 0.06794555
 0.03798471 0.08879363 0.06972833 0.13238001 0.06972833 0.0594103
 0.06972834 0.06972834 0.02060914]
[0.05307563 0.12202056 0.0459755  0.07126232 0.03160647 0.05509332
 0.05195919 0.07848982 0.07126233 0.09467465 0.07126233 0.08145384
 0.07126234 0.07126234 0.02933939]
[0.0411467  0.13708767 0.03482217 0.06972832 0.03117843 0.06794555
 0.03798471 0.08879365 0.06972832 0.13238002 0.06972832 0.0594103
 0.06972833 0.06972833 0.02060915]
[0.0411467  0.13708767 0.03482217 0.06972832 0.03117843 0.06794555
 0.03798471 0.08879365 0.06972832 0.13238002 0.06972832 0.0594103
 0.06972833 0.06972833 0.02060915]
[0.03480821 0.13896216 0.03162497 0.0662495  0.03470065 0.07282703
 0.03094481 0.0768584  0.0662495  0.14709885 0.0662495  0.08279008
 0.06624952 0.06624953 0.01813724]]