10126
Test: public void test2() throws Throwable { String string0 = Charsets.toCharsetName((String) null); }
Code: static String toCharsetName(final String charsetName) { return charsetName == null ? Charset.defaultCharset().name() : charsetName; }
[[0.14001906 0.0765672  0.06925029 0.0765672  0.03801793 0.09444064
 0.04907958 0.05241852 0.06510039 0.04808697 0.08000378 0.06925028
 0.04651887 0.06925029 0.02542904]
[0.15727343 0.06300645 0.07715718 0.06300645 0.04578672 0.07683283
 0.0542844  0.06236434 0.06974198 0.04525907 0.07131958 0.07715718
 0.03996149 0.07715718 0.0196918 ]
[0.14661393 0.07408541 0.06794874 0.07408541 0.04512834 0.06865992
 0.04996733 0.06071457 0.0772312  0.04446704 0.09234019 0.06794875
 0.03977887 0.06794876 0.02308151]
[0.15727343 0.06300645 0.07715718 0.06300645 0.04578672 0.07683283
 0.0542844  0.06236434 0.06974198 0.04525907 0.07131958 0.07715718
 0.03996149 0.07715718 0.0196918 ]
[0.13774042 0.05491479 0.06398273 0.05491479 0.04394756 0.09482679
 0.0628454  0.05858179 0.08345447 0.05971652 0.10961173 0.06398274
 0.03517121 0.06398275 0.01232626]
[0.13034871 0.07794079 0.07043429 0.07794079 0.04623219 0.09023271
 0.06251559 0.0555352  0.05785626 0.04412119 0.06944007 0.0704343
 0.04510876 0.07043431 0.03142487]
[0.16127531 0.07849895 0.07004727 0.07849895 0.03792881 0.0678677
 0.05091144 0.05261625 0.06800319 0.04439329 0.09884383 0.07004727
 0.032393   0.07004729 0.01862747]
[0.17059268 0.0735437  0.0525504  0.0735437  0.04687433 0.09728444
 0.05241077 0.05989381 0.05976439 0.03974378 0.11450706 0.05255039
 0.03381908 0.05255041 0.020371  ]
[0.17590022 0.08727921 0.05224752 0.08727921 0.04486751 0.07802951
 0.05153079 0.048357   0.07836112 0.03953979 0.09565992 0.05224752
 0.04032335 0.05224752 0.01612983]
[0.12723811 0.06375971 0.06756642 0.06375971 0.04282023 0.10523353
 0.07210664 0.06192893 0.06981329 0.0408164  0.09717714 0.06756641
 0.03661693 0.06756642 0.01603013]
[0.13582766 0.08642079 0.06623459 0.08642079 0.03872187 0.10417496
 0.05863669 0.04144105 0.05220783 0.04073901 0.09284648 0.06623459
 0.04421172 0.0662346  0.01964738]
[0.14661393 0.07408541 0.06794874 0.07408541 0.04512834 0.06865992
 0.04996733 0.06071457 0.0772312  0.04446704 0.09234019 0.06794875
 0.03977887 0.06794876 0.02308151]
[0.1384627  0.06129255 0.06155486 0.06129255 0.05593835 0.07702477
 0.06346788 0.06850522 0.06221208 0.05136897 0.11451291 0.06155486
 0.03449933 0.06155486 0.02675815]
[0.14661393 0.0740854  0.06794875 0.0740854  0.04512835 0.06865992
 0.04996734 0.06071457 0.0772312  0.04446705 0.09234019 0.06794875
 0.03977888 0.06794876 0.02308151]
[0.14919183 0.0663415  0.06822121 0.0663415  0.04391261 0.0901147
 0.07822981 0.05238724 0.06249608 0.04134441 0.09229461 0.06822121
 0.03314825 0.06822123 0.01953378]]