151948
Test: public void test19() throws Throwable { RowSetMetaDataImpl rowSetMetaDataImpl0 = new RowSetMetaDataImpl(); ResultSet resultSet0 = mock(ResultSet.class, new ViolatedAssumptionAnswer()); doReturn(rowSetMetaDataImpl0).when(resultSet0).getMetaData(); doReturn(false).when(resultSet0).next(); RowSetDynaClass rowSetDynaClass0 = new RowSetDynaClass(resultSet0, false, 899, false); // Undeclared exception!  rowSetDynaClass0.getDynaProperty((String) null);   }
Code: public DynaProperty getDynaProperty(final String name) { if (name == null) { throw new IllegalArgumentException("No property name specified"); } return (propertiesMap.get(name)); }
[[0.03942344 0.05468566 0.05468566 0.0513388  0.03907564 0.04745659
 0.10574354 0.04288952 0.06364099 0.02185278 0.04745659 0.04008147
 0.02023632 0.0634753  0.10666882 0.01780348 0.05468566 0.01567911
 0.04275592 0.05468566 0.01567911]
[0.03304584 0.05611493 0.05611493 0.06267657 0.04395659 0.0470805
 0.07995199 0.03560529 0.06364176 0.02327906 0.0470805  0.03893524
 0.02465772 0.0594234  0.12498943 0.018484   0.05611493 0.01638198
 0.03996839 0.05611493 0.01638198]
[0.03304584 0.05611493 0.05611493 0.06267657 0.04395659 0.0470805
 0.07995199 0.03560529 0.06364176 0.02327906 0.0470805  0.03893524
 0.02465772 0.0594234  0.12498943 0.018484   0.05611493 0.01638198
 0.03996839 0.05611493 0.01638198]
[0.03802033 0.05571213 0.05571213 0.04545602 0.03311197 0.0474908
 0.1109763  0.04308546 0.04970904 0.0174682  0.0474908  0.03547443
 0.01628144 0.05123316 0.16213061 0.01659726 0.05571213 0.01260536
 0.03741495 0.05571213 0.01260536]
[0.04100451 0.04867637 0.04867637 0.07588544 0.0434663  0.043989
 0.08928332 0.03913838 0.0614906  0.01942398 0.043989   0.03954215
 0.02472214 0.05625245 0.12149787 0.02351547 0.04867638 0.01951827
 0.04305736 0.04867638 0.01951827]
[0.03941034 0.0542414  0.0542414  0.06112003 0.04923117 0.05750705
 0.06864658 0.0337854  0.04351928 0.02663659 0.05750705 0.03574809
 0.02283744 0.04604413 0.13246952 0.02002821 0.05424141 0.02121109
 0.04612131 0.05424141 0.02121109]
[0.02458888 0.06261438 0.06261438 0.06228087 0.02549674 0.03925617
 0.13399467 0.0218845  0.05495448 0.00962741 0.03925617 0.02218892
 0.00900446 0.04213455 0.21311481 0.00713225 0.0626144  0.00650866
 0.03161027 0.0626144  0.00650866]
[0.03247778 0.04757338 0.04757338 0.06893631 0.03901661 0.04886355
 0.11899185 0.03028269 0.05689833 0.01289495 0.04886355 0.03444113
 0.01809591 0.05869719 0.16705249 0.01430358 0.04757338 0.01079309
 0.03830432 0.04757338 0.01079309]
[0.02397348 0.04396402 0.04396402 0.07273476 0.03737891 0.04639598
 0.13375953 0.03090313 0.06221382 0.01583214 0.04639598 0.02702348
 0.01526972 0.0475865  0.19333293 0.01246986 0.04396403 0.01022619
 0.0384213  0.04396403 0.01022619]
[0.02983746 0.05792088 0.05792088 0.04978763 0.03424068 0.05899323
 0.137704   0.02921851 0.05805691 0.01942475 0.05899323 0.02731165
 0.01229083 0.05176969 0.1324917  0.01303956 0.05792089 0.00959758
 0.03596143 0.05792089 0.00959758]
[0.03941034 0.0542414  0.0542414  0.06112003 0.04923117 0.05750705
 0.06864658 0.0337854  0.04351928 0.02663659 0.05750705 0.03574809
 0.02283744 0.04604413 0.13246952 0.02002821 0.05424141 0.02121109
 0.04612131 0.05424141 0.02121109]
[0.02931595 0.05010228 0.05010228 0.06777103 0.03825427 0.06152472
 0.09923047 0.02795867 0.04684349 0.01771343 0.06152472 0.03426314
 0.01637702 0.054028   0.1604183  0.01331862 0.05010228 0.01124772
 0.04855359 0.05010228 0.01124772]
[0.03076946 0.05015314 0.05015314 0.06147536 0.04015078 0.04866333
 0.10878258 0.03893586 0.06255306 0.01850705 0.04866333 0.03586085
 0.02081341 0.04542717 0.14875872 0.01766985 0.05015315 0.01463217
 0.04309222 0.05015315 0.01463217]
[0.02696842 0.05139677 0.05139677 0.05166861 0.03556918 0.04888817
 0.10730121 0.02611084 0.05790367 0.01457391 0.04888817 0.04011128
 0.01745505 0.0550976  0.17965282 0.01397962 0.05139676 0.01236159
 0.0455212  0.05139676 0.01236159]
[0.0331033  0.05120739 0.05120739 0.05638118 0.04682617 0.05726847
 0.0882614  0.03728927 0.05233135 0.02117064 0.05726847 0.03293068
 0.0206728  0.05743571 0.13437063 0.01479551 0.05120739 0.01901752
 0.04702982 0.05120739 0.01901752]
[0.04959614 0.05290968 0.05290968 0.04893254 0.03902619 0.04464166
 0.0850001  0.03570258 0.06471496 0.02493957 0.04464166 0.04648355
 0.02011748 0.0568141  0.11475701 0.02199912 0.05290967 0.0219397
 0.04711531 0.05290967 0.02193969]
[0.03304584 0.05611493 0.05611493 0.06267657 0.04395659 0.0470805
 0.07995199 0.03560529 0.06364176 0.02327906 0.0470805  0.03893524
 0.02465772 0.0594234  0.12498943 0.018484   0.05611493 0.01638198
 0.03996839 0.05611493 0.01638198]
[0.0270643  0.05279366 0.05279366 0.04966517 0.04442128 0.05696208
 0.101685   0.03072933 0.04582993 0.01738111 0.05696208 0.03427515
 0.01510139 0.04884246 0.16151263 0.01719423 0.05279366 0.01286485
 0.05546952 0.05279366 0.01286485]
[0.02614163 0.05595746 0.05595746 0.06712748 0.03746039 0.04323972
 0.11289325 0.02850949 0.05552253 0.01609351 0.04323972 0.03052523
 0.01598767 0.06347358 0.15895034 0.01320372 0.05595746 0.01224907
 0.03930375 0.05595746 0.01224907]
[0.03304584 0.05611493 0.05611493 0.06267657 0.04395659 0.0470805
 0.07995199 0.03560529 0.06364176 0.02327906 0.0470805  0.03893524
 0.02465772 0.0594234  0.12498943 0.018484   0.05611493 0.01638198
 0.03996839 0.05611493 0.01638198]
[0.0270643  0.05279366 0.05279366 0.04966517 0.04442128 0.05696208
 0.10168499 0.03072933 0.04582993 0.01738112 0.05696208 0.03427515
 0.01510139 0.04884245 0.16151264 0.01719423 0.05279366 0.01286484
 0.05546951 0.05279366 0.01286484]]