10050
Test: public void test54() throws Throwable { Integer integer0 = new Integer((-1749)); Range<Integer> range0 = Range.between(integer0, integer0); boolean boolean0 = range0.isEndedBy(integer0); }
Code: public boolean isEndedBy(final T element) { if (element == null) { return false; } return comparator.compare(element, maximum) == 0; }
[[0.03804093 0.09682346 0.05277074 0.02505172 0.04118599 0.04874607
 0.10233617 0.02472335 0.06056656 0.02068734 0.04874607 0.04162133
 0.05267448 0.01577552 0.04162133 0.05277074 0.10926665 0.06056656
 0.05024946 0.01577552]
[0.02748416 0.16293009 0.05427825 0.0175454  0.0354968  0.05608199
 0.09746269 0.01296675 0.04226431 0.01373691 0.05608199 0.0413276
 0.0511836  0.01104875 0.0413276  0.05427825 0.12650082 0.04226432
 0.04469099 0.01104875]
[0.03135456 0.12286196 0.05309981 0.02025898 0.03994234 0.04546247
 0.07605973 0.02351486 0.06023537 0.0221315  0.04546247 0.03794371
 0.0598766  0.01575566 0.03794371 0.05309981 0.12937853 0.06023537
 0.04962685 0.01575566]
[0.03303587 0.12050865 0.05407134 0.01906604 0.0488283  0.04988737
 0.09383231 0.01982177 0.05405654 0.01775838 0.04988737 0.03827602
 0.0607813  0.01427119 0.03827602 0.05407134 0.11385132 0.05405653
 0.05139117 0.01427119]
[0.03947651 0.12117356 0.06119823 0.01979341 0.04375055 0.06185924
 0.08740611 0.02086276 0.04496933 0.02149091 0.06185924 0.03905251
 0.05308203 0.01475501 0.03905251 0.06119823 0.10130925 0.04496933
 0.0479863  0.01475501]
[0.03974907 0.09166662 0.05358426 0.02147569 0.04137329 0.06052006
 0.06890529 0.02930491 0.04331274 0.02637091 0.06052006 0.04618858
 0.05952574 0.02187966 0.04618858 0.05358426 0.11890972 0.04331274
 0.05174813 0.02187966]
[0.02340489 0.15991646 0.05659509 0.01142851 0.03536327 0.0438277
 0.12995736 0.01290844 0.04993822 0.00904802 0.0438277  0.03049185
 0.04309862 0.00692774 0.03049185 0.05659509 0.15080084 0.04993822
 0.04851233 0.00692774]
[0.03046933 0.12473727 0.04658066 0.01960115 0.03965491 0.06630534
 0.09222244 0.0203376  0.04709174 0.01797299 0.06630534 0.04265534
 0.05141732 0.01409738 0.04265534 0.04658066 0.12068305 0.04709174
 0.049443   0.01409738]
[0.02097817 0.18853748 0.03559616 0.01245688 0.03654654 0.04977097
 0.11607535 0.01388261 0.05273193 0.01370179 0.04977097 0.03423842
 0.03840011 0.01040023 0.03423842 0.03559616 0.14773828 0.05273192
 0.04620735 0.01040023]
[0.02782792 0.15830313 0.05134001 0.01644218 0.03612176 0.06069217
 0.12686291 0.01435383 0.05266166 0.01746317 0.06069217 0.03372533
 0.043521   0.00948662 0.03372533 0.05134001 0.09935406 0.05266166
 0.04393846 0.00948662]
[0.03974907 0.09166662 0.05358426 0.02147569 0.04137329 0.06052006
 0.06890529 0.02930491 0.04331274 0.02637091 0.06052006 0.04618858
 0.05952574 0.02187966 0.04618858 0.05358426 0.11890972 0.04331274
 0.05174813 0.02187966]
[0.02569668 0.14295977 0.05252445 0.0145633  0.0446129  0.04758102
 0.10769585 0.01828791 0.05135287 0.01537724 0.04758102 0.03776348
 0.05597263 0.01317435 0.03776348 0.05252445 0.12409285 0.05135286
 0.04594856 0.01317435]
[0.03813301 0.10207405 0.05444277 0.02169759 0.04556346 0.04883842
 0.07860623 0.02141563 0.05231755 0.02366269 0.04883842 0.04306667
 0.06683948 0.02002078 0.04306667 0.05444277 0.10745245 0.05231755
 0.05718309 0.02002078]
[0.02623118 0.09729657 0.05075657 0.01795671 0.03679942 0.05758779
 0.09907679 0.01479605 0.0446215  0.01676735 0.05758779 0.05444973
 0.05497091 0.01286614 0.05444973 0.05075657 0.14153177 0.0446215
 0.05400974 0.01286614]
[0.02569668 0.14295977 0.05252445 0.0145633  0.0446129  0.04758102
 0.10769585 0.01828791 0.05135287 0.01537724 0.04758102 0.03776348
 0.05597263 0.01317435 0.03776348 0.05252445 0.12409285 0.05135286
 0.04594856 0.01317435]
[0.03135456 0.12286196 0.05309981 0.02025898 0.03994234 0.04546247
 0.07605973 0.02351486 0.06023537 0.0221315  0.04546247 0.03794371
 0.0598766  0.01575566 0.03794371 0.05309981 0.12937853 0.06023537
 0.04962685 0.01575566]
[0.03801326 0.12735818 0.05203604 0.02174471 0.04600756 0.05071897
 0.09970848 0.02223784 0.03887799 0.02180867 0.05071897 0.03883125
 0.05962995 0.01726615 0.03883125 0.05203604 0.11599512 0.03887799
 0.05203531 0.01726615]
[0.02097817 0.18853748 0.03559616 0.01245688 0.03654654 0.04977097
 0.11607535 0.01388261 0.05273193 0.01370179 0.04977097 0.03423842
 0.03840011 0.01040023 0.03423842 0.03559616 0.14773828 0.05273192
 0.04620735 0.01040023]
[0.03287799 0.1242663  0.04829354 0.02142772 0.02819227 0.05218018
 0.11009008 0.0269271  0.04674486 0.01558767 0.05218018 0.04052021
 0.04935377 0.014363   0.04052021 0.04829354 0.1326705  0.04674486
 0.05440302 0.014363  ]
[0.02623118 0.09729657 0.05075657 0.01795671 0.03679942 0.05758779
 0.09907679 0.01479605 0.0446215  0.01676735 0.05758779 0.05444973
 0.05497091 0.01286614 0.05444973 0.05075657 0.14153177 0.0446215
 0.05400974 0.01286614]]