15551
Test: public void test774() throws Throwable { // Undeclared exception!  DateUtils.addSeconds((Date) null, 0);   }
Code: public static Date addSeconds(final Date date, final int amount) { return add(date, Calendar.SECOND, amount); }
[[0.06033595 0.16150033 0.02707973 0.0271793  0.02707973 0.14283016
 0.04700634 0.04030798 0.09867741 0.0696596  0.06506927 0.08369131
 0.04254539 0.08369132 0.02334624]
[0.059419   0.14669383 0.02161705 0.02670626 0.02161705 0.14769837
 0.04195975 0.03198759 0.12820034 0.09167695 0.05533526 0.08153218
 0.03827031 0.0815322  0.02575379]
[0.04987673 0.15498957 0.02646299 0.03576627 0.02646299 0.17183039
 0.03942846 0.03564082 0.08992347 0.0892     0.0727248  0.077463
 0.03463392 0.077463   0.01813352]
[0.04211639 0.15131345 0.01836029 0.0264629  0.01836029 0.20097461
 0.03889056 0.0270174  0.10722586 0.07370276 0.06122674 0.09380479
 0.03111243 0.09380479 0.01562672]
[0.04987673 0.15498957 0.02646299 0.03576627 0.02646299 0.17183039
 0.03942846 0.03564082 0.08992347 0.0892     0.0727248  0.077463
 0.03463392 0.077463   0.01813352]
[0.0415036  0.19033809 0.01709207 0.02775582 0.01709207 0.16701072
 0.04169383 0.02652601 0.08765244 0.09906746 0.07616353 0.08188689
 0.02961254 0.08188689 0.01471804]
[0.05481938 0.15998232 0.02534387 0.02936158 0.02534387 0.1398898
 0.03565594 0.02524636 0.10260388 0.08411732 0.07948081 0.09016956
 0.04077589 0.09016956 0.01703991]
[0.03768396 0.20681168 0.01951381 0.02387867 0.01951381 0.14364958
 0.0481409  0.02940308 0.08869234 0.07232472 0.05925997 0.10239833
 0.02938399 0.10239834 0.01694687]
[0.05017034 0.18946338 0.01967537 0.03335969 0.01967537 0.15601732
 0.05038449 0.03079084 0.10078353 0.08652873 0.07189623 0.07077033
 0.0328747  0.07077033 0.01683929]
[0.06033867 0.13352814 0.02996784 0.03776205 0.02996784 0.10552968
 0.05879441 0.03002777 0.11539002 0.08567376 0.07092336 0.08410336
 0.04187269 0.08410337 0.0320171 ]
[0.03977688 0.17225108 0.02014763 0.02794489 0.02014763 0.21409616
 0.03552349 0.02514751 0.09161654 0.07002927 0.05907733 0.08307481
 0.03850798 0.08307482 0.01958401]
[0.04775468 0.15853253 0.02554825 0.03084693 0.02554825 0.15268685
 0.04392439 0.03160182 0.13380787 0.06840282 0.05776816 0.0810256
 0.03775432 0.08102562 0.0237719 ]
[0.06033681 0.18030988 0.01973619 0.02292841 0.01973619 0.14603244
 0.04828668 0.03359127 0.09688267 0.08397337 0.05733047 0.09308997
 0.03014041 0.09308998 0.01453525]
[0.04775469 0.15853254 0.02554825 0.03084693 0.02554825 0.15268683
 0.04392439 0.03160183 0.13380787 0.06840283 0.05776817 0.08102562
 0.03775432 0.08102562 0.0237719 ]
[0.04089393 0.15644012 0.01760424 0.02765281 0.01760424 0.16914316
 0.03590111 0.03156909 0.11271177 0.09139664 0.08535394 0.07884834
 0.03570395 0.07884835 0.02032833]]