31093
Test: public void test62() throws Throwable { LinkedList<String> linkedList0 = ListUtil.newLinkedList(); String string0 = ListUtil.getFirst((List<String>) linkedList0); }
Code: public static <T> T getFirst(List<T> list) { if (isEmpty(list)) { return null; } return list.get(0); }
[[0.04073235 0.10527031 0.09096029 0.02742751 0.05649731 0.14684513
 0.04487648 0.108831   0.05649731 0.04487648 0.04366221 0.0865499
 0.01529042 0.04366221 0.07273064 0.01529042]
[0.03878958 0.09307843 0.10116713 0.02147533 0.05355994 0.15779231
 0.05669156 0.10546044 0.05355994 0.05669156 0.03590738 0.0934147
 0.01616044 0.03590738 0.06418341 0.01616044]
[0.03699242 0.08466692 0.09758423 0.01678132 0.05769176 0.1569773
 0.05640195 0.10229984 0.05769176 0.05640195 0.04105889 0.09675799
 0.01321149 0.04105889 0.07121182 0.01321149]
[0.03602939 0.09157203 0.09697431 0.02080411 0.06012638 0.1570272
 0.04874751 0.10261667 0.06012638 0.04874751 0.04131392 0.09355655
 0.01472158 0.04131392 0.07160094 0.01472158]
[0.03489709 0.1093937  0.09054613 0.02222904 0.06033204 0.12459742
 0.04378304 0.0829338  0.06033204 0.04378304 0.04205083 0.12102339
 0.01570935 0.04205083 0.0906289  0.01570935]
[0.03090875 0.10216018 0.09030291 0.0166798  0.06309567 0.15767229
 0.05578126 0.11306319 0.06309567 0.05578126 0.03999259 0.08635256
 0.01363381 0.03999259 0.05785361 0.01363381]
[0.0432089  0.09441607 0.08505244 0.0237728  0.06094376 0.11494942
 0.05974431 0.07569791 0.06094376 0.05974431 0.05099869 0.09761625
 0.02261737 0.05099869 0.07667793 0.02261737]
[0.02339862 0.11051434 0.1116493  0.01154798 0.06075629 0.18809322
 0.03483329 0.12656574 0.06075629 0.03483329 0.02992253 0.09198019
 0.00590764 0.02992253 0.07341114 0.00590764]
[0.03489709 0.1093937  0.09054613 0.02222904 0.06033204 0.12459742
 0.04378304 0.0829338  0.06033204 0.04378304 0.04205083 0.12102339
 0.01570935 0.04205083 0.0906289  0.01570935]
[0.0432089  0.09441607 0.08505244 0.0237728  0.06094376 0.11494942
 0.05974431 0.07569791 0.06094376 0.05974431 0.05099869 0.09761625
 0.02261737 0.05099869 0.07667793 0.02261737]
[0.02572781 0.10606061 0.10196653 0.0149492  0.05541573 0.1809395
 0.04185092 0.11156055 0.05541573 0.04185092 0.03880243 0.10175334
 0.01189789 0.03880243 0.06110849 0.01189789]
[0.04195095 0.08578187 0.08801122 0.02481779 0.06801622 0.14834645
 0.0470993  0.11297981 0.06801622 0.0470993  0.0467763  0.07726161
 0.01568908 0.0467763  0.06568848 0.01568908]
[0.02839919 0.0927949  0.10506425 0.01873022 0.05711868 0.128311
 0.0498318  0.1045197  0.05711868 0.0498318  0.05533217 0.09264153
 0.01183946 0.05533217 0.08129499 0.01183946]
[0.02572781 0.10606061 0.10196653 0.0149492  0.05541573 0.1809395
 0.04185092 0.11156055 0.05541573 0.04185092 0.03880243 0.10175334
 0.01189789 0.03880243 0.06110849 0.01189789]
[0.04391027 0.08013988 0.11144336 0.02409024 0.05585956 0.14159642
 0.05324531 0.10251901 0.05585956 0.05324531 0.03590585 0.08696873
 0.01982244 0.03590585 0.07966581 0.01982244]
[0.02839919 0.0927949  0.10506425 0.01873022 0.05711868 0.128311
 0.0498318  0.1045197  0.05711868 0.0498318  0.05533217 0.09264153
 0.01183946 0.05533217 0.08129499 0.01183946]]