39130
Test: public void test29() throws Throwable { Integer integer0 = new Integer(0); IslamicChronology islamicChronology0 = new IslamicChronology((Chronology) null, integer0, (IslamicChronology.LeapYearPatternType) null); BasicWeekyearDateTimeField basicWeekyearDateTimeField0 = new BasicWeekyearDateTimeField(islamicChronology0); // Undeclared exception!  basicWeekyearDateTimeField0.add((long) 0, 2211);   }
Code: public long add(long instant, int years) { if (years == 0) { return instant; } return set(instant, get(instant) + years); }
[[0.04142093 0.0706167  0.04778493 0.07412301 0.02729318 0.06432614
 0.04972976 0.11108792 0.03730888 0.06690299 0.02191067 0.04972976
 0.04490604 0.04297612 0.01644479 0.04490604 0.05745632 0.05745632
 0.03343613 0.02373861 0.01644479]
[0.03008012 0.06736224 0.06325109 0.06325568 0.0195016  0.07006496
 0.05736062 0.11271767 0.04049709 0.06335101 0.02112326 0.05736062
 0.04501234 0.04590231 0.01446281 0.04501234 0.05931935 0.05931935
 0.03352209 0.01706056 0.01446281]
[0.03505018 0.06048682 0.04731371 0.07171939 0.01727553 0.08479958
 0.05924941 0.12533975 0.03280979 0.05689865 0.02178584 0.05924941
 0.05401507 0.04142545 0.01103012 0.05401507 0.05737545 0.05737545
 0.0263154  0.01543987 0.01103012]
[0.04191052 0.05235927 0.04688946 0.07093958 0.02714006 0.06324214
 0.05915521 0.10745338 0.03465742 0.0533395  0.02644176 0.05915521
 0.04799374 0.05066566 0.01411547 0.04799374 0.06089763 0.06089763
 0.03548383 0.02515336 0.01411547]
[0.02534663 0.0586943  0.03838873 0.06652113 0.01951144 0.08854548
 0.05019192 0.14579023 0.04320052 0.06735559 0.01830034 0.05019192
 0.04004585 0.0381567  0.01157295 0.04004585 0.06820581 0.06820581
 0.03074053 0.01941529 0.01157295]
[0.04303843 0.07335402 0.05108988 0.06160317 0.0222977  0.06932148
 0.05590816 0.10809633 0.04720681 0.06145343 0.02202148 0.05590816
 0.04571725 0.04402325 0.01557341 0.04571725 0.05129216 0.05129216
 0.03709865 0.02241337 0.01557341]
[0.04019821 0.06802811 0.06556293 0.06837126 0.01992333 0.05659583
 0.05789521 0.07011911 0.04682874 0.04456484 0.02598331 0.05789521
 0.04714286 0.0573106  0.02148813 0.04714286 0.05566541 0.05566541
 0.04161404 0.03051645 0.02148813]
[0.02772956 0.09204461 0.03885714 0.07643861 0.01446491 0.09268921
 0.04531262 0.15149902 0.02635056 0.06159136 0.01829433 0.04531262
 0.03571289 0.04769892 0.00745815 0.03571289 0.07012737 0.07012737
 0.02131941 0.01380028 0.00745815]
[0.03822249 0.06787131 0.04388744 0.07673936 0.02168371 0.08043393
 0.04969691 0.11374944 0.03599454 0.05159848 0.01678221 0.04969691
 0.04623936 0.04957113 0.01430323 0.04623936 0.06394155 0.06394155
 0.03632004 0.01878381 0.01430324]
[0.0259312  0.08398784 0.04748327 0.06645437 0.01752067 0.07780136
 0.0530638  0.14437747 0.04237566 0.06675793 0.02339523 0.0530638
 0.04175271 0.04784148 0.01151698 0.04175271 0.04665178 0.04665178
 0.0330411  0.01706186 0.01151698]
[0.03377047 0.07052831 0.04815381 0.07310662 0.02141484 0.07088713
 0.05085944 0.11350244 0.03131901 0.05895142 0.02148144 0.05085944
 0.05260665 0.04964918 0.01814224 0.05260665 0.05702611 0.05702611
 0.02810684 0.02185962 0.01814224]
[0.04019821 0.06802811 0.06556293 0.06837126 0.01992333 0.05659583
 0.05789521 0.07011911 0.04682874 0.04456484 0.02598331 0.05789521
 0.04714286 0.0573106  0.02148813 0.04714286 0.05566541 0.05566541
 0.04161404 0.03051645 0.02148813]
[0.0288635  0.08897211 0.05925608 0.05988714 0.01869193 0.06161084
 0.04846673 0.12418    0.03393295 0.06084317 0.02034395 0.04846673
 0.04327167 0.05069979 0.01368631 0.04327167 0.0614296  0.0614296
 0.03933738 0.01967252 0.01368631]
[0.03674112 0.06709417 0.04650188 0.06492484 0.02290091 0.07806531
 0.0561179  0.11522766 0.04408292 0.05622947 0.02198919 0.0561179
 0.04917857 0.04869158 0.01141408 0.04917857 0.05959695 0.05959695
 0.02503985 0.01989614 0.01141408]
[0.02988634 0.04845387 0.03855953 0.06762397 0.02338701 0.08855941
 0.0596715  0.11157919 0.03916144 0.05033395 0.01905603 0.0596715
 0.06031969 0.04709945 0.01366687 0.06031969 0.05885782 0.05885782
 0.03181405 0.01945402 0.01366687]
[0.0288635  0.08897211 0.05925608 0.05988714 0.01869193 0.06161084
 0.04846673 0.12418    0.03393295 0.06084317 0.02034395 0.04846673
 0.04327167 0.05069979 0.01368631 0.04327167 0.0614296  0.0614296
 0.03933738 0.01967252 0.01368631]
[0.03512104 0.06643676 0.0450102  0.07632457 0.02344014 0.07791764
 0.04818122 0.08450462 0.04424188 0.06798812 0.024033   0.04818122
 0.04242934 0.04728371 0.01691343 0.04242934 0.0599745  0.0599745
 0.04702278 0.0256786  0.01691343]
[0.03512104 0.06643676 0.0450102  0.07632457 0.02344014 0.07791764
 0.04818122 0.08450462 0.04424188 0.06798812 0.024033   0.04818122
 0.04242934 0.04728371 0.01691343 0.04242934 0.0599745  0.0599745
 0.04702278 0.0256786  0.01691343]
[0.04102506 0.07358856 0.05077056 0.06676315 0.0234027  0.06504464
 0.04742605 0.10560935 0.04851869 0.05446247 0.02698223 0.04742605
 0.04630775 0.04658258 0.01709648 0.04630775 0.06027519 0.06027519
 0.03257515 0.02246394 0.01709648]
[0.03152097 0.06685811 0.03671427 0.08300982 0.0169612  0.09011979
 0.0529993  0.13282663 0.03329385 0.06203582 0.01729759 0.0529993
 0.04864782 0.05165098 0.00913001 0.04864782 0.05748403 0.05748403
 0.02247224 0.01871642 0.00913001]
[0.02988633 0.04845387 0.03855952 0.06762396 0.023387   0.08855941
 0.05967151 0.11157916 0.03916144 0.05033395 0.01905603 0.05967151
 0.06031968 0.04709945 0.01366687 0.06031968 0.05885782 0.05885782
 0.03181405 0.01945402 0.01366687]]