166878
Test: public void test9() throws Throwable { ConstantLookup constantLookup0 = new ConstantLookup();  constantLookup0.resolveField(" `3G[%X`QA3D;7&A/,w", " `3G[%X`QA3D;7&A/,w");   }
Code: protected Object resolveField(final String className, final String fieldName) throws Exception { return fetchClass(className).getField(fieldName).get(null); }
[[0.07636923 0.03178188 0.07053707 0.06816795 0.13572158 0.04408807
 0.06816795 0.07053707 0.12467161 0.04916468 0.10678914 0.06261755
 0.07053708 0.02084915]
[0.07825197 0.03288571 0.05901508 0.07073228 0.14227396 0.03608153
 0.07073228 0.05901508 0.1490696  0.04085492 0.12115987 0.0594219
 0.05901509 0.02149073]
[0.08433405 0.03495715 0.06844759 0.07313336 0.14717889 0.0442284
 0.07313336 0.06844759 0.13869478 0.04262982 0.07879997 0.05163281
 0.0684476  0.02593463]
[0.07162532 0.03707481 0.07351205 0.06012968 0.14524072 0.04395547
 0.06012968 0.07351205 0.14212987 0.04591602 0.0939587  0.05634969
 0.07351206 0.02295391]
[0.07442549 0.03198915 0.08933911 0.06202137 0.12162043 0.04321605
 0.06202137 0.08933911 0.11803202 0.03867827 0.08979362 0.0616421
 0.08933912 0.02854283]
[0.0611087  0.03792506 0.07647581 0.07661323 0.11207485 0.03680389
 0.07661323 0.07647581 0.13136482 0.04009284 0.10045792 0.07821207
 0.07647581 0.01930588]
[0.07162532 0.03707481 0.07351205 0.06012968 0.14524072 0.04395547
 0.06012968 0.07351205 0.14212987 0.04591602 0.0939587  0.05634969
 0.07351206 0.02295391]
[0.08433405 0.03495715 0.06844759 0.07313336 0.14717889 0.0442284
 0.07313336 0.06844759 0.13869478 0.04262982 0.07879997 0.05163281
 0.0684476  0.02593463]
[0.08251698 0.03517822 0.0576534  0.06097463 0.15702327 0.03255408
 0.06097463 0.0576534  0.16363731 0.03789322 0.1106414  0.06527445
 0.05765342 0.02037155]
[0.08417002 0.03800655 0.05901899 0.07915226 0.14775094 0.03679886
 0.07915226 0.05901899 0.12851748 0.04117233 0.10862381 0.05658115
 0.059019   0.02301735]
[0.09409425 0.03383223 0.06787977 0.0733705  0.1206117  0.05635675
 0.0733705  0.06787977 0.09717346 0.04307315 0.10598685 0.06345915
 0.06787977 0.03503215]
[0.08263361 0.03660723 0.07002649 0.07019354 0.16605064 0.03704087
 0.07019354 0.07002649 0.12549426 0.03627055 0.08842287 0.05345874
 0.0700265  0.02355469]
[0.08433404 0.03495715 0.06844759 0.07313335 0.14717887 0.0442284
 0.07313335 0.06844759 0.1386948  0.04262982 0.07879998 0.05163281
 0.06844759 0.02593463]
[0.07125496 0.03832937 0.06394238 0.06536386 0.12423498 0.03362011
 0.06536386 0.06394238 0.14930207 0.04639285 0.1087561  0.0829641
 0.0639424  0.02259059]]