35032
Test: public void test8() throws Throwable { LexicalScope lexicalScope0 = new LexicalScope(414L, (BitSet) null); }
Code: public int getSymbolCount() { return Long.bitCount(symbols) + (moreSymbols == null ? 0 : moreSymbols.cardinality()); }
[[0.05855902 0.03594627 0.08124182 0.0836138  0.06512972 0.08124182
 0.04757442 0.08124182 0.0907878  0.06533822 0.09904675 0.04652222
 0.05635383 0.08124185 0.02616064]
[0.03887222 0.02637713 0.09567085 0.09762689 0.06391333 0.09567085
 0.04523247 0.09567085 0.09317715 0.04901559 0.10297758 0.03480721
 0.04523938 0.09567088 0.02007763]
[0.04928998 0.03124953 0.08098285 0.08523979 0.06001168 0.08098285
 0.06852491 0.08098285 0.09209514 0.0528516  0.10827568 0.05184053
 0.04823111 0.08098286 0.02845858]
[0.0621364  0.02930911 0.07937906 0.104437   0.07091799 0.07937906
 0.06512159 0.07937906 0.06544102 0.04991993 0.07797542 0.06957141
 0.05155325 0.07937908 0.03610057]
[0.04397258 0.02580651 0.08668496 0.08796257 0.06349899 0.08668496
 0.06080297 0.08668496 0.08372152 0.05461698 0.11999201 0.04759642
 0.04128476 0.08668497 0.02400482]
[0.04928998 0.03124953 0.08098285 0.08523979 0.06001168 0.08098285
 0.06852491 0.08098285 0.09209514 0.0528516  0.10827568 0.05184053
 0.04823111 0.08098286 0.02845858]
[0.05907609 0.03131853 0.07964766 0.08678363 0.07058009 0.07964766
 0.05080752 0.07964766 0.0753141  0.05816545 0.12896566 0.04695465
 0.04385399 0.07964768 0.02958959]
[0.04928998 0.03124953 0.08098285 0.08523979 0.06001168 0.08098285
 0.06852491 0.08098285 0.09209514 0.0528516  0.10827568 0.05184053
 0.04823111 0.08098286 0.02845858]
[0.04335172 0.02609649 0.06859656 0.11868786 0.07182056 0.06859656
 0.05875423 0.06859656 0.10602126 0.0521603  0.12314118 0.04176123
 0.05982025 0.06859657 0.02399869]
[0.05096109 0.02909492 0.0773475  0.12475363 0.08324708 0.0773475
 0.05558226 0.0773475  0.07986465 0.04656122 0.10990889 0.04878396
 0.04300504 0.0773475  0.01884729]
[0.05286866 0.02315952 0.08278481 0.12670167 0.07272685 0.08278481
 0.04492386 0.08278481 0.06520128 0.05111621 0.1172066  0.036792
 0.05417258 0.08278482 0.02399164]
[0.05112819 0.02846779 0.0765715  0.09692518 0.08018514 0.0765715
 0.04875295 0.0765715  0.0935273  0.05375519 0.12565608 0.04860884
 0.04677893 0.07657151 0.01992836]
[0.05925698 0.03685868 0.0715951  0.09496893 0.07453343 0.0715951
 0.05259156 0.0715951  0.07190292 0.05926008 0.12830228 0.06186102
 0.04164883 0.0715951  0.03243489]
[0.04928998 0.03124953 0.08098285 0.08523981 0.06001168 0.08098285
 0.06852492 0.08098285 0.09209514 0.05285161 0.10827567 0.05184053
 0.04823112 0.08098286 0.02845859]
[0.0431063  0.0320993  0.07850987 0.12293207 0.09765811 0.07850987
 0.04788781 0.07850987 0.07573429 0.04793009 0.102577   0.04675272
 0.04341408 0.07850989 0.02586867]]