151924
Test: public void test14() throws Throwable { Class<String> class0 = String.class; MappedPropertyDescriptor mappedPropertyDescriptor0 = new MappedPropertyDescriptor("codePointCount", class0, (String) null, "codePointCount"); Method method0 = mappedPropertyDescriptor0.getMappedWriteMethod();  mappedPropertyDescriptor0.setMappedReadMethod(method0);   }
Code: public void setMappedReadMethod(final Method mappedGetter) throws IntrospectionException { mappedReadMethodRef = new MappedMethodReference(mappedGetter); findMappedPropertyType(); }
[[0.0555066  0.04613385 0.07701153 0.13941196 0.07701153 0.12424959
 0.07701153 0.08393795 0.07701154 0.03555958 0.02730962 0.07701154
 0.07701155 0.02582152]
[0.04274433 0.0412152  0.07727955 0.12904441 0.07727955 0.14544344
 0.07727955 0.09240992 0.07727955 0.03782809 0.02025126 0.07727955
 0.07727955 0.02738613]
[0.04409818 0.0419074  0.07223573 0.15021595 0.07223573 0.14393665
 0.07223573 0.07746135 0.07223574 0.04900273 0.03418073 0.07223574
 0.07223575 0.02578255]
[0.0545652  0.04803921 0.07671495 0.12969501 0.07671495 0.12302002
 0.07671495 0.09861136 0.07671495 0.03948833 0.02349987 0.07671495
 0.07671495 0.02279134]
[0.04409818 0.0419074  0.07223573 0.15021595 0.07223573 0.14393665
 0.07223573 0.07746135 0.07223574 0.04900273 0.03418073 0.07223574
 0.07223575 0.02578255]
[0.04115721 0.04197271 0.06575692 0.14223222 0.06575692 0.18572465
 0.06575692 0.11411179 0.06575694 0.03734052 0.02155342 0.06575694
 0.06575695 0.02136596]
[0.04409818 0.0419074  0.07223573 0.15021595 0.07223573 0.14393665
 0.07223573 0.07746135 0.07223574 0.04900273 0.03418073 0.07223574
 0.07223575 0.02578255]
[0.06164706 0.05452421 0.07704001 0.08555964 0.07704001 0.10712721
 0.07704001 0.10745737 0.07704002 0.05169915 0.03318708 0.07704002
 0.07704002 0.03655815]
[0.04409818 0.0419074  0.07223573 0.15021595 0.07223573 0.14393665
 0.07223573 0.07746135 0.07223574 0.04900273 0.03418073 0.07223574
 0.07223575 0.02578255]
[0.06149751 0.05061821 0.0869202  0.08970933 0.0869202  0.09348847
 0.0869202  0.07175379 0.0869202  0.05164962 0.02906771 0.0869202
 0.08692022 0.03069419]
[0.048137   0.0454324  0.0704346  0.13983768 0.0704346  0.1534605
 0.0704346  0.09524389 0.0704346  0.0378327  0.03036474 0.0704346
 0.07043462 0.02708345]
[0.04409818 0.0419074  0.07223573 0.15021595 0.07223573 0.14393665
 0.07223573 0.07746135 0.07223574 0.04900273 0.03418073 0.07223574
 0.07223575 0.02578255]
[0.04409818 0.0419074  0.07223575 0.15021592 0.07223575 0.14393666
 0.07223575 0.07746135 0.07223575 0.04900273 0.03418074 0.07223575
 0.07223575 0.02578256]
[0.04017069 0.03965851 0.07093029 0.1119242  0.07093029 0.16734898
 0.07093029 0.12745617 0.07093029 0.03895526 0.02264383 0.07093029
 0.07093031 0.02626055]]