35176
Test: public void test11() throws Throwable { Class<?> class0 = AbstractExecutor.classOf((Object) null); }
Code: static Class<?> classOf(final Object instance) { return instance == null? Object.class : instance.getClass(); }
[[0.15909104 0.02418127 0.08605553 0.04245768 0.08605553 0.10133962
 0.05897956 0.05492714 0.08167907 0.08605553 0.05290207 0.05205626
 0.08605555 0.02816417]
[0.17323953 0.02299271 0.08229776 0.04936056 0.08229776 0.08233251
 0.07948035 0.04842469 0.09856994 0.08229776 0.04762934 0.04411642
 0.08229778 0.02466285]
[0.17246774 0.02660568 0.08702905 0.03915425 0.08702905 0.07528035
 0.06229224 0.04833493 0.09873512 0.08702905 0.05507867 0.04789763
 0.08702907 0.02603715]
[0.16745614 0.02740683 0.08146104 0.04261513 0.08146104 0.10690615
 0.07318336 0.04577748 0.10445547 0.08146104 0.0459327  0.03968334
 0.08146105 0.02073928]
[0.17246774 0.02660568 0.08702905 0.03915425 0.08702905 0.07528035
 0.06229224 0.04833493 0.09873512 0.08702905 0.05507867 0.04789763
 0.08702907 0.02603715]
[0.14683297 0.03036119 0.08583926 0.03805239 0.08583926 0.09796851
 0.07416363 0.05111218 0.06947286 0.08583926 0.06152965 0.05184542
 0.08583927 0.0353042 ]
[0.18243672 0.0290186  0.09330858 0.04072887 0.09330858 0.07258732
 0.06559913 0.04124873 0.09253037 0.09330859 0.0442932  0.03778104
 0.09330861 0.0205416 ]
[0.15920793 0.03192942 0.08538555 0.03694272 0.08538555 0.10130338
 0.06299727 0.05847514 0.08961216 0.08538556 0.05304909 0.03875131
 0.08538558 0.02618931]
[0.2107903  0.01640896 0.07738443 0.04349694 0.07738443 0.08776879
 0.06919347 0.04225004 0.1106872  0.07738444 0.0428582  0.04794812
 0.07738444 0.01906026]
[0.17246774 0.02660568 0.08702905 0.03915425 0.08702905 0.07528035
 0.06229224 0.04833493 0.09873512 0.08702905 0.05507867 0.04789763
 0.08702907 0.02603715]
[0.16608734 0.02230759 0.09013193 0.04560612 0.09013193 0.08107693
 0.06755009 0.05284751 0.08536303 0.09013193 0.05274832 0.04405602
 0.09013195 0.02182928]
[0.16368099 0.03603814 0.08164293 0.04348234 0.08164293 0.08756813
 0.08224569 0.0431071  0.08375306 0.08164291 0.05999209 0.0416292
 0.08164293 0.03193155]
[0.17246774 0.02660568 0.08702905 0.03915425 0.08702905 0.07528035
 0.06229224 0.04833493 0.09873514 0.08702905 0.05507868 0.04789764
 0.08702906 0.02603715]
[0.16846353 0.02394849 0.08530592 0.04328184 0.08530592 0.09825271
 0.09209463 0.04634111 0.07528546 0.08530592 0.05172911 0.03749707
 0.08530594 0.02188229]]