28897
Test: public void test62() throws Throwable { Vector2D.Unit vector2D_Unit0 = Vector2D.Unit.from((-1.0), 3151.4078802); AffineTransformMatrix2D affineTransformMatrix2D0 = AffineTransformMatrix2D.fromColumnVectors((Vector2D) vector2D_Unit0, (Vector2D) vector2D_Unit0, (Vector2D) vector2D_Unit0); }
Code: public static AffineTransformMatrix2D fromColumnVectors(final Vector2D u, final Vector2D v) { return fromColumnVectors(u, v, Vector2D.ZERO); }
[[0.04691214 0.14321814 0.06508093 0.06508093 0.0606121  0.14053985
 0.03788001 0.0606121  0.02186861 0.06426138 0.05183976 0.06508093
 0.09157029 0.06508094 0.02036188]
[0.04934733 0.13781548 0.06572063 0.06572063 0.04611177 0.14808935
 0.03728351 0.04611177 0.02981222 0.09492827 0.0472433  0.06572062
 0.07510454 0.06572064 0.02526994]
[0.03767021 0.13780013 0.06169997 0.06169997 0.05992692 0.17602128
 0.03823248 0.05992692 0.026127   0.06620515 0.04589232 0.06169997
 0.08336401 0.06169998 0.02203373]
[0.03767021 0.13780013 0.06169997 0.06169997 0.05992692 0.17602128
 0.03823248 0.05992692 0.026127   0.06620515 0.04589232 0.06169997
 0.08336401 0.06169998 0.02203373]
[0.04686536 0.14819732 0.06036247 0.06036247 0.04945853 0.16815935
 0.03465333 0.04945853 0.02231551 0.08221658 0.04913944 0.06036247
 0.0882812  0.06036248 0.01980495]
[0.0372763  0.16898176 0.05789922 0.05789922 0.04822332 0.17451544
 0.03121446 0.04822332 0.02170306 0.08107313 0.03861203 0.05789922
 0.09954365 0.05789923 0.01903667]
[0.04605297 0.13741063 0.0693069  0.0693069  0.05204805 0.1273058
 0.03102386 0.05204805 0.03123949 0.08070423 0.06704549 0.0693069
 0.08212084 0.06930691 0.01577291]
[0.04686536 0.14819732 0.06036247 0.06036247 0.04945853 0.16815935
 0.03465333 0.04945853 0.02231551 0.08221658 0.04913944 0.06036247
 0.0882812  0.06036248 0.01980495]
[0.03939015 0.10308304 0.06570221 0.06570221 0.05119984 0.13906807
 0.03712343 0.05119984 0.02583883 0.1148847  0.05616194 0.06570221
 0.09842954 0.06570223 0.02081175]
[0.04887956 0.11895034 0.06171397 0.06171397 0.05542906 0.15674391
 0.04819991 0.05542906 0.03636176 0.08379099 0.05557385 0.06171398
 0.0650714  0.06171399 0.02871427]
[0.03220823 0.15162614 0.06344719 0.06344719 0.04935405 0.1592921
 0.02979616 0.04935405 0.03343651 0.06452379 0.04649435 0.0634472
 0.11252213 0.06344721 0.01760373]
[0.03767021 0.13780013 0.06169997 0.06169997 0.05992692 0.17602128
 0.03823248 0.05992692 0.026127   0.06620515 0.04589232 0.06169997
 0.08336401 0.06169998 0.02203373]
[0.04241597 0.15492275 0.06682146 0.06682146 0.05613007 0.13012126
 0.04021291 0.05613007 0.02889593 0.05834797 0.05162096 0.06682146
 0.09065554 0.06682146 0.02326073]
[0.03767021 0.1378001  0.06169996 0.06169996 0.05992692 0.17602123
 0.03823248 0.05992692 0.02612701 0.06620515 0.04589231 0.06169996
 0.083364   0.06169997 0.02203373]
[0.03397663 0.15272656 0.06212065 0.06212065 0.05017047 0.14436154
 0.0313431  0.05017047 0.0261331  0.09551705 0.07657615 0.06212065
 0.07038272 0.06212067 0.02015959]]