13875
Test: public void test0() throws Throwable { Class<Object> class0 = Object.class; // Undeclared exception!  FieldUtils.writeField((Field) null, (Object) class0, (Object) "10.1");   }
Code: public static void writeField(final Field field, final Object target, final Object value) throws IllegalAccessException { writeField(field, target, value, false); }
[[0.03899086 0.11063336 0.03111576 0.05408719 0.07785445 0.04462508
 0.0308498  0.03002436 0.05113436 0.0308498  0.03002436 0.04831225
 0.09485609 0.05408719 0.04860253 0.05408719 0.05113436 0.0384648
 0.0643945  0.01587172]
[0.04200383 0.10563784 0.02624159 0.05739431 0.07995473 0.0340402
 0.02995713 0.02825226 0.0496181  0.02995713 0.02825226 0.04143039
 0.08603352 0.05739431 0.06708596 0.05739431 0.0496181  0.03843167
 0.07262608 0.01867629]
[0.03216673 0.10521352 0.02683406 0.06426155 0.09218128 0.03565396
 0.02676751 0.02324002 0.04875345 0.02676751 0.02324002 0.04956697
 0.11639245 0.06426155 0.05036263 0.06426155 0.04875345 0.02513891
 0.06062173 0.01556125]
[0.0324089  0.10800128 0.02743547 0.05491664 0.07791954 0.03227454
 0.02992546 0.02456143 0.05662549 0.02992546 0.02456143 0.05426322
 0.10427178 0.05491664 0.04681827 0.05491664 0.05662549 0.03723785
 0.07615528 0.01623912]
[0.03564549 0.10140139 0.02826021 0.06116029 0.07608657 0.0352035
 0.03034044 0.02227179 0.04385294 0.03034044 0.02227179 0.05020724
 0.11878204 0.06116029 0.05111023 0.06116029 0.04385294 0.03253713
 0.07856262 0.01579231]
[0.03576412 0.10764672 0.03241211 0.05940473 0.08426529 0.04201308
 0.03145815 0.02665816 0.04885732 0.03145815 0.02665816 0.04384824
 0.09327044 0.05940473 0.05233186 0.05940473 0.04885732 0.0348683
 0.06492485 0.01649361]
[0.03797042 0.11178511 0.02778626 0.06037185 0.08172686 0.04302
 0.02504292 0.02808648 0.05195776 0.02504292 0.02808648 0.03492441
 0.10241959 0.06037185 0.06150993 0.06037185 0.05195776 0.02765357
 0.06763989 0.01227412]
[0.03750579 0.10699688 0.02537435 0.05049285 0.09469983 0.03187771
 0.02663866 0.0266107  0.05114263 0.02663866 0.0266107  0.04027293
 0.13089655 0.05049285 0.07052355 0.05049285 0.05114263 0.02991588
 0.05818896 0.01348503]
[0.02875992 0.11700428 0.02495344 0.05182796 0.0817548  0.04144295
 0.03062093 0.0275148  0.0418658  0.03062093 0.0275148  0.04643956
 0.11879293 0.05182796 0.05972304 0.05182796 0.0418658  0.04180943
 0.07219582 0.01163688]
[0.03797042 0.11178511 0.02778626 0.06037185 0.08172686 0.04302
 0.02504292 0.02808648 0.05195776 0.02504292 0.02808648 0.03492441
 0.10241959 0.06037185 0.06150993 0.06037185 0.05195776 0.02765357
 0.06763989 0.01227412]
[0.03750579 0.10699688 0.02537435 0.05049285 0.09469983 0.03187771
 0.02663866 0.0266107  0.05114263 0.02663866 0.0266107  0.04027293
 0.13089655 0.05049285 0.07052355 0.05049285 0.05114263 0.02991588
 0.05818896 0.01348503]
[0.03688677 0.11758447 0.02522218 0.05598806 0.07781345 0.03537397
 0.02876849 0.02386521 0.04454574 0.02876849 0.02386521 0.04591496
 0.11760375 0.05598806 0.05727335 0.05598806 0.04454574 0.03822213
 0.07128105 0.01450083]
[0.02800767 0.09639884 0.02619884 0.05127116 0.09967239 0.0301912
 0.02244359 0.02578731 0.04567014 0.02244359 0.02578731 0.05959561
 0.14273527 0.05127116 0.06150438 0.05127116 0.04567014 0.03654785
 0.06512271 0.01240963]
[0.0324089  0.10800128 0.02743547 0.05491664 0.07791954 0.03227454
 0.02992546 0.02456143 0.05662549 0.02992546 0.02456143 0.05426322
 0.10427178 0.05491664 0.04681827 0.05491664 0.05662549 0.03723785
 0.07615528 0.01623912]
[0.04148383 0.09445804 0.03582779 0.05624198 0.07390533 0.03434432
 0.04056284 0.02470324 0.04851043 0.04056284 0.02470324 0.04674204
 0.07426659 0.05624198 0.06244568 0.05624198 0.04851043 0.04867809
 0.06887294 0.02269638]
[0.0324089  0.10800128 0.02743547 0.05491664 0.07791954 0.03227454
 0.02992546 0.02456143 0.05662549 0.02992546 0.02456143 0.05426322
 0.10427178 0.05491664 0.04681827 0.05491664 0.05662549 0.03723785
 0.07615528 0.01623912]
[0.02875992 0.11700428 0.02495344 0.05182796 0.0817548  0.04144295
 0.03062093 0.0275148  0.0418658  0.03062093 0.0275148  0.04643956
 0.11879293 0.05182796 0.05972304 0.05182796 0.0418658  0.04180943
 0.07219582 0.01163688]
[0.02728968 0.12417658 0.01935639 0.05112837 0.08981316 0.03441152
 0.02619457 0.02535117 0.05499431 0.02619457 0.02535117 0.04393833
 0.12279309 0.05112837 0.06473514 0.05112837 0.05499431 0.02848406
 0.06691498 0.01162181]
[0.04003316 0.08806582 0.03262986 0.06181064 0.07787053 0.03484935
 0.02764995 0.0227631  0.05091994 0.02764995 0.0227631  0.04649511
 0.10426573 0.06181064 0.06003644 0.06181064 0.05091995 0.03591106
 0.07585011 0.01589492]
[0.02898459 0.1140108  0.02618878 0.05541927 0.09775952 0.0313221
 0.02565422 0.02872908 0.04635688 0.02565422 0.02872908 0.03526287
 0.12259909 0.05541927 0.06747366 0.05541927 0.04635688 0.02921393
 0.06458836 0.0148581 ]]