90873
Test: public void test205() throws Throwable { InstConstraintVisitor instConstraintVisitor0 = new InstConstraintVisitor(); IMPDEP1 iMPDEP1_0 = new IMPDEP1(); // Undeclared exception!  instConstraintVisitor0.visitIMPDEP1(iMPDEP1_0);   }
Code: public void visitIMPDEP1(final IMPDEP1 o) { throw new AssertionViolatedException( "In this JustIce verification pass there should not occur an illegal instruction such as IMPDEP1."); }
[[0.02894668 0.02449408 0.04016484 0.04016484 0.04489779 0.04726627
 0.02866755 0.01400078 0.04016484 0.01409234 0.0339686  0.04016484
 0.04016484 0.02766606 0.07475558 0.10297772 0.03199604 0.04016484
 0.04033122 0.0576246  0.04016484 0.05882706 0.03393885 0.04016484
 0.01423009]
[0.02335421 0.02408426 0.03993751 0.03993751 0.04090986 0.0576698
 0.0297746  0.01135196 0.03993751 0.00872763 0.03388609 0.03993751
 0.03993751 0.01839818 0.05740795 0.11000936 0.02690405 0.03993751
 0.03130008 0.06806229 0.03993751 0.08192977 0.03987722 0.03993751
 0.01685263]
[0.02410241 0.02466551 0.03852413 0.03852413 0.03986092 0.04762942
 0.02866159 0.01914336 0.03852413 0.01155514 0.03635236 0.03852413
 0.03852413 0.02744177 0.07079638 0.11138431 0.02287054 0.03852413
 0.03078719 0.07770087 0.03852413 0.05461946 0.04872587 0.03852413
 0.01550983]
[0.02410241 0.02466551 0.03852413 0.03852413 0.03986092 0.04762942
 0.02866159 0.01914336 0.03852413 0.01155514 0.03635236 0.03852413
 0.03852413 0.02744177 0.07079638 0.11138431 0.02287054 0.03852413
 0.03078719 0.07770087 0.03852413 0.05461946 0.04872587 0.03852413
 0.01550983]
[0.02596658 0.02339896 0.03518086 0.03518086 0.04469756 0.06198522
 0.03215102 0.01632349 0.03518086 0.01302454 0.03350523 0.03518086
 0.03518086 0.02631254 0.06508975 0.11719091 0.02656078 0.03518086
 0.03748413 0.07443003 0.03518086 0.06483294 0.0377308  0.03518086
 0.01786857]
[0.03255884 0.02924802 0.03838843 0.03838843 0.03948069 0.06191079
 0.03019641 0.01678047 0.03838843 0.01633488 0.03514828 0.03838843
 0.03838843 0.03334693 0.0599573  0.10042536 0.0333457  0.03838843
 0.02586337 0.05927777 0.03838843 0.05155255 0.0471614  0.03838843
 0.02030379]
[0.02533792 0.0229217  0.03863284 0.03863284 0.03906927 0.08404493
 0.03109401 0.01306228 0.03863284 0.00981852 0.02965042 0.03863284
 0.03863284 0.02600787 0.06219241 0.11266667 0.02648107 0.03863284
 0.03247062 0.06520513 0.03863284 0.06575577 0.03280856 0.03863284
 0.01235013]
[0.02754557 0.02727535 0.03799436 0.03799436 0.04372738 0.06000346
 0.02851659 0.0167434  0.03799436 0.01214666 0.03480992 0.03799436
 0.03799436 0.02545917 0.08459201 0.09031206 0.02346392 0.03799436
 0.03177388 0.0800612  0.03799436 0.06001683 0.03289289 0.03799436
 0.01670482]
[0.02410241 0.02466551 0.03852413 0.03852413 0.03986092 0.04762942
 0.02866159 0.01914336 0.03852413 0.01155514 0.03635236 0.03852413
 0.03852413 0.02744177 0.07079638 0.11138431 0.02287054 0.03852413
 0.03078719 0.07770087 0.03852413 0.05461946 0.04872587 0.03852413
 0.01550983]
[0.02131121 0.0210356  0.04041559 0.04041559 0.04303457 0.06915721
 0.03378059 0.01436181 0.04041559 0.01069045 0.02913391 0.04041559
 0.04041559 0.02053516 0.06328386 0.11229849 0.02206254 0.04041559
 0.03264643 0.06098373 0.04041559 0.06752571 0.04199162 0.04041559
 0.01284235]
[0.02958406 0.02250493 0.03673471 0.03673471 0.04177587 0.07400669
 0.02838105 0.01317508 0.03673471 0.01047691 0.03556807 0.03673471
 0.03673471 0.02227584 0.06036094 0.11126285 0.02944194 0.03673471
 0.03213397 0.0755685  0.03673471 0.0648542  0.04245875 0.03673471
 0.01229268]
[0.02410241 0.02466551 0.03852413 0.03852413 0.03986092 0.04762942
 0.02866159 0.01914336 0.03852413 0.01155514 0.03635236 0.03852413
 0.03852413 0.02744177 0.07079638 0.11138431 0.02287054 0.03852413
 0.03078719 0.07770087 0.03852413 0.05461946 0.04872587 0.03852413
 0.01550983]
[0.02410241 0.02466551 0.03852413 0.03852413 0.03986092 0.04762942
 0.02866159 0.01914336 0.03852413 0.01155514 0.03635236 0.03852413
 0.03852413 0.02744177 0.07079638 0.11138431 0.02287054 0.03852413
 0.03078719 0.07770087 0.03852413 0.05461946 0.04872587 0.03852413
 0.01550983]
[0.02148564 0.01808762 0.0316094  0.0316094  0.04041161 0.08273555
 0.02846578 0.01246234 0.0316094  0.01093116 0.04063384 0.0316094
 0.0316094  0.02220249 0.07061431 0.10923323 0.04237954 0.0316094
 0.03510641 0.07092524 0.0316094  0.08482255 0.04394907 0.0316094
 0.01267838]
[0.02630669 0.02303778 0.03479304 0.03479304 0.04873754 0.05536187
 0.03538158 0.01716784 0.03479304 0.01486399 0.03060014 0.03479304
 0.03479304 0.02350721 0.05429465 0.12146988 0.02697214 0.03479304
 0.0386204  0.0672584  0.03479304 0.07559358 0.04560133 0.03479304
 0.01688066]
[0.02449472 0.02337029 0.04008877 0.04008877 0.0425116  0.05353273
 0.02635201 0.01232808 0.04008877 0.01010336 0.0356494  0.04008877
 0.04008877 0.02479354 0.05389806 0.12483932 0.02798562 0.04008877
 0.03757291 0.0727335  0.04008877 0.05994007 0.03659615 0.04008877
 0.01258844]
[0.02277662 0.02490046 0.03597579 0.03597579 0.03981303 0.06408735
 0.03168377 0.01565585 0.03597579 0.01309532 0.03506968 0.03597579
 0.03597579 0.02485558 0.08808766 0.10169127 0.02697358 0.03597579
 0.03378999 0.06242792 0.03597579 0.06147834 0.0499371  0.03597579
 0.01587016]
[0.02410241 0.02466551 0.03852413 0.03852413 0.03986092 0.04762942
 0.02866159 0.01914336 0.03852413 0.01155514 0.03635236 0.03852413
 0.03852413 0.02744177 0.07079638 0.11138431 0.02287054 0.03852413
 0.03078719 0.07770087 0.03852413 0.05461946 0.04872587 0.03852413
 0.01550983]
[0.02472209 0.01921016 0.03608415 0.03608415 0.04554903 0.05816383
 0.02968986 0.01320813 0.03608415 0.01071549 0.02754084 0.03608415
 0.03608415 0.02037043 0.07640037 0.10592312 0.0321794  0.03608415
 0.03945407 0.06586961 0.03608415 0.08037506 0.04964366 0.03608415
 0.01231169]
[0.02441855 0.03211904 0.04055718 0.04055718 0.04187047 0.06305204
 0.02743793 0.01736905 0.04055718 0.01167645 0.0371634  0.04055718
 0.04055718 0.02617035 0.06593446 0.10527018 0.01886372 0.04055718
 0.03456641 0.06102527 0.04055718 0.05676302 0.03807793 0.04055718
 0.01376428]
[0.02410241 0.02466551 0.03852413 0.03852413 0.03986092 0.04762942
 0.02866159 0.01914336 0.03852413 0.01155514 0.03635236 0.03852413
 0.03852413 0.02744177 0.07079638 0.11138431 0.02287054 0.03852413
 0.03078719 0.07770087 0.03852413 0.05461946 0.04872587 0.03852413
 0.01550983]
[0.0275101  0.02192549 0.04248208 0.04248208 0.04101818 0.05492564
 0.02897908 0.01662371 0.04248208 0.0145284  0.03018042 0.04248208
 0.04248208 0.02310207 0.0606572  0.08675224 0.02312637 0.04248208
 0.03811105 0.07508449 0.04248208 0.06993639 0.03568487 0.04248208
 0.01199757]
[0.03387389 0.02209861 0.0401998  0.0401998  0.04324698 0.0602568
 0.03592866 0.01597738 0.0401998  0.01677622 0.03185528 0.0401998
 0.0401998  0.02791978 0.06520127 0.09573576 0.02841352 0.0401998
 0.03305179 0.06443927 0.0401998  0.04333582 0.04561064 0.0401998
 0.01467995]
[0.02410241 0.02466551 0.03852413 0.03852413 0.03986092 0.04762942
 0.02866159 0.01914336 0.03852413 0.01155514 0.03635236 0.03852413
 0.03852413 0.02744177 0.07079638 0.11138431 0.02287054 0.03852413
 0.03078719 0.07770087 0.03852413 0.05461946 0.04872587 0.03852413
 0.01550983]
[0.02241828 0.02297677 0.03810879 0.03810879 0.04747527 0.07965279
 0.03528899 0.01268252 0.03810879 0.0115991  0.0266615  0.03810879
 0.03810879 0.02357714 0.05785509 0.11432572 0.02966553 0.03810879
 0.03607574 0.06399855 0.03810879 0.05547885 0.03931924 0.03810879
 0.01607862]]