15901
Test: public void test46() throws Throwable { TimeZone timeZone0 = TimeZone.getDefault(); // Undeclared exception!  DateFormatUtils.format(0L, (String) null, timeZone0);   }
Code: public static String format(final long millis, final String pattern) { return format(new Date(millis), pattern, null, null); }
[[0.04133191 0.11732794 0.05356989 0.05733467 0.06981498 0.05733467
 0.03270599 0.05356989 0.05733467 0.05155045 0.04504759 0.05733467
 0.05733467 0.03090339 0.12230717 0.07836622 0.01683119]
[0.04266371 0.11286847 0.0642124  0.05760194 0.05433863 0.05760194
 0.03127668 0.0642124  0.05760194 0.07468814 0.04033878 0.05760194
 0.05760194 0.02707265 0.12659535 0.05340079 0.02032232]
[0.04261312 0.1238908  0.04968495 0.06084434 0.05619269 0.06084434
 0.03218865 0.04968495 0.06084434 0.0604945  0.04278642 0.06084434
 0.06084434 0.03220562 0.12407635 0.06645082 0.01550949]
[0.03490973 0.12268704 0.06362259 0.05805026 0.06089028 0.05805026
 0.03402066 0.06362259 0.05805026 0.05653457 0.04240215 0.05805026
 0.05805026 0.0373413  0.11068858 0.06390149 0.01912775]
[0.02802733 0.13478649 0.06266911 0.05363877 0.06005156 0.05363877
 0.02529208 0.06266911 0.05363877 0.0610166  0.04168452 0.05363877
 0.05363877 0.02419782 0.1487589  0.06780124 0.01485138]
[0.03490973 0.12268704 0.06362259 0.05805026 0.06089028 0.05805026
 0.03402066 0.06362259 0.05805026 0.05653457 0.04240215 0.05805026
 0.05805026 0.0373413  0.11068858 0.06390149 0.01912775]
[0.03870775 0.11480485 0.05993526 0.05972782 0.0583713  0.05972782
 0.0258308  0.05993526 0.05972782 0.06553423 0.05628917 0.05972782
 0.05972782 0.02744744 0.12077088 0.0608105  0.01292346]
[0.04261312 0.1238908  0.04968495 0.06084434 0.05619269 0.06084434
 0.03218865 0.04968495 0.06084434 0.0604945  0.04278642 0.06084434
 0.06084434 0.03220562 0.12407635 0.06645082 0.01550949]
[0.03490973 0.12268704 0.06362259 0.05805026 0.06089028 0.05805026
 0.03402066 0.06362259 0.05805026 0.05653457 0.04240215 0.05805026
 0.05805026 0.0373413  0.11068858 0.06390149 0.01912775]
[0.04368337 0.10413852 0.06248748 0.05644306 0.06868881 0.05644306
 0.04296115 0.06248748 0.05644306 0.07199194 0.05004389 0.05644306
 0.05644306 0.03230684 0.11039519 0.04349651 0.02510354]
[0.02755523 0.12421457 0.06382206 0.05601262 0.0785121  0.05601262
 0.02502392 0.06382206 0.05601262 0.05165843 0.04038564 0.05601262
 0.05601262 0.03071085 0.13202152 0.06794129 0.01426923]
[0.03490973 0.12268704 0.06362259 0.05805026 0.06089028 0.05805026
 0.03402066 0.06362259 0.05805026 0.05653457 0.04240215 0.05805026
 0.05805026 0.0373413  0.11068858 0.06390149 0.01912775]
[0.03490973 0.12268704 0.06362259 0.05805026 0.06089028 0.05805026
 0.03402066 0.06362259 0.05805026 0.05653457 0.04240215 0.05805026
 0.05805026 0.0373413  0.11068858 0.06390149 0.01912775]
[0.03141908 0.13274166 0.06480916 0.05424479 0.06012892 0.05424479
 0.03117471 0.06480916 0.05424479 0.05519767 0.03784714 0.05424479
 0.05424479 0.01973712 0.16537006 0.05499446 0.01054693]
[0.03163315 0.10545087 0.05399992 0.06349823 0.05170259 0.06349823
 0.02804274 0.05399992 0.06349823 0.06660337 0.04127207 0.06349823
 0.06349823 0.02644042 0.14544141 0.0628328  0.01508953]
[0.02947438 0.12485793 0.04973217 0.05983388 0.04974346 0.05983388
 0.02666506 0.04973217 0.05983388 0.0595984  0.05288392 0.05983388
 0.05983388 0.02899854 0.16275358 0.05576538 0.0106255 ]
[0.0310459  0.12579095 0.05689733 0.05881329 0.05038672 0.05881329
 0.02772319 0.05689733 0.05881329 0.07543284 0.06654687 0.05881329
 0.05881329 0.03111533 0.11758621 0.05006836 0.01644258]]