165708
Test: public void test2() throws Throwable { int[] intArray0 = new int[4]; intArray0[1] = 273; ISAACRandom iSAACRandom0 = new ISAACRandom(intArray0); byte[] byteArray0 = iSAACRandom0.getStateInternal(); iSAACRandom0.nextBytes(byteArray0); iSAACRandom0.setStateInternal(byteArray0); // Undeclared exception!  iSAACRandom0.next();   }
Code: public int next() { if (count < 0) { isaac(); count = SIZE - 1; } return rsl[count--]; }
[[0.03359273 0.01920915 0.04110154 0.05508278 0.09159596 0.04269798
 0.02722031 0.02133907 0.05508278 0.04661167 0.2655275  0.02179416
 0.04462376 0.09660117 0.01993793 0.01656442 0.03824108 0.04661167
 0.01656441]
[0.02167523 0.0137335  0.03913915 0.06011179 0.12576523 0.04976701
 0.01685728 0.01941559 0.06011179 0.05089203 0.28649375 0.01821168
 0.03459963 0.08038185 0.01195715 0.01183534 0.03632464 0.05089205
 0.01183534]
[0.02117373 0.01123702 0.0525659  0.0655788  0.09705115 0.0474189
 0.02053473 0.02165385 0.0655788  0.03813706 0.29488546 0.01886295
 0.03584509 0.09340547 0.0138885  0.01362774 0.03679005 0.03813707
 0.01362774]
[0.03789988 0.01763394 0.04324724 0.06614313 0.06458966 0.05047201
 0.03034043 0.02671397 0.06614313 0.04732776 0.21007869 0.03178763
 0.04491474 0.10531413 0.02214702 0.02249089 0.04293705 0.04732778
 0.02249089]
[0.01808684 0.00797436 0.03133382 0.05739063 0.10921834 0.02767542
 0.01141954 0.02214135 0.05739063 0.03279955 0.41184393 0.01581942
 0.02717294 0.08838449 0.00747632 0.00801995 0.0250329  0.03279955
 0.00801995]
[0.02786947 0.01421172 0.03828022 0.0577167  0.0917836  0.05093924
 0.02221476 0.02010264 0.0577167  0.05165043 0.27817887 0.02120493
 0.03832546 0.09795038 0.01333632 0.01265381 0.04156056 0.05165043
 0.01265381]
[0.02469522 0.0176948  0.06049249 0.05995383 0.08228073 0.05144655
 0.02512664 0.0279949  0.05995383 0.04059981 0.24834713 0.02631204
 0.03720554 0.09897766 0.01627016 0.01757566 0.04689748 0.04059982
 0.01757567]
[0.02637436 0.01485536 0.04726847 0.05754375 0.08957365 0.04395235
 0.02102894 0.02090336 0.05754375 0.04128777 0.28409332 0.02108219
 0.03932649 0.09757283 0.01538732 0.01905893 0.04280044 0.04128778
 0.01905893]
[0.03789988 0.01763394 0.04324724 0.06614313 0.06458966 0.05047201
 0.03034043 0.02671397 0.06614313 0.04732776 0.21007869 0.03178763
 0.04491474 0.10531413 0.02214702 0.02249089 0.04293705 0.04732778
 0.02249089]
[0.0281809  0.0173084  0.03925668 0.05470545 0.07185352 0.04495858
 0.02436322 0.02400744 0.05470545 0.04522091 0.28448692 0.0324231
 0.045      0.10331226 0.01478627 0.01787077 0.03446846 0.04522093
 0.01787077]
[0.03225873 0.02053768 0.03942102 0.05827955 0.07355604 0.04816061
 0.02318313 0.02884826 0.05827955 0.04385252 0.26023418 0.0313998
 0.04389514 0.11288072 0.01433536 0.01723015 0.0325649  0.04385252
 0.01723015]
[0.0398775  0.02347451 0.04692288 0.04898486 0.08904938 0.04840288
 0.02713767 0.03118314 0.04898486 0.05629358 0.19532746 0.03419903
 0.05772927 0.08544975 0.02517894 0.02049572 0.04451922 0.0562936
 0.02049572]
[0.01954153 0.01163376 0.03741943 0.06548218 0.07158829 0.03834474
 0.01695532 0.02227215 0.06548218 0.02840839 0.37884268 0.01971006
 0.03025462 0.09349435 0.01174479 0.01334921 0.03371864 0.02840839
 0.01334921]
[0.03675349 0.02133981 0.04872917 0.06432157 0.08602326 0.04381895
 0.02392304 0.02984811 0.06432157 0.0513762  0.218588   0.02686641
 0.05464012 0.08395077 0.01821514 0.01846769 0.03897278 0.0513762
 0.01846768]
[0.02745849 0.01634287 0.041069   0.05808081 0.09889756 0.04286994
 0.02092339 0.02293069 0.05808081 0.04144724 0.27865314 0.02260576
 0.04109196 0.09921495 0.01477438 0.01450949 0.04509276 0.04144724
 0.01450949]
[0.0228268  0.0167629  0.04521135 0.07040838 0.0906707  0.0372328
 0.01983385 0.01920341 0.07040838 0.04065521 0.27205825 0.02191695
 0.0368674  0.09770545 0.01516259 0.01458544 0.05324951 0.04065523
 0.01458544]
[0.02262725 0.01133527 0.0314345  0.05554854 0.08602411 0.03991307
 0.01779393 0.0223517  0.05554854 0.03958113 0.34758902 0.02281147
 0.04106287 0.09113312 0.01545633 0.01464901 0.0309101  0.03958113
 0.01464901]
[0.02818091 0.0173084  0.03925668 0.05470546 0.07185353 0.04495858
 0.02436322 0.02400745 0.05470546 0.04522092 0.2844869  0.0324231
 0.04500001 0.10331227 0.01478627 0.01787077 0.03446846 0.04522092
 0.01787077]
[0.0228268  0.0167629  0.04521136 0.07040839 0.09067069 0.0372328
 0.01983385 0.01920341 0.07040839 0.04065521 0.27205825 0.02191695
 0.0368674  0.09770548 0.01516259 0.01458544 0.05324952 0.04065522
 0.01458544]]