15946
Test: public void test22() throws Throwable { StopWatch stopWatch0 = StopWatch.create(); // Undeclared exception!  stopWatch0.unsplit();   }
Code: public void unsplit() { if (this.splitState != SplitState.SPLIT) { throw new IllegalStateException("Stopwatch has not been split. "); } this.splitState = SplitState.UNSPLIT; }
[[0.04050104 0.03227713 0.05618176 0.05013352 0.10877448 0.05618176
 0.02161642 0.05618176 0.05013352 0.04109238 0.02069418 0.06210869
 0.0374275  0.03508421 0.06945477 0.05618176 0.03555533 0.01640956
 0.05618176 0.02523712 0.05618177 0.01640956]
[0.03185888 0.02725713 0.0626539  0.05299874 0.10560171 0.0626539
 0.01935911 0.0626539  0.05299874 0.03661638 0.01445869 0.04283803
 0.03708234 0.02607786 0.08696704 0.0626539  0.03197639 0.01623298
 0.06265391 0.02551959 0.06265391 0.01623298]
[0.03506318 0.02949704 0.0595151  0.05009541 0.08486831 0.0595151
 0.02190726 0.0595151  0.05009541 0.04131491 0.02617528 0.06326444
 0.0466193  0.02681141 0.06298046 0.0595151  0.03286198 0.01741977
 0.0595151  0.03651539 0.05951511 0.01741977]
[0.04053835 0.03506607 0.05468052 0.06164942 0.07028303 0.05468052
 0.02810278 0.05468052 0.06164942 0.03688624 0.02312939 0.06104977
 0.04181708 0.03609881 0.05910294 0.05468052 0.03835468 0.02230014
 0.05468053 0.03358872 0.05468053 0.02230014]
[0.02685931 0.01951957 0.06475254 0.05071713 0.14929548 0.06475254
 0.00976262 0.06475254 0.05071713 0.02523226 0.01015636 0.0690169
 0.03012523 0.02115855 0.08792931 0.06475254 0.02447442 0.00799793
 0.06475256 0.02052458 0.06475256 0.00799793]
[0.03506318 0.02949704 0.0595151  0.05009541 0.08486831 0.0595151
 0.02190726 0.0595151  0.05009541 0.04131491 0.02617528 0.06326444
 0.0466193  0.02681141 0.06298046 0.0595151  0.03286198 0.01741977
 0.0595151  0.03651539 0.05951511 0.01741977]
[0.03325662 0.02146048 0.05762789 0.06245029 0.12054928 0.05762789
 0.01288623 0.05762789 0.06245029 0.03271564 0.01488788 0.07771493
 0.03896406 0.02020598 0.07814717 0.05762789 0.02839611 0.01195307
 0.05762791 0.02624146 0.0576279  0.01195307]
[0.03506318 0.02949704 0.0595151  0.05009541 0.08486831 0.0595151
 0.02190726 0.0595151  0.05009541 0.04131491 0.02617528 0.06326444
 0.0466193  0.02681141 0.06298046 0.0595151  0.03286198 0.01741977
 0.0595151  0.03651539 0.05951511 0.01741977]
[0.04053835 0.03506607 0.05468052 0.06164942 0.07028303 0.05468052
 0.02810278 0.05468052 0.06164942 0.03688624 0.02312939 0.06104977
 0.04181708 0.03609881 0.05910294 0.05468052 0.03835468 0.02230014
 0.05468053 0.03358872 0.05468053 0.02230014]
[0.03268383 0.02581424 0.05513453 0.07337506 0.1114364  0.05513453
 0.01560275 0.05513453 0.07337506 0.03842869 0.0180892  0.06280554
 0.03649087 0.02620074 0.07324935 0.05513453 0.02824169 0.01294712
 0.05513453 0.02750513 0.05513454 0.01294712]
[0.03534942 0.03066148 0.05661071 0.05830594 0.12353624 0.05661071
 0.02183959 0.05661071 0.05830594 0.04067515 0.0236357  0.04628486
 0.03202023 0.02530687 0.06798684 0.05661071 0.03298928 0.01733638
 0.05661072 0.02876542 0.05661073 0.01733638]
[0.04300864 0.02497546 0.05627114 0.05076826 0.13080809 0.05627114
 0.02081696 0.05627114 0.05076826 0.03734218 0.01930027 0.05488964
 0.0301084  0.03155568 0.08078633 0.05627114 0.03811033 0.01221032
 0.05627114 0.02471407 0.05627114 0.01221032]
[0.03221094 0.02847333 0.06098802 0.06216625 0.10020684 0.06098802
 0.02178756 0.06098802 0.06216625 0.03172534 0.0197688  0.04266923
 0.03646078 0.02720968 0.06725485 0.06098802 0.03695136 0.01884121
 0.06098802 0.02733825 0.06098803 0.01884122]
[0.03076584 0.03090585 0.05353642 0.06353801 0.10400319 0.05353642
 0.02210982 0.05353642 0.06353801 0.03983606 0.01970957 0.0526632
 0.04649348 0.02823646 0.0748585  0.05353642 0.04462207 0.01795047
 0.05353642 0.02160048 0.05353643 0.01795046]
[0.02953479 0.02467724 0.05803692 0.05776192 0.11068912 0.05803692
 0.01496538 0.05803692 0.05776192 0.03427886 0.01564221 0.07420638
 0.03402466 0.02534108 0.09135868 0.05803692 0.02919687 0.01311904
 0.05803693 0.02610126 0.05803693 0.01311904]
[0.03506318 0.02949704 0.0595151  0.05009541 0.08486831 0.0595151
 0.02190726 0.0595151  0.05009541 0.04131491 0.02617528 0.06326444
 0.0466193  0.02681141 0.06298046 0.0595151  0.03286198 0.01741977
 0.0595151  0.03651539 0.05951511 0.01741977]
[0.03853539 0.02641057 0.06178638 0.05035317 0.13160387 0.06178638
 0.01880114 0.06178638 0.05035317 0.0324188  0.01533734 0.0536236
 0.03159104 0.02489659 0.07252861 0.06178638 0.03361577 0.01233229
 0.06178638 0.0245481  0.0617864  0.01233229]
[0.0294028  0.02691028 0.0556183  0.07191582 0.11267205 0.0556183
 0.02107018 0.0556183  0.07191582 0.03936787 0.01645984 0.05182355
 0.03782695 0.03061031 0.07197328 0.0556183  0.02684656 0.01565173
 0.0556183  0.02619141 0.05561832 0.01565173]
[0.03506318 0.02949704 0.0595151  0.05009541 0.08486831 0.0595151
 0.02190726 0.0595151  0.05009541 0.04131491 0.02617528 0.06326444
 0.0466193  0.02681141 0.06298046 0.0595151  0.03286198 0.01741977
 0.0595151  0.03651539 0.05951511 0.01741977]
[0.0419695  0.0339703  0.05939918 0.04613135 0.0926506  0.05939918
 0.0349056  0.05939918 0.04613135 0.0339738  0.01967893 0.05085145
 0.04061532 0.03970883 0.05492587 0.05939918 0.0331335  0.02026335
 0.05939918 0.03443179 0.05939919 0.02026334]
[0.03506319 0.02949704 0.0595151  0.05009542 0.08486833 0.0595151
 0.02190726 0.0595151  0.05009542 0.04131491 0.02617528 0.06326445
 0.0466193  0.02681141 0.06298045 0.0595151  0.03286198 0.01741978
 0.0595151  0.03651539 0.05951511 0.01741978]
[0.0294028  0.02691028 0.0556183  0.07191582 0.11267203 0.0556183
 0.02107018 0.0556183  0.07191582 0.03936788 0.01645984 0.05182355
 0.03782696 0.0306103  0.07197329 0.0556183  0.02684656 0.01565173
 0.0556183  0.02619141 0.05561831 0.01565173]]