15168
Test: public void test192() throws Throwable { MockDate mockDate0 = new MockDate(60000L); Locale locale0 = Locale.ITALIAN; MockGregorianCalendar mockGregorianCalendar0 = new MockGregorianCalendar(locale0); SimpleTimeZone simpleTimeZone0 = new SimpleTimeZone((-1033), "", 2742, 0, 2742, (-4130), 500, (-1033), 0, 0, 0, (-4130), 500); Calendar calendar0 = DateUtils.toCalendar((Date) mockDate0, (TimeZone) simpleTimeZone0); }
Code: public static Calendar toCalendar(final Date date) { final Calendar c = Calendar.getInstance(); c.setTime(date); return c; }
[[0.04951471 0.15398777 0.10098266 0.068693   0.02458717 0.07364753
 0.06944267 0.04019462 0.10098266 0.07358906 0.03137407 0.05473025
 0.04054024 0.05491531 0.04097319 0.02184513]
[0.05179201 0.14296041 0.08781397 0.06918606 0.0210694  0.07694145
 0.09765343 0.03887418 0.08781397 0.06496947 0.03356238 0.07132503
 0.03651805 0.04944825 0.04395862 0.02611332]
[0.04323044 0.13905439 0.09628956 0.06634007 0.02202761 0.08477147
 0.0824886  0.03829389 0.09628956 0.05184163 0.03939476 0.08008335
 0.05027116 0.05466334 0.03533698 0.01962319]
[0.04053305 0.14459018 0.10537766 0.06702907 0.02354481 0.0867454
 0.06769809 0.04010264 0.10537766 0.04956814 0.04429572 0.07002078
 0.0463459  0.04928665 0.0367242  0.02276005]
[0.04355543 0.14258397 0.08256848 0.06538986 0.02400704 0.08636749
 0.08453174 0.03535303 0.08256848 0.04995538 0.04242077 0.10115156
 0.04613466 0.06457789 0.03235342 0.01648074]
[0.04516197 0.14725828 0.0794785  0.07459041 0.02235117 0.07441618
 0.1026959  0.03939855 0.0794785  0.05085552 0.0278975  0.09636555
 0.03931375 0.07455115 0.02979396 0.01639307]
[0.05359271 0.12429827 0.07855149 0.07130843 0.02745101 0.08804704
 0.08370063 0.0525231  0.07855149 0.04658679 0.04450465 0.06438071
 0.0531177  0.06200013 0.04148015 0.02990579]
[0.04891622 0.14525619 0.09132961 0.0751085  0.02346208 0.08158786
 0.08339642 0.03270488 0.09132961 0.05681615 0.03786488 0.06848527
 0.04244237 0.07115026 0.03373384 0.01641583]
[0.04323044 0.13905439 0.09628956 0.06634007 0.02202761 0.08477147
 0.0824886  0.03829389 0.09628956 0.05184163 0.03939476 0.08008335
 0.05027116 0.05466334 0.03533698 0.01962319]
[0.03821283 0.16110039 0.08141188 0.07412457 0.01732916 0.07604669
 0.0795997  0.04044465 0.08141188 0.07282825 0.03243705 0.07788148
 0.04205573 0.0741955  0.03487627 0.01604394]
[0.05494982 0.13676426 0.08403113 0.07769802 0.0254873  0.07281409
 0.06296496 0.04631864 0.08403113 0.04471304 0.04581962 0.07363532
 0.04994859 0.06048566 0.05318927 0.02714909]
[0.04674644 0.14258975 0.09454603 0.0605526  0.02175322 0.07489569
 0.0750884  0.04472326 0.09454603 0.05693349 0.04011096 0.06961355
 0.04453864 0.07142355 0.03977329 0.0221651 ]
[0.04846141 0.13501789 0.0873246  0.07228605 0.01935795 0.08169301
 0.07845158 0.0382283  0.0873246  0.05869911 0.03789    0.09433126
 0.04582628 0.05547441 0.03985333 0.01978023]
[0.03697637 0.16516362 0.10020501 0.07564125 0.01921167 0.08012093
 0.0683423  0.03345051 0.10020501 0.05697006 0.03590931 0.07051895
 0.05144137 0.05436136 0.03255276 0.01892946]
[0.04372239 0.1499666  0.09689946 0.07498151 0.01670961 0.073339
 0.07895966 0.04086818 0.09689946 0.06118964 0.02761889 0.07660534
 0.05152672 0.06129897 0.02992316 0.01949145]
[0.03628139 0.1545305  0.08431564 0.06760968 0.01696818 0.0684116
 0.09463184 0.0328995  0.08431564 0.06721283 0.03295869 0.08168601
 0.04519954 0.07964177 0.03303993 0.02029725]]