135443
Test: public void test16() throws Throwable { TokenQueue tokenQueue0 = new TokenQueue("3'"); String string0 = tokenQueue0.consumeWord(); }
Code: public String consumeWord() { int start = pos; while (matchesWord()) pos++; return queue.substring(start, pos); }
[[0.06117345 0.07879315 0.08486173 0.0797829  0.03905138 0.03755122
 0.03837774 0.04017691 0.14604919 0.08486174 0.09418691 0.06710333
 0.05437876 0.06797786 0.02567366]
[0.05868952 0.06807432 0.08334935 0.0853607  0.03165184 0.03440412
 0.03985956 0.04161655 0.16002716 0.08334935 0.11367531 0.05916774
 0.05104517 0.06798007 0.02174919]
[0.04868739 0.08957456 0.08136077 0.07663495 0.03157443 0.03267223
 0.05221008 0.0542962  0.13851942 0.08136077 0.09539898 0.05907843
 0.05171471 0.08083296 0.02608412]
[0.06147482 0.09141875 0.08186673 0.09585243 0.02974073 0.03791602
 0.05104298 0.04408698 0.10691065 0.08186674 0.09019637 0.07113946
 0.06441428 0.0577995  0.03427358]
[0.03899693 0.0766418  0.10176184 0.08456586 0.02875828 0.02949663
 0.0329095  0.03287243 0.15756184 0.10176186 0.0852914  0.06250058
 0.05951736 0.08873007 0.01863369]
[0.06195433 0.07853062 0.08662811 0.08110859 0.03138997 0.03375476
 0.03492536 0.03945575 0.15030056 0.08662812 0.102526   0.06922744
 0.05762521 0.06042152 0.02552366]
[0.0632914  0.07526159 0.08956341 0.07001313 0.0385092  0.04419695
 0.05205255 0.04938335 0.09742595 0.08956341 0.09439966 0.0691914
 0.06518427 0.07129856 0.03066521]
[0.05167571 0.08883812 0.08225057 0.10205846 0.02574014 0.03800838
 0.04538741 0.04848617 0.12835813 0.08225057 0.09392321 0.07437618
 0.04733654 0.06793585 0.02337461]
[0.04706173 0.08396575 0.07642499 0.0991009  0.03026646 0.03487034
 0.04135535 0.03760887 0.16702333 0.07642499 0.09947769 0.06805781
 0.05876413 0.06200882 0.01758876]
[0.04868739 0.08957456 0.08136077 0.07663495 0.03157443 0.03267223
 0.05221008 0.0542962  0.13851942 0.08136077 0.09539898 0.05907843
 0.05171471 0.08083296 0.02608412]
[0.04085261 0.07022334 0.07892066 0.07823058 0.03224076 0.03465649
 0.04265204 0.04349496 0.17897822 0.07892066 0.11778553 0.06946199
 0.05255191 0.05616402 0.02486626]
[0.0415063  0.09537493 0.08404602 0.07847904 0.02521917 0.03398696
 0.04041611 0.04610318 0.18524455 0.08404601 0.10061552 0.06071834
 0.04768863 0.05491284 0.02164244]
[0.05363837 0.08051628 0.07620277 0.09818008 0.03198027 0.03053082
 0.0366042  0.04301376 0.16012272 0.07620277 0.08720582 0.07350357
 0.05421165 0.07199015 0.02609676]
[0.05567024 0.09662989 0.08335498 0.09603755 0.02590675 0.03096306
 0.03515854 0.05148597 0.15002725 0.08335498 0.08571377 0.0560941
 0.0515294  0.07553227 0.02254133]
[0.04126376 0.07559735 0.07755715 0.10379866 0.03134193 0.02271348
 0.0370689  0.03381676 0.16178259 0.07755715 0.10199088 0.08947192
 0.05248075 0.07111352 0.02244523]]