3036
Test: public void test6() throws Throwable { ExceptionMapper exceptionMapper0 = ExceptionMapper.getInstance(); ExceptionMapper exceptionMapper1 = ExceptionMapper.getServletInstance(); }
Code: public synchronized static ExceptionMapper getServletInstance() { if (servletInstance == null) { servletInstance = new ExceptionMapper(); } return servletInstance; }
[[0.04096851 0.07936829 0.11522196 0.05683    0.05683    0.05048236
 0.11000657 0.05683    0.06580259 0.0225517  0.05048236 0.05683
 0.02551374 0.0209489  0.05683    0.01654868 0.04457559 0.05683001
 0.01654868]
[0.03632468 0.08328044 0.13908762 0.05502842 0.05502842 0.04270564
 0.11935475 0.05502842 0.05540636 0.02331511 0.04270564 0.05502842
 0.03154261 0.0196554  0.05502842 0.01409997 0.04825133 0.05502843
 0.01409997]
[0.04063115 0.07904711 0.10650103 0.05498107 0.05498107 0.06996596
 0.11039842 0.05498107 0.05193061 0.02132908 0.06996596 0.05498107
 0.02629233 0.01748724 0.05498107 0.01911371 0.03833725 0.05498108
 0.01911371]
[0.03415059 0.08949913 0.11641614 0.05741415 0.05741415 0.05184304
 0.0834292  0.05741415 0.0651683  0.02423399 0.05184304 0.05741415
 0.03621469 0.02576009 0.05741415 0.01778408 0.04138872 0.05741416
 0.01778407]
[0.03415059 0.08949913 0.11641614 0.05741415 0.05741415 0.05184304
 0.0834292  0.05741415 0.0651683  0.02423399 0.05184304 0.05741415
 0.03621469 0.02576009 0.05741415 0.01778408 0.04138872 0.05741416
 0.01778407]
[0.04323263 0.06809177 0.10058837 0.05733421 0.05733421 0.06794523
 0.07466502 0.05733421 0.04661964 0.02826545 0.06794523 0.05733421
 0.03592063 0.02434809 0.05733421 0.02420669 0.04995929 0.05733423
 0.02420668]
[0.02514713 0.09173189 0.14569438 0.05967946 0.05967946 0.04951737
 0.14053826 0.05967946 0.05276528 0.00967803 0.04951737 0.05967946
 0.01939106 0.00959208 0.05967946 0.00771858 0.03291326 0.05967947
 0.00771858]
[0.03415059 0.08949913 0.11641614 0.05741415 0.05741415 0.05184304
 0.0834292  0.05741415 0.0651683  0.02423399 0.05184304 0.05741415
 0.03621469 0.02576009 0.05741415 0.01778408 0.04138872 0.05741416
 0.01778407]
[0.02532935 0.13047755 0.136888   0.04307622 0.04307622 0.0597851
 0.14018384 0.04307622 0.06372689 0.01654887 0.0597851  0.04307622
 0.02588989 0.01659205 0.04307622 0.01250846 0.04131916 0.04307622
 0.01250847]
[0.0291704  0.10356536 0.12273774 0.05458149 0.05458149 0.06200155
 0.13343012 0.05458149 0.05562596 0.01849206 0.06200155 0.05458149
 0.01864438 0.01195976 0.05458149 0.00979149 0.03529927 0.0545815
 0.00979149]
[0.04323263 0.06809177 0.10058837 0.05733421 0.05733421 0.06794523
 0.07466502 0.05733421 0.04661964 0.02826545 0.06794523 0.05733421
 0.03592063 0.02434809 0.05733421 0.02420669 0.04995929 0.05733423
 0.02420668]
[0.03415059 0.08949913 0.11641614 0.05741415 0.05741415 0.05184304
 0.0834292  0.05741415 0.0651683  0.02423399 0.05184304 0.05741415
 0.03621469 0.02576009 0.05741415 0.01778408 0.04138872 0.05741416
 0.01778407]
[0.04382477 0.06501424 0.10314291 0.06204586 0.06204586 0.04742534
 0.09659915 0.06204586 0.04999876 0.02837882 0.04742534 0.06204586
 0.0357393  0.02050719 0.06204586 0.0209794  0.04771018 0.06204588
 0.0209794 ]
[0.03419658 0.08957942 0.10139625 0.05338499 0.05338499 0.05968911
 0.11753815 0.05338499 0.06490112 0.01963181 0.05968911 0.05338499
 0.02754983 0.02248738 0.05338499 0.01749146 0.04804841 0.053385
 0.01749146]
[0.03415059 0.08949913 0.11641614 0.05741415 0.05741415 0.05184304
 0.0834292  0.05741415 0.0651683  0.02423399 0.05184304 0.05741415
 0.03621469 0.02576009 0.05741415 0.01778408 0.04138872 0.05741416
 0.01778407]
[0.02839187 0.08858789 0.11494401 0.05379942 0.05379942 0.06890386
 0.10867982 0.05379942 0.04885605 0.01793102 0.06890386 0.05379942
 0.02523232 0.01589103 0.05379942 0.01502352 0.06083471 0.05379944
 0.01502352]
[0.02778963 0.10179584 0.12176912 0.05759019 0.05759019 0.0498441
 0.11750774 0.05759019 0.05655946 0.01677016 0.0498441  0.05759019
 0.02689506 0.01679308 0.05759019 0.01388735 0.04111594 0.0575902
 0.01388734]
[0.03415059 0.08949913 0.11641613 0.05741414 0.05741414 0.05184304
 0.08342919 0.05741414 0.06516828 0.02423399 0.05184304 0.05741414
 0.03621468 0.02576009 0.05741414 0.01778408 0.04138871 0.05741414
 0.01778408]
[0.02839187 0.0885879  0.114944   0.05379942 0.05379942 0.06890386
 0.10867981 0.05379942 0.04885605 0.01793103 0.06890386 0.05379942
 0.02523232 0.01589104 0.05379942 0.01502352 0.06083471 0.05379943
 0.01502352]]