165767
Test: public void test5() throws Throwable { XoShiRo128StarStar xoShiRo128StarStar0 = new XoShiRo128StarStar((-2629), 16, 16, 16); byte[] byteArray0 = new byte[0]; // Undeclared exception!  xoShiRo128StarStar0.setStateInternal(byteArray0);   }
Code: protected void setStateInternal(byte[] s) { final byte[][] c = splitStateInternal(s, SEED_SIZE * 4); setState(NumberFactory.makeIntArray(c[0])); super.setStateInternal(c[1]); }
[[0.08321979 0.03737479 0.07066382 0.07003233 0.08645316 0.03838929
 0.06117119 0.05554633 0.0349915  0.07066382 0.07066382 0.04195098
 0.12010112 0.07066382 0.07066382 0.01745049]
[0.09659322 0.03668034 0.07652092 0.0655578  0.07679892 0.03665211
 0.05385544 0.05380093 0.03400295 0.07652092 0.07652092 0.03558024
 0.10476041 0.07652092 0.07652092 0.02311291]
[0.09649513 0.03904235 0.07133264 0.06106953 0.07010549 0.0420202
 0.04558482 0.05260875 0.04659463 0.07133264 0.07133264 0.04179015
 0.12434443 0.07133264 0.07133264 0.02368129]
[0.07224508 0.04650967 0.07562222 0.06393905 0.08643001 0.04279651
 0.05390748 0.05372997 0.0360884  0.07562222 0.07562222 0.04158281
 0.09716995 0.07562222 0.07562222 0.02749   ]
[0.09968325 0.04626843 0.06670973 0.05562461 0.0892474  0.0517811
 0.05980374 0.04480311 0.0439594  0.06670973 0.06670973 0.05217953
 0.09239312 0.06670973 0.06670973 0.03070775]
[0.06193451 0.0372209  0.07442071 0.07726879 0.08696508 0.03338195
 0.05930403 0.05648183 0.03828714 0.07442071 0.07442071 0.04161164
 0.11845285 0.07442071 0.07442071 0.01698775]
[0.08025177 0.03410939 0.07442984 0.06832621 0.08483848 0.04593313
 0.06118076 0.05270005 0.03925444 0.07442984 0.07442984 0.04494346
 0.09742437 0.07442984 0.07442984 0.01888867]
[0.07601365 0.03682987 0.06793512 0.08339463 0.08571292 0.04080959
 0.06753351 0.06651363 0.03198139 0.06793512 0.06793512 0.04266838
 0.11206293 0.06793512 0.06793512 0.01680395]
[0.08493619 0.04510578 0.07762634 0.06475745 0.06361342 0.04631156
 0.05357493 0.04475776 0.04598767 0.07762634 0.07762634 0.04726716
 0.08825901 0.07762634 0.07762634 0.02729739]
[0.09649513 0.03904235 0.07133264 0.06106953 0.07010549 0.0420202
 0.04558482 0.05260875 0.04659463 0.07133264 0.07133264 0.04179015
 0.12434443 0.07133264 0.07133264 0.02368129]
[0.09649513 0.03904235 0.07133264 0.06106953 0.07010549 0.0420202
 0.04558482 0.05260875 0.04659463 0.07133264 0.07133264 0.04179015
 0.12434443 0.07133264 0.07133264 0.02368129]
[0.08820502 0.03540936 0.06864283 0.06556592 0.0936457  0.04458314
 0.0512895  0.05594803 0.03182974 0.06864283 0.06864283 0.06338695
 0.10907455 0.06864283 0.06864283 0.0178479 ]
[0.08600643 0.03913138 0.06378939 0.06745774 0.10580756 0.03762826
 0.06427087 0.06558258 0.03143064 0.06378939 0.06378939 0.04244285
 0.12104359 0.06378939 0.06378939 0.02025112]
[0.09649513 0.03904235 0.07133264 0.06106953 0.07010549 0.0420202
 0.04558482 0.05260875 0.04659463 0.07133264 0.07133264 0.04179015
 0.12434443 0.07133264 0.07133264 0.02368129]
[0.09649513 0.03904235 0.07133264 0.06106953 0.07010549 0.0420202
 0.04558482 0.05260875 0.04659463 0.07133264 0.07133264 0.04179015
 0.12434443 0.07133264 0.07133264 0.02368129]
[0.07429317 0.03435067 0.06522432 0.07502303 0.10302928 0.0332655
 0.05707133 0.06647089 0.03361932 0.06522432 0.06522432 0.04115626
 0.13394913 0.06522432 0.06522432 0.02164976]]