8160
Test: public void test22() throws Throwable { SerializationUtils.clone("%LG."); Integer integer0 = new Integer(3295); SerializationUtils.roundtrip(integer0); ClassLoader classLoader0 = ClassLoader.getSystemClassLoader(); classLoader0.getParent(); Class<Object> class0 = Object.class; ObjectStreamClass.lookup(class0); // Undeclared exception!  SerializationUtils.deserialize((InputStream) null);   }
Code: public static <T> T deserialize(final byte[] objectData) { Validate.notNull(objectData, "objectData"); return deserialize(new ByteArrayInputStream(objectData)); }
[[0.05038254 0.13168418 0.11403807 0.03385604 0.06988332 0.07730416
 0.11375855 0.05635174 0.06988332 0.06988332 0.05411069 0.06988332
 0.06988332 0.01909748]
[0.05033629 0.12398897 0.13744867 0.02780028 0.06910434 0.06138273
 0.10758597 0.07733253 0.06910433 0.06910433 0.04685412 0.06910433
 0.06910434 0.02174877]
[0.04807191 0.11280943 0.13511758 0.02153854 0.07307906 0.06612498
 0.09981461 0.07956009 0.07307906 0.07307906 0.05323797 0.07307906
 0.07307908 0.01832954]
[0.0452885  0.11687541 0.1251087  0.02614674 0.07516018 0.08326333
 0.09329744 0.06332244 0.07516018 0.07516018 0.05208677 0.07516018
 0.07516019 0.01880968]
[0.04158606 0.13910815 0.12392454 0.026883   0.07037612 0.07300173
 0.11173104 0.06057958 0.07037611 0.07037611 0.05033278 0.07037611
 0.07037613 0.02097254]
[0.05026942 0.1318995  0.12390906 0.02758926 0.06817084 0.06629543
 0.1198626  0.05520483 0.06817084 0.06817084 0.06703042 0.06817084
 0.06817085 0.01708522]
[0.05035012 0.13376367 0.11990243 0.02626718 0.07033686 0.0548707
 0.10519128 0.08062709 0.07033687 0.07033687 0.05613847 0.07033687
 0.07033689 0.0212047 ]
[0.05211821 0.11919212 0.10908044 0.02817304 0.07035024 0.06889743
 0.10240328 0.0791473  0.07035024 0.07035024 0.06058841 0.07035024
 0.07035025 0.02864852]
[0.04158606 0.13910815 0.12392454 0.026883   0.07037612 0.07300173
 0.11173104 0.06057958 0.07037611 0.07037611 0.05033278 0.07037611
 0.07037613 0.02097254]
[0.04158606 0.13910815 0.12392454 0.026883   0.07037612 0.07300173
 0.11173104 0.06057958 0.07037611 0.07037611 0.05033278 0.07037611
 0.07037613 0.02097254]
[0.03424332 0.13904338 0.1327805  0.01998404 0.07442459 0.06629974
 0.11377769 0.05433754 0.0744246  0.0744246  0.05187976 0.0744246
 0.07442461 0.01553101]
[0.04158606 0.13910815 0.12392454 0.026883   0.07037612 0.07300173
 0.11173104 0.06057958 0.07037611 0.07037611 0.05033278 0.07037611
 0.07037613 0.02097254]
[0.04158606 0.13910812 0.12392455 0.026883   0.07037612 0.07300171
 0.11173105 0.06057958 0.07037612 0.07037612 0.05033278 0.07037612
 0.07037612 0.02097254]
[0.03573472 0.12936641 0.15497947 0.02418414 0.06999426 0.04443358
 0.09831044 0.07355074 0.06999426 0.06999426 0.07276011 0.06999426
 0.06999427 0.01670907]]