120608
Test: public void test30262() throws Throwable { BigFraction bigFraction0 = BigFraction.from((-1.0)); BigFraction bigFraction1 = BigFraction.of(2L, (long) 100); BigFraction bigFraction2 = bigFraction0.add(100); BigInteger bigInteger0 = BigInteger.ZERO; BigFraction bigFraction3 = BigFraction.of(bigInteger0); RoundingMode roundingMode0 = RoundingMode.DOWN; BigFraction bigFraction4 = bigFraction1.ZERO.subtract(23); BigDecimal bigDecimal0 = bigFraction2.bigDecimalValue(roundingMode0); BigFraction bigFraction5 = BigFraction.of((-9223372036854775808L)); int int0 = bigFraction4.getDenominatorAsInt(); BigInteger bigInteger1 = bigFraction2.getNumerator(); BigFraction bigFraction6 = bigFraction4.ONE.multiply(131072L); BigInteger bigInteger2 = bigFraction2.getNumerator(); String string0 = bigFraction1.toString(); BigFraction bigFraction7 = BigFraction.of(100, (-1074)); RoundingMode roundingMode1 = RoundingMode.HALF_DOWN; BigDecimal bigDecimal1 = bigFraction7.ZERO.bigDecimalValue(roundingMode1); BigFraction bigFraction8 = bigFraction5.multiply(bigInteger2); }
Code: public BigFraction multiply(final int value) { if (value == 0 || isZero()) { return ZERO; } return multiply(BigInteger.valueOf(value)); }
[[0.04451191 0.05383233 0.04518074 0.02781773 0.05206833 0.06106475
 0.12015434 0.04421466 0.06972055 0.03545811 0.04392384 0.0617512
 0.06106475 0.04919869 0.08040803 0.01934005 0.04919869 0.06175122
 0.01934004]
[0.04264078 0.04813325 0.0439347  0.02478152 0.049004   0.06634817
 0.1249873  0.05145274 0.06326012 0.03843743 0.05488671 0.05847515
 0.06634817 0.04952862 0.07490695 0.01743532 0.04952862 0.05847515
 0.01743532]
[0.03576065 0.04782405 0.04700791 0.02500507 0.04255992 0.07476436
 0.14376706 0.05587425 0.0471929  0.03107393 0.0406984  0.05545184
 0.07476436 0.04495158 0.09854882 0.01717572 0.04495158 0.05545185
 0.01717572]
[0.02723163 0.03337023 0.0423062  0.01937298 0.06491784 0.06318138
 0.1572207  0.05116734 0.06782808 0.02452875 0.0552326  0.06927484
 0.06318138 0.04414373 0.07666855 0.0134776  0.04414371 0.06927487
 0.0134776 ]
[0.04241822 0.04220887 0.05020291 0.0200376  0.0516945  0.06813198
 0.12397817 0.050215   0.06303482 0.03408587 0.04337099 0.0636424
 0.06813198 0.05050908 0.08011398 0.01703605 0.05050907 0.06364241
 0.01703605]
[0.04684381 0.05115153 0.04352628 0.0225261  0.05083838 0.07440945
 0.08079796 0.05313865 0.0503319  0.05302727 0.04111695 0.06177146
 0.07440945 0.05402924 0.07351904 0.02638093 0.05402925 0.06177147
 0.02638093]
[0.03113118 0.03686041 0.03562617 0.01553421 0.04304296 0.06430986
 0.17510554 0.05177605 0.06421765 0.02604558 0.05919708 0.07248178
 0.06430986 0.04093335 0.08622032 0.00989642 0.04093336 0.0724818
 0.00989642]
[0.03834216 0.0446248  0.05102718 0.02297529 0.04788724 0.06518119
 0.11971553 0.0536489  0.06466638 0.03614518 0.05209949 0.06561404
 0.06518119 0.0485523  0.07597532 0.01709873 0.04855229 0.06561405
 0.01709873]
[0.02855675 0.04349689 0.0358634  0.01781713 0.057188   0.07230083
 0.15752669 0.05925196 0.0709343  0.02747651 0.0472036  0.0470296
 0.07230083 0.04691376 0.09244132 0.01487754 0.04691376 0.04702961
 0.01487754]
[0.03656056 0.04392365 0.04921399 0.02140101 0.04902437 0.06505547
 0.13131982 0.05185803 0.06878783 0.03487536 0.04534799 0.05650836
 0.06505547 0.05700771 0.08312702 0.01370867 0.0570077  0.05650837
 0.01370867]
[0.03261623 0.03982041 0.04564171 0.02073991 0.04491477 0.08471779
 0.14597248 0.0409852  0.05455716 0.03157722 0.03833195 0.06671654
 0.08471779 0.04752403 0.08540632 0.01075997 0.04752405 0.06671654
 0.01075997]
[0.03882849 0.04856211 0.04300641 0.02510343 0.06101546 0.06194454
 0.09561402 0.04823315 0.07352944 0.04105951 0.05332116 0.06473599
 0.06194454 0.04713726 0.08204313 0.02102404 0.04713726 0.06473601
 0.02102404]
[0.04684381 0.05115153 0.04352628 0.0225261  0.05083838 0.07440945
 0.08079796 0.05313865 0.0503319  0.05302727 0.04111695 0.06177146
 0.07440945 0.05402924 0.07351904 0.02638093 0.05402925 0.06177147
 0.02638093]
[0.03251439 0.04957528 0.04897451 0.01948233 0.05169846 0.06292362
 0.1345151  0.05084845 0.06325092 0.03549583 0.03743589 0.06513175
 0.06292362 0.04731616 0.0909121  0.01727678 0.04731617 0.06513176
 0.01727678]
[0.0462839  0.04731186 0.04836057 0.02359202 0.04866803 0.07531948
 0.11961576 0.05574935 0.05087593 0.03081863 0.04544496 0.06207348
 0.07531948 0.04980838 0.07892973 0.01497328 0.04980838 0.06207349
 0.01497329]
[0.03117193 0.04558773 0.04281833 0.02378956 0.03750683 0.07586374
 0.11936818 0.06212094 0.05365801 0.0329916  0.04348954 0.05903043
 0.07586374 0.06685305 0.07094263 0.01653015 0.06685305 0.05903044
 0.01653015]
[0.0325144  0.04957529 0.04897451 0.01948233 0.05169848 0.06292362
 0.1345151  0.05084848 0.06325092 0.03549583 0.03743589 0.06513176
 0.06292362 0.04731617 0.09091207 0.01727679 0.04731617 0.06513177
 0.01727678]
[0.03882849 0.0485621  0.04300641 0.02510343 0.06101547 0.06194454
 0.09561402 0.04823315 0.07352942 0.04105951 0.05332114 0.06473599
 0.06194454 0.04713726 0.08204313 0.02102404 0.04713726 0.064736
 0.02102404]
[0.03117193 0.04558773 0.04281833 0.02378956 0.03750684 0.07586375
 0.11936817 0.06212094 0.05365801 0.0329916  0.04348955 0.05903043
 0.07586375 0.06685305 0.07094261 0.01653016 0.06685305 0.05903044
 0.01653016]]