149104
Test: public void test3() throws Throwable { IMAPCommand iMAPCommand0 = IMAPCommand.LIST; String string0 = iMAPCommand0.getIMAPCommand(); }
Code: public String getIMAPCommand() { return imapCommand != null ? imapCommand : name(); }
[[0.06618746 0.08451252 0.09182231 0.09154397 0.07324828 0.09182231
 0.03655186 0.07461723 0.11467785 0.09182232 0.06245115 0.09182232
 0.02892046]
[0.07069001 0.0810281  0.09916969 0.10837477 0.07191776 0.09916969
 0.04163453 0.0583152  0.09059286 0.09916969 0.05351464 0.09916969
 0.02725329]
[0.05615234 0.0998739  0.09220403 0.09740355 0.06837459 0.09220403
 0.03862559 0.06015984 0.12309474 0.09220404 0.05499915 0.09220404
 0.03250011]
[0.06899327 0.09633574 0.0874972  0.11740015 0.07855597 0.0874972
 0.05004073 0.0551879  0.0857146  0.0874972  0.05742082 0.0874972
 0.04036202]
[0.04892053 0.10418665 0.09553593 0.09970896 0.07032691 0.09553593
 0.03066698 0.05997061 0.13062355 0.09553593 0.04633332 0.09553593
 0.02711871]
[0.05615234 0.0998739  0.09220403 0.09740355 0.06837459 0.09220403
 0.03862559 0.06015984 0.12309474 0.09220404 0.05499915 0.09220404
 0.03250011]
[0.04987634 0.12244055 0.08794951 0.13814138 0.07207307 0.08794951
 0.02306173 0.0502228  0.1344003  0.08794953 0.0347804  0.08794953
 0.02320542]
[0.05734589 0.08169791 0.08701389 0.14090355 0.09374233 0.08701389
 0.03263682 0.05235877 0.12347037 0.08701389 0.04852134 0.08701389
 0.02126747]
[0.05433088 0.1103109  0.08474556 0.13425866 0.07517958 0.08474556
 0.03423103 0.0520699  0.11847381 0.08474554 0.05686839 0.08474554
 0.02529467]
[0.05615234 0.0998739  0.09220403 0.09740355 0.06837459 0.09220403
 0.03862559 0.06015984 0.12309474 0.09220404 0.05499915 0.09220404
 0.03250011]
[0.0668948  0.07969151 0.08097163 0.10642938 0.08416525 0.08097163
 0.04255802 0.06710972 0.14599349 0.08097162 0.04682694 0.08097162
 0.03644443]
[0.05615234 0.0998739  0.09220403 0.09740355 0.06837459 0.09220403
 0.03862559 0.06015984 0.12309474 0.09220404 0.05499915 0.09220404
 0.03250011]
[0.04741056 0.08674148 0.08635943 0.13514848 0.10739256 0.08635943
 0.03612524 0.05272087 0.11284693 0.08635943 0.04773428 0.08635943
 0.02844193]]