3019
Test: public void test10() throws Throwable { Filter filter0 = mock(Filter.class, new ViolatedAssumptionAnswer()); FilterImpl filterImpl0 = FilterImpl.create((String) null, (String) null, filter0); FilterImpl filterImpl1 = filterImpl0.withPrefix((String) null); }
Code: public FilterImpl withPrefix(String prefix) { this.path = prefix + this.path; return this; }
[[0.07134148 0.09896892 0.09896892 0.09183095 0.09491307 0.09896892
 0.04487605 0.07271957 0.05780034 0.09896892 0.07848782 0.06180503
 0.03034996]
[0.05775966 0.09617591 0.09617591 0.07985307 0.09282435 0.09617591
 0.0623453  0.08475643 0.0792851  0.09617592 0.07013732 0.05687888
 0.03145622]
[0.05775966 0.09617591 0.09617591 0.07985307 0.09282435 0.09617591
 0.0623453  0.08475643 0.0792851  0.09617592 0.07013732 0.05687888
 0.03145622]
[0.07329117 0.09660487 0.09660487 0.069919   0.10179138 0.09660487
 0.04886986 0.08285177 0.05870517 0.09660488 0.09924044 0.0477607
 0.03115107]
[0.06990542 0.09046607 0.09046607 0.06231584 0.11488938 0.09046607
 0.05830967 0.08020987 0.07312496 0.09046607 0.0801255  0.05914381
 0.04011127]
[0.05775966 0.09617591 0.09617591 0.07985307 0.09282435 0.09617591
 0.0623453  0.08475643 0.0792851  0.09617592 0.07013732 0.05687888
 0.03145622]
[0.07101474 0.10046102 0.10046102 0.06890233 0.07968305 0.10046102
 0.05872869 0.07333311 0.06268216 0.10046102 0.07784839 0.07128464
 0.0346788 ]
[0.06230425 0.10376868 0.10376868 0.06430674 0.12326595 0.10376868
 0.04921972 0.06392822 0.05468262 0.10376869 0.08882498 0.05054379
 0.02784901]
[0.07152368 0.09924208 0.09924208 0.05580566 0.09779523 0.09924208
 0.05170348 0.08330442 0.05997889 0.09924208 0.08391856 0.06513301
 0.03386876]
[0.05775966 0.09617591 0.09617591 0.07985307 0.09282435 0.09617591
 0.0623453  0.08475643 0.0792851  0.09617592 0.07013732 0.05687888
 0.03145622]
[0.05330265 0.10810792 0.10810792 0.06574686 0.10042407 0.10810792
 0.05188071 0.06932537 0.07332042 0.10810791 0.07803652 0.04781855
 0.02771315]
[0.07448862 0.10398822 0.10398822 0.05237373 0.1193874  0.10398822
 0.04370259 0.06399772 0.06118657 0.10398823 0.0899227  0.04697033
 0.03201751]
[0.0511748  0.0944393  0.0944393  0.05441896 0.13881427 0.0944393
 0.04706775 0.08099588 0.0564644  0.0944393  0.11387704 0.04990935
 0.02952037]]