30965
Test: public void test50() throws Throwable { boolean boolean0 = MapUtil.isEmpty((Map<?, ?>) null); MapUtil.newSortedMap(); TreeMap<Integer, MutableLong> treeMap0 = new TreeMap<Integer, MutableLong>(); Integer integer0 = new Integer(405); MutableLong mutableLong0 = new MutableLong((Number) integer0); treeMap0.put(integer0, mutableLong0); Integer integer1 = new Integer(97); treeMap0.ceilingKey(integer1); boolean boolean1 = MapUtil.isNotEmpty(treeMap0); }
Code: public static boolean isNotEmpty(final Map<?, ?> map) { return (map != null) && !map.isEmpty(); }
[[0.04566834 0.14514007 0.10896271 0.06335854 0.17716011 0.05303743
 0.06335854 0.06583046 0.05086952 0.06335855 0.02556022 0.02384749
 0.02995143 0.06335855 0.0205381 ]
[0.04813827 0.13493666 0.1407352  0.0640484  0.11970442 0.04172957
 0.0640484  0.09318753 0.04612589 0.06404839 0.03372853 0.02536389
 0.03538481 0.06404841 0.02477166]
[0.03309725 0.13248286 0.16254085 0.06256981 0.16855529 0.03425971
 0.06256981 0.088759   0.05644713 0.06256981 0.01734188 0.01670372
 0.02318422 0.06256983 0.01634879]
[0.03771384 0.13895017 0.1328732  0.06159928 0.18116139 0.04609651
 0.06159928 0.06723356 0.04597059 0.06159928 0.02631631 0.02731565
 0.02765738 0.0615993  0.02231428]
[0.03539372 0.14102548 0.11907043 0.05500932 0.21188319 0.04936215
 0.05500932 0.08625665 0.05174887 0.05500932 0.02047439 0.01939415
 0.02826069 0.05500934 0.01709292]
[0.04074905 0.13576333 0.10233364 0.06001192 0.1774885  0.05939714
 0.06001192 0.08642516 0.05845077 0.06001192 0.02310055 0.02757167
 0.02704317 0.06001193 0.02162934]
[0.03771384 0.13895017 0.1328732  0.06159928 0.18116139 0.04609651
 0.06159928 0.06723356 0.04597059 0.06159928 0.02631631 0.02731565
 0.02765738 0.0615993  0.02231428]
[0.04989909 0.12195042 0.10273613 0.06269228 0.14277184 0.04751853
 0.06269228 0.08623134 0.0566425  0.06269228 0.03642613 0.03109045
 0.04451755 0.0626923  0.02944691]
[0.03134071 0.15353623 0.14598888 0.05985364 0.19540693 0.04440775
 0.05985364 0.06664336 0.04458007 0.05985364 0.01998524 0.01800444
 0.02270094 0.05985365 0.01799097]
[0.03771384 0.13895017 0.1328732  0.06159928 0.18116139 0.04609651
 0.06159928 0.06723356 0.04597059 0.06159928 0.02631631 0.02731565
 0.02765738 0.0615993  0.02231428]
[0.03114761 0.21303459 0.13269366 0.05461685 0.18227792 0.03828148
 0.05461685 0.0772901  0.04373965 0.05461685 0.01364792 0.01603558
 0.01995796 0.05461685 0.01342616]
[0.03386049 0.1651795  0.15760243 0.0557697  0.18134806 0.03252785
 0.0557697  0.08802952 0.04150104 0.05576971 0.01942869 0.01961552
 0.02494634 0.05576971 0.01288173]
[0.03450437 0.13636456 0.15287794 0.06149119 0.17997876 0.0380374
 0.06149119 0.07686978 0.0441341  0.06149119 0.02408504 0.0186199
 0.02439531 0.06149119 0.02416809]
[0.03771384 0.13895017 0.1328732  0.06159929 0.18116133 0.0460965
 0.06159929 0.06723357 0.04597059 0.06159929 0.02631631 0.02731566
 0.02765738 0.0615993  0.02231428]
[0.03420978 0.15242139 0.11484567 0.06274861 0.1285938  0.04991844
 0.06274861 0.09500775 0.07676493 0.06274861 0.0257853  0.02120881
 0.03014622 0.06274863 0.02010342]]