129405
Test: public void test206() throws Throwable { boolean boolean0 = ArithmeticUtils.isPowerOfTwo(2753355L); }
Code: public static boolean isPowerOfTwo(long n) { return (n > 0) && ((n & (n - 1)) == 0); }
[[0.04001878 0.12105651 0.09897289 0.05551721 0.06267805 0.05417955
 0.04414339 0.02900584 0.06761957 0.02265298 0.02573931 0.01944665
 0.03985409 0.02900584 0.12660408 0.03751023 0.06288854 0.04587642
 0.01723002]
[0.0388059  0.10666113 0.11538737 0.0518952  0.06112748 0.07263459
 0.03701324 0.02618673 0.06541679 0.02460674 0.02824954 0.01969905
 0.04469268 0.02618673 0.1317384  0.03230645 0.04869461 0.04924191
 0.01945555]
[0.02986557 0.11372662 0.15510404 0.05716028 0.04888486 0.07477526
 0.04926217 0.02363899 0.05301022 0.01778466 0.02034798 0.01455999
 0.0314393  0.02363899 0.15778388 0.02905921 0.04532762 0.04064045
 0.01398996]
[0.03201417 0.11449306 0.11673859 0.05289079 0.05422138 0.05375009
 0.0389354  0.03378207 0.07322189 0.02480116 0.02337199 0.01976333
 0.03696257 0.03378207 0.12592363 0.03871118 0.0601206  0.0484644
 0.01805162]
[0.03290288 0.12973015 0.13843852 0.05783894 0.05063031 0.0538276
 0.0427108  0.02219141 0.06076495 0.0212329  0.02648462 0.0180613
 0.03307689 0.02219141 0.14391527 0.03506954 0.05209348 0.04006065
 0.01877836]
[0.04174531 0.09597985 0.09564924 0.05604505 0.04720349 0.06407566
 0.04844075 0.03434565 0.06097691 0.02774116 0.0359387  0.02563743
 0.05185317 0.03434565 0.1216268  0.04962342 0.04536894 0.04032466
 0.02307813]
[0.02757271 0.12823705 0.14293888 0.0548082  0.05959279 0.05422916
 0.03997573 0.02608488 0.06306817 0.02232686 0.01936881 0.01969197
 0.02494271 0.02608488 0.14553982 0.03387473 0.05308588 0.04373178
 0.01484502]
[0.03792121 0.12310714 0.14892527 0.04771115 0.05020986 0.06059888
 0.05338067 0.02551778 0.06064706 0.01844109 0.02427579 0.01582973
 0.03512992 0.02551778 0.1197221  0.03708676 0.05920374 0.04382825
 0.01294577]
[0.0423719  0.12908432 0.11810818 0.05611991 0.05344032 0.05727645
 0.04722682 0.02277837 0.08330117 0.0209232  0.02441857 0.01650218
 0.03637323 0.02277837 0.11559004 0.03655479 0.05665877 0.04706461
 0.01342877]
[0.03231154 0.11958745 0.1347174  0.05262215 0.06182477 0.05930649
 0.05135833 0.02577611 0.06000065 0.02301788 0.02808456 0.02057717
 0.03784299 0.02577611 0.12944919 0.02831694 0.05270609 0.03644527
 0.02027888]
[0.03055381 0.11575951 0.14730987 0.05583215 0.05557328 0.06323526
 0.03908902 0.02487139 0.0615893  0.02142266 0.02102039 0.01836693
 0.03596764 0.02487139 0.14089753 0.02946455 0.05231233 0.04175139
 0.02011162]
[0.0374629  0.13431951 0.11620791 0.05215019 0.05535345 0.05674126
 0.04301819 0.02484788 0.07425804 0.01951309 0.02525749 0.01649318
 0.03273574 0.02484788 0.13767597 0.02923315 0.05298666 0.05291275
 0.01398475]
[0.02980355 0.10181261 0.12895167 0.05017523 0.04762547 0.07180189
 0.04998021 0.02371872 0.06557114 0.02270951 0.0215701  0.01886637
 0.04638283 0.02371872 0.14397028 0.03719928 0.06326549 0.03883659
 0.01404029]
[0.03792121 0.12310714 0.14892527 0.04771115 0.05020986 0.06059888
 0.05338067 0.02551778 0.06064706 0.01844109 0.02427579 0.01582973
 0.03512992 0.02551778 0.1197221  0.03708676 0.05920374 0.04382825
 0.01294577]
[0.04088459 0.09058461 0.12630105 0.05810568 0.05429861 0.06675988
 0.04226431 0.02514336 0.08597394 0.03218692 0.03288438 0.0230296
 0.04515281 0.02514336 0.0946846  0.03492697 0.04892335 0.05302521
 0.01972682]
[0.0394058  0.12297009 0.12251105 0.05670287 0.06293285 0.05856515
 0.04508033 0.02411958 0.06561787 0.02420648 0.02471931 0.02069253
 0.03120823 0.02411958 0.12800029 0.03677383 0.05720595 0.0393073
 0.01586091]
[0.02237623 0.13136008 0.18357873 0.03597293 0.04748542 0.05945419
 0.03694887 0.02114422 0.05886142 0.0251185  0.01817294 0.01497562
 0.02973966 0.02114422 0.16022435 0.03047328 0.05506012 0.03580822
 0.012101  ]
[0.03246031 0.12811026 0.11455208 0.05478213 0.05458365 0.06149106
 0.04449977 0.02368352 0.06392904 0.02317599 0.01796317 0.01980596
 0.0404749  0.02368352 0.15159376 0.03253119 0.05423745 0.04579992
 0.01264231]
[0.02934065 0.12208451 0.10300126 0.05510553 0.05039994 0.07404633
 0.06368855 0.01999931 0.06780668 0.02160308 0.02494883 0.01579672
 0.05402968 0.01999931 0.12800227 0.03693974 0.05073024 0.04647747
 0.01599982]]