143727
Test: public void test1() throws Throwable { JulLogFactory julLogFactory0 = new JulLogFactory(); // Undeclared exception!  julLogFactory0.getLog((Class<?>) null);   }
Code: public Log getLog(final Class<?> clazz) { final Logger logger = Logger.getLogger(clazz.getName()); return new JulLogAdapter(logger); }
[[0.06660124 0.09238335 0.09238335 0.03161402 0.07649078 0.07850331
 0.05209982 0.09238335 0.05907487 0.04124938 0.09238335 0.07202493
 0.03430211 0.09238336 0.02612282]
[0.05445846 0.09217798 0.09217798 0.02803436 0.06910703 0.07923236
 0.05044957 0.09217798 0.06668419 0.05701769 0.09217799 0.06591002
 0.04077858 0.09217799 0.02743782]
[0.05445846 0.09217798 0.09217798 0.02803436 0.06910703 0.07923236
 0.05044957 0.09217798 0.06668419 0.05701769 0.09217799 0.06591002
 0.04077858 0.09217799 0.02743782]
[0.05070034 0.0887606  0.0887606  0.02433172 0.07848924 0.08638968
 0.04752287 0.0887606  0.07015599 0.05412658 0.0887606  0.08509903
 0.03333833 0.08876062 0.02604317]
[0.06092462 0.09058781 0.09058781 0.02290634 0.07523943 0.09757815
 0.05414841 0.09058781 0.05997936 0.04042916 0.09058781 0.07689708
 0.02499957 0.09058782 0.03395879]
[0.06209823 0.08316936 0.08316936 0.02959929 0.07723622 0.0957652
 0.06081045 0.08316936 0.0654772  0.05151264 0.08316936 0.0719993
 0.03523804 0.08316937 0.03441665]
[0.05901441 0.09448384 0.09448384 0.02451032 0.07332495 0.09458317
 0.03881386 0.09448384 0.06001827 0.0457997  0.09448384 0.08567335
 0.02691382 0.09448385 0.01892901]
[0.05445846 0.09217798 0.09217798 0.02803436 0.06910703 0.07923236
 0.05044957 0.09217798 0.06668419 0.05701769 0.09217799 0.06591002
 0.04077858 0.09217799 0.02743782]
[0.05105232 0.09628353 0.09628353 0.03180739 0.06556885 0.10344706
 0.04072159 0.09628353 0.06799703 0.04078352 0.09628353 0.05688984
 0.02902873 0.09628356 0.03128593]
[0.06477205 0.09173612 0.09173612 0.03824873 0.07391457 0.06889444
 0.05441234 0.09173612 0.05735332 0.05247666 0.09173612 0.07028709
 0.03024217 0.09173614 0.03071796]
[0.05445846 0.09217798 0.09217798 0.02803436 0.06910703 0.07923236
 0.05044957 0.09217798 0.06668419 0.05701769 0.09217799 0.06591002
 0.04077858 0.09217799 0.02743782]
[0.04672365 0.09914634 0.09914634 0.03157391 0.07508308 0.07906003
 0.04130517 0.09914634 0.0648762  0.04493021 0.09914633 0.06994379
 0.02848245 0.09914635 0.02228979]
[0.05636597 0.09097573 0.09097573 0.02715877 0.0735738  0.09128562
 0.04456068 0.09097573 0.06201144 0.0460099  0.09097573 0.07899956
 0.03788171 0.09097574 0.02727382]
[0.05445847 0.09217799 0.09217799 0.02803436 0.06910703 0.07923237
 0.05044957 0.09217799 0.06668419 0.05701769 0.09217799 0.06591003
 0.04077858 0.09217799 0.02743783]
[0.04630093 0.08770632 0.08770632 0.02664844 0.08511068 0.1125332
 0.04134823 0.08770632 0.05866082 0.04116642 0.08770632 0.0992561
 0.02591569 0.08770634 0.02452781]]