134714
Test: public void test151() throws Throwable { Document document0 = Document.createShell(")canvas"); document0.text(")canvas"); Element element0 = document0.body(); }
Code: public Element body() { Element html = htmlEl(); for (Element el: html.childElementsList()) { if ("body".equals(el.normalName()) || "frameset".equals(el.normalName())) return el; } return html.appendElement("body"); }
[[0.04135387 0.02077738 0.05736487 0.05129457 0.02077738 0.03923473
 0.02577526 0.05736487 0.04099117 0.03347366 0.03966445 0.05736487
 0.05129457 0.11107568 0.05736487 0.03832578 0.05736487 0.04503654
 0.01814284 0.01677816 0.04503655 0.05736488 0.01677815]
[0.04320022 0.02164561 0.05367167 0.0618685  0.02164561 0.03576125
 0.02610075 0.05367167 0.03826348 0.02580025 0.04208625 0.05367167
 0.0618685  0.12851712 0.05367167 0.02792056 0.05367167 0.04897297
 0.01628711 0.0145294  0.04897296 0.05367168 0.0145294 ]
[0.03398067 0.02522646 0.05719209 0.05123338 0.02522646 0.04186658
 0.03595962 0.05719209 0.0468818  0.03467784 0.04837133 0.05719209
 0.05123338 0.08292536 0.05719209 0.04481641 0.05719209 0.0411735
 0.01689854 0.01760134 0.0411735  0.05719209 0.01760134]
[0.04025942 0.02130078 0.05377609 0.06240952 0.02130078 0.05214469
 0.03341123 0.05377609 0.04020214 0.03620287 0.04649469 0.05377609
 0.06240952 0.06964365 0.05377609 0.03493841 0.05377609 0.04663623
 0.01860258 0.02237533 0.04663625 0.0537761  0.02237533]
[0.04320022 0.02164561 0.05367167 0.0618685  0.02164561 0.03576125
 0.02610075 0.05367167 0.03826348 0.02580025 0.04208625 0.05367167
 0.0618685  0.12851712 0.05367167 0.02792056 0.05367167 0.04897297
 0.01628711 0.0145294  0.04897296 0.05367168 0.0145294 ]
[0.03777173 0.01649375 0.05973428 0.05986845 0.01649375 0.03625137
 0.01868105 0.05973428 0.03316205 0.01871775 0.0384078  0.05973428
 0.05986845 0.13316911 0.05973428 0.02933626 0.05973427 0.05225146
 0.01678494 0.01104245 0.05225147 0.05973428 0.01104245]
[0.04134393 0.02602235 0.05850861 0.04562867 0.02602235 0.04196916
 0.03397181 0.05850861 0.03929903 0.03367299 0.03863632 0.05850861
 0.04562867 0.09130609 0.05850861 0.03137257 0.05850861 0.04517786
 0.02370685 0.0200059  0.04517786 0.05850862 0.02000589]
[0.03398067 0.02522646 0.05719209 0.05123338 0.02522646 0.04186658
 0.03595962 0.05719209 0.0468818  0.03467784 0.04837133 0.05719209
 0.05123338 0.08292536 0.05719209 0.04481641 0.05719209 0.0411735
 0.01689854 0.01760134 0.0411735  0.05719209 0.01760134]
[0.03966845 0.014571   0.0566651  0.06652603 0.014571   0.03844271
 0.02664362 0.0566651  0.03973302 0.02813439 0.03941616 0.0566651
 0.06652603 0.1218062  0.0566651  0.03925616 0.05666509 0.04268858
 0.01699161 0.01117294 0.04268858 0.0566651  0.01117294]
[0.03240313 0.01802936 0.05484988 0.06581063 0.01802936 0.04027908
 0.02466948 0.05484988 0.04179738 0.03178994 0.04034984 0.05484988
 0.06581063 0.1277471  0.05484988 0.0311153  0.05484988 0.04376773
 0.01379392 0.01587006 0.04376772 0.05484989 0.01587006]
[0.03758802 0.02117551 0.05661439 0.05988042 0.02117551 0.043056
 0.02692163 0.05661439 0.03807619 0.02875091 0.04318618 0.05661439
 0.05988042 0.1114668  0.05661439 0.04209877 0.05661439 0.03915263
 0.01779932 0.01547641 0.03915263 0.0566144  0.01547641]
[0.03398067 0.02522646 0.05719209 0.05123338 0.02522646 0.04186658
 0.03595962 0.05719209 0.0468818  0.03467784 0.04837133 0.05719209
 0.05123338 0.08292536 0.05719209 0.04481641 0.05719209 0.0411735
 0.01689854 0.01760134 0.0411735  0.05719209 0.01760134]
[0.04025942 0.02130078 0.05377609 0.06240952 0.02130078 0.05214469
 0.03341123 0.05377609 0.04020214 0.03620287 0.04649469 0.05377609
 0.06240952 0.06964365 0.05377609 0.03493841 0.05377609 0.04663623
 0.01860258 0.02237533 0.04663625 0.0537761  0.02237533]
[0.02740788 0.00917237 0.06535399 0.05330385 0.00917237 0.0397108
 0.02107714 0.06535399 0.03538095 0.02014193 0.03669074 0.06535399
 0.05330385 0.15292424 0.06535399 0.04926803 0.065354   0.03583065
 0.01198645 0.00833708 0.03583065 0.065354   0.00833708]
[0.03398067 0.02522646 0.05719209 0.05123338 0.02522646 0.04186658
 0.03595962 0.05719209 0.0468818  0.03467784 0.04837133 0.05719209
 0.05123338 0.08292536 0.05719209 0.04481641 0.05719209 0.0411735
 0.01689854 0.01760134 0.0411735  0.05719209 0.01760134]
[0.02856886 0.0182866  0.05938675 0.07001387 0.0182866  0.03697541
 0.02372084 0.05938675 0.03666586 0.02419993 0.04317875 0.05938675
 0.07001387 0.12671083 0.05938675 0.03248201 0.05938674 0.04125388
 0.01361696 0.00922568 0.04125389 0.05938675 0.00922568]
[0.03398067 0.02522646 0.05719209 0.05123338 0.02522646 0.04186658
 0.03595962 0.05719209 0.0468818  0.03467784 0.04837133 0.05719209
 0.05123338 0.08292536 0.05719209 0.04481641 0.05719209 0.0411735
 0.01689854 0.01760134 0.0411735  0.05719209 0.01760134]
[0.02884345 0.01424509 0.05985731 0.05156389 0.01424509 0.04668214
 0.02790457 0.05985731 0.0521662  0.02217899 0.04902373 0.05985731
 0.05156389 0.1220737  0.05985731 0.03152982 0.05985731 0.04270433
 0.01467504 0.01437593 0.04270434 0.05985732 0.01437593]
[0.0354358  0.01807769 0.06086343 0.05356425 0.01807769 0.03557206
 0.02397294 0.06086343 0.03713734 0.02877918 0.04139988 0.06086343
 0.05356425 0.11236513 0.06086343 0.02787383 0.06086344 0.048488
 0.01881684 0.01660327 0.04848799 0.06086344 0.01660326]
[0.0285413  0.01566061 0.05406253 0.06938225 0.01566061 0.03263099
 0.02537769 0.05406253 0.03710253 0.02817379 0.03756354 0.05406253
 0.06938225 0.10927721 0.05406253 0.03978096 0.05406253 0.06118834
 0.01447051 0.01512192 0.06118835 0.05406255 0.01512192]
[0.02884345 0.01424509 0.05985732 0.05156389 0.01424509 0.04668214
 0.02790456 0.05985732 0.0521662  0.02217899 0.04902373 0.05985732
 0.05156389 0.1220737  0.05985732 0.03152982 0.05985732 0.04270434
 0.01467504 0.01437593 0.04270434 0.05985732 0.01437593]
[0.03398067 0.02522647 0.05719209 0.05123339 0.02522647 0.04186659
 0.03595961 0.05719209 0.04688181 0.03467784 0.04837133 0.05719209
 0.05123339 0.08292536 0.05719209 0.0448164  0.05719209 0.0411735
 0.01689854 0.01760134 0.0411735  0.05719209 0.01760134]
[0.0285413  0.01566061 0.05406253 0.06938226 0.01566061 0.03263099
 0.02537769 0.05406253 0.03710253 0.02817379 0.03756355 0.05406253
 0.06938226 0.10927719 0.05406253 0.03978096 0.05406253 0.06118834
 0.01447051 0.01512192 0.06118835 0.05406254 0.01512192]]