146162
Test: public void test25() throws Throwable { Locale locale0 = Locale.FRANCE; Double double0 = GenericTypeValidator.formatDouble("0", locale0); }
Code: public static Double formatDouble(String value) { if (value == null) { return null; } try { return Double.valueOf(value); } catch (NumberFormatException e) { return null; } }
[[0.02721969 0.0768859  0.02916877 0.03775832 0.03383701 0.03373064
 0.07310826 0.0283813  0.04366539 0.0149578  0.03373064 0.0296397
 0.05759324 0.01103658 0.051353   0.03373064 0.0296397  0.03775832
 0.01103658 0.02934154 0.06266201 0.07072829 0.03373064 0.0296397
 0.05759323 0.01103658 0.01103658]
[0.02731641 0.06889375 0.02556003 0.03730115 0.02689178 0.0438563
 0.07424179 0.03276287 0.03540755 0.01431054 0.0438563  0.02555619
 0.06613582 0.01219291 0.04344895 0.0438563  0.02555619 0.03730115
 0.01219291 0.02816716 0.05184089 0.06341899 0.0438563  0.02555619
 0.06613579 0.01219291 0.01219291]
[0.0262622  0.07864568 0.02539998 0.03910815 0.03337054 0.03650544
 0.07934134 0.03969498 0.03925811 0.01188043 0.03650544 0.0308197
 0.06262435 0.00926318 0.04271595 0.03650544 0.0308197  0.03910815
 0.00926318 0.02638473 0.06808697 0.04996058 0.03650544 0.0308197
 0.06262434 0.00926318 0.00926318]
[0.02251571 0.07516313 0.0322533  0.03813004 0.03761316 0.03265182
 0.05461982 0.0290777  0.04325405 0.01589293 0.03265182 0.02724752
 0.07790001 0.01131554 0.04089571 0.03265182 0.02724752 0.03813004
 0.01131554 0.02496765 0.07257712 0.0614977  0.03265182 0.02724752
 0.0779     0.01131554 0.01131554]
[0.02428134 0.07723805 0.02756257 0.03690634 0.03030072 0.03754425
 0.07025018 0.0293617  0.03635563 0.01148321 0.03754425 0.02858866
 0.06940718 0.00952049 0.04133375 0.03754425 0.02858866 0.03690634
 0.00952049 0.02613614 0.0692066  0.06983816 0.03754425 0.02858866
 0.06940716 0.00952049 0.00952049]
[0.02848913 0.06426871 0.03276037 0.03898183 0.03250004 0.0420832
 0.04955618 0.0338578  0.03134135 0.0191546  0.0420832  0.03327345
 0.06300624 0.01543206 0.03185918 0.0420832  0.03327345 0.03898183
 0.01543206 0.03033022 0.0604625  0.05156237 0.0420832  0.03327345
 0.06300622 0.01543206 0.01543206]
[0.01775866 0.0953027  0.02421553 0.04372765 0.02713777 0.0315648
 0.09797475 0.03259598 0.03851085 0.00689554 0.0315648  0.02303038
 0.06989715 0.00506493 0.03913291 0.0315648  0.02303038 0.04372765
 0.00506493 0.01721    0.09111792 0.06928772 0.0315648  0.02303038
 0.06989715 0.00506493 0.00506493]
[0.0233355  0.07301311 0.02798651 0.04112844 0.030956   0.03670697
 0.07347886 0.03500494 0.04026429 0.01322759 0.03670697 0.02921319
 0.06080315 0.0099177  0.04380973 0.03670697 0.02921319 0.04112844
 0.0099177  0.02877179 0.06829022 0.06386003 0.03670697 0.02921319
 0.06080316 0.0099177  0.0099177 ]
[0.01652375 0.08443759 0.02618149 0.02907097 0.03658611 0.03590669
 0.09177763 0.03756243 0.0421491  0.01084711 0.03590669 0.02674643
 0.06720316 0.00767017 0.04203458 0.03590669 0.02674643 0.02907097
 0.00767017 0.01985265 0.07785492 0.06709774 0.03590669 0.02674643
 0.06720312 0.00767018 0.00767018]
[0.02049328 0.08180307 0.02611306 0.03982399 0.03199344 0.04042915
 0.09460397 0.03279502 0.03989862 0.01335179 0.04042915 0.02469649
 0.06265818 0.00658349 0.04806399 0.04042915 0.02469649 0.03982399
 0.00658349 0.02520105 0.06162205 0.05695628 0.04042915 0.02469649
 0.06265818 0.00658349 0.00658349]
[0.02848913 0.06426871 0.03276037 0.03898183 0.03250004 0.0420832
 0.04955618 0.0338578  0.03134135 0.0191546  0.0420832  0.03327345
 0.06300624 0.01543206 0.03185918 0.0420832  0.03327345 0.03898183
 0.01543206 0.03033022 0.0604625  0.05156237 0.0420832  0.03327345
 0.06300622 0.01543206 0.01543206]
[0.01895484 0.08287327 0.02334133 0.03933895 0.03274021 0.0338798
 0.0802262  0.03213218 0.03865321 0.01144892 0.0338798  0.02806473
 0.07212602 0.00944597 0.03825003 0.0338798  0.02806473 0.03933895
 0.00944597 0.02436566 0.07614627 0.06044063 0.0338798  0.02806473
 0.07212602 0.00944597 0.00944597]
[0.02722498 0.06006129 0.02735341 0.04487091 0.03764834 0.03490861
 0.07515778 0.03458737 0.03875227 0.01166925 0.03490861 0.03154939
 0.05115256 0.01122583 0.04478366 0.03490861 0.03154939 0.04487091
 0.01122583 0.03363897 0.06877858 0.0691112  0.03490861 0.03154939
 0.05115255 0.01122583 0.01122583]
[0.0192588  0.07092788 0.02632545 0.03754264 0.02395586 0.04067851
 0.07239021 0.04070532 0.03262462 0.01236352 0.04067851 0.0395136
 0.06481718 0.0091787  0.0448916  0.04067851 0.0395136  0.03754264
 0.0091787  0.01829251 0.06521559 0.05035929 0.04067851 0.0395136
 0.06481718 0.0091787  0.0091787 ]
[0.02170036 0.08177503 0.02546394 0.03646705 0.03337402 0.03157472
 0.08302017 0.03256247 0.03746733 0.01061065 0.03157472 0.03168002
 0.06816977 0.00875544 0.04255128 0.03157472 0.03168002 0.03646705
 0.00875544 0.02331527 0.07151459 0.07101057 0.03157472 0.03168002
 0.06816977 0.00875544 0.00875544]
[0.02848913 0.06426871 0.03276037 0.03898183 0.03250004 0.0420832
 0.04955618 0.0338578  0.03134135 0.0191546  0.0420832  0.03327345
 0.06300624 0.01543206 0.03185918 0.0420832  0.03327345 0.03898183
 0.01543206 0.03033022 0.0604625  0.05156237 0.0420832  0.03327345
 0.06300622 0.01543206 0.01543206]
[0.01895484 0.08287327 0.02334133 0.03933895 0.03274021 0.0338798
 0.0802262  0.03213218 0.03865321 0.01144892 0.0338798  0.02806473
 0.07212602 0.00944597 0.03825003 0.0338798  0.02806473 0.03933895
 0.00944597 0.02436566 0.07614627 0.06044063 0.0338798  0.02806473
 0.07212602 0.00944597 0.00944597]
[0.02251571 0.07516313 0.0322533  0.03813004 0.03761316 0.03265182
 0.05461982 0.0290777  0.04325405 0.01589293 0.03265182 0.02724752
 0.07790001 0.01131554 0.04089571 0.03265182 0.02724752 0.03813004
 0.01131554 0.02496765 0.07257712 0.0614977  0.03265182 0.02724752
 0.0779     0.01131554 0.01131554]
[0.0192588  0.07092788 0.02632545 0.03754264 0.02395586 0.04067851
 0.07239021 0.04070532 0.03262462 0.01236352 0.04067851 0.0395136
 0.06481718 0.0091787  0.0448916  0.04067851 0.0395136  0.03754264
 0.0091787  0.01829251 0.06521559 0.05035929 0.04067851 0.0395136
 0.06481718 0.0091787  0.0091787 ]
[0.01926757 0.08648677 0.02864835 0.03604656 0.03322313 0.03781907
 0.07721927 0.03570329 0.03462742 0.01221075 0.03781907 0.02772705
 0.07094867 0.00846985 0.04382215 0.03781907 0.02772705 0.03604656
 0.00846985 0.0230605  0.06214228 0.06126124 0.03781907 0.02772705
 0.07094865 0.00846985 0.00846985]
[0.02813066 0.07587413 0.02499787 0.04473409 0.03119072 0.03840866
 0.0705581  0.02927566 0.03992707 0.01303868 0.03840866 0.03049672
 0.06534928 0.01075257 0.04667209 0.03840866 0.03049672 0.04473409
 0.01075257 0.02512265 0.05162165 0.05528888 0.03840866 0.03049672
 0.06534928 0.01075257 0.01075257]
[0.02464299 0.07327376 0.02963833 0.03722386 0.03260634 0.03425113
 0.09071924 0.0279763  0.03349029 0.01337653 0.03425113 0.03066297
 0.06265783 0.01341336 0.04853968 0.03425113 0.03066297 0.03722386
 0.01341336 0.02532258 0.05534795 0.06265584 0.03425113 0.03066297
 0.06265784 0.01341336 0.01341336]
[0.02848913 0.06426871 0.03276037 0.03898183 0.03250004 0.0420832
 0.04955618 0.0338578  0.03134135 0.0191546  0.0420832  0.03327345
 0.06300624 0.01543206 0.03185918 0.0420832  0.03327345 0.03898183
 0.01543206 0.03033022 0.0604625  0.05156237 0.0420832  0.03327345
 0.06300622 0.01543206 0.01543206]
[0.01895484 0.08287327 0.02334133 0.03933895 0.03274021 0.0338798
 0.0802262  0.03213218 0.03865321 0.01144892 0.0338798  0.02806473
 0.07212602 0.00944597 0.03825003 0.0338798  0.02806473 0.03933895
 0.00944597 0.02436566 0.07614627 0.06044063 0.0338798  0.02806473
 0.07212602 0.00944597 0.00944597]
[0.02722498 0.06006131 0.02735341 0.04487091 0.03764834 0.0349086
 0.07515778 0.03458737 0.03875228 0.01166926 0.0349086  0.03154939
 0.05115256 0.01122583 0.04478366 0.0349086  0.03154939 0.04487091
 0.01122583 0.03363897 0.06877859 0.0691112  0.0349086  0.03154939
 0.05115256 0.01122583 0.01122583]
[0.0192588  0.07092788 0.02632545 0.03754264 0.02395586 0.04067852
 0.07239021 0.04070533 0.03262462 0.01236352 0.04067852 0.0395136
 0.0648172  0.0091787  0.04489161 0.04067852 0.0395136  0.03754264
 0.0091787  0.01829251 0.0652156  0.05035929 0.04067852 0.0395136
 0.06481719 0.0091787  0.0091787 ]
[0.0192588  0.07092788 0.02632545 0.03754264 0.02395586 0.04067852
 0.07239021 0.04070533 0.03262462 0.01236352 0.04067852 0.0395136
 0.0648172  0.0091787  0.04489161 0.04067852 0.0395136  0.03754264
 0.0091787  0.01829251 0.0652156  0.05035929 0.04067852 0.0395136
 0.06481719 0.0091787  0.0091787 ]]