134330
Test: public void test21() throws Throwable { Document document0 = new Document("dM;Nx%+X^5"); Pattern pattern0 = Pattern.compile("OE-;lm!w|1h", (-176673020)); pattern0.asPredicate(); document0.getElementsMatchingText(pattern0); MockFile mockFile0 = new MockFile("abs:", "dM;Nx%+X^5"); MockPrintWriter mockPrintWriter0 = new MockPrintWriter(mockFile0); FileSystemHandling.shouldAllThrowIOExceptions(); document0.html(mockPrintWriter0); document0.val(); Comment comment0 = new Comment((String) null); Comment comment1 = comment0.clone(); comment1.setData(""); CDataNode cDataNode0 = new CDataNode(">(r:U"); CDataNode cDataNode1 = cDataNode0.clone(); cDataNode1.shallowClone(); cDataNode1.getWholeText(); comment0.hasParent(); comment1.doClone(document0); document0.charset(); document0.getElementById(" size="); document0.ownerDocument(); }
Code: public @Nullable Document ownerDocument() { Node root = root(); return (root instanceof Document) ? (Document) root : null; }
[[0.03594596 0.07560613 0.13378553 0.04987207 0.05390335 0.07301392
 0.0469191  0.02299929 0.04987207 0.04029769 0.08086094 0.01719759
 0.03923412 0.05842477 0.04740555 0.0469191  0.03567476 0.07544562
 0.01662248]
[0.03130104 0.05643166 0.10743001 0.05344888 0.07191531 0.059657
 0.04405054 0.02775204 0.05344888 0.03878693 0.10325103 0.02247085
 0.0425244  0.05224772 0.05191187 0.04405054 0.02356561 0.09759666
 0.01815907]
[0.03143918 0.07072899 0.13053188 0.05047946 0.06655765 0.06613588
 0.05066572 0.01826707 0.05047946 0.03797886 0.09542996 0.01865154
 0.03731727 0.05760923 0.04814648 0.05066572 0.03096022 0.07586486
 0.01209053]
[0.02840801 0.07383653 0.1005609  0.04633489 0.05100241 0.06869599
 0.06082544 0.03180211 0.04633489 0.03463688 0.07299417 0.02551335
 0.05001203 0.0607871  0.04451691 0.06082544 0.02813371 0.09787489
 0.01690436]
[0.03867472 0.07115375 0.11362785 0.04908635 0.0657219  0.06542934
 0.04259422 0.03235723 0.04908635 0.04404663 0.07851763 0.02895793
 0.05522072 0.04810076 0.03884014 0.04259422 0.03217681 0.08120516
 0.02260832]
[0.02588173 0.07522892 0.12640946 0.05005781 0.06014074 0.07797174
 0.04717835 0.02445541 0.05005781 0.04069405 0.07151136 0.02284423
 0.04194821 0.06183185 0.04026781 0.04717835 0.03592129 0.08916728
 0.0112536 ]
[0.03531089 0.07005806 0.11805803 0.04867395 0.07276878 0.07410185
 0.04421014 0.02354076 0.04867395 0.04898046 0.07937444 0.02188736
 0.03294349 0.06754642 0.04201365 0.04421014 0.02714114 0.08672863
 0.01377793]
[0.04235755 0.06421011 0.09725719 0.05988749 0.04872474 0.06548048
 0.04620877 0.03537397 0.05988749 0.04666062 0.08033254 0.02468589
 0.05306445 0.05784035 0.04529868 0.04620877 0.03639164 0.06915614
 0.02097314]
[0.02840801 0.07383653 0.1005609  0.04633489 0.05100241 0.06869599
 0.06082544 0.03180211 0.04633489 0.03463688 0.07299417 0.02551335
 0.05001203 0.0607871  0.04451691 0.06082544 0.02813371 0.09787489
 0.01690436]
[0.02549087 0.08031486 0.13885653 0.04849634 0.05458369 0.0632375
 0.05271535 0.02521081 0.04849634 0.03619393 0.06907587 0.01949619
 0.04298191 0.06398182 0.05013365 0.05271535 0.02471589 0.08858547
 0.01471765]
[0.0274388  0.07737227 0.13829505 0.05150409 0.06255306 0.07356333
 0.03702148 0.01919152 0.05150409 0.0429528  0.09599631 0.02019614
 0.0347559  0.06535336 0.04888821 0.03702148 0.0191626  0.08629925
 0.0109303 ]
[0.02647181 0.07466597 0.13990493 0.04317965 0.05471412 0.06531078
 0.05196206 0.02116601 0.04317965 0.03413312 0.07358943 0.01776982
 0.03951087 0.06827009 0.05582793 0.05196206 0.02644166 0.09625786
 0.01568217]
[0.03161345 0.07845995 0.1482555  0.04326981 0.04768246 0.08337981
 0.04522702 0.02454772 0.04326981 0.03891293 0.0885461  0.01850745
 0.03463707 0.0713046  0.03790916 0.04522702 0.02693039 0.08039913
 0.01192057]
[0.02853969 0.07594971 0.14916316 0.0437474  0.0800006  0.06230253
 0.04125604 0.01891605 0.0437474  0.0405231  0.09950045 0.01441417
 0.03542711 0.05761734 0.04307339 0.04125604 0.03267242 0.07711108
 0.01478225]
[0.03597239 0.08478264 0.12370652 0.04765042 0.06829231 0.06017931
 0.05703753 0.02107379 0.04765042 0.04419655 0.0806658  0.02220344
 0.03849772 0.06714197 0.04026864 0.05703753 0.02498243 0.06824584
 0.01041474]
[0.03531089 0.07005806 0.11805803 0.04867395 0.07276878 0.07410185
 0.04421014 0.02354076 0.04867395 0.04898046 0.07937444 0.02188736
 0.03294349 0.06754642 0.04201365 0.04421014 0.02714114 0.08672863
 0.01377793]
[0.0374243  0.08436005 0.08532425 0.04530011 0.05953913 0.0741615
 0.04887126 0.02908084 0.04530011 0.04708634 0.07688151 0.01944097
 0.03317255 0.08168019 0.04318707 0.04887126 0.02619665 0.0937337
 0.02038823]
[0.03482633 0.07168511 0.10088907 0.05962483 0.05789001 0.05054042
 0.05652009 0.02266831 0.05962483 0.04399374 0.09256037 0.02348977
 0.03318762 0.06698248 0.04434717 0.05652009 0.03858878 0.06851874
 0.01754216]
[0.02517837 0.07275163 0.11231808 0.04705189 0.06490691 0.09931599
 0.0390902  0.02278937 0.04705189 0.05504818 0.09897733 0.0171464
 0.03399266 0.06313407 0.03644852 0.0390902  0.02361691 0.08813336
 0.01395799]]