11276
Test: public void test73() throws Throwable { MutableByte mutableByte0 = new MutableByte("0"); byte byte0 = mutableByte0.getAndIncrement(); }
Code: public byte getAndIncrement() { final byte last = value; value++; return last; }
[[0.06848247 0.10450995 0.09499417 0.08214321 0.05375902 0.10450995
 0.08197496 0.04250531 0.05410416 0.09499418 0.07423505 0.11661559
 0.02717193]
[0.06007841 0.10058792 0.09571552 0.09035381 0.04343334 0.10058792
 0.08182472 0.05184311 0.04585775 0.09571552 0.0697886  0.13151963
 0.03269377]
[0.05938986 0.09182958 0.10196118 0.07846721 0.0526946  0.09182958
 0.0942589  0.06049035 0.05031858 0.10196118 0.07166886 0.11733532
 0.0277948 ]
[0.06752899 0.09310579 0.0922844  0.10001136 0.06596464 0.09310579
 0.0817636  0.05583075 0.04326884 0.09228441 0.07883552 0.09938648
 0.03662942]
[0.06132176 0.09863727 0.10142387 0.09322412 0.03979246 0.09863727
 0.08799438 0.0476894  0.03726383 0.10142387 0.08888458 0.12477261
 0.01893464]
[0.06007841 0.10058792 0.09571552 0.09035381 0.04343334 0.10058792
 0.08182472 0.05184311 0.04585775 0.09571552 0.0697886  0.13151963
 0.03269377]
[0.05666437 0.10184406 0.10240187 0.09807104 0.05345083 0.10184406
 0.09246542 0.03790276 0.04169595 0.10240187 0.08889689 0.10078865
 0.02157225]
[0.0715111  0.08809745 0.10123889 0.07754649 0.06012531 0.08809745
 0.08592585 0.05836374 0.0523103  0.1012389  0.07788152 0.10339126
 0.03427177]
[0.05580513 0.10633376 0.09738372 0.08259105 0.04807694 0.10633376
 0.09317145 0.05145051 0.04928056 0.09738372 0.07443076 0.11829109
 0.01946755]
[0.05938986 0.09182958 0.10196118 0.07846721 0.0526946  0.09182958
 0.0942589  0.06049035 0.05031858 0.10196118 0.07166886 0.11733532
 0.0277948 ]
[0.05086806 0.09465538 0.10804008 0.08586927 0.04494212 0.09465538
 0.09222656 0.04890314 0.04453038 0.10804006 0.07618277 0.12686525
 0.02422148]
[0.05692359 0.10608299 0.09834073 0.10375407 0.04873571 0.10608299
 0.08575705 0.0387557  0.0466437  0.09834074 0.07360187 0.11146498
 0.02551588]
[0.04953617 0.09289369 0.09548154 0.11088538 0.04350163 0.09289369
 0.07926333 0.04300982 0.04822429 0.09548154 0.10344223 0.12073338
 0.02465337]]