148273
Test: public void test121() throws Throwable { Base64 base64_0 = new Base64(); int int0 = base64_0.avail(); }
Code: int avail() { return buffer != null ? pos - readPos : 0; }
[[0.02424422 0.0874052  0.08518254 0.05725115 0.09063233 0.02256811
 0.04493651 0.09530014 0.13974047 0.13288817 0.0874052  0.03995914
 0.07471011 0.01777674]
[0.02734142 0.07100533 0.07765384 0.05301091 0.09652774 0.03037118
 0.0462158  0.09341528 0.12224359 0.16631886 0.07100533 0.04299163
 0.07613461 0.02576447]
[0.02656003 0.07176594 0.09592827 0.06437079 0.08654433 0.04094528
 0.04523962 0.07034142 0.11351356 0.15874836 0.07176595 0.04700203
 0.07426006 0.03301436]
[0.02025838 0.06900565 0.07980206 0.05176634 0.09371796 0.02359016
 0.04268905 0.08978909 0.15938962 0.17341244 0.06900565 0.0358116
 0.07030836 0.02145358]
[0.03049539 0.08769398 0.09808641 0.05963662 0.09371444 0.03003193
 0.043219   0.07620043 0.09952378 0.1480346  0.08769399 0.04435571
 0.07491454 0.0263992 ]
[0.02110448 0.06615382 0.10592013 0.05445307 0.09053461 0.01750613
 0.03753421 0.10006744 0.12348285 0.18205944 0.06615383 0.02645434
 0.09088778 0.01768789]
[0.02531792 0.06716602 0.11369927 0.07316819 0.07291278 0.02567039
 0.04022703 0.09376846 0.13127983 0.1559313  0.06716601 0.03870577
 0.07799882 0.01698822]
[0.01622168 0.0582714  0.10497472 0.05372249 0.08656809 0.02610336
 0.03508953 0.07727131 0.17648558 0.17697011 0.0582714  0.04302784
 0.06758828 0.01943415]
[0.02176715 0.07597217 0.09635768 0.05958136 0.10101734 0.02044362
 0.03661144 0.07289418 0.1325223  0.18683887 0.07597217 0.03044993
 0.07254785 0.01702394]
[0.03178336 0.0766544  0.0913357  0.05674484 0.08532405 0.03928766
 0.05209673 0.0823852  0.13087608 0.12505329 0.07665439 0.03923642
 0.0859113  0.02665653]
[0.02734142 0.07100533 0.07765384 0.05301091 0.09652774 0.03037118
 0.0462158  0.09341528 0.12224359 0.16631886 0.07100533 0.04299163
 0.07613461 0.02576447]
[0.03239789 0.06385119 0.08887326 0.06702536 0.07758313 0.0341668
 0.05247179 0.11063004 0.11931917 0.14532907 0.06385119 0.03832561
 0.07623028 0.02994518]
[0.02730818 0.0699463  0.08890387 0.06149359 0.10334048 0.03205157
 0.03772373 0.07674546 0.1285657  0.14759141 0.0699463  0.04757053
 0.08525545 0.02355737]
[0.02810917 0.06896529 0.10377782 0.08411523 0.08693314 0.02824663
 0.04202644 0.09090273 0.09349509 0.16249792 0.06896529 0.03698317
 0.08300021 0.02198186]]