14321
Test: public void test64() throws Throwable { Integer integer0 = new Integer((-1)); Object object0 = new Object(); LinkedList<String> linkedList0 = new LinkedList<String>(); // Undeclared exception!  CompareToBuilder.reflectionCompare((Object) integer0, object0, (Collection<String>) linkedList0);   }
Code: public static int reflectionCompare(final Object lhs, final Object rhs) { return reflectionCompare(lhs, rhs, false, null); }
[[0.04704342 0.13885382 0.02995979 0.06526046 0.03629    0.08627348
 0.03762643 0.03629    0.12034157 0.06171432 0.05164805 0.06526046
 0.06526046 0.05181319 0.08654238 0.01982223]
[0.05277665 0.13721521 0.02771185 0.07155573 0.03598652 0.08779219
 0.03832361 0.03598652 0.09939003 0.08956239 0.04970674 0.07155573
 0.07155573 0.03947939 0.0668468  0.02455498]
[0.0303939  0.17734395 0.0228948  0.08052338 0.03093996 0.0881514
 0.04001289 0.03093996 0.10721138 0.06310987 0.04837377 0.08052338
 0.08052338 0.0319889  0.07286198 0.01420716]
[0.04241483 0.14400622 0.02778069 0.07140918 0.03256465 0.10236022
 0.03991276 0.03256465 0.10350253 0.06382956 0.05138979 0.07140918
 0.07140918 0.04286823 0.08064044 0.02193787]
[0.04806326 0.14016828 0.02256542 0.06337661 0.03376035 0.09521852
 0.03443328 0.03376035 0.10666578 0.09632875 0.05886392 0.06337661
 0.06337661 0.03724383 0.08471718 0.01808124]
[0.04661643 0.1129967  0.02733354 0.07905406 0.03149641 0.10735396
 0.03050881 0.03149641 0.10400183 0.08274969 0.05019445 0.07905406
 0.07905406 0.04312061 0.07257155 0.02239752]
[0.0464656  0.137984   0.02046955 0.07133518 0.0338693  0.09265038
 0.03106816 0.0338693  0.1172776  0.07923475 0.06758619 0.07133518
 0.07133518 0.037504   0.07241984 0.0155958 ]
[0.04806326 0.14016828 0.02256542 0.06337661 0.03376035 0.09521852
 0.03443328 0.03376035 0.10666578 0.09632875 0.05886392 0.06337661
 0.06337661 0.03724383 0.08471718 0.01808124]
[0.04891035 0.12558264 0.02525311 0.06870584 0.03408736 0.10407414
 0.04461877 0.03408736 0.11175719 0.05766152 0.0579812  0.06870584
 0.06870584 0.04413851 0.08636768 0.01936262]
[0.05463434 0.12599458 0.02651295 0.07312268 0.03253482 0.08411619
 0.05350582 0.03253482 0.09094223 0.08436716 0.06333065 0.07312268
 0.07312268 0.04516316 0.05669355 0.03030165]
[0.03432601 0.15189938 0.02130567 0.07066777 0.03219007 0.10082661
 0.03093177 0.03219007 0.1277991  0.06252616 0.05062234 0.07066777
 0.07066777 0.03903915 0.08697268 0.01736776]
[0.04241483 0.14400622 0.02778069 0.07140918 0.03256465 0.10236022
 0.03991276 0.03256465 0.10350253 0.06382956 0.05138979 0.07140918
 0.07140918 0.04286823 0.08064044 0.02193787]
[0.04241483 0.14400622 0.02778069 0.07140918 0.03256465 0.10236022
 0.03991276 0.03256465 0.10350253 0.06382956 0.05138979 0.07140918
 0.07140918 0.04286823 0.08064044 0.02193787]
[0.04200507 0.14748427 0.0236304  0.06296333 0.03362141 0.09070844
 0.03562843 0.03362141 0.12071298 0.09311842 0.06161722 0.06296333
 0.06296333 0.04164799 0.07346866 0.01384529]
[0.03544793 0.15361488 0.02571317 0.07085414 0.02686237 0.10905951
 0.03214774 0.02686237 0.11921935 0.07539325 0.06392087 0.07085414
 0.07085414 0.04153242 0.06463023 0.01303349]
[0.03495318 0.14126971 0.02669495 0.06626779 0.0350137  0.10828133
 0.0311888  0.0350137  0.10993311 0.08462286 0.07483436 0.06626779
 0.06626779 0.04452209 0.05640762 0.01846127]]