149846
Test: public void test15() throws Throwable { TelnetClient telnetClient0 = new TelnetClient(243); int[] intArray0 = new int[9]; // Undeclared exception!  telnetClient0.sendSubnegotiation(intArray0);   }
Code: public void sendSubnegotiation(final int[] message) throws IOException, IllegalArgumentException { if (message.length < 1) { throw new IllegalArgumentException("zero length message"); } _sendSubnegotiation(message); }
[[0.03321746 0.0270338  0.0460825  0.13332678 0.0460825  0.07772785
 0.06281994 0.05332395 0.04562142 0.08967158 0.0460825  0.02639272
 0.03272586 0.04562142 0.03342605 0.01666159 0.0460825  0.04264744
 0.02048186 0.01444391 0.0460825  0.01444391]
[0.02450283 0.02205107 0.0465997  0.17406638 0.0465997  0.08598861
 0.07331462 0.04674589 0.04574898 0.08199172 0.0465997  0.01775279
 0.02386722 0.04574898 0.02893912 0.01131981 0.04659971 0.04350305
 0.01386532 0.01379751 0.04659972 0.01379751]
[0.02757892 0.02423505 0.04624925 0.1334367  0.04624925 0.08913098
 0.08080104 0.05438035 0.04251119 0.06753729 0.04624925 0.02350016
 0.03817268 0.04251119 0.03255788 0.02085922 0.04624925 0.04233362
 0.02013847 0.01453453 0.04624926 0.01453453]
[0.0361619  0.02612344 0.042878   0.11303358 0.042878   0.08053364
 0.06674288 0.05908737 0.05129248 0.07374417 0.042878   0.02945749
 0.04425448 0.05129248 0.03281114 0.01753234 0.04287801 0.0535006
 0.02246849 0.01378677 0.04287801 0.01378677]
[0.02757892 0.02423505 0.04624925 0.1334367  0.04624925 0.08913098
 0.08080104 0.05438035 0.04251119 0.06753729 0.04624925 0.02350016
 0.03817268 0.04251119 0.03255788 0.02085922 0.04624925 0.04233362
 0.02013847 0.01453453 0.04624926 0.01453453]
[0.02219346 0.02162476 0.03824154 0.17976476 0.03824154 0.10712434
 0.0595559  0.05003281 0.0546435  0.0990621  0.03824154 0.01921847
 0.02944757 0.0546435  0.02667759 0.01153498 0.03824155 0.03779497
 0.01424841 0.01061258 0.03824155 0.01061258]
[0.02873849 0.02285266 0.04223559 0.11756688 0.04223559 0.07659397
 0.06002457 0.04826758 0.06408601 0.12220264 0.04223559 0.0232021
 0.02690228 0.06408601 0.02958012 0.01522158 0.04223559 0.04754338
 0.01475968 0.01359702 0.0422356  0.01359702]
[0.02200883 0.02044621 0.03709857 0.16058826 0.03709857 0.0900316
 0.0752917  0.05037071 0.05848629 0.0969518  0.03709857 0.02169609
 0.03722731 0.05848629 0.03206097 0.01256481 0.03709856 0.04023075
 0.01532449 0.01137049 0.03709857 0.01137049]
[0.03586996 0.03105382 0.04825121 0.09810568 0.04825121 0.06402837
 0.07206243 0.05167745 0.05484655 0.06215022 0.04825121 0.02821763
 0.04423695 0.05484655 0.03265209 0.02042283 0.04825121 0.04686924
 0.02212554 0.01978933 0.04825122 0.01978933]
[0.01828156 0.01407881 0.04104254 0.2190403  0.04104254 0.10641472
 0.09191465 0.04071764 0.04103874 0.10405265 0.04104254 0.01099783
 0.02295772 0.04103874 0.01800141 0.00717941 0.04104255 0.03898822
 0.00771957 0.00618265 0.04104255 0.00618265]
[0.02757892 0.02423505 0.04624925 0.1334367  0.04624925 0.08913098
 0.08080104 0.05438035 0.04251119 0.06753729 0.04624925 0.02350016
 0.03817268 0.04251119 0.03255788 0.02085922 0.04624925 0.04233362
 0.02013847 0.01453453 0.04624926 0.01453453]
[0.02711062 0.02439509 0.04372237 0.10502367 0.04372237 0.08758692
 0.08376966 0.04017761 0.05201286 0.0842003  0.04372237 0.02582337
 0.03843398 0.05201286 0.04427241 0.01741789 0.04372238 0.04550667
 0.02144778 0.01609825 0.04372238 0.01609825]
[0.02723139 0.02072463 0.03870122 0.16509485 0.03870122 0.09052752
 0.07586939 0.04753456 0.06481464 0.08751617 0.03870122 0.01542448
 0.03147995 0.06481464 0.02716906 0.01138604 0.03870122 0.04174704
 0.0169533  0.00910307 0.03870123 0.00910307]
[0.03586996 0.03105382 0.04825121 0.09810568 0.04825121 0.06402837
 0.07206243 0.05167745 0.05484655 0.06215022 0.04825121 0.02821763
 0.04423695 0.05484655 0.03265209 0.02042283 0.04825121 0.04686924
 0.02212554 0.01978933 0.04825122 0.01978933]
[0.02425009 0.01991577 0.03983029 0.1829543  0.03983029 0.07845198
 0.07912259 0.04594373 0.06156122 0.08388148 0.03983029 0.01903382
 0.0259648  0.06156122 0.02885395 0.01316949 0.03983029 0.04357599
 0.01218302 0.01021255 0.03983029 0.01021254]
[0.02849046 0.0259159  0.04344898 0.13278575 0.04344898 0.09660968
 0.06002761 0.04529931 0.05217714 0.09645791 0.04344898 0.02395154
 0.02723769 0.05217714 0.03165158 0.01845375 0.04344898 0.03848593
 0.02281418 0.01510972 0.04344899 0.01510972]
[0.02757892 0.02423505 0.04624925 0.1334367  0.04624925 0.08913098
 0.08080104 0.05438035 0.04251119 0.06753729 0.04624925 0.02350016
 0.03817268 0.04251119 0.03255788 0.02085922 0.04624925 0.04233362
 0.02013847 0.01453453 0.04624926 0.01453453]
[0.02960692 0.02386282 0.03979702 0.14708175 0.03979702 0.09687074
 0.07149558 0.04993391 0.05294775 0.099703   0.03979702 0.02141588
 0.0282901  0.05294775 0.02637205 0.01421049 0.03979702 0.04109145
 0.02337679 0.01090394 0.03979702 0.01090394]
[0.02508584 0.02261221 0.04553641 0.14017622 0.04553641 0.08852101
 0.0827705  0.05021933 0.04288426 0.09429586 0.04553641 0.01969626
 0.03556942 0.04288426 0.03030737 0.01486531 0.04553641 0.0415834
 0.01560691 0.01261992 0.04553641 0.01261991]
[0.0235875  0.02190252 0.04406827 0.1064973  0.04406827 0.09932017
 0.07073969 0.05811603 0.06086761 0.09108433 0.04406827 0.02017592
 0.02958266 0.06086761 0.03225624 0.01322137 0.04406827 0.04455593
 0.02071096 0.01308639 0.04406828 0.01308639]
[0.02757892 0.02423505 0.04624925 0.13343662 0.04624925 0.08913098
 0.08080104 0.05438035 0.04251119 0.06753729 0.04624925 0.02350016
 0.03817267 0.04251119 0.03255788 0.02085921 0.04624925 0.04233362
 0.02013846 0.01453453 0.04624925 0.01453453]
[0.0235875  0.02190253 0.04406827 0.1064973  0.04406827 0.09932017
 0.07073971 0.05811603 0.06086762 0.09108432 0.04406827 0.02017592
 0.02958267 0.06086762 0.03225624 0.01322137 0.04406827 0.04455593
 0.02071097 0.01308639 0.04406827 0.01308639]]