161519
Test: public void test3() throws Throwable { // Undeclared exception!  CallStackUtils.newCallStack("createSecurityManager", true);   }
Code: public static CallStack newCallStack(final String messageFormat, final boolean useTimestamp) { return newCallStack(messageFormat, useTimestamp, false); }
[[0.04725799 0.13253428 0.06555431 0.06555431 0.06138146 0.06555431
 0.03727336 0.12281054 0.06555431 0.05801692 0.0513922  0.06555431
 0.06555432 0.0769653  0.01904208]
[0.04503252 0.12177327 0.06047151 0.06047151 0.0669331  0.06047151
 0.03341524 0.13573381 0.0604715  0.08193579 0.04279097 0.0604715
 0.06047152 0.087465   0.02209117]
[0.03710493 0.12887076 0.06196672 0.06196672 0.06818362 0.06196672
 0.03572944 0.13967168 0.06196672 0.05861832 0.04502966 0.06196672
 0.06196672 0.09505495 0.0199363 ]
[0.03710493 0.12887076 0.06196672 0.06196672 0.06818362 0.06196672
 0.03572944 0.13967168 0.06196672 0.05861832 0.04502966 0.06196672
 0.06196672 0.09505495 0.0199363 ]
[0.04470383 0.13465446 0.06300784 0.06300784 0.05147355 0.06300784
 0.03443856 0.15009439 0.06300784 0.06719978 0.04532368 0.06300784
 0.06300785 0.07708379 0.01698088]
[0.03710493 0.12887076 0.06196672 0.06196672 0.06818362 0.06196672
 0.03572944 0.13967168 0.06196672 0.05861832 0.04502966 0.06196672
 0.06196672 0.09505495 0.0199363 ]
[0.04251198 0.12664326 0.06440996 0.06440996 0.06460922 0.06440996
 0.02856672 0.12097646 0.06440995 0.07382584 0.06187198 0.06440995
 0.06440996 0.08007238 0.01446239]
[0.03197402 0.11758351 0.06169736 0.06169736 0.06499315 0.06169736
 0.0297946  0.17209949 0.06169736 0.07624298 0.05154055 0.06169736
 0.06169738 0.07115649 0.01443106]
[0.03710493 0.12887076 0.06196672 0.06196672 0.06818362 0.06196672
 0.03572944 0.13967168 0.06196672 0.05861832 0.04502966 0.06196672
 0.06196672 0.09505495 0.0199363 ]
[0.0479552  0.1143661  0.06193661 0.06193661 0.06856091 0.06193661
 0.04716467 0.10328244 0.06193661 0.07909053 0.05493008 0.06193661
 0.06193662 0.08546068 0.02756971]
[0.03076924 0.14055713 0.06196283 0.06196283 0.06990506 0.06196283
 0.02810017 0.16490896 0.06196283 0.05887716 0.04489138 0.06196283
 0.06196284 0.07401389 0.01620006]
[0.03710493 0.12887076 0.06196672 0.06196672 0.06818362 0.06196672
 0.03572944 0.13967168 0.06196672 0.05861832 0.04502966 0.06196672
 0.06196672 0.09505495 0.0199363 ]
[0.03710494 0.12887076 0.06196672 0.06196672 0.06818362 0.06196672
 0.03572944 0.1396717  0.06196672 0.05861833 0.04502967 0.06196672
 0.06196672 0.09505496 0.01993631]
[0.04336606 0.1023273  0.06596428 0.06596428 0.06457773 0.06596428
 0.03169547 0.1278081  0.06596428 0.07377574 0.04887833 0.06596428
 0.06596429 0.09271783 0.01906774]
[0.0328116  0.14055757 0.06102372 0.06102372 0.06008501 0.06102372
 0.02980679 0.11308664 0.06102372 0.08627518 0.07222566 0.06102372
 0.06102373 0.08053733 0.01847193]]