164598
Test: public void test2() throws Throwable { InverseTransformParetoSampler inverseTransformParetoSampler0 = new InverseTransformParetoSampler((UniformRandomProvider) null, 1.0, 1.0); // Undeclared exception!  inverseTransformParetoSampler0.toString();   }
Code: public String toString() { return "[Inverse method for Pareto distribution " + rng.toString() + "]"; }
[[0.05540808 0.06969518 0.06651811 0.0840807  0.06223855 0.07687512
 0.05858165 0.05039866 0.07687512 0.06441611 0.08109934 0.04512796
 0.07687512 0.04512796 0.06084287 0.02583952]
[0.05671693 0.06345601 0.06980154 0.09590916 0.05875184 0.07759792
 0.06582284 0.05015727 0.07759792 0.06287873 0.07398408 0.04910645
 0.07759792 0.04910645 0.04794616 0.02356884]
[0.04338471 0.09716807 0.06182648 0.0889725  0.06598982 0.0744268
 0.06908993 0.04465471 0.0744268  0.05553147 0.0798972  0.04322227
 0.0744268  0.04322227 0.06095063 0.02280952]
[0.05507727 0.07497467 0.05170529 0.09674785 0.06231554 0.0684987
 0.0633417  0.05198977 0.0684987  0.06152756 0.07287298 0.05794591
 0.0684987  0.05794591 0.05525401 0.03280542]
[0.03944027 0.0802413  0.04937081 0.08367877 0.05613336 0.07541363
 0.06189099 0.06107161 0.07541363 0.06263322 0.095787   0.05483179
 0.07541363 0.05483179 0.0512496  0.02259859]
[0.04530388 0.07964842 0.0649095  0.08102787 0.05522928 0.07394873
 0.05502424 0.05893757 0.07394873 0.0567085  0.07778893 0.06336854
 0.07394873 0.06336854 0.04996284 0.02687567]
[0.03991729 0.07335728 0.06165685 0.10114277 0.06437156 0.07119495
 0.05886813 0.05240324 0.07119495 0.06916976 0.08777326 0.05014455
 0.07119495 0.05014455 0.0568141  0.0206518 ]
[0.05953616 0.0852374  0.04803806 0.12236299 0.06810196 0.07868007
 0.06390402 0.05306226 0.07868007 0.05745438 0.06469285 0.03773315
 0.07868007 0.03773315 0.04718916 0.01891432]
[0.04530388 0.07964842 0.0649095  0.08102787 0.05522928 0.07394873
 0.05502424 0.05893757 0.07394873 0.0567085  0.07778893 0.06336854
 0.07394873 0.06336854 0.04996284 0.02687567]
[0.04100212 0.08468267 0.07780711 0.12020043 0.07114303 0.07004789
 0.05079567 0.04636151 0.07004789 0.05407244 0.0789797  0.0445378
 0.07004789 0.0445378  0.04578548 0.02995062]
[0.0454067  0.10035186 0.07024271 0.11926891 0.06485532 0.07300712
 0.07013184 0.0433346  0.07300712 0.05397756 0.07197156 0.03411989
 0.07300712 0.03411989 0.05519228 0.01800545]
[0.05432325 0.08246886 0.06073065 0.08120491 0.06519747 0.07269727
 0.06948996 0.04772507 0.07269727 0.06411951 0.07578363 0.04701585
 0.07269727 0.04701585 0.05924691 0.02758626]
[0.04530388 0.07964842 0.0649095  0.08102787 0.05522928 0.07394873
 0.05502424 0.05893757 0.07394873 0.0567085  0.07778893 0.06336854
 0.07394873 0.06336854 0.04996284 0.02687567]
[0.05432325 0.08246886 0.06073065 0.08120491 0.06519747 0.07269727
 0.06948996 0.04772507 0.07269727 0.06411951 0.07578363 0.04701585
 0.07269727 0.04701585 0.05924691 0.02758626]
[0.04739479 0.08369365 0.06357402 0.09520773 0.06679681 0.07090699
 0.07419649 0.05858399 0.07090699 0.05350081 0.07934313 0.04529115
 0.07090699 0.04529115 0.05624931 0.01815598]
[0.03846642 0.07031436 0.06932943 0.11820649 0.08960535 0.0685863
 0.07498519 0.04651568 0.0685863  0.0488343  0.08284895 0.043195
 0.0685863  0.043195   0.04424004 0.02450479]]