90869
Test: public void test201() throws Throwable { InstConstraintVisitor instConstraintVisitor0 = new InstConstraintVisitor(); INVOKEDYNAMIC iNVOKEDYNAMIC0 = new INVOKEDYNAMIC(153); // Undeclared exception!  instConstraintVisitor0.visitINVOKEDYNAMIC(iNVOKEDYNAMIC0);   }
Code: public void visitINVOKEDYNAMIC(final INVOKEDYNAMIC o) { throw new UnsupportedOperationException("INVOKEDYNAMIC instruction is not supported at this time"); }
[[0.04826541 0.03912325 0.06695728 0.06695728 0.07518514 0.06502694
 0.04864593 0.02429664 0.06695728 0.06695728 0.10543469 0.0450072
 0.06695728 0.05625696 0.07030305 0.06695728 0.02071116]
[0.03840933 0.0346915  0.0728641  0.0728641  0.06917321 0.07228888
 0.04545306 0.01776735 0.0728641  0.0728641  0.10310592 0.03491292
 0.0728641  0.04585411 0.0793795  0.0728641  0.02177963]
[0.04032966 0.03617628 0.06723154 0.06723154 0.06836868 0.06437948
 0.04765449 0.03069624 0.06723154 0.06723154 0.11833369 0.03311346
 0.06723154 0.05847488 0.07723632 0.06723154 0.02184759]
[0.04032966 0.03617628 0.06723154 0.06723154 0.06836868 0.06437948
 0.04765449 0.03069624 0.06723154 0.06723154 0.11833369 0.03311346
 0.06723154 0.05847488 0.07723632 0.06723154 0.02184759]
[0.04339886 0.03546825 0.06321871 0.06321871 0.08310712 0.08427601
 0.05264231 0.02721248 0.06321871 0.06321871 0.10419813 0.03856226
 0.06321871 0.05314722 0.07337084 0.06321871 0.02530427]
[0.05171399 0.0454978  0.06585576 0.06585576 0.0656757  0.08738729
 0.04745761 0.028239   0.06585576 0.06585576 0.08017043 0.04912011
 0.06585576 0.05261399 0.0668539  0.06585576 0.03013561]
[0.04044661 0.03335835 0.06623368 0.06623368 0.06575131 0.1039933
 0.04818846 0.02191876 0.06623368 0.06623368 0.12539294 0.03541972
 0.06623368 0.04632333 0.06465967 0.06623368 0.01714549]
[0.04470076 0.04075801 0.06799543 0.06799543 0.07658082 0.08228083
 0.04956963 0.02890559 0.06799543 0.06799543 0.07615162 0.0341988
 0.06799543 0.055932   0.07915127 0.06799543 0.02379806]
[0.04032966 0.03617628 0.06723154 0.06723154 0.06836868 0.06437948
 0.04765449 0.03069624 0.06723154 0.06723154 0.11833369 0.03311346
 0.06723154 0.05847488 0.07723632 0.06723154 0.02184759]
[0.04032966 0.03617628 0.06723154 0.06723154 0.06836868 0.06437948
 0.04765449 0.03069624 0.06723154 0.06723154 0.11833369 0.03311346
 0.06723154 0.05847488 0.07723632 0.06723154 0.02184759]
[0.0508604  0.04271523 0.06478861 0.06478861 0.07771273 0.08008494
 0.05063155 0.0296839  0.06478861 0.06478861 0.09998453 0.0444482
 0.06478861 0.0594755  0.05470452 0.06478861 0.02096688]
[0.03745396 0.03855619 0.06348722 0.06348722 0.06929643 0.08521388
 0.04950707 0.02448514 0.06348722 0.06348722 0.12395117 0.03717419
 0.06348722 0.05466757 0.07572796 0.06348722 0.02304314]
[0.04032966 0.03617628 0.06723154 0.06723154 0.06836868 0.06437948
 0.04765449 0.03069624 0.06723154 0.06723154 0.11833369 0.03311346
 0.06723154 0.05847488 0.07723632 0.06723154 0.02184759]
[0.03754735 0.03304776 0.07372086 0.07372086 0.07788914 0.07226767
 0.03738912 0.02425798 0.07372086 0.07372086 0.10167146 0.0350996
 0.07372086 0.04846001 0.07262114 0.07372086 0.0174236 ]
[0.04724879 0.03326472 0.06458132 0.06458132 0.07193214 0.09526142
 0.04440032 0.02201304 0.06458132 0.06458132 0.11511317 0.03979824
 0.06458132 0.04764862 0.078467   0.06458132 0.01736469]
[0.04032966 0.03617628 0.06723154 0.06723154 0.06836868 0.06437948
 0.04765449 0.03069624 0.06723154 0.06723154 0.11833369 0.03311346
 0.06723154 0.05847488 0.07723632 0.06723154 0.02184759]
[0.03509901 0.03311484 0.06466081 0.06466081 0.07917918 0.09585352
 0.04912017 0.01970208 0.06466081 0.06466081 0.13978446 0.03909079
 0.06466081 0.04685155 0.05388469 0.06466081 0.02035481]]