34620
Test: public void test19() throws Throwable { JexlBuilder jexlBuilder0 = new JexlBuilder(); Engine engine0 = new Engine(jexlBuilder0); TemplateInterpreter.Arguments templateInterpreter_Arguments0 = new TemplateInterpreter.Arguments(engine0); TemplateInterpreter templateInterpreter0 = new TemplateInterpreter(templateInterpreter_Arguments0); Long long0 = new Long(0); Object object0 = templateInterpreter0.functionArgument(false, long0); }
Code: protected Object functionArgument(final boolean narrow, final Object arg) { return narrow && arg instanceof Number ? arithmetic.narrow((Number) arg) : arg; }
[[0.06053742 0.02297726 0.05278746 0.10946015 0.05278746 0.03008023
 0.02297726 0.05278746 0.06956548 0.04386802 0.05278746 0.02558931
 0.05020022 0.02151765 0.02251238 0.07064919 0.05278746 0.05278746
 0.02959428 0.08987633 0.01387001]
[0.06798279 0.02575466 0.04718662 0.13126433 0.04718662 0.02735277
 0.02575466 0.04718662 0.08515491 0.04579481 0.04718662 0.02507534
 0.04438578 0.02234818 0.02444519 0.06635618 0.04718662 0.04718662
 0.0287241  0.0810371  0.01544951]
[0.06805357 0.02543738 0.05207096 0.11387093 0.05207096 0.03180235
 0.02543738 0.05207096 0.05450548 0.03854597 0.05207096 0.02315959
 0.05339098 0.02790977 0.02800951 0.06977768 0.05207096 0.05207096
 0.03093906 0.07852042 0.01821423]
[0.06501302 0.02073786 0.05173283 0.13861197 0.05173283 0.02617171
 0.02073786 0.05173283 0.06935841 0.04519945 0.05173283 0.0186378
 0.04552819 0.01505083 0.02534183 0.06200723 0.05173283 0.05173283
 0.0205727  0.1037204  0.01291377]
[0.06805357 0.02543738 0.05207096 0.11387093 0.05207096 0.03180235
 0.02543738 0.05207096 0.05450548 0.03854597 0.05207096 0.02315959
 0.05339098 0.02790977 0.02800951 0.06977768 0.05207096 0.05207096
 0.03093906 0.07852042 0.01821423]
[0.04501012 0.02628043 0.05440549 0.10103392 0.05440549 0.02466748
 0.02628043 0.05440549 0.06474505 0.05314701 0.05440549 0.02812615
 0.04292629 0.02127284 0.02744505 0.06322267 0.05440549 0.05440549
 0.02916019 0.10763559 0.01261382]
[0.06798279 0.02575466 0.04718662 0.13126433 0.04718662 0.02735277
 0.02575466 0.04718662 0.08515491 0.04579481 0.04718662 0.02507534
 0.04438578 0.02234818 0.02444519 0.06635618 0.04718662 0.04718662
 0.0287241  0.0810371  0.01544951]
[0.06805357 0.02543738 0.05207096 0.11387093 0.05207096 0.03180235
 0.02543738 0.05207096 0.05450548 0.03854597 0.05207096 0.02315959
 0.05339098 0.02790977 0.02800951 0.06977768 0.05207096 0.05207096
 0.03093906 0.07852042 0.01821423]
[0.07338393 0.02438505 0.05065162 0.08216839 0.05065162 0.04046815
 0.02438505 0.05065162 0.07252884 0.04624624 0.05065162 0.03681533
 0.04824042 0.03097549 0.02575463 0.04914867 0.05065162 0.05065162
 0.03443148 0.08265395 0.02450466]
[0.06755656 0.0248463  0.05111225 0.12861417 0.05111225 0.02449433
 0.0248463  0.05111225 0.05401273 0.03770846 0.05111225 0.01878078
 0.06121504 0.01967894 0.02516109 0.06949294 0.05111225 0.05111225
 0.02498984 0.09726027 0.01466878]
[0.06805357 0.02543738 0.05207096 0.11387093 0.05207096 0.03180235
 0.02543738 0.05207096 0.05450548 0.03854597 0.05207096 0.02315959
 0.05339098 0.02790977 0.02800951 0.06977768 0.05207096 0.05207096
 0.03093906 0.07852042 0.01821423]
[0.06075511 0.02601119 0.05220938 0.13549612 0.05220938 0.02454203
 0.02601119 0.05220938 0.06087248 0.03681356 0.05220938 0.01995618
 0.04910239 0.02074308 0.02748877 0.05678817 0.05220939 0.05220939
 0.03041218 0.09245847 0.01929273]
[0.04467941 0.0245358  0.05219814 0.12772569 0.05219814 0.03068052
 0.0245358  0.05219814 0.05844965 0.05025906 0.05219814 0.02667607
 0.04630497 0.02385876 0.0284571  0.06767327 0.05219813 0.05219813
 0.02395339 0.09411062 0.01491111]
[0.0607274  0.0257804  0.04754686 0.11494784 0.04754686 0.02681419
 0.0257804  0.04754686 0.05206889 0.03734384 0.04754686 0.01737941
 0.06322324 0.01812943 0.02887558 0.08101904 0.04754686 0.04754686
 0.02736306 0.12004417 0.01522203]
[0.06180848 0.02518673 0.0530169  0.1015219  0.0530169  0.02743193
 0.02518673 0.0530169  0.06669941 0.05426837 0.0530169  0.02334863
 0.04645547 0.02137449 0.02533299 0.07623946 0.05301691 0.05301691
 0.03036219 0.08177059 0.01491119]
[0.05440953 0.02284294 0.04926227 0.13303982 0.04926227 0.02464083
 0.02284294 0.04926227 0.07912493 0.04387483 0.04926227 0.02067798
 0.04298904 0.01523989 0.03014548 0.06851046 0.04926226 0.04926226
 0.03339253 0.09781715 0.01487802]
[0.06805357 0.02543738 0.05207096 0.11387093 0.05207096 0.03180235
 0.02543738 0.05207096 0.05450548 0.03854597 0.05207096 0.02315959
 0.05339098 0.02790977 0.02800951 0.06977768 0.05207096 0.05207096
 0.03093906 0.07852042 0.01821423]
[0.06805357 0.02543738 0.05207096 0.11387093 0.05207096 0.03180235
 0.02543738 0.05207096 0.05450548 0.03854597 0.05207096 0.02315959
 0.05339098 0.02790977 0.02800951 0.06977768 0.05207096 0.05207096
 0.03093906 0.07852042 0.01821423]
[0.05187788 0.02677748 0.04902407 0.10255712 0.04902407 0.02934766
 0.02677748 0.04902407 0.06567988 0.05112234 0.04902407 0.03685541
 0.05552931 0.02120998 0.02077018 0.08726245 0.04902406 0.04902406
 0.02870278 0.07901744 0.0223682 ]
[0.07902105 0.02836632 0.04898899 0.10287288 0.04898899 0.02444725
 0.02836632 0.04898899 0.06359147 0.03973346 0.04898899 0.02288339
 0.04935307 0.02054293 0.03353726 0.06335146 0.04898899 0.04898899
 0.03617616 0.10104379 0.01277925]
[0.05742962 0.02864357 0.05005368 0.09132902 0.05005368 0.02526212
 0.02864357 0.05005368 0.07701994 0.06172387 0.05005368 0.02424764
 0.03548294 0.01933378 0.02100956 0.06565388 0.05005368 0.05005368
 0.02730734 0.12033746 0.01625365]]