62652
Test: public void test1() throws Throwable { UTCProvider uTCProvider0 = new UTCProvider(); DateTimeZone dateTimeZone0 = uTCProvider0.getZone("uta"); }
Code: public DateTimeZone getZone(String id) { if ("UTC".equalsIgnoreCase(id)) { return DateTimeZone.UTC; } return null; }
[[0.0563755  0.06416254 0.07820048 0.07820048 0.06789281 0.15121624
 0.07820048 0.06789281 0.06114464 0.07130252 0.02242766 0.06114464
 0.11941157 0.02242765]
[0.04801172 0.06929314 0.075663   0.075663   0.07968865 0.15555987
 0.075663   0.07968865 0.05957859 0.05718743 0.0172975  0.05957859
 0.12982936 0.0172975 ]
[0.04774819 0.06964198 0.08074605 0.08074605 0.06987818 0.11599021
 0.08074605 0.06987818 0.05779949 0.05552028 0.02416651 0.05779949
 0.16517283 0.0241665 ]
[0.04774819 0.06964198 0.08074605 0.08074605 0.06987818 0.11599021
 0.08074605 0.06987818 0.05779949 0.05552028 0.02416651 0.05779949
 0.16517283 0.0241665 ]
[0.05732724 0.05692788 0.07762143 0.07762143 0.08651984 0.09947765
 0.07762143 0.08651984 0.06671431 0.05825998 0.03140799 0.06671431
 0.12585863 0.03140799]
[0.03569749 0.05367716 0.08665994 0.08665994 0.06611477 0.1979394
 0.08665994 0.06611477 0.0464609  0.06603909 0.01048333 0.0464609
 0.14054905 0.01048333]
[0.04774819 0.06964198 0.08074605 0.08074605 0.06987818 0.11599021
 0.08074605 0.06987818 0.05779949 0.05552028 0.02416651 0.05779949
 0.16517283 0.0241665 ]
[0.05732724 0.05692788 0.07762143 0.07762143 0.08651984 0.09947765
 0.07762143 0.08651984 0.06671431 0.05825998 0.03140799 0.06671431
 0.12585863 0.03140799]
[0.03878758 0.05919432 0.08039046 0.08039046 0.06955281 0.16402358
 0.08039046 0.06955281 0.05739086 0.05679309 0.01937946 0.05739086
 0.14738372 0.01937946]
[0.03954283 0.05817091 0.08597709 0.08597709 0.08011831 0.16681549
 0.08597709 0.08011831 0.06248412 0.05571552 0.01383837 0.06248412
 0.10894241 0.01383837]
[0.03734248 0.05937741 0.07214312 0.07214312 0.08263691 0.14118867
 0.07214312 0.08263691 0.07770363 0.06136168 0.01842558 0.07770363
 0.12676813 0.01842558]
[0.03878758 0.05919432 0.08039046 0.08039046 0.06955281 0.16402358
 0.08039046 0.06955281 0.05739086 0.05679309 0.01937946 0.05739086
 0.14738372 0.01937946]
[0.0544882  0.06926329 0.08903487 0.08903487 0.0652879  0.14848426
 0.08903487 0.0652879  0.06188542 0.06226958 0.02136667 0.06188542
 0.10131004 0.02136666]
[0.03734248 0.05937741 0.07214312 0.07214312 0.08263693 0.14118867
 0.07214312 0.08263693 0.07770364 0.06136169 0.01842558 0.07770364
 0.12676814 0.01842558]]