149314
Test: public void test47() throws Throwable { Article article0 = new Article(); article0.messageThreadId(); article0.setArticleId((String) null); article0.getReferences(); Article article1 = article0.next; int int0 = 1; MockFileOutputStream mockFileOutputStream0 = null;  mockFileOutputStream0 = new MockFileOutputStream((String) null);   }
Code: public String[] getReferences() { if (references == null) { return NetConstants.EMPTY_STRING_ARRAY; } return references.toArray(NetConstants.EMPTY_STRING_ARRAY); }
[[0.05738891 0.03136744 0.07960866 0.07167357 0.15419531 0.07960866
 0.0919034  0.03146114 0.07167356 0.06255998 0.07960866 0.023391
 0.06255999 0.07960868 0.023391  ]
[0.04468768 0.02155957 0.08285174 0.07573994 0.15669367 0.08285174
 0.09684018 0.02334958 0.07573995 0.06696053 0.08285174 0.02003072
 0.06696054 0.08285175 0.02003072]
[0.0503814  0.02951812 0.08481411 0.07585981 0.12292363 0.08481411
 0.09625833 0.03571721 0.07585981 0.06104316 0.08481411 0.02606946
 0.06104318 0.08481412 0.02606946]
[0.05890796 0.03738585 0.07846259 0.09181833 0.10183743 0.07846259
 0.0636988  0.03866371 0.09181833 0.06817321 0.0784626  0.03283635
 0.06817321 0.07846261 0.03283635]
[0.03827666 0.0139176  0.08981632 0.07756963 0.2147362  0.08981632
 0.07950801 0.01469161 0.07756961 0.05023492 0.08981635 0.01199776
 0.05023493 0.08981635 0.01199776]
[0.0503814  0.02951812 0.08481411 0.07585981 0.12292363 0.08481411
 0.09625833 0.03571721 0.07585981 0.06104316 0.08481411 0.02606946
 0.06104318 0.08481412 0.02606946]
[0.03847094 0.02018945 0.06553792 0.09044434 0.21295328 0.06553792
 0.09685712 0.02514086 0.09044437 0.06273256 0.06553793 0.0189414
 0.06273256 0.06553793 0.0189414 ]
[0.04268844 0.02083375 0.07955696 0.09140818 0.19507766 0.07955696
 0.08122745 0.02698394 0.09140819 0.05167961 0.07955696 0.01439266
 0.05167963 0.07955697 0.01439266]
[0.05890796 0.03738585 0.07846259 0.09181833 0.10183743 0.07846259
 0.0636988  0.03866371 0.09181833 0.06817321 0.0784626  0.03283635
 0.06817321 0.07846261 0.03283635]
[0.04111363 0.02626273 0.08489884 0.07436357 0.17344713 0.08489884
 0.08328288 0.02475664 0.07436357 0.06072275 0.08489884 0.02068449
 0.06072275 0.08489884 0.02068449]
[0.0503814  0.02951812 0.08481411 0.07585981 0.12292363 0.08481411
 0.09625833 0.03571721 0.07585981 0.06104316 0.08481411 0.02606946
 0.06104318 0.08481412 0.02606946]
[0.03942376 0.02091451 0.07503864 0.09374206 0.15048371 0.07503864
 0.06767488 0.02496229 0.09374208 0.08391318 0.07503864 0.0205379
 0.08391319 0.07503866 0.0205379 ]
[0.04111363 0.02626273 0.08489884 0.07436357 0.17344713 0.08489884
 0.08328287 0.02475664 0.07436357 0.06072275 0.08489884 0.02068449
 0.06072275 0.08489884 0.02068449]
[0.05038141 0.02951812 0.08481411 0.07585982 0.12292364 0.08481411
 0.09625831 0.03571722 0.07585982 0.06104317 0.08481411 0.02606947
 0.06104317 0.08481412 0.02606947]
[0.03942376 0.02091452 0.07503864 0.09374207 0.1504837  0.07503864
 0.06767487 0.02496229 0.09374207 0.08391318 0.07503864 0.0205379
 0.08391319 0.07503866 0.0205379 ]]