77762
Test: public void test11() throws Throwable { IINC iINC0 = new IINC(2926, 10); String string0 = iINC0.toString(true); }
Code: public String toString( final boolean verbose ) { return super.toString(verbose) + " " + c; }
[[0.05194202 0.06575043 0.07206337 0.04256602 0.12292267 0.0352109
 0.09642402 0.07588771 0.05798293 0.07206337 0.04223797 0.07811722
 0.07811722 0.04223797 0.04289486 0.02358133]
[0.05181614 0.05837788 0.07140552 0.04124543 0.16206363 0.03050527
 0.09169066 0.08529009 0.0534019  0.07140552 0.04483161 0.06880269
 0.06880269 0.04483161 0.0344403  0.02108904]
[0.04063947 0.07293016 0.06703908 0.04047643 0.14752308 0.0299393
 0.09998889 0.06879344 0.04944026 0.06703908 0.05628505 0.07189652
 0.07189652 0.05628505 0.036762   0.02306569]
[0.04936377 0.075489   0.07524665 0.03309527 0.1419249  0.0312011
 0.10274273 0.08501483 0.07182465 0.07524665 0.04799756 0.05608393
 0.05608393 0.04799756 0.03399719 0.01669026]
[0.03868913 0.07591714 0.07376447 0.03734462 0.19751358 0.0260648
 0.09840539 0.09901989 0.06449383 0.07376447 0.02589335 0.05847034
 0.05847034 0.02589335 0.0278634  0.01843192]
[0.03553515 0.06373073 0.07360774 0.03416958 0.14666092 0.02886108
 0.10910547 0.0808798  0.04990858 0.07360774 0.04229342 0.08396035
 0.08396035 0.04229342 0.03069928 0.02072648]
[0.04663622 0.06895871 0.06127262 0.04525832 0.15038921 0.03153031
 0.07935742 0.10175237 0.05392756 0.06127262 0.04818514 0.06775211
 0.06775211 0.04818514 0.04263943 0.02513067]
[0.0515541  0.07294657 0.06605334 0.05075156 0.10960028 0.03221831
 0.0877489  0.08621757 0.05889671 0.06605334 0.05400781 0.07044913
 0.07044913 0.05400781 0.03917669 0.02986878]
[0.0348118  0.07279798 0.0674088  0.03252006 0.16840298 0.02480544
 0.08982627 0.07212864 0.04984278 0.0674088  0.04829004 0.08672848
 0.08672848 0.04829004 0.03044916 0.01956022]
[0.04063947 0.07293016 0.06703908 0.04047643 0.14752308 0.0299393
 0.09998889 0.06879344 0.04944026 0.06703908 0.05628505 0.07189652
 0.07189652 0.05628505 0.036762   0.02306569]
[0.05102792 0.0815478  0.07049686 0.04651877 0.1302415  0.03571459
 0.08490055 0.0705639  0.06003802 0.07049686 0.04295858 0.07339408
 0.07339408 0.04295858 0.04137143 0.02437649]
[0.04095787 0.09199012 0.0663811  0.04115735 0.16418272 0.02470167
 0.10166495 0.10252915 0.05771752 0.0663811  0.03041536 0.06661029
 0.06661029 0.03041536 0.03264016 0.01564497]
[0.04095787 0.09199012 0.0663811  0.04115735 0.16418272 0.02470167
 0.10166495 0.10252915 0.05771752 0.0663811  0.03041536 0.06661029
 0.06661029 0.03041536 0.03264016 0.01564497]
[0.05102792 0.0815478  0.07049686 0.04651877 0.1302415  0.03571459
 0.08490055 0.0705639  0.06003802 0.07049686 0.04295858 0.07339408
 0.07339408 0.04295858 0.04137143 0.02437649]
[0.04100009 0.09296148 0.06826497 0.03990359 0.15843673 0.02102059
 0.08276769 0.08428637 0.05825156 0.06826497 0.03633632 0.08173202
 0.08173202 0.03633632 0.02834304 0.02036229]
[0.0362049  0.06623575 0.06585276 0.03355142 0.11960243 0.02321866
 0.10569567 0.103756   0.08216903 0.06585276 0.04024833 0.08120634
 0.08120634 0.04024833 0.03313977 0.02181148]]