160738
Test: public void test20() throws Throwable { DefaultPooledObject<Object> defaultPooledObject0 = new DefaultPooledObject<Object>((Object) null); DefaultPooledObjectInfo defaultPooledObjectInfo0 = new DefaultPooledObjectInfo(defaultPooledObject0); // Undeclared exception!  defaultPooledObjectInfo0.toString();   }
Code: public String toString() { final StringBuilder builder = new StringBuilder(); builder.append("DefaultPooledObjectInfo [pooledObject="); builder.append(pooledObject); builder.append("]"); return builder.toString(); }
[[0.05237138 0.06663024 0.06610638 0.0741381  0.04260445 0.05294027
 0.05819668 0.03322813 0.0261164  0.08295915 0.0726568  0.0726568
 0.0726568  0.0726568  0.05816866 0.0726568  0.0232562 ]
[0.05068251 0.05726787 0.06470205 0.08246151 0.04017032 0.07041562
 0.05998655 0.03406321 0.02171429 0.09569586 0.07005496 0.07005496
 0.07005496 0.07005496 0.05212075 0.07005496 0.02044466]
[0.03861699 0.08869263 0.05704022 0.07738157 0.03841608 0.04618202
 0.06292603 0.03359798 0.02171304 0.12076254 0.06722353 0.06722353
 0.06722353 0.06722353 0.05863046 0.06722353 0.01992275]
[0.0503993  0.06880303 0.04749059 0.08822268 0.04977104 0.06593716
 0.06557541 0.04228324 0.02707816 0.09332617 0.06281811 0.06281811
 0.06281811 0.06281811 0.05706303 0.06281811 0.02995965]
[0.04930058 0.07236765 0.0540383  0.08950783 0.03354333 0.05165753
 0.05773906 0.03805558 0.02152392 0.08208724 0.07219663 0.07219663
 0.07219663 0.07219663 0.07185869 0.07219663 0.01733724]
[0.04749072 0.06649419 0.05659328 0.10335942 0.04037455 0.06165106
 0.07205408 0.03406136 0.02411093 0.09039307 0.06304181 0.06304181
 0.06304181 0.06304181 0.06194445 0.06304181 0.02626384]
[0.0497758  0.09931339 0.06289432 0.07580037 0.04670852 0.06880414
 0.05120941 0.03671356 0.03026372 0.09654913 0.05908517 0.05908517
 0.05908517 0.05908517 0.06010316 0.05908517 0.02643859]
[0.05367949 0.06340206 0.04291006 0.06224185 0.04527339 0.05931273
 0.06137024 0.04497125 0.02535061 0.07615777 0.07588123 0.07588123
 0.07588123 0.07588123 0.05922633 0.07588123 0.02669808]
[0.04412533 0.07448576 0.06607101 0.08591831 0.03580117 0.05074545
 0.06319698 0.03479703 0.02799372 0.10435763 0.06514764 0.06514764
 0.06514764 0.06514764 0.06224745 0.06514764 0.02452189]
[0.04504975 0.06069325 0.05547109 0.09701321 0.0411035  0.06462514
 0.05517637 0.03295377 0.0211127  0.08511601 0.0709043  0.0709043
 0.0709043  0.0709043  0.06828547 0.0709043  0.01887818]
[0.04024748 0.07182612 0.05977266 0.0691817  0.04039379 0.07722046
 0.05849007 0.04440106 0.03106388 0.10427569 0.06620219 0.06620219
 0.06620219 0.06620219 0.04899114 0.06620219 0.02312505]
[0.04024748 0.07182612 0.05977266 0.0691817  0.04039379 0.07722046
 0.05849007 0.04440106 0.03106388 0.10427569 0.06620219 0.06620219
 0.06620219 0.06620219 0.04899114 0.06620219 0.02312505]
[0.04024748 0.07182612 0.05977266 0.0691817  0.04039379 0.07722046
 0.05849007 0.04440106 0.03106388 0.10427569 0.06620219 0.06620219
 0.06620219 0.06620219 0.04899114 0.06620219 0.02312505]
[0.04024748 0.07182612 0.05977266 0.0691817  0.04039379 0.07722046
 0.05849007 0.04440106 0.03106388 0.10427569 0.06620219 0.06620219
 0.06620219 0.06620219 0.04899114 0.06620219 0.02312505]
[0.03657484 0.07592853 0.0470653  0.0762693  0.03423139 0.06212176
 0.05896335 0.03604808 0.02154501 0.12538724 0.07058443 0.07058443
 0.07058443 0.07058443 0.05228336 0.07058443 0.02065975]
[0.04024748 0.07182612 0.05977266 0.0691817  0.04039379 0.07722046
 0.05849007 0.04440106 0.03106388 0.10427569 0.06620219 0.06620219
 0.06620219 0.06620219 0.04899114 0.06620219 0.02312505]
[0.03620449 0.06621452 0.06695239 0.10653278 0.03376594 0.05827968
 0.06489146 0.03420327 0.02036356 0.08049068 0.065371   0.065371
 0.065371   0.065371   0.0829711  0.065371   0.02227514]]