10316
Test: public void test100() throws Throwable { MockGregorianCalendar mockGregorianCalendar0 = new MockGregorianCalendar(4124, 1, 4124); boolean boolean0 = ObjectUtils.notEqual((Object) null, mockGregorianCalendar0); }
Code: public static boolean notEqual(final Object object1, final Object object2) { return !equals(object1, object2); }
[[0.05411007 0.15573366 0.13834926 0.0750614  0.04169327 0.0750614
 0.04297829 0.04169327 0.07506141 0.06870821 0.05912521 0.07506141
 0.07506141 0.02230174]
[0.05305004 0.14460798 0.15884346 0.07109395 0.03690062 0.07109395
 0.03954034 0.03690062 0.07109394 0.09788038 0.05050237 0.07109394
 0.07109395 0.02630453]
[0.03758508 0.13876906 0.20150237 0.07245825 0.02841362 0.07245825
 0.03511939 0.02841362 0.07245825 0.09012612 0.06074372 0.07245825
 0.07245827 0.01703573]
[0.04450107 0.15616879 0.16567463 0.07403868 0.03496844 0.07403868
 0.04330415 0.03496844 0.07403868 0.07184999 0.05404627 0.07403868
 0.0740387  0.02432482]
[0.04994095 0.14904219 0.18615833 0.06437293 0.03469978 0.06437293
 0.03610808 0.03469978 0.06437293 0.10671835 0.06108952 0.06437293
 0.06437294 0.01967837]
[0.04450107 0.15616879 0.16567463 0.07403868 0.03496844 0.07403868
 0.04330415 0.03496844 0.07403868 0.07184999 0.05404627 0.07403868
 0.0740387  0.02432482]
[0.05011938 0.14969595 0.13996695 0.07510105 0.03616948 0.07510105
 0.03381727 0.03616948 0.07510105 0.08833747 0.07297939 0.07510105
 0.07510106 0.0172393 ]
[0.04994095 0.14904219 0.18615833 0.06437293 0.03469978 0.06437293
 0.03610808 0.03469978 0.06437293 0.10671835 0.06108952 0.06437293
 0.06437294 0.01967837]
[0.04450107 0.15616879 0.16567463 0.07403868 0.03496844 0.07403868
 0.04330415 0.03496844 0.07403868 0.07184999 0.05404627 0.07403868
 0.0740387  0.02432482]
[0.05703162 0.13618478 0.12255328 0.07355645 0.0339641  0.07355645
 0.05610063 0.0339641  0.07355646 0.09429044 0.06529651 0.07355646
 0.07355647 0.03283231]
[0.03611075 0.16491464 0.19362834 0.07273307 0.03397021 0.07273307
 0.03297468 0.03397021 0.07273307 0.06907045 0.05268924 0.07273307
 0.07273308 0.01900618]
[0.04450107 0.15616879 0.16567463 0.07403868 0.03496844 0.07403868
 0.04330415 0.03496844 0.07403868 0.07184999 0.05404627 0.07403868
 0.0740387  0.02432482]
[0.04450107 0.15616879 0.16567463 0.07403868 0.03496845 0.07403868
 0.04330415 0.03496845 0.07403868 0.07185    0.05404627 0.07403868
 0.07403868 0.02432483]
[0.03784874 0.16331275 0.12983418 0.07021645 0.03892228 0.07021645
 0.03446103 0.03892228 0.07021645 0.10053314 0.08360642 0.07021645
 0.07021647 0.02147689]]