10017
Test: public void test21() throws Throwable { // Undeclared exception!  Range.is((String) null);   }
Code: public static <T extends Comparable<T>> Range<T> is(final T element) { return between(element, element, null); }
[[0.05281991 0.15472701 0.05243041 0.0355496  0.07327318 0.07327318
 0.07327318 0.03470729 0.05700883 0.06861884 0.05790677 0.07327318
 0.07327319 0.09775657 0.02210888]
[0.05665754 0.15193236 0.03753583 0.03700674 0.07624107 0.07624107
 0.07624107 0.0310299  0.05157875 0.10158708 0.05373455 0.07624106
 0.07624108 0.07024784 0.02748405]
[0.03865248 0.18225665 0.05205617 0.04365879 0.08021042 0.08021042
 0.08021042 0.02211762 0.04928486 0.07260023 0.05611829 0.08021041
 0.08021042 0.06627228 0.01593059]
[0.05058756 0.1249584  0.04132499 0.03817575 0.08245679 0.08245679
 0.08245679 0.03273009 0.0476514  0.08938466 0.06459334 0.08245678
 0.0824568  0.07278549 0.02552437]
[0.04563813 0.15835652 0.04233991 0.04765175 0.0762438  0.0762438
 0.0762438  0.0297584  0.05847191 0.07195371 0.05538151 0.0762438
 0.0762438  0.08474699 0.0244822 ]
[0.04563813 0.15835652 0.04233991 0.04765175 0.0762438  0.0762438
 0.0762438  0.0297584  0.05847191 0.07195371 0.05538151 0.0762438
 0.0762438  0.08474699 0.0244822 ]
[0.04563813 0.15835652 0.04233991 0.04765175 0.0762438  0.0762438
 0.0762438  0.0297584  0.05847191 0.07195371 0.05538151 0.0762438
 0.0762438  0.08474699 0.0244822 ]
[0.04805646 0.12984034 0.05497001 0.03912607 0.07837968 0.07837968
 0.07837968 0.0277324  0.07060326 0.07392485 0.0557822  0.07837968
 0.07837969 0.08710436 0.02096168]
[0.05372941 0.13128282 0.0519269  0.04398358 0.07939509 0.07939509
 0.07939509 0.0266952  0.0581223  0.09258588 0.05266467 0.07939509
 0.07939509 0.07085738 0.02117641]
[0.0570486  0.13457787 0.0497211  0.04909736 0.07455894 0.07455894
 0.07455894 0.0304499  0.05859762 0.09211989 0.06560326 0.07455895
 0.07455896 0.05757198 0.03241763]
[0.03669658 0.16409235 0.06006895 0.04730772 0.07501276 0.07501276
 0.07501276 0.02079793 0.06371419 0.06794004 0.0539303  0.07501276
 0.07501277 0.09157623 0.01881188]
[0.04563813 0.15835652 0.04233991 0.04765175 0.0762438  0.0762438
 0.0762438  0.0297584  0.05847191 0.07195371 0.05538151 0.0762438
 0.0762438  0.08474699 0.0244822 ]
[0.04563814 0.15835652 0.04233991 0.04765175 0.0762438  0.0762438
 0.0762438  0.0297584  0.05847191 0.07195371 0.05538152 0.0762438
 0.0762438  0.08474699 0.0244822 ]
[0.03867464 0.16740105 0.05827003 0.03545835 0.07736687 0.07736687
 0.07736687 0.02283674 0.05390183 0.08204409 0.0697212  0.07736687
 0.07736689 0.07065233 0.01420537]
[0.03830176 0.16034007 0.05298327 0.0453309  0.07179124 0.07179124
 0.07179124 0.02698097 0.05398851 0.0974953  0.08338116 0.07179124
 0.07179125 0.06121621 0.0210257 ]]