7931
Test: public void test30() throws Throwable { boolean boolean0 = StringUtils.hasLength((CharSequence) null); }
Code: public static boolean hasLength(CharSequence str) { return (str != null && str.length() > 0); }
[[0.04887922 0.14697967 0.12138708 0.06780863 0.04567587 0.06567192
 0.05385488 0.08987386 0.02674696 0.05560538 0.03136542 0.08613206
 0.08281046 0.05627379 0.02093474]
[0.04672463 0.128736   0.13865003 0.06244637 0.0448624  0.08782031
 0.0445911  0.09272651 0.03214616 0.04334248 0.03405442 0.08257169
 0.07862907 0.05919801 0.02350082]
[0.03712753 0.14156088 0.1925559  0.07103729 0.03413501 0.09312267
 0.06129257 0.07445148 0.01869851 0.04379313 0.02531351 0.07319444
 0.06582362 0.05047799 0.01741541]
[0.03984332 0.14604223 0.14123598 0.06520844 0.05131544 0.07030565
 0.04854717 0.08236979 0.02765292 0.04248568 0.02919602 0.08603842
 0.08769556 0.05868318 0.02338018]
[0.03449676 0.15757918 0.15766294 0.06311756 0.04014466 0.08458241
 0.06079093 0.08318862 0.02227298 0.04385515 0.02937442 0.0807898
 0.07592826 0.05246939 0.01374695]
[0.05094743 0.11924493 0.11335021 0.06714475 0.05306686 0.08101311
 0.05875118 0.08542202 0.03594523 0.04170392 0.04431581 0.09871984
 0.07314764 0.04851858 0.02870841]
[0.03360502 0.15718417 0.17232044 0.06651871 0.04809674 0.06666713
 0.04862308 0.07712089 0.02084252 0.04197809 0.02368488 0.09600885
 0.07622699 0.05290157 0.01822092]
[0.03474226 0.14362684 0.13621518 0.05952027 0.04736429 0.08024894
 0.05664624 0.07681733 0.02068861 0.04895114 0.02964796 0.08637076
 0.08892804 0.06920365 0.02102845]
[0.03590894 0.2196474  0.15935954 0.06261566 0.03845419 0.07887558
 0.04897926 0.07448082 0.0148751  0.03810059 0.02182766 0.08505519
 0.05929484 0.04826065 0.01426456]
[0.0424396  0.12362663 0.11200951 0.06442256 0.04788262 0.10370525
 0.06930326 0.07714078 0.02410373 0.03878845 0.03330775 0.09497336
 0.09312881 0.05949314 0.01567449]
[0.03726779 0.14293846 0.17551602 0.06761892 0.03854684 0.07881702
 0.04767575 0.09284464 0.02546206 0.04373771 0.02584245 0.07504052
 0.07364535 0.05006565 0.02498084]
[0.04677179 0.12664236 0.13267504 0.07305372 0.04722042 0.07530887
 0.04769157 0.09084581 0.02843965 0.04463743 0.03859871 0.09437016
 0.08126657 0.04728293 0.02519501]
[0.05137458 0.15971228 0.14010547 0.06791021 0.05108008 0.07161254
 0.05795202 0.0639829  0.02404073 0.041076   0.02990322 0.06956241
 0.09894688 0.05616235 0.01657828]
[0.04082479 0.16452815 0.1409535  0.06794272 0.04229885 0.07993331
 0.05608803 0.08858953 0.02268502 0.03817401 0.0226467  0.08332223
 0.07906748 0.05665457 0.01629115]
[0.03361019 0.14490685 0.11535544 0.0623706  0.04321098 0.08917402
 0.0742145  0.09830105 0.02486614 0.03792243 0.02910979 0.09945452
 0.07612513 0.0523234  0.01905494]]