31483
Test: public void test43() throws Throwable { RoundingMode roundingMode0 = RoundingMode.UNNECESSARY; // Undeclared exception!  MathUtil.divide(3412, 211, roundingMode0);   }
Code: public static int divide(int p, int q, RoundingMode mode) { return IntMath.divide(p, q, mode); }
[[0.05144223 0.13646035 0.03450654 0.07135424 0.07795309 0.03450654
 0.08112693 0.07135424 0.08363423 0.05868519 0.0553906  0.07135424
 0.08112694 0.07135425 0.01975038]
[0.05175996 0.12933141 0.02770804 0.07083015 0.07744579 0.02770804
 0.08532359 0.07083015 0.07926491 0.08167735 0.04832714 0.07083014
 0.08532356 0.07083017 0.02280958]
[0.02836481 0.15323001 0.02232145 0.0775532  0.06253651 0.02232145
 0.10331581 0.0775532  0.0839441  0.05333436 0.0444715  0.07755321
 0.10331579 0.07755323 0.01263137]
[0.03982249 0.13061608 0.02649493 0.0678423  0.08105817 0.02649493
 0.10630863 0.0678423  0.08845976 0.05551906 0.04813255 0.0678423
 0.10630864 0.06784231 0.01941551]
[0.03646785 0.12607959 0.02192585 0.07023713 0.07501397 0.02192585
 0.10037283 0.07023713 0.09942193 0.06363561 0.05703044 0.07023712
 0.10037282 0.07023714 0.01680481]
[0.02836481 0.15323001 0.02232145 0.0775532  0.06253651 0.02232145
 0.10331581 0.0775532  0.0839441  0.05333436 0.0444715  0.07755321
 0.10331579 0.07755323 0.01263137]
[0.04848893 0.11652741 0.02648147 0.0638266  0.09535541 0.02648147
 0.09615346 0.0638266  0.08569679 0.07651364 0.05768509 0.0638266
 0.09615346 0.06382661 0.01915642]
[0.03982249 0.13061608 0.02649493 0.0678423  0.08105817 0.02649493
 0.10630863 0.0678423  0.08845976 0.05551906 0.04813255 0.0678423
 0.10630864 0.06784231 0.01941551]
[0.04394987 0.12568562 0.02415444 0.07045366 0.08930466 0.02415444
 0.08730127 0.07045366 0.08444357 0.07394131 0.06198857 0.07045366
 0.08730131 0.07045367 0.01596029]
[0.05161975 0.11546743 0.02552487 0.07121591 0.07849838 0.02552487
 0.09344206 0.07121591 0.06850769 0.07494084 0.06045973 0.07121592
 0.09344205 0.07121593 0.02770858]
[0.0328468  0.13601355 0.02152375 0.07055914 0.09791543 0.02152375
 0.09320758 0.07055914 0.10295459 0.05382094 0.04947236 0.07055914
 0.0932076  0.07055915 0.0152771 ]
[0.03982249 0.13061608 0.02649493 0.0678423  0.08105817 0.02649493
 0.10630863 0.0678423  0.08845976 0.05551906 0.04813255 0.0678423
 0.10630864 0.06784231 0.01941551]
[0.04848893 0.11652739 0.02648148 0.0638266  0.09535541 0.02648148
 0.09615346 0.0638266  0.08569679 0.07651363 0.05768509 0.0638266
 0.09615346 0.06382661 0.01915642]
[0.0398225  0.13061608 0.02649494 0.06784231 0.08105818 0.02649494
 0.10630863 0.06784231 0.08845976 0.05551906 0.04813255 0.06784231
 0.10630862 0.06784232 0.01941552]
[0.03431136 0.12554029 0.0267055  0.06700857 0.07926292 0.0267055
 0.09458946 0.06700857 0.09207185 0.07176305 0.07019207 0.06700857
 0.09458946 0.06700858 0.01623422]]