26236
Test: public void test70() throws Throwable { Precision.DoubleEquivalence precision_DoubleEquivalence0 = mock(Precision.DoubleEquivalence.class, new ViolatedAssumptionAnswer()); // Undeclared exception!  Interval.min(Double.POSITIVE_INFINITY, precision_DoubleEquivalence0);   }
Code: public static Interval min(final double min, final Precision.DoubleEquivalence precision) { return of(min, Double.POSITIVE_INFINITY, precision); }
[[0.05169072 0.14193417 0.0573568  0.07170156 0.08994578 0.05633577
 0.04054078 0.07170156 0.07170156 0.06172393 0.05599845 0.07170156
 0.06551715 0.07170157 0.02044862]
[0.05301116 0.13847564 0.05753991 0.07179262 0.08218255 0.05537147
 0.03859306 0.07179262 0.07179261 0.09072523 0.04998002 0.07179261
 0.05033575 0.07179262 0.02482207]
[0.04413552 0.12953222 0.0668544  0.07035877 0.08567719 0.05968262
 0.03979859 0.07035877 0.07035878 0.07589602 0.0643266  0.07035878
 0.06335592 0.0703588  0.01894703]
[0.0428666  0.14617568 0.07025192 0.07205929 0.08062528 0.06721205
 0.0405166  0.07205929 0.07205929 0.06512021 0.05195326 0.07205929
 0.05264672 0.0720593  0.0223352 ]
[0.04067506 0.16023839 0.05589369 0.07453232 0.09084941 0.04565923
 0.03308035 0.07453232 0.07453232 0.06304095 0.05961199 0.07453232
 0.06103947 0.07453233 0.01724982]
[0.048789   0.133712   0.06434634 0.07095512 0.06857814 0.06438703
 0.03838959 0.07095512 0.07095513 0.07528137 0.05735061 0.07095513
 0.06631151 0.07095513 0.02807879]
[0.04584327 0.1354933  0.05631854 0.07175454 0.08885263 0.06168827
 0.03042379 0.07175454 0.07175454 0.07603167 0.06662235 0.07175454
 0.06487765 0.07175454 0.01507585]
[0.0428666  0.14617568 0.07025192 0.07205929 0.08062528 0.06721205
 0.0405166  0.07205929 0.07205929 0.06512021 0.05195326 0.07205929
 0.05264672 0.0720593  0.0223352 ]
[0.0428666  0.14617568 0.07025192 0.07205929 0.08062528 0.06721205
 0.0405166  0.07205929 0.07205929 0.06512021 0.05195326 0.07205929
 0.05264672 0.0720593  0.0223352 ]
[0.05146343 0.11936723 0.06364742 0.06847087 0.06993523 0.06925818
 0.05043671 0.06847087 0.06847087 0.08038507 0.05953551 0.06847087
 0.0648974  0.06847088 0.02871952]
[0.03537036 0.15412092 0.05831239 0.07357237 0.07790805 0.05685683
 0.03166902 0.07357237 0.07357237 0.06288402 0.05242754 0.07357237
 0.08503766 0.07357239 0.01755128]
[0.0428666  0.14617568 0.07025192 0.07205929 0.08062528 0.06721205
 0.0405166  0.07205929 0.07205929 0.06512021 0.05195326 0.07205929
 0.05264672 0.0720593  0.0223352 ]
[0.04658554 0.11669355 0.05769905 0.07480283 0.07908898 0.05740891
 0.04010395 0.07480283 0.07480283 0.07441702 0.06321554 0.07480283
 0.06587339 0.07480284 0.02489992]
[0.04286661 0.14617568 0.07025193 0.07205929 0.08062527 0.06721205
 0.0405166  0.07205929 0.07205929 0.06512021 0.05195327 0.07205929
 0.05264672 0.0720593  0.02233521]
[0.03524222 0.14026988 0.07761386 0.06713889 0.07739955 0.05591872
 0.03130235 0.06713889 0.06713889 0.08345657 0.07491378 0.06713889
 0.06988627 0.0671389  0.0183023 ]]