145375
Test: public void test34() throws Throwable { boolean boolean0 = GenericValidator.maxValue(0, 0); }
Code: public static boolean maxValue(int value, int max) { return (value <= max); }
[[0.05597404 0.16852683 0.13888508 0.07765117 0.05433952 0.03527121
 0.03992362 0.07532613 0.06168697 0.05614454 0.1590266  0.05324425
 0.02400009]
[0.0542794  0.15290661 0.1579977  0.07212508 0.04911899 0.02730903
 0.03927775 0.105964   0.05207116 0.05917877 0.15665078 0.04500541
 0.02811534]
[0.03526542 0.14295228 0.1705941  0.06645337 0.03842027 0.01720444
 0.03348778 0.0962093  0.06065972 0.05297276 0.22029226 0.04783388
 0.01765437]
[0.04388085 0.16032694 0.15613535 0.07190576 0.05110073 0.02772201
 0.04218039 0.07693571 0.05345365 0.05215863 0.19692242 0.04166061
 0.02561693]
[0.03310461 0.1855116  0.17869958 0.0593596  0.03514584 0.01979375
 0.04171309 0.1065236  0.05010877 0.05812081 0.18198448 0.03227128
 0.01766298]
[0.03184269 0.2063958  0.11780824 0.08032477 0.0484415  0.02238329
 0.03535488 0.07545248 0.05180869 0.0585704  0.20498997 0.05069023
 0.0159371 ]
[0.04395162 0.15635617 0.12802798 0.05790834 0.05143877 0.02368081
 0.04773779 0.08781809 0.06654236 0.04565562 0.23996273 0.0361936
 0.01472614]
[0.05870998 0.14173411 0.12368519 0.07480352 0.06540419 0.02764866
 0.05236582 0.09912263 0.06694923 0.06375048 0.15538418 0.03624627
 0.0341957 ]
[0.03526984 0.17505507 0.15947802 0.0666436  0.03580046 0.01958275
 0.03394749 0.07645936 0.04991829 0.04787186 0.24207166 0.03732891
 0.02057272]
[0.04533923 0.1588004  0.13533409 0.07394303 0.03672943 0.02508231
 0.04179373 0.08611449 0.05843851 0.05626021 0.21982288 0.04063164
 0.02171006]
[0.04203325 0.15625429 0.17969167 0.06682435 0.040159   0.01802387
 0.0303484  0.09912731 0.04379754 0.05136715 0.20765296 0.03903053
 0.02568968]
[0.03792297 0.13401967 0.15554728 0.06200314 0.03542135 0.01883972
 0.03259145 0.08930951 0.04827112 0.04573496 0.27257997 0.0456816
 0.0220773 ]
[0.03611072 0.16300507 0.12012613 0.0659203  0.03726504 0.02692877
 0.04691662 0.1021067  0.08155654 0.06662162 0.1863793  0.04553884
 0.02152439]]