38483
Test: public void test64() throws Throwable { Minutes minutes0 = Minutes.ONE; Minutes minutes1 = minutes0.plus((Minutes) null); }
Code: public Minutes plus(int minutes) { if (minutes == 0) { return this; } return Minutes.minutes(FieldUtils.safeAdd(getValue(), minutes)); }
[[0.04855505 0.0673553  0.0673553  0.0891673  0.06145937 0.13054344
 0.04083734 0.07752324 0.02645012 0.06145937 0.05303123 0.04110108
 0.01996951 0.05303123 0.0673553  0.07483632 0.01996951]
[0.04198404 0.07060835 0.07060835 0.07608439 0.06359895 0.10253188
 0.04662851 0.08014218 0.0304964  0.06359895 0.05087886 0.04022774
 0.02182698 0.05087886 0.07060835 0.09747027 0.02182698]
[0.04198404 0.07060835 0.07060835 0.07608439 0.06359895 0.10253188
 0.04662851 0.08014218 0.0304964  0.06359895 0.05087886 0.04022774
 0.02182698 0.05087886 0.07060835 0.09747027 0.02182698]
[0.04434781 0.06153592 0.06153592 0.09019555 0.05661412 0.13535884
 0.05542232 0.07761279 0.02561606 0.05661412 0.06109976 0.03842308
 0.01207073 0.06109976 0.06153592 0.08884661 0.01207073]
[0.04909528 0.06531274 0.06531274 0.07931104 0.07670255 0.08485018
 0.0469808  0.05304683 0.03288343 0.07670255 0.05679376 0.04089133
 0.02740115 0.05679376 0.06531274 0.09520797 0.02740114]
[0.03187741 0.07471009 0.07471009 0.08141305 0.06479555 0.17890832
 0.03599565 0.06614424 0.02569048 0.06479555 0.04184857 0.02487363
 0.01001396 0.04184857 0.07471009 0.0976508  0.01001395]
[0.02958754 0.06349869 0.06349869 0.09102772 0.07837313 0.15094563
 0.03369516 0.06489952 0.02553205 0.07837313 0.04476173 0.03135267
 0.01902691 0.04476173 0.06349869 0.09814004 0.01902691]
[0.03084874 0.0523298  0.0523298  0.09298255 0.07323675 0.17068568
 0.03627213 0.07753429 0.03147973 0.07323675 0.05035138 0.03288374
 0.01530126 0.05035138 0.0523298  0.09254495 0.01530127]
[0.0401805  0.06688736 0.06688736 0.07156473 0.06579571 0.13532202
 0.0384074  0.06830555 0.02678194 0.06579571 0.06310038 0.03681657
 0.0230352  0.06310038 0.06688736 0.07809663 0.0230352 ]
[0.04909528 0.06531274 0.06531274 0.07931104 0.07670255 0.08485018
 0.0469808  0.05304683 0.03288343 0.07670255 0.05679376 0.04089133
 0.02740115 0.05679376 0.06531274 0.09520797 0.02740114]
[0.03505311 0.07232235 0.07232235 0.08946715 0.06352786 0.14779806
 0.03036127 0.07092611 0.0264093  0.06352786 0.05175002 0.03097679
 0.01766358 0.05175002 0.07232235 0.0861582  0.01766358]
[0.04891807 0.07007196 0.07007196 0.07401676 0.07466456 0.11846249
 0.03560377 0.06297035 0.02901914 0.07466456 0.0593983  0.03023929
 0.02046311 0.0593983  0.07007196 0.08150233 0.02046311]
[0.03336512 0.06376387 0.06376387 0.07740302 0.07785051 0.12703152
 0.05379687 0.05714827 0.02337706 0.07785051 0.07058807 0.030526
 0.0171336  0.07058807 0.06376387 0.07491618 0.0171336 ]
[0.03505311 0.07232235 0.07232235 0.08946715 0.06352786 0.14779806
 0.03036127 0.07092611 0.0264093  0.06352786 0.05175002 0.03097679
 0.01766358 0.05175002 0.07232235 0.0861582  0.01766358]
[0.04198404 0.07060835 0.07060835 0.07608439 0.06359895 0.10253188
 0.04662851 0.08014218 0.0304964  0.06359895 0.05087886 0.04022774
 0.02182698 0.05087886 0.07060835 0.09747027 0.02182698]
[0.04197498 0.07393301 0.07393301 0.07556436 0.07263224 0.13629049
 0.03886141 0.06778184 0.02893521 0.07263224 0.05214484 0.03173655
 0.01387157 0.05214484 0.07393301 0.07975879 0.01387157]
[0.03336511 0.06376387 0.06376387 0.07740302 0.07785051 0.12703149
 0.05379687 0.05714826 0.02337706 0.07785051 0.07058806 0.030526
 0.0171336  0.07058806 0.06376387 0.07491618 0.0171336 ]]