165265
Test: public void test4() throws Throwable { LongArray2Long longArray2Long0 = new LongArray2Long(); long[] longArray0 = new long[1]; Long long0 = longArray2Long0.convert(longArray0); }
Code: public Long convert(long[] seed) { long out = 0; for (final long s : seed) { out ^= s; } return out; }
[[0.03829785 0.09842707 0.05312586 0.05312586 0.04771436 0.06470758
 0.03706768 0.02388392 0.04981169 0.03789997 0.03576135 0.06470758
 0.01404138 0.03392905 0.05312586 0.04771436 0.03706768 0.02991426
 0.07518658 0.0155843  0.04173437 0.03158709 0.0155843 ]
[0.0273652  0.10890737 0.04446547 0.04446547 0.05614845 0.06816106
 0.02960593 0.02500166 0.05334276 0.03446787 0.03307717 0.06816106
 0.01099908 0.02208743 0.04446547 0.05614845 0.02960593 0.03159232
 0.11342812 0.01236697 0.04471276 0.029057   0.01236697]
[0.03071093 0.10630437 0.05154372 0.05154372 0.04710599 0.05513203
 0.03715923 0.03267031 0.0498974  0.04214573 0.03386298 0.05513203
 0.01441857 0.02897532 0.05154372 0.04710599 0.03715923 0.03955907
 0.08256797 0.01612271 0.03723282 0.03598346 0.01612271]
[0.03071093 0.10630437 0.05154372 0.05154372 0.04710599 0.05513203
 0.03715923 0.03267031 0.0498974  0.04214573 0.03386298 0.05513203
 0.01441857 0.02897532 0.05154372 0.04710599 0.03715923 0.03955907
 0.08256797 0.01612271 0.03723282 0.03598346 0.01612271]
[0.03759535 0.06990023 0.05120876 0.05120876 0.05605737 0.06252071
 0.03362634 0.03109972 0.04886132 0.03813013 0.03517518 0.06252071
 0.01678119 0.03030663 0.05120876 0.05605737 0.03362633 0.03700796
 0.08244476 0.02046566 0.04384062 0.0298905  0.02046566]
[0.02512017 0.16172265 0.04772429 0.04772429 0.05631432 0.05323957
 0.02799645 0.01912623 0.05198726 0.03848991 0.02864022 0.05323957
 0.00717927 0.0267683  0.04772429 0.05631432 0.02799645 0.02803339
 0.10821789 0.01360648 0.03730575 0.02192242 0.01360648]
[0.02875211 0.0971913  0.0477859  0.0477859  0.05870396 0.06362148
 0.0359083  0.02351547 0.04501792 0.04079698 0.03610829 0.06362148
 0.01330173 0.03197917 0.0477859  0.05870396 0.0359083  0.03234587
 0.08685885 0.01522783 0.04594063 0.02791072 0.01522782]
[0.04133176 0.06802555 0.05851968 0.05851968 0.04460874 0.05120087
 0.03676148 0.03367205 0.06226822 0.039638   0.03662439 0.05120087
 0.02716014 0.03444717 0.05851968 0.04460874 0.03676148 0.03973187
 0.05951716 0.01975733 0.04497362 0.0323942  0.01975733]
[0.03435159 0.13272081 0.0504147  0.0504147  0.05462581 0.05572323
 0.02575335 0.02088584 0.05686706 0.04076928 0.03904185 0.05572323
 0.01251689 0.03000698 0.0504147  0.05462581 0.02575335 0.02947875
 0.08157435 0.01502563 0.04233232 0.02595409 0.01502563]
[0.03702787 0.1080917  0.05323143 0.05323143 0.06090087 0.05811521
 0.02835688 0.02488771 0.05301147 0.03743738 0.02578033 0.05811521
 0.01535082 0.02186707 0.05323143 0.06090087 0.02835688 0.02834081
 0.10273208 0.01031518 0.03963261 0.03076954 0.01031518]
[0.03230545 0.11890823 0.05302091 0.05302091 0.05415315 0.06439956
 0.03616374 0.02169165 0.04422838 0.03633459 0.03110872 0.06439956
 0.0123662  0.03114993 0.05302091 0.05415315 0.03616374 0.03330343
 0.06447013 0.0139321  0.05085764 0.02691576 0.0139321 ]
[0.02512017 0.16172265 0.04772429 0.04772429 0.05631432 0.05323957
 0.02799645 0.01912623 0.05198726 0.03848991 0.02864022 0.05323957
 0.00717927 0.0267683  0.04772429 0.05631432 0.02799645 0.02803339
 0.10821789 0.01360648 0.03730575 0.02192242 0.01360648]
[0.03381635 0.10037751 0.04609849 0.04609849 0.04800914 0.06305967
 0.0436733  0.03288927 0.05197977 0.03959119 0.03126073 0.06305967
 0.01394242 0.02602191 0.04609849 0.04800914 0.04367329 0.02542109
 0.08123238 0.01738562 0.05044987 0.03046654 0.01738562]
[0.03754483 0.10587801 0.0466288  0.0466288  0.05351133 0.0538954
 0.03789131 0.02835992 0.05389755 0.0398012  0.03702109 0.0538954
 0.01549022 0.02476553 0.0466288  0.05351133 0.03789131 0.03386348
 0.07715435 0.01909029 0.04743683 0.03012397 0.01909029]
[0.03071093 0.10630437 0.05154372 0.05154372 0.04710599 0.05513203
 0.03715923 0.03267031 0.0498974  0.04214573 0.03386298 0.05513203
 0.01441857 0.02897532 0.05154372 0.04710599 0.03715923 0.03955907
 0.08256797 0.01612271 0.03723282 0.03598346 0.01612271]
[0.03759535 0.06990023 0.05120876 0.05120876 0.05605737 0.06252071
 0.03362634 0.03109972 0.04886132 0.03813013 0.03517518 0.06252071
 0.01678119 0.03030663 0.05120876 0.05605737 0.03362633 0.03700796
 0.08244476 0.02046566 0.04384062 0.0298905  0.02046566]
[0.02875211 0.0971913  0.0477859  0.0477859  0.05870396 0.06362148
 0.0359083  0.02351547 0.04501792 0.04079698 0.03610829 0.06362148
 0.01330173 0.03197917 0.0477859  0.05870396 0.0359083  0.03234587
 0.08685885 0.01522783 0.04594063 0.02791072 0.01522782]
[0.03516469 0.14105688 0.05014212 0.05014212 0.05614314 0.06255086
 0.02974674 0.02224439 0.04692267 0.03600919 0.02687058 0.06255086
 0.01113218 0.03072512 0.05014212 0.05614314 0.02974675 0.03326966
 0.07068744 0.01616314 0.04164896 0.02463412 0.01616314]
[0.04547849 0.11394136 0.04580375 0.04580375 0.05108977 0.06323078
 0.03884371 0.02707014 0.04322134 0.03657834 0.03018055 0.06323078
 0.01586135 0.03079414 0.04580375 0.05108977 0.03884371 0.03789489
 0.06738996 0.0184181  0.0423119  0.02870157 0.0184181 ]
[0.02668136 0.11202015 0.05131962 0.05131962 0.06035517 0.04328559
 0.03897456 0.02323451 0.05541049 0.03532123 0.03319838 0.04328559
 0.01082864 0.02289959 0.05131962 0.06035517 0.03897457 0.03323267
 0.09968153 0.01338405 0.05589848 0.0256354  0.01338405]
[0.02497052 0.13043162 0.05180246 0.05180246 0.04467615 0.07369611
 0.02917254 0.02415989 0.04402277 0.04513362 0.02464765 0.07369611
 0.00953854 0.02229413 0.05180246 0.04467615 0.02917254 0.02731614
 0.10992456 0.01245364 0.03696408 0.02519231 0.01245364]
[0.03805698 0.10546216 0.05002386 0.05002386 0.04692593 0.06109434
 0.03859107 0.02331769 0.05346714 0.03928344 0.03496208 0.06109434
 0.01433813 0.02557093 0.05002386 0.04692593 0.03859107 0.02837376
 0.08762703 0.01659501 0.04403499 0.0290214  0.01659501]
[0.02668136 0.11202015 0.05131961 0.05131961 0.06035518 0.04328559
 0.03897457 0.02323451 0.05541047 0.03532122 0.03319838 0.04328559
 0.01082864 0.02289958 0.05131961 0.06035518 0.03897457 0.03323267
 0.09968152 0.01338404 0.05589847 0.0256354  0.01338404]]