166461
Test: public void test4() throws Throwable { DefaultConversionHandler defaultConversionHandler0 = DefaultConversionHandler.INSTANCE; SQLIntegrityConstraintViolationException sQLIntegrityConstraintViolationException0 = new SQLIntegrityConstraintViolationException(""); SQLWarning sQLWarning0 = new SQLWarning(sQLIntegrityConstraintViolationException0); boolean boolean0 = defaultConversionHandler0.isComplexObject(sQLWarning0); }
Code: protected boolean isComplexObject(final Object src) { return src instanceof Iterator<?> || src instanceof Iterable<?> || (src != null && src.getClass().isArray()); }
[[0.04251246 0.08128643 0.04109146 0.01898585 0.0309879  0.06825396
 0.03822523 0.15850106 0.01899338 0.04170621 0.03921258 0.15850106
 0.01899338 0.04109146 0.03921258 0.04109146 0.01806582 0.02648805
 0.02255085 0.04109146 0.01315736]
[0.03550864 0.08065607 0.0378846  0.01697823 0.0242842  0.07067937
 0.04036411 0.19081277 0.01338349 0.04009308 0.03401095 0.19081277
 0.01338349 0.0378846  0.03401095 0.0378846  0.01269314 0.02208354
 0.01627037 0.0378846  0.01243651]
[0.04455293 0.07918663 0.03886442 0.02083691 0.03036134 0.04939416
 0.02994393 0.16643693 0.02319318 0.05358375 0.04001815 0.16643693
 0.02319318 0.03886442 0.04001815 0.03886442 0.01825478 0.02500247
 0.01810777 0.03886442 0.01602115]
[0.04079494 0.08131657 0.03405099 0.01940879 0.02500409 0.07933538
 0.03566687 0.17560787 0.01790842 0.04842263 0.03428065 0.17560787
 0.01790842 0.03405099 0.03428065 0.03405099 0.0204617  0.02349681
 0.02049985 0.034051   0.01379449]
[0.0390667  0.07738059 0.03828147 0.02346711 0.03071831 0.06428436
 0.03961748 0.16843873 0.0161577  0.05215234 0.04014174 0.16843873
 0.0161577  0.03828147 0.04014174 0.03828147 0.0142049  0.02527015
 0.01923695 0.03828147 0.01199884]
[0.05738178 0.06628048 0.04232795 0.02144762 0.0382206  0.06876405
 0.04002256 0.12745544 0.02777895 0.04820479 0.03460286 0.12745544
 0.02777895 0.04232795 0.03460286 0.04232795 0.02744559 0.02755078
 0.03318334 0.04232796 0.02251212]
[0.0397371  0.07496025 0.03696248 0.02032615 0.02842724 0.05231224
 0.02891976 0.20509943 0.01750673 0.03789527 0.0288637  0.20509943
 0.01750673 0.03696248 0.0288637  0.03696248 0.01440536 0.02209444
 0.01634753 0.03696248 0.01378503]
[0.03827202 0.08534796 0.03550291 0.02734259 0.03044117 0.05340748
 0.04029353 0.1561029  0.0228103  0.05675021 0.04728641 0.1561029
 0.0228103  0.03550291 0.04728641 0.03550291 0.01557199 0.02702079
 0.01863585 0.03550291 0.01250559]
[0.03550933 0.07191203 0.03576032 0.02086175 0.03243913 0.05184807
 0.0284612  0.19249141 0.01586523 0.0484907  0.04151313 0.19249141
 0.01586523 0.03576032 0.04151313 0.03576032 0.01393386 0.02429779
 0.01484275 0.03576032 0.01462257]
[0.0405729  0.0877452  0.04086764 0.01721878 0.03126745 0.07412919
 0.03080675 0.16922365 0.01808009 0.04301427 0.03395035 0.16922365
 0.01808009 0.04086764 0.03395035 0.04086764 0.01510634 0.02248082
 0.01842036 0.04086763 0.01325921]
[0.03826932 0.0735056  0.04639846 0.01947235 0.0281701  0.08686766
 0.03848384 0.15207264 0.01959699 0.04341642 0.03514521 0.15207264
 0.01959699 0.04639846 0.03514521 0.04639846 0.0147961  0.02540771
 0.02308035 0.04639845 0.00930705]
[0.03827202 0.08534796 0.03550291 0.02734259 0.03044117 0.05340748
 0.04029353 0.1561029  0.0228103  0.05675021 0.04728641 0.1561029
 0.0228103  0.03550291 0.04728641 0.03550291 0.01557199 0.02702079
 0.01863585 0.03550291 0.01250559]
[0.03550933 0.07191203 0.03576032 0.02086175 0.03243913 0.05184807
 0.0284612  0.19249141 0.01586523 0.0484907  0.04151313 0.19249141
 0.01586523 0.03576032 0.04151313 0.03576032 0.01393386 0.02429779
 0.01484275 0.03576032 0.01462257]
[0.04455293 0.07918663 0.03886442 0.02083691 0.03036134 0.04939416
 0.02994393 0.16643693 0.02319318 0.05358375 0.04001815 0.16643693
 0.02319318 0.03886442 0.04001815 0.03886442 0.01825478 0.02500247
 0.01810777 0.03886442 0.01602115]
[0.03826932 0.0735056  0.04639846 0.01947235 0.0281701  0.08686766
 0.03848384 0.15207264 0.01959699 0.04341642 0.03514521 0.15207264
 0.01959699 0.04639846 0.03514521 0.04639846 0.0147961  0.02540771
 0.02308035 0.04639845 0.00930705]
[0.04455293 0.07918663 0.03886442 0.02083691 0.03036134 0.04939416
 0.02994393 0.16643693 0.02319318 0.05358375 0.04001815 0.16643693
 0.02319318 0.03886442 0.04001815 0.03886442 0.01825478 0.02500247
 0.01810777 0.03886442 0.01602115]
[0.03870944 0.0704605  0.03508037 0.01901001 0.02550716 0.06951988
 0.03047532 0.19143407 0.01430968 0.05554751 0.04221337 0.19143407
 0.01430968 0.03508037 0.04221337 0.03508037 0.01034164 0.01829639
 0.01496963 0.03508038 0.01092676]
[0.03467066 0.07151583 0.04349218 0.02387965 0.03271801 0.08221279
 0.04878564 0.14899617 0.01834023 0.04811885 0.03530975 0.14899617
 0.01834023 0.04349218 0.03530975 0.04349218 0.01745422 0.02571995
 0.02366783 0.04349217 0.01199552]
[0.03544406 0.08168761 0.03887419 0.0205515  0.03273481 0.06014095
 0.02963181 0.18196285 0.01711746 0.040182   0.03459418 0.18196285
 0.01711746 0.03887419 0.03459418 0.03887419 0.0172938  0.02357361
 0.01741074 0.0388742  0.01850331]
[0.04455293 0.07918663 0.03886442 0.02083691 0.03036134 0.04939416
 0.02994393 0.16643693 0.02319318 0.05358375 0.04001815 0.16643693
 0.02319318 0.03886442 0.04001815 0.03886442 0.01825478 0.02500247
 0.01810777 0.03886442 0.01602115]
[0.04300407 0.06971343 0.03994653 0.02518978 0.03206946 0.07536448
 0.05477519 0.1471416  0.01733593 0.04797132 0.04147221 0.1471416
 0.01733593 0.03994653 0.04147221 0.03994653 0.01857564 0.02462082
 0.02160924 0.03994653 0.01542109]]