27331
Test: public void test8() throws Throwable { Vector3D.Unit vector3D_Unit0 = Vector3D.Unit.MINUS_Z; Precision.DoubleEquivalence precision_DoubleEquivalence0 = mock(Precision.DoubleEquivalence.class, new ViolatedAssumptionAnswer()); Line3D line3D0 = new Line3D(vector3D_Unit0, vector3D_Unit0, precision_DoubleEquivalence0); LineSpanningSubset3D lineSpanningSubset3D0 = new LineSpanningSubset3D(line3D0); String string0 = lineSpanningSubset3D0.toString(); }
Code: public String toString() { final Line3D line = getLine(); return MessageFormat.format(Line3D.TO_STRING_FORMAT, getClass().getSimpleName(), line.getOrigin(), line.getDirection()); }
[[0.05517901 0.07051879 0.07100638 0.0758758  0.04459351 0.0765498
 0.10363659 0.03486671 0.0765498  0.06101083 0.0765498  0.0765498
 0.07654981 0.07654981 0.02401356]
[0.05470256 0.06236834 0.07213964 0.08578884 0.04277992 0.07631809
 0.11008193 0.03689668 0.07631809 0.0558782  0.07631809 0.07631809
 0.07631809 0.07631809 0.02145544]
[0.04055527 0.0982994  0.06460277 0.07702167 0.03951706 0.07288128
 0.12652074 0.03484052 0.07288129 0.06132174 0.07288129 0.07288129
 0.07288131 0.07288131 0.0200331 ]
[0.05504396 0.07701931 0.05355709 0.09341108 0.05424099 0.06991939
 0.10630547 0.04604677 0.0699194  0.06270626 0.0699194  0.0699194
 0.06991941 0.06991941 0.03215269]
[0.0512636  0.07606611 0.05722228 0.09182885 0.03474648 0.07586911
 0.10152981 0.03959519 0.0758691  0.07468589 0.0758691  0.0758691
 0.07586911 0.07586911 0.01784704]
[0.04476466 0.08069366 0.06807319 0.07482959 0.044308   0.07401527
 0.11471836 0.04893375 0.07401527 0.0544338  0.07401527 0.07401527
 0.07401528 0.07401528 0.02515329]
[0.05098455 0.09173343 0.06687795 0.12727767 0.04914007 0.06070463
 0.11920822 0.04056346 0.06070462 0.06821308 0.06070462 0.06070462
 0.06070464 0.06070464 0.02177379]
[0.05720212 0.06768381 0.04610212 0.06552011 0.04821627 0.08088346
 0.09106888 0.04769029 0.08088346 0.06296    0.08088346 0.08088346
 0.08088347 0.08088347 0.0282557 ]
[0.04476466 0.08069366 0.06807319 0.07482959 0.044308   0.07401527
 0.11471836 0.04893375 0.07401527 0.0544338  0.07401527 0.07401527
 0.07401528 0.07401528 0.02515329]
[0.03983696 0.08757983 0.05538464 0.07879393 0.03671992 0.07896986
 0.10963549 0.03900232 0.07896985 0.05768063 0.07896985 0.07896985
 0.07896988 0.07896988 0.02154714]
[0.04476466 0.08069366 0.06807319 0.07482959 0.044308   0.07401527
 0.11471836 0.04893375 0.07401527 0.0544338  0.07401527 0.07401527
 0.07401528 0.07401528 0.02515329]
[0.04476466 0.08069366 0.06807319 0.07482959 0.044308   0.07401527
 0.11471836 0.04893375 0.07401527 0.0544338  0.07401527 0.07401527
 0.07401528 0.07401528 0.02515329]
[0.04476467 0.08069365 0.06807318 0.07482959 0.044308   0.07401527
 0.11471836 0.04893374 0.07401527 0.05443381 0.07401527 0.07401527
 0.07401528 0.07401528 0.02515329]
[0.04476467 0.08069365 0.06807318 0.07482959 0.044308   0.07401527
 0.11471836 0.04893374 0.07401527 0.05443381 0.07401527 0.07401527
 0.07401528 0.07401528 0.02515329]
[0.03808462 0.06967345 0.07142298 0.1093041  0.03530584 0.06924386
 0.1156137  0.03567958 0.06924386 0.08648175 0.06924386 0.06924386
 0.06924386 0.06924387 0.02297083]]