10495
Test: public void test143() throws Throwable { Validate.validState(true); }
Code: public static void validState(final boolean expression) { if (!expression) { throw new IllegalStateException(DEFAULT_VALID_STATE_EX_MESSAGE); } }
[[0.04952194 0.1381674  0.03935245 0.06869438 0.12910171 0.06869438
 0.0603865  0.13290904 0.06869438 0.06038649 0.05030104 0.02536652
 0.06869439 0.01986466 0.01986466]
[0.04737164 0.12324259 0.0305247  0.06421755 0.14722714 0.06421755
 0.08048405 0.12872002 0.06421754 0.08048405 0.04060876 0.02034757
 0.06421755 0.02205965 0.02205965]
[0.03708424 0.1287333  0.0320095  0.07251875 0.16483189 0.07251875
 0.06298363 0.12312232 0.07251875 0.06298362 0.04282345 0.01688186
 0.07251875 0.01923556 0.01923556]
[0.04120001 0.13998432 0.03573648 0.06934607 0.15863529 0.06934607
 0.06210003 0.10053864 0.06934607 0.06210003 0.04861014 0.03103877
 0.06934609 0.02133597 0.02133597]
[0.03459289 0.11937705 0.02617583 0.06769323 0.1975522  0.06769323
 0.07532809 0.12434521 0.06769322 0.07532808 0.03254897 0.01480607
 0.06769323 0.01458631 0.01458631]
[0.04120001 0.13998432 0.03573648 0.06934607 0.15863529 0.06934607
 0.06210003 0.10053864 0.06934607 0.06210003 0.04861014 0.03103877
 0.06934609 0.02133597 0.02133597]
[0.05204735 0.11935323 0.04504937 0.07006224 0.11975606 0.07006224
 0.07947096 0.09019468 0.07006225 0.07947097 0.04737308 0.02964969
 0.07006225 0.02869283 0.02869283]
[0.02846078 0.16582523 0.02101427 0.0673489  0.1876477  0.0673489
 0.05646082 0.1592135  0.0673489  0.05646082 0.02708188 0.01087315
 0.0673489  0.0087831  0.0087831 ]
[0.04120001 0.13998432 0.03573648 0.06934607 0.15863529 0.06934607
 0.06210003 0.10053864 0.06934607 0.06210003 0.04861014 0.03103877
 0.06934609 0.02133597 0.02133597]
[0.05204735 0.11935323 0.04504937 0.07006224 0.11975606 0.07006224
 0.07947096 0.09019468 0.07006225 0.07947097 0.04737308 0.02964969
 0.07006225 0.02869283 0.02869283]
[0.03780662 0.13630417 0.0299291  0.06367899 0.14575057 0.06367899
 0.08551797 0.12901092 0.06367899 0.085518   0.0444827  0.02090173
 0.063679   0.01503111 0.01503111]
[0.04061661 0.12012698 0.03599751 0.06365791 0.15398635 0.06365791
 0.07029866 0.13996221 0.06365791 0.07029865 0.04601477 0.02677768
 0.06365792 0.02064447 0.02064447]
[0.04120002 0.13998432 0.03573648 0.06934607 0.15863529 0.06934607
 0.06210003 0.10053865 0.06934607 0.06210003 0.04861014 0.03103877
 0.06934607 0.02133597 0.02133597]
[0.03489569 0.13996744 0.03176039 0.06631824 0.12522726 0.06631824
 0.0835628  0.13332862 0.06631824 0.0835628  0.04634255 0.01952524
 0.06631825 0.01827712 0.01827712]
[0.03489569 0.13996744 0.03176039 0.06631824 0.12522726 0.06631824
 0.0835628  0.13332862 0.06631824 0.0835628  0.04634255 0.01952524
 0.06631825 0.01827712 0.01827712]]