135826
Test: public void test27() throws Throwable { HtmlTreeBuilder htmlTreeBuilder0 = new HtmlTreeBuilder(); // Undeclared exception!  htmlTreeBuilder0.currentElement();   }
Code: protected Element currentElement() { int size = stack.size(); return size > 0 ? stack.get(size-1) : doc; }
[[0.08777802 0.02249804 0.07761636 0.10605793 0.02872746 0.01718242
 0.03998538 0.07761636 0.06559209 0.01718242 0.12016471 0.03670513
 0.10296801 0.07761636 0.04479736 0.05648679 0.02102523]
[0.07437874 0.02666717 0.07168187 0.10757393 0.02594502 0.01634406
 0.03695016 0.07168187 0.07286405 0.01634406 0.12034127 0.04660928
 0.12194544 0.07168187 0.04666219 0.04829229 0.02403668]
[0.0957897  0.03016302 0.07635271 0.08550521 0.02936064 0.02260113
 0.05281567 0.07635271 0.05727313 0.02260113 0.10064931 0.04919244
 0.09940594 0.07635271 0.04671216 0.05060967 0.02826271]
[0.10766522 0.02840764 0.07321909 0.10156441 0.0272495  0.02095102
 0.04901537 0.07321909 0.06629755 0.02095102 0.08005856 0.06502041
 0.07138473 0.07321909 0.04891703 0.05825593 0.03460442]
[0.08779329 0.02798124 0.09719796 0.10358758 0.02663788 0.01591802
 0.03367834 0.09719796 0.06618546 0.01591802 0.0736467  0.0357585
 0.10328241 0.09719796 0.04746755 0.04953134 0.0210198 ]
[0.09568484 0.02258826 0.07850955 0.09605899 0.02760157 0.01738463
 0.0380995  0.07850955 0.07223461 0.01738463 0.09815639 0.04388095
 0.12977144 0.07850955 0.04038299 0.03978543 0.0254571 ]
[0.08942245 0.03512582 0.08560488 0.07388684 0.03578586 0.01912676
 0.05182625 0.08560488 0.06757485 0.01912676 0.08051131 0.05604193
 0.08064674 0.08560488 0.05359042 0.04950005 0.03101943]
[0.0957897  0.03016302 0.07635271 0.08550521 0.02936064 0.02260113
 0.05281567 0.07635271 0.05727313 0.02260113 0.10064931 0.04919244
 0.09940594 0.07635271 0.04671216 0.05060967 0.02826271]
[0.1112795  0.01922643 0.08480293 0.0907883  0.02510826 0.01204538
 0.04313794 0.08480293 0.06271011 0.01204538 0.09502417 0.04696111
 0.11461186 0.08480293 0.04181538 0.04621842 0.02461895]
[0.09568484 0.02258826 0.07850955 0.09605899 0.02760157 0.01738463
 0.0380995  0.07850955 0.07223461 0.01738463 0.09815639 0.04388095
 0.12977144 0.07850955 0.04038299 0.03978543 0.0254571 ]
[0.08201075 0.02329106 0.08387005 0.09363404 0.02824054 0.01932759
 0.03467179 0.08387005 0.07338248 0.01932759 0.11801833 0.04244218
 0.10108926 0.08387005 0.03891952 0.05282024 0.02121441]
[0.09999894 0.01721134 0.07219216 0.10162196 0.02621909 0.02208695
 0.03338445 0.07219216 0.07902771 0.02208695 0.11158931 0.04740598
 0.11322065 0.07219216 0.0478549  0.0413479  0.02036744]
[0.08929488 0.01715635 0.08114535 0.13124843 0.02266509 0.01250532
 0.03354567 0.08114535 0.07241743 0.01250532 0.09580171 0.0363907
 0.11254883 0.08114535 0.05528763 0.04054208 0.02465448]
[0.0957897  0.03016302 0.07635271 0.08550521 0.02936064 0.02260113
 0.05281567 0.07635271 0.05727313 0.02260113 0.10064931 0.04919244
 0.09940594 0.07635271 0.04671216 0.05060967 0.02826271]
[0.07260022 0.02825483 0.06862801 0.09200058 0.03522134 0.01906316
 0.04442101 0.06862801 0.07157282 0.01906316 0.10285136 0.0593481
 0.12210608 0.06862801 0.04019652 0.0560901  0.03132663]
[0.09044628 0.02270686 0.07971144 0.11275953 0.02864895 0.01557481
 0.03399919 0.07971144 0.07720825 0.01557481 0.08731148 0.04841005
 0.11651128 0.07971144 0.04263192 0.05039772 0.01868455]
[0.08392959 0.02066153 0.07416698 0.11985534 0.03040132 0.01835781
 0.03864826 0.07416698 0.09373367 0.01835781 0.08892369 0.04465223
 0.0961985  0.07416698 0.04203249 0.05665281 0.025094  ]]