149962
Test: public void test65() throws Throwable { FTP fTP0 = new FTP(); // Undeclared exception!  fTP0.__noop();   }
Code: protected void __noop() throws IOException { final String msg = buildMessage(FTPCmd.NOOP.getCommand(), null); send(msg); __getReplyNoReport(); // This may timeout }
[[0.06857482 0.03481023 0.06115621 0.10744599 0.02710212 0.08536432
 0.03619172 0.05948198 0.05416679 0.03175696 0.06115621 0.05500532
 0.06115621 0.06115621 0.06115621 0.03148268 0.02481243 0.06115622
 0.01686738]
[0.07559495 0.03364455 0.06398858 0.12013425 0.02284153 0.07479998
 0.03365301 0.04966407 0.03753676 0.03091896 0.06398858 0.06102338
 0.06398858 0.06398858 0.06398858 0.03095587 0.02309263 0.06398858
 0.02220858]
[0.07627749 0.03399996 0.05891841 0.1171892  0.02607111 0.06268567
 0.03632762 0.06375039 0.04087581 0.03982949 0.05891841 0.06296936
 0.05891841 0.05891841 0.05891841 0.03772422 0.02789777 0.05891841
 0.02089145]
[0.08203947 0.03365716 0.05351486 0.15098856 0.02321467 0.09075733
 0.02811086 0.05761    0.05214813 0.03002472 0.05351486 0.06120117
 0.05351486 0.05351486 0.05351486 0.02736753 0.02472945 0.05351488
 0.01706179]
[0.07309493 0.02765365 0.06474779 0.1301516  0.02139992 0.0698914
 0.03157777 0.05927103 0.03532604 0.02768134 0.06474779 0.0597711
 0.06474779 0.06474779 0.06474779 0.03338969 0.02811279 0.0647478
 0.01419204]
[0.08235925 0.04161841 0.05743631 0.08082704 0.03289903 0.08401068
 0.04631579 0.06260183 0.05159663 0.03937154 0.05743631 0.04384718
 0.05743631 0.05743631 0.05743631 0.03514714 0.0265598  0.05743632
 0.02822779]
[0.05078356 0.03333725 0.06293865 0.10795654 0.02896342 0.08052457
 0.02980428 0.06306842 0.0482025  0.03361839 0.06293865 0.06160215
 0.06293865 0.06293865 0.06293865 0.03824173 0.03073542 0.06293866
 0.0155299 ]
[0.06056544 0.03341311 0.06098066 0.11751002 0.02760087 0.07548637
 0.03586655 0.04986774 0.04060708 0.0298451  0.06098066 0.06161262
 0.06098066 0.06098066 0.06098066 0.04450709 0.03868898 0.06098067
 0.01854505]
[0.07961467 0.0384996  0.06068558 0.10091761 0.02339159 0.07574414
 0.03708986 0.06515788 0.04890021 0.03138063 0.06068558 0.05918735
 0.06068558 0.06068558 0.06068558 0.032834   0.02533188 0.06068558
 0.0178371 ]
[0.07110152 0.03956694 0.06727971 0.07266884 0.03180757 0.05734709
 0.04025049 0.05594753 0.03887526 0.04051673 0.06727971 0.04718002
 0.06727971 0.06727971 0.06727971 0.04458298 0.0322749  0.06727973
 0.02420181]
[0.07627749 0.03399996 0.05891841 0.1171892  0.02607111 0.06268567
 0.03632762 0.06375039 0.04087581 0.03982949 0.05891841 0.06296936
 0.05891841 0.05891841 0.05891841 0.03772422 0.02789777 0.05891841
 0.02089145]
[0.07175212 0.0335098  0.06182282 0.1411128  0.02142454 0.07701246
 0.02938198 0.04833227 0.05220171 0.02932306 0.06182282 0.05311511
 0.06182282 0.06182282 0.06182282 0.03214921 0.02732477 0.06182283
 0.01242325]
[0.07627749 0.03399996 0.05891841 0.1171892  0.02607111 0.06268567
 0.03632762 0.06375039 0.04087581 0.03982949 0.05891841 0.06296936
 0.05891841 0.05891841 0.05891841 0.03772422 0.02789777 0.05891841
 0.02089145]
[0.07627749 0.03399996 0.05891841 0.1171892  0.02607111 0.06268567
 0.03632762 0.06375039 0.04087581 0.03982949 0.05891841 0.06296936
 0.05891841 0.05891841 0.05891841 0.03772422 0.02789777 0.05891841
 0.02089145]
[0.07627749 0.03399996 0.05891841 0.1171892  0.02607111 0.06268567
 0.03632762 0.06375039 0.04087581 0.03982949 0.05891841 0.06296936
 0.05891841 0.05891841 0.05891841 0.03772422 0.02789777 0.05891841
 0.02089145]
[0.07067509 0.02890663 0.05953579 0.11072971 0.0301534  0.09252211
 0.03847517 0.05621887 0.04571713 0.02380154 0.05953579 0.05456178
 0.05953579 0.05953579 0.05953579 0.03995824 0.03310025 0.05953581
 0.01796535]
[0.06683592 0.02852898 0.06414835 0.13887706 0.03073808 0.06895012
 0.02445627 0.05459538 0.04414627 0.02429763 0.06414835 0.06169882
 0.06414835 0.06414835 0.06414835 0.03252267 0.02464639 0.06414837
 0.01481628]
[0.07627749 0.03399997 0.05891841 0.11718923 0.02607112 0.06268568
 0.03632762 0.06375039 0.04087583 0.03982949 0.05891841 0.06296936
 0.05891841 0.05891841 0.05891841 0.03772423 0.02789778 0.05891842
 0.02089146]
[0.06360789 0.03111999 0.05709822 0.1333465  0.02854929 0.09721446
 0.03003445 0.05838056 0.04928987 0.0305217  0.05709822 0.04904919
 0.05709822 0.05709822 0.05709822 0.03806861 0.02803807 0.05709823
 0.02019006]]