15019
Test: public void test60() throws Throwable { DurationFormatUtils.Token durationFormatUtils_Token0 = new DurationFormatUtils.Token(" 0 days"); DurationFormatUtils.Token durationFormatUtils_Token1 = new DurationFormatUtils.Token(" 0 days"); TimeZone timeZone0 = TimeZone.getDefault(); DurationFormatUtils durationFormatUtils0 = new DurationFormatUtils(); DurationFormatUtils.formatDurationHMS(2435L); DurationFormatUtils.formatPeriod((-1859L), 3065L, " 0 days", false, timeZone0); DurationFormatUtils.lexx("'P'yyyy'Y'M'M'd'DT'H'H'm'M's.SSS'S'"); DurationFormatUtils.lexx(" 0 days"); DurationFormatUtils.formatPeriod((-1859L), (-1L), "t3+A6X urMYr", false, timeZone0); // Undeclared exception!  DurationFormatUtils.formatPeriodISO(2435L, 2010L);   }
Code: public static String formatPeriodISO(final long startMillis, final long endMillis) { return formatPeriod(startMillis, endMillis, ISO_EXTENDED_FORMAT_PATTERN, false, TimeZone.getDefault()); }
[[0.04241514 0.13106357 0.05411065 0.05884313 0.06958763 0.02320019
 0.03436763 0.06958763 0.05884313 0.05900223 0.04698167 0.05884313
 0.11093058 0.05884313 0.04593023 0.05884313 0.01860711]
[0.04582563 0.12839605 0.06667826 0.06097864 0.05725396 0.02007576
 0.03468612 0.05725396 0.06097864 0.08864244 0.04390525 0.06097864
 0.09378091 0.06097864 0.03504093 0.06097864 0.0235675 ]
[0.04687795 0.14310083 0.05371403 0.06573936 0.060153   0.02087792
 0.03638506 0.060153   0.06573936 0.07198157 0.04770538 0.06573936
 0.07404523 0.06573936 0.03821477 0.06573936 0.01809446]
[0.03685972 0.13567378 0.06493181 0.06022675 0.06078186 0.02173016
 0.03764566 0.06078186 0.06022675 0.06558642 0.0449262  0.06022675
 0.10981236 0.06022675 0.03836089 0.06022675 0.02177556]
[0.0303489  0.16122434 0.06342667 0.05546656 0.06067833 0.01304174
 0.02915987 0.06067833 0.05546656 0.07819941 0.04472721 0.05546656
 0.13227677 0.05546656 0.0306203  0.05546656 0.01828533]
[0.02472741 0.1721395  0.05990494 0.05891603 0.05984328 0.00987934
 0.02679439 0.05984328 0.05891603 0.07791388 0.04984604 0.05891603
 0.12541367 0.05891603 0.03022486 0.05891603 0.00888924]
[0.04207428 0.12657455 0.06123794 0.06110425 0.05979006 0.01488731
 0.02871135 0.05979006 0.06110425 0.07718273 0.06134764 0.06110425
 0.11520211 0.06110425 0.0327693  0.06110425 0.01491141]
[0.0303489  0.16122434 0.06342667 0.05546656 0.06067833 0.01304174
 0.02915987 0.06067833 0.05546656 0.07819941 0.04472721 0.05546656
 0.13227677 0.05546656 0.0306203  0.05546656 0.01828533]
[0.03685972 0.13567378 0.06493181 0.06022675 0.06078186 0.02173016
 0.03764566 0.06078186 0.06022675 0.06558642 0.0449262  0.06022675
 0.10981236 0.06022675 0.03836089 0.06022675 0.02177556]
[0.04542377 0.11171555 0.06206042 0.0566514  0.06878589 0.02250979
 0.04485444 0.06878589 0.0566514  0.07943507 0.05143985 0.0566514
 0.09793484 0.0566514  0.03681065 0.0566514  0.0269869 ]
[0.02857366 0.13962738 0.05823741 0.05468027 0.07310691 0.01397123
 0.02686794 0.07310691 0.05468027 0.06053213 0.04068314 0.05468027
 0.16523032 0.05468027 0.03030988 0.05468027 0.0163518 ]
[0.03685972 0.13567378 0.06493181 0.06022675 0.06078186 0.02173016
 0.03764566 0.06078186 0.06022675 0.06558642 0.0449262  0.06022675
 0.10981236 0.06022675 0.03836089 0.06022675 0.02177556]
[0.04366025 0.13211735 0.06092614 0.05361726 0.0588201  0.0194246
 0.03723114 0.0588201  0.05361726 0.09365248 0.04884302 0.05361726
 0.11681938 0.05361726 0.03964895 0.05361726 0.02195019]
[0.03685972 0.13567378 0.06493181 0.06022675 0.06078186 0.02173016
 0.03764566 0.06078186 0.06022675 0.06558642 0.0449262  0.06022675
 0.10981236 0.06022675 0.03836089 0.06022675 0.02177556]
[0.037513   0.14820042 0.06669588 0.0548687  0.05593412 0.01855279
 0.03427502 0.05593412 0.0548687  0.09783739 0.0582526  0.0548687
 0.10147414 0.0548687  0.03712469 0.0548687  0.01386236]
[0.03685972 0.13567378 0.06493181 0.06022675 0.06078186 0.02173016
 0.03764566 0.06078186 0.06022675 0.06558642 0.0449262  0.06022675
 0.10981236 0.06022675 0.03836089 0.06022675 0.02177556]
[0.03281802 0.14439248 0.06007259 0.06046822 0.05330147 0.0150151
 0.03006614 0.05330147 0.06046822 0.0895692  0.0731871  0.06046822
 0.0842635  0.06046822 0.04264903 0.06046822 0.01902281]]