129239
Test: public void test78() throws Throwable { boolean boolean0 = Precision.equals((float) 1, 0.0F, (float) 1); }
Code: public static boolean equals(float x, float y) { return equals(x, y, 1); }
[[0.0519096  0.15647754 0.12869321 0.07201279 0.06662172 0.04504212
 0.12418298 0.06996402 0.05722098 0.11578467 0.01884595 0.0709635
 0.02228091]
[0.05172978 0.14342564 0.1526793  0.06902356 0.0629314  0.03817696
 0.10998376 0.09828483 0.04944014 0.10740668 0.01673636 0.07394504
 0.02623661]
[0.03560723 0.13438866 0.18666445 0.06829388 0.07028452 0.04089897
 0.11771119 0.08805282 0.05838728 0.10470346 0.01157269 0.06691276
 0.01652207]
[0.04082088 0.14305356 0.15220208 0.06795058 0.07041255 0.05351299
 0.12700826 0.06571566 0.04957162 0.11396109 0.0212917  0.07223747
 0.02226162]
[0.05057296 0.14119707 0.13500904 0.07249207 0.06031828 0.0452904
 0.10529542 0.08164346 0.07243268 0.11917888 0.01992039 0.07671552
 0.0199338 ]
[0.04419408 0.15562123 0.14310366 0.06660306 0.07864398 0.03925236
 0.10232236 0.07664682 0.05668021 0.1249679  0.01932074 0.07011595
 0.02252766]
[0.04524728 0.17018276 0.14797492 0.06567688 0.06038391 0.04292405
 0.12870303 0.06249185 0.06016043 0.11873198 0.02100156 0.05798241
 0.01853895]
[0.05442307 0.13129696 0.1147951  0.06939384 0.06992617 0.04634671
 0.11090855 0.09176747 0.06207604 0.11462107 0.02302426 0.07974461
 0.03167612]
[0.03238041 0.14975901 0.169639   0.06462827 0.07934707 0.04735113
 0.11525474 0.06314549 0.04703861 0.12719445 0.01296854 0.07398026
 0.01731303]
[0.03973896 0.15187311 0.15337569 0.058544   0.06665076 0.04775203
 0.11605105 0.07504027 0.05665873 0.12043598 0.01881563 0.07920294
 0.01586086]
[0.03906928 0.16917446 0.18902554 0.07515387 0.05383317 0.04031151
 0.11949889 0.06955449 0.05112226 0.09167565 0.01230872 0.0657116
 0.02356055]
[0.03815073 0.17964393 0.1731672  0.05663964 0.05832076 0.04630764
 0.11296527 0.06840787 0.05880548 0.10363403 0.01584955 0.07349251
 0.01461536]
[0.03566595 0.15129432 0.1237007  0.06655444 0.07057297 0.04162187
 0.12648441 0.0924974  0.07813783 0.11050379 0.01660343 0.06649832
 0.01986458]]