11010
Test: public void test5() throws Throwable { MutableObject<String> mutableObject0 = new MutableObject<String>(); MutableObject<MutableObject<String>> mutableObject1 = new MutableObject<MutableObject<String>>(mutableObject0); String string0 = mutableObject1.toString(); }
Code: public String toString() { return value == null ? "null" : value.toString(); }
[[0.05486352 0.07029001 0.07134765 0.07420932 0.06050976 0.18172613
 0.08623604 0.06228437 0.09659822 0.10793542 0.05106414 0.05932882
 0.02360656]
[0.06010578 0.07085594 0.08887918 0.08086313 0.05982692 0.1951835
 0.07800743 0.05083341 0.08085719 0.11133727 0.04371005 0.05851271
 0.02102747]
[0.03847035 0.09768232 0.06532601 0.06940977 0.05795275 0.18408598
 0.07184342 0.05287348 0.14230612 0.11492828 0.02967979 0.05720412
 0.0182376 ]
[0.06447448 0.09461926 0.06670127 0.10250632 0.07435237 0.1393174
 0.06925434 0.05277951 0.08443625 0.08932034 0.05276551 0.07314526
 0.03632758]
[0.0410738  0.09392914 0.06017067 0.07805753 0.06001764 0.18892051
 0.08081035 0.05277596 0.11845809 0.10828862 0.03766787 0.05832441
 0.02150541]
[0.04313817 0.08287276 0.07122378 0.07107008 0.06539539 0.22006583
 0.07369191 0.05123433 0.11368755 0.09284564 0.03785863 0.05335432
 0.02356158]
[0.032215   0.09331059 0.07404704 0.07177398 0.0522645  0.22664396
 0.08184501 0.04228856 0.10457309 0.12244447 0.03821336 0.04514645
 0.01523402]
[0.04997782 0.07318901 0.07205033 0.10709573 0.07972193 0.16040678
 0.0792705  0.0467192  0.11391333 0.0988009  0.03841107 0.06368617
 0.0167572 ]
[0.04250692 0.09040947 0.08159113 0.09505448 0.05773105 0.21593902
 0.05274464 0.04187154 0.0975554  0.12601115 0.04154161 0.03882943
 0.0182142 ]
[0.04940887 0.08983456 0.06773964 0.08782948 0.06337264 0.19017708
 0.07028943 0.06124669 0.09765509 0.10815527 0.04093013 0.05508086
 0.01828024]
[0.05972307 0.07239072 0.06061875 0.09203138 0.07523748 0.14616756
 0.07356375 0.06072439 0.13475946 0.08276336 0.04107863 0.06905925
 0.0318822 ]
[0.050467   0.07650354 0.08912174 0.07148353 0.06255698 0.2036609
 0.07270397 0.05034681 0.11752365 0.0982706  0.03801466 0.05085479
 0.01849189]
[0.04031866 0.07398398 0.08652257 0.08540176 0.08279198 0.20333402
 0.06832071 0.04727213 0.10974763 0.08376093 0.03313932 0.06615041
 0.01925595]]