165960
Test: public void test5() throws Throwable { ConfigurationLookup configurationLookup0 = null;  configurationLookup0 = new ConfigurationLookup((ImmutableConfiguration) null);   }
Code: public ConfigurationLookup(final ImmutableConfiguration config) { if (config == null) { throw new IllegalArgumentException("Configuration must not be null!"); } configuration = config; }
[[0.03932627 0.05455452 0.05455452 0.03201473 0.05116744 0.10587282
 0.05455452 0.06239212 0.02128171 0.05116744 0.03974776 0.01992211
 0.05455452 0.09450004 0.03557242 0.03342639 0.05455453 0.01647796
 0.02866169 0.02466391 0.05455453 0.01647796]
[0.03292668 0.05510833 0.05510833 0.02620378 0.05135712 0.08078533
 0.05510833 0.06257413 0.02344151 0.05135712 0.03888306 0.02495653
 0.05510833 0.10514464 0.02662964 0.0416881  0.05510833 0.01751438
 0.03316471 0.03520893 0.05510834 0.01751438]
[0.03292668 0.05510833 0.05510833 0.02620378 0.05135712 0.08078533
 0.05510833 0.06257413 0.02344151 0.05135712 0.03888306 0.02495653
 0.05510833 0.10514464 0.02662964 0.0416881  0.05510833 0.01751438
 0.03316471 0.03520893 0.05510834 0.01751438]
[0.03170591 0.05845478 0.05845478 0.03516894 0.05059657 0.10718689
 0.05845478 0.05947104 0.01855342 0.05059657 0.03317344 0.02136849
 0.05845478 0.09122904 0.03009661 0.03334473 0.05845478 0.01528821
 0.03134803 0.02485521 0.05845479 0.01528821]
[0.04047865 0.05351976 0.05351976 0.03206175 0.06398062 0.06986091
 0.05351976 0.04356608 0.02639349 0.06398062 0.03694344 0.02274439
 0.05351976 0.08346634 0.03689604 0.04195496 0.05351976 0.02273488
 0.03743548 0.03364889 0.05351977 0.02273488]
[0.02581187 0.05862215 0.05862215 0.02735053 0.05649354 0.1463711
 0.05862215 0.05208142 0.00983229 0.05649354 0.02523238 0.0100774
 0.05862215 0.12118577 0.02315277 0.03579734 0.05862216 0.00856503
 0.02086614 0.02039099 0.05862216 0.00856503]
[0.03292668 0.05510833 0.05510833 0.02620378 0.05135712 0.08078533
 0.05510833 0.06257413 0.02344151 0.05135712 0.03888306 0.02495653
 0.05510833 0.10514464 0.02662964 0.0416881  0.05510833 0.01751438
 0.03316471 0.03520893 0.05510834 0.01751438]
[0.02589558 0.04228543 0.04228543 0.02860243 0.06671666 0.14272475
 0.04228543 0.06410913 0.01682596 0.06671666 0.03173832 0.01720138
 0.04228543 0.14446512 0.02345711 0.03891169 0.04228543 0.01367369
 0.02473637 0.02683884 0.04228543 0.01367369]
[0.03071654 0.05580211 0.05580211 0.02566689 0.06882756 0.1395247
 0.05580211 0.05764756 0.0190645  0.06882756 0.02885466 0.01254764
 0.05580211 0.09025411 0.02921078 0.03321376 0.05580212 0.01064461
 0.01968122 0.01986069 0.05580212 0.01064461]
[0.04047865 0.05351976 0.05351976 0.03206175 0.06398062 0.06986091
 0.05351976 0.04356608 0.02639349 0.06398062 0.03694344 0.02274439
 0.05351976 0.08346634 0.03689604 0.04195496 0.05351976 0.02273488
 0.03743548 0.03364889 0.05351977 0.02273488]
[0.03015701 0.04954015 0.04954015 0.02488903 0.07650459 0.10430488
 0.04954015 0.04544763 0.01759998 0.07650459 0.03587981 0.01637919
 0.04954015 0.13468665 0.02617437 0.04256886 0.04954015 0.01269573
 0.02030542 0.02596563 0.04954016 0.01269573]
[0.03275875 0.05051575 0.05051575 0.03282937 0.05866667 0.11170451
 0.05051575 0.06094677 0.01855788 0.05866667 0.03668308 0.02137095
 0.05051575 0.11524285 0.02464294 0.0426378  0.05051575 0.01708223
 0.02176695 0.02626584 0.05051576 0.01708223]
[0.03292668 0.05510833 0.05510833 0.02620378 0.05135712 0.08078533
 0.05510833 0.06257413 0.02344151 0.05135712 0.03888306 0.02495653
 0.05510833 0.10514464 0.02662964 0.0416881  0.05510833 0.01751438
 0.03316471 0.03520893 0.05510834 0.01751438]
[0.03063    0.04761934 0.04761934 0.03075799 0.06896415 0.11533934
 0.04761934 0.05061894 0.02141928 0.06896415 0.04056223 0.02318053
 0.04761934 0.09646349 0.02507112 0.05640631 0.04761933 0.0157883
 0.02626126 0.0280687  0.04761934 0.0157883 ]
[0.03001103 0.05163991 0.05163991 0.02529162 0.06469626 0.10152167
 0.05163991 0.06215812 0.02275192 0.06469626 0.0392081  0.01939565
 0.05163991 0.10022594 0.02851102 0.04488244 0.05163991 0.01792142
 0.02971686 0.02125079 0.05163992 0.01792141]
[0.03239117 0.05820595 0.05820595 0.02566519 0.0504141  0.10922389
 0.05820595 0.05250642 0.01988343 0.0504141  0.0297607  0.01526864
 0.05820595 0.10469933 0.02872526 0.04402615 0.05820595 0.01682314
 0.02880704 0.02533263 0.05820595 0.01682314]
[0.03292668 0.05510833 0.05510833 0.02620378 0.05135712 0.08078533
 0.05510833 0.06257413 0.02344151 0.05135712 0.03888306 0.02495653
 0.05510833 0.10514464 0.02662964 0.0416881  0.05510833 0.01751438
 0.03316471 0.03520893 0.05510834 0.01751438]
[0.02845966 0.05363619 0.05363619 0.03155013 0.07075293 0.1093089
 0.05363619 0.04911597 0.0179181  0.07075293 0.0383481  0.01593798
 0.05363619 0.07711161 0.02992002 0.05425205 0.05363619 0.01534071
 0.02859747 0.02547553 0.05363621 0.01534071]
[0.03717472 0.0568819  0.0568819  0.03166791 0.05143509 0.0943552
 0.0568819  0.06465783 0.01821327 0.05143509 0.03583093 0.01443133
 0.0568819  0.09813792 0.02807671 0.04781351 0.0568819  0.01645857
 0.02540523 0.0271567  0.05688191 0.01645857]
[0.04222317 0.05975089 0.05975089 0.03371746 0.04666992 0.09326185
 0.05975089 0.04791849 0.02714727 0.04666992 0.03421029 0.01981239
 0.05975089 0.05936105 0.04011156 0.04188308 0.05975089 0.02044844
 0.03289662 0.03471468 0.0597509  0.02044844]
[0.03292669 0.05510833 0.05510833 0.02620378 0.05135712 0.08078533
 0.05510833 0.06257411 0.02344152 0.05135712 0.03888306 0.02495653
 0.05510833 0.1051446  0.02662964 0.04168809 0.05510833 0.01751438
 0.0331647  0.03520893 0.05510833 0.01751438]
[0.02845966 0.05363619 0.05363619 0.03155012 0.07075295 0.10930887
 0.05363619 0.04911597 0.0179181  0.07075295 0.03834811 0.01593798
 0.05363619 0.07711157 0.02992002 0.05425205 0.05363619 0.01534071
 0.02859748 0.02547554 0.0536362  0.01534071]]