24585
Test: public void test54() throws Throwable { Point1S point1S0 = Point1S.ZERO; Precision.DoubleEquivalence precision_DoubleEquivalence0 = mock(Precision.DoubleEquivalence.class, new ViolatedAssumptionAnswer()); doReturn(false).when(precision_DoubleEquivalence0).eqZero(anyDouble()); AngularInterval angularInterval0 = AngularInterval.of(point1S0, point1S0, precision_DoubleEquivalence0); double double0 = angularInterval0.getMax(); }
Code: public double getMax() { return (maxBoundary != null) ? maxBoundary.getAzimuth() : Angle.TWO_PI; }
[[0.0669199  0.11518443 0.09283748 0.09156268 0.07393605 0.09283748
 0.03682957 0.03560711 0.11686273 0.09283748 0.06272471 0.09283748
 0.02902295]
[0.05516042 0.11911942 0.09855218 0.0988221  0.08463449 0.09855218
 0.03104263 0.02698161 0.11749734 0.09855219 0.04667208 0.09855219
 0.02586111]
[0.05703877 0.10603832 0.09417453 0.09609423 0.06937882 0.09417453
 0.03864832 0.04100265 0.12749325 0.09417454 0.05535723 0.09417454
 0.03225028]
[0.06985999 0.09369648 0.0897961  0.11618504 0.07989434 0.0897961
 0.05019251 0.04441918 0.08841014 0.0897961  0.05780819 0.0897961
 0.04034975]
[0.0500679  0.10647996 0.09975706 0.09799385 0.07267196 0.09975706
 0.03088992 0.02950077 0.13998164 0.09975706 0.04653618 0.09975706
 0.02684955]
[0.05703877 0.10603832 0.09417453 0.09609423 0.06937882 0.09417453
 0.03864832 0.04100265 0.12749325 0.09417454 0.05535723 0.09417454
 0.03225028]
[0.05318086 0.10389082 0.09339531 0.13615616 0.07527316 0.09339531
 0.0236543  0.02735138 0.14809221 0.09339532 0.03539874 0.09339532
 0.02342112]
[0.05651138 0.09150329 0.0993252  0.13369156 0.06882967 0.0993252
 0.03156176 0.03426059 0.12281784 0.09932522 0.04327252 0.09932522
 0.02025052]
[0.05605189 0.11435711 0.08798452 0.13167828 0.07681696 0.08798452
 0.03397604 0.02795742 0.12555571 0.08798452 0.05665068 0.08798452
 0.0250177 ]
[0.05703877 0.10603832 0.09417453 0.09609423 0.06937882 0.09417453
 0.03864832 0.04100265 0.12749325 0.09417454 0.05535723 0.09417454
 0.03225028]
[0.06735842 0.1018872  0.08211486 0.1041063  0.08484641 0.08211486
 0.04268937 0.03669036 0.15153088 0.08211485 0.04640569 0.08211485
 0.03602597]
[0.05703877 0.10603832 0.09417453 0.09609423 0.06937882 0.09417453
 0.03864832 0.04100265 0.12749325 0.09417454 0.05535723 0.09417454
 0.03225028]
[0.04762006 0.11064819 0.08795246 0.1287492  0.10584467 0.08795246
 0.03550069 0.02963856 0.11661059 0.08795246 0.04617903 0.08795246
 0.02739922]]