8212
Test: public void test49() throws Throwable { boolean boolean0 = CharUtils.isAsciiPrintable(''); }
Code: public static boolean isAsciiPrintable(final char ch) { return ch >= 32 && ch < 127; }
[[0.04724293 0.13711658 0.12013807 0.06553596 0.06648719 0.05050648
 0.0606449  0.05170268 0.08047984 0.03936099 0.03296291 0.02990661
 0.08047984 0.0372857  0.08053419 0.01961505]
[0.04578887 0.12388263 0.1379549  0.06147919 0.06363433 0.031587
 0.08338728 0.04351483 0.08864315 0.04028564 0.02483951 0.03307633
 0.08864315 0.03089518 0.07991028 0.02247777]
[0.03371697 0.12219617 0.18408486 0.06527668 0.06484372 0.02919251
 0.07875748 0.05383346 0.08373247 0.03035033 0.01913408 0.02236255
 0.08373247 0.02466379 0.08914018 0.0149823 ]
[0.0352427  0.12183303 0.13331226 0.05895577 0.0782963  0.03246228
 0.05512873 0.04275525 0.10071021 0.03673277 0.02490221 0.02560059
 0.10071021 0.0300555  0.1045132  0.01878898]
[0.03146764 0.13053176 0.15576015 0.05972461 0.06426251 0.03041777
 0.06778611 0.05150397 0.09918498 0.02469203 0.02178644 0.02326227
 0.09918498 0.03069085 0.0932191  0.0165248 ]
[0.03381673 0.11738811 0.15982775 0.06250872 0.09323382 0.03564156
 0.07298879 0.04377062 0.09427304 0.03407825 0.01926905 0.02536071
 0.09427304 0.02596864 0.07445941 0.0131418 ]
[0.04998045 0.11429745 0.11550768 0.06746807 0.06893308 0.03755721
 0.07589323 0.05810423 0.07631504 0.03843202 0.03357895 0.04289531
 0.07631504 0.0392839  0.07796634 0.02747196]
[0.03092599 0.13734297 0.1740817  0.0635142  0.05820338 0.03981965
 0.05664781 0.04555411 0.09686294 0.03261808 0.01892145 0.02115236
 0.09686294 0.0250858  0.08668883 0.01571779]
[0.04635932 0.11754737 0.13993092 0.06089898 0.0641045  0.02836705
 0.08159789 0.04532059 0.09032817 0.03175583 0.02517325 0.02861241
 0.09032817 0.02832538 0.10641089 0.01493937]
[0.03830133 0.11278676 0.15241297 0.06554367 0.07130523 0.02894354
 0.07821622 0.05472326 0.08553475 0.04477747 0.02985468 0.02857099
 0.08553475 0.02483017 0.08167468 0.01698954]
[0.03574127 0.11856897 0.12172596 0.05825858 0.07314279 0.0346786
 0.06071032 0.04578791 0.10079318 0.03603827 0.027283   0.02805145
 0.10079318 0.02971084 0.11119847 0.01751722]
[0.03424076 0.12534562 0.17556463 0.06378223 0.06453311 0.0301065
 0.06662257 0.04381299 0.08188532 0.03673033 0.02050185 0.02304618
 0.08188532 0.02631531 0.10422076 0.02140653]
[0.04635932 0.11754737 0.13993092 0.06089898 0.0641045  0.02836705
 0.08159789 0.04532059 0.09032817 0.03175583 0.02517325 0.02861241
 0.09032817 0.02832538 0.10641089 0.01493937]
[0.03619784 0.11368899 0.11439329 0.05815774 0.08507279 0.05304424
 0.06586836 0.06347071 0.08140765 0.04699887 0.03085144 0.02472892
 0.08140765 0.03402264 0.09002335 0.02066559]
[0.04367029 0.10920613 0.16308907 0.06057626 0.09028737 0.0280132
 0.08588417 0.04710726 0.06468543 0.04029364 0.02556531 0.03040746
 0.06468543 0.03153155 0.09827467 0.0167227 ]
[0.03201142 0.12703387 0.11558756 0.06104017 0.08057068 0.04207146
 0.07548134 0.06795235 0.09591515 0.03452304 0.02437651 0.02657324
 0.09591515 0.02719035 0.07718736 0.01657028]]