30125
Test: public void test18() throws Throwable { boolean boolean0 = MoreStringUtil.startWith("", '.'); }
Code: public static boolean startWith(@Nullable CharSequence s, char c) { if (StringUtils.isEmpty(s)) { return false; } return s.charAt(0) == c; }
[[0.03395523 0.10212134 0.08431441 0.04710504 0.11358745 0.03134295
 0.04876166 0.05015934 0.04563105 0.09156099 0.04710504 0.04563105
 0.03741297 0.04731792 0.01454513 0.03741297 0.02587904 0.05345662
 0.02815469 0.01454513]
[0.03429404 0.09170866 0.10430582 0.04617932 0.09330834 0.03387371
 0.04698906 0.03962553 0.06119079 0.09316602 0.04617932 0.06119079
 0.03250434 0.05254396 0.01657407 0.03250434 0.02492976 0.04349903
 0.02885908 0.01657407]
[0.02434985 0.08736868 0.13421738 0.0472475  0.11557871 0.02608832
 0.04638888 0.0462363  0.056074   0.08860353 0.0472475  0.056074
 0.03862482 0.04660904 0.01070477 0.03862482 0.02493601 0.037168
 0.01715312 0.01070477]
[0.02795493 0.0977312  0.10449874 0.04657465 0.10172512 0.03386049
 0.06313464 0.06061168 0.04477789 0.06888368 0.04657465 0.04477789
 0.03394166 0.05507556 0.01518477 0.03394166 0.02721154 0.05290419
 0.02545021 0.01518477]
[0.02732758 0.0988778  0.11431769 0.04587486 0.09117416 0.03484552
 0.04319499 0.05834926 0.05839889 0.10249883 0.04587486 0.05839889
 0.03274349 0.04446292 0.01212519 0.03274349 0.02119366 0.04620578
 0.01926688 0.01212519]
[0.03619868 0.07965986 0.07875298 0.04631733 0.0897193  0.03654856
 0.06053472 0.04601381 0.05923985 0.08472943 0.04631733 0.05923985
 0.04393324 0.05542484 0.01252607 0.04393324 0.02405323 0.05101155
 0.03332003 0.01252606]
[0.02289925 0.09870089 0.10530404 0.04154668 0.11813572 0.02538172
 0.04870293 0.06186512 0.05310541 0.09451559 0.04154668 0.05310541
 0.03738835 0.04483809 0.01278246 0.03738835 0.02018558 0.05090922
 0.01891599 0.01278246]
[0.02961746 0.09585027 0.11866955 0.0446545  0.1071951  0.02802127
 0.05281268 0.04868625 0.05589072 0.08460093 0.0446545  0.05589072
 0.03239676 0.05622423 0.01203714 0.03239676 0.02578691 0.04119962
 0.02137753 0.01203714]
[0.03753953 0.08704685 0.08482996 0.04996003 0.09211081 0.04565409
 0.05262974 0.04036873 0.05860347 0.06488462 0.04996003 0.05860347
 0.04343191 0.05601437 0.02094289 0.04343191 0.02341484 0.04057143
 0.02905841 0.02094288]
[0.02019471 0.1242814  0.12675549 0.0464075  0.12885205 0.0275743
 0.05703004 0.05055873 0.04303231 0.1140818  0.0464075  0.04303231
 0.02663548 0.03867874 0.00656881 0.02663548 0.01396567 0.04117561
 0.01156324 0.00656881]
[0.02795493 0.0977312  0.10449874 0.04657465 0.10172512 0.03386049
 0.06313464 0.06061168 0.04477789 0.06888368 0.04657465 0.04477789
 0.03394166 0.05507556 0.01518477 0.03394166 0.02721154 0.05290419
 0.02545021 0.01518477]
[0.03753953 0.08704685 0.08482996 0.04996003 0.09211081 0.04565409
 0.05262974 0.04036873 0.05860347 0.06488462 0.04996003 0.05860347
 0.04343191 0.05601437 0.02094289 0.04343191 0.02341484 0.04057143
 0.02905841 0.02094288]
[0.02273361 0.10544662 0.11845565 0.04527861 0.12186621 0.03803322
 0.04428667 0.05412993 0.04452873 0.09370694 0.04527861 0.04452873
 0.03299127 0.05012722 0.0121988  0.03299127 0.01738361 0.04388538
 0.01995007 0.0121988 ]
[0.03554907 0.08097764 0.09255587 0.05071545 0.08918764 0.03459487
 0.05850756 0.04483314 0.04927981 0.0739675  0.05071545 0.04927981
 0.04142492 0.0636682  0.01991091 0.04142492 0.02504016 0.04809584
 0.03036031 0.01991092]
[0.02448618 0.09684614 0.08858433 0.04673923 0.08066446 0.02707233
 0.06139598 0.04445082 0.05745778 0.09329779 0.04673923 0.05745778
 0.05189735 0.05242965 0.01262828 0.05189735 0.02917716 0.04196789
 0.02218202 0.01262828]
[0.02273361 0.10544662 0.11845565 0.04527861 0.12186621 0.03803322
 0.04428667 0.05412993 0.04452873 0.09370694 0.04527861 0.04452873
 0.03299127 0.05012722 0.0121988  0.03299127 0.01738361 0.04388538
 0.01995007 0.0121988 ]
[0.0292014  0.09406178 0.12795296 0.04687601 0.1012091  0.0384944
 0.03838331 0.04544084 0.05297231 0.09420142 0.04687601 0.05297231
 0.03891205 0.03773602 0.01613992 0.03891205 0.01947695 0.03923158
 0.02480964 0.01613992]
[0.01898058 0.11207248 0.1545877  0.03038498 0.12966546 0.02470709
 0.04519212 0.04447988 0.0508433  0.10440657 0.03038498 0.0508433
 0.03136949 0.0359537  0.01032977 0.03136949 0.02123863 0.04662795
 0.01623278 0.01032977]
[0.02722323 0.09604964 0.11337938 0.04622703 0.13791041 0.0283582
 0.05399855 0.05049396 0.05146066 0.07795085 0.04622703 0.05146066
 0.03833962 0.04499624 0.01260363 0.03833962 0.01847895 0.03520394
 0.01869477 0.01260363]
[0.02448618 0.09684614 0.08858433 0.04673923 0.08066446 0.02707233
 0.06139598 0.04445082 0.05745778 0.09329779 0.04673923 0.05745778
 0.05189735 0.05242965 0.01262828 0.05189735 0.02917716 0.04196789
 0.02218202 0.01262828]]