26266
Test: public void test100() throws Throwable { Precision.DoubleEquivalence precision_DoubleEquivalence0 = mock(Precision.DoubleEquivalence.class, new ViolatedAssumptionAnswer()); Interval interval0 = Interval.max(1603.3, precision_DoubleEquivalence0); boolean boolean0 = interval0.isFull(); }
Code: public boolean isInfinite() { return minBoundary == null || maxBoundary == null; }
[[0.05592985 0.13344143 0.07759499 0.0806272  0.06230033 0.07759499
 0.0864927  0.06220585 0.05697015 0.077595   0.0864927  0.11760088
 0.025154  ]
[0.04031696 0.20237389 0.07658178 0.10536112 0.06789187 0.07658178
 0.06099868 0.04691049 0.05190122 0.07658178 0.06099868 0.1139825
 0.01951934]
[0.04394201 0.15809688 0.07227156 0.07557479 0.05348942 0.07227156
 0.08218135 0.0471875  0.06373912 0.07227156 0.08218133 0.15153375
 0.02525922]
[0.06187007 0.12745762 0.0777601  0.10685647 0.07023937 0.0777601
 0.06449963 0.04922596 0.05652815 0.07776011 0.06449963 0.12904339
 0.03649934]
[0.03988403 0.18601868 0.07620414 0.084739   0.05674456 0.07620414
 0.07279009 0.04741553 0.04890197 0.07620414 0.07279008 0.13922428
 0.02287937]
[0.04394201 0.15809688 0.07227156 0.07557479 0.05348942 0.07227156
 0.08218135 0.0471875  0.06373912 0.07227156 0.08218133 0.15153375
 0.02525922]
[0.03374467 0.24178928 0.05025706 0.10239716 0.05657873 0.05025706
 0.08066109 0.03845077 0.06515744 0.05025706 0.08066106 0.12952366
 0.02026502]
[0.04828    0.12820517 0.07337069 0.11621283 0.0786186  0.07337069
 0.0757857  0.04424858 0.05205891 0.07337068 0.0757857  0.14306056
 0.01763187]
[0.04310366 0.15134396 0.08478473 0.12690082 0.06413431 0.08478473
 0.06798799 0.04823    0.05455512 0.08478472 0.06798801 0.10647244
 0.01492953]
[0.04394201 0.15809688 0.07227156 0.07557479 0.05348942 0.07227156
 0.08218135 0.0471875  0.06373912 0.07227156 0.08218133 0.15153375
 0.02525922]
[0.03374467 0.24178928 0.05025706 0.10239716 0.05657873 0.05025706
 0.08066109 0.03845077 0.06515744 0.05025706 0.08066106 0.12952366
 0.02026502]
[0.05179684 0.16197863 0.08749384 0.07904967 0.06349491 0.08749384
 0.07165141 0.04966906 0.06356672 0.08749385 0.07165141 0.10026443
 0.02439535]
[0.03980285 0.13531384 0.0734916  0.10774547 0.08850741 0.0734916
 0.06943999 0.04473288 0.06080798 0.0734916  0.06943999 0.14081143
 0.02292337]]