135962
Test: public void test61() throws Throwable { Document document0 = Document.createShell("Content-Encoding"); Elements elements0 = document0.getElementsByIndexLessThan(0); // Undeclared exception!  elements0.not("application/x-www-form-urlencoded");   }
Code: public Elements not(String query) { Elements out = Selector.select(query, this); return Selector.filterOut(this, out); }
[[0.06344898 0.04319295 0.0880118  0.06712659 0.07581998 0.04319295
 0.06031786 0.03936292 0.0880118  0.19386657 0.06874347 0.0880118
 0.05578005 0.02511228]
[0.05816492 0.03427693 0.07994285 0.0671209  0.10192825 0.03427693
 0.073521   0.04664955 0.07994286 0.19931436 0.07785319 0.07994286
 0.043027   0.02403838]
[0.05129923 0.0370756  0.08705244 0.06271555 0.07340936 0.0370756
 0.06046248 0.05344884 0.08705244 0.23708674 0.06205409 0.08705244
 0.03869779 0.02551743]
[0.05563733 0.03575691 0.08178879 0.05908117 0.09426016 0.03575691
 0.04463428 0.05108035 0.08178879 0.24227737 0.07406121 0.08178879
 0.04180347 0.02028454]
[0.06320661 0.04325124 0.08488739 0.06509849 0.09695086 0.04325124
 0.0567798  0.05240839 0.08488739 0.17131028 0.07335283 0.08488739
 0.04479827 0.03492985]
[0.05816492 0.03427693 0.07994285 0.0671209  0.10192825 0.03427693
 0.073521   0.04664955 0.07994286 0.19931436 0.07785319 0.07994286
 0.043027   0.02403838]
[0.05058926 0.03670582 0.08405081 0.0633084  0.10422771 0.03670582
 0.06342648 0.04150879 0.0840508  0.1965047  0.08096483 0.0840508
 0.0469346  0.02697117]
[0.06699818 0.03980289 0.09483133 0.06087807 0.07331441 0.03980289
 0.05993377 0.05487103 0.09483133 0.1609728  0.07309212 0.09483133
 0.05357134 0.03226849]
[0.05129923 0.0370756  0.08705244 0.06271555 0.07340936 0.0370756
 0.06046248 0.05344884 0.08705244 0.23708674 0.06205409 0.08705244
 0.03869779 0.02551743]
[0.05945881 0.0413672  0.08346304 0.05856869 0.10337042 0.0413672
 0.05341138 0.04177593 0.08346304 0.20951039 0.06340224 0.08346304
 0.05328161 0.02409702]
[0.04410708 0.03865091 0.09278458 0.05763534 0.07628943 0.03865091
 0.05062416 0.04251513 0.09278458 0.24614638 0.06574256 0.09278458
 0.03987288 0.02141151]
[0.05129923 0.0370756  0.08705244 0.06271555 0.07340936 0.0370756
 0.06046248 0.05344884 0.08705244 0.23708674 0.06205409 0.08705244
 0.03869779 0.02551743]
[0.04681959 0.0410432  0.08661558 0.06102722 0.09461835 0.0410432
 0.063808   0.0494245  0.08661558 0.20435745 0.07419099 0.08661558
 0.04197959 0.02184116]
[0.04322776 0.03389197 0.08164997 0.06063611 0.10642095 0.03389197
 0.06554329 0.03858145 0.08164997 0.19720757 0.09306036 0.08164997
 0.05946232 0.02312642]]