91011
Test: public void test0() throws Throwable { ExecutionVisitor executionVisitor0 = new ExecutionVisitor(); POP2 pOP2_0 = new POP2(); // Undeclared exception!  executionVisitor0.visitPOP2(pOP2_0);   }
Code: public void visitPOP2(final POP2 o) { final Type t = stack().pop(); if (t.getSize() == 1) { stack().pop(); } }
[[0.04303791 0.03449221 0.0597023  0.0597023  0.06711605 0.05482504
 0.03420717 0.0506617  0.07408263 0.02691692 0.0597023  0.11574583
 0.0597023  0.06861496 0.04140931 0.05482504 0.05970231 0.01777682
 0.01777682]
[0.03557226 0.03062547 0.06967732 0.06967732 0.0646419  0.06005359
 0.03056983 0.03305065 0.06874225 0.02864192 0.06967732 0.11804633
 0.06967732 0.05180329 0.03310032 0.06005359 0.06967733 0.01835599
 0.01835599]
[0.03826164 0.03268975 0.06467113 0.06467113 0.06539787 0.05617407
 0.03559333 0.03320676 0.06189103 0.0401676  0.06467113 0.09299064
 0.06467113 0.07337327 0.05189804 0.05617407 0.06467114 0.01941315
 0.01941315]
[0.03826164 0.03268975 0.06467113 0.06467113 0.06539787 0.05617407
 0.03559333 0.03320676 0.06189103 0.0401676  0.06467113 0.09299064
 0.06467113 0.07337327 0.05189804 0.05617407 0.06467114 0.01941315
 0.01941315]
[0.03968868 0.03098    0.05958246 0.05958246 0.07936412 0.06934047
 0.03680186 0.03634528 0.06011637 0.0332172  0.05958246 0.09800658
 0.05958246 0.05622613 0.05002756 0.06934047 0.05958246 0.0213165
 0.0213165 ]
[0.04494745 0.03901763 0.05992588 0.05992588 0.05871551 0.06992833
 0.04403966 0.03994223 0.06461437 0.03731319 0.05992588 0.07772024
 0.05992588 0.0486329  0.05551192 0.06992833 0.0599259  0.02502939
 0.02502939]
[0.03986828 0.02900467 0.06414227 0.06414227 0.07289927 0.06341136
 0.02616962 0.02224185 0.07961732 0.03095036 0.06414227 0.13453245
 0.06414227 0.05964143 0.03210612 0.06341136 0.06414228 0.01271725
 0.01271725]
[0.04229105 0.02618755 0.06359496 0.06359496 0.06700642 0.05407718
 0.03615952 0.04230349 0.07538652 0.0249095  0.06359496 0.12122163
 0.06359496 0.06788874 0.03989351 0.05407718 0.06359497 0.01531144
 0.01531144]
[0.03520677 0.0254014  0.06113081 0.06113081 0.06995162 0.07902332
 0.0296395  0.03555162 0.06478894 0.02031585 0.06113081 0.14714909
 0.06113081 0.04802086 0.03438502 0.07902332 0.06113081 0.01294431
 0.01294431]
[0.04601443 0.03738419 0.06510453 0.06510453 0.06600933 0.05126842
 0.03873593 0.03229291 0.06911561 0.0379492  0.06510453 0.10171644
 0.06510453 0.05211557 0.0458411  0.05126842 0.06510454 0.02238289
 0.02238289]
[0.03826164 0.03268975 0.06467113 0.06467113 0.06539787 0.05617407
 0.03559333 0.03320676 0.06189103 0.0401676  0.06467113 0.09299064
 0.06467113 0.07337327 0.05189804 0.05617407 0.06467114 0.01941315
 0.01941315]
[0.02894694 0.02136256 0.06854008 0.06854008 0.07220271 0.05733758
 0.02118442 0.0191718  0.08350445 0.02235017 0.06854008 0.16190034
 0.06854008 0.06061432 0.03354024 0.05733758 0.0685401  0.00892319
 0.00892319]
[0.03826164 0.03268975 0.06467113 0.06467113 0.06539787 0.05617407
 0.03559333 0.03320676 0.06189103 0.0401676  0.06467113 0.09299064
 0.06467113 0.07337327 0.05189804 0.05617407 0.06467114 0.01941315
 0.01941315]
[0.02990591 0.03021489 0.05129898 0.05129898 0.06502365 0.06918455
 0.02649465 0.03447908 0.08217982 0.03047492 0.05129898 0.16566119
 0.05129898 0.07550252 0.03610637 0.06918455 0.05129898 0.01454651
 0.01454651]
[0.03919946 0.02895073 0.05683759 0.05683759 0.07251295 0.08583207
 0.02869969 0.03094883 0.07081299 0.01994938 0.05683759 0.12583026
 0.05683759 0.05818453 0.04421707 0.08583207 0.05683759 0.01242099
 0.01242099]
[0.04494745 0.03901763 0.05992588 0.05992588 0.05871551 0.06992833
 0.04403966 0.03994223 0.06461437 0.03731319 0.05992588 0.07772024
 0.05992588 0.0486329  0.05551192 0.06992833 0.0599259  0.02502939
 0.02502939]
[0.03826165 0.03268975 0.06467112 0.06467112 0.06539788 0.05617408
 0.03559333 0.03320677 0.06189102 0.04016759 0.06467112 0.09299065
 0.06467112 0.07337326 0.05189804 0.05617408 0.06467113 0.01941315
 0.01941315]
[0.03158257 0.02904213 0.05950235 0.05950235 0.07252755 0.07862878
 0.02834878 0.02878552 0.07785635 0.02828316 0.05950235 0.12132803
 0.05950235 0.05451505 0.03887601 0.07862878 0.05950236 0.01704277
 0.01704277]
[0.03158257 0.02904213 0.05950235 0.05950235 0.07252755 0.07862878
 0.02834878 0.02878552 0.07785635 0.02828316 0.05950235 0.12132803
 0.05950235 0.05451505 0.03887601 0.07862878 0.05950236 0.01704277
 0.01704277]]