38281
Test: public void test142() throws Throwable { UTCDateTimeZone uTCDateTimeZone0 = (UTCDateTimeZone)UTCDateTimeZone.INSTANCE; CopticChronology copticChronology0 = CopticChronology.getInstance((DateTimeZone) uTCDateTimeZone0); MutableDateTime mutableDateTime0 = new MutableDateTime(30672000000L, (Chronology) copticChronology0); MutableDateTime.Property mutableDateTime_Property0 = mutableDateTime0.yearOfCentury(); // Undeclared exception!  mutableDateTime_Property0.set(5450);   }
Code: public void set(DateTimeFieldType type, int value) { if (type == null) { throw new IllegalArgumentException("Field must not be null"); } setMillis(type.getField(getChronology()).set(getMillis(), value)); }
[[0.03993386 0.03236015 0.05539908 0.040272   0.02516687 0.04729896
 0.05372449 0.1076885  0.01587931 0.06285211 0.02137183 0.05372449
 0.04025345 0.02010792 0.01321763 0.09356029 0.03719116 0.03468712
 0.06027457 0.01711905 0.05539908 0.05539908 0.01711905]
[0.03356662 0.02926911 0.06520803 0.03825334 0.01783604 0.0488262
 0.05836624 0.11165386 0.0115807  0.04862386 0.01691882 0.05836624
 0.03897291 0.01533482 0.00996348 0.11788753 0.02852127 0.0398531
 0.04504558 0.0177681  0.06520803 0.06520803 0.0177681 ]
[0.03383501 0.0301596  0.05650843 0.0583503  0.02192554 0.05353752
 0.05343808 0.08318146 0.01503499 0.06417513 0.02412498 0.05343808
 0.03996888 0.02570291 0.01682289 0.10699127 0.02758779 0.04320308
 0.04264613 0.01817553 0.05650844 0.05650844 0.01817552]
[0.03070522 0.02148478 0.05166217 0.04712893 0.01684429 0.05119983
 0.07080512 0.15806809 0.01032991 0.05906843 0.01785225 0.07080512
 0.03599638 0.01833846 0.00977993 0.09025014 0.02417186 0.04425519
 0.0471283  0.01040059 0.05166217 0.05166217 0.01040059]
[0.02522119 0.02224743 0.06455388 0.04989955 0.01809893 0.06102896
 0.05760717 0.14555569 0.00842687 0.06326634 0.01526392 0.05760717
 0.03341186 0.01355911 0.01240411 0.0903765  0.01967109 0.0400053
 0.04792712 0.01237999 0.0645539  0.0645539  0.01237998]
[0.03842427 0.0271664  0.05710584 0.04795638 0.01794538 0.04601554
 0.06338309 0.11312662 0.00899987 0.0567876  0.01804443 0.06338309
 0.04086639 0.01689015 0.01111775 0.10951567 0.02678399 0.03930149
 0.05158082 0.01569676 0.05710584 0.05710584 0.01569676]
[0.04160696 0.03611571 0.05548307 0.04767245 0.02014556 0.04584532
 0.06470688 0.07194729 0.0183186  0.04502413 0.02733679 0.06470688
 0.03792453 0.02353154 0.02118726 0.08716659 0.03755331 0.04279488
 0.05363705 0.0231645  0.05548308 0.05548308 0.0231645 ]
[0.02803494 0.02104719 0.06501369 0.04812307 0.01395996 0.03848064
 0.05847126 0.15789828 0.00625076 0.05762621 0.01073086 0.05847126
 0.02703904 0.01082722 0.00667458 0.13784143 0.02409684 0.03743991
 0.04399479 0.00897535 0.0650137  0.0650137  0.00897534]
[0.03185593 0.02378737 0.06405197 0.04499101 0.02391808 0.0440314
 0.06248632 0.11586653 0.00970592 0.06921112 0.01210374 0.06248632
 0.03501517 0.01599964 0.01013636 0.11751366 0.02456464 0.04217076
 0.04032324 0.01083842 0.06405198 0.06405198 0.01083842]
[0.02622847 0.02776549 0.0432994  0.03979589 0.01639989 0.05272136
 0.0660736  0.1447185  0.00906365 0.06521283 0.01706716 0.0660736
 0.03191596 0.01735856 0.00979472 0.14928572 0.02336832 0.03881345
 0.04122079 0.01361193 0.0432994  0.0432994  0.01361193]
[0.03218447 0.02424666 0.05954053 0.04047642 0.01771632 0.04732135
 0.06984861 0.14681906 0.00912247 0.06099639 0.02023684 0.06984861
 0.03002676 0.01317679 0.01067124 0.09764916 0.02992308 0.03423919
 0.04499653 0.0109392  0.05954054 0.05954054 0.0109392 ]
[0.04160696 0.03611571 0.05548307 0.04767245 0.02014556 0.04584532
 0.06470688 0.07194729 0.0183186  0.04502413 0.02733679 0.06470688
 0.03792453 0.02353154 0.02118726 0.08716659 0.03755331 0.04279488
 0.05363705 0.0231645  0.05548308 0.05548308 0.0231645 ]
[0.03097052 0.02544947 0.05084809 0.03886619 0.0187145  0.04590025
 0.07875641 0.10715029 0.01088362 0.04663463 0.0180659  0.07875641
 0.03685671 0.01681438 0.01054262 0.1380324  0.02692315 0.04378656
 0.04824321 0.01305422 0.0508481  0.0508481  0.01305422]
[0.03363602 0.03038443 0.0516797  0.03406325 0.02220877 0.05455796
 0.06068738 0.11442633 0.01239566 0.06220838 0.01897973 0.06068738
 0.03756733 0.02189158 0.01462308 0.11717885 0.02541842 0.04394993
 0.04481978 0.01763831 0.05167971 0.05167971 0.01763831]
[0.03949936 0.02536039 0.05645167 0.04377403 0.02067921 0.05337737
 0.06206427 0.1019499  0.01207032 0.05715551 0.02038363 0.06206427
 0.03202069 0.02227016 0.01704546 0.10517976 0.02851938 0.04184995
 0.05169899 0.0168412  0.05645168 0.05645168 0.0168412 ]
[0.03080999 0.02571498 0.04796746 0.04698931 0.02026801 0.05604973
 0.06861771 0.11577461 0.01459332 0.05091048 0.02156226 0.06861771
 0.04071764 0.0232659  0.01304362 0.09760428 0.0250013  0.0562932
 0.04875965 0.01575194 0.04796746 0.04796746 0.01575194]
[0.02942817 0.02983081 0.05072211 0.04457099 0.02189942 0.06103098
 0.06304315 0.09953976 0.01603703 0.06099725 0.02234911 0.06304315
 0.03839563 0.0189942  0.01529059 0.09868386 0.02781609 0.04381054
 0.05804626 0.01751331 0.05072211 0.05072211 0.01751331]
[0.0343578  0.02864178 0.06226042 0.03926489 0.02477435 0.03931597
 0.05150973 0.11528598 0.00987745 0.05563949 0.02104675 0.05150973
 0.03129461 0.01610468 0.01138075 0.11414108 0.02954978 0.04539078
 0.05942842 0.01735234 0.06226042 0.06226042 0.01735234]
[0.0414013  0.02630698 0.0463182  0.04302841 0.02428442 0.04914657
 0.05907768 0.12470369 0.01340819 0.06011807 0.02053029 0.05907768
 0.03983499 0.01997524 0.01322859 0.10015158 0.03370965 0.03682094
 0.06753997 0.01435058 0.04631821 0.04631821 0.01435058]
[0.03031175 0.02751932 0.05772717 0.04129615 0.0232164  0.03670974
 0.07188952 0.11566164 0.00879772 0.05201738 0.01919891 0.07188952
 0.040107   0.01695665 0.01187034 0.08367263 0.03098321 0.05589853
 0.05730231 0.01575992 0.05772719 0.05772719 0.01575992]
[0.03383502 0.0301596  0.05650843 0.05835031 0.02192554 0.05353753
 0.05343808 0.08318147 0.015035   0.06417511 0.02412499 0.05343808
 0.03996889 0.02570291 0.01682289 0.10699122 0.0275878  0.04320307
 0.04264612 0.01817553 0.05650844 0.05650844 0.01817552]
[0.03383502 0.0301596  0.05650843 0.05835031 0.02192554 0.05353753
 0.05343808 0.08318147 0.015035   0.06417511 0.02412499 0.05343808
 0.03996889 0.02570291 0.01682289 0.10699122 0.0275878  0.04320307
 0.04264612 0.01817553 0.05650844 0.05650844 0.01817552]
[0.03031175 0.02751932 0.05772717 0.04129615 0.0232164  0.03670974
 0.07188953 0.11566163 0.00879772 0.05201738 0.01919891 0.07188953
 0.04010701 0.01695666 0.01187034 0.08367259 0.0309832  0.05589853
 0.0573023  0.01575993 0.05772718 0.05772719 0.01575993]]