2776
Test: public void test10() throws Throwable { byte[] byteArray0 = new byte[5]; App13Segment app13Segment0 = new App13Segment(0, byteArray0);  app13Segment0.getSegmentDataAsString("j;Nw>LDv");   }
Code: public String getSegmentDataAsString(final String encoding) throws UnsupportedEncodingException { return new String(segmentData, encoding); }
[[0.05661503 0.07128131 0.07854922 0.07128131 0.09550215 0.12686406
 0.09858637 0.08543187 0.06353497 0.02786756 0.07854923 0.11963961
 0.02629728]
[0.05755889 0.06449089 0.07886744 0.06449089 0.07065497 0.15184566
 0.12141954 0.09679811 0.05956131 0.02466212 0.07886744 0.10696569
 0.02381705]
[0.04565422 0.08085594 0.07480156 0.08085594 0.08068724 0.14900157
 0.1098277  0.08010107 0.05561537 0.03537867 0.07480156 0.10575195
 0.02666724]
[0.05755889 0.06449089 0.07886744 0.06449089 0.07065497 0.15184566
 0.12141954 0.09679811 0.05956131 0.02466212 0.07886744 0.10696569
 0.02381705]
[0.04767458 0.08235535 0.07845674 0.08235535 0.09189251 0.16064754
 0.07135834 0.10485338 0.06281836 0.02595732 0.07845677 0.08781731
 0.02535638]
[0.04143539 0.07172357 0.06667512 0.07172357 0.06520236 0.18816727
 0.09157659 0.11371029 0.0703181  0.02168422 0.06667513 0.10975277
 0.02135569]
[0.04393313 0.08103716 0.07362173 0.08103716 0.07438928 0.16337517
 0.10411143 0.10962501 0.06310198 0.0231296  0.07362172 0.09022222
 0.01879434]
[0.05962503 0.08194389 0.07469931 0.08194389 0.09001436 0.10370563
 0.09032891 0.10351524 0.06762056 0.03215905 0.07469932 0.10446642
 0.03527843]
[0.04309247 0.08213359 0.08002476 0.08213359 0.05929048 0.14485651
 0.10074542 0.096283   0.0604981  0.02504903 0.08002475 0.12009284
 0.02577549]
[0.04917616 0.08057162 0.07139573 0.08057162 0.07166161 0.15493707
 0.09399872 0.09863187 0.06945303 0.03086717 0.07139573 0.09937936
 0.02796026]
[0.04565422 0.08085594 0.07480156 0.08085594 0.08068724 0.14900157
 0.1098277  0.08010107 0.05561537 0.03537867 0.07480156 0.10575195
 0.02666724]
[0.04580536 0.07939464 0.07667585 0.07939464 0.06975705 0.1738554
 0.09307554 0.09978481 0.06154252 0.02050899 0.07667585 0.10917755
 0.01435172]
[0.03992864 0.07309008 0.07360889 0.07309008 0.08568949 0.16769624
 0.09600675 0.10874996 0.08897907 0.02241153 0.07360889 0.07403368
 0.0231067 ]]