15929
Test: public void test5() throws Throwable { System.setCurrentTimeMillis((-835L)); StopWatch stopWatch0 = StopWatch.createStarted(); long long0 = stopWatch0.getStartTime(); }
Code: public long getStartTime() { if (this.runningState == State.UNSTARTED) { throw new IllegalStateException("Stopwatch has not been started"); } // System.nanoTime is for elapsed time return this.startTimeMillis; }
[[0.02984577 0.04987641 0.04140289 0.03881717 0.08034821 0.04140289
 0.0473554  0.04140289 0.03881717 0.03016658 0.01512048 0.04706246
 0.02742422 0.02698769 0.05065372 0.04140289 0.01250225 0.04140289
 0.04140289 0.06428532 0.02905456 0.04140289 0.03523164 0.03272556
 0.0414029  0.01250225]
[0.02168319 0.04584059 0.0411256  0.0489292  0.08177643 0.0411256
 0.04347898 0.0411256  0.0489292  0.02457308 0.01229848 0.04202443
 0.03043313 0.01831825 0.0576192  0.0411256  0.01180294 0.0411256
 0.0411256  0.06826689 0.03311481 0.0411256  0.03791279 0.0321907
 0.0411256  0.01180294]
[0.02497544 0.0449914  0.04196484 0.03804716 0.06104795 0.04196484
 0.04763469 0.04196484 0.03804716 0.02947543 0.01885076 0.04753016
 0.03271868 0.01989341 0.04538717 0.04196484 0.01304162 0.04196484
 0.04196484 0.07095021 0.03434799 0.04196484 0.05402808 0.03027242
 0.04196484 0.01304162]
[0.03200211 0.05117705 0.04201157 0.05125688 0.0551428  0.04201157
 0.03428758 0.04201157 0.05125688 0.02923825 0.01788384 0.04968075
 0.03213399 0.02940648 0.04660486 0.04201157 0.0181042  0.04201157
 0.04201157 0.04876601 0.03152042 0.04201157 0.03048543 0.03685569
 0.04201158 0.0181042 ]
[0.01930796 0.05555631 0.04486473 0.04007813 0.1086746  0.04486473
 0.03975808 0.04486473 0.04007813 0.01859775 0.00744899 0.05431055
 0.02110878 0.01652607 0.06397109 0.04486473 0.00615969 0.04486473
 0.04486473 0.05216527 0.02435828 0.04486473 0.0414234  0.02539941
 0.04486474 0.00615969]
[0.02497544 0.0449914  0.04196484 0.03804716 0.06104795 0.04196484
 0.04763469 0.04196484 0.03804716 0.02947543 0.01885076 0.04753016
 0.03271868 0.01989341 0.04538717 0.04196484 0.01304162 0.04196484
 0.04196484 0.07095021 0.03434799 0.04196484 0.05402808 0.03027242
 0.04196484 0.01304162]
[0.02001836 0.0602749  0.03362288 0.04859341 0.11064807 0.03362288
 0.05011445 0.03362288 0.04859341 0.0240774  0.01317034 0.04561444
 0.02618489 0.01735787 0.05886965 0.03362288 0.01009844 0.03362288
 0.03362288 0.08340344 0.02608901 0.03362288 0.04506443 0.03274596
 0.03362288 0.01009844]
[0.02497544 0.0449914  0.04196484 0.03804716 0.06104795 0.04196484
 0.04763469 0.04196484 0.03804716 0.02947543 0.01885076 0.04753016
 0.03271868 0.01989341 0.04538717 0.04196484 0.01304162 0.04196484
 0.04196484 0.07095021 0.03434799 0.04196484 0.05402808 0.03027242
 0.04196484 0.01304162]
[0.03200211 0.05117705 0.04201157 0.05125688 0.0551428  0.04201157
 0.03428758 0.04201157 0.05125688 0.02923825 0.01788384 0.04968075
 0.03213399 0.02940648 0.04660486 0.04201157 0.0181042  0.04201157
 0.04201157 0.04876601 0.03152042 0.04201157 0.03048543 0.03685569
 0.04201158 0.0181042 ]
[0.02354297 0.04917744 0.03904599 0.05727372 0.08101541 0.03904599
 0.03598838 0.03904599 0.05727372 0.02789307 0.01287368 0.0480758
 0.02567493 0.01987691 0.05229575 0.03904599 0.00970251 0.03904599
 0.03904599 0.07123487 0.02739261 0.03904599 0.03864223 0.03999562
 0.039046   0.00970251]
[0.02669828 0.05567019 0.04141632 0.04722708 0.0913902  0.04141632
 0.05015436 0.04141632 0.04722708 0.03002448 0.01748461 0.0363999
 0.02349966 0.01993332 0.05047054 0.04141632 0.01379342 0.04141632
 0.04141632 0.04534619 0.02440464 0.04141632 0.03762179 0.03753029
 0.04141633 0.01379342]
[0.03112844 0.05111487 0.04011316 0.03901816 0.09629869 0.04011316
 0.04710557 0.04011316 0.03901816 0.02709373 0.01413358 0.0419178
 0.021419   0.02391784 0.05878542 0.04011316 0.00923283 0.04011316
 0.04011316 0.05677152 0.02961743 0.04011316 0.05011027 0.03317861
 0.04011316 0.00923283]
[0.02447718 0.04216259 0.0458605  0.04912379 0.07663891 0.0458605
 0.03801507 0.0458605  0.04912379 0.02433025 0.01509498 0.03310762
 0.02748375 0.0211943  0.05129084 0.0458605  0.01472145 0.0458605
 0.0458605  0.0515244  0.0279833  0.0458605  0.03896412 0.03315828
 0.0458605  0.01472145]
[0.02242861 0.05491184 0.03860669 0.04828605 0.07587012 0.03860669
 0.04646113 0.03860669 0.04828605 0.02929372 0.01449123 0.03970501
 0.03347255 0.02128465 0.05467881 0.03860669 0.01338374 0.03860669
 0.03860669 0.07182994 0.03034684 0.03860669 0.03933621 0.0336962
 0.0386067  0.01338374]
[0.02115192 0.04117826 0.04065087 0.04410521 0.07946052 0.04065087
 0.04213287 0.04065087 0.04410521 0.0249164  0.01130407 0.05585153
 0.02409481 0.01897456 0.0654237  0.04065087 0.00984745 0.04065087
 0.04065087 0.0731764  0.03179705 0.04065087 0.04347287 0.03395271
 0.04065089 0.00984745]
[0.02497544 0.0449914  0.04196484 0.03804716 0.06104795 0.04196484
 0.04763469 0.04196484 0.03804716 0.02947543 0.01885076 0.04753016
 0.03271868 0.01989341 0.04538717 0.04196484 0.01304162 0.04196484
 0.04196484 0.07095021 0.03434799 0.04196484 0.05402808 0.03027242
 0.04196484 0.01304162]
[0.02128569 0.03454834 0.04022663 0.05227809 0.08161449 0.04022663
 0.03668065 0.04022663 0.05227809 0.02854559 0.01191699 0.03762015
 0.02735777 0.02221485 0.05215166 0.04022663 0.01136685 0.04022663
 0.04022663 0.07829149 0.02759512 0.04022663 0.04528656 0.0457877
 0.04022664 0.01136685]
[0.02497544 0.0449914  0.04196484 0.03804716 0.06104795 0.04196484
 0.04763469 0.04196484 0.03804716 0.02947543 0.01885076 0.04753016
 0.03271868 0.01989341 0.04538717 0.04196484 0.01304162 0.04196484
 0.04196484 0.07095021 0.03434799 0.04196484 0.05402808 0.03027242
 0.04196484 0.01304162]
[0.02497544 0.0449914  0.04196484 0.03804716 0.06104795 0.04196484
 0.04763469 0.04196484 0.03804716 0.02947543 0.01885076 0.04753016
 0.03271868 0.01989341 0.04538717 0.04196484 0.01304162 0.04196484
 0.04196484 0.07095021 0.03434799 0.04196484 0.05402808 0.03027242
 0.04196484 0.01304162]
[0.03088336 0.04433946 0.03972076 0.04805385 0.07773629 0.03972076
 0.03611008 0.03972076 0.04805385 0.03072748 0.01802571 0.03718171
 0.02514457 0.02677886 0.05971391 0.03972076 0.01260972 0.03972076
 0.03972076 0.06037626 0.02856829 0.03972076 0.04468428 0.04063652
 0.03972077 0.01260972]
[0.02842099 0.04403153 0.04041049 0.04832842 0.08733968 0.04041049
 0.04071479 0.04041049 0.04832842 0.02780487 0.01110049 0.04503246
 0.0304344  0.02552428 0.05008394 0.04041049 0.00806836 0.04041049
 0.04041049 0.06882824 0.02827322 0.04041049 0.04562966 0.0307039
 0.0404105  0.00806836]
[0.02497544 0.0449914  0.04196484 0.03804716 0.06104795 0.04196484
 0.04763469 0.04196484 0.03804716 0.02947543 0.01885076 0.04753016
 0.03271868 0.01989341 0.04538717 0.04196484 0.01304162 0.04196484
 0.04196484 0.07095021 0.03434799 0.04196484 0.05402808 0.03027242
 0.04196484 0.01304162]
[0.02019125 0.05310814 0.03905706 0.05392995 0.11032001 0.03905706
 0.04178401 0.03905706 0.05392995 0.02317085 0.01056511 0.04844882
 0.02294186 0.01563467 0.05813575 0.03905706 0.00878091 0.03905706
 0.03905706 0.06442404 0.02604126 0.03905706 0.03644352 0.03091244
 0.03905707 0.00878091]
[0.02131628 0.06040931 0.04319677 0.04023574 0.08884341 0.04319677
 0.0421127  0.04319677 0.04023574 0.02460245 0.01277674 0.04081916
 0.02540216 0.02325697 0.05194173 0.04319677 0.01109955 0.04319677
 0.04319677 0.05709631 0.03689465 0.04319677 0.03508875 0.03119471
 0.04319678 0.01109955]
[0.02497544 0.0449914  0.04196484 0.03804715 0.06104795 0.04196484
 0.04763468 0.04196484 0.03804715 0.02947544 0.01885076 0.04753017
 0.03271867 0.01989341 0.04538716 0.04196484 0.01304162 0.04196484
 0.04196484 0.07095018 0.03434799 0.04196484 0.05402808 0.03027241
 0.04196484 0.01304162]
[0.02128569 0.03454834 0.04022663 0.0522781  0.08161448 0.04022663
 0.03668065 0.04022663 0.0522781  0.02854559 0.011917   0.03762015
 0.02735777 0.02221485 0.05215167 0.04022663 0.01136685 0.04022663
 0.04022663 0.07829148 0.02759512 0.04022663 0.04528655 0.04578769
 0.04022664 0.01136685]]