135986
Test: public void test85() throws Throwable { Document document0 = Parser.parse("", ""); Elements elements0 = document0.getAllElements(); // Undeclared exception!  elements0.attr((String) null, "");   }
Code: public String attr(String attributeKey) { for (Element element : this) { if (element.hasAttr(attributeKey)) return element.attr(attributeKey); } return ""; }
[[0.04665604 0.06089598 0.06471732 0.03345852 0.05518344 0.04703873
 0.03642498 0.06368665 0.04009747 0.02663545 0.05518344 0.12504339
 0.06471732 0.05047892 0.06471732 0.01834127 0.05047893 0.07790356
 0.01834127]
[0.04523898 0.05376313 0.06588051 0.02318735 0.05836909 0.04348522
 0.03043109 0.06251298 0.03250275 0.02499147 0.05836909 0.13194673
 0.06588051 0.04473687 0.06588051 0.01535253 0.04473687 0.11738176
 0.01535253]
[0.03839885 0.07324858 0.06540395 0.02936402 0.05360624 0.05417962
 0.03668458 0.06530263 0.0352805  0.02327625 0.05360624 0.09262554
 0.06540395 0.04641373 0.06540395 0.0187407  0.04641373 0.1179062
 0.0187407 ]
[0.03978188 0.07084885 0.06687587 0.02910724 0.05127937 0.04726425
 0.0328786  0.06854858 0.03600192 0.0240497  0.05127937 0.1158601
 0.06687587 0.05135536 0.06687587 0.01296638 0.05135535 0.10382904
 0.01296638]
[0.04464171 0.06901468 0.06128861 0.04177504 0.06548332 0.04556277
 0.03856598 0.05840964 0.03585272 0.02924635 0.06548332 0.07771371
 0.06128861 0.05219872 0.06128861 0.02409284 0.05219873 0.09180181
 0.02409284]
[0.04349001 0.07072668 0.06382049 0.02936803 0.06693389 0.04531197
 0.02889661 0.05377291 0.02510603 0.02081052 0.06693389 0.13290901
 0.06382049 0.04572626 0.06382049 0.01167754 0.04572627 0.10947135
 0.01167754]
[0.03511613 0.063978   0.06111518 0.02148648 0.06660478 0.0468152
 0.03268535 0.06608681 0.03412497 0.02050683 0.06660478 0.14136343
 0.06111518 0.04796268 0.06111518 0.01643064 0.04796269 0.09249495
 0.01643064]
[0.03881058 0.08135111 0.0658038  0.0288025  0.05829834 0.0443054
 0.03042172 0.05956316 0.03619155 0.02382179 0.05829834 0.11120115
 0.0658038  0.0540246  0.0658038  0.01689666 0.0540246  0.08968046
 0.01689665]
[0.04600994 0.05824114 0.05725985 0.02820432 0.06495678 0.04897825
 0.02858904 0.05855537 0.03019836 0.02590519 0.06495678 0.117446
 0.05725985 0.05815206 0.05725985 0.02325868 0.05815206 0.09335779
 0.02325868]
[0.04038552 0.0619334  0.07003769 0.02607615 0.05671692 0.04019361
 0.02107958 0.06372233 0.03431652 0.02262886 0.05671692 0.12593713
 0.07003769 0.04855195 0.07003769 0.01480862 0.04855197 0.11345884
 0.01480862]
[0.04464171 0.06901468 0.06128861 0.04177504 0.06548332 0.04556277
 0.03856598 0.05840964 0.03585272 0.02924635 0.06548332 0.07771371
 0.06128861 0.05219872 0.06128861 0.02409284 0.05219873 0.09180181
 0.02409284]
[0.03057988 0.07571167 0.07623382 0.01452703 0.05234027 0.04107436
 0.02021229 0.05258171 0.01964644 0.01289154 0.05234027 0.16795722
 0.07623382 0.03953186 0.07623382 0.00849343 0.03953186 0.13538533
 0.00849343]
[0.03839885 0.07324858 0.06540395 0.02936402 0.05360624 0.05417962
 0.03668458 0.06530263 0.0352805  0.02327625 0.05360624 0.09262554
 0.06540395 0.04641373 0.06540395 0.0187407  0.04641373 0.1179062
 0.0187407 ]
[0.03230703 0.07906307 0.06748589 0.02231059 0.05685359 0.05913325
 0.02454997 0.06715325 0.02863745 0.02196017 0.05685359 0.13731469
 0.06748589 0.04798719 0.06748589 0.01590075 0.04798719 0.08362975
 0.01590075]
[0.03839885 0.07324858 0.06540395 0.02936402 0.05360624 0.05417962
 0.03668458 0.06530263 0.0352805  0.02327625 0.05360624 0.09262554
 0.06540395 0.04641373 0.06540395 0.0187407  0.04641373 0.1179062
 0.0187407 ]
[0.03141836 0.05763388 0.06078607 0.02398581 0.06901923 0.04188195
 0.02866739 0.06542487 0.02644733 0.02517794 0.06901923 0.11867866
 0.06078607 0.06522968 0.06078607 0.01541767 0.06522968 0.0989925
 0.01541767]
[0.03230704 0.07906309 0.06748591 0.02231059 0.05685359 0.05913325
 0.02454997 0.06715323 0.02863745 0.02196018 0.05685359 0.1373147
 0.06748591 0.0479872  0.06748591 0.01590076 0.0479872  0.08362976
 0.01590076]
[0.04465218 0.07452853 0.06343517 0.02792636 0.0644848  0.03444474
 0.03210064 0.06721834 0.03416365 0.02219399 0.0644848  0.11939162
 0.06343517 0.05221373 0.06343517 0.01561086 0.05221374 0.08845568
 0.01561085]
[0.03141836 0.05763388 0.06078606 0.02398581 0.06901923 0.04188195
 0.02866738 0.06542488 0.02644732 0.02517794 0.06901923 0.11867864
 0.06078606 0.06522968 0.06078606 0.01541767 0.06522968 0.09899252
 0.01541767]]