145496
Test: public void test41() throws Throwable { ValidatorAction validatorAction0 = new ValidatorAction(); String string0 = validatorAction0.toString(); }
Code: public String toString() { StringBuilder results = new StringBuilder("ValidatorAction: "); results.append(name); results.append("\n"); return results.toString(); }
[[0.06312492 0.08070815 0.08137922 0.08655836 0.06235315 0.05147009
 0.03987204 0.03167248 0.08757292 0.05538526 0.08757292 0.08757292
 0.06976644 0.08757293 0.02741824]
[0.06190856 0.07065897 0.08195168 0.09665913 0.08289565 0.04613743
 0.04177475 0.02652171 0.08646621 0.05823877 0.08646621 0.08646621
 0.06318858 0.08646622 0.0241999 ]
[0.04857026 0.1189179  0.07845648 0.09126271 0.05550367 0.04218416
 0.04162352 0.02680145 0.08781271 0.04825962 0.08781271 0.08781271
 0.07338271 0.08781274 0.02378666]
[0.06162703 0.08542326 0.05923496 0.10584903 0.07940171 0.0509186
 0.05161113 0.03340428 0.07771675 0.0553803  0.07771675 0.07771675
 0.07004026 0.07771676 0.03624251]
[0.05829673 0.082902   0.07196645 0.12111144 0.07286979 0.04793433
 0.04109407 0.0292955  0.07874364 0.05302746 0.07874364 0.07874364
 0.07543583 0.07874364 0.03109189]
[0.04439442 0.09526271 0.09658653 0.10024688 0.08139213 0.05166458
 0.04263336 0.03308829 0.07809056 0.04120922 0.07809056 0.07809056
 0.07584411 0.07809058 0.0253155 ]
[0.06422068 0.07592683 0.05156734 0.07396951 0.07049323 0.06364649
 0.05365988 0.03030112 0.09079614 0.05044598 0.09079614 0.09079614
 0.07076287 0.09079615 0.03182151]
[0.0535865  0.09428601 0.08594659 0.09982276 0.05932275 0.05330459
 0.04263969 0.03451522 0.08101369 0.04826417 0.08101369 0.08101369
 0.07546812 0.0810137  0.02878883]
[0.05001965 0.09098408 0.07767914 0.08146691 0.09108861 0.04777085
 0.05422103 0.03821278 0.08309239 0.04788937 0.08309239 0.08309239
 0.06076722 0.08309241 0.02753074]
[0.06182846 0.09449764 0.06867256 0.09196914 0.06381207 0.04303985
 0.03906342 0.02358947 0.09458686 0.05260283 0.09458686 0.09458686
 0.06112771 0.09458689 0.02144935]
[0.05001965 0.09098408 0.07767914 0.08146691 0.09108861 0.04777085
 0.05422103 0.03821278 0.08309239 0.04788937 0.08309239 0.08309239
 0.06076722 0.08309241 0.02753074]
[0.05001965 0.09098408 0.07767914 0.08146691 0.09108861 0.04777085
 0.05422103 0.03821278 0.08309239 0.04788937 0.08309239 0.08309239
 0.06076722 0.08309241 0.02753074]
[0.04559533 0.10118491 0.06418912 0.08935449 0.0734309  0.04937778
 0.04458948 0.02715755 0.09078985 0.05132388 0.09078985 0.09078985
 0.06616054 0.09078987 0.02447664]
[0.05001966 0.09098407 0.07767913 0.08146692 0.09108861 0.04777085
 0.05422103 0.03821278 0.0830924  0.04788936 0.0830924  0.0830924
 0.06076721 0.08309241 0.02753074]
[0.0436813  0.07993183 0.08287537 0.12270905 0.06783135 0.05283944
 0.04063416 0.02453784 0.07987969 0.04111586 0.07987969 0.07987969
 0.09842233 0.07987971 0.02590265]]