10805
Test: public void test63() throws Throwable { Integer integer0 = Integer.getInteger("tr>u", (-25)); Integer integer1 = BooleanUtils.toIntegerObject((Boolean) null, (Integer) null, (Integer) null, integer0); }
Code: public static Integer toIntegerObject(final boolean bool) { return bool ? NumberUtils.INTEGER_ONE : NumberUtils.INTEGER_ZERO; }
[[0.03288789 0.1295011  0.03788956 0.04564109 0.06424529 0.3434354
 0.06170217 0.03839897 0.05721058 0.04204731 0.04564109 0.03784031
 0.0456411  0.01791802]
[0.0341198  0.11160656 0.05023583 0.04340772 0.08514413 0.29631382
 0.08481571 0.03397923 0.06999946 0.0437712  0.04340772 0.03835696
 0.04340773 0.02143411]
[0.02979091 0.14965689 0.04420343 0.03457272 0.06790976 0.361188
 0.07143743 0.03294268 0.05997975 0.04533294 0.03457271 0.01869451
 0.03457272 0.01514558]
[0.02803398 0.1168172  0.05257293 0.04343705 0.08332551 0.32940683
 0.06297894 0.03451462 0.06285952 0.04907857 0.04343706 0.0300297
 0.04343706 0.02007103]
[0.02133513 0.1143119  0.02997751 0.0368571  0.06288347 0.41042018
 0.08362702 0.04469876 0.05562787 0.03083037 0.0368571  0.02139017
 0.03685712 0.01432628]
[0.03037834 0.11966874 0.03929776 0.04019457 0.07673158 0.36734915
 0.05797387 0.03981184 0.06777123 0.03784303 0.04019456 0.02788848
 0.04019456 0.01470235]
[0.04179567 0.11023636 0.05629782 0.04769584 0.07306547 0.2691241
 0.08302458 0.04603302 0.06956167 0.04476147 0.04769585 0.03626313
 0.04769585 0.02674924]
[0.0214674  0.12812607 0.03200395 0.03377938 0.05132221 0.45519692
 0.0604236  0.02800049 0.05109537 0.03143677 0.03377938 0.0239665
 0.03377938 0.01562256]
[0.01830874 0.13800678 0.04333131 0.02470946 0.0614977  0.43701872
 0.0736572  0.03725443 0.04873072 0.02710553 0.02470946 0.02667193
 0.02470947 0.01428856]
[0.02157294 0.09872018 0.0313337  0.03045909 0.05505766 0.4531076
 0.09262481 0.03413209 0.04374104 0.02788803 0.03045909 0.03419749
 0.0304591  0.0162472 ]
[0.02803398 0.1168172  0.05257293 0.04343705 0.08332551 0.32940683
 0.06297894 0.03451462 0.06285952 0.04907857 0.04343706 0.0300297
 0.04343706 0.02007103]
[0.03545891 0.11649427 0.0407232  0.04048099 0.07055977 0.32159084
 0.0692435  0.04420331 0.07178693 0.0584183  0.04048099 0.02794742
 0.04048099 0.02213065]
[0.02803399 0.11681721 0.05257293 0.04343706 0.08332552 0.32940683
 0.06297895 0.03451463 0.06285952 0.04907857 0.04343706 0.03002971
 0.04343706 0.02007103]
[0.02386812 0.13365969 0.04317712 0.03970867 0.06589942 0.32226074
 0.08979796 0.06035507 0.04772288 0.04665662 0.03970867 0.02952402
 0.03970868 0.01795241]]