168258
Test: public void test27() throws Throwable { HashMap<String, String> hashMap0 = new HashMap<String, String>(643); hashMap0.put("Content-Encoding", "gzip"); PipedInputStream pipedInputStream0 = new PipedInputStream(643); Closeable[] closeableArray0 = new Closeable[5]; Response response0 = new Response(643, "gzip", hashMap0, pipedInputStream0, closeableArray0);  response0.getBody();   }
Code: public String getBody() throws IOException { return body == null ? parseBodyContents() : body; }
[[0.05450208 0.06898997 0.07561516 0.12403639 0.02996224 0.07963567
 0.06084168 0.04239424 0.0839804  0.06034149 0.09051348 0.07561517
 0.05321164 0.07561518 0.02474526]
[0.05789489 0.06634999 0.08120476 0.15461794 0.03362926 0.08882636
 0.05890835 0.03401446 0.07404746 0.04775245 0.07417228 0.08120476
 0.04383907 0.08120476 0.02233324]
[0.04525408 0.08086222 0.07448553 0.14741507 0.03242362 0.07752171
 0.0550784  0.03451896 0.08469357 0.04864872 0.100047   0.07448553
 0.04414957 0.07448554 0.02593046]
[0.03909355 0.0712304  0.06539638 0.18377194 0.02621947 0.10112028
 0.065191   0.03286033 0.05902416 0.05103149 0.10647462 0.06539638
 0.04845784 0.0653964  0.01933579]
[0.04323013 0.07513542 0.08193351 0.16540898 0.0255396  0.08197152
 0.06349451 0.02554354 0.08443349 0.04430443 0.09092613 0.0819335
 0.03715562 0.08193351 0.01705617]
[0.06008335 0.08448642 0.07661156 0.10516515 0.04113885 0.10131084
 0.06853239 0.03796374 0.06320398 0.04821621 0.07520375 0.07661157
 0.04989018 0.07661159 0.03497043]
[0.03991659 0.08352377 0.07731533 0.14309321 0.03243976 0.08266109
 0.05715934 0.04160685 0.07421314 0.04837424 0.10455746 0.07731534
 0.03808983 0.07731535 0.02241859]
[0.04548504 0.0877105  0.07165782 0.14764956 0.03580597 0.11027724
 0.06529634 0.03005152 0.0671028  0.04330418 0.09426062 0.07165782
 0.03822822 0.07165784 0.0198545 ]
[0.03625657 0.09622261 0.05729518 0.16826206 0.02903941 0.09950065
 0.06008208 0.03352686 0.08862501 0.04357241 0.1027981  0.05729518
 0.05012012 0.05729518 0.02010859]
[0.04636796 0.06594325 0.07031405 0.14600582 0.03036215 0.11483774
 0.07591113 0.03854809 0.07258399 0.04227265 0.09946936 0.07031404
 0.03945681 0.07031405 0.01729893]
[0.04620467 0.09287789 0.07188591 0.13223188 0.02954739 0.11644942
 0.0641824  0.0315614  0.05671246 0.04402399 0.09964709 0.0718859
 0.04903388 0.07188591 0.02186982]
[0.04525408 0.08086222 0.07448553 0.14741507 0.03242362 0.07752171
 0.0550784  0.03451896 0.08469357 0.04864872 0.100047   0.07448553
 0.04414957 0.07448554 0.02593046]
[0.05563249 0.06516369 0.06683141 0.12703127 0.03866807 0.09118207
 0.06990989 0.04197367 0.06690387 0.0550876  0.11746483 0.06683141
 0.03959404 0.06683141 0.03089429]
[0.04525409 0.08086221 0.07448553 0.1474151  0.03242362 0.07752172
 0.05507839 0.03451896 0.08469357 0.04864873 0.100047   0.07448553
 0.04414958 0.07448554 0.02593046]
[0.03827402 0.07004137 0.07009113 0.160543   0.03235626 0.1069432
 0.08607224 0.03300238 0.06705657 0.04273932 0.09210838 0.07009113
 0.03798991 0.07009114 0.02260003]]