34634
Test: public void test33() throws Throwable { JexlBuilder jexlBuilder0 = new JexlBuilder(); Engine engine0 = new Engine(jexlBuilder0); TemplateInterpreter.Arguments templateInterpreter_Arguments0 = new TemplateInterpreter.Arguments(engine0); TemplateInterpreter templateInterpreter0 = new TemplateInterpreter(templateInterpreter_Arguments0); // Undeclared exception!  templateInterpreter0.unsolvableMethod((JexlNode) null, ")[M4~'mr");   }
Code: protected Object unsolvableMethod(final JexlNode node, final String method) { return unsolvableMethod(node, method, null); }
[[0.08225536 0.03476285 0.07672349 0.07672349 0.13718303 0.04865347
 0.07401605 0.07672349 0.11863729 0.06882703 0.07672349 0.03799635
 0.06768137 0.02309322]
[0.09058236 0.03725969 0.06714235 0.06714235 0.13394454 0.04062095
 0.08098143 0.06714235 0.13448197 0.06711245 0.06714237 0.03981243
 0.08268194 0.02395279]
[0.09414339 0.03956995 0.0770331  0.0770331  0.12604488 0.05013985
 0.08213998 0.0770331  0.08975741 0.05825388 0.0770331  0.04277693
 0.07955466 0.02948661]
[0.09414339 0.03956995 0.0770331  0.0770331  0.12604488 0.05013985
 0.08213998 0.0770331  0.08975741 0.05825388 0.0770331  0.04277693
 0.07955466 0.02948661]
[0.07861587 0.03883655 0.0646233  0.0646233  0.18999463 0.03806836
 0.07521544 0.0646233  0.11817042 0.05925489 0.0646233  0.04497532
 0.07384911 0.02452619]
[0.06467278 0.04083565 0.08174883 0.08174883 0.1185062  0.03998167
 0.08187373 0.08174883 0.1102244  0.08465839 0.08174882 0.03234563
 0.07879578 0.02111045]
[0.07510476 0.04022391 0.07932159 0.07932159 0.14404655 0.04855957
 0.06490405 0.07932159 0.10604139 0.0618418  0.07932159 0.03877483
 0.07750808 0.02570863]
[0.09414339 0.03956995 0.0770331  0.0770331  0.12604488 0.05013985
 0.08213998 0.0770331  0.08975741 0.05825388 0.0770331  0.04277693
 0.07955466 0.02948661]
[0.09597604 0.03579061 0.07070297 0.07070297 0.12905236 0.0597162
 0.07603705 0.07070297 0.11459664 0.06680755 0.07070297 0.04813045
 0.05354371 0.03753746]
[0.09349968 0.03898495 0.07629265 0.07629265 0.1485754  0.03913695
 0.07850593 0.07629265 0.09128885 0.05761392 0.07629265 0.04015037
 0.08262078 0.02445261]
[0.09414339 0.03956995 0.0770331  0.0770331  0.12604488 0.05013985
 0.08213998 0.0770331  0.08975741 0.05825388 0.0770331  0.04277693
 0.07955466 0.02948661]
[0.08065725 0.03286332 0.07202245 0.07202245 0.13290772 0.05487665
 0.08767662 0.07202245 0.11250522 0.07031137 0.07202245 0.03784842
 0.07636865 0.02589491]
[0.08937616 0.03250461 0.08207656 0.08207656 0.13448961 0.04002205
 0.06247473 0.08207656 0.11079355 0.08035907 0.08207656 0.03635983
 0.06802055 0.01729362]
[0.07644911 0.04339526 0.0701008  0.0701008  0.13431883 0.0379244
 0.07273322 0.0701008  0.12742707 0.09420732 0.0701008  0.04656332
 0.06036726 0.02621104]]