35740
Test: public void test126() throws Throwable { CopticChronology copticChronology0 = CopticChronology.getInstance(); LocalDateTime localDateTime0 = LocalDateTime.now((Chronology) copticChronology0); LocalDate localDate0 = localDateTime0.toLocalDate(); localDate0.minusWeeks(0); }
Code: public LocalDate minusWeeks(int weeks) { if (weeks == 0) { return this; } long instant = getChronology().weeks().subtract(getLocalMillis(), weeks); return withLocalMillis(instant); }
[[0.04214364 0.0183973  0.05846146 0.04533272 0.05337844 0.11330946
 0.04045835 0.06727692 0.02296586 0.05337844 0.04603302 0.03568449
 0.01734019 0.07091109 0.04983303 0.026338   0.05846146 0.05846146
 0.04603302 0.05846146 0.01734018]
[0.03709709 0.01878778 0.05463927 0.04493839 0.06549977 0.10080159
 0.03552928 0.07248767 0.01645303 0.06549977 0.05865473 0.02970684
 0.01418977 0.07508966 0.04513243 0.02873066 0.05463927 0.05463927
 0.05865473 0.05463927 0.01418977]
[0.03645376 0.02307344 0.06137094 0.04877508 0.0548712  0.08893768
 0.04217962 0.06965161 0.02637619 0.0548712  0.04416768 0.03482785
 0.01885799 0.06606285 0.043827   0.03855738 0.06137095 0.06137095
 0.04416768 0.06137095 0.01885799]
[0.03915193 0.02100691 0.05756044 0.04699092 0.05546102 0.11203481
 0.03640734 0.07020158 0.02557205 0.05546102 0.05180755 0.03086183
 0.01618527 0.07482906 0.03968927 0.02610483 0.05756044 0.05756044
 0.05180755 0.05756044 0.01618527]
[0.04340409 0.02202087 0.05827361 0.04723355 0.06661825 0.07517113
 0.04380019 0.04717252 0.02884281 0.06661825 0.05036603 0.03595781
 0.02399448 0.07108454 0.03426965 0.03599083 0.05827361 0.05827361
 0.05036604 0.05827361 0.02399448]
[0.02785714 0.0205578  0.06487793 0.04279775 0.05750559 0.15667458
 0.0410217  0.05747892 0.0227739  0.05750559 0.03662587 0.02194987
 0.00885099 0.08047411 0.04122872 0.02170881 0.06487795 0.06487795
 0.03662587 0.06487795 0.00885099]
[0.03399026 0.02681735 0.05490676 0.04901006 0.05423426 0.1196814
 0.0488756  0.06828356 0.0244627  0.05423426 0.05319221 0.03255356
 0.01473963 0.06186436 0.03990542 0.03059642 0.05490676 0.05490676
 0.05319221 0.05490676 0.01473962]
[0.02754087 0.02064767 0.0465011  0.0503752  0.06607739 0.15230978
 0.03188333 0.06909115 0.02835451 0.06607739 0.04499898 0.02954118
 0.01377033 0.08338937 0.04294783 0.02822131 0.0465011  0.0465011
 0.04499898 0.0465011  0.01377034]
[0.03443007 0.03130438 0.05741967 0.04203248 0.05580403 0.11592542
 0.03962645 0.05872992 0.02281584 0.05580403 0.05401441 0.03148026
 0.01958067 0.07046886 0.03809399 0.02661547 0.05741967 0.05741967
 0.05401441 0.05741967 0.01958067]
[0.04340409 0.02202087 0.05827361 0.04723355 0.06661825 0.07517113
 0.04380019 0.04717252 0.02884281 0.06661825 0.05036603 0.03595781
 0.02399448 0.07108454 0.03426965 0.03599083 0.05827361 0.05827361
 0.05036604 0.05827361 0.02399448]
[0.02991921 0.01367416 0.06126991 0.05312968 0.05516523 0.1255439
 0.03188287 0.05994016 0.0228849  0.05516523 0.04400908 0.02661595
 0.01528684 0.08635104 0.04700855 0.02904766 0.06126991 0.06126991
 0.04400909 0.06126991 0.01528684]
[0.04243569 0.02114643 0.06036374 0.05313992 0.06565776 0.10274075
 0.03744375 0.05417915 0.02531977 0.06565776 0.05144541 0.02637618
 0.01788513 0.06398086 0.03686388 0.0249421  0.06036375 0.06036375
 0.05144541 0.06036375 0.01788513]
[0.03005337 0.02357704 0.05739035 0.04597317 0.07038005 0.114479
 0.05031036 0.05149771 0.02110478 0.07038005 0.06365589 0.02753693
 0.01547584 0.04876547 0.03168603 0.02643128 0.05739035 0.05739035
 0.06365588 0.05739035 0.01547584]
[0.03093423 0.01873529 0.05895142 0.05012735 0.06850725 0.1165763
 0.03193392 0.06240346 0.0243136  0.06850725 0.0459686  0.02831228
 0.01660288 0.06586333 0.04930501 0.0235321  0.05895141 0.05895141
 0.04596859 0.05895141 0.01660288]
[0.04108837 0.02467698 0.06001816 0.043052   0.05477981 0.11305876
 0.03701039 0.06582931 0.02312263 0.05477981 0.04937238 0.03167506
 0.01661886 0.06574915 0.0453327  0.02778987 0.06001815 0.06001815
 0.04937238 0.06001815 0.01661886]
[0.04471456 0.02006672 0.06330384 0.04990534 0.048451   0.09857282
 0.04317003 0.05099765 0.03286662 0.048451   0.04869076 0.04384847
 0.02142049 0.05537418 0.03366074 0.036483   0.06330385 0.06330385
 0.04869077 0.06330385 0.02142049]
[0.03645376 0.02307344 0.06137094 0.04877508 0.0548712  0.08893768
 0.04217962 0.06965161 0.02637619 0.0548712  0.04416768 0.03482785
 0.01885799 0.06606285 0.043827   0.03855738 0.06137095 0.06137095
 0.04416768 0.06137095 0.01885799]
[0.03645376 0.02307344 0.06137094 0.04877508 0.0548712  0.08893768
 0.04217962 0.06965161 0.02637619 0.0548712  0.04416768 0.03482785
 0.01885799 0.06606285 0.043827   0.03855738 0.06137095 0.06137095
 0.04416768 0.06137095 0.01885799]
[0.02991921 0.01367416 0.06126991 0.05312968 0.05516523 0.1255439
 0.03188287 0.05994016 0.0228849  0.05516523 0.04400908 0.02661595
 0.01528684 0.08635104 0.04700855 0.02904766 0.06126991 0.06126991
 0.04400909 0.06126991 0.01528684]
[0.03645376 0.02307344 0.06137094 0.04877508 0.0548712  0.08893768
 0.04217962 0.06965161 0.02637619 0.0548712  0.04416768 0.03482785
 0.01885799 0.06606285 0.043827   0.03855738 0.06137095 0.06137095
 0.04416768 0.06137095 0.01885799]
[0.03005337 0.02357704 0.05739035 0.04597317 0.07038005 0.11447898
 0.05031037 0.0514977  0.02110478 0.07038005 0.06365588 0.02753693
 0.01547584 0.04876547 0.03168604 0.02643127 0.05739035 0.05739035
 0.06365588 0.05739035 0.01547584]]