140642
Test: public void test3() throws Throwable { String string0 = Normalizer.lowerCase((String) null); }
Code: public static String lowerCase(final String input) { return input != null ? input.toLowerCase(Locale.ENGLISH) : ""; }
[[0.04665308 0.12915367 0.06073214 0.06471429 0.06073214 0.09818201
 0.05631053 0.05061534 0.06235247 0.02471654 0.05472337 0.0883991
 0.06471429 0.04056968 0.07884384 0.01858748]
[0.04487146 0.11434488 0.06893245 0.06112641 0.06893245 0.10219513
 0.07342328 0.04207474 0.05752228 0.02841557 0.04252016 0.07309234
 0.06112641 0.03749342 0.10361466 0.02031432]
[0.04756254 0.13114256 0.05644459 0.0691631  0.05644459 0.10581056
 0.06182721 0.04708859 0.04959577 0.02601467 0.04046447 0.06471653
 0.0691631  0.03424523 0.12408794 0.01622854]
[0.03535746 0.12074751 0.06572417 0.05940539 0.06572417 0.12509848
 0.05388392 0.04285689 0.05741967 0.02278561 0.03913777 0.08393275
 0.05940539 0.03329669 0.11675563 0.0184685 ]
[0.04756254 0.13114256 0.05644459 0.0691631  0.05644459 0.10581056
 0.06182721 0.04708859 0.04959577 0.02601467 0.04046447 0.06471653
 0.0691631  0.03424523 0.12408794 0.01622854]
[0.02991494 0.12599686 0.06970264 0.05204989 0.06970264 0.12385573
 0.06214614 0.04793961 0.05779241 0.01255267 0.03355467 0.07725332
 0.05204989 0.02754636 0.14434496 0.0135973 ]
[0.04582223 0.10523185 0.06895508 0.06159089 0.06895508 0.11590719
 0.07017117 0.05319276 0.05725139 0.03185197 0.03795934 0.06162217
 0.06159089 0.03716784 0.09742945 0.02530067]
[0.03054673 0.13624062 0.07182185 0.06255233 0.07182185 0.132296
 0.05632763 0.04493119 0.05673891 0.01842261 0.0399884  0.0907748
 0.06255233 0.02763783 0.08173825 0.01560867]
[0.03863657 0.11412896 0.06768834 0.06817798 0.06768834 0.11444591
 0.08225046 0.04436654 0.06175332 0.02704002 0.03789061 0.05771689
 0.06817798 0.04040737 0.0907506  0.01888008]
[0.03057151 0.16570453 0.07879656 0.05302128 0.07879656 0.10331596
 0.0587581  0.04051208 0.05267414 0.01195918 0.03322949 0.09351933
 0.05302128 0.01739553 0.11757625 0.01114821]
[0.03991057 0.10882826 0.05838003 0.06112038 0.05838003 0.10546426
 0.08604582 0.06372898 0.05680051 0.02167275 0.03727213 0.09075731
 0.06112038 0.03080282 0.10627483 0.01344091]
[0.03516873 0.10540666 0.07558091 0.05568063 0.07558091 0.11739161
 0.07674924 0.04755826 0.06184999 0.02016716 0.03485822 0.0816374
 0.05568063 0.03380998 0.10810897 0.0147707 ]
[0.03535746 0.12074751 0.06572417 0.05940539 0.06572417 0.12509848
 0.05388392 0.04285689 0.05741967 0.02278561 0.03913777 0.08393275
 0.05940539 0.03329669 0.11675563 0.0184685 ]
[0.0457751  0.12135683 0.05718003 0.05661839 0.05718003 0.0887199
 0.0664615  0.05779654 0.05806588 0.0287815  0.04764696 0.10931472
 0.05661839 0.03049167 0.09444998 0.02354256]
[0.04427215 0.09482563 0.07258555 0.06271771 0.07258555 0.11239769
 0.07085533 0.05402961 0.06406176 0.02090442 0.04149479 0.07968447
 0.06271771 0.03612433 0.09401137 0.01673193]
[0.03248839 0.12567773 0.05957877 0.06243387 0.05957877 0.09612702
 0.07380956 0.06815648 0.06406294 0.0226477  0.03767925 0.08610324
 0.06243387 0.02796393 0.10490827 0.01635018]]