13854
Test: public void test62() throws Throwable { MockRuntimeException mockRuntimeException0 = new MockRuntimeException(); mockRuntimeException0.initCause(mockRuntimeException0); Throwable throwable0 = ExceptionUtils.getRootCause(mockRuntimeException0); }
Code: public static Throwable getRootCause(final Throwable throwable) { final List<Throwable> list = getThrowableList(throwable); return list.isEmpty() ? null : list.get(list.size() - 1); }
[[0.03097808 0.09203368 0.07816185 0.04297432 0.07816185 0.04297432
 0.04098135 0.02482215 0.04297432 0.06935805 0.01947138 0.04297432
 0.03405252 0.04297432 0.0553906  0.03540656 0.02844642 0.04297432
 0.09896817 0.04279364 0.01312787]
[0.03217881 0.08782141 0.07222369 0.04311059 0.07222369 0.04311059
 0.0594962  0.0240003  0.04311059 0.06095173 0.02084593 0.04311059
 0.03064199 0.04311059 0.04962981 0.02993047 0.02921221 0.04311059
 0.10953143 0.04666742 0.01598136]
[0.02827821 0.07263528 0.06681283 0.04089416 0.06681283 0.04089416
 0.06216784 0.02566856 0.04089416 0.06949849 0.0235322  0.04089416
 0.0353951  0.04089416 0.05145844 0.0328345  0.03693743 0.04089416
 0.10615088 0.04913753 0.02731504]
[0.02712552 0.09781526 0.06288329 0.04467422 0.06288329 0.04467422
 0.04631641 0.02713346 0.04467422 0.06183282 0.02985893 0.04467422
 0.03301029 0.04467422 0.06009846 0.02918569 0.02643651 0.04467422
 0.10590576 0.04596649 0.01550252]
[0.02827821 0.07263528 0.06681283 0.04089416 0.06681283 0.04089416
 0.06216784 0.02566856 0.04089416 0.06949849 0.0235322  0.04089416
 0.0353951  0.04089416 0.05145844 0.0328345  0.03693743 0.04089416
 0.10615088 0.04913753 0.02731504]
[0.02712552 0.09781526 0.06288329 0.04467422 0.06288329 0.04467422
 0.04631641 0.02713346 0.04467422 0.06183282 0.02985893 0.04467422
 0.03301029 0.04467422 0.06009846 0.02918569 0.02643651 0.04467422
 0.10590576 0.04596649 0.01550252]
[0.03401978 0.08174273 0.06518108 0.04357486 0.06518108 0.04357486
 0.05692225 0.03349132 0.04357486 0.07022182 0.02842241 0.04357486
 0.03886132 0.04357486 0.04284643 0.0273743  0.02819356 0.04357486
 0.09610234 0.05027505 0.01971547]
[0.0282625  0.08434916 0.08847024 0.04248865 0.08847024 0.04248865
 0.04959741 0.01904662 0.04248865 0.04811062 0.02184966 0.04248865
 0.04114742 0.04248865 0.04958892 0.0229608  0.02250665 0.04248865
 0.13693915 0.03407889 0.00968987]
[0.02712552 0.09781526 0.06288329 0.04467422 0.06288329 0.04467422
 0.04631641 0.02713346 0.04467422 0.06183282 0.02985893 0.04467422
 0.03301029 0.04467422 0.06009846 0.02918569 0.02643651 0.04467422
 0.10590576 0.04596649 0.01550252]
[0.02448183 0.09956262 0.08522643 0.04184201 0.08522643 0.04184201
 0.04014967 0.02400002 0.04184201 0.0742061  0.0174852  0.04184201
 0.03496852 0.04184201 0.06231143 0.02879939 0.02194289 0.04184202
 0.08863339 0.04580818 0.01614571]
[0.03404479 0.08206142 0.07334955 0.04817405 0.07334955 0.04817405
 0.03775296 0.02865339 0.04817405 0.07400016 0.02802598 0.04817405
 0.03723598 0.04817405 0.04721847 0.02802141 0.02873933 0.04817405
 0.07307896 0.04890651 0.01651729]
[0.02712552 0.09781526 0.06288329 0.04467422 0.06288329 0.04467422
 0.04631641 0.02713346 0.04467422 0.06183282 0.02985893 0.04467422
 0.03301029 0.04467422 0.06009846 0.02918569 0.02643651 0.04467422
 0.10590576 0.04596649 0.01550252]
[0.02114074 0.09692438 0.0845756  0.04246262 0.0845756  0.04246262
 0.040679   0.01933673 0.04246262 0.06580807 0.02062856 0.04246262
 0.03080491 0.04246262 0.06019002 0.02694849 0.01949731 0.04246262
 0.11389528 0.04903844 0.01118111]
[0.02712552 0.09781526 0.06288329 0.04467422 0.06288329 0.04467422
 0.04631641 0.02713346 0.04467422 0.06183282 0.02985893 0.04467422
 0.03301029 0.04467422 0.06009846 0.02918569 0.02643651 0.04467422
 0.10590576 0.04596649 0.01550252]
[0.02620156 0.08286041 0.07561737 0.04101358 0.07561737 0.04101358
 0.06296968 0.02007362 0.04101358 0.06038101 0.01665236 0.04101358
 0.03606246 0.04101358 0.0580012  0.02531299 0.02689999 0.04101358
 0.12825924 0.04709118 0.01191807]
[0.02752335 0.07915418 0.0810786  0.04185374 0.0810786  0.04185374
 0.06567816 0.02223958 0.04185374 0.06524515 0.02429987 0.04185374
 0.0447467  0.04185374 0.06004275 0.02526475 0.02280694 0.04185373
 0.09748924 0.04224292 0.00998676]
[0.03253415 0.08984886 0.07093637 0.03970082 0.07093637 0.03970082
 0.05007673 0.02353193 0.03970082 0.07098965 0.02506055 0.03970082
 0.04098746 0.03970082 0.07349507 0.03309517 0.02236361 0.03970082
 0.09142198 0.04916189 0.01735525]
[0.02712552 0.09781526 0.06288329 0.04467422 0.06288329 0.04467422
 0.04631641 0.02713346 0.04467422 0.06183282 0.02985893 0.04467422
 0.03301029 0.04467422 0.06009846 0.02918569 0.02643651 0.04467422
 0.10590576 0.04596649 0.01550252]
[0.03403397 0.07498574 0.0738156  0.04845583 0.0738156  0.04845583
 0.05514029 0.02725558 0.04845583 0.05806567 0.02489805 0.04845583
 0.03508402 0.04845583 0.05265659 0.03278937 0.02397944 0.04845582
 0.07893661 0.04746097 0.01634755]
[0.02421324 0.11299901 0.0879264  0.03612567 0.0879264  0.03612567
 0.04285529 0.02239394 0.03612567 0.05817063 0.01914124 0.03612567
 0.03722713 0.03612567 0.06344616 0.02493212 0.02125602 0.03612568
 0.12442409 0.04713107 0.00920324]
[0.02192282 0.0922879  0.08987802 0.04101463 0.08987802 0.04101463
 0.0562458  0.019807   0.04101463 0.06705225 0.01981353 0.04101463
 0.04785281 0.04101463 0.05509625 0.02489398 0.02049543 0.04101463
 0.095506   0.0410741  0.01210836]]