77078
Test: public void test39() throws Throwable { ConstantPoolGen constantPoolGen0 = new ConstantPoolGen(); Constant[] constantArray0 = new Constant[0]; constantPoolGen0.constants = constantArray0; // Undeclared exception!  constantPoolGen0.getFinalConstantPool();   }
Code: public ConstantPool getFinalConstantPool() { final Constant[] cs = new Constant[index]; System.arraycopy(constants, 0, cs, 0, index); return new ConstantPool(cs); }
[[0.04649267 0.06449306 0.06449306 0.05746452 0.03672079 0.06449306
 0.01790037 0.02896517 0.02376154 0.06449306 0.06449306 0.09134278
 0.07520209 0.09134278 0.05066122 0.05060775 0.02376154 0.06449308
 0.01881841]
[0.03711255 0.06305172 0.06305172 0.05270232 0.03400213 0.06305172
 0.02302137 0.03858128 0.02767717 0.06305172 0.06305172 0.1017012
 0.07149447 0.1017012  0.04278444 0.04488248 0.02767717 0.06305172
 0.01835189]
[0.03711255 0.06305172 0.06305172 0.05270232 0.03400213 0.06305172
 0.02302137 0.03858128 0.02767717 0.06305172 0.06305172 0.1017012
 0.07149447 0.1017012  0.04278444 0.04488248 0.02767717 0.06305172
 0.01835189]
[0.04685121 0.06169636 0.06169636 0.07461149 0.04597333 0.06169636
 0.0254523  0.03897153 0.02624414 0.06169636 0.06169636 0.07557873
 0.06950278 0.07557873 0.04437875 0.05401291 0.02624414 0.06169637
 0.02642183]
[0.04254673 0.06688    0.06688    0.07011987 0.02818869 0.06688
 0.01599619 0.03298174 0.01922713 0.06688    0.06688    0.08184838
 0.08496376 0.08184838 0.04602533 0.06181945 0.01922713 0.06688001
 0.01392721]
[0.03711255 0.06305172 0.06305172 0.05270232 0.03400213 0.06305172
 0.02302137 0.03858128 0.02767717 0.06305172 0.06305172 0.1017012
 0.07149447 0.1017012  0.04278444 0.04488248 0.02767717 0.06305172
 0.01835189]
[0.04307599 0.05994733 0.05994733 0.07142703 0.04211901 0.05994733
 0.02185144 0.0365488  0.02603975 0.05994733 0.05994733 0.08789598
 0.07279471 0.08789598 0.04847254 0.05516166 0.02603974 0.05994735
 0.02099336]
[0.04835815 0.06845919 0.06845919 0.05250588 0.04066102 0.06845919
 0.02816104 0.03948659 0.02263829 0.06845919 0.06845919 0.0690252
 0.06646356 0.0690252  0.05441124 0.05267862 0.02263829 0.06845921
 0.02319171]
[0.04105268 0.06581938 0.06581938 0.06753406 0.03252114 0.06581938
 0.02200955 0.03342152 0.02746963 0.06581938 0.06581938 0.078095
 0.07428892 0.078095   0.04546585 0.05756653 0.02746963 0.0658194
 0.02009417]
[0.03711255 0.06305172 0.06305172 0.05270232 0.03400213 0.06305172
 0.02302137 0.03858128 0.02767717 0.06305172 0.06305172 0.1017012
 0.07149447 0.1017012  0.04278444 0.04488248 0.02767717 0.06305172
 0.01835189]
[0.03711255 0.06305172 0.06305172 0.05270232 0.03400213 0.06305172
 0.02302137 0.03858128 0.02767717 0.06305172 0.06305172 0.1017012
 0.07149447 0.1017012  0.04278444 0.04488248 0.02767717 0.06305172
 0.01835189]
[0.03953507 0.06354042 0.06354042 0.0796152  0.03099158 0.06354042
 0.02215036 0.03035883 0.02338121 0.06354042 0.06354042 0.07845116
 0.09437372 0.07845116 0.04432835 0.05618645 0.02338121 0.06354041
 0.0175533 ]
[0.05022622 0.06225095 0.06225095 0.0585675  0.03999853 0.06225095
 0.02679257 0.03246136 0.02676173 0.06225095 0.06225095 0.069774
 0.07968335 0.069774   0.06557627 0.0540182  0.02676173 0.06225096
 0.02609889]
[0.03953507 0.06354042 0.06354042 0.0796152  0.03099158 0.06354042
 0.02215036 0.03035883 0.02338121 0.06354042 0.06354042 0.07845116
 0.09437372 0.07845116 0.04432835 0.05618645 0.02338121 0.06354041
 0.0175533 ]
[0.04239748 0.06309459 0.06309459 0.07257771 0.03246316 0.06309459
 0.01660576 0.02464612 0.02031076 0.06309459 0.06309459 0.08889335
 0.10255808 0.08889335 0.04239229 0.0549973  0.02031076 0.06309459
 0.01438637]
[0.03410029 0.07178797 0.07178797 0.05887101 0.03030024 0.07178797
 0.01524416 0.03286279 0.02072622 0.07178797 0.07178797 0.08811799
 0.06708717 0.08811799 0.04574288 0.05084615 0.02072622 0.07178798
 0.01652916]
[0.04105266 0.06581938 0.06581938 0.06753406 0.03252114 0.06581938
 0.02200955 0.03342152 0.02746963 0.06581938 0.06581938 0.07809502
 0.0742889  0.07809502 0.04546585 0.05756653 0.02746963 0.06581939
 0.02009417]
[0.03711256 0.06305171 0.06305171 0.05270232 0.03400213 0.06305171
 0.02302137 0.03858127 0.02767717 0.06305171 0.06305171 0.10170122
 0.07149445 0.10170122 0.04278444 0.04488247 0.02767716 0.06305172
 0.01835189]
[0.03269211 0.06229411 0.06229411 0.07734057 0.02903137 0.06229411
 0.01687138 0.02883683 0.01828722 0.06229411 0.06229411 0.07903527
 0.11397847 0.07903527 0.0464038  0.06947076 0.01828722 0.06229413
 0.01696508]]