134348
Test: public void test40() throws Throwable { CDataNode cDataNode0 = new CDataNode("$F-Pi@ x)(9`5 "); Node node0 = cDataNode0.wrap("U6BguuTyOSVIH}8r{E,"); Document document0 = new Document("$F-Pi@ x)(9`5 "); Element element0 = document0.body(); LeafNode leafNode0 = cDataNode0.doClone(element0); document0.nodelistChanged(); FileSystemHandling.shouldAllThrowIOExceptions(); String string0 = ""; leafNode0.attr("", "$F-Pi@ x)(9`5 "); document0.outerHtml(); document0.normalise(); HttpConnection httpConnection0 = new HttpConnection(); SynchronousQueue<Connection.KeyVal> synchronousQueue0 = new SynchronousQueue<Connection.KeyVal>(); Consumer<Object> consumer0 = (Consumer<Object>) mock(Consumer.class, new ViolatedAssumptionAnswer()); synchronousQueue0.forEach(consumer0); HttpConnection httpConnection1 = new HttpConnection(); element0.wrap("u'dc2zORfEDMj`,v?5"); node0.siblingNodes(); org.jsoup.helper.Consumer<Object> consumer1 = (org.jsoup.helper.Consumer<Object>) mock(org.jsoup.helper.Consumer.class, new ViolatedAssumptionAnswer()); Parser.parseBodyFragment("<html>\n <body></body>\n</html>", "multipart/form-data"); node0.previousSibling(); element0.prepend("application/x-www-form-urlencoded"); // Undeclared exception!  document0.insertChildren((-305024715), (Collection<? extends Node>) null);   }
Code: public @Nullable Node previousSibling() { if (parentNode == null) return null; // root if (siblingIndex > 0) return parentNode.ensureChildNodes().get(siblingIndex-1); else return null; }
[[0.02987626 0.06300273 0.05803547 0.04990999 0.04195155 0.08074553
 0.02130074 0.0465209  0.01575167 0.0331412  0.06289229 0.04144814
 0.04028504 0.08074553 0.04144814 0.04982637 0.0172755  0.0331412
 0.04144814 0.04202804 0.0331412  0.06289227 0.01319213]
[0.02503929 0.04567843 0.04666282 0.04573022 0.05499204 0.08039629
 0.02306488 0.03532036 0.01591322 0.0310857  0.07768156 0.04345732
 0.03636261 0.08039629 0.04345732 0.04663194 0.02239351 0.0310857
 0.04345732 0.04839467 0.03108571 0.07768156 0.01403122]
[0.02112104 0.06124602 0.06419246 0.04935817 0.04983119 0.07663704
 0.02268356 0.03635414 0.01163813 0.03321495 0.07264671 0.04069123
 0.03815559 0.07663704 0.04069123 0.0513025  0.01633669 0.03321495
 0.04069122 0.04821385 0.03321495 0.07264671 0.00928058]
[0.03342365 0.05605137 0.0575105  0.05434269 0.03997151 0.06618468
 0.01906371 0.05683308 0.01556341 0.03359175 0.06925152 0.04049144
 0.03548649 0.06618468 0.04049144 0.05718903 0.02701233 0.03359175
 0.04049144 0.03789511 0.03359175 0.06925149 0.0165352 ]
[0.03254856 0.05988138 0.05504965 0.0565476  0.05526694 0.05567203
 0.03005107 0.03415044 0.0204725  0.03707536 0.06836448 0.04133079
 0.03585927 0.05567203 0.04133079 0.04514572 0.02264733 0.03707536
 0.0413308  0.05006957 0.03707536 0.06836446 0.01901853]
[0.01838511 0.07360857 0.06649795 0.0359877  0.04086534 0.10449038
 0.01233014 0.03686643 0.00699205 0.02435426 0.0725029  0.04146373
 0.02995782 0.10449038 0.04146373 0.03375851 0.01609862 0.02435426
 0.04146374 0.07103954 0.02435426 0.0725029  0.00617166]
[0.02363678 0.0625101  0.05533705 0.04238095 0.05968292 0.08691131
 0.0161945  0.03384992 0.01234516 0.02835009 0.0688585  0.03755378
 0.03812487 0.08691131 0.03755378 0.04491199 0.01909505 0.02835009
 0.03755378 0.07019645 0.02835009 0.06885848 0.01248303]
[0.0182503  0.05506475 0.06905892 0.04303011 0.05080302 0.10018652
 0.02033941 0.04447702 0.01179555 0.03029156 0.07126618 0.02861539
 0.04210041 0.10018652 0.02861539 0.04638266 0.02132098 0.03029156
 0.02861539 0.04751506 0.03029156 0.07126614 0.01023559]
[0.022919   0.05183347 0.05764722 0.04239015 0.05444935 0.10325101
 0.01931136 0.04220332 0.01386851 0.02792235 0.06687493 0.04017463
 0.03411354 0.10325101 0.04017463 0.05342418 0.0167941  0.02792235
 0.04017464 0.03826851 0.02792235 0.06687493 0.00823449]
[0.02063852 0.06664968 0.05013558 0.05091275 0.04252791 0.08371431
 0.01676808 0.03850545 0.01197463 0.02958999 0.07327548 0.04007844
 0.04449427 0.08371431 0.04007844 0.04505011 0.01741841 0.02958999
 0.04007844 0.06039559 0.02959    0.07327546 0.01154416]
[0.02926625 0.06130905 0.04025305 0.04539622 0.04426801 0.08364514
 0.0201804  0.04054967 0.01270696 0.03576694 0.05655899 0.04936907
 0.04861777 0.08364514 0.04936907 0.04097127 0.01756824 0.03576694
 0.04936907 0.04940832 0.03576694 0.05655898 0.0136885 ]
[0.0241148  0.06288382 0.0569603  0.04682703 0.04178589 0.06021813
 0.02249454 0.04504133 0.01739931 0.02936251 0.08314666 0.03960534
 0.05272077 0.06021813 0.03960534 0.05384785 0.01906381 0.02936251
 0.03960534 0.04928209 0.02936251 0.08314666 0.01394538]
[0.0270359  0.05380054 0.05600411 0.04870629 0.05443937 0.08153155
 0.01856337 0.03893566 0.01583463 0.03742485 0.06664044 0.03735251
 0.03405901 0.08153155 0.03735251 0.05713147 0.01839814 0.03742484
 0.03735251 0.0460336  0.03742484 0.06664044 0.01038182]
[0.01838511 0.07360857 0.06649795 0.0359877  0.04086534 0.10449038
 0.01233014 0.03686643 0.00699205 0.02435426 0.0725029  0.04146373
 0.02995782 0.10449038 0.04146373 0.03375851 0.01609862 0.02435426
 0.04146374 0.07103954 0.02435426 0.0725029  0.00617166]
[0.0241148  0.06288382 0.0569603  0.04682703 0.04178589 0.06021813
 0.02249454 0.04504133 0.01739931 0.02936251 0.08314666 0.03960534
 0.05272077 0.06021813 0.03960534 0.05384785 0.01906381 0.02936251
 0.03960534 0.04928209 0.02936251 0.08314666 0.01394538]
[0.0318754  0.07222593 0.05449267 0.04466096 0.04435036 0.08377947
 0.01900461 0.04231384 0.01085714 0.03593033 0.05932043 0.04213998
 0.03927409 0.08377947 0.04213998 0.06146907 0.01598637 0.03593032
 0.04213997 0.03280398 0.03593032 0.05932043 0.01027483]
[0.02438775 0.06002034 0.0581856  0.04440509 0.04697179 0.08250137
 0.02465462 0.03901333 0.01400288 0.03897629 0.05699569 0.03931489
 0.04988519 0.08250137 0.03931489 0.04372776 0.01788466 0.03897629
 0.03931489 0.04708134 0.03897629 0.05699566 0.01591197]
[0.02063852 0.06664968 0.05013558 0.05091275 0.04252791 0.08371431
 0.01676808 0.03850545 0.01197463 0.02958999 0.07327548 0.04007844
 0.04449427 0.08371431 0.04007844 0.04505011 0.01741841 0.02958999
 0.04007844 0.06039559 0.02959    0.07327546 0.01154416]
[0.0241148  0.06288382 0.0569603  0.04682703 0.04178589 0.06021813
 0.02249454 0.04504133 0.01739931 0.02936251 0.08314666 0.03960534
 0.05272077 0.06021813 0.03960534 0.05384785 0.01906381 0.02936251
 0.03960534 0.04928209 0.02936251 0.08314666 0.01394538]
[0.02408595 0.06556082 0.05880803 0.04660702 0.04766877 0.07676612
 0.02052212 0.03764534 0.01240853 0.03283782 0.07389021 0.04141062
 0.03759881 0.07676612 0.04141062 0.04858829 0.01827425 0.03283782
 0.04141062 0.04831727 0.03283782 0.07389022 0.00985682]
[0.02063853 0.06664969 0.0501356  0.05091275 0.0425279  0.08371431
 0.01676807 0.03850544 0.01197463 0.02958999 0.07327548 0.04007844
 0.04449426 0.08371431 0.04007844 0.04505011 0.01741841 0.02958999
 0.04007844 0.06039557 0.02958999 0.07327548 0.01154416]
[0.02926625 0.06130906 0.04025306 0.04539623 0.04426801 0.08364514
 0.0201804  0.04054968 0.01270696 0.03576694 0.05655899 0.04936907
 0.04861777 0.08364514 0.04936907 0.04097128 0.01756824 0.03576694
 0.04936907 0.04940833 0.03576694 0.05655898 0.0136885 ]
[0.02007245 0.05804024 0.08013233 0.03388071 0.05269563 0.07770794
 0.01627242 0.03487888 0.01254509 0.04415992 0.07053609 0.03734555
 0.03114755 0.07770794 0.03734555 0.04566225 0.0151608  0.04415992
 0.03734555 0.04722088 0.04415993 0.07053609 0.0112863 ]]