35246
Test: public void test2() throws Throwable { Permissions permissions0 = new Permissions(); boolean boolean0 = permissions0.allow((Class<?>) null, (Method) null); }
Code: public boolean allow(final Package pack) { if (pack == null || pack.getAnnotation(NoJexl.class) != null) { return false; } return true; }
[[0.0389009  0.09671137 0.05396592 0.05396592 0.05396592 0.05216044
 0.1048852  0.05396592 0.06127609 0.04428119 0.03783622 0.05396592
 0.02127338 0.02084257 0.05216044 0.04284785 0.05419333 0.01663809
 0.04284785 0.02667741 0.01663808]
[0.02770314 0.15357961 0.05382702 0.05382702 0.05382702 0.06324212
 0.10060976 0.05382702 0.04231049 0.0336262  0.03162286 0.05382702
 0.01322069 0.01389739 0.06324212 0.04376961 0.05291822 0.0120995
 0.04376962 0.02315402 0.0120995 ]
[0.03236505 0.12184028 0.05405255 0.05405255 0.05405255 0.05112132
 0.07956886 0.05405255 0.06138612 0.03552204 0.04412762 0.05405255
 0.02122788 0.02307714 0.05112132 0.03927722 0.06347708 0.01738719
 0.03927722 0.0315737  0.01738719]
[0.03236505 0.12184028 0.05405255 0.05405255 0.05405255 0.05112132
 0.07956886 0.05405255 0.06138612 0.03552204 0.04412762 0.05405255
 0.02122788 0.02307714 0.05112132 0.03927722 0.06347708 0.01738719
 0.03927722 0.0315737  0.01738719]
[0.03236505 0.12184028 0.05405255 0.05405255 0.05405255 0.05112132
 0.07956886 0.05405255 0.06138612 0.03552204 0.04412762 0.05405255
 0.02122788 0.02307714 0.05112132 0.03927722 0.06347708 0.01738719
 0.03927722 0.0315737  0.01738719]
[0.0409627  0.08921033 0.05327172 0.05327172 0.05327172 0.06673681
 0.07043442 0.05327172 0.04362809 0.03326275 0.0363872  0.05327172
 0.0291844  0.0263181  0.06673681 0.04702788 0.06073204 0.02339114
 0.04702788 0.02920976 0.02339114]
[0.02460704 0.1506721  0.05573095 0.05573095 0.05573095 0.05418967
 0.13966337 0.05573095 0.04952823 0.02766199 0.04967691 0.05573095
 0.00977518 0.00936737 0.05418967 0.0325647  0.04763152 0.008203
 0.03256471 0.02284675 0.008203  ]
[0.03236505 0.12184028 0.05405255 0.05405255 0.05405255 0.05112132
 0.07956886 0.05405255 0.06138612 0.03552204 0.04412762 0.05405255
 0.02122788 0.02307714 0.05112132 0.03927722 0.06347708 0.01738719
 0.03927722 0.0315737  0.01738719]
[0.02383728 0.19159263 0.03786937 0.03786937 0.03786937 0.06477957
 0.13102366 0.03786937 0.05838637 0.02878424 0.04185057 0.03786937
 0.01447064 0.01543268 0.06477957 0.03945863 0.04534638 0.01311959
 0.03945863 0.02521304 0.01311959]
[0.03333333 0.09122783 0.05094282 0.05094282 0.05094282 0.07411008
 0.10309479 0.05094282 0.052704   0.03097424 0.03394818 0.05094282
 0.01829557 0.01911113 0.07411008 0.05350891 0.04920524 0.01147995
 0.05350892 0.03519371 0.01147995]
[0.02742363 0.10525952 0.05575542 0.05575542 0.05575542 0.07273033
 0.12314399 0.05575542 0.04545882 0.03232348 0.03262064 0.05575542
 0.01583374 0.01434534 0.07273033 0.0400915  0.05386119 0.0091182
 0.04009151 0.02707251 0.0091182 ]
[0.03236505 0.12184028 0.05405255 0.05405255 0.05405255 0.05112132
 0.07956886 0.05405255 0.06138612 0.03552204 0.04412762 0.05405255
 0.02122788 0.02307714 0.05112132 0.03927722 0.06347708 0.01738719
 0.03927722 0.0315737  0.01738719]
[0.02917745 0.12828581 0.05094356 0.05094356 0.05094356 0.06601331
 0.11375031 0.05094356 0.0520019  0.0307767  0.04170898 0.05094356
 0.01224817 0.01506317 0.06601331 0.04006965 0.05698492 0.01181883
 0.04006965 0.02948123 0.01181883]
[0.02843319 0.14973001 0.05015764 0.05015764 0.05015764 0.06687825
 0.12827814 0.05015764 0.05253302 0.02830971 0.03383948 0.05015764
 0.01585471 0.01728253 0.06687825 0.03461834 0.04456417 0.01015229
 0.03461833 0.02708902 0.01015229]
[0.0409627  0.08921033 0.05327172 0.05327172 0.05327172 0.06673681
 0.07043442 0.05327172 0.04362809 0.03326275 0.0363872  0.05327172
 0.0291844  0.0263181  0.06673681 0.04702788 0.06073204 0.02339114
 0.04702788 0.02920976 0.02339114]
[0.02719867 0.14224641 0.05424956 0.05424956 0.05424956 0.05311512
 0.11221456 0.05424956 0.05260606 0.03433665 0.03150451 0.05424956
 0.01676598 0.01603621 0.05311512 0.03949837 0.05993275 0.01455914
 0.03949837 0.0215651  0.01455914]
[0.03811849 0.09973537 0.05438827 0.05438827 0.05438827 0.05213563
 0.07918429 0.05438827 0.05169949 0.03649281 0.03744823 0.05438827
 0.02652771 0.02369054 0.05213563 0.04417875 0.06801443 0.02111535
 0.04417875 0.03228782 0.02111535]
[0.02665764 0.0930808  0.04992297 0.04992297 0.04992297 0.06810418
 0.10278937 0.04992297 0.04616178 0.03029441 0.03875707 0.04992297
 0.01942833 0.01672296 0.06810418 0.05810426 0.05875245 0.01467516
 0.05810426 0.03597312 0.01467516]
[0.02719867 0.14224641 0.05424956 0.05424956 0.05424956 0.05311512
 0.11221456 0.05424956 0.05260606 0.03433665 0.03150451 0.05424956
 0.01676598 0.01603621 0.05311512 0.03949837 0.05993275 0.01455914
 0.03949837 0.0215651  0.01455914]
[0.03127879 0.15719593 0.05071386 0.05071386 0.05071386 0.05606978
 0.10340262 0.05071386 0.04996203 0.031303   0.0312642  0.05071386
 0.02260802 0.0212589  0.05606978 0.04039819 0.05176734 0.01209012
 0.04039819 0.02927371 0.01209012]
[0.02665764 0.09308083 0.04992296 0.04992296 0.04992296 0.06810419
 0.10278936 0.04992296 0.04616178 0.0302944  0.03875707 0.04992296
 0.01942833 0.01672296 0.06810419 0.05810426 0.05875245 0.01467516
 0.05810426 0.03597312 0.01467516]]