145351
Test: public void test10() throws Throwable { boolean boolean0 = GenericValidator.maxLength("", 0, 0); }
Code: public static boolean maxLength(String value, int max) { return (value.length() <= max); }
[[0.05491503 0.16286854 0.1376638  0.07618068 0.05353521 0.03488422
 0.03900708 0.07248759 0.06034531 0.07618068 0.15732625 0.05136882
 0.02323678]
[0.05364777 0.14962356 0.15753496 0.07147312 0.04859733 0.02714333
 0.03866478 0.10296343 0.05134412 0.07147311 0.15627451 0.04383694
 0.02742307]
[0.03473344 0.13860215 0.17119944 0.06571472 0.03790781 0.0169861
 0.0326572  0.09275395 0.05911398 0.06571472 0.2213969  0.04611894
 0.01710066]
[0.04301417 0.15653236 0.1537683  0.07059471 0.05006108 0.02723088
 0.04120607 0.07481273 0.05238197 0.07059471 0.19432282 0.0405309
 0.02494928]
[0.03311057 0.18248463 0.18107344 0.05960401 0.0351002  0.01989111
 0.04152193 0.10408617 0.04984806 0.05960401 0.18470198 0.03162057
 0.01735334]
[0.03113096 0.19902739 0.11669105 0.07906938 0.04767097 0.02209738
 0.03431251 0.07251747 0.05049967 0.07906939 0.20372769 0.04874614
 0.01544007]
[0.04336514 0.15337309 0.12721667 0.05724885 0.05093786 0.02345992
 0.0470185  0.08586103 0.06548564 0.05724884 0.23892784 0.03543078
 0.01442582]
[0.0580363  0.13989559 0.12260652 0.07407145 0.06474558 0.02735958
 0.05176123 0.09770208 0.06621801 0.07407146 0.15400772 0.03577584
 0.03374865]
[0.03437671 0.16910557 0.15865499 0.06543282 0.03516335 0.01927134
 0.03317466 0.07354718 0.0488217  0.06543283 0.2412457  0.03593941
 0.01983382]
[0.04301417 0.15653236 0.1537683  0.07059471 0.05006108 0.02723088
 0.04120607 0.07481273 0.05238197 0.07059471 0.19432282 0.0405309
 0.02494928]
[0.04119761 0.15196246 0.17898619 0.06590439 0.03956106 0.01778071
 0.02973798 0.09592313 0.0429183  0.06590439 0.20734301 0.0378545
 0.02492626]
[0.03706299 0.13057482 0.1542964  0.06109574 0.03471008 0.01849057
 0.03185703 0.08675455 0.04731056 0.06109574 0.27090466 0.04438641
 0.02146053]
[0.03620751 0.16123748 0.12159641 0.06642554 0.03727359 0.02708499
 0.04673834 0.1004829  0.08122665 0.06642554 0.18913281 0.04490307
 0.02126521]]