115833
Test: public void test25220() throws Throwable { BigFraction bigFraction0 = BigFraction.ZERO; BigFraction bigFraction1 = bigFraction0.multiply((-1488)); BigFraction bigFraction2 = bigFraction0.subtract((-2822L)); BigFraction bigFraction3 = BigFraction.of(450); BigFraction bigFraction4 = bigFraction0.abs(); long long0 = bigFraction3.longValue(); BigFraction bigFraction5 = bigFraction2.subtract((long) 450); BigFraction bigFraction6 = bigFraction3.abs(); }
Code: public BigFraction abs() { return signum() >= 0 ? this : negate(); }
[[0.07012995 0.08522829 0.09729491 0.10031582 0.07802126 0.09729491
 0.05934761 0.05570783 0.11845165 0.09637038 0.06756479 0.04290335
 0.0313693 ]
[0.06934094 0.08070402 0.0947741  0.12042234 0.08401844 0.0947741
 0.05671436 0.0650333  0.10932403 0.09060178 0.05036234 0.0533639
 0.03056633]
[0.05935624 0.0757564  0.09729892 0.10387908 0.07230008 0.09729892
 0.06255873 0.06237521 0.12932654 0.10389687 0.05830175 0.04305081
 0.03460046]
[0.07168581 0.07875721 0.09186512 0.1198445  0.08190101 0.09186512
 0.05442966 0.08034943 0.09034592 0.09397367 0.05939638 0.04406161
 0.04152457]
[0.05183647 0.07875474 0.10154606 0.10500608 0.07462966 0.10154606
 0.05470073 0.0559213  0.13941272 0.12242947 0.04895419 0.0366717
 0.02859087]
[0.05935624 0.0757564  0.09729892 0.10387908 0.07230008 0.09729892
 0.06255873 0.06237521 0.12932654 0.10389687 0.05830175 0.04305081
 0.03460046]
[0.05960982 0.05790437 0.09959503 0.12916803 0.08680853 0.09959503
 0.06997252 0.06094829 0.12282877 0.09050068 0.05579583 0.03991437
 0.02735876]
[0.06106572 0.07338696 0.092163   0.11404541 0.09563667 0.092163
 0.05596501 0.0581037  0.15258291 0.09302632 0.05534584 0.0329326
 0.02358289]
[0.06014893 0.06493905 0.09380281 0.148855   0.08325408 0.09380281
 0.04801923 0.04193413 0.1310539  0.11643709 0.06302293 0.02669203
 0.02803795]
[0.06582304 0.07456052 0.08878243 0.13731419 0.09112498 0.08878243
 0.04986608 0.05517745 0.13640247 0.10496535 0.05128118 0.03127356
 0.0246463 ]
[0.0687646  0.07642898 0.08305375 0.11035664 0.08648731 0.08305375
 0.06122176 0.07177162 0.14866588 0.08128946 0.04836788 0.04286655
 0.03767191]
[0.07205716 0.06523553 0.0929091  0.12176038 0.07937543 0.0929091
 0.0544346  0.05620334 0.13837811 0.09308974 0.06910255 0.03752081
 0.02702421]
[0.05093718 0.07661714 0.09381237 0.13925776 0.11366279 0.09381237
 0.05718617 0.05486941 0.12401471 0.07813618 0.04978456 0.03834439
 0.02956499]]