165458
Test: public void test0() throws Throwable { long[] longArray0 = new long[1]; XoRoShiRo1024StarStar xoRoShiRo1024StarStar0 = new XoRoShiRo1024StarStar(longArray0); long long0 = xoRoShiRo1024StarStar0.transform(0L, (-1L)); }
Code: protected long transform(long s0, long s15) { return Long.rotateLeft(s0 * 5, 7) * 9; }
[[0.09047418 0.07195131 0.07832478 0.07832478 0.07195131 0.07832478
 0.10123148 0.06451555 0.07832478 0.04861538 0.06814995 0.04379887
 0.04861538 0.05715024 0.0202472 ]
[0.09664068 0.08598664 0.07853523 0.07853523 0.08598664 0.07853523
 0.10995606 0.06324701 0.07853522 0.02985495 0.05923644 0.03980875
 0.02985495 0.0595453  0.02574162]
[0.10155293 0.07985852 0.0784821  0.0784821  0.07985852 0.0784821
 0.08357327 0.05828866 0.0784821  0.04876989 0.05588731 0.05168175
 0.04876989 0.04998211 0.02784873]
[0.10155293 0.07985852 0.0784821  0.0784821  0.07985852 0.0784821
 0.08357327 0.05828866 0.0784821  0.04876989 0.05588731 0.05168175
 0.04876989 0.04998211 0.02784873]
[0.09664068 0.08598664 0.07853523 0.07853523 0.08598664 0.07853523
 0.10995606 0.06324701 0.07853522 0.02985495 0.05923644 0.03980875
 0.02985495 0.0595453  0.02574162]
[0.10155293 0.07985852 0.0784821  0.0784821  0.07985852 0.0784821
 0.08357327 0.05828866 0.0784821  0.04876989 0.05588731 0.05168175
 0.04876989 0.04998211 0.02784873]
[0.10276434 0.08419205 0.06928841 0.06928841 0.08419205 0.06928841
 0.09429425 0.06243167 0.06928842 0.05493999 0.0509892  0.05313851
 0.05494    0.04867114 0.03229319]
[0.10240903 0.10462449 0.07699586 0.07699586 0.10462449 0.07699586
 0.08043294 0.0566882  0.07699586 0.03382866 0.05874389 0.0404197
 0.03382866 0.05454284 0.02187367]
[0.10155293 0.07985852 0.0784821  0.0784821  0.07985852 0.0784821
 0.08357327 0.05828866 0.0784821  0.04876989 0.05588731 0.05168175
 0.04876989 0.04998211 0.02784873]
[0.08844794 0.08243929 0.06944972 0.06944972 0.08243929 0.06944972
 0.09665335 0.05940905 0.06944972 0.06527199 0.05273456 0.04542259
 0.06527199 0.06580624 0.01830484]
[0.07901246 0.07842018 0.07549444 0.07549444 0.07842018 0.07549444
 0.09576363 0.06344698 0.07549443 0.04742272 0.06957074 0.05339897
 0.04742273 0.06136867 0.02377504]
[0.10783611 0.09958984 0.06388058 0.06388058 0.09958984 0.06388058
 0.08647117 0.06780247 0.06388056 0.04827486 0.05866173 0.04175237
 0.04827485 0.06350308 0.0227214 ]
[0.08844795 0.08243929 0.06944972 0.06944972 0.08243929 0.06944972
 0.09665336 0.05940906 0.06944972 0.06527199 0.05273457 0.0454226
 0.06527198 0.06580622 0.01830484]
[0.1058754  0.07310463 0.07848389 0.07848389 0.07310463 0.07848389
 0.08872379 0.05825194 0.07848389 0.05200867 0.06063829 0.04515827
 0.05200867 0.05595988 0.02123023]
[0.08757329 0.06601402 0.07518668 0.07518668 0.06601402 0.07518668
 0.1092727  0.09016869 0.07518668 0.04457082 0.06019582 0.04664642
 0.04457083 0.06094331 0.02328326]]