76845
Test: public void test22() throws Throwable { IFGT iFGT0 = new IFGT(); byte[] byteArray0 = new byte[2]; int int0 = iFGT0.updatePosition((byte)44, (byte)0); }
Code: protected int updatePosition( final int offset, final int max_offset ) { position += offset; return 0; }
[[0.07559232 0.02319994 0.06334996 0.03356732 0.02319994 0.17794363
 0.03356732 0.02319994 0.06334996 0.06525554 0.07449022 0.03013142
 0.09666502 0.08123785 0.05004529 0.07006469 0.01513968]
[0.07272726 0.02056088 0.07334689 0.03923389 0.02056088 0.14383517
 0.03923389 0.02056088 0.07334689 0.10007337 0.06554554 0.0249766
 0.09650891 0.08986659 0.04635471 0.05918849 0.01407922]
[0.07507625 0.0218623  0.05655538 0.03399147 0.0218623  0.19915497
 0.03399147 0.0218623  0.05655538 0.08381914 0.05757751 0.03555231
 0.10286408 0.08013321 0.041647   0.05816382 0.01933111]
[0.05635798 0.01904139 0.06645963 0.02877699 0.01904139 0.20553467
 0.02877699 0.01904139 0.06645963 0.08871472 0.07307507 0.03274446
 0.08572715 0.07990174 0.06269076 0.05325022 0.01440581]
[0.07272726 0.02056088 0.07334689 0.03923389 0.02056088 0.14383517
 0.03923389 0.02056088 0.07334689 0.10007337 0.06554554 0.0249766
 0.09650891 0.08986659 0.04635471 0.05918849 0.01407922]
[0.0721451  0.02675119 0.0697867  0.03494947 0.02675119 0.14029479
 0.03494947 0.02675119 0.0697867  0.06391771 0.07215218 0.03493057
 0.09021717 0.07929237 0.05448325 0.08312418 0.01971676]
[0.05635798 0.01904139 0.06645963 0.02877699 0.01904139 0.20553467
 0.02877699 0.01904139 0.06645963 0.08871472 0.07307507 0.03274446
 0.08572715 0.07990174 0.06269076 0.05325022 0.01440581]
[0.07272726 0.02056088 0.07334689 0.03923389 0.02056088 0.14383517
 0.03923389 0.02056088 0.07334689 0.10007337 0.06554554 0.0249766
 0.09650891 0.08986659 0.04635471 0.05918849 0.01407922]
[0.07507625 0.0218623  0.05655538 0.03399147 0.0218623  0.19915497
 0.03399147 0.0218623  0.05655538 0.08381914 0.05757751 0.03555231
 0.10286408 0.08013321 0.041647   0.05816382 0.01933111]
[0.06433815 0.02841194 0.05763406 0.04224903 0.02841194 0.15114619
 0.04224903 0.02841194 0.05763406 0.07375368 0.09424973 0.03270443
 0.0797483  0.07153898 0.05046184 0.07371396 0.02334271]
[0.08770625 0.02183078 0.05890694 0.04588312 0.02183078 0.1645672
 0.04588312 0.02183078 0.05890694 0.08039846 0.07946492 0.03891221
 0.07523653 0.05720735 0.0529592  0.06119562 0.02727976]
[0.08045806 0.01906183 0.04907887 0.02847496 0.01906183 0.21660757
 0.02847496 0.01906183 0.04907887 0.09194605 0.07398801 0.03199478
 0.08060034 0.0909176  0.05114827 0.057978   0.01206816]
[0.05606914 0.02059154 0.06798135 0.03500852 0.02059154 0.18588862
 0.03500852 0.02059154 0.06798135 0.06602023 0.0804643  0.02815625
 0.10758703 0.08945732 0.03786192 0.06558882 0.01515198]
[0.0738816  0.01799158 0.05773941 0.03504786 0.01799158 0.1958987
 0.03504786 0.01799158 0.05773941 0.07659704 0.07467379 0.03043228
 0.09874579 0.06845301 0.05310394 0.07288063 0.01578395]
[0.076511   0.01724277 0.05822126 0.02805618 0.01724277 0.21267176
 0.02805618 0.01724277 0.05822126 0.07744872 0.06216725 0.02845256
 0.12117248 0.08104523 0.04303315 0.05635167 0.01686294]
[0.06660566 0.02513761 0.06451004 0.04146338 0.02513761 0.16495529
 0.04146338 0.02513761 0.06451004 0.07253034 0.07944317 0.03681854
 0.07554489 0.06197309 0.05617724 0.07739282 0.02119924]
[0.06639493 0.02304913 0.05676877 0.02784562 0.02304913 0.19501936
 0.02784562 0.02304913 0.05676877 0.083746   0.08115999 0.03045677
 0.07562444 0.07761718 0.06754699 0.06671554 0.01734266]]