39883
Test: public void test39() throws Throwable { DurationFieldType durationFieldType0 = DurationFieldType.weeks(); PreciseDurationField preciseDurationField0 = new PreciseDurationField(durationFieldType0, 1821L); long long0 = preciseDurationField0.getMillis(1, (long) 0); }
Code: public long getMillis(int value, long instant) { return value * iUnitMillis; // safe }
[[0.05614214 0.09548777 0.07787722 0.05568649 0.09548777 0.02680419
 0.06807556 0.06094881 0.17039788 0.03702407 0.07787723 0.07787723
 0.07787724 0.02243629]
[0.04055623 0.09045951 0.07976023 0.03751527 0.09045951 0.01429012
 0.07835113 0.06065468 0.22574578 0.02324298 0.07976022 0.07976022
 0.07976023 0.01968395]
[0.04794903 0.08763941 0.08094968 0.05517681 0.08763941 0.02827919
 0.07092407 0.05806246 0.17237788 0.04368333 0.08094968 0.08094968
 0.08094969 0.02446965]
[0.04044002 0.08634389 0.07613814 0.04212718 0.08634389 0.01626034
 0.09201862 0.05702765 0.22420502 0.03395673 0.07613814 0.07613814
 0.07613815 0.01672409]
[0.04055623 0.09045951 0.07976023 0.03751527 0.09045951 0.01429012
 0.07835113 0.06065468 0.22574578 0.02324298 0.07976022 0.07976022
 0.07976023 0.01968395]
[0.04827499 0.09839781 0.07577126 0.04523465 0.09839781 0.02080373
 0.06914051 0.06412206 0.19219555 0.03933061 0.07577126 0.07577126
 0.07577127 0.02101721]
[0.05686875 0.09112338 0.07479515 0.06505391 0.09112338 0.0309009
 0.09077284 0.06553452 0.123152   0.05417827 0.07479516 0.07479516
 0.07479516 0.03211144]
[0.03891117 0.11466527 0.0806516  0.04352432 0.11466527 0.01814764
 0.06976423 0.05757548 0.1705856  0.03011569 0.0806516  0.0806516
 0.08065162 0.01943894]
[0.04264291 0.09253451 0.07712347 0.04399923 0.09253451 0.01834943
 0.06851722 0.0644045  0.21256691 0.03312767 0.07712347 0.07712347
 0.07712349 0.02282919]
[0.06368695 0.09029987 0.07404522 0.04901604 0.09029987 0.01934894
 0.08435968 0.0594668  0.1718284  0.05841872 0.07404522 0.07404522
 0.07404523 0.01709385]
[0.04794903 0.08763941 0.08094968 0.05517681 0.08763941 0.02827919
 0.07092407 0.05806246 0.17237788 0.04368333 0.08094968 0.08094968
 0.08094969 0.02446965]
[0.04794903 0.08763941 0.08094968 0.05517681 0.08763941 0.02827919
 0.07092407 0.05806246 0.17237788 0.04368333 0.08094968 0.08094968
 0.08094969 0.02446965]
[0.04794903 0.08763941 0.08094967 0.05517682 0.08763941 0.02827919
 0.07092407 0.05806246 0.17237788 0.04368334 0.08094967 0.08094967
 0.08094968 0.02446966]
[0.041675   0.06757807 0.0815651  0.04148168 0.06757807 0.02130985
 0.08614974 0.08496289 0.20490202 0.03855331 0.0815651  0.0815651
 0.08156512 0.01954887]]