11543
Test: public void test0() throws Throwable { FailableLongUnaryOperator<Throwable> failableLongUnaryOperator0 = FailableLongUnaryOperator.identity(); FailableLongUnaryOperator<Throwable> failableLongUnaryOperator1 = FailableLongUnaryOperator.nop(); FailableLongUnaryOperator<Throwable> failableLongUnaryOperator2 = failableLongUnaryOperator0.andThen(failableLongUnaryOperator1); }
Code: default FailableLongUnaryOperator<E> andThen(final FailableLongUnaryOperator<E> after) { Objects.requireNonNull(after); return (final long t) -> after.applyAsLong(applyAsLong(t)); }
[[0.13109927 0.07297401 0.07297401 0.07297401 0.07297401 0.11151866
 0.07297401 0.07031906 0.04784896 0.06515996 0.02348582 0.09314325
 0.07297401 0.01958095]
[0.11580719 0.07360484 0.07360484 0.07360484 0.07360484 0.08311768
 0.07360484 0.05530487 0.05732179 0.07326125 0.02676772 0.11935281
 0.07360485 0.02743765]
[0.11580719 0.07360484 0.07360484 0.07360484 0.07360484 0.08311768
 0.07360484 0.05530487 0.05732179 0.07326125 0.02676772 0.11935281
 0.07360485 0.02743765]
[0.11580719 0.07360484 0.07360484 0.07360484 0.07360484 0.08311768
 0.07360484 0.05530487 0.05732179 0.07326125 0.02676772 0.11935281
 0.07360485 0.02743765]
[0.11580719 0.07360484 0.07360484 0.07360484 0.07360484 0.08311768
 0.07360484 0.05530487 0.05732179 0.07326125 0.02676772 0.11935281
 0.07360485 0.02743765]
[0.09238802 0.0713071  0.0713071  0.0713071  0.0713071  0.10596988
 0.0713071  0.06575733 0.06236388 0.08645031 0.03001176 0.09375459
 0.07130712 0.0354616 ]
[0.11580719 0.07360484 0.07360484 0.07360484 0.07360484 0.08311768
 0.07360484 0.05530487 0.05732179 0.07326125 0.02676772 0.11935281
 0.07360485 0.02743765]
[0.15749383 0.07275353 0.07275353 0.07275353 0.07275353 0.08486547
 0.07275353 0.05466871 0.04469607 0.09575583 0.02086015 0.08234519
 0.07275354 0.02279359]
[0.11374111 0.07339908 0.07339908 0.07339908 0.07339908 0.09398973
 0.07339908 0.07666388 0.05223283 0.08551821 0.02487028 0.08929005
 0.07339908 0.02329941]
[0.14570689 0.07033686 0.07033686 0.07033686 0.07033686 0.11182916
 0.07033686 0.05807867 0.05371571 0.07575555 0.02109447 0.08615573
 0.07033686 0.02564266]
[0.11795562 0.07125174 0.07125174 0.07125174 0.07125174 0.13251643
 0.07125174 0.05667438 0.05579379 0.07892798 0.01982089 0.0925595
 0.07125176 0.01824093]
[0.10885458 0.07155482 0.07155482 0.07155482 0.07155482 0.11649574
 0.07155482 0.0657233  0.061215   0.08149642 0.02971926 0.08419264
 0.07155484 0.02297408]
[0.11580721 0.07360484 0.07360484 0.07360484 0.07360484 0.08311769
 0.07360484 0.05530487 0.05732179 0.07326125 0.02676772 0.11935282
 0.07360484 0.02743765]
[0.10757166 0.06967223 0.06967223 0.06967223 0.06967223 0.12112235
 0.06967223 0.09143849 0.06384654 0.0636474  0.02571865 0.08354475
 0.06967223 0.02507684]]