36237
Test: public void test69() throws Throwable { // Undeclared exception!  Duration.standardDays(100000000000000L);   }
Code: public static Duration standardDays(long days) { if (days == 0) { return ZERO; } return new Duration(FieldUtils.safeMultiply(days, DateTimeConstants.MILLIS_PER_DAY)); }
[[0.03493252 0.10617287 0.05813304 0.04846141 0.13915947 0.04758093
 0.09426111 0.07217975 0.05481361 0.0198434  0.04758093 0.0385684
 0.06329821 0.01510303 0.0385684  0.01754919 0.04846142 0.04022915
 0.01510303]
[0.03716046 0.09961206 0.05348939 0.0500095  0.10990977 0.06658515
 0.10095136 0.0786856  0.04709135 0.02312795 0.06658515 0.03524034
 0.05085382 0.01801719 0.03524034 0.01609054 0.0500095  0.0433233
 0.01801719]
[0.03274889 0.08937369 0.05036823 0.05093601 0.1463608  0.05553021
 0.10378246 0.06898656 0.05460967 0.03304612 0.05553021 0.03255227
 0.04448387 0.0181495  0.03255227 0.01682889 0.05093601 0.04507479
 0.0181495 ]
[0.02824219 0.10109611 0.06298733 0.04664295 0.14943749 0.04750637
 0.07016374 0.08782202 0.05302025 0.0219053  0.04750637 0.03435031
 0.05827286 0.01594865 0.03435031 0.0217073  0.04664296 0.05644889
 0.01594865]
[0.03946493 0.08271722 0.04145939 0.05080459 0.15962708 0.04806694
 0.08862419 0.08067184 0.04453927 0.01975744 0.04806694 0.04568959
 0.06487516 0.01450756 0.04568959 0.01703819 0.05080461 0.04308792
 0.01450755]
[0.03826331 0.09010237 0.0567848  0.05010355 0.10439394 0.06157134
 0.06589386 0.09969101 0.04093    0.02597188 0.06157134 0.04402912
 0.05957582 0.0217015  0.04402912 0.02134136 0.05010356 0.04224055
 0.0217015 ]
[0.01959699 0.1279384  0.04324626 0.04350344 0.2330882  0.04505045
 0.11193533 0.06659259 0.03874949 0.01770676 0.04505045 0.02605277
 0.05073665 0.00674754 0.02605277 0.0077393  0.04350345 0.03996161
 0.00674754]
[0.02887642 0.11548457 0.0514463  0.04451811 0.15818821 0.05331591
 0.1030053  0.05648941 0.04198739 0.02650001 0.05331591 0.03421835
 0.07019109 0.01174149 0.03421835 0.01575947 0.04451812 0.04448409
 0.01174149]
[0.01838842 0.11099993 0.05853255 0.02895348 0.21883164 0.05079978
 0.10098581 0.07657101 0.04488585 0.02134243 0.05079978 0.0304947
 0.05676258 0.01025168 0.0304947  0.0123606  0.02895348 0.03933992
 0.01025168]
[0.02924558 0.10437672 0.04497042 0.04819304 0.14362408 0.05058463
 0.09863535 0.06645979 0.04878014 0.02011732 0.05058463 0.04618727
 0.06205728 0.01750567 0.04618727 0.01406853 0.04819306 0.04272345
 0.01750567]
[0.03826331 0.09010237 0.0567848  0.05010355 0.10439394 0.06157134
 0.06589386 0.09969101 0.04093    0.02597188 0.06157134 0.04402912
 0.05957582 0.0217015  0.04402912 0.02134136 0.05010356 0.04224055
 0.0217015 ]
[0.02237768 0.10804408 0.03877293 0.04323395 0.22107537 0.04656562
 0.0904758  0.08240074 0.04146187 0.01905183 0.04656562 0.03200556
 0.05848552 0.01261833 0.03200556 0.01318708 0.04323396 0.0358201
 0.01261833]
[0.03572167 0.11756752 0.04490741 0.04791264 0.15176764 0.0581015
 0.09231125 0.0741525  0.03926774 0.0155892  0.0581015  0.03843832
 0.0609232  0.0115513  0.03843832 0.01521955 0.04791265 0.04056469
 0.0115513 ]
[0.0254274  0.10052797 0.05567292 0.04854191 0.12782785 0.05963126
 0.09687634 0.06585739 0.0435781  0.01787204 0.05963126 0.05388207
 0.05792224 0.01310783 0.05388207 0.0142207  0.04854192 0.04389094
 0.01310783]
[0.02237768 0.10804408 0.03877293 0.04323395 0.22107537 0.04656562
 0.0904758  0.08240074 0.04146187 0.01905183 0.04656562 0.03200556
 0.05848552 0.01261833 0.03200556 0.01318708 0.04323396 0.0358201
 0.01261833]
[0.02923113 0.08894613 0.04516869 0.04376847 0.17806795 0.05546244
 0.09780917 0.06146311 0.05181833 0.01743188 0.05546244 0.04119563
 0.05269762 0.01592561 0.04119563 0.01871182 0.04376848 0.04594985
 0.01592561]
[0.02824219 0.1010961  0.06298734 0.04664295 0.14943752 0.04750637
 0.07016374 0.087822   0.05302024 0.0219053  0.04750637 0.03435031
 0.05827285 0.01594865 0.03435031 0.0217073  0.04664295 0.05644888
 0.01594865]
[0.02718369 0.09501779 0.05812871 0.04978225 0.12177611 0.05723963
 0.09100966 0.08713587 0.04397695 0.02214266 0.05723963 0.03774174
 0.07225075 0.01678636 0.03774174 0.0173518  0.04978226 0.04092603
 0.01678636]
[0.0254274  0.10052796 0.05567293 0.04854191 0.1278279  0.05963127
 0.09687632 0.06585738 0.0435781  0.01787204 0.05963127 0.05388207
 0.05792222 0.01310783 0.05388207 0.01422071 0.04854192 0.04389095
 0.01310783]]