151168
Test: public void test7() throws Throwable { UnixFTPEntryParser unixFTPEntryParser0 = new UnixFTPEntryParser(); String string0 = unixFTPEntryParser0.group(2414); }
Code: public String group(final int matchnum) { if (this.result == null) { return null; } return this.result.group(matchnum); }
[[0.04749224 0.06114195 0.06588294 0.03027645 0.06588294 0.06214771
 0.1278932  0.06588294 0.07524621 0.02565276 0.06214771 0.05212161
 0.10027206 0.01997735 0.05212161 0.06588294 0.01997734]
[0.04825852 0.05612389 0.06872356 0.02610848 0.06872356 0.06933416
 0.14037451 0.06872356 0.06219195 0.02179918 0.06933416 0.04855151
 0.09903568 0.01772109 0.04855151 0.06872356 0.01772109]
[0.03945129 0.07251512 0.06589466 0.02556825 0.06589466 0.062273
 0.09697986 0.06589466 0.07483421 0.02812754 0.062273   0.04787578
 0.1362815  0.02118303 0.04787578 0.06589466 0.02118303]
[0.02871685 0.05579811 0.07377382 0.02071574 0.07377382 0.06496085
 0.16568968 0.07377382 0.07234416 0.01742264 0.06496085 0.04634976
 0.09354684 0.01402473 0.04634976 0.07377382 0.01402473]
[0.03945129 0.07251512 0.06589466 0.02556825 0.06589466 0.062273
 0.09697986 0.06589466 0.07483421 0.02812754 0.062273   0.04787578
 0.1362815  0.02118303 0.04787578 0.06589466 0.02118303]
[0.04906259 0.07081817 0.06383841 0.02340141 0.06383841 0.07985966
 0.08437169 0.06383841 0.05227199 0.03153665 0.07985966 0.05633671
 0.10478665 0.02800226 0.05633671 0.06383841 0.02800225]
[0.03075138 0.07005943 0.07095871 0.0152726  0.07095871 0.06489921
 0.17348269 0.07095871 0.06293025 0.01175696 0.06489921 0.04051979
 0.12121101 0.00993143 0.04051979 0.07095871 0.00993143]
[0.03945129 0.07251512 0.06589466 0.02556825 0.06589466 0.062273
 0.09697986 0.06589466 0.07483421 0.02812754 0.062273   0.04787578
 0.1362815  0.02118303 0.04787578 0.06589466 0.02118303]
[0.03032227 0.08349121 0.04993116 0.01891662 0.04993116 0.07679014
 0.16726375 0.04993116 0.07531622 0.01972435 0.07679014 0.04981551
 0.12042891 0.0158004  0.04981551 0.04993116 0.0158004 ]
[0.03567618 0.05702597 0.06520078 0.01938597 0.06520078 0.07911829
 0.16228017 0.06520078 0.06717094 0.02223748 0.07911829 0.04327972
 0.1060527  0.0122857  0.04327972 0.06520078 0.0122857 ]
[0.04906259 0.07081817 0.06383841 0.02340141 0.06383841 0.07985966
 0.08437169 0.06383841 0.05227199 0.03153665 0.07985966 0.05633671
 0.10478665 0.02800226 0.05633671 0.06383841 0.02800225]
[0.03326479 0.07494923 0.06672043 0.01996504 0.06672043 0.06420084
 0.13773249 0.06672043 0.06482183 0.01967902 0.06420084 0.0484382
 0.12215501 0.01763644 0.0484382  0.06672043 0.01763644]
[0.04488221 0.07460841 0.07440962 0.02616959 0.07440962 0.06014721
 0.12500173 0.07440962 0.06345868 0.01930027 0.06014721 0.05272496
 0.08493385 0.01913118 0.05272496 0.07440962 0.01913117]
[0.03220782 0.05902409 0.06095181 0.02456982 0.06095181 0.07861749
 0.12338603 0.06095181 0.05546094 0.02032602 0.07861749 0.06914194
 0.11146252 0.01711833 0.06914194 0.06095181 0.01711833]
[0.03326479 0.07494923 0.06672043 0.01996504 0.06672043 0.06420084
 0.13773249 0.06672043 0.06482183 0.01967902 0.06420084 0.0484382
 0.12215501 0.01763644 0.0484382  0.06672043 0.01763644]
[0.03945129 0.07251512 0.06589466 0.02556825 0.06589466 0.062273
 0.09697986 0.06589466 0.07483421 0.02812754 0.062273   0.04787578
 0.1362815  0.02118303 0.04787578 0.06589466 0.02118303]
[0.03220782 0.05902409 0.06095181 0.02456982 0.06095181 0.0786175
 0.123386   0.06095181 0.05546094 0.02032602 0.0786175  0.06914194
 0.11146253 0.01711833 0.06914194 0.06095181 0.01711833]]