36874
Test: public void test1() throws Throwable { BuddhistChronology buddhistChronology0 = BuddhistChronology.getInstance(); DurationField durationField0 = buddhistChronology0.millis(); long long0 = durationField0.subtract(2303L, 2303L); }
Code: public long subtract(long instant, int value) { if (value == Integer.MIN_VALUE) { return subtract(instant, (long) value); } return add(instant, -value); }
[[0.0351175  0.05759361 0.04871907 0.06803849 0.0218005  0.04067163
 0.04891388 0.09487038 0.0346088  0.05479548 0.05125057 0.04891388
 0.03890615 0.04871907 0.02273583 0.08772475 0.01541952 0.03890615
 0.07815616 0.04871908 0.01541952]
[0.02547244 0.05161135 0.04696495 0.06317539 0.01507682 0.03948282
 0.06372942 0.09649938 0.04284824 0.04927386 0.05894605 0.06372942
 0.03760486 0.04696495 0.01681277 0.08316129 0.01500112 0.03760486
 0.0840739  0.04696494 0.01500112]
[0.03031908 0.05254116 0.05031273 0.07563748 0.01947989 0.04675229
 0.0496746  0.07498915 0.03721993 0.05716911 0.06034236 0.0496746
 0.0368414  0.05031273 0.02257462 0.08157755 0.01676635 0.0368414
 0.08389446 0.05031273 0.01676635]
[0.03595573 0.04256093 0.04989841 0.07004991 0.02217626 0.03624675
 0.06275814 0.09497128 0.0399726  0.04526833 0.06127408 0.06275814
 0.04163662 0.04989841 0.02185113 0.07372715 0.01406225 0.04163662
 0.06933651 0.0498984  0.01406225]
[0.0220826  0.0458491  0.05547562 0.06707756 0.01543174 0.05103356
 0.05285472 0.12759593 0.04019374 0.05420909 0.03757235 0.05285472
 0.03599285 0.05547562 0.01384935 0.07736088 0.01111191 0.03599284
 0.08139825 0.05547563 0.0111119 ]
[0.03394645 0.05643506 0.05029371 0.06974364 0.01579471 0.0404186
 0.05647802 0.10018069 0.03935815 0.05007964 0.04903351 0.05647802
 0.04085614 0.05029371 0.01835888 0.0741837  0.01394401 0.04085613
 0.07902958 0.05029371 0.01394401]
[0.0387471  0.06185665 0.05078365 0.06843932 0.0185632  0.04170348
 0.06224532 0.06674074 0.04361523 0.04147159 0.0554563  0.06224532
 0.04459946 0.05078365 0.02623119 0.05612148 0.02195571 0.04459946
 0.07110184 0.05078365 0.02195571]
[0.02249971 0.06014112 0.05014461 0.08307099 0.0109743  0.02867661
 0.05129877 0.12835662 0.03453991 0.04464483 0.05812271 0.05129877
 0.0298852  0.05014461 0.01100612 0.08792622 0.00769886 0.0298852
 0.10184139 0.05014462 0.00769886]
[0.03106389 0.0497366  0.05276998 0.06070231 0.01839146 0.03820755
 0.05377268 0.0967893  0.04269899 0.05209575 0.0403683  0.05377268
 0.03944537 0.05276998 0.02173306 0.08362738 0.01401208 0.03944536
 0.09181528 0.05276997 0.01401208]
[0.02102919 0.0588683  0.03298794 0.06782512 0.01256136 0.03901961
 0.05848936 0.11544666 0.0407324  0.05125849 0.04628178 0.05848936
 0.0349006  0.03298794 0.01653325 0.09054936 0.01178632 0.03490061
 0.13057813 0.03298794 0.01178632]
[0.02636663 0.0512945  0.04777288 0.06239826 0.01669414 0.05000611
 0.06500068 0.08274508 0.0375958  0.05092041 0.04926502 0.06500068
 0.03993476 0.04777288 0.02241873 0.07773523 0.01515195 0.03993476
 0.08906668 0.04777287 0.01515194]
[0.0387471  0.06185665 0.05078365 0.06843932 0.0185632  0.04170348
 0.06224532 0.06674074 0.04361523 0.04147159 0.0554563  0.06224532
 0.04459946 0.05078365 0.02623119 0.05612148 0.02195571 0.04459946
 0.07110184 0.05078365 0.02195571]
[0.02530265 0.06741861 0.0495187  0.05700677 0.0147097  0.0380148
 0.05135516 0.10313866 0.03744917 0.04770507 0.05546757 0.05135516
 0.03641155 0.0495187  0.01890151 0.08361375 0.01397804 0.03641156
 0.09922618 0.0495187  0.01397804]
[0.03031908 0.05254116 0.05031273 0.07563748 0.01947989 0.04675229
 0.0496746  0.07498915 0.03721993 0.05716911 0.06034236 0.0496746
 0.0368414  0.05031273 0.02257462 0.08157755 0.01676635 0.0368414
 0.08389446 0.05031273 0.01676635]
[0.0355183  0.05078771 0.04508124 0.07122241 0.02066035 0.03607168
 0.06234365 0.11615717 0.03475308 0.04560248 0.04947462 0.06234365
 0.03591111 0.04508124 0.02444405 0.07978629 0.01505639 0.03591111
 0.07365578 0.04508125 0.01505639]
[0.03209678 0.05445553 0.04386182 0.06735064 0.01624001 0.0395307
 0.05907263 0.09350091 0.04325625 0.05571876 0.05089845 0.05907263
 0.04623654 0.04386182 0.02100683 0.0794742  0.01291563 0.04623654
 0.07843591 0.04386181 0.01291563]
[0.02595789 0.04213378 0.04896396 0.0683203  0.01976108 0.03109246
 0.0642868  0.09964591 0.05131234 0.04477743 0.05693948 0.0642868
 0.05599234 0.04896396 0.01978361 0.05710119 0.013951   0.05599234
 0.06782241 0.04896395 0.013951  ]
[0.02530265 0.06741861 0.0495187  0.05700677 0.0147097  0.0380148
 0.05135516 0.10313866 0.03744917 0.04770507 0.05546757 0.05135516
 0.03641155 0.0495187  0.01890151 0.08361375 0.01397804 0.03641156
 0.09922618 0.0495187  0.01397804]
[0.03187991 0.04762117 0.04860203 0.05895091 0.01787896 0.04074429
 0.05911639 0.11278981 0.0419924  0.04170737 0.04936623 0.05911639
 0.03450316 0.04860203 0.01918465 0.090299   0.0182734  0.03450316
 0.07799325 0.04860202 0.0182734 ]
[0.03031908 0.05254116 0.05031273 0.07563748 0.01947989 0.04675229
 0.0496746  0.07498915 0.03721993 0.05716911 0.06034236 0.0496746
 0.0368414  0.05031273 0.02257462 0.08157755 0.01676635 0.0368414
 0.08389446 0.05031273 0.01676635]
[0.02595789 0.04213379 0.04896395 0.0683203  0.01976108 0.03109246
 0.06428681 0.0996459  0.05131233 0.04477742 0.05693949 0.06428681
 0.05599234 0.04896395 0.01978361 0.0571012  0.013951   0.05599234
 0.06782241 0.04896395 0.013951  ]]