168914
Test: public void test144() throws Throwable { ResultSet resultSet0 = mock(ResultSet.class, new ViolatedAssumptionAnswer()); doReturn("").when(resultSet0).toString(); Proxy proxy0 = (Proxy)SqlNullCheckedResultSet.wrap(resultSet0); SqlNullCheckedResultSet sqlNullCheckedResultSet0 = new SqlNullCheckedResultSet((ResultSet) proxy0); Timestamp timestamp0 = new Timestamp(0); sqlNullCheckedResultSet0.setNullTimestamp(timestamp0); Timestamp timestamp1 = sqlNullCheckedResultSet0.getNullTimestamp(); }
Code: public Timestamp getNullTimestamp() { return this.nullTimestamp != null ? new Timestamp(this.nullTimestamp.getTime()) : null; }
[[0.06001642 0.09737964 0.08325997 0.0817356  0.06626168 0.08325997
 0.03298158 0.06799008 0.10515844 0.03015151 0.08325997 0.05609383
 0.12650584 0.02594547]
[0.05168528 0.0877074  0.07559496 0.09842385 0.0673016  0.07559496
 0.03064738 0.05558885 0.12674424 0.0233337  0.07559496 0.04577525
 0.16594297 0.0200646 ]
[0.04852264 0.09747496 0.0801999  0.0812715  0.05900773 0.0801999
 0.03277992 0.05247456 0.10886804 0.0372647  0.0801999  0.04700697
 0.1674215  0.02730777]
[0.06301052 0.08476193 0.08097177 0.10483893 0.07205513 0.08097177
 0.04527939 0.05080089 0.07971464 0.03464485 0.08097178 0.05214598
 0.13343    0.03640239]
[0.0431333  0.10320671 0.08610363 0.08408704 0.06266397 0.08610363
 0.02657061 0.05451574 0.1211127  0.02571421 0.08610363 0.04001785
 0.15761086 0.02305614]
[0.04852264 0.09747496 0.0801999  0.0812715  0.05900773 0.0801999
 0.03277992 0.05247456 0.10886804 0.0372647  0.0801999  0.04700697
 0.1674215  0.02730777]
[0.04553175 0.12085497 0.07983881 0.11297151 0.06393723 0.07983881
 0.01994963 0.04708775 0.12833966 0.02150161 0.07983883 0.02976216
 0.15092221 0.01962506]
[0.0508731  0.08652967 0.07758347 0.11663663 0.08210912 0.07758347
 0.02822845 0.04702813 0.11289258 0.03525871 0.07758346 0.04098051
 0.14879249 0.01792026]
[0.05112585 0.08618096 0.08035088 0.11888901 0.0699335  0.08035088
 0.0307516  0.0498439  0.11511429 0.02282429 0.08035087 0.05131244
 0.14034447 0.02262704]
[0.05199568 0.09628068 0.08026765 0.09290908 0.07311738 0.08026765
 0.03344991 0.06339172 0.10531026 0.03394457 0.08026767 0.05981729
 0.12191273 0.02706772]
[0.04852264 0.09747496 0.0801999  0.0812715  0.05900773 0.0801999
 0.03277992 0.05247456 0.10886804 0.0372647  0.0801999  0.04700697
 0.1674215  0.02730777]
[0.0588745  0.08136716 0.07169825 0.09138346 0.07414737 0.07169825
 0.03733338 0.05968286 0.13186926 0.03001301 0.07169825 0.04065572
 0.14800474 0.03157384]
[0.05776849 0.07963987 0.09614271 0.07961093 0.0684659  0.09614271
 0.03276461 0.05560608 0.12012683 0.02718473 0.09614271 0.05542184
 0.10983093 0.02515166]
[0.04273559 0.0845584  0.07898516 0.11523055 0.09489763 0.07898516
 0.03182428 0.04806634 0.10479554 0.02398082 0.07898516 0.04136345
 0.15105532 0.02453663]]