132732
Test: public void test10() throws Throwable { Safelist safelist0 = Safelist.simpleText(); String string0 = Jsoup.clean("", "strike", safelist0); }
Code: public static String clean(String bodyHtml, String baseUri, Safelist safelist) { Document dirty = parseBodyFragment(bodyHtml, baseUri); Cleaner cleaner = new Cleaner(safelist); Document clean = cleaner.clean(dirty); return clean.body().html(); }
[[0.02329758 0.07531233 0.02945262 0.03299132 0.04918829 0.02945262
 0.03233401 0.03232288 0.03232288 0.03430973 0.0874904  0.02715825
 0.01486649 0.03232288 0.02466632 0.06920175 0.04864799 0.01486649
 0.01152618 0.03232288 0.0874904  0.06226636 0.01486649 0.03232288
 0.02604068 0.03232289 0.01063641]
[0.02441541 0.07058555 0.03482836 0.02817101 0.03768549 0.03482836
 0.03204507 0.03221751 0.03221751 0.04978719 0.08933043 0.02785208
 0.01584294 0.03221751 0.02190549 0.06480769 0.0455301  0.01584294
 0.01079771 0.03221751 0.08933043 0.06061295 0.01584294 0.03221751
 0.02356763 0.03221751 0.0130852 ]
[0.02520155 0.07992889 0.02846129 0.02679221 0.03694662 0.02846129
 0.03807716 0.03481565 0.03481565 0.0410886  0.07948324 0.02443241
 0.01693422 0.03481565 0.02904442 0.0640577  0.05133039 0.01693422
 0.01079734 0.03481565 0.07948324 0.06060821 0.01693422 0.03481565
 0.02592668 0.03481566 0.01018216]
[0.01980047 0.07336089 0.03159223 0.03403012 0.04002468 0.03159223
 0.03013708 0.03294396 0.03294396 0.0414174  0.08641933 0.02477144
 0.01722919 0.03294396 0.01917114 0.07277965 0.06669136 0.01722919
 0.01003484 0.03294396 0.08641933 0.04608143 0.01722919 0.03294396
 0.02692296 0.03294396 0.00940211]
[0.01648873 0.06426986 0.03274876 0.03106096 0.03759917 0.03274876
 0.03672018 0.02768417 0.02768417 0.04580657 0.09262678 0.02346234
 0.0126239  0.02768417 0.0260907  0.0776528  0.07621056 0.0126239
 0.01020266 0.02768417 0.09262678 0.06414773 0.0126239  0.02768417
 0.02716879 0.02768417 0.0083912 ]
[0.02520155 0.07992889 0.02846129 0.02679221 0.03694662 0.02846129
 0.03807716 0.03481565 0.03481565 0.0410886  0.07948324 0.02443241
 0.01693422 0.03481565 0.02904442 0.0640577  0.05133039 0.01693422
 0.01079734 0.03481565 0.07948324 0.06060821 0.01693422 0.03481565
 0.02592668 0.03481566 0.01018216]
[0.01928554 0.09182019 0.03479305 0.03958127 0.03337839 0.03479305
 0.03321999 0.03456658 0.03456658 0.03934196 0.07251275 0.02343944
 0.01447355 0.03456658 0.02576308 0.06990895 0.0580406  0.01447355
 0.01143878 0.03456658 0.07251275 0.05151349 0.01447355 0.03456658
 0.02750881 0.03456658 0.01032776]
[0.0191183  0.07001893 0.03380745 0.03540041 0.03587047 0.03380745
 0.03440923 0.03129941 0.03129941 0.03367998 0.06832626 0.03218193
 0.02126536 0.03129941 0.02466377 0.078904   0.05618312 0.02126536
 0.01482719 0.03129941 0.06832626 0.07438561 0.02126536 0.03129941
 0.02329327 0.03129942 0.01120386]
[0.0191183  0.07001893 0.03380745 0.03540041 0.03587047 0.03380745
 0.03440923 0.03129941 0.03129941 0.03367998 0.06832626 0.03218193
 0.02126536 0.03129941 0.02466377 0.078904   0.05618312 0.02126536
 0.01482719 0.03129941 0.06832626 0.07438561 0.02126536 0.03129941
 0.02329327 0.03129942 0.01120386]
[0.02626922 0.06398258 0.03642147 0.03201536 0.0375451  0.03642147
 0.02643901 0.03313382 0.03313382 0.0451055  0.0768494  0.0263613
 0.0219992  0.03313382 0.02287581 0.06539123 0.04490107 0.0219992
 0.01424096 0.03313382 0.0768494  0.05822714 0.0219992  0.03313382
 0.02985726 0.03313383 0.01544611]
[0.02124056 0.06516982 0.04183999 0.04233241 0.02866582 0.04183999
 0.03604513 0.03357521 0.03357521 0.04691532 0.08599266 0.0228549
 0.01236426 0.03357521 0.0216762  0.06489272 0.05164864 0.01236426
 0.01090241 0.03357521 0.08599266 0.0591502  0.01236426 0.03357521
 0.02587463 0.03357521 0.00842195]
[0.01767284 0.08981704 0.03347205 0.03779767 0.03007083 0.03347205
 0.03511703 0.03428864 0.03428864 0.03862792 0.07174802 0.02527424
 0.01545207 0.03428864 0.02423372 0.06783459 0.07204279 0.01545207
 0.01078494 0.03428864 0.07174802 0.05294538 0.01545207 0.03428864
 0.02575732 0.03428864 0.00949552]
[0.02773009 0.06889044 0.03281843 0.03858167 0.03609958 0.03281843
 0.03786769 0.03921151 0.03921151 0.0317152  0.0636315  0.02265835
 0.02310541 0.03921151 0.02125819 0.06092594 0.041781   0.02310541
 0.01307129 0.03921151 0.0636315  0.05773685 0.02310541 0.03921151
 0.0305124  0.03921152 0.01368623]
[0.0191183  0.07001893 0.03380745 0.03540041 0.03587047 0.03380745
 0.03440923 0.03129941 0.03129941 0.03367998 0.06832626 0.03218193
 0.02126536 0.03129941 0.02466377 0.078904   0.05618312 0.02126536
 0.01482719 0.03129941 0.06832626 0.07438561 0.02126536 0.03129941
 0.02329327 0.03129942 0.01120386]
[0.01898695 0.07460382 0.02968363 0.033898   0.03444072 0.02968363
 0.03503835 0.03236331 0.03236331 0.05341324 0.08523018 0.0217177
 0.01641383 0.03236331 0.02418883 0.06637397 0.05633076 0.01641383
 0.0105553  0.03236331 0.08523018 0.05732862 0.01641383 0.03236331
 0.02869955 0.03236332 0.01117526]
[0.02719117 0.05834813 0.03928823 0.03292732 0.03637432 0.03928823
 0.04059731 0.03421772 0.03421772 0.04273926 0.07690881 0.02109531
 0.01982413 0.03421772 0.0329086  0.06632107 0.03997849 0.01982413
 0.01527761 0.03421772 0.07690881 0.05125344 0.01982413 0.03421772
 0.02409594 0.03421772 0.01371934]
[0.02154918 0.05625575 0.02997541 0.03515579 0.032522   0.02997541
 0.04202151 0.03352518 0.03352518 0.04832348 0.09532838 0.02421245
 0.01660793 0.03352518 0.02408739 0.06468147 0.04988653 0.01660793
 0.01209203 0.03352518 0.09532838 0.0477498  0.01660793 0.03352518
 0.02780922 0.03352519 0.01207095]
[0.02773009 0.06889044 0.03281843 0.03858167 0.03609958 0.03281843
 0.03786769 0.03921151 0.03921151 0.0317152  0.0636315  0.02265835
 0.02310541 0.03921151 0.02125819 0.06092594 0.041781   0.02310541
 0.01307129 0.03921151 0.0636315  0.05773685 0.02310541 0.03921151
 0.0305124  0.03921152 0.01368623]
[0.02186825 0.06819724 0.03509616 0.03083695 0.0402542  0.03509616
 0.03458228 0.03138573 0.03138573 0.04472607 0.08514607 0.02015159
 0.01706396 0.03138573 0.02347786 0.06183252 0.06264804 0.01706396
 0.01362695 0.03138573 0.08514607 0.05427445 0.01706396 0.03138573
 0.03090938 0.03138573 0.01262349]
[0.0191183  0.07001893 0.03380745 0.03540041 0.03587047 0.03380745
 0.03440923 0.03129941 0.03129941 0.03367998 0.06832626 0.03218193
 0.02126536 0.03129941 0.02466377 0.078904   0.05618312 0.02126536
 0.01482719 0.03129941 0.06832626 0.07438561 0.02126536 0.03129941
 0.02329327 0.03129942 0.01120386]
[0.02124056 0.06516982 0.04183999 0.04233241 0.02866582 0.04183999
 0.03604513 0.03357521 0.03357521 0.04691532 0.08599266 0.0228549
 0.01236426 0.03357521 0.0216762  0.06489272 0.05164864 0.01236426
 0.01090241 0.03357521 0.08599266 0.0591502  0.01236426 0.03357521
 0.02587463 0.03357521 0.00842195]
[0.02486975 0.05751137 0.03249127 0.02728627 0.03642216 0.03249127
 0.02660044 0.03167    0.03167    0.04097761 0.08886857 0.0268183
 0.01538267 0.03167    0.01896077 0.07800701 0.07087512 0.01538267
 0.01395335 0.03167    0.08886857 0.06258953 0.01538267 0.03167
 0.02433297 0.03167    0.01190759]
[0.02773009 0.06889044 0.03281843 0.03858167 0.03609958 0.03281843
 0.03786769 0.03921151 0.03921151 0.0317152  0.0636315  0.02265835
 0.02310541 0.03921151 0.02125819 0.06092594 0.041781   0.02310541
 0.01307129 0.03921151 0.0636315  0.05773685 0.02310541 0.03921151
 0.0305124  0.03921152 0.01368623]
[0.0191183  0.07001893 0.03380745 0.03540041 0.03587047 0.03380745
 0.03440923 0.03129941 0.03129941 0.03367998 0.06832626 0.03218193
 0.02126536 0.03129941 0.02466377 0.078904   0.05618312 0.02126536
 0.01482719 0.03129941 0.06832626 0.07438561 0.02126536 0.03129941
 0.02329327 0.03129942 0.01120386]
[0.01612861 0.07846969 0.03312502 0.03779297 0.04705545 0.03312502
 0.0342869  0.03097283 0.03097283 0.03394642 0.08929293 0.01796531
 0.01591544 0.03097283 0.02382559 0.06745776 0.05859917 0.01591544
 0.00948445 0.03097283 0.08929293 0.06438611 0.01591544 0.03097283
 0.02300188 0.03097283 0.00918046]
[0.0191183  0.07001892 0.03380744 0.0354004  0.03587047 0.03380744
 0.03440923 0.03129941 0.03129941 0.03367998 0.06832625 0.03218192
 0.02126535 0.03129941 0.02466377 0.07890401 0.05618312 0.02126535
 0.01482719 0.03129941 0.06832625 0.07438563 0.02126535 0.03129941
 0.02329326 0.03129942 0.01120386]
[0.01760191 0.07648285 0.03222599 0.04112291 0.03115567 0.03222599
 0.0326241  0.03257544 0.03257544 0.04721241 0.07909802 0.02580344
 0.0161313  0.03257544 0.0281455  0.06681032 0.05677438 0.0161313
 0.00987588 0.03257544 0.07909802 0.05081704 0.0161313  0.03257544
 0.0390145  0.03257544 0.0100646 ]]