30820
Test: public void test12() throws Throwable { JsonMapper jsonMapper0 = JsonMapper.INSTANCE; Class<Integer> class0 = Integer.class; Integer integer0 = jsonMapper0.fromJson("", class0); String string0 = jsonMapper0.toJson(integer0); }
Code: public String toJson(Object object) { try { return mapper.writeValueAsString(object); } catch (IOException e) { logger.warn("write to json string error:" + object, e); return null; } }
[[0.02519052 0.03155906 0.03495107 0.04771803 0.03912295 0.04240253
 0.03912295 0.02840666 0.03495107 0.0119438  0.0247426  0.04900017
 0.06273769 0.03912295 0.03495107 0.04271493 0.11776792 0.02410042
 0.03495107 0.02053729 0.05218186 0.05674577 0.02840666 0.05278339
 0.0119438  0.0119438 ]
[0.02598935 0.02912419 0.03561687 0.04915535 0.04367889 0.03247343
 0.04367889 0.02689022 0.03561687 0.0107487  0.02498526 0.04245374
 0.0540485  0.04367889 0.03561687 0.0495     0.14560017 0.02571376
 0.03561687 0.02249835 0.04836985 0.03611495 0.02689022 0.05444241
 0.0107487  0.0107487 ]
[0.02095274 0.0366658  0.03411954 0.04515298 0.03792398 0.03450178
 0.03792398 0.02555502 0.03411954 0.01255017 0.02271884 0.05250219
 0.05864601 0.03792398 0.03411954 0.0428234  0.11375073 0.02682414
 0.03411954 0.02937205 0.04978296 0.05511943 0.02555502 0.07217619
 0.01255017 0.01255017]
[0.02139687 0.03356655 0.04164224 0.05326039 0.04228064 0.03632729
 0.04228064 0.03286106 0.04164224 0.01070887 0.02176598 0.04449771
 0.04999497 0.04228064 0.04164224 0.04711505 0.09217252 0.02310669
 0.04164224 0.02233881 0.04930303 0.05953369 0.03286106 0.05436085
 0.01070887 0.01070887]
[0.02805025 0.04045828 0.03647684 0.04680331 0.04570495 0.02982257
 0.04570495 0.03220285 0.03647684 0.01601868 0.02941286 0.03968408
 0.05057167 0.04570495 0.03647684 0.03543039 0.09757711 0.02715077
 0.03647684 0.02932104 0.04674552 0.04360303 0.03220285 0.0598852
 0.01601868 0.01601868]
[0.0205686  0.03375506 0.03161602 0.04852489 0.03765823 0.03686767
 0.03765823 0.0304541  0.03161602 0.00957099 0.020668   0.05202876
 0.06044028 0.03765823 0.03161602 0.04767041 0.14472812 0.02101314
 0.03161602 0.01788354 0.0538312  0.04901633 0.0304541  0.06394412
 0.00957099 0.00957099]
[0.02805025 0.04045828 0.03647684 0.04680331 0.04570495 0.02982257
 0.04570495 0.03220285 0.03647684 0.01601868 0.02941286 0.03968408
 0.05057167 0.04570495 0.03647684 0.03543039 0.09757711 0.02715077
 0.03647684 0.02932104 0.04674552 0.04360303 0.03220285 0.0598852
 0.01601868 0.01601868]
[0.01716772 0.03187058 0.03151682 0.04083605 0.03910439 0.02725223
 0.03910439 0.02397398 0.03151682 0.01043534 0.0201447  0.0487954
 0.05023656 0.03910439 0.03151682 0.04694562 0.19219106 0.0212972
 0.03151682 0.0240332  0.04954844 0.04957035 0.02397398 0.05747642
 0.01043534 0.01043534]
[0.02095274 0.0366658  0.03411954 0.04515298 0.03792398 0.03450178
 0.03792398 0.02555502 0.03411954 0.01255017 0.02271884 0.05250219
 0.05864601 0.03792398 0.03411954 0.0428234  0.11375073 0.02682414
 0.03411954 0.02937205 0.04978296 0.05511943 0.02555502 0.07217619
 0.01255017 0.01255017]
[0.01815029 0.03322358 0.0334406  0.06233915 0.0495478  0.04062149
 0.0495478  0.04047987 0.0334406  0.01052253 0.01631279 0.04620642
 0.04719428 0.0495478  0.0334406  0.03936526 0.09021471 0.02854819
 0.0334406  0.02004342 0.05239098 0.04612539 0.04047987 0.06433089
 0.01052253 0.01052253]
[0.01861295 0.02781503 0.03242557 0.03875449 0.04944978 0.03648731
 0.04944978 0.02776305 0.03242557 0.01028016 0.02179115 0.04590528
 0.05869365 0.04944978 0.03242557 0.03746814 0.13674729 0.02879265
 0.03242557 0.0211527  0.05299511 0.04224833 0.02776305 0.06811772
 0.01028016 0.01028016]
[0.02679833 0.0326832  0.03314008 0.04283568 0.04571911 0.03369286
 0.04571911 0.03185268 0.03314008 0.00939016 0.02122007 0.0473154
 0.05928282 0.04571911 0.03314008 0.04965905 0.10914689 0.02519582
 0.03314008 0.02387886 0.06008966 0.05229342 0.03185268 0.05431446
 0.00939016 0.00939016]
[0.0226344  0.0304714  0.03427596 0.04567662 0.04172651 0.04139053
 0.04172651 0.03126156 0.03427596 0.01554109 0.02266171 0.03825932
 0.05628335 0.04172651 0.03427596 0.05030392 0.1240748  0.02369278
 0.03427596 0.01969778 0.04489215 0.04743648 0.03126156 0.06109503
 0.01554108 0.01554108]
[0.02805025 0.04045828 0.03647684 0.04680331 0.04570495 0.02982257
 0.04570495 0.03220285 0.03647684 0.01601868 0.02941286 0.03968408
 0.05057167 0.04570495 0.03647684 0.03543039 0.09757711 0.02715077
 0.03647684 0.02932104 0.04674552 0.04360303 0.03220285 0.0598852
 0.01601868 0.01601868]
[0.02095274 0.0366658  0.03411954 0.04515298 0.03792398 0.03450178
 0.03792398 0.02555502 0.03411954 0.01255017 0.02271884 0.05250219
 0.05864601 0.03792398 0.03411954 0.0428234  0.11375073 0.02682414
 0.03411954 0.02937205 0.04978296 0.05511943 0.02555502 0.07217619
 0.01255017 0.01255017]
[0.0235186  0.03041897 0.03655313 0.05247484 0.0466628  0.03113827
 0.0466628  0.02390333 0.03655313 0.01337824 0.01813948 0.03722057
 0.06034724 0.0466628  0.03655313 0.04075399 0.1100084  0.02461023
 0.03655313 0.02174196 0.05851839 0.04930196 0.02390333 0.06766471
 0.01337824 0.01337824]
[0.02477373 0.04320287 0.03262951 0.05409111 0.04123361 0.0459216
 0.04123361 0.03916073 0.03262951 0.00967555 0.02524775 0.04349294
 0.05533715 0.04123361 0.03262951 0.04952469 0.09882648 0.02712449
 0.03262951 0.0182585  0.05119719 0.03960581 0.03916073 0.0618287
 0.00967555 0.00967555]
[0.02246017 0.03215105 0.03428292 0.04150008 0.04106946 0.02962789
 0.04106946 0.02888079 0.03428292 0.01079201 0.02627086 0.05308248
 0.05506921 0.04106946 0.03428292 0.04780749 0.13516542 0.02917124
 0.03428292 0.03002496 0.0445175  0.04580186 0.02888079 0.05687212
 0.01079201 0.01079201]
[0.02095274 0.0366658  0.03411954 0.04515298 0.03792398 0.03450178
 0.03792398 0.02555502 0.03411954 0.01255017 0.02271884 0.05250219
 0.05864601 0.03792398 0.03411954 0.0428234  0.11375073 0.02682414
 0.03411954 0.02937205 0.04978296 0.05511943 0.02555502 0.07217619
 0.01255017 0.01255017]
[0.02605867 0.03960939 0.03489934 0.04472882 0.03888457 0.04150121
 0.03888457 0.03126042 0.03489934 0.01321444 0.02707511 0.04436362
 0.06142431 0.03888457 0.03489934 0.04815288 0.09927563 0.02560915
 0.03489934 0.02253875 0.05263013 0.04888459 0.03126042 0.05973247
 0.01321444 0.01321444]
[0.02247328 0.04462042 0.03366695 0.04284425 0.04385802 0.03800626
 0.04385802 0.02835054 0.03366695 0.01238734 0.02573386 0.05485242
 0.05908983 0.04385802 0.03366695 0.04059257 0.09353457 0.02652894
 0.03366695 0.02699556 0.05057204 0.05889753 0.02835054 0.05515355
 0.01238734 0.01238734]
[0.02124488 0.02935637 0.0288536  0.05671903 0.04920267 0.03267732
 0.04920267 0.02464971 0.0288536  0.00784414 0.01858481 0.0623545
 0.05472352 0.04920267 0.0288536  0.04699958 0.1579972  0.01828405
 0.0288536  0.01608762 0.04604302 0.05185831 0.02464971 0.05121553
 0.00784414 0.00784414]
[0.01716772 0.03187058 0.03151682 0.04083605 0.03910439 0.02725223
 0.03910439 0.02397398 0.03151682 0.01043534 0.0201447  0.0487954
 0.05023656 0.03910439 0.03151682 0.04694562 0.19219106 0.0212972
 0.03151682 0.0240332  0.04954844 0.04957035 0.02397398 0.05747642
 0.01043534 0.01043534]
[0.02368119 0.03751826 0.04059588 0.03444101 0.03967451 0.03817955
 0.03967451 0.03000013 0.04059588 0.01200296 0.02822824 0.04699161
 0.05625389 0.03967451 0.04059588 0.0427804  0.11398627 0.02931401
 0.04059588 0.01915735 0.04762602 0.05776235 0.03000013 0.0466637
 0.01200296 0.01200296]
[0.01815029 0.03322358 0.0334406  0.06233916 0.0495478  0.04062149
 0.0495478  0.04047987 0.0334406  0.01052253 0.01631279 0.04620643
 0.04719427 0.0495478  0.0334406  0.03936526 0.0902147  0.02854819
 0.0334406  0.02004342 0.05239099 0.04612538 0.04047987 0.06433089
 0.01052253 0.01052253]
[0.01815029 0.03322358 0.0334406  0.06233916 0.0495478  0.04062149
 0.0495478  0.04047987 0.0334406  0.01052253 0.01631279 0.04620643
 0.04719427 0.0495478  0.0334406  0.03936526 0.0902147  0.02854819
 0.0334406  0.02004342 0.05239099 0.04612538 0.04047987 0.06433089
 0.01052253 0.01052253]]