135831
Test: public void test33() throws Throwable { HtmlTreeBuilder htmlTreeBuilder0 = new HtmlTreeBuilder(); StringReader stringReader0 = new StringReader("&quo{t;"); Parser parser0 = Parser.xmlParser(); htmlTreeBuilder0.initialiseParse(stringReader0, "&quo{t;", parser0); htmlTreeBuilder0.processStartTag("&quo{t;"); boolean boolean0 = htmlTreeBuilder0.currentElementIs("&quo{t;"); }
Code: protected boolean currentElementIs(String normalName) { if (stack.size() == 0) return false; Element current = currentElement(); return current != null && current.normalName().equals(normalName); }
[[0.05547585 0.10131205 0.04928768 0.04928768 0.06815782 0.10231689
 0.04928768 0.05000295 0.02303759 0.04188603 0.04842857 0.01427918
 0.04604588 0.02550448 0.04928768 0.04188603 0.04604589 0.01907608
 0.03212871 0.02449069 0.04928769 0.01348683]
[0.06224513 0.13339178 0.05085552 0.05085552 0.0709191  0.10085081
 0.05085552 0.04055691 0.01662223 0.0454326  0.05316023 0.00979339
 0.03472368 0.02105193 0.05085552 0.0454326  0.03472368 0.01393686
 0.03109415 0.01868253 0.05085553 0.01310482]
[0.06392294 0.10785234 0.04982974 0.04982974 0.05383695 0.07632343
 0.04982974 0.05668733 0.02439007 0.03711296 0.0620176  0.02008908
 0.04187599 0.03391625 0.04982974 0.03711296 0.041876   0.02115782
 0.03246112 0.02232104 0.04982975 0.01789744]
[0.06392294 0.10785234 0.04982974 0.04982974 0.05383695 0.07632343
 0.04982974 0.05668733 0.02439007 0.03711296 0.0620176  0.02008908
 0.04187599 0.03391625 0.04982974 0.03711296 0.041876   0.02115782
 0.03246112 0.02232104 0.04982975 0.01789744]
[0.06977858 0.07827542 0.04835613 0.04835613 0.06982023 0.06665146
 0.04835613 0.04040129 0.02790638 0.04424799 0.05731332 0.01866294
 0.04462987 0.03295413 0.04835613 0.04424799 0.04462988 0.0289911
 0.03085193 0.03531838 0.04835614 0.02353841]
[0.0570578  0.13382556 0.0520067  0.0520067  0.06155922 0.14197782
 0.0520067  0.04656968 0.02405873 0.03291768 0.0496205  0.00703465
 0.03712077 0.02004708 0.0520067  0.03291768 0.03712076 0.01055358
 0.02502287 0.0135313  0.05200671 0.0090308 ]
[0.06392294 0.10785234 0.04982974 0.04982974 0.05383695 0.07632343
 0.04982974 0.05668733 0.02439007 0.03711296 0.0620176  0.02008908
 0.04187599 0.03391625 0.04982974 0.03711296 0.041876   0.02115782
 0.03246112 0.02232104 0.04982975 0.01789744]
[0.0500087  0.16789442 0.03482503 0.03482503 0.0704948  0.12744829
 0.03482503 0.05580419 0.02925743 0.03908757 0.04585031 0.00911851
 0.04572715 0.02486182 0.03482503 0.03908757 0.04572715 0.01495391
 0.02663698 0.01995354 0.03482503 0.01396247]
[0.06180153 0.11523703 0.04736792 0.04736792 0.05838647 0.10004056
 0.04736792 0.0467593  0.0220111  0.04736779 0.05592065 0.01309822
 0.03557581 0.02333497 0.04736792 0.04736779 0.03557581 0.02406727
 0.03044834 0.02648378 0.04736793 0.01968394]
[0.06486726 0.12340289 0.04998942 0.04998942 0.05457804 0.10479499
 0.04998942 0.04786008 0.02230862 0.03709826 0.05823633 0.01127643
 0.04085493 0.02564433 0.04998942 0.03709826 0.04085493 0.01649141
 0.03118578 0.01873384 0.04998943 0.01476653]
[0.05818095 0.09034137 0.05114825 0.05114825 0.0541953  0.07548098
 0.05114825 0.04774639 0.02707226 0.04333027 0.06587978 0.01773133
 0.03794002 0.03269787 0.05114825 0.04333027 0.03794002 0.02619715
 0.03458888 0.0300277  0.05114826 0.02157813]
[0.04845088 0.10191198 0.04577561 0.04577561 0.06657872 0.1138337
 0.04577561 0.05831112 0.02215849 0.04589753 0.05405196 0.01721979
 0.03781048 0.02341867 0.04577561 0.04589753 0.03781047 0.01853926
 0.03539265 0.02888219 0.04577562 0.01495653]
[0.05397824 0.09462737 0.04828956 0.04828956 0.06980628 0.10218991
 0.04828956 0.04793153 0.02593466 0.04360963 0.05311767 0.01471168
 0.04262861 0.02681228 0.04828956 0.04360963 0.04262861 0.02328028
 0.0305022  0.0261186  0.04828957 0.01706509]
[0.05738766 0.07545314 0.05432965 0.05432965 0.04633366 0.08572027
 0.05432965 0.04266967 0.0297828  0.04277112 0.05197314 0.02252406
 0.0404841  0.03272542 0.05432965 0.04277112 0.0404841  0.03277296
 0.03164812 0.03330087 0.05432966 0.01954951]
[0.06392294 0.10785234 0.04982974 0.04982974 0.05383695 0.07632343
 0.04982974 0.05668733 0.02439007 0.03711296 0.0620176  0.02008908
 0.04187599 0.03391625 0.04982974 0.03711296 0.041876   0.02115782
 0.03246112 0.02232104 0.04982975 0.01789744]
[0.06486726 0.12340289 0.04998942 0.04998942 0.05457804 0.10479499
 0.04998942 0.04786008 0.02230862 0.03709826 0.05823633 0.01127643
 0.04085493 0.02564433 0.04998942 0.03709826 0.04085493 0.01649141
 0.03118578 0.01873384 0.04998943 0.01476653]
[0.05397824 0.09462737 0.04828956 0.04828956 0.06980628 0.10218991
 0.04828956 0.04793153 0.02593466 0.04360963 0.05311767 0.01471168
 0.04262861 0.02681228 0.04828956 0.04360963 0.04262861 0.02328028
 0.0305022  0.0261186  0.04828957 0.01706509]
[0.06483436 0.11071601 0.04736422 0.04736422 0.0728908  0.11341305
 0.04736422 0.04923277 0.02637905 0.03863399 0.05720808 0.01087214
 0.04371433 0.02314261 0.04736422 0.03863399 0.04371433 0.01230044
 0.02722795 0.01794223 0.04736423 0.01232278]
[0.04091942 0.08467757 0.04916896 0.04916896 0.08156219 0.10201694
 0.04916896 0.05074013 0.02752131 0.05328907 0.05012347 0.01557731
 0.03969312 0.02901269 0.04916896 0.05328907 0.03969312 0.01863015
 0.02951214 0.02565488 0.04916896 0.01224259]
[0.05915418 0.13203378 0.05117798 0.05117798 0.06027616 0.0884776
 0.05117798 0.04786835 0.02024851 0.03617717 0.05776642 0.01152617
 0.0395676  0.02410213 0.05117798 0.03617717 0.0395676  0.01938272
 0.03303728 0.01966635 0.05117799 0.01908092]
[0.06392294 0.10785234 0.04982974 0.04982974 0.05383695 0.07632343
 0.04982974 0.05668732 0.02439008 0.03711296 0.0620176  0.02008908
 0.041876   0.03391625 0.04982974 0.03711296 0.041876   0.02115782
 0.03246112 0.02232104 0.04982974 0.01789744]
[0.0525398  0.08388841 0.04641628 0.04641628 0.07494211 0.10098331
 0.04641628 0.04522404 0.02079817 0.05863499 0.05937511 0.01293295
 0.04445426 0.02417693 0.04641628 0.05863499 0.04445426 0.01975083
 0.02837827 0.02305733 0.04641629 0.0156928 ]]