80001
Test: public void test55() throws Throwable { Constant[] constantArray0 = new Constant[3]; Attribute[] attributeArray0 = new Attribute[0]; ConstantPool constantPool0 = new ConstantPool(constantArray0); Method method0 = new Method(149, 149, 0, attributeArray0, constantPool0); // Undeclared exception!  method0.getName();   }
Code: public final String getName() { ConstantUtf8 c; c = (ConstantUtf8) constant_pool.getConstant(name_index, Const.CONSTANT_Utf8); return c.getBytes(); }
[[0.05796131 0.04664758 0.07428324 0.08040827 0.07822688 0.08040827
 0.04805025 0.08704363 0.03653067 0.08040828 0.08040828 0.08040828
 0.06390505 0.08040828 0.02490172]
[0.05463775 0.03690618 0.08185785 0.08162945 0.09667853 0.08162945
 0.03749278 0.06200828 0.04222471 0.08162944 0.08162944 0.08162944
 0.07956898 0.08162946 0.01884825]
[0.05900664 0.04606127 0.06735749 0.08242661 0.0920672  0.08242661
 0.03928727 0.07856801 0.03981909 0.08242661 0.08242661 0.08242661
 0.0602195  0.08242662 0.02305393]
[0.04905999 0.04848012 0.08853985 0.08116639 0.08173841 0.08116639
 0.04446274 0.0600053  0.05357135 0.08116639 0.08116639 0.08116639
 0.05964977 0.0811664  0.02749413]
[0.05950394 0.05870149 0.08220674 0.07484791 0.10263166 0.07484791
 0.04482088 0.05054728 0.04985251 0.07484792 0.07484792 0.07484792
 0.06757122 0.07484794 0.03507679]
[0.04905999 0.04848012 0.08853985 0.08116639 0.08173841 0.08116639
 0.04446274 0.0600053  0.05357135 0.08116639 0.08116639 0.08116639
 0.05964977 0.0811664  0.02749413]
[0.04746507 0.04487633 0.11648867 0.08073923 0.08902363 0.08073923
 0.03257592 0.06616652 0.03034159 0.08073923 0.08073923 0.08073923
 0.06679444 0.08073924 0.02183248]
[0.04262046 0.04722697 0.08011846 0.0789175  0.09895585 0.0789175
 0.03919253 0.07727744 0.03704318 0.0789175  0.0789175  0.0789175
 0.0846406  0.07891751 0.01941952]
[0.05926195 0.04996521 0.07006642 0.08378582 0.06824346 0.08378582
 0.05732003 0.04825838 0.0495124  0.08378582 0.08378582 0.08378582
 0.06529623 0.08378583 0.02936094]
[0.04905999 0.04848012 0.08853985 0.08116639 0.08173841 0.08116639
 0.04446274 0.0600053  0.05357135 0.08116639 0.08116639 0.08116639
 0.05964977 0.0811664  0.02749413]
[0.04905999 0.04848012 0.08853985 0.08116639 0.08173841 0.08116639
 0.04446274 0.0600053  0.05357135 0.08116639 0.08116639 0.08116639
 0.05964977 0.0811664  0.02749413]
[0.04905999 0.04848012 0.08853985 0.08116639 0.08173841 0.08116639
 0.04446274 0.0600053  0.05357135 0.08116639 0.08116639 0.08116639
 0.05964977 0.0811664  0.02749413]
[0.04274088 0.03929911 0.09480678 0.08508739 0.08379872 0.08508739
 0.03750554 0.06455945 0.04180033 0.08508739 0.08508739 0.08508739
 0.06201208 0.0850874  0.02295282]
[0.04906    0.04848012 0.08853984 0.08116639 0.08173843 0.08116639
 0.04446274 0.0600053  0.05357134 0.08116639 0.08116639 0.08116639
 0.05964977 0.08116639 0.02749413]
[0.04147756 0.03842579 0.07588306 0.07546969 0.11871316 0.07546969
 0.03796326 0.07684267 0.03882255 0.07546969 0.07546969 0.07546969
 0.09409133 0.07546971 0.02496238]]