149483
Test: public void test8() throws Throwable { Locale locale0 = new Locale("Pattern is missing", "Pattern is missing", "Pattern is missing"); Calendar calendar0 = MockCalendar.getInstance(locale0); NewGroupsOrNewsQuery newGroupsOrNewsQuery0 = new NewGroupsOrNewsQuery(calendar0, true); newGroupsOrNewsQuery0.omitNewsgroup("202121"); newGroupsOrNewsQuery0.addNewsgroup("202121"); }
Code: public String getNewsgroups() { return newsgroups == null ? null : newsgroups.toString(); }
[[0.06307778 0.08000265 0.08751187 0.09105394 0.07027754 0.08751187
 0.09751168 0.07012413 0.10577977 0.07012413 0.06111732 0.08751187
 0.02839551]
[0.0701364  0.08015409 0.09808992 0.10890477 0.07151615 0.09808992
 0.08957507 0.05770584 0.08941565 0.05770583 0.05331448 0.09808991
 0.02730195]
[0.05438825 0.09596354 0.08894034 0.09637245 0.06628006 0.08894034
 0.1011844  0.05792746 0.11747773 0.05792745 0.05363486 0.08894035
 0.03202277]
[0.06982367 0.09687714 0.08811791 0.1197827  0.07937478 0.08811791
 0.07297811 0.05568982 0.08616283 0.05568982 0.05823231 0.08811793
 0.04103498]
[0.04817643 0.09996382 0.09295277 0.10050528 0.06886028 0.09295277
 0.0891003  0.05806738 0.12504518 0.05806738 0.04613287 0.09295276
 0.02722272]
[0.05438825 0.09596354 0.08894034 0.09637245 0.06628006 0.08894034
 0.1011844  0.05792746 0.11747773 0.05792745 0.05363486 0.08894035
 0.03202277]
[0.04483623 0.11703409 0.06954655 0.12721533 0.07458046 0.06954655
 0.10882029 0.05298775 0.12380723 0.05298774 0.06356427 0.06954655
 0.02552692]
[0.05596567 0.0793078  0.08476306 0.14085971 0.0919073  0.08476306
 0.08746838 0.05086672 0.11915421 0.05086671 0.04817974 0.08476306
 0.02113454]
[0.05429928 0.10834685 0.08432125 0.13880181 0.07563904 0.08432125
 0.06655568 0.05151503 0.11615352 0.05151504 0.05820081 0.08432125
 0.02600914]
[0.05596567 0.0793078  0.08476306 0.14085971 0.0919073  0.08476306
 0.08746838 0.05086672 0.11915421 0.05086671 0.04817974 0.08476306
 0.02113454]
[0.06549918 0.07722981 0.078917   0.10612995 0.08234788 0.078917
 0.07913336 0.06518918 0.14010717 0.06518917 0.04631808 0.07891699
 0.03610526]
[0.05438825 0.09596354 0.08894034 0.09637245 0.06628006 0.08894034
 0.1011844  0.05792746 0.11747773 0.05792745 0.05363486 0.08894035
 0.03202277]
[0.04680381 0.08563784 0.08540603 0.13254204 0.1057647  0.08540603
 0.08215102 0.05211853 0.11181191 0.05211853 0.04690203 0.08540603
 0.0279315 ]]