77174
Test: public void test135() throws Throwable { Constant[] constantArray0 = new Constant[2]; ConstantPoolGen constantPoolGen0 = new ConstantPoolGen(constantArray0); constantPoolGen0.addString(""); int int0 = constantPoolGen0.lookupString(""); }
Code: public int lookupString( final String str ) { final Index index = stringTable.get(str); return (index != null) ? index.index : -1; }
[[0.04424944 0.02774618 0.06138663 0.03568044 0.05663687 0.03704719
 0.07846101 0.0602384  0.03568044 0.06138663 0.03478839 0.02792167
 0.06138663 0.04885099 0.04520046 0.02431385 0.02358578 0.07755459
 0.06138663 0.04134713 0.03602669 0.01912398]
[0.02839209 0.02046185 0.07289011 0.038714   0.05513989 0.03649353
 0.09840298 0.06434043 0.038714   0.07289011 0.02512868 0.02394316
 0.07289011 0.04583941 0.03566441 0.01778756 0.0172178  0.0815105
 0.07289013 0.03103252 0.03577774 0.013879  ]
[0.03571947 0.02312239 0.05960867 0.03446696 0.0655445  0.02937723
 0.08367188 0.05667434 0.03446696 0.05960867 0.0305222  0.03839994
 0.05960867 0.04335476 0.06119147 0.02348052 0.02548305 0.08286133
 0.05960867 0.03403875 0.03993202 0.01925749]
[0.04157242 0.01845029 0.06457009 0.02767242 0.06480303 0.03804017
 0.08491046 0.06972687 0.02767242 0.06457009 0.03368154 0.03220272
 0.06457009 0.060437   0.04265561 0.0190693  0.01870347 0.07661347
 0.06457009 0.03264656 0.03907745 0.01378442]
[0.04681224 0.02514303 0.06624521 0.03584597 0.05411112 0.0385961
 0.07750721 0.06916077 0.03584597 0.06624521 0.0315289  0.03174896
 0.06624521 0.0473197  0.04459172 0.02710142 0.02106744 0.06087675
 0.06624521 0.03502442 0.03518526 0.01755205]
[0.03345454 0.02276849 0.057808   0.03091184 0.05516706 0.03362419
 0.08560328 0.08577754 0.03091184 0.057808   0.02949833 0.02705044
 0.057808   0.05888072 0.05992559 0.02291304 0.02338914 0.07981354
 0.057808   0.03560865 0.03578135 0.01768844]
[0.04077472 0.02810145 0.05647334 0.03913558 0.06413779 0.03447815
 0.06600014 0.08208143 0.03913558 0.05647334 0.02820526 0.03080995
 0.05647334 0.04759361 0.04997367 0.03262323 0.02537138 0.06997703
 0.05647334 0.04010837 0.03480583 0.0207935 ]
[0.04416561 0.0211413  0.05780546 0.04336959 0.06423408 0.02701412
 0.0731945  0.07112908 0.04336959 0.05780546 0.02455726 0.03677357
 0.05780546 0.05081296 0.05465779 0.03131995 0.02853813 0.05729119
 0.05780547 0.036258   0.03589075 0.02506066]
[0.04157242 0.01845029 0.06457009 0.02767242 0.06480303 0.03804017
 0.08491046 0.06972687 0.02767242 0.06457009 0.03368154 0.03220272
 0.06457009 0.060437   0.04265561 0.0190693  0.01870347 0.07661347
 0.06457009 0.03264656 0.03907745 0.01378442]
[0.03571947 0.02312239 0.05960867 0.03446696 0.0655445  0.02937723
 0.08367188 0.05667434 0.03446696 0.05960867 0.0305222  0.03839994
 0.05960867 0.04335476 0.06119147 0.02348052 0.02548305 0.08286133
 0.05960867 0.03403875 0.03993202 0.01925749]
[0.03328575 0.02758058 0.05676235 0.03755971 0.07000362 0.02939345
 0.08497736 0.05909147 0.03755971 0.05676235 0.02927903 0.0356677
 0.05676235 0.04739036 0.05586264 0.02494549 0.02223535 0.09362129
 0.05676235 0.03309567 0.03140866 0.01999274]
[0.04587939 0.02771245 0.06488859 0.03865312 0.05436858 0.02676625
 0.06553625 0.05200316 0.03865312 0.06488859 0.02793004 0.03809267
 0.06488859 0.05039363 0.04738304 0.03846034 0.02924113 0.06304947
 0.06488859 0.03913759 0.03465477 0.02253063]
[0.03571947 0.02312239 0.05960867 0.03446696 0.0655445  0.02937723
 0.08367188 0.05667434 0.03446696 0.05960867 0.0305222  0.03839994
 0.05960867 0.04335476 0.06119147 0.02348052 0.02548305 0.08286133
 0.05960867 0.03403875 0.03993202 0.01925749]
[0.0330488  0.02014453 0.06708618 0.03003807 0.07632782 0.02731217
 0.07946253 0.06214862 0.03003807 0.06708618 0.02721399 0.03216006
 0.06708618 0.04840432 0.05007181 0.02007941 0.01969372 0.09633557
 0.06708617 0.03016485 0.03185426 0.01715674]
[0.03872769 0.02049694 0.05223364 0.03815886 0.06974477 0.02612514
 0.07807525 0.07507969 0.03815886 0.05223364 0.02408561 0.02614766
 0.05223364 0.06711651 0.04852389 0.02207755 0.01754464 0.11920375
 0.05223364 0.0345756  0.0311515  0.01607163]
[0.03405822 0.01949826 0.05951924 0.03743725 0.08587898 0.02803131
 0.11201573 0.07863046 0.03743725 0.05951924 0.01930178 0.02813471
 0.05951924 0.04699512 0.03893886 0.01442927 0.01757259 0.098524
 0.05951925 0.0213733  0.02968324 0.01398272]
[0.03623607 0.01990646 0.06690887 0.03011913 0.05834394 0.02574593
 0.11066815 0.07891045 0.03011913 0.06690887 0.03130111 0.02328227
 0.06690887 0.04391143 0.04321706 0.01979287 0.02275342 0.08453406
 0.06690887 0.02635692 0.03482448 0.01234168]
[0.03912215 0.0172326  0.0615307  0.02950032 0.08200437 0.03514463
 0.06415485 0.09041858 0.02950032 0.0615307  0.02308461 0.02461849
 0.0615307  0.05345338 0.04416093 0.02342238 0.01952086 0.08835819
 0.06153069 0.0391004  0.03385348 0.01722664]
[0.03571947 0.02312239 0.05960867 0.03446696 0.0655445  0.02937723
 0.08367188 0.05667434 0.03446696 0.05960867 0.0305222  0.03839994
 0.05960867 0.04335476 0.06119147 0.02348052 0.02548305 0.08286133
 0.05960867 0.03403875 0.03993202 0.01925749]
[0.0437527  0.02798123 0.0534698  0.03165434 0.05323825 0.04169865
 0.07264972 0.06692793 0.03165434 0.0534698  0.0300393  0.03364747
 0.0534698  0.05513422 0.05091108 0.02769179 0.02392544 0.09945365
 0.0534698  0.02997364 0.0425386  0.02324845]
[0.04788144 0.02759139 0.05408426 0.03533872 0.06618038 0.03094164
 0.07801914 0.0831357  0.03533872 0.05408426 0.03276711 0.02733804
 0.05408426 0.05234164 0.04918864 0.02533735 0.02639309 0.07781386
 0.05408426 0.02875507 0.04017071 0.01913041]
[0.03179033 0.02396981 0.05906112 0.02890729 0.05821214 0.04120003
 0.08669862 0.08395496 0.02890729 0.05906112 0.02329028 0.02899156
 0.05906112 0.07008316 0.04370687 0.02347595 0.01985223 0.07877859
 0.05906112 0.03032451 0.04365397 0.01795796]]