40324
Test: public void test6() throws Throwable { Duration duration0 = Duration.standardSeconds((-6132L)); Duration duration1 = Duration.standardMinutes((-6132L)); boolean boolean0 = duration0.isEqual(duration1); }
Code: public boolean isEqual(ReadableDuration duration) { if (duration == null) { duration = Duration.ZERO; } return compareTo(duration) == 0; }
[[0.04138731 0.10317014 0.05741496 0.05741496 0.05521564 0.11156069
 0.05741496 0.06527214 0.02221241 0.05521564 0.03082662 0.02604374
 0.05741496 0.01764056 0.0455521  0.05741496 0.06527214 0.05591554
 0.01764055]
[0.02960184 0.16130894 0.05728411 0.05728411 0.06933966 0.10812786
 0.05728411 0.04513403 0.01486328 0.06933966 0.02367879 0.0230625
 0.05728411 0.01318161 0.04732433 0.05728411 0.04513404 0.05030137
 0.01318161]
[0.03410416 0.12833117 0.05694848 0.05694848 0.05391553 0.08385636
 0.05694848 0.06467576 0.0243198  0.05391553 0.03657111 0.03662172
 0.05694848 0.01833414 0.04138901 0.05694848 0.06467575 0.05621352
 0.01833414]
[0.03410416 0.12833117 0.05694848 0.05694848 0.05391553 0.08385636
 0.05694848 0.06467576 0.0243198  0.05391553 0.03657111 0.03662172
 0.05694848 0.01833414 0.04138901 0.05694848 0.06467575 0.05621352
 0.01833414]
[0.04419582 0.09629621 0.05749292 0.05749292 0.07196711 0.07599857
 0.05749292 0.04708013 0.02840263 0.07196711 0.03364338 0.03683445
 0.05749292 0.02523019 0.05074456 0.05749292 0.04708013 0.05786491
 0.02523019]
[0.02557464 0.15470205 0.05751313 0.05751313 0.0572008  0.14548418
 0.05751313 0.0511529  0.00971994 0.0572008  0.02936813 0.02030906
 0.05751313 0.00862534 0.0339002  0.05751313 0.0511529  0.05941805
 0.00862534]
[0.03410416 0.12833117 0.05694848 0.05694848 0.05391553 0.08385636
 0.05694848 0.06467576 0.0243198  0.05391553 0.03657111 0.03662172
 0.05694848 0.01833414 0.04138901 0.05694848 0.06467575 0.05621352
 0.01833414]
[0.02474469 0.19447656 0.03880882 0.03880882 0.06884751 0.13584161
 0.03880882 0.06031053 0.01599357 0.06884751 0.02377872 0.0259832
 0.03880882 0.01387258 0.04106858 0.03880882 0.06031051 0.05800769
 0.01387258]
[0.02986602 0.15544268 0.0523346  0.0523346  0.07099058 0.13453746
 0.0523346  0.054986   0.01806797 0.07099058 0.02204348 0.01957295
 0.0523346  0.01073395 0.03638718 0.0523346  0.054986   0.04898806
 0.01073395]
[0.04419582 0.09629621 0.05749292 0.05749292 0.07196711 0.07599857
 0.05749292 0.04708013 0.02840263 0.07196711 0.03364338 0.03683445
 0.05749292 0.02523019 0.05074456 0.05749292 0.04708013 0.05786491
 0.02523019]
[0.0401863  0.09701834 0.05444732 0.05444732 0.05983401 0.12622824
 0.05444732 0.06298539 0.01999525 0.05983401 0.03531727 0.0276028
 0.05444732 0.01362167 0.0492594  0.05444732 0.06298539 0.05927359
 0.01362166]
[0.04426339 0.08964347 0.06257032 0.06257032 0.05133511 0.09824391
 0.06257032 0.04961021 0.02797978 0.05133511 0.02678447 0.03708594
 0.06257032 0.0220176  0.04883938 0.06257032 0.04961021 0.06838225
 0.0220176 ]
[0.03410416 0.12833117 0.05694848 0.05694848 0.05391553 0.08385636
 0.05694848 0.06467576 0.0243198  0.05391553 0.03657111 0.03662172
 0.05694848 0.01833414 0.04138901 0.05694848 0.06467575 0.05621352
 0.01833414]
[0.02909606 0.10073388 0.0542431  0.0542431  0.0757568  0.11250388
 0.0542431  0.05050531 0.01820555 0.0757568  0.0298908  0.02641687
 0.0542431  0.01625516 0.06383049 0.0542431  0.05050531 0.06307235
 0.01625516]
[0.0289532  0.14936243 0.05744359 0.05744359 0.05716674 0.11904983
 0.05744359 0.05560243 0.01701619 0.05716674 0.01810537 0.02834048
 0.05744359 0.01563795 0.04193901 0.05744359 0.05560243 0.05320124
 0.01563795]
[0.03410416 0.12833117 0.05694848 0.05694848 0.05391553 0.08385636
 0.05694848 0.06467576 0.0243198  0.05391553 0.03657111 0.03662172
 0.05694848 0.01833414 0.04138901 0.05694848 0.06467575 0.05621352
 0.01833414]
[0.02474469 0.19447652 0.03880882 0.03880882 0.06884753 0.13584167
 0.03880882 0.06031053 0.01599357 0.06884753 0.02377873 0.02598321
 0.03880882 0.01387258 0.04106858 0.03880882 0.06031052 0.05800769
 0.01387258]
[0.03717101 0.13110346 0.0524908  0.0524908  0.06419241 0.12341245
 0.0524908  0.05156513 0.01714579 0.06419241 0.03196391 0.0225495
 0.0524908  0.01715665 0.04561596 0.0524908  0.05156513 0.06275557
 0.01715665]
[0.02909606 0.10073391 0.0542431  0.0542431  0.07575682 0.11250386
 0.0542431  0.0505053  0.01820555 0.07575682 0.02989081 0.02641687
 0.0542431  0.01625517 0.06383049 0.0542431  0.05050531 0.06307236
 0.01625516]]