134390
Test: public void test97() throws Throwable { FileSystemHandling.appendLineToFile((EvoSuiteFile) null, "#doctype"); Document document0 = Document.createShell("odd"); document0.hasText(); document0.getElementsByAttributeValueStarting("p$", "abs:"); Element element0 = (Element)document0.lastChild(); element0.before(",mgIV~^Xs)',6Gj"); document0.removeChild(element0); DataNode dataNode0 = new DataNode("'6YBFUgv"); TimeUnit timeUnit0 = TimeUnit.MILLISECONDS; dataNode0.siblingNodes(); TimeUnit timeUnit1 = TimeUnit.SECONDS; timeUnit0.convert(815L, timeUnit1); dataNode0.hasSameValue(timeUnit0); dataNode0.getWholeData(); document0.getElementsByAttributeValueContaining("B", "|i#/;ynv21J"); document0.location(); }
Code: public boolean hasSameValue(@Nullable Object o) { if (this == o) return true; if (o == null || getClass() != o.getClass()) return false; return this.outerHtml().equals(((Node) o).outerHtml()); }
[[0.02887744 0.06842096 0.04006395 0.02236565 0.04490861 0.04210834
 0.07820491 0.0564721  0.04452079 0.04490861 0.03222582 0.01957874
 0.07820491 0.00748661 0.04452079 0.03199367 0.0296333  0.04456418
 0.01622392 0.02633477 0.03222582 0.04071016 0.03222582 0.04006395
 0.04006395 0.01309226]
[0.02058689 0.10435092 0.03918876 0.0157653  0.04356478 0.05316114
 0.0769423  0.09173655 0.03117517 0.04356478 0.03446626 0.01760937
 0.0769423  0.00526436 0.03117517 0.0240509  0.02622013 0.03886897
 0.01054689 0.01709042 0.03446626 0.04054316 0.03446626 0.03918876
 0.03918876 0.00987545]
[0.02439108 0.08903186 0.04031044 0.01941174 0.04113736 0.04087503
 0.0605575  0.05541733 0.0458193  0.04113736 0.02966224 0.02402952
 0.0605575  0.00854903 0.0458193  0.0263739  0.03471313 0.05682062
 0.01648215 0.03645182 0.02966224 0.04877362 0.02966224 0.04031044
 0.04031045 0.01373279]
[0.02665806 0.09043998 0.03316974 0.01821674 0.03439074 0.06230352
 0.07906485 0.06573629 0.04157109 0.03439074 0.03254943 0.02439786
 0.07906485 0.00864287 0.04157109 0.02377637 0.02807588 0.05127045
 0.01725201 0.02086903 0.03254943 0.0439284  0.03254943 0.03316974
 0.03316975 0.01122174]
[0.02537205 0.08384065 0.03667366 0.01916194 0.04804358 0.05051829
 0.06417046 0.06364845 0.03544906 0.04804358 0.03608333 0.02608702
 0.06417046 0.01011998 0.03544906 0.02626281 0.02858141 0.05094379
 0.01886792 0.0266936  0.03608333 0.0412168  0.03608333 0.03667366
 0.03667367 0.01508814]
[0.03273172 0.066886   0.04093641 0.01949353 0.0411151  0.05698369
 0.05580041 0.06842171 0.03401858 0.0411151  0.03710029 0.02320999
 0.05580041 0.01270704 0.03401858 0.02596675 0.03002281 0.04357667
 0.02396839 0.03263931 0.03710029 0.04801711 0.03710029 0.04093641
 0.04093642 0.01939694]
[0.01816987 0.10404841 0.03959484 0.01374775 0.04248555 0.04336247
 0.10437901 0.08073618 0.0353434  0.04248555 0.02425501 0.01748987
 0.10437901 0.00377842 0.0353434  0.01930307 0.03955996 0.03253748
 0.00757831 0.02115735 0.02425501 0.03612872 0.02425501 0.03959484
 0.03959484 0.00643671]
[0.02368966 0.10094278 0.04092431 0.01623809 0.03163336 0.04230735
 0.09523934 0.06526528 0.03688274 0.03163336 0.03170123 0.02062421
 0.09523934 0.00745824 0.03688274 0.02229343 0.02787852 0.04738928
 0.01461011 0.02172231 0.03170123 0.03418576 0.03170123 0.04092431
 0.04092432 0.01000748]
[0.01723897 0.13200514 0.02664062 0.01908511 0.03747082 0.04922909
 0.09450324 0.062847   0.04178111 0.03747082 0.02869657 0.01863477
 0.09450324 0.0069087  0.04178111 0.02030518 0.03158253 0.04655223
 0.01073126 0.02820324 0.02869657 0.03329    0.02869657 0.02664062
 0.02664063 0.00986486]
[0.02537205 0.08384065 0.03667366 0.01916194 0.04804358 0.05051829
 0.06417046 0.06364845 0.03544906 0.04804358 0.03608333 0.02608702
 0.06417046 0.01011998 0.03544906 0.02626281 0.02858141 0.05094379
 0.01886792 0.0266936  0.03608333 0.0412168  0.03608333 0.03667366
 0.03667367 0.01508814]
[0.02024099 0.09601386 0.03891208 0.01916402 0.04532974 0.04251599
 0.08158101 0.07645354 0.03725109 0.04532974 0.02888151 0.0158183
 0.08158101 0.0082912  0.03725109 0.02427261 0.02462468 0.04337003
 0.01284296 0.02783665 0.02888151 0.04534868 0.02888151 0.03891208
 0.03891209 0.01150206]
[0.02304426 0.10862329 0.03731428 0.01703138 0.04539271 0.04600301
 0.07735816 0.06743178 0.03645726 0.04539271 0.03061744 0.02228454
 0.07735816 0.00728817 0.03645726 0.02267587 0.02479649 0.04742108
 0.01775999 0.02471195 0.03061744 0.03911301 0.03061744 0.03731428
 0.03731429 0.00960372]
[0.01816987 0.10404841 0.03959484 0.01374775 0.04248555 0.04336247
 0.10437901 0.08073618 0.0353434  0.04248555 0.02425501 0.01748987
 0.10437901 0.00377842 0.0353434  0.01930307 0.03955996 0.03253748
 0.00757831 0.02115735 0.02425501 0.03612872 0.02425501 0.03959484
 0.03959484 0.00643671]
[0.01800041 0.10444781 0.03203725 0.0204366  0.03810316 0.04242812
 0.09032674 0.06342455 0.04022466 0.03810316 0.03326967 0.01725311
 0.09032674 0.00740285 0.04022466 0.02255527 0.02863174 0.05474295
 0.0125769  0.02230657 0.03326967 0.04207476 0.03326967 0.03203725
 0.03203726 0.01048845]
[0.01723897 0.13200514 0.02664062 0.01908511 0.03747082 0.04922909
 0.09450324 0.062847   0.04178111 0.03747082 0.02869657 0.01863477
 0.09450324 0.0069087  0.04178111 0.02030518 0.03158253 0.04655223
 0.01073126 0.02820324 0.02869657 0.03329    0.02869657 0.02664062
 0.02664063 0.00986486]
[0.02405609 0.06236814 0.03639821 0.01940637 0.04778938 0.06131752
 0.07575515 0.05356356 0.03754925 0.04778938 0.03960211 0.02659667
 0.07575515 0.00855473 0.03754925 0.02181098 0.02705016 0.0563748
 0.01388231 0.02830718 0.03960211 0.03735127 0.03960211 0.03639821
 0.03639821 0.00917166]
[0.02167783 0.07809205 0.04303996 0.0169175  0.03623834 0.0620561
 0.09859282 0.04623105 0.03467844 0.03623834 0.03209759 0.02157376
 0.09859282 0.00615108 0.03467844 0.02461717 0.02697656 0.04551944
 0.01258624 0.02308689 0.03209759 0.04265798 0.03209759 0.04303996
 0.04303996 0.00742456]
[0.01949505 0.10600711 0.03457259 0.02131019 0.03985631 0.05165026
 0.08712673 0.05626714 0.04695377 0.03985631 0.02485358 0.01533159
 0.08712673 0.00723188 0.04695377 0.02349121 0.03651758 0.04665995
 0.01281104 0.02699012 0.02485358 0.03995578 0.02485358 0.03457259
 0.03457259 0.01012892]
[0.02073892 0.08691759 0.03644403 0.0177235  0.03898972 0.05375957
 0.0857188  0.08510263 0.03770312 0.03898972 0.02944799 0.02197025
 0.0857188  0.00546434 0.03770312 0.02123032 0.03350201 0.04521681
 0.00928012 0.02421771 0.02944799 0.04316463 0.02944799 0.03644403
 0.03644404 0.00921218]
[0.02520005 0.07050297 0.03558685 0.01992241 0.04721063 0.06210827
 0.08150485 0.05080462 0.0434497  0.04721063 0.02914765 0.02050726
 0.08150485 0.00876217 0.0434497  0.0257458  0.03332708 0.05160122
 0.01491929 0.02575023 0.02914765 0.0403103  0.02914765 0.03558685
 0.03558686 0.01200443]
[0.02024099 0.09601386 0.03891208 0.01916402 0.04532974 0.04251599
 0.08158101 0.07645354 0.03725109 0.04532974 0.02888151 0.0158183
 0.08158101 0.0082912  0.03725109 0.02427261 0.02462468 0.04337003
 0.01284296 0.02783665 0.02888151 0.04534868 0.02888151 0.03891208
 0.03891209 0.01150206]
[0.02857492 0.07208182 0.04073188 0.02311274 0.04632673 0.04295116
 0.06006856 0.05423125 0.03805784 0.04632673 0.03443449 0.02451348
 0.06006856 0.01077265 0.03805784 0.02753401 0.02984075 0.04912117
 0.02081195 0.03254757 0.03443449 0.05238642 0.03443449 0.04073188
 0.04073188 0.0171147 ]
[0.02024099 0.09601386 0.03891208 0.01916402 0.04532974 0.04251599
 0.08158101 0.07645354 0.03725109 0.04532974 0.02888151 0.0158183
 0.08158101 0.0082912  0.03725109 0.02427261 0.02462468 0.04337003
 0.01284296 0.02783665 0.02888151 0.04534868 0.02888151 0.03891208
 0.03891209 0.01150206]
[0.02439108 0.08903186 0.04031044 0.01941174 0.04113736 0.04087503
 0.0605575  0.05541733 0.0458193  0.04113736 0.02966224 0.02402952
 0.0605575  0.00854903 0.0458193  0.0263739  0.03471313 0.05682062
 0.01648215 0.03645182 0.02966224 0.04877362 0.02966224 0.04031044
 0.04031045 0.01373279]
[0.02439108 0.08903188 0.04031044 0.01941174 0.04113737 0.04087504
 0.06055751 0.05541732 0.04581929 0.04113737 0.02966224 0.02402952
 0.06055751 0.00854903 0.04581929 0.0263739  0.03471313 0.05682062
 0.01648215 0.03645183 0.02966224 0.04877362 0.02966224 0.04031044
 0.04031044 0.01373279]
[0.01960405 0.06527139 0.03580344 0.02053013 0.04392159 0.05533915
 0.07674435 0.0607067  0.03439439 0.04392159 0.04424904 0.02698102
 0.07674435 0.00982486 0.03439439 0.02184475 0.03105171 0.04864185
 0.01487663 0.01858915 0.04424904 0.04479075 0.04424904 0.03580344
 0.03580345 0.01166974]]