7717
Test: public void test21() throws Throwable { ClassLoader classLoader0 = ClassLoader.getSystemClassLoader(); Class<String> class0 = String.class; ClassPathResource classPathResource0 = new ClassPathResource((String) null, classLoader0, class0); // Undeclared exception!  classPathResource0.getURL();   }
Code: public URL getURL() throws IOException { throw new FileNotFoundException(getDescription() + " cannot be resolved to URL"); }
[[0.05162085 0.05401418 0.07161748 0.11772743 0.02829123 0.07508643
 0.05168791 0.02560327 0.07161748 0.04196922 0.07787092 0.02887959
 0.04721453 0.07161748 0.09020165 0.07161748 0.02336287]
[0.04542814 0.05039931 0.07743855 0.10730857 0.02800477 0.08684187
 0.04595371 0.02650577 0.07743855 0.04933231 0.06873218 0.04000246
 0.04874451 0.07743855 0.07187892 0.07743855 0.0211133 ]
[0.04055439 0.05960983 0.06739964 0.13156916 0.02801472 0.06588006
 0.04794269 0.03096686 0.06739964 0.05576933 0.07325207 0.03593226
 0.05278819 0.06739964 0.08584653 0.06739964 0.02227531]
[0.03768141 0.04015645 0.06287848 0.17674363 0.02534744 0.09785292
 0.04546409 0.01964919 0.06287848 0.03513882 0.07727236 0.02378
 0.04770943 0.06287848 0.10300212 0.06287848 0.01868817]
[0.04039431 0.04823697 0.07651953 0.15440816 0.02400564 0.07720044
 0.04132896 0.02138428 0.07651953 0.03208679 0.066742   0.0311776
 0.05036277 0.07651953 0.09057479 0.07651953 0.01601918]
[0.05266088 0.05825803 0.06841218 0.09279961 0.03558488 0.08595917
 0.04818713 0.02919483 0.06841218 0.05505483 0.07304873 0.04357802
 0.05543043 0.06841218 0.06649195 0.06841218 0.03010279]
[0.04045143 0.04744612 0.0656888  0.13001499 0.02577619 0.10765887
 0.04836937 0.02179209 0.0656888  0.03685969 0.07092091 0.03266674
 0.05895927 0.0656888  0.09887058 0.0656888  0.01745862]
[0.04262912 0.03568176 0.06403168 0.1413385  0.03025158 0.08040223
 0.0468502  0.02734362 0.06403168 0.04520208 0.07889161 0.02959903
 0.05702213 0.06403168 0.105542   0.06403168 0.0231195 ]
[0.04055439 0.05960983 0.06739964 0.13156916 0.02801472 0.06588006
 0.04794269 0.03096686 0.06739964 0.05576933 0.07325207 0.03593226
 0.05278819 0.06739964 0.08584653 0.06739964 0.02227531]
[0.05071191 0.04987784 0.07006232 0.12395218 0.03391198 0.07012164
 0.04616314 0.02603881 0.07006232 0.04269144 0.0729416  0.03343257
 0.05082014 0.07006232 0.09486331 0.07006232 0.02422411]
[0.04183466 0.05923116 0.06814633 0.1294063  0.02663122 0.10142293
 0.04068653 0.02150054 0.06814633 0.03083032 0.06914024 0.02981644
 0.05197591 0.06814633 0.10934809 0.06814633 0.01559037]
[0.04105321 0.05489752 0.05960885 0.15945378 0.02574164 0.09355467
 0.03909045 0.02455652 0.05960885 0.03949645 0.07934447 0.02717672
 0.0645765  0.05960885 0.09350397 0.05960885 0.01911868]
[0.04298341 0.05586091 0.07614306 0.12849551 0.03201079 0.07104146
 0.04006809 0.0204534  0.07614306 0.04136088 0.07114872 0.02290038
 0.06118038 0.07614306 0.0845621  0.07614306 0.02336174]
[0.04055439 0.05960983 0.06739964 0.13156916 0.02801472 0.06588006
 0.04794269 0.03096686 0.06739964 0.05576933 0.07325207 0.03593226
 0.05278819 0.06739964 0.08584653 0.06739964 0.02227531]
[0.04496079 0.05307667 0.07230011 0.13126191 0.03081631 0.08410558
 0.04268486 0.01967915 0.07230011 0.04131844 0.07281935 0.02908411
 0.05651296 0.07230011 0.07987824 0.07230011 0.02460118]
[0.04055439 0.05960983 0.06739964 0.13156916 0.02801472 0.06588006
 0.04794269 0.03096686 0.06739964 0.05576933 0.07325207 0.03593226
 0.05278819 0.06739964 0.08584653 0.06739964 0.02227531]
[0.03462201 0.05227023 0.0630871  0.14508641 0.02962385 0.09856453
 0.04930528 0.01945578 0.0630871  0.03845309 0.07793798 0.03444654
 0.07278594 0.0630871  0.07435153 0.0630871  0.02074846]]