13953
Test: public void test2() throws Throwable { TypeUtils.WildcardTypeBuilder typeUtils_WildcardTypeBuilder0 = TypeUtils.wildcardType(); Type[] typeArray0 = new Type[4]; WildcardType wildcardType0 = typeUtils_WildcardTypeBuilder0.build(); typeUtils_WildcardTypeBuilder0.withLowerBounds(typeArray0); WildcardType wildcardType1 = typeUtils_WildcardTypeBuilder0.build(); }
Code: private static boolean equals(final GenericArrayType genericArrayType, final Type type) { return type instanceof GenericArrayType && equals(genericArrayType.getGenericComponentType(), ((GenericArrayType) type).getGenericComponentType()); }
[[0.06209324 0.09476186 0.13980916 0.11237974 0.02897403 0.04958124
 0.02635959 0.02839346 0.05396568 0.07209077 0.04357923 0.03655422
 0.0242525  0.02897403 0.03008677 0.04958124 0.04958124 0.04958124
 0.0194008 ]
[0.04435237 0.11302098 0.12071484 0.09660659 0.03355954 0.05451433
 0.03069712 0.02867946 0.05675717 0.07735001 0.03901301 0.03618932
 0.02095099 0.03355954 0.02982921 0.05451433 0.05451433 0.05451433
 0.02066258]
[0.03689046 0.10915211 0.1411852  0.14371078 0.02862786 0.05316048
 0.02715551 0.02183779 0.04917856 0.07246659 0.04688296 0.03327582
 0.01560798 0.02862786 0.01930956 0.05316048 0.0531605  0.0531605
 0.01344905]
[0.04900781 0.09937997 0.12820657 0.14681987 0.02962452 0.05374093
 0.02954027 0.0213268  0.04678699 0.06957691 0.042576   0.03346964
 0.02002472 0.02962452 0.02276592 0.05374093 0.05374094 0.05374094
 0.01630577]
[0.05342649 0.0896153  0.13353394 0.12527639 0.03793475 0.05230178
 0.02395516 0.02920074 0.05483396 0.05583676 0.0436862  0.03613909
 0.02744143 0.03793475 0.02748081 0.05230178 0.05230179 0.05230179
 0.01449701]
[0.06128644 0.11652564 0.12343875 0.09966434 0.03108628 0.05519124
 0.03231179 0.02711984 0.04991927 0.05365187 0.04030056 0.0420616
 0.02846534 0.03108628 0.0241587  0.05519124 0.05519125 0.05519125
 0.01815831]
[0.04803867 0.11334117 0.10596356 0.1303221  0.0286043  0.05685832
 0.02560468 0.0190986  0.0531232  0.06688806 0.05525522 0.03341566
 0.02206377 0.0286043  0.02919024 0.05685832 0.05685832 0.05685832
 0.01305315]
[0.0485857  0.1357592  0.14104944 0.14662862 0.02041086 0.04967631
 0.03150827 0.02920336 0.03870707 0.05420652 0.0487903  0.03529102
 0.01887939 0.02041086 0.01719117 0.04967631 0.04967632 0.04967632
 0.01467297]
[0.04571962 0.1351878  0.1249819  0.11351046 0.03103435 0.04873225
 0.03238816 0.02367231 0.05840644 0.06277399 0.04847472 0.03940051
 0.02180114 0.03103435 0.02419145 0.04873225 0.04873226 0.04873226
 0.01249382]
[0.05124963 0.1004342  0.09101021 0.08599793 0.03187279 0.05453185
 0.04146349 0.03537497 0.05535618 0.06937649 0.04831936 0.04695618
 0.0313259  0.03187279 0.03705325 0.05453185 0.05453186 0.05453186
 0.02420917]
[0.05436044 0.12947021 0.13816626 0.14018372 0.02251659 0.05392557
 0.02540413 0.02398537 0.04578089 0.05516998 0.03955789 0.03239588
 0.0203133  0.02251659 0.01943553 0.05392557 0.05392559 0.05392559
 0.01504088]
[0.04671644 0.09800136 0.12835614 0.09792429 0.03219773 0.05694026
 0.02841264 0.03190988 0.04927591 0.07330699 0.04549976 0.03750811
 0.02269075 0.03219773 0.0308207  0.05694026 0.05694025 0.05694025
 0.01742056]
[0.05457212 0.15849067 0.1242132  0.11605126 0.02399555 0.05116639
 0.02879046 0.02766643 0.05216744 0.05558341 0.04017339 0.03529628
 0.01943057 0.02399555 0.01863969 0.05116639 0.0511664  0.0511664
 0.01626842]
[0.05342649 0.0896153  0.13353394 0.12527639 0.03793475 0.05230178
 0.02395516 0.02920074 0.05483396 0.05583676 0.0436862  0.03613909
 0.02744143 0.03793475 0.02748081 0.05230178 0.05230179 0.05230179
 0.01449701]
[0.03982022 0.11508755 0.14280877 0.12128286 0.0312037  0.05475265
 0.02561018 0.026166   0.05192238 0.06328813 0.03852445 0.03146736
 0.02169149 0.0312037  0.02083364 0.05475265 0.05475266 0.05475266
 0.02007902]
[0.06128644 0.11652564 0.12343875 0.09966434 0.03108628 0.05519124
 0.03231179 0.02711984 0.04991927 0.05365187 0.04030056 0.0420616
 0.02846534 0.03108628 0.0241587  0.05519124 0.05519125 0.05519125
 0.01815831]
[0.06128644 0.11652564 0.12343875 0.09966433 0.03108629 0.05519124
 0.03231179 0.02711985 0.04991927 0.05365188 0.04030056 0.0420616
 0.02846534 0.03108629 0.0241587  0.05519124 0.05519124 0.05519124
 0.01815832]
[0.06128644 0.11652564 0.12343875 0.09966433 0.03108629 0.05519124
 0.03231179 0.02711985 0.04991927 0.05365188 0.04030056 0.0420616
 0.02846534 0.03108629 0.0241587  0.05519124 0.05519124 0.05519124
 0.01815832]
[0.04687317 0.12825933 0.09888273 0.10519177 0.02733002 0.05378833
 0.02672584 0.02518109 0.05332158 0.07952923 0.06504449 0.03841854
 0.02033227 0.02733002 0.02553084 0.05378833 0.05378834 0.05378834
 0.01689576]]