167049
Test: public void test4() throws Throwable { ReloadingEvent reloadingEvent0 = null;  reloadingEvent0 = new ReloadingEvent((ReloadingController) null, (Object) null);   }
Code: public ReloadingEvent(final ReloadingController source, final Object addData) { super(source, ANY); data = addData; }
[[0.06384244 0.08856358 0.08856358 0.088379   0.05090714 0.04922412
 0.08856358 0.08257277 0.08856358 0.08856358 0.0670424  0.04000805
 0.08856359 0.0266426 ]
[0.05293748 0.08859951 0.08859951 0.09079112 0.05066478 0.04112098
 0.08859951 0.08257016 0.08859952 0.08859952 0.06555252 0.05660703
 0.08859953 0.0281589 ]
[0.05293748 0.08859951 0.08859951 0.09079112 0.05066478 0.04112098
 0.08859951 0.08257016 0.08859952 0.08859952 0.06555252 0.05660703
 0.08859953 0.0281589 ]
[0.05240834 0.09172593 0.09172593 0.0878663  0.04217505 0.0355872
 0.09172593 0.10200971 0.09172592 0.09172592 0.06675358 0.03515475
 0.09172593 0.0276895 ]
[0.06011973 0.0914688  0.0914688  0.07869875 0.04033526 0.04365876
 0.0914688  0.10380915 0.0914688  0.0914688  0.05768781 0.04651156
 0.09146881 0.02036619]
[0.06333895 0.08390316 0.08390316 0.09265494 0.04529151 0.04458869
 0.08390316 0.12522519 0.08390316 0.08390316 0.05733691 0.04454806
 0.08390317 0.02359679]
[0.05293748 0.08859951 0.08859951 0.09079112 0.05066478 0.04112098
 0.08859951 0.08257016 0.08859952 0.08859952 0.06555252 0.05660703
 0.08859953 0.0281589 ]
[0.06489488 0.08358825 0.08358825 0.06964412 0.0638453  0.03864697
 0.08358825 0.107537   0.08358826 0.08358826 0.06232532 0.05417021
 0.08358826 0.03740661]
[0.05293748 0.08859951 0.08859951 0.09079112 0.05066478 0.04112098
 0.08859951 0.08257016 0.08859952 0.08859952 0.06555252 0.05660703
 0.08859953 0.0281589 ]
[0.05293748 0.08859951 0.08859951 0.09079112 0.05066478 0.04112098
 0.08859951 0.08257016 0.08859952 0.08859952 0.06555252 0.05660703
 0.08859953 0.0281589 ]
[0.06836681 0.09050821 0.09050821 0.07681067 0.04361448 0.03941237
 0.09050821 0.1047982  0.09050819 0.09050819 0.05936419 0.04420701
 0.09050821 0.02037701]
[0.06422012 0.09083789 0.09083789 0.07821883 0.05409331 0.04203232
 0.09083789 0.07245457 0.0908379  0.0908379  0.05927391 0.05322345
 0.09083791 0.03145613]
[0.05293749 0.0885995  0.0885995  0.09079111 0.05066478 0.04112098
 0.0885995  0.08257016 0.0885995  0.0885995  0.06555252 0.05660702
 0.08859951 0.0281589 ]
[0.04561137 0.08386362 0.08386362 0.10929015 0.04186569 0.04739824
 0.08386362 0.12550639 0.08386362 0.08386362 0.05839311 0.0421445
 0.08386364 0.02660887]]