75242
Test: public void test33() throws Throwable { Locale locale0 = Locale.ITALY; JSONObject jSONObject0 = new JSONObject(locale0); String string0 = XML.toString((Object) jSONObject0, "gj"); }
Code: public static String toString(Object object) throws JSONException { return toString(object, null, XMLParserConfiguration.ORIGINAL); }
[[0.05030394 0.1318683  0.06608333 0.06977449 0.07915583 0.12692536
 0.06977449 0.05648675 0.05405381 0.0697745  0.1369082  0.0697745
 0.01911646]
[0.0515127  0.12567312 0.08092625 0.07087057 0.07079497 0.10500281
 0.07087057 0.07771337 0.0478514  0.07087056 0.13508077 0.07087056
 0.0219624 ]
[0.04930864 0.13361709 0.05884091 0.07211253 0.07765112 0.13465205
 0.07211253 0.06223054 0.04859849 0.07211253 0.1301815  0.07211253
 0.01646951]
[0.04166166 0.13733977 0.07924937 0.07085539 0.07528834 0.13382658
 0.07085539 0.05874744 0.05037303 0.07085538 0.11960207 0.07085538
 0.02049021]
[0.03712782 0.11885837 0.06038381 0.07981151 0.0803293  0.11573289
 0.07981151 0.06046224 0.05606042 0.07981153 0.13512406 0.07981153
 0.01667495]
[0.03426524 0.11629295 0.07154493 0.06369083 0.07353852 0.17704289
 0.06369083 0.07285824 0.05418918 0.06369084 0.13063739 0.06369084
 0.0148673 ]
[0.04166166 0.13733977 0.07924937 0.07085539 0.07528834 0.13382658
 0.07085539 0.05874744 0.05037303 0.07085538 0.11960207 0.07085538
 0.02049021]
[0.05226218 0.1170442  0.08117918 0.07201904 0.07882928 0.09413891
 0.07201904 0.07605998 0.0611878  0.07201905 0.12313288 0.07201905
 0.02808943]
[0.03276452 0.13809466 0.08293599 0.06962092 0.06732526 0.13466986
 0.06962092 0.05524468 0.04908097 0.06962091 0.14581348 0.06962091
 0.01558687]
[0.04166166 0.13733977 0.07924937 0.07085539 0.07528834 0.13382658
 0.07085539 0.05874744 0.05037303 0.07085538 0.11960207 0.07085538
 0.02049021]
[0.03779544 0.11068802 0.06501516 0.07671811 0.08556233 0.11498982
 0.07671811 0.06673121 0.04666322 0.07671812 0.14985377 0.07671812
 0.01582849]
[0.04166166 0.13733977 0.07924937 0.07085539 0.07528834 0.13382658
 0.07085539 0.05874744 0.05037303 0.07085538 0.11960207 0.07085538
 0.02049021]
[0.03391682 0.12595694 0.06223159 0.06596083 0.09550153 0.14394635
 0.06596083 0.07253899 0.06984778 0.06596083 0.1159017  0.06596083
 0.01631493]]