90847
Test: public void test179() throws Throwable { InstConstraintVisitor instConstraintVisitor0 = new InstConstraintVisitor(); NOP nOP0 = new NOP(); instConstraintVisitor0.visitNOP(nOP0); }
Code: public void visitNOP(final NOP o) { // nothing is to be done here. }
[[0.05940686 0.04747288 0.08240828 0.08240828 0.09266879 0.0745696
 0.08240828 0.05548562 0.12619369 0.11002365 0.04934638 0.03090366
 0.08240829 0.02429571]
[0.04637407 0.03927816 0.09178002 0.09178002 0.08451968 0.07532213
 0.09178002 0.0672199  0.11293945 0.10368706 0.05253143 0.02785901
 0.09178004 0.02314898]
[0.04899472 0.04143336 0.0830444  0.0830444  0.08388297 0.07065
 0.0830444  0.06649841 0.13408053 0.10723278 0.0588617  0.0316725
 0.08304442 0.02451538]
[0.04899472 0.04143336 0.0830444  0.0830444  0.08388297 0.07065
 0.0830444  0.06649841 0.13408053 0.10723278 0.0588617  0.0316725
 0.08304442 0.02451538]
[0.05266929 0.04114316 0.07903209 0.07903209 0.10524982 0.0921827
 0.07903209 0.05736291 0.12068959 0.0913737  0.06125499 0.03361857
 0.0790321  0.02832692]
[0.06246984 0.05410808 0.08390068 0.08390068 0.08197798 0.09581453
 0.08390068 0.06357197 0.09392216 0.07984771 0.06383628 0.03432723
 0.08390069 0.03452149]
[0.04899472 0.04143336 0.0830444  0.0830444  0.08388297 0.07065
 0.0830444  0.06649841 0.13408053 0.10723278 0.0588617  0.0316725
 0.08304442 0.02451538]
[0.04865637 0.04421748 0.08655848 0.08655848 0.10015771 0.08885854
 0.08655848 0.05032867 0.11709568 0.10470548 0.04753052 0.02652944
 0.08655851 0.02568625]
[0.06158648 0.05012856 0.08287248 0.08287248 0.09524589 0.09028244
 0.08287248 0.06888351 0.11715959 0.08266405 0.04899637 0.02959098
 0.0828725  0.02397217]
[0.05039569 0.04356413 0.08543598 0.08543598 0.08794042 0.08501129
 0.08543598 0.06234664 0.12740405 0.09310816 0.05927981 0.02339976
 0.085436   0.02580611]
[0.04873805 0.04045733 0.08858022 0.08858022 0.07889745 0.07208293
 0.08858022 0.0518795  0.13284877 0.09807667 0.06373245 0.03459781
 0.08858023 0.02436814]
[0.0470035  0.03562197 0.0859077  0.0859077  0.09166745 0.080092
 0.0859077  0.0620028  0.11033993 0.12632394 0.05700948 0.02827269
 0.08590769 0.0180355 ]
[0.04899472 0.04143335 0.08304439 0.08304439 0.08388299 0.07065
 0.08304439 0.06649841 0.13408051 0.10723278 0.0588617  0.0316725
 0.08304439 0.02451538]
[0.04077488 0.03715459 0.07741589 0.07741589 0.09421476 0.0980778
 0.07741589 0.05046216 0.14768718 0.09084644 0.07593986 0.03374942
 0.07741591 0.02142931]]