88492
Test: public void test5826() throws Throwable { ClassLoader classLoader0 = ClassLoader.getSystemClassLoader(); ClassLoaderRepository classLoaderRepository0 = new ClassLoaderRepository(classLoader0); Class<String> class0 = String.class; JavaClass javaClass0 = classLoaderRepository0.loadClass(class0); BCELComparator bCELComparator0 = Method.getComparator(); JavaClass.setComparator(bCELComparator0); javaClass0.isInterface(true); }
Code: public static void setComparator( final BCELComparator comparator ) { bcelComparator = comparator; }
[[0.06109705 0.1577923  0.04764695 0.08474386 0.04716574 0.08474386
 0.15456678 0.0950385  0.06725051 0.08474386 0.0375362  0.05475298
 0.02292138]
[0.05892855 0.1458673  0.03628629 0.08081134 0.04167197 0.08081134
 0.18159914 0.08465958 0.09137194 0.08081134 0.03807544 0.05347123
 0.02563453]
[0.04561412 0.14021751 0.03675586 0.09301886 0.03663702 0.09301886
 0.19235705 0.09646409 0.06547192 0.09301887 0.03478407 0.05213973
 0.020502  ]
[0.04681286 0.15123028 0.03810367 0.08015341 0.04188399 0.08015341
 0.1920901  0.09717502 0.06304129 0.08015341 0.04793389 0.05904084
 0.02222786]
[0.05021824 0.14737977 0.03652487 0.08083597 0.03295636 0.08083597
 0.2074678  0.09874891 0.07980761 0.08083597 0.03898646 0.04939294
 0.01600917]
[0.04681286 0.15123028 0.03810367 0.08015341 0.04188399 0.08015341
 0.1920901  0.09717502 0.06304129 0.08015341 0.04793389 0.05904084
 0.02222786]
[0.06162729 0.13679405 0.03897135 0.08318111 0.0493419  0.08318111
 0.17165229 0.08893497 0.08326865 0.08318113 0.03405995 0.063862
 0.02194423]
[0.05407459 0.12028001 0.05183384 0.07964572 0.0511894  0.07964572
 0.17936301 0.08198769 0.09758454 0.07964573 0.0419506  0.05715338
 0.02564582]
[0.05604593 0.12542224 0.0481484  0.07729028 0.0546854  0.07729028
 0.18994401 0.08649332 0.0814387  0.07729028 0.04626604 0.04958678
 0.03009838]
[0.04681286 0.15123028 0.03810367 0.08015341 0.04188399 0.08015341
 0.1920901  0.09717502 0.06304129 0.08015341 0.04793389 0.05904084
 0.02222786]
[0.06233314 0.13786967 0.04939641 0.08836632 0.0522588  0.08836632
 0.15458016 0.08134512 0.06329723 0.08836632 0.04963615 0.05534707
 0.02883725]
[0.04958411 0.15842712 0.03980406 0.0855836  0.03952164 0.0855836
 0.1666941  0.08599061 0.08515406 0.08558359 0.03835703 0.05457913
 0.02513733]
[0.04288388 0.15778702 0.0378182  0.08361901 0.0372309  0.08361901
 0.16909076 0.0974704  0.09045109 0.08361901 0.03663186 0.05936197
 0.02041692]]