35680
Test: public void test66() throws Throwable { MockGregorianCalendar mockGregorianCalendar0 = new MockGregorianCalendar(); LocalDate localDate0 = LocalDate.fromCalendarFields(mockGregorianCalendar0); // Undeclared exception!  localDate0.plusYears(2147483644);   }
Code: public LocalDate plusYears(int years) { if (years == 0) { return this; } long instant = getChronology().years().add(getLocalMillis(), years); return withLocalMillis(instant); }
[[0.04304495 0.0181192  0.0597099  0.06802527 0.05256443 0.11553356
 0.03841266 0.06927367 0.02298384 0.05256443 0.04677599 0.03584735
 0.01728316 0.07308705 0.05173365 0.02677645 0.0597099  0.02478545
 0.04677599 0.0597099  0.01728316]
[0.03693651 0.01774036 0.05448613 0.07595514 0.06187048 0.10033284
 0.04555922 0.07298431 0.01601669 0.06187048 0.05759853 0.02921039
 0.01367205 0.07610141 0.04553955 0.02807694 0.05448613 0.02580614
 0.05759853 0.05448613 0.01367205]
[0.03662365 0.02161958 0.06227207 0.08387014 0.05172621 0.0884943
 0.04576493 0.07061724 0.02549798 0.05172621 0.04428377 0.03401011
 0.01803461 0.06839573 0.04512889 0.03801302 0.06227207 0.02705903
 0.04428377 0.06227207 0.0180346 ]
[0.04388881 0.02135522 0.05216119 0.07486621 0.06018323 0.11045165
 0.04730976 0.06224351 0.02329815 0.06018323 0.0472654  0.02700976
 0.01655357 0.07360426 0.05972632 0.02839925 0.05216119 0.02335912
 0.0472654  0.05216119 0.01655357]
[0.04360665 0.02134339 0.05974434 0.06279326 0.06424134 0.07587551
 0.05005022 0.04801224 0.02846203 0.06424134 0.05095233 0.03568996
 0.02358757 0.07296707 0.03507487 0.03603712 0.05974434 0.0332922
 0.05095233 0.05974434 0.02358757]
[0.028077   0.01820056 0.06855056 0.10513433 0.0511616  0.1553708
 0.02580502 0.06042596 0.02046048 0.0511616  0.03649027 0.02047946
 0.00815026 0.08791248 0.04482115 0.02129558 0.06855058 0.0147612
 0.03649028 0.06855058 0.00815026]
[0.04018258 0.02037555 0.06651636 0.08792801 0.05411163 0.12005249
 0.03730053 0.05360799 0.01797524 0.05411163 0.04897707 0.03429458
 0.01536004 0.0707286  0.03639475 0.02458613 0.06651636 0.02012699
 0.04897707 0.06651636 0.01536004]
[0.02718152 0.01834293 0.0478872  0.08647364 0.05885731 0.15099612
 0.04334331 0.06937412 0.0256905  0.05885731 0.04398372 0.0274738
 0.01258432 0.0861031  0.04481237 0.02743241 0.04788721 0.01826383
 0.04398372 0.04788721 0.01258432]
[0.0350824  0.02990095 0.05910327 0.07477967 0.05359342 0.11795138
 0.03233    0.06097815 0.0224915  0.05359342 0.0547233  0.03169441
 0.01905505 0.07299249 0.03996381 0.02696646 0.05910327 0.02281545
 0.05472331 0.05910327 0.01905505]
[0.04360665 0.02134339 0.05974434 0.06279326 0.06424134 0.07587551
 0.05005022 0.04801224 0.02846203 0.06424134 0.05095233 0.03568996
 0.02358757 0.07296707 0.03507487 0.03603712 0.05974434 0.0332922
 0.05095233 0.05974434 0.02358757]
[0.03051754 0.01313397 0.06402583 0.06779377 0.05313543 0.13007593
 0.03511161 0.06312864 0.02219968 0.05313543 0.04542681 0.02656255
 0.01489294 0.09181482 0.05003658 0.02943748 0.06402583 0.02119962
 0.04542681 0.06402583 0.01489294]
[0.04391617 0.02094137 0.06411871 0.05644572 0.064486   0.10641751
 0.03873071 0.05781221 0.02563306 0.064486   0.05355909 0.02673433
 0.01798744 0.0685855  0.03950305 0.02587841 0.06411873 0.02498068
 0.05355909 0.06411873 0.01798744]
[0.03089138 0.02167634 0.060359   0.0960283  0.06443966 0.11593731
 0.03997716 0.0522615  0.02021382 0.06443966 0.06314643 0.02704693
 0.01458762 0.05009417 0.03368182 0.02630989 0.060359   0.02045698
 0.06314642 0.060359   0.01458762]
[0.03134975 0.01752388 0.06091037 0.07828815 0.06401478 0.11776796
 0.04076377 0.0648035  0.02316698 0.06401478 0.04676909 0.02764971
 0.01584242 0.06868816 0.05211572 0.02371375 0.06091037 0.01818492
 0.04676909 0.06091037 0.01584242]
[0.04160935 0.02304302 0.06129913 0.08168185 0.05147823 0.11378812
 0.03884167 0.06630626 0.02221054 0.05147823 0.04882599 0.03077434
 0.01607034 0.06795441 0.04736109 0.02797198 0.06129912 0.02181084
 0.04882599 0.06129912 0.01607034]
[0.04497496 0.01947534 0.06372163 0.08282164 0.04698499 0.09880185
 0.04233899 0.05174704 0.03249138 0.04698499 0.04864266 0.04305177
 0.02112374 0.0558542  0.03425628 0.03619217 0.06372163 0.03332667
 0.04864267 0.06372163 0.02112374]
[0.03662365 0.02161958 0.06227207 0.08387014 0.05172621 0.0884943
 0.04576493 0.07061724 0.02549798 0.05172621 0.04428377 0.03401011
 0.01803461 0.06839573 0.04512889 0.03801302 0.06227207 0.02705903
 0.04428377 0.06227207 0.0180346 ]
[0.03255269 0.01969488 0.05929558 0.09728321 0.05714288 0.13889378
 0.03409034 0.06400318 0.0183763  0.05714288 0.05075851 0.02686526
 0.00968146 0.06844771 0.04578321 0.02127884 0.05929557 0.01967818
 0.05075851 0.05929557 0.00968146]
[0.03051754 0.01313397 0.06402583 0.06779377 0.05313543 0.13007593
 0.03511161 0.06312864 0.02219968 0.05313543 0.04542681 0.02656255
 0.01489294 0.09181482 0.05003658 0.02943748 0.06402583 0.02119962
 0.04542681 0.06402583 0.01489294]
[0.03662365 0.02161958 0.06227207 0.08387014 0.05172621 0.0884943
 0.04576493 0.07061724 0.02549798 0.05172621 0.04428377 0.03401011
 0.01803461 0.06839573 0.04512889 0.03801302 0.06227207 0.02705903
 0.04428377 0.06227207 0.0180346 ]
[0.03089138 0.02167635 0.060359   0.09602829 0.06443967 0.1159373
 0.03997717 0.0522615  0.02021383 0.06443967 0.06314642 0.02704693
 0.01458762 0.05009418 0.03368183 0.02630989 0.060359   0.02045698
 0.06314642 0.060359   0.01458762]]