31290
Test: public void test191() throws Throwable { SortedArrayList<Object> sortedArrayList0 = new SortedArrayList<Object>(); boolean boolean0 = sortedArrayList0.add((Object) sortedArrayList0); }
Code: public boolean add(E o) { int idx = 0; if (!isEmpty()) { idx = findInsertionPoint(o); } super.add(idx, o); return true; }
[[0.0400759  0.10385639 0.0555919  0.06253348 0.04949107 0.02613395
 0.04841647 0.02496478 0.05187387 0.10762084 0.0555919  0.04949107
 0.04841647 0.02496478 0.0555919  0.01621188 0.0555919  0.03598693
 0.04361779 0.02776485 0.01621188]
[0.02773321 0.15819496 0.05425463 0.06127802 0.06050618 0.01384128
 0.04142343 0.02152406 0.0460455  0.09972864 0.05425463 0.06050618
 0.04142343 0.02152406 0.05425463 0.01171044 0.05425463 0.03990127
 0.0429345  0.02299579 0.01171044]
[0.03317165 0.12875386 0.05599004 0.05665098 0.04913126 0.02180032
 0.03967189 0.03491562 0.05302027 0.08072847 0.05599004 0.04913126
 0.03967189 0.03491562 0.05599004 0.01694585 0.05599005 0.0483809
 0.04016994 0.03203423 0.01694585]
[0.03379596 0.12125087 0.05066583 0.06744719 0.05935212 0.01841961
 0.03836522 0.02829653 0.05763829 0.0835304  0.05066583 0.05935212
 0.03836522 0.02829653 0.05066583 0.01822399 0.05066583 0.04607936
 0.04683765 0.03386164 0.01822399]
[0.0412271  0.09449925 0.05536319 0.05409714 0.06324923 0.02004792
 0.0427589  0.03418441 0.05370588 0.07140449 0.05536319 0.06324923
 0.0427589  0.03418441 0.05536319 0.02278567 0.05536319 0.0402276
 0.04784349 0.02953804 0.02278566]
[0.02458257 0.09734946 0.06429087 0.05441988 0.05297713 0.01818522
 0.03947476 0.02074724 0.04923782 0.14166856 0.06429087 0.05297713
 0.03947476 0.02074724 0.06429087 0.01170885 0.06429088 0.03920022
 0.03935859 0.02901829 0.01170884]
[0.0341916  0.12151639 0.04596056 0.05309314 0.05193408 0.0205263
 0.05061716 0.02814278 0.06122675 0.110975   0.04596056 0.05193408
 0.05061716 0.02814278 0.04596056 0.0156353  0.04596055 0.04668732
 0.04543421 0.02984851 0.0156353 ]
[0.04149363 0.08672337 0.058708   0.05952227 0.04623754 0.02519192
 0.04129905 0.03422254 0.06320494 0.09172427 0.058708   0.04623754
 0.04129905 0.03422254 0.058708   0.0201853  0.058708   0.03890854
 0.04542562 0.02908461 0.0201853 ]
[0.0342722  0.12737161 0.04985538 0.05964696 0.05559133 0.01931754
 0.04556984 0.02082672 0.05699791 0.11451587 0.04985538 0.05559133
 0.04556984 0.02082672 0.04985538 0.01518373 0.04985539 0.04130989
 0.04219351 0.03060978 0.01518373]
[0.02485757 0.16203898 0.0584223  0.06164261 0.05017313 0.01246548
 0.0354038  0.0192732  0.05401866 0.13937816 0.0584223  0.05017313
 0.0354038  0.0192732  0.0584223  0.00776867 0.05842231 0.03182699
 0.03261086 0.02223384 0.00776867]
[0.03317165 0.12875386 0.05599004 0.05665098 0.04913126 0.02180032
 0.03967189 0.03491562 0.05302027 0.08072847 0.05599004 0.04913126
 0.03967189 0.03491562 0.05599004 0.01694585 0.05599005 0.0483809
 0.04016994 0.03203423 0.01694585]
[0.0412271  0.09449925 0.05536319 0.05409714 0.06324923 0.02004792
 0.0427589  0.03418441 0.05370588 0.07140449 0.05536319 0.06324923
 0.0427589  0.03418441 0.05536319 0.02278567 0.05536319 0.0402276
 0.04784349 0.02953804 0.02278566]
[0.0341916  0.12151639 0.04596056 0.05309314 0.05193408 0.0205263
 0.05061716 0.02814278 0.06122675 0.110975   0.04596056 0.05193408
 0.05061716 0.02814278 0.04596056 0.0156353  0.04596055 0.04668732
 0.04543421 0.02984851 0.0156353 ]
[0.04149363 0.08672337 0.058708   0.05952227 0.04623754 0.02519192
 0.04129905 0.03422254 0.06320494 0.09172427 0.058708   0.04623754
 0.04129905 0.03422254 0.058708   0.0201853  0.058708   0.03890854
 0.04542562 0.02908461 0.0201853 ]
[0.03317165 0.12875386 0.05599004 0.05665098 0.04913126 0.02180032
 0.03967189 0.03491562 0.05302027 0.08072847 0.05599004 0.04913126
 0.03967189 0.03491562 0.05599004 0.01694585 0.05599005 0.0483809
 0.04016994 0.03203423 0.01694585]
[0.02685031 0.09613276 0.05096453 0.06202701 0.06466495 0.0205216
 0.04715197 0.02380825 0.0568074  0.10266978 0.05096453 0.06466495
 0.04715197 0.02380825 0.05096453 0.01412469 0.05096452 0.03840621
 0.05738777 0.03583935 0.01412469]
[0.03317165 0.12875386 0.05599004 0.05665098 0.04913126 0.02180032
 0.03967189 0.03491562 0.05302027 0.08072847 0.05599004 0.04913126
 0.03967189 0.03491562 0.05599004 0.01694585 0.05599005 0.0483809
 0.04016994 0.03203423 0.01694585]
[0.0343466  0.14589114 0.05405334 0.0667277  0.06171141 0.01856317
 0.03411938 0.02417086 0.04825806 0.09639578 0.05405334 0.06171141
 0.03411938 0.02417086 0.05405334 0.01477206 0.05405333 0.04175847
 0.03727881 0.02501953 0.01477206]
[0.02699942 0.15152766 0.05538307 0.06453864 0.04959247 0.01668029
 0.04037805 0.02620138 0.04811687 0.11341426 0.05538307 0.04959247
 0.04037805 0.02620138 0.05538307 0.01375276 0.05538307 0.0359459
 0.03974675 0.02164857 0.01375276]
[0.03170494 0.164473   0.05143946 0.06279108 0.05348028 0.0174564
 0.03853719 0.02295674 0.04889937 0.1039702  0.05143946 0.05348028
 0.03853719 0.02295674 0.05143946 0.01175731 0.05143946 0.041986
 0.04033811 0.02915999 0.01175731]
[0.02685031 0.09613279 0.05096452 0.062027   0.06466496 0.02052159
 0.04715198 0.02380824 0.05680738 0.10266976 0.05096452 0.06466496
 0.04715198 0.02380824 0.05096452 0.01412469 0.05096452 0.03840621
 0.05738777 0.03583935 0.01412469]]