18477
Test: public void test5() throws Throwable { // Undeclared exception!  DurationUtils.toDuration(1698L, (TimeUnit) null);   }
Code: public static Duration toDuration(final long amount, final TimeUnit timeUnit) { return Duration.of(amount, toChronoUnit(timeUnit)); }
[[0.0517783  0.14980386 0.08640657 0.0718272  0.08691577 0.0718272
 0.04118518 0.08050881 0.07182721 0.06619443 0.05663254 0.07182721
 0.07182722 0.02143851]
[0.05288597 0.14390853 0.07648426 0.0709055  0.06673782 0.0709055
 0.03937962 0.09230731 0.07090549 0.09728122 0.05032587 0.07090549
 0.07090551 0.02616194]
[0.04718408 0.1281544  0.07235065 0.07364121 0.07262707 0.07364121
 0.04328622 0.11619633 0.07364121 0.07917568 0.04690149 0.07364121
 0.07364122 0.02591803]
[0.04288428 0.15108997 0.0949377  0.07124535 0.0745839  0.07124535
 0.04189815 0.09287596 0.07124535 0.06981131 0.05209779 0.07124535
 0.07124536 0.02359427]
[0.0359037  0.1785999  0.07315059 0.06769633 0.07523815 0.06769633
 0.03308868 0.10953952 0.06769632 0.0828769  0.05323952 0.06769632
 0.06769633 0.01988136]
[0.04288428 0.15108997 0.0949377  0.07124535 0.0745839  0.07124535
 0.04189815 0.09287596 0.07124535 0.06981131 0.05209779 0.07124535
 0.07124536 0.02359427]
[0.04960709 0.14740984 0.06541482 0.07595081 0.07423731 0.07595081
 0.03320307 0.07659748 0.07595082 0.08491468 0.07216447 0.07595082
 0.07595082 0.01669712]
[0.04629067 0.14612547 0.08717652 0.07526733 0.07759374 0.07526733
 0.04389132 0.07747535 0.07526733 0.06829815 0.05797124 0.07526733
 0.07526734 0.01884091]
[0.04288428 0.15108997 0.0949377  0.07124535 0.0745839  0.07124535
 0.04189815 0.09287596 0.07124535 0.06981131 0.05209779 0.07124535
 0.07124536 0.02359427]
[0.05292422 0.12680516 0.07874639 0.06800397 0.08272887 0.06800397
 0.05208297 0.08752401 0.06800397 0.08807134 0.06051916 0.06800397
 0.06800398 0.0305781 ]
[0.03558522 0.16155046 0.06149676 0.0719777  0.10051811 0.0719777
 0.0324129  0.11048327 0.0719777  0.06744479 0.05202891 0.0719777
 0.07197771 0.01859103]
[0.04288428 0.15108997 0.0949377  0.07124535 0.0745839  0.07124535
 0.04189815 0.09287596 0.07124535 0.06981131 0.05209779 0.07124535
 0.07124536 0.02359427]
[0.04288428 0.15108994 0.09493771 0.07124534 0.0745839  0.07124534
 0.04189815 0.09287593 0.07124534 0.06981131 0.05209778 0.07124534
 0.07124535 0.02359427]
[0.03677704 0.15360035 0.0844582  0.06898655 0.05970373 0.06898655
 0.03314645 0.09396391 0.06898655 0.09330702 0.07997312 0.06898655
 0.06898656 0.02013741]]