9999
Test: public void test3() throws Throwable { Comparator<String> comparator0 = (Comparator<String>) mock(Comparator.class, new ViolatedAssumptionAnswer()); doReturn((-1), (-1)).when(comparator0).compare(anyString() , anyString()); Range<String> range0 = Range.between(",&jBC~bfNp*K$\"|;`x", ",&jBC~bfNp*K$\"|;`x", comparator0); boolean boolean0 = range0.isBefore(",&jBC~bfNp*K$\"|;`x"); }
Code: public boolean isBefore(final T element) { if (element == null) { return false; } return comparator.compare(element, maximum) > 0; }
[[0.0378212  0.09595245 0.05246624 0.02488119 0.04088844 0.04877783
 0.10177699 0.02472324 0.06012735 0.02052552 0.04877783 0.04141963
 0.05241468 0.01575295 0.04141963 0.05246624 0.10895343 0.06496415
 0.05013813 0.01575295]
[0.02701379 0.15764523 0.05314216 0.01726024 0.03469302 0.05669605
 0.09635045 0.01302935 0.04147287 0.01351378 0.05669605 0.04111562
 0.05061869 0.01108536 0.04111562 0.05314216 0.12702426 0.05299223
 0.04430776 0.01108536]
[0.03062522 0.11821995 0.05159296 0.019858   0.03909997 0.04590698
 0.07466939 0.02353256 0.0585511  0.02169993 0.04590698 0.03710073
 0.05908221 0.01579165 0.03710073 0.05159296 0.12906095 0.07559202
 0.049224   0.01579165]
[0.03272952 0.11863762 0.05348436 0.01888847 0.04824368 0.04984397
 0.09294131 0.0197614  0.05331982 0.0175541  0.04984397 0.03795295
 0.06013341 0.01420126 0.03795295 0.05348436 0.1132256  0.06250505
 0.05109498 0.01420126]
[0.03793026 0.1134243  0.0578972  0.01896142 0.04170664 0.06138226
 0.08367029 0.02052315 0.04272471 0.0204524  0.06138226 0.03740979
 0.05109705 0.01443078 0.03740979 0.0578972  0.09898989 0.08176422
 0.04651559 0.01443077]
[0.03916537 0.08974042 0.05258229 0.02112618 0.04069404 0.06011363
 0.06783    0.02903689 0.04256554 0.02588895 0.06011363 0.04544729
 0.05858416 0.02165147 0.04544729 0.05258229 0.11754772 0.05720935
 0.05102202 0.02165147]
[0.02345118 0.15958826 0.05656781 0.01144703 0.03536344 0.04421376
 0.13032624 0.01301214 0.04992716 0.00906054 0.04421376 0.03057086
 0.04326946 0.00697538 0.03057086 0.05656781 0.1519166  0.04716789
 0.04881435 0.00697538]
[0.02976603 0.12029514 0.04536674 0.01914611 0.03849658 0.06635936
 0.09036203 0.02024853 0.04584595 0.01755141 0.06635936 0.04175199
 0.0506404  0.01400121 0.04175199 0.04536674 0.1193949  0.06470541
 0.04858899 0.01400121]
[0.02081517 0.18362132 0.03492657 0.01235842 0.03625437 0.05063809
 0.11504059 0.01404625 0.05208862 0.01357452 0.05063809 0.03405682
 0.03836282 0.01051788 0.03405682 0.03492657 0.14924002 0.05803757
 0.04628159 0.01051788]
[0.02742681 0.15269922 0.04996439 0.01617106 0.03536427 0.06116264
 0.1246627  0.01440274 0.05155036 0.0170565  0.06116264 0.03328329
 0.04292038 0.00947687 0.03328329 0.04996439 0.09897824 0.06726725
 0.04372608 0.00947687]
[0.03916537 0.08974042 0.05258229 0.02112618 0.04069404 0.06011363
 0.06783    0.02903689 0.04256554 0.02588895 0.06011363 0.04544729
 0.05858416 0.02165147 0.04544729 0.05258229 0.11754772 0.05720935
 0.05102202 0.02165147]
[0.02546897 0.13992535 0.05179687 0.01440011 0.04397637 0.0476959
 0.10639532 0.01830107 0.05055704 0.01519423 0.0476959  0.03733676
 0.05561079 0.01317741 0.03733676 0.05179687 0.12347519 0.06092465
 0.04575709 0.01317741]
[0.03708772 0.09871817 0.05294221 0.02118305 0.04437366 0.04830396
 0.07659897 0.0211274  0.05073834 0.02302299 0.04830396 0.04215986
 0.06529846 0.01973932 0.04215986 0.05294221 0.10564974 0.0739826
 0.05592823 0.01973933]
[0.02549728 0.09331129 0.0489751  0.01757282 0.0358096  0.05806377
 0.09676272 0.01476138 0.0435506  0.01622917 0.05806377 0.05352966
 0.05406208 0.01285472 0.05352966 0.0489751  0.14138225 0.06115981
 0.05305453 0.01285472]
[0.02546897 0.13992535 0.05179687 0.01440011 0.04397637 0.0476959
 0.10639532 0.01830107 0.05055704 0.01519423 0.0476959  0.03733676
 0.05561079 0.01317741 0.03733676 0.05179687 0.12347519 0.06092465
 0.04575709 0.01317741]
[0.03062522 0.11821995 0.05159296 0.019858   0.03909997 0.04590698
 0.07466939 0.02353256 0.0585511  0.02169993 0.04590698 0.03710073
 0.05908221 0.01579165 0.03710073 0.05159296 0.12906095 0.07559202
 0.049224   0.01579165]
[0.03742506 0.12498885 0.0511639  0.02141561 0.04524509 0.050256
 0.09821825 0.02201047 0.03825901 0.02146916 0.050256   0.03827899
 0.0588458  0.01709243 0.03827899 0.0511639  0.1146157  0.05250724
 0.05141712 0.01709243]
[0.03911025 0.1152616  0.052069   0.01762505 0.03393592 0.04849862
 0.10279068 0.01977649 0.05336748 0.01350648 0.04849862 0.04219812
 0.04691245 0.01179758 0.04219812 0.052069   0.10769524 0.08102907
 0.05986263 0.01179758]
[0.03225143 0.12006666 0.04696187 0.02093484 0.02749533 0.05219993
 0.10778674 0.02687372 0.04560369 0.01519752 0.05219993 0.03970995
 0.04842973 0.01426839 0.03970995 0.04696187 0.13136557 0.06410453
 0.05360989 0.01426839]
[0.02549728 0.09331129 0.0489751  0.01757282 0.0358096  0.05806377
 0.09676272 0.01476138 0.0435506  0.01622917 0.05806377 0.05352966
 0.05406208 0.01285472 0.05352966 0.0489751  0.14138225 0.06115981
 0.05305453 0.01285472]]