131297
Test: public void test106() throws Throwable { Complex complex0 = Complex.ZERO; Complex complex1 = complex0.tanh(); Complex complex2 = complex1.atanh(); complex2.norm(); }
Code: public double norm() { if (isInfinite()) { return Double.POSITIVE_INFINITY; } return real * real + imaginary * imaginary; }
[[0.04479661 0.07731991 0.06214412 0.05930882 0.1207042  0.04014408
 0.05930882 0.04924826 0.05099185 0.0189941  0.04924826 0.05964871
 0.03119155 0.05964871 0.03628729 0.09783664 0.03119156 0.03299244
 0.0189941 ]
[0.03784772 0.08456844 0.06937256 0.05854791 0.14884384 0.03376999
 0.05854791 0.05543674 0.04866324 0.01603021 0.05543674 0.05142049
 0.02946766 0.05142049 0.02554137 0.09334856 0.02946766 0.03623821
 0.01603021]
[0.038259   0.07203043 0.0644119  0.05757857 0.09333949 0.04204025
 0.05757857 0.04635466 0.06017255 0.01978921 0.04635466 0.05413862
 0.03525472 0.05413862 0.05195579 0.11704628 0.03525472 0.03451274
 0.01978921]
[0.04516315 0.06146989 0.06033351 0.06999476 0.07812863 0.04644931
 0.06999476 0.05231882 0.04682079 0.02509755 0.05231882 0.05941474
 0.04220055 0.05941474 0.04701765 0.08795013 0.04220056 0.02861403
 0.02509755]
[0.03283217 0.08466345 0.07975138 0.06070613 0.18201339 0.02846616
 0.06070613 0.04272528 0.04583823 0.00963033 0.04272528 0.04632474
 0.02699156 0.04632474 0.02603768 0.11272739 0.02699156 0.03491407
 0.00963033]
[0.03564417 0.08406211 0.05283633 0.06048691 0.13705906 0.04082024
 0.06048691 0.05218059 0.04365582 0.01633702 0.05218059 0.05686351
 0.02976195 0.05686351 0.04156094 0.09006506 0.02976196 0.04303631
 0.01633702]
[0.04516315 0.06146989 0.06033351 0.06999476 0.07812863 0.04644931
 0.06999476 0.05231882 0.04682079 0.02509755 0.05231882 0.05941474
 0.04220055 0.05941474 0.04701765 0.08795013 0.04220056 0.02861403
 0.02509755]
[0.03286853 0.07227286 0.06822467 0.0587303  0.1391279  0.03196721
 0.0587303  0.04866871 0.05096621 0.01637553 0.04866871 0.05225673
 0.02537094 0.05225673 0.04501462 0.1188115  0.02537094 0.03794209
 0.01637553]
[0.04433654 0.06391575 0.06845303 0.05816162 0.11832872 0.04777744
 0.05816162 0.04923423 0.04500249 0.01901964 0.04923423 0.06005356
 0.02848634 0.06005356 0.05387609 0.08659525 0.02848634 0.04180393
 0.01901963]
[0.03238427 0.06946356 0.06245142 0.07231596 0.122585   0.03112299
 0.07231596 0.06757466 0.05430636 0.01608786 0.06757466 0.05277913
 0.03144098 0.05277913 0.03488874 0.08577619 0.03144098 0.02662432
 0.01608786]
[0.03286853 0.07227286 0.06822467 0.0587303  0.1391279  0.03196721
 0.0587303  0.04866871 0.05096621 0.01637553 0.04866871 0.05225673
 0.02537094 0.05225673 0.04501462 0.1188115  0.02537094 0.03794209
 0.01637553]
[0.03312209 0.06669311 0.06698193 0.06121629 0.14860839 0.03838329
 0.06121629 0.05159135 0.05533978 0.01520098 0.05159135 0.05505184
 0.02609901 0.05505184 0.03280825 0.10293905 0.02609901 0.03680514
 0.01520098]
[0.04988352 0.07525029 0.05827495 0.0649473  0.12960932 0.03809684
 0.0649473  0.04650193 0.0450212  0.01326586 0.04650193 0.04870129
 0.0451126  0.04870129 0.02981123 0.10442033 0.04511262 0.03257431
 0.01326586]
[0.03312209 0.06669311 0.06698193 0.06121629 0.14860839 0.03838329
 0.06121629 0.05159135 0.05533978 0.01520098 0.05159135 0.05505184
 0.02609901 0.05505184 0.03280825 0.10293905 0.02609901 0.03680514
 0.01520098]
[0.04603408 0.07058044 0.06694701 0.05499501 0.11899188 0.03837037
 0.05499501 0.05233657 0.05804233 0.01966199 0.05233657 0.06039464
 0.03805047 0.06039464 0.03692751 0.07646332 0.03805047 0.03676571
 0.01966199]
[0.03695935 0.07163614 0.07051095 0.0582502  0.12559804 0.03270274
 0.0582502  0.0495407  0.05214889 0.01463047 0.0495407  0.04360405
 0.03455378 0.04360405 0.03148769 0.1427966  0.03455378 0.03500118
 0.01463047]
[0.04988353 0.07525028 0.05827495 0.06494731 0.1296093  0.03809684
 0.06494731 0.04650193 0.0450212  0.01326586 0.04650193 0.04870129
 0.04511262 0.04870129 0.02981123 0.10442036 0.04511262 0.03257432
 0.01326586]
[0.03573612 0.06457971 0.05604443 0.06706952 0.16484244 0.03649444
 0.06706952 0.05331976 0.04754033 0.01579954 0.05331976 0.04844292
 0.0272762  0.04844292 0.0338866  0.09907173 0.0272762  0.0379883
 0.01579953]
[0.03238427 0.06946356 0.06245142 0.07231596 0.12258498 0.03112298
 0.07231596 0.06757466 0.05430637 0.01608786 0.06757466 0.05277913
 0.03144098 0.05277913 0.03488874 0.08577619 0.03144098 0.02662432
 0.01608786]]