151480
Test: public void test12() throws Throwable { BeanMap beanMap0 = new BeanMap(); // Undeclared exception!  beanMap0.logWarn((Exception) null);   }
Code: protected void logWarn(final Exception ex) { // Deliberately do not use LOG4J or Commons Logging to avoid dependencies System.out.println( "WARN: Exception: " + ex ); ex.printStackTrace(); }
[[0.03827262 0.02098118 0.03526537 0.02445128 0.06806395 0.05311016
 0.03526537 0.03526537 0.05006129 0.0223378  0.02895775 0.03526537
 0.04934517 0.03526537 0.03526537 0.04928457 0.01306999 0.03526537
 0.03526537 0.03526537 0.03771963 0.03500029 0.01983456 0.10216463
 0.02431463 0.03526537 0.01037684]
[0.03997425 0.01913438 0.03495283 0.02077594 0.09408239 0.04355167
 0.03495283 0.03495283 0.05537019 0.02056753 0.01852114 0.03495283
 0.0457505  0.03495283 0.03495283 0.03977565 0.00939305 0.03495283
 0.03495283 0.03495283 0.03724942 0.03230947 0.01865754 0.11443602
 0.02805801 0.03495284 0.01286459]
[0.04442423 0.02100329 0.03528364 0.02125188 0.06751977 0.03929188
 0.03528364 0.03528364 0.05773839 0.01937542 0.02841121 0.03528364
 0.06721468 0.03528364 0.03528364 0.0442742  0.01349449 0.03528364
 0.03528364 0.03528364 0.04285978 0.03692989 0.03039262 0.0691373
 0.03084561 0.03528365 0.01299897]
[0.04562317 0.01633549 0.03005518 0.01921399 0.11006308 0.05054054
 0.03005518 0.03005518 0.06373773 0.01509808 0.0251357  0.03005518
 0.06440061 0.03005518 0.03005518 0.04188283 0.01043395 0.03005518
 0.03005518 0.03005518 0.04857615 0.03967306 0.02119912 0.08334244
 0.03334701 0.03005519 0.01084518]
[0.03395756 0.02385295 0.03561818 0.02093876 0.06209125 0.05726028
 0.03561818 0.03561818 0.04062938 0.01625407 0.02712401 0.03561818
 0.07204647 0.03561818 0.03561818 0.0480959  0.01497905 0.03561818
 0.03561818 0.03561818 0.04193922 0.0371203  0.02422636 0.08648657
 0.02471938 0.03561819 0.01209674]
[0.05048352 0.02582816 0.03542376 0.02146354 0.06464298 0.05245755
 0.03542376 0.03542376 0.04428644 0.0287636  0.02888547 0.03542376
 0.05745327 0.03542376 0.03542376 0.03583442 0.01693572 0.03542376
 0.03542376 0.03542376 0.03956096 0.03762502 0.03060705 0.06387021
 0.0294943  0.03542377 0.01757015]
[0.04442423 0.02100329 0.03528364 0.02125188 0.06751977 0.03929188
 0.03528364 0.03528364 0.05773839 0.01937542 0.02841121 0.03528364
 0.06721468 0.03528364 0.03528364 0.0442742  0.01349449 0.03528364
 0.03528364 0.03528364 0.04285978 0.03692989 0.03039262 0.0691373
 0.03084561 0.03528365 0.01299897]
[0.04442423 0.02100329 0.03528364 0.02125188 0.06751977 0.03929188
 0.03528364 0.03528364 0.05773839 0.01937542 0.02841121 0.03528364
 0.06721468 0.03528364 0.03528364 0.0442742  0.01349449 0.03528364
 0.03528364 0.03528364 0.04285978 0.03692989 0.03039262 0.0691373
 0.03084561 0.03528365 0.01299897]
[0.03839317 0.02010739 0.03414416 0.01822155 0.07754792 0.04767871
 0.03414416 0.03414416 0.04593178 0.02552    0.02724168 0.03414416
 0.06520047 0.03414416 0.03414416 0.04711436 0.01166497 0.03414416
 0.03414416 0.03414416 0.04917246 0.03597463 0.0205622  0.09636829
 0.02468814 0.03414416 0.00717075]
[0.04849329 0.0209087  0.03220662 0.02356424 0.0822702  0.05021387
 0.03220662 0.03220662 0.04512664 0.02147043 0.030408   0.03220662
 0.0693015  0.03220662 0.03220662 0.03697924 0.01351615 0.03220662
 0.03220662 0.03220662 0.04365287 0.04160189 0.02457701 0.07932527
 0.0335914  0.03220662 0.01293309]
[0.04617348 0.02465104 0.03124633 0.01756937 0.08080084 0.05792279
 0.03124633 0.03124633 0.05806033 0.02328307 0.02852163 0.03124633
 0.0539547  0.03124633 0.03124633 0.02969601 0.01158043 0.03124633
 0.03124633 0.03124633 0.04262565 0.03307925 0.01932903 0.11076958
 0.03634966 0.03124633 0.01316987]
[0.04442423 0.02100329 0.03528364 0.02125188 0.06751977 0.03929188
 0.03528364 0.03528364 0.05773839 0.01937542 0.02841121 0.03528364
 0.06721468 0.03528364 0.03528364 0.0442742  0.01349449 0.03528364
 0.03528364 0.03528364 0.04285978 0.03692989 0.03039262 0.0691373
 0.03084561 0.03528365 0.01299897]
[0.04283125 0.0168646  0.03204744 0.02454878 0.07201231 0.04696084
 0.03204744 0.03204744 0.04691681 0.02797791 0.03219852 0.03204744
 0.08263608 0.03204744 0.03204744 0.05418742 0.01509401 0.03204744
 0.03204744 0.03204744 0.04715077 0.0318321  0.02360682 0.07698089
 0.02715203 0.03204744 0.01057445]
[0.04442423 0.02100329 0.03528364 0.02125188 0.06751977 0.03929188
 0.03528364 0.03528364 0.05773839 0.01937542 0.02841121 0.03528364
 0.06721468 0.03528364 0.03528364 0.0442742  0.01349449 0.03528364
 0.03528364 0.03528364 0.04285978 0.03692989 0.03039262 0.0691373
 0.03084561 0.03528365 0.01299897]
[0.04442423 0.02100329 0.03528364 0.02125188 0.06751977 0.03929188
 0.03528364 0.03528364 0.05773839 0.01937542 0.02841121 0.03528364
 0.06721468 0.03528364 0.03528364 0.0442742  0.01349449 0.03528364
 0.03528364 0.03528364 0.04285978 0.03692989 0.03039262 0.0691373
 0.03084561 0.03528365 0.01299897]
[0.04414627 0.02183069 0.03420782 0.01879392 0.0883088  0.05033413
 0.03420782 0.03420782 0.05578963 0.02203468 0.0224469  0.03420782
 0.04780757 0.03420782 0.03420782 0.03873394 0.01000367 0.03420782
 0.03420782 0.03420782 0.0363902  0.03353816 0.0217189  0.10268252
 0.02932818 0.03420782 0.01403364]
[0.03503476 0.01916585 0.02988545 0.02461121 0.12341854 0.04582762
 0.02988545 0.02988545 0.0447736  0.01919682 0.02473531 0.02988545
 0.06349808 0.02988545 0.02988545 0.04231319 0.011545   0.02988545
 0.02988545 0.02988545 0.04793341 0.02970369 0.01544665 0.11837278
 0.02604272 0.02988545 0.00952626]
[0.04442423 0.02100329 0.03528364 0.02125188 0.06751977 0.03929188
 0.03528364 0.03528364 0.05773839 0.01937542 0.02841121 0.03528364
 0.06721468 0.03528364 0.03528364 0.0442742  0.01349449 0.03528364
 0.03528364 0.03528364 0.04285978 0.03692989 0.03039262 0.0691373
 0.03084561 0.03528365 0.01299897]
[0.04442423 0.02100329 0.03528364 0.02125188 0.06751977 0.03929188
 0.03528364 0.03528364 0.05773839 0.01937542 0.02841121 0.03528364
 0.06721468 0.03528364 0.03528364 0.0442742  0.01349449 0.03528364
 0.03528364 0.03528364 0.04285978 0.03692989 0.03039262 0.0691373
 0.03084561 0.03528365 0.01299897]
[0.04442423 0.02100329 0.03528364 0.02125188 0.06751977 0.03929188
 0.03528364 0.03528364 0.05773839 0.01937542 0.02841121 0.03528364
 0.06721468 0.03528364 0.03528364 0.0442742  0.01349449 0.03528364
 0.03528364 0.03528364 0.04285978 0.03692989 0.03039262 0.0691373
 0.03084561 0.03528365 0.01299897]
[0.04171915 0.02278444 0.03137174 0.02625145 0.0751126  0.04265982
 0.03137174 0.03137174 0.05507871 0.02294936 0.02308552 0.03137174
 0.05509508 0.03137174 0.03137174 0.0481162  0.01446041 0.03137174
 0.03137174 0.03137174 0.03909216 0.03398134 0.02278567 0.12146667
 0.0307899  0.03137175 0.01085408]
[0.03183763 0.01531107 0.03365249 0.02640902 0.08833517 0.05554279
 0.03365249 0.03365249 0.0480426  0.01854199 0.02171288 0.03365249
 0.07115071 0.03365249 0.03365249 0.05253686 0.01147894 0.03365249
 0.03365249 0.03365249 0.03961608 0.03306312 0.01578566 0.0945086
 0.03123285 0.0336525  0.00836908]
[0.03836093 0.0218577  0.03350741 0.02401262 0.09589067 0.03826934
 0.03350741 0.03350741 0.05623088 0.02780512 0.02715234 0.03350741
 0.04412489 0.03350741 0.03350741 0.04644515 0.0126104  0.03350741
 0.03350741 0.03350741 0.04596139 0.03493979 0.021941   0.08599049
 0.03037432 0.03350741 0.01295893]
[0.03440259 0.02141101 0.04092955 0.02381323 0.04618366 0.03929631
 0.04092955 0.04092955 0.04671728 0.02297971 0.02753416 0.04092955
 0.05331232 0.04092955 0.04092955 0.04296693 0.01658204 0.04092955
 0.04092955 0.04092955 0.03824385 0.0436611  0.02684914 0.0545049
 0.0343793  0.04092956 0.01786695]
[0.03823559 0.017312   0.03324226 0.01848311 0.07999571 0.0575896
 0.03324226 0.03324226 0.05863376 0.02055582 0.02668149 0.03324226
 0.0599435  0.03324226 0.03324226 0.05115657 0.0113581  0.03324226
 0.03324226 0.03324226 0.05181865 0.03884922 0.01634831 0.0853692
 0.02606006 0.03324226 0.00918673]
[0.04442423 0.0210033  0.03528364 0.02125188 0.06751973 0.03929188
 0.03528364 0.03528364 0.05773838 0.01937542 0.02841121 0.03528364
 0.06721468 0.03528364 0.03528364 0.0442742  0.01349449 0.03528364
 0.03528364 0.03528364 0.04285978 0.03692988 0.03039262 0.06913728
 0.03084562 0.03528365 0.01299897]
[0.03669292 0.01780092 0.03282693 0.02358119 0.12315272 0.05528419
 0.03282693 0.03282693 0.04316007 0.02174014 0.02553687 0.03282693
 0.06981715 0.03282693 0.03282693 0.03875686 0.0132649  0.03282693
 0.03282693 0.03282693 0.0382277  0.0398735  0.02051156 0.07084868
 0.02198041 0.03282694 0.0115008 ]]