31055
Test: public void test24() throws Throwable { Vector<String> vector0 = new Vector<String>(); Object[] objectArray0 = new Object[2]; objectArray0[1] = (Object) vector0; CopyOnWriteArrayList<Object> copyOnWriteArrayList0 = ListUtil.newCopyOnWriteArrayList(objectArray0); // Undeclared exception!  ListUtil.sort((List<Object>) copyOnWriteArrayList0, (Comparator<? super Object>) null);   }
Code: public static <T extends Comparable<? super T>> void sort(List<T> list) { Collections.sort(list); }
[[0.05545873 0.15408808 0.05760776 0.03498961 0.07692924 0.07231475
 0.07692924 0.04402424 0.07692925 0.19604248 0.06725773 0.06526334
 0.02216555]
[0.05514928 0.1410206  0.03821354 0.0334232  0.07506701 0.0589648
 0.07506701 0.03498008 0.07506701 0.2208851  0.09081097 0.07626633
 0.02508508]
[0.03667931 0.15683052 0.0566717  0.03654046 0.08398138 0.09282111
 0.08398138 0.02916851 0.08398137 0.17787486 0.06033996 0.08711239
 0.01401705]
[0.05019799 0.12170522 0.04162826 0.03678333 0.08205972 0.07088991
 0.08205972 0.04418625 0.08205971 0.21159418 0.08567499 0.06650214
 0.02465855]
[0.04736309 0.15491322 0.04658961 0.04341779 0.08076432 0.09210339
 0.08076432 0.03916065 0.08076432 0.17144999 0.06561321 0.07411636
 0.02297975]
[0.05294238 0.16356675 0.04631537 0.04420609 0.07715654 0.07570783
 0.07715654 0.03934889 0.07715654 0.17328958 0.06703011 0.08471616
 0.02140722]
[0.04736309 0.15491322 0.04658961 0.04341779 0.08076432 0.09210339
 0.08076432 0.03916065 0.08076432 0.17144999 0.06561321 0.07411636
 0.02297975]
[0.04291112 0.1386332  0.04444934 0.0442756  0.08608963 0.07407732
 0.08608963 0.03554839 0.08608963 0.1964868  0.06604365 0.07884701
 0.02045869]
[0.04736309 0.15491322 0.04658961 0.04341779 0.08076432 0.09210339
 0.08076432 0.03916065 0.08076432 0.17144999 0.06561321 0.07411636
 0.02297975]
[0.0406079  0.14190297 0.0410544  0.0581549  0.07997552 0.07674127
 0.07997552 0.03088421 0.07997553 0.20235407 0.08150327 0.067485
 0.01938541]
[0.05777519 0.1309339  0.05383474 0.04658937 0.07869774 0.08750175
 0.07869774 0.04982564 0.07869774 0.15070042 0.08614258 0.06915313
 0.03145006]
[0.03709601 0.16746214 0.05340427 0.03808722 0.08100145 0.07928145
 0.08100145 0.02946096 0.08100143 0.19921798 0.06734467 0.06766875
 0.01797218]
[0.03953897 0.14848115 0.05842459 0.04066265 0.07664947 0.07049843
 0.07664947 0.03512434 0.07664947 0.18535884 0.08597935 0.0867275
 0.01925583]]