13917
Test: public void test42() throws Throwable { Class<Object> class0 = Object.class; // Undeclared exception!  FieldUtils.writeDeclaredStaticField((Class<?>) class0, (String) null, (Object) class0, true);   }
Code: public static void writeDeclaredStaticField(final Class<?> cls, final String fieldName, final Object value) throws IllegalAccessException { writeDeclaredStaticField(cls, fieldName, value, false); }
[[0.03527917 0.10574393 0.02855614 0.04894152 0.01867554 0.11574271
 0.02833887 0.04527174 0.06792379 0.02833887 0.02723436 0.04192825
 0.08346512 0.04894152 0.04720469 0.04894152 0.06792381 0.03429198
 0.06218918 0.01506728]
[0.03612577 0.09469342 0.02343862 0.04888427 0.01464956 0.11518987
 0.02634984 0.05465356 0.07457688 0.02634984 0.02471664 0.0346102
 0.07449567 0.04888427 0.06220986 0.04888427 0.07457687 0.03292607
 0.06678976 0.01699472]
[0.02592874 0.09801524 0.02353624 0.04901667 0.01122226 0.16777007
 0.02351859 0.03818557 0.07662717 0.02351859 0.01964537 0.03559589
 0.09065743 0.04901667 0.04933741 0.04901667 0.07662719 0.02011854
 0.05780163 0.01484419]
[0.0291498  0.10016473 0.02564327 0.04886847 0.01573493 0.10423376
 0.02776646 0.05395938 0.06913531 0.02776646 0.02256903 0.04682204
 0.09422033 0.04886847 0.04501619 0.04886847 0.0691353  0.03363938
 0.07305338 0.0153848 ]
[0.02792335 0.10593405 0.03016411 0.04567248 0.01441551 0.12813112
 0.02790601 0.04129118 0.06613535 0.02790601 0.02836248 0.04374138
 0.09359512 0.04567248 0.05423572 0.04567248 0.06613535 0.03656156
 0.05488316 0.01566112]
[0.02570852 0.10662971 0.02379641 0.04469333 0.01469853 0.12203339
 0.02318616 0.04782567 0.06400698 0.02318616 0.0251193  0.03895928
 0.10808934 0.04469333 0.06136133 0.04469333 0.06400697 0.03656878
 0.06841473 0.01232875]
[0.03485148 0.10353505 0.02595521 0.05341869 0.0152252  0.11065454
 0.02331696 0.05359685 0.07065414 0.02331696 0.02538666 0.03061088
 0.09099421 0.05341869 0.05956423 0.05341869 0.07065414 0.02490594
 0.06480436 0.01171712]
[0.0353336  0.10625909 0.02527754 0.04983091 0.01459802 0.11532354
 0.02719554 0.040708   0.06954025 0.02719554 0.02462748 0.04062648
 0.09463671 0.04983091 0.05297794 0.04983091 0.06954024 0.03248135
 0.06079033 0.01339566]
[0.02245187 0.12570733 0.01871625 0.04329369 0.01115489 0.15654835
 0.01953436 0.05740306 0.07619515 0.01953436 0.02028084 0.0398758
 0.08475615 0.04329369 0.04598894 0.04329369 0.07619514 0.02039272
 0.06195468 0.01342911]
[0.03485148 0.10353505 0.02595521 0.05341869 0.0152252  0.11065454
 0.02331696 0.05359685 0.07065414 0.02331696 0.02538666 0.03061088
 0.09099421 0.05341869 0.05956423 0.05341869 0.07065414 0.02490594
 0.06480436 0.01171712]
[0.03259061 0.09821047 0.0230715  0.04159582 0.01736476 0.15634368
 0.02365548 0.05195577 0.06093019 0.02365548 0.0225386  0.0312147
 0.10647659 0.04159582 0.07149145 0.04159582 0.06093019 0.02544572
 0.05624712 0.01309031]
[0.03159191 0.10759895 0.02318431 0.04579625 0.0162606  0.12850495
 0.02600295 0.04777637 0.06610304 0.02600295 0.02061139 0.03611037
 0.09658674 0.04579625 0.05564993 0.04579625 0.06610304 0.03210195
 0.06895408 0.01346773]
[0.02430567 0.08914125 0.02390202 0.04127619 0.01305039 0.14024349
 0.02015451 0.04516889 0.07463042 0.02015451 0.02252254 0.04546037
 0.11580363 0.04127619 0.06134155 0.04127619 0.07463044 0.02993243
 0.06390928 0.01182012]
[0.0291498  0.10016473 0.02564327 0.04886847 0.01573493 0.10423376
 0.02776646 0.05395938 0.06913531 0.02776646 0.02256903 0.04682204
 0.09422033 0.04886847 0.04501619 0.04886847 0.0691353  0.03363938
 0.07305338 0.0153848 ]
[0.03568419 0.08409172 0.03115034 0.04668903 0.01742582 0.10449346
 0.03504243 0.05187639 0.08082843 0.03504243 0.02125064 0.03831714
 0.06304714 0.04668903 0.05750478 0.04668903 0.08082844 0.04064294
 0.06245179 0.02025487]
[0.0291498  0.10016473 0.02564327 0.04886847 0.01573493 0.10423376
 0.02776646 0.05395938 0.06913531 0.02776646 0.02256903 0.04682204
 0.09422033 0.04886847 0.04501619 0.04886847 0.0691353  0.03363938
 0.07305338 0.0153848 ]
[0.02245187 0.12570733 0.01871625 0.04329369 0.01115489 0.15654835
 0.01953436 0.05740306 0.07619515 0.01953436 0.02028084 0.0398758
 0.08475615 0.04329369 0.04598894 0.04329369 0.07619514 0.02039272
 0.06195468 0.01342911]
[0.02295739 0.12070954 0.01767769 0.04177098 0.01349008 0.1569999
 0.02476892 0.0445137  0.06031993 0.02476892 0.02221889 0.03431875
 0.10045198 0.04177098 0.06749925 0.04177098 0.06031993 0.0242381
 0.06799667 0.01143744]
[0.03317571 0.07628139 0.02817402 0.05075017 0.02079038 0.11887975
 0.02374417 0.05014145 0.08227116 0.02374417 0.01939447 0.03731549
 0.08631283 0.05075017 0.0539161  0.05075017 0.08227116 0.0294001
 0.06788399 0.01405317]
[0.02574158 0.10788466 0.02382396 0.04823042 0.01531363 0.12205274
 0.02322531 0.04715344 0.06701926 0.02322531 0.02616101 0.03059559
 0.10845054 0.04823042 0.06563103 0.04823042 0.06701927 0.02621998
 0.06164274 0.01414868]]