75348
Test: public void test58() throws Throwable { StringReader stringReader0 = new StringReader(" : "); JSONTokener jSONTokener0 = new JSONTokener(stringReader0); char char0 = jSONTokener0.nextClean(); }
Code: public char nextClean() throws JSONException { for (;;) { char c = this.next(); if (c == 0 || c > ' ') { return c; } } }
[[0.02674532 0.03912451 0.03710439 0.06206279 0.03710439 0.03744415
 0.02525279 0.05004733 0.03744415 0.03912451 0.03976826 0.01694251
 0.03710439 0.07227235 0.02749432 0.04167733 0.02127638 0.0267356
 0.03976826 0.04465312 0.05779363 0.05847143 0.03744415 0.02965439
 0.0221335  0.01178535 0.01178535 0.01178535]
[0.01905186 0.03992116 0.03515811 0.08384814 0.03515811 0.04301593
 0.02135815 0.04334556 0.04301593 0.03992116 0.03120994 0.01879636
 0.03515811 0.07885185 0.01825653 0.04295221 0.01667982 0.0211253
 0.03120994 0.03891964 0.06680164 0.07512605 0.04301593 0.03113487
 0.01576518 0.01040085 0.01040085 0.01040085]
[0.02214652 0.04873841 0.0371332  0.07157926 0.0371332  0.03417088
 0.03033601 0.05257258 0.03417088 0.04873841 0.0272162  0.02360237
 0.0371332  0.05424246 0.03130434 0.04215753 0.02346847 0.02969267
 0.0272162  0.05368439 0.05578322 0.06146687 0.03417088 0.02685495
 0.02024549 0.01168052 0.01168052 0.01168052]
[0.01930125 0.03772199 0.03426716 0.09569335 0.03426716 0.04502406
 0.01973983 0.05148209 0.04502406 0.03772199 0.02694843 0.01696721
 0.03426716 0.08614407 0.02675967 0.03025228 0.01767069 0.02223008
 0.02694843 0.04281755 0.05328758 0.07731767 0.04502406 0.03126935
 0.0151528  0.00890004 0.00890004 0.00890004]
[0.02214652 0.04873841 0.0371332  0.07157926 0.0371332  0.03417088
 0.03033601 0.05257258 0.03417088 0.04873841 0.0272162  0.02360237
 0.0371332  0.05424246 0.03130434 0.04215753 0.02346847 0.02969267
 0.0272162  0.05368439 0.05578322 0.06146687 0.03417088 0.02685495
 0.02024549 0.01168052 0.01168052 0.01168052]
[0.02961931 0.04102372 0.03983853 0.05286866 0.03983853 0.04529913
 0.0297403  0.04137    0.04529913 0.04102372 0.02586393 0.02455312
 0.03983853 0.05131869 0.03721585 0.03222821 0.03376315 0.02554496
 0.02586393 0.04333874 0.04907072 0.05371309 0.04529913 0.03439134
 0.02304721 0.01634281 0.01634281 0.01634281]
[0.02613716 0.05265687 0.03739541 0.06226042 0.03739541 0.04362348
 0.02624094 0.05164427 0.04362348 0.05265687 0.02960832 0.01755831
 0.03739541 0.08023483 0.02551195 0.03756864 0.01810609 0.02576893
 0.02960832 0.03351997 0.05500237 0.06563788 0.04362348 0.02808949
 0.0171065  0.00734175 0.00734175 0.00734175]
[0.02153536 0.0361798  0.0355322  0.07436958 0.0355322  0.04575433
 0.01939817 0.0519804  0.04575433 0.0361798  0.02996979 0.01501084
 0.0355322  0.08384347 0.02510143 0.038013   0.01954401 0.0237735
 0.02996979 0.04603431 0.05199166 0.08129065 0.04575433 0.02826999
 0.01681968 0.00895507 0.00895507 0.00895507]
[0.02961931 0.04102372 0.03983853 0.05286866 0.03983853 0.04529913
 0.0297403  0.04137    0.04529913 0.04102372 0.02586393 0.02455312
 0.03983853 0.05131869 0.03721585 0.03222821 0.03376315 0.02554496
 0.02586393 0.04333874 0.04907072 0.05371309 0.04529913 0.03439134
 0.02304721 0.01634281 0.01634281 0.01634281]
[0.01905186 0.03992116 0.03515811 0.08384814 0.03515811 0.04301593
 0.02135815 0.04334556 0.04301593 0.03992116 0.03120994 0.01879636
 0.03515811 0.07885185 0.01825653 0.04295221 0.01667982 0.0211253
 0.03120994 0.03891964 0.06680164 0.07512605 0.04301593 0.03113487
 0.01576518 0.01040085 0.01040085 0.01040085]
[0.01805235 0.05160129 0.03478389 0.07916325 0.03478389 0.03823723
 0.02397399 0.04121314 0.03823723 0.05160129 0.0341594  0.01537758
 0.03478389 0.07986915 0.02565749 0.03362634 0.01781211 0.02676461
 0.0341594  0.04631543 0.04766086 0.07924318 0.03823723 0.03516855
 0.01649437 0.0076743  0.0076743  0.0076743 ]
[0.03205159 0.03558877 0.04535758 0.04844048 0.04535758 0.03540185
 0.03045635 0.03961949 0.03540185 0.03558877 0.02593712 0.02634462
 0.04535758 0.07079004 0.03503732 0.03638144 0.03048576 0.02433733
 0.02593712 0.04390081 0.05228957 0.05176261 0.03540185 0.03502923
 0.03119437 0.01551631 0.01551631 0.01551631]
[0.02214652 0.04873841 0.0371332  0.07157926 0.0371332  0.03417088
 0.03033601 0.05257258 0.03417088 0.04873841 0.0272162  0.02360237
 0.0371332  0.05424246 0.03130434 0.04215753 0.02346847 0.02969267
 0.0272162  0.05368439 0.05578322 0.06146687 0.03417088 0.02685495
 0.02024549 0.01168052 0.01168052 0.01168052]
[0.01712    0.04555064 0.0405256  0.1010313  0.0405256  0.03393437
 0.02195712 0.0492327  0.03393437 0.04555064 0.02013778 0.01322051
 0.0405256  0.095761   0.02011315 0.03584039 0.01417182 0.03132374
 0.02013778 0.03357366 0.06252246 0.10148966 0.03393437 0.02242109
 0.00962449 0.00528007 0.00528007 0.00528007]
[0.02675433 0.04593721 0.03400861 0.07908564 0.03400861 0.04278527
 0.02145833 0.04213215 0.04278527 0.04593721 0.02784888 0.01838025
 0.03400861 0.0597369  0.03143609 0.03636152 0.02013438 0.02762474
 0.02784888 0.06563272 0.05684224 0.05965373 0.04278527 0.02940957
 0.01711525 0.0100961  0.0100961  0.0100961 ]
[0.01654114 0.03741789 0.02740136 0.0779505  0.02740136 0.04136874
 0.0214009  0.05558799 0.04136874 0.03741789 0.02507804 0.01706113
 0.02740136 0.09129947 0.02125472 0.04118293 0.0159126  0.02705976
 0.02507804 0.04532721 0.06482049 0.1063319  0.04136874 0.02713982
 0.01421686 0.00853681 0.00853681 0.00853681]
[0.02071716 0.04845935 0.03187516 0.08728819 0.03187516 0.0372167
 0.02807517 0.0367944  0.0372167  0.04845935 0.02797063 0.0141216
 0.03187516 0.07426753 0.02296885 0.03882052 0.01975258 0.0258929
 0.02797063 0.05377824 0.06232887 0.08267649 0.0372167  0.03233104
 0.01661193 0.00781299 0.00781299 0.00781299]
[0.0196176  0.04660967 0.04051056 0.06959238 0.04051056 0.04926485
 0.02499348 0.05011482 0.04926485 0.04660967 0.0283848  0.01627769
 0.04051056 0.08733482 0.02866035 0.03327939 0.01905951 0.02261454
 0.0283848  0.03907852 0.04495129 0.06035814 0.04926485 0.02843379
 0.01714402 0.00639149 0.00639149 0.00639149]
[0.01805235 0.05160129 0.03478389 0.07916325 0.03478389 0.03823723
 0.02397399 0.04121314 0.03823723 0.05160129 0.0341594  0.01537758
 0.03478389 0.07986915 0.02565749 0.03362634 0.01781211 0.02676461
 0.0341594  0.04631543 0.04766086 0.07924318 0.03823723 0.03516855
 0.01649437 0.0076743  0.0076743  0.0076743 ]
[0.02781147 0.06011081 0.03688571 0.0751616  0.03688571 0.03677397
 0.01946029 0.04246512 0.03677397 0.06011081 0.02816193 0.01504774
 0.03688571 0.07309662 0.03025628 0.03738982 0.01840376 0.02752283
 0.02816193 0.05545345 0.0518093  0.05262978 0.03677397 0.03073645
 0.01912493 0.008702   0.008702   0.008702  ]
[0.02607958 0.04001778 0.03453985 0.06368467 0.03453985 0.0359597
 0.02780904 0.05106518 0.0359597  0.04001778 0.03270755 0.01680562
 0.03453985 0.06561632 0.02377008 0.03518724 0.02115344 0.02287921
 0.03270755 0.05059414 0.0660318  0.07844867 0.0359597  0.03302442
 0.02213509 0.01292206 0.01292206 0.01292206]
[0.02293434 0.04828614 0.03680135 0.07019106 0.03680135 0.03857967
 0.02479696 0.05461095 0.03857967 0.04828614 0.02772936 0.01420867
 0.03680135 0.09753259 0.03192313 0.03509373 0.02249858 0.02546003
 0.02772936 0.04120958 0.04504239 0.06192102 0.03857967 0.03228098
 0.01639934 0.00857421 0.00857421 0.00857421]
[0.02961931 0.04102372 0.03983853 0.05286866 0.03983853 0.04529913
 0.0297403  0.04137    0.04529913 0.04102372 0.02586393 0.02455312
 0.03983853 0.05131869 0.03721585 0.03222821 0.03376315 0.02554496
 0.02586393 0.04333874 0.04907072 0.05371309 0.04529913 0.03439134
 0.02304721 0.01634281 0.01634281 0.01634281]
[0.01884148 0.03617871 0.03802059 0.07180904 0.03802059 0.03589413
 0.03235438 0.04444413 0.03589413 0.03617871 0.02874146 0.01836301
 0.03802059 0.07831606 0.02805451 0.03701406 0.02065025 0.02146886
 0.02874146 0.044392   0.07409003 0.08488744 0.03589413 0.02751646
 0.0165602  0.00988453 0.00988453 0.00988453]
[0.02273595 0.04394615 0.03896943 0.0634337  0.03896943 0.04116703
 0.02682701 0.05849979 0.04116703 0.04394615 0.03181055 0.01437367
 0.03896943 0.06564423 0.0212239  0.02992122 0.01747188 0.02506749
 0.03181055 0.0412259  0.06664992 0.07708261 0.04116703 0.03188397
 0.01556322 0.01015756 0.01015756 0.01015756]
[0.01905122 0.04822227 0.03627123 0.08051516 0.03627123 0.04524591
 0.02491648 0.0326618  0.04524591 0.04822227 0.03529164 0.01682368
 0.03627123 0.07270819 0.02818474 0.03269874 0.02009316 0.02603621
 0.03529164 0.04503556 0.05176656 0.05037905 0.04524591 0.04053472
 0.01726834 0.00991573 0.00991573 0.00991573]
[0.01905122 0.04822227 0.03627123 0.08051516 0.03627123 0.04524591
 0.02491648 0.0326618  0.04524591 0.04822227 0.03529164 0.01682368
 0.03627123 0.07270819 0.02818474 0.03269874 0.02009316 0.02603621
 0.03529164 0.04503556 0.05176656 0.05037905 0.04524591 0.04053472
 0.01726834 0.00991573 0.00991573 0.00991573]
[0.01905122 0.04822227 0.03627123 0.08051516 0.03627123 0.04524591
 0.02491648 0.0326618  0.04524591 0.04822227 0.03529164 0.01682368
 0.03627123 0.07270819 0.02818474 0.03269874 0.02009316 0.02603621
 0.03529164 0.04503556 0.05176656 0.05037905 0.04524591 0.04053472
 0.01726834 0.00991573 0.00991573 0.00991573]]