29145
Test: public void test47() throws Throwable { LinePath linePath0 = LinePath.empty(); double double0 = linePath0.getSize(); }
Code: public double getSize() { double sum = 0.0; for (final LineConvexSubset element : elements) { sum += element.getSize(); } return sum; }
[[0.03277425 0.05573517 0.07345744 0.05109642 0.05573517 0.10712332
 0.02109436 0.04760532 0.02940983 0.03483387 0.04547345 0.04460501
 0.03334552 0.01584366 0.05109642 0.10712332 0.06045622 0.04547345
 0.01558228 0.03698275 0.01957046 0.01558227]
[0.02858721 0.05996027 0.08471495 0.05700648 0.05996027 0.08878347
 0.02181892 0.04005999 0.02653058 0.03805918 0.04997923 0.04955976
 0.02569092 0.01534851 0.05700648 0.08878347 0.06635464 0.04997923
 0.01447495 0.04551023 0.0173563  0.01447495]
[0.0322306  0.04959536 0.08261185 0.06405167 0.04959536 0.09919751
 0.02282075 0.04880805 0.03592825 0.02537908 0.04346649 0.04545781
 0.03015276 0.01638922 0.06405167 0.09919751 0.06900849 0.04346649
 0.01411415 0.03198883 0.01837396 0.01411415]
[0.03620092 0.04818518 0.07113684 0.06230344 0.04818518 0.08550318
 0.03032308 0.04812518 0.03451213 0.03726086 0.04559629 0.04552009
 0.03021615 0.01721753 0.06230344 0.08550318 0.05810243 0.0455963
 0.02131382 0.04112659 0.02445438 0.02131382]
[0.02858721 0.05996027 0.08471495 0.05700648 0.05996027 0.08878347
 0.02181892 0.04005999 0.02653058 0.03805918 0.04997923 0.04955976
 0.02569092 0.01534851 0.05700648 0.08878347 0.06635464 0.04997923
 0.01447495 0.04551023 0.0173563  0.01447495]
[0.0267324  0.04828614 0.07512315 0.0739039  0.04828614 0.11662358
 0.02400645 0.04455073 0.03192637 0.03181802 0.03710819 0.03975004
 0.01963673 0.01067356 0.0739039  0.11662358 0.06924932 0.03710819
 0.01024283 0.03859498 0.01560898 0.01024283]
[0.03974307 0.04774611 0.06779385 0.04732659 0.04774611 0.0765254
 0.03365386 0.04737006 0.03657073 0.03854621 0.05614576 0.0563223
 0.03472815 0.02027702 0.04732659 0.0765254  0.05564803 0.05614576
 0.02006662 0.04408586 0.0296399  0.02006662]
[0.02883868 0.04036644 0.06727751 0.06980057 0.04036644 0.12432895
 0.02232456 0.05156729 0.02735116 0.02588802 0.03960668 0.0381745
 0.02773329 0.01311898 0.06980057 0.12432895 0.06196753 0.03960668
 0.01576732 0.03949358 0.01652494 0.01576732]
[0.03506166 0.05160382 0.07363173 0.06982569 0.05160382 0.10294773
 0.02338682 0.04849395 0.03190144 0.02830546 0.04696772 0.04361382
 0.02223334 0.01323881 0.06982569 0.10294773 0.05800021 0.04696772
 0.0109259  0.03970578 0.01788528 0.0109259 ]
[0.03068841 0.0549432  0.07091899 0.05516413 0.0549432  0.0884822
 0.02083671 0.04528812 0.03344137 0.03121664 0.0490078  0.05315751
 0.03101834 0.01820992 0.05516413 0.0884822  0.07320495 0.04900779
 0.01395541 0.04868961 0.02022393 0.01395541]
[0.02697049 0.04925207 0.07387777 0.05218424 0.04925207 0.11007579
 0.03099396 0.04414592 0.03398065 0.03558223 0.04330962 0.04307621
 0.02738431 0.01588366 0.05218424 0.11007579 0.07189415 0.04330962
 0.01705723 0.03298346 0.01946935 0.01705723]
[0.03049593 0.05940928 0.07391248 0.05628296 0.05940928 0.09475355
 0.02647411 0.04833005 0.03054755 0.02909954 0.05038897 0.04654978
 0.03097538 0.0167552  0.05628296 0.09475355 0.05381652 0.05038897
 0.0153174  0.04369177 0.0170474  0.0153174 ]
[0.03501531 0.05305842 0.07074909 0.05604227 0.05305842 0.08411464
 0.02725288 0.06139001 0.03510702 0.03709124 0.04232033 0.04323397
 0.02459218 0.01452099 0.05604227 0.08411464 0.07797038 0.04232032
 0.01914943 0.04404467 0.01966212 0.01914943]
[0.03226109 0.0499321  0.07141729 0.05597638 0.0499321  0.09875288
 0.02366438 0.03891592 0.02809436 0.02955985 0.05093619 0.05187666
 0.03139804 0.02035528 0.05597638 0.09875288 0.0698771  0.0509362
 0.01367274 0.04585958 0.01817992 0.01367274]
[0.03620092 0.04818518 0.07113684 0.06230344 0.04818518 0.08550318
 0.03032308 0.04812518 0.03451213 0.03726086 0.04559629 0.04552009
 0.03021615 0.01721753 0.06230344 0.08550318 0.05810243 0.0455963
 0.02131382 0.04112659 0.02445438 0.02131382]
[0.0267324  0.04828614 0.07512315 0.0739039  0.04828614 0.11662358
 0.02400645 0.04455073 0.03192637 0.03181802 0.03710819 0.03975004
 0.01963673 0.01067356 0.0739039  0.11662358 0.06924932 0.03710819
 0.01024283 0.03859498 0.01560898 0.01024283]
[0.03192339 0.0428672  0.06990241 0.06977805 0.0428672  0.09601799
 0.0195803  0.04728401 0.0321666  0.02345062 0.05245171 0.05924626
 0.02570801 0.01370368 0.06977805 0.09601799 0.07939427 0.05245171
 0.0128114  0.03077475 0.01901299 0.0128114 ]
[0.02697049 0.04925207 0.07387777 0.05218424 0.04925207 0.11007579
 0.03099396 0.04414592 0.03398065 0.03558223 0.04330962 0.04307621
 0.02738431 0.01588366 0.05218424 0.11007579 0.07189415 0.04330962
 0.01705723 0.03298346 0.01946935 0.01705723]
[0.02521053 0.05873696 0.05570281 0.06857935 0.05873696 0.08543166
 0.02320838 0.04647346 0.03174219 0.03673677 0.04649049 0.05152041
 0.02455322 0.0125571  0.06857935 0.08543166 0.06173978 0.04649049
 0.01457526 0.05615611 0.02677183 0.01457526]
[0.02357803 0.04741623 0.09370231 0.05258989 0.04741623 0.10429236
 0.0234472  0.05398718 0.03451116 0.02759365 0.04383013 0.04411869
 0.02331955 0.01940424 0.05258989 0.10429236 0.08455856 0.04383013
 0.01408266 0.03311718 0.01423973 0.01408266]
[0.02877894 0.04766247 0.08469914 0.06402504 0.04766247 0.08860548
 0.01873315 0.0477102  0.03225642 0.03567209 0.05005228 0.0535408
 0.02195635 0.01324887 0.06402504 0.08860548 0.08029398 0.05005228
 0.01114848 0.03959539 0.02052723 0.01114848]
[0.02521053 0.05873696 0.0557028  0.06857935 0.05873696 0.08543164
 0.02320838 0.04647346 0.03174219 0.03673678 0.04649049 0.05152043
 0.02455322 0.0125571  0.06857935 0.08543164 0.06173978 0.04649049
 0.01457527 0.05615611 0.02677183 0.01457526]]