35694
Test: public void test80() throws Throwable { IslamicChronology islamicChronology0 = IslamicChronology.getInstance(); MonthDay monthDay0 = new MonthDay((Chronology) islamicChronology0); LocalDate localDate0 = monthDay0.toLocalDate(1); // Undeclared exception!  localDate0.minusMonths(1990);   }
Code: public LocalDate minusMonths(int months) { if (months == 0) { return this; } long instant = getChronology().months().subtract(getLocalMillis(), months); return withLocalMillis(instant); }
[[0.03800313 0.01812175 0.05272203 0.03233216 0.05259528 0.10263152
 0.12331229 0.05939446 0.02178896 0.05259528 0.04206136 0.03354803
 0.01661263 0.06244005 0.0430326  0.02403512 0.05272203 0.06065532
 0.04206136 0.05272203 0.01661262]
[0.03400616 0.01814863 0.0500068  0.02973168 0.06325009 0.09243389
 0.09536128 0.065671   0.01543222 0.06325009 0.05453683 0.02758435
 0.01344496 0.06755155 0.04079437 0.02684435 0.0500068  0.07395626
 0.05453683 0.0500068  0.01344496]
[0.03339291 0.022887   0.05552812 0.03267898 0.05407745 0.08243199
 0.11198233 0.06308444 0.02528417 0.05407745 0.04055976 0.03300255
 0.01829647 0.05824502 0.03891615 0.03613183 0.05552811 0.06951097
 0.04055976 0.05552811 0.01829647]
[0.03976947 0.0187781  0.05070096 0.03000509 0.05311329 0.09562715
 0.11221256 0.06079948 0.02167928 0.05311329 0.04623318 0.03094188
 0.01549195 0.06375699 0.04784721 0.03162111 0.05070097 0.06518199
 0.04623317 0.05070097 0.01549195]
[0.04190582 0.02188061 0.05530966 0.0304417  0.06645406 0.07229541
 0.08112687 0.04505194 0.02825665 0.06645406 0.04834839 0.03506269
 0.02357847 0.06739873 0.03257403 0.03484512 0.05530967 0.06646957
 0.04834839 0.05530967 0.02357847]
[0.02600898 0.0210376  0.05826083 0.01703138 0.05866492 0.14813906
 0.12978752 0.05184093 0.02308741 0.05866492 0.03450671 0.0216964
 0.00882767 0.07015669 0.03610269 0.02069633 0.05826084 0.05563392
 0.03450672 0.05826084 0.00882767]
[0.03268338 0.01703155 0.05197647 0.02975732 0.06246389 0.12767455
 0.12112786 0.05057459 0.02640235 0.06246389 0.03591809 0.02718069
 0.01629528 0.06605659 0.0415787  0.01997659 0.05197648 0.05467192
 0.0359181  0.05197648 0.01629528]
[0.02413977 0.02022831 0.03867253 0.02260759 0.06457244 0.13279542
 0.14871073 0.05931904 0.02725422 0.06457244 0.03989007 0.02765361
 0.01312318 0.06911185 0.03510581 0.02517651 0.03867253 0.05670828
 0.03989007 0.03867253 0.01312318]
[0.03184127 0.03131966 0.05239543 0.03009756 0.05548574 0.10741122
 0.10234822 0.05296666 0.0219981  0.05548574 0.05032624 0.02956688
 0.01917228 0.06376006 0.03386743 0.02479614 0.05239543 0.06287205
 0.05032624 0.05239543 0.01917228]
[0.04190582 0.02188061 0.05530966 0.0304417  0.06645406 0.07229541
 0.08112687 0.04505194 0.02825665 0.06645406 0.04834839 0.03506269
 0.02357847 0.06739873 0.03257403 0.03484512 0.05530967 0.06646957
 0.04834839 0.05530967 0.02357847]
[0.02762927 0.01345446 0.05502487 0.03149489 0.05412701 0.11388076
 0.11921792 0.05333029 0.02229481 0.05412701 0.04009434 0.02517402
 0.01482782 0.07594416 0.04128868 0.02701861 0.05502487 0.06609921
 0.04009434 0.05502487 0.01482782]
[0.04020885 0.02076341 0.05592513 0.03005286 0.0648809  0.09727814
 0.09434488 0.04999275 0.02443045 0.0648809  0.0485     0.02542525
 0.01734866 0.05879483 0.03388655 0.02358226 0.05592515 0.07200524
 0.04849999 0.05592515 0.01734865]
[0.0281352  0.02317058 0.05313987 0.03081016 0.06928119 0.10791677
 0.10043734 0.04849945 0.02039298 0.06928119 0.06057388 0.02631945
 0.01505474 0.04566633 0.02918611 0.02511285 0.05313987 0.06511353
 0.06057388 0.05313987 0.01505474]
[0.02785962 0.01844858 0.05183538 0.03347744 0.06752656 0.10539254
 0.11539144 0.0545193  0.02348338 0.06752656 0.0412026  0.02662124
 0.01601171 0.0572279  0.04209107 0.02133797 0.05183537 0.0691616
 0.0412026  0.05183537 0.01601171]
[0.03815215 0.02410308 0.05541149 0.02977785 0.05330687 0.10540971
 0.09799479 0.06134364 0.0222067  0.05330687 0.04656052 0.03020726
 0.01589516 0.06021259 0.04120502 0.025908   0.05541148 0.06571963
 0.04656053 0.05541148 0.01589516]
[0.04278657 0.01996114 0.06052163 0.03371016 0.04823698 0.09469265
 0.08488593 0.04831351 0.03205726 0.04823698 0.04694706 0.04308623
 0.02094898 0.05281758 0.03178085 0.03544976 0.06052164 0.06662743
 0.04694707 0.06052164 0.02094898]
[0.03339291 0.022887   0.05552812 0.03267898 0.05407745 0.08243199
 0.11198233 0.06308444 0.02528417 0.05407745 0.04055976 0.03300255
 0.01829647 0.05824502 0.03891615 0.03613183 0.05552811 0.06951097
 0.04055976 0.05552811 0.01829647]
[0.03388727 0.01965478 0.07132326 0.03256283 0.0499307  0.09960345
 0.10903818 0.05035213 0.01795771 0.0499307  0.04525959 0.0281156
 0.01453688 0.05800162 0.03197211 0.02079049 0.07132326 0.06463973
 0.04525959 0.07132326 0.01453688]
[0.02762927 0.01345446 0.05502487 0.03149489 0.05412701 0.11388076
 0.11921792 0.05333029 0.02229481 0.05412701 0.04009434 0.02517402
 0.01482782 0.07594416 0.04128868 0.02701861 0.05502487 0.06609921
 0.04009434 0.05502487 0.01482782]
[0.03339291 0.022887   0.05552812 0.03267898 0.05407745 0.08243199
 0.11198233 0.06308444 0.02528417 0.05407745 0.04055976 0.03300255
 0.01829647 0.05824502 0.03891615 0.03613183 0.05552811 0.06951097
 0.04055976 0.05552811 0.01829647]
[0.0281352  0.02317059 0.05313987 0.03081016 0.06928121 0.10791676
 0.10043734 0.04849945 0.02039298 0.06928121 0.06057388 0.02631945
 0.01505474 0.04566634 0.02918611 0.02511286 0.05313987 0.06511354
 0.06057388 0.05313987 0.01505474]]