135212
Test: public void test32() throws Throwable { // Undeclared exception!  Parser.parseXmlFragment((String) null, (String) null);   }
Code: public static List<Node> parseXmlFragment(String fragmentXml, String baseUri) { XmlTreeBuilder treeBuilder = new XmlTreeBuilder(); return treeBuilder.parseFragment(fragmentXml, baseUri, new Parser(treeBuilder)); }
[[0.03667279 0.12289273 0.07625934 0.05088193 0.05088193 0.04600978
 0.07844006 0.0564926  0.08331792 0.05088193 0.02356004 0.01797176
 0.07743049 0.04129769 0.05088193 0.04998668 0.01797176 0.05088194
 0.01728663]
[0.03859543 0.11570874 0.07647114 0.05041451 0.05041451 0.05373432
 0.05950516 0.08355523 0.07246794 0.05041451 0.02507166 0.01725025
 0.07913274 0.03758775 0.05041451 0.0499097  0.01725025 0.05041451
 0.0216872 ]
[0.03001269 0.14491408 0.06879121 0.04836368 0.04836368 0.05812965
 0.07867403 0.05126122 0.06648953 0.04836368 0.02605077 0.0151886
 0.08355049 0.0423359  0.04836368 0.06200349 0.0151886  0.04836369
 0.01559142]
[0.03103385 0.11599103 0.07108536 0.05040149 0.05040149 0.0540245
 0.07420824 0.0569125  0.06747986 0.05040149 0.03499628 0.02426374
 0.08235799 0.03787004 0.05040149 0.05471808 0.02426374 0.05040149
 0.01878731]
[0.03103385 0.11599103 0.07108536 0.05040149 0.05040149 0.0540245
 0.07420824 0.0569125  0.06747986 0.05040149 0.03499628 0.02426374
 0.08235799 0.03787004 0.05040149 0.05471808 0.02426374 0.05040149
 0.01878731]
[0.03890844 0.12661831 0.06900018 0.05318742 0.05318742 0.04349549
 0.07135497 0.06600225 0.07023099 0.05318742 0.02603948 0.01667132
 0.07499322 0.04032874 0.05318742 0.05754021 0.01667132 0.05318742
 0.01620793]
[0.03251209 0.11048049 0.07371119 0.05348243 0.05348243 0.05103835
 0.07917617 0.07516262 0.07173784 0.05348243 0.023656   0.01678326
 0.07623735 0.04196784 0.05348243 0.05005238 0.01678326 0.05348242
 0.01328897]
[0.04191462 0.10514265 0.05850324 0.05105019 0.05105019 0.05551544
 0.0623631  0.07604433 0.06474191 0.05105019 0.03528593 0.02213215
 0.08700375 0.0471071  0.05105019 0.04143056 0.02213215 0.0510502
 0.02543217]
[0.03416767 0.12557274 0.07079951 0.04938673 0.04938673 0.04731726
 0.08032751 0.05648094 0.07852997 0.04938673 0.02399851 0.01627873
 0.07407843 0.0473472  0.04938673 0.06506588 0.01627873 0.04938674
 0.01682324]
[0.03103385 0.11599103 0.07108536 0.05040149 0.05040149 0.0540245
 0.07420824 0.0569125  0.06747986 0.05040149 0.03499628 0.02426374
 0.08235799 0.03787004 0.05040149 0.05471808 0.02426374 0.05040149
 0.01878731]
[0.04160315 0.10678274 0.05100608 0.05878328 0.05878328 0.04899491
 0.06674332 0.04919486 0.05850847 0.05878328 0.03512913 0.01970086
 0.0854942  0.04608341 0.05878328 0.05621932 0.01970086 0.05878329
 0.02092219]
[0.03453412 0.10742147 0.08703022 0.0497896  0.0497896  0.05587877
 0.06022054 0.07009389 0.06485231 0.0497896  0.02699262 0.02158127
 0.07729445 0.04879678 0.0497896  0.05495719 0.02158127 0.04978961
 0.01981709]
[0.03383631 0.11377399 0.09043828 0.04887231 0.04887231 0.05670564
 0.08466452 0.06241477 0.07050849 0.04887231 0.02195523 0.01433727
 0.09026536 0.0393709  0.04887231 0.04897991 0.01433727 0.04887232
 0.01405047]
[0.02636495 0.13090384 0.07610771 0.04980286 0.04980286 0.05221667
 0.07534246 0.0571849  0.07451569 0.04980286 0.02611979 0.01541553
 0.0945178  0.03730983 0.04980286 0.05418573 0.01541553 0.04980288
 0.01538523]
[0.03103385 0.11599103 0.07108536 0.05040149 0.05040149 0.0540245
 0.07420824 0.0569125  0.06747986 0.05040149 0.03499628 0.02426374
 0.08235799 0.03787004 0.05040149 0.05471808 0.02426374 0.05040149
 0.01878731]
[0.03018948 0.14774908 0.05505288 0.05396708 0.05396708 0.05405007
 0.0690435  0.06346779 0.06040087 0.05396708 0.02277445 0.01791628
 0.07998805 0.04333464 0.05396708 0.05183419 0.01791628 0.05396708
 0.01644708]
[0.03453412 0.10742149 0.0870302  0.0497896  0.0497896  0.05587876
 0.06022055 0.07009389 0.06485231 0.0497896  0.02699261 0.02158127
 0.07729443 0.04879679 0.0497896  0.0549572  0.02158126 0.04978961
 0.01981709]
[0.03103386 0.11599103 0.07108535 0.05040149 0.05040149 0.05402449
 0.07420824 0.0569125  0.06747989 0.05040149 0.03499628 0.02426374
 0.08235803 0.03787004 0.05040149 0.05471808 0.02426374 0.05040149
 0.01878732]
[0.02804611 0.13135736 0.06357814 0.05048947 0.05048947 0.05128722
 0.07312438 0.08339701 0.05616155 0.05048947 0.0265904  0.01577945
 0.06901028 0.06452589 0.05048947 0.05151437 0.01577945 0.05048949
 0.01740099]]