10796
Test: public void test54() throws Throwable { Boolean boolean0 = BooleanUtils.toBooleanObject((String) null); }
Code: public static Boolean toBooleanObject(final int value) { return value == 0 ? Boolean.FALSE : Boolean.TRUE; }
[[0.04083289 0.11871568 0.14709423 0.05664399 0.0262097  0.04969122
 0.05253286 0.04470191 0.12991121 0.06495211 0.03266112 0.07437989
 0.04968266 0.03687205 0.05813937 0.0169791 ]
[0.04605433 0.11672646 0.13316147 0.0628166  0.02448667 0.04518541
 0.07461513 0.04313293 0.12898727 0.05959071 0.03890077 0.0753221
 0.04776178 0.03822914 0.04433303 0.02069622]
[0.04224901 0.1216975  0.12791213 0.0580799  0.02062022 0.05394172
 0.06155346 0.05486302 0.11958753 0.06231179 0.03163099 0.08141559
 0.06657884 0.03237977 0.05050998 0.01466847]
[0.03575083 0.12064284 0.12269267 0.06031799 0.0234822  0.05887141
 0.05309196 0.04329698 0.12899885 0.06844448 0.03797306 0.0860666
 0.06123962 0.03341779 0.04741164 0.01830111]
[0.02614414 0.1453512  0.12049212 0.07067464 0.02025352 0.07189699
 0.05102473 0.04121556 0.13550669 0.06984068 0.02381697 0.08248801
 0.05432314 0.02620301 0.0489157  0.0118529 ]
[0.0409053  0.12843165 0.13811053 0.06270115 0.01982474 0.05183212
 0.06163417 0.04780228 0.13786434 0.06154849 0.03300233 0.08520899
 0.04476284 0.0246295  0.04595955 0.01578207]
[0.04985866 0.11159101 0.10446763 0.06874881 0.02464568 0.05746745
 0.07246809 0.05838607 0.10263091 0.05512265 0.0573402  0.06938796
 0.05770711 0.03995965 0.04343861 0.02677948]
[0.02982121 0.12942752 0.15499516 0.06219135 0.01881825 0.05207998
 0.05268766 0.04425907 0.12917334 0.06120256 0.03327173 0.09219346
 0.05151482 0.02647946 0.04716052 0.01472387]
[0.03305706 0.11042264 0.14767452 0.06011514 0.02159421 0.04774251
 0.05175767 0.04973914 0.16089748 0.05676107 0.03038478 0.08908142
 0.05159836 0.02824112 0.04359652 0.01733639]
[0.02548411 0.12419902 0.16351083 0.04603761 0.01728324 0.05868724
 0.05154219 0.04099198 0.16397445 0.06571997 0.02444831 0.08688907
 0.04577107 0.02824017 0.04599832 0.01122238]
[0.03176205 0.11869378 0.16706699 0.05143088 0.01998501 0.04688683
 0.05084424 0.04908437 0.12975705 0.0623051  0.03045316 0.09170761
 0.06334521 0.02619695 0.04929369 0.01118707]
[0.03621195 0.10175902 0.1342476  0.05806737 0.01634054 0.06545796
 0.06996771 0.04798269 0.16080838 0.04545403 0.02492989 0.08847205
 0.05466412 0.03213636 0.04972082 0.01377956]
[0.03955308 0.10840163 0.12454805 0.05297316 0.02810149 0.05524052
 0.08298063 0.04821815 0.10599712 0.0568871  0.03865534 0.08148925
 0.05960815 0.03439434 0.06084682 0.02210514]
[0.04405087 0.11803593 0.14025752 0.05429793 0.02875728 0.0430947
 0.06494554 0.05558792 0.10421655 0.05513215 0.04654403 0.10373704
 0.04919127 0.02958373 0.03969526 0.02287227]
[0.03260264 0.09865431 0.13088083 0.07420273 0.02578284 0.05693844
 0.05541873 0.04625272 0.14380783 0.07212289 0.02832599 0.09438603
 0.04791835 0.0268356  0.05170111 0.0141689 ]
[0.03288345 0.1147297  0.11910988 0.06505245 0.02580707 0.04159758
 0.06396843 0.06588109 0.1517338  0.05523814 0.03379603 0.0921616
 0.05605363 0.02559313 0.04163831 0.01475568]]