15491
Test: public void test603() throws Throwable { Instant instant0 = MockInstant.ofEpochSecond(1L); Date date0 = Date.from(instant0); Date date1 = DateUtils.addMilliseconds(date0, 12); }
Code: public static Date addMilliseconds(final Date date, final int amount) { return add(date, Calendar.MILLISECOND, amount); }
[[0.05252124 0.1461722  0.02418835 0.07285466 0.02418835 0.12177157
 0.04133987 0.03445286 0.08755633 0.0638359  0.05703654 0.07285466
 0.1073505  0.07285467 0.02102227]
[0.05121722 0.13204661 0.01945954 0.06958024 0.01945954 0.12337097
 0.03702146 0.02700572 0.11669984 0.08560638 0.04814829 0.06958023
 0.10766478 0.06958025 0.02355891]
[0.04479559 0.14409634 0.02437454 0.06804562 0.02437454 0.14770536
 0.03603524 0.03140069 0.08280341 0.08460264 0.06603997 0.06804562
 0.09291199 0.06804562 0.01672282]
[0.0422513  0.14412004 0.02331921 0.07101756 0.02331921 0.13146639
 0.03994699 0.02761348 0.12129135 0.06422634 0.05120861 0.07101756
 0.0961588  0.07101758 0.02202556]
[0.04479559 0.14409634 0.02437454 0.06804562 0.02437454 0.14770536
 0.03603524 0.03140069 0.08280341 0.08460264 0.06603997 0.06804562
 0.09291199 0.06804562 0.01672282]
[0.03581248 0.17516927 0.01534399 0.07034542 0.01534399 0.14026546
 0.03728241 0.02274138 0.07826684 0.09310926 0.06798985 0.07034542
 0.09430435 0.07034542 0.01333448]
[0.04855371 0.14302722 0.02289779 0.07701749 0.02289779 0.11750227
 0.03205313 0.0218414  0.09275733 0.07893704 0.07051782 0.07701749
 0.10222577 0.07701749 0.01573628]
[0.03273782 0.1884029  0.01743985 0.08724613 0.01743985 0.12022223
 0.04280435 0.02486406 0.0795899  0.06679063 0.05196077 0.08724615
 0.08084017 0.08724616 0.01516901]
[0.04314199 0.1722219  0.01769237 0.0616884  0.01769237 0.13251553
 0.0449583  0.02659669 0.09000666 0.08022038 0.06300075 0.0616884
 0.11162145 0.0616884  0.01526635]
[0.05418048 0.12339294 0.02742023 0.07344081 0.02742023 0.09173995
 0.05297893 0.02649924 0.10651867 0.0815911  0.06307575 0.07344081
 0.09521088 0.07344081 0.02964929]
[0.03502495 0.15732403 0.01828174 0.07137358 0.01828174 0.1768638
 0.03175964 0.02145585 0.08179235 0.06529987 0.0513956  0.07137358
 0.11034321 0.0713736  0.01805648]
[0.0422513  0.14412004 0.02331921 0.07101756 0.02331921 0.13146639
 0.03994699 0.02761348 0.12129135 0.06422634 0.05120861 0.07101756
 0.0961588  0.07101758 0.02202556]
[0.05280856 0.13955879 0.01850505 0.07068995 0.01850505 0.12352481
 0.04220563 0.02597743 0.10076627 0.08398861 0.06799681 0.07068995
 0.09864685 0.07068995 0.01544628]
[0.0422513  0.14412002 0.02331921 0.07101757 0.02331921 0.13146637
 0.03994699 0.02761349 0.12129136 0.06422634 0.05120862 0.07101757
 0.09615882 0.07101758 0.02202556]
[0.03565193 0.14448923 0.01604255 0.06753361 0.01604255 0.14316256
 0.03183863 0.02721353 0.10378323 0.08665492 0.07642876 0.06753361
 0.09720413 0.06753363 0.01888717]]