146150
Test: public void test13() throws Throwable { Integer integer0 = GenericTypeValidator.formatInt("-1", (Locale) null); }
Code: public static Integer formatInt(String value) { if (value == null) { return null; } try { return Integer.valueOf(value); } catch (NumberFormatException e) { return null; } }
[[0.02718087 0.07733853 0.02896786 0.03770478 0.03361088 0.03400431
 0.07303679 0.02822114 0.04351134 0.014893   0.03400431 0.02963717
 0.0574901  0.01109124 0.05107133 0.03400431 0.02963717 0.03770478
 0.01109124 0.02920156 0.06276646 0.07051683 0.03400431 0.02963717
 0.0574901  0.01109124 0.01109124]
[0.02719347 0.06849589 0.03046679 0.03714421 0.02679414 0.04355572
 0.07390834 0.0326479  0.03526423 0.01424519 0.04355572 0.0254341
 0.06582895 0.01211672 0.04328706 0.04355572 0.0254341  0.03714421
 0.01211672 0.02804218 0.05158153 0.06313492 0.04355572 0.0254341
 0.06582893 0.01211672 0.01211672]
[0.02518211 0.08910859 0.02642606 0.03519437 0.02492949 0.03629981
 0.08456069 0.04000438 0.03683549 0.01394891 0.03629981 0.02869391
 0.06831544 0.00920779 0.03432533 0.03629981 0.02869391 0.03519437
 0.00920779 0.0242458  0.0669358  0.05836556 0.03629981 0.02869391
 0.06831546 0.00920779 0.00920779]
[0.02247662 0.07514471 0.03337855 0.03804435 0.0374743  0.03270284
 0.05455215 0.02899068 0.04315864 0.0158713  0.03270284 0.02720305
 0.07776022 0.01132475 0.0407739  0.03270284 0.02720305 0.03804435
 0.01132475 0.02491693 0.07252248 0.06141116 0.03270284 0.02720305
 0.07776021 0.01132475 0.01132475]
[0.0242373  0.07745399 0.02823652 0.03672808 0.03007975 0.03781696
 0.07029085 0.02916399 0.03622585 0.01145145 0.03781696 0.02861264
 0.06909918 0.00955737 0.0411034  0.03781696 0.02861264 0.03672808
 0.00955737 0.02602957 0.06921011 0.06952748 0.03781696 0.02861264
 0.06909916 0.00955737 0.00955737]
[0.02848356 0.0642623  0.03294247 0.03897053 0.03248958 0.04208319
 0.04954541 0.03384718 0.03133332 0.01914923 0.04208319 0.03326587
 0.06298976 0.01543063 0.03184997 0.04208319 0.03326587 0.03897053
 0.01543063 0.03032341 0.06044814 0.05155189 0.04208319 0.03326587
 0.06298975 0.01543063 0.01543063]
[0.01779862 0.09581043 0.02145014 0.04376489 0.02713244 0.03176744
 0.09824443 0.03259068 0.03854926 0.0069087  0.03176744 0.02309044
 0.07005672 0.00509125 0.03916831 0.03176744 0.02309044 0.04376489
 0.00509125 0.01724164 0.09136191 0.0693942  0.03176744 0.02309044
 0.07005672 0.00509124 0.00509124]
[0.02325398 0.0729849  0.03114878 0.04090486 0.03072674 0.03677686
 0.07318081 0.03472528 0.04006295 0.01315023 0.03677686 0.02913363
 0.06051658 0.00991574 0.04352328 0.03677686 0.02913363 0.04090486
 0.00991574 0.02859381 0.06805974 0.06357533 0.03677686 0.02913363
 0.06051658 0.00991574 0.00991574]
[0.01659776 0.08553247 0.02019304 0.02905821 0.03648107 0.03652364
 0.0921404  0.03747853 0.04225293 0.01088813 0.03652364 0.02689694
 0.06738307 0.00777673 0.04201111 0.03652364 0.02689694 0.02905821
 0.00777673 0.01988037 0.07828802 0.06748137 0.03652364 0.02689694
 0.06738304 0.00777673 0.00777673]
[0.02049611 0.08238755 0.02541789 0.03963795 0.03181133 0.0408401
 0.09450503 0.03255996 0.03979798 0.01330694 0.0408401  0.02471318
 0.06252636 0.00662267 0.04779035 0.0408401  0.02471318 0.03963795
 0.00662267 0.02510636 0.06167077 0.05683051 0.0408401  0.02471318
 0.06252636 0.00662267 0.00662267]
[0.02848356 0.0642623  0.03294247 0.03897053 0.03248958 0.04208319
 0.04954541 0.03384718 0.03133332 0.01914923 0.04208319 0.03326587
 0.06298976 0.01543063 0.03184997 0.04208319 0.03326587 0.03897053
 0.01543063 0.03032341 0.06044814 0.05155189 0.04208319 0.03326587
 0.06298975 0.01543063 0.01543063]
[0.01891736 0.0829466  0.02562956 0.03918661 0.0325338  0.03396545
 0.07996912 0.0319331  0.03847986 0.01141299 0.03396545 0.02798306
 0.07184114 0.00946137 0.03804041 0.03396545 0.02798306 0.03918661
 0.00946137 0.02428261 0.07590313 0.06023946 0.03396545 0.02798306
 0.07184112 0.00946137 0.00946137]
[0.02718477 0.05976519 0.03024959 0.04477014 0.037654   0.03465196
 0.07496002 0.03459965 0.03872875 0.01164707 0.03465196 0.03144646
 0.05102922 0.01115994 0.04473459 0.03465196 0.03144646 0.04477014
 0.01115994 0.03361202 0.06858449 0.0690942  0.03465196 0.03144646
 0.05102921 0.01115994 0.01115994]
[0.01928193 0.07119407 0.02403959 0.03756075 0.02396492 0.04088315
 0.07251133 0.04069571 0.03267705 0.01237321 0.04088315 0.03960609
 0.06494012 0.00921574 0.04492209 0.04088315 0.03960609 0.03756075
 0.00921574 0.0183016  0.06540675 0.05041607 0.04088315 0.03960609
 0.06494012 0.00921574 0.00921574]
[0.02162058 0.08173589 0.02879997 0.03626988 0.03310923 0.03162402
 0.08268267 0.03232205 0.03723191 0.01057953 0.03162402 0.03157266
 0.06790479 0.00875047 0.04232071 0.03162402 0.03157266 0.03626988
 0.00875047 0.02319892 0.07123069 0.07060257 0.03162402 0.03157266
 0.06790479 0.00875047 0.00875047]
[0.02848356 0.0642623  0.03294247 0.03897053 0.03248958 0.04208319
 0.04954541 0.03384718 0.03133332 0.01914923 0.04208319 0.03326587
 0.06298976 0.01543063 0.03184997 0.04208319 0.03326587 0.03897053
 0.01543063 0.03032341 0.06044814 0.05155189 0.04208319 0.03326587
 0.06298975 0.01543063 0.01543063]
[0.01891736 0.0829466  0.02562956 0.03918661 0.0325338  0.03396545
 0.07996912 0.0319331  0.03847986 0.01141299 0.03396545 0.02798306
 0.07184114 0.00946137 0.03804041 0.03396545 0.02798306 0.03918661
 0.00946137 0.02428261 0.07590313 0.06023946 0.03396545 0.02798306
 0.07184112 0.00946137 0.00946137]
[0.02247662 0.07514471 0.03337855 0.03804435 0.0374743  0.03270284
 0.05455215 0.02899068 0.04315864 0.0158713  0.03270284 0.02720305
 0.07776022 0.01132475 0.0407739  0.03270284 0.02720305 0.03804435
 0.01132475 0.02491693 0.07252248 0.06141116 0.03270284 0.02720305
 0.07776021 0.01132475 0.01132475]
[0.01928193 0.07119407 0.02403959 0.03756075 0.02396492 0.04088315
 0.07251133 0.04069571 0.03267705 0.01237321 0.04088315 0.03960609
 0.06494012 0.00921574 0.04492209 0.04088315 0.03960609 0.03756075
 0.00921574 0.0183016  0.06540675 0.05041607 0.04088315 0.03960609
 0.06494012 0.00921574 0.00921574]
[0.01922234 0.08690213 0.02896542 0.03589617 0.03299651 0.03808482
 0.07714972 0.03547109 0.03453127 0.01218464 0.03808482 0.02768881
 0.07077058 0.00850756 0.04355882 0.03808482 0.02768881 0.03589617
 0.00850756 0.02299303 0.06215148 0.06110409 0.03808482 0.02768881
 0.07077056 0.00850756 0.00850756]
[0.02795317 0.0753769  0.03123269 0.04446194 0.03100102 0.03814413
 0.07010752 0.02909959 0.03968042 0.012958   0.03814413 0.03030099
 0.06493749 0.01068082 0.04638259 0.03814413 0.03030099 0.04446194
 0.01068082 0.02496718 0.05129565 0.05494357 0.03814413 0.03030099
 0.06493749 0.01068082 0.01068082]
[0.02468179 0.07356682 0.0271433  0.03728349 0.03262297 0.03442556
 0.09089488 0.02800076 0.03354614 0.01339984 0.03442556 0.03074761
 0.06279809 0.01347229 0.04857864 0.03442556 0.03074761 0.03728349
 0.01347229 0.02535545 0.05547243 0.06273964 0.03442556 0.03074761
 0.06279811 0.01347229 0.01347229]
[0.02848356 0.0642623  0.03294247 0.03897053 0.03248958 0.04208319
 0.04954541 0.03384718 0.03133332 0.01914923 0.04208319 0.03326587
 0.06298976 0.01543063 0.03184997 0.04208319 0.03326587 0.03897053
 0.01543063 0.03032341 0.06044814 0.05155189 0.04208319 0.03326587
 0.06298975 0.01543063 0.01543063]
[0.01891736 0.0829466  0.02562956 0.03918661 0.0325338  0.03396545
 0.07996912 0.0319331  0.03847986 0.01141299 0.03396545 0.02798306
 0.07184114 0.00946137 0.03804041 0.03396545 0.02798306 0.03918661
 0.00946137 0.02428261 0.07590313 0.06023946 0.03396545 0.02798306
 0.07184112 0.00946137 0.00946137]
[0.02718478 0.0597652  0.03024959 0.04477015 0.037654   0.03465195
 0.07496002 0.03459966 0.03872875 0.01164707 0.03465195 0.03144646
 0.05102922 0.01115994 0.04473459 0.03465195 0.03144646 0.04477015
 0.01115994 0.03361203 0.06858449 0.0690942  0.03465195 0.03144646
 0.05102922 0.01115994 0.01115994]
[0.01928194 0.07119406 0.0240396  0.03756076 0.02396493 0.04088316
 0.07251133 0.04069571 0.03267706 0.01237322 0.04088316 0.03960609
 0.06494013 0.00921574 0.0449221  0.04088316 0.03960609 0.03756076
 0.00921574 0.0183016  0.06540676 0.05041607 0.04088316 0.03960609
 0.06494012 0.00921574 0.00921574]
[0.01928194 0.07119406 0.0240396  0.03756076 0.02396493 0.04088316
 0.07251133 0.04069571 0.03267706 0.01237322 0.04088316 0.03960609
 0.06494013 0.00921574 0.0449221  0.04088316 0.03960609 0.03756076
 0.00921574 0.0183016  0.06540676 0.05041607 0.04088316 0.03960609
 0.06494012 0.00921574 0.00921574]]