36234
Test: public void test66() throws Throwable { // Undeclared exception!  Duration.standardSeconds(9223372036854775807L);   }
Code: public static Duration standardSeconds(long seconds) { if (seconds == 0) { return ZERO; } return new Duration(FieldUtils.safeMultiply(seconds, DateTimeConstants.MILLIS_PER_SECOND)); }
[[0.03881957 0.1117948  0.06479768 0.05385049 0.05270186 0.0493318
 0.10438886 0.08923347 0.06192382 0.02119401 0.0493318  0.04242238
 0.07235917 0.01600827 0.04242238 0.01974665 0.05385049 0.03981412
 0.01600827]
[0.04143041 0.10603131 0.05879271 0.05638213 0.05385672 0.0683277
 0.11258969 0.07309831 0.05342062 0.02491915 0.0683277  0.03888483
 0.05760895 0.018867   0.03888483 0.01771852 0.05638213 0.03561028
 0.018867  ]
[0.03712221 0.09664793 0.05543078 0.05966233 0.05379938 0.05663296
 0.12001577 0.07592346 0.06573018 0.03443871 0.05663296 0.0369046
 0.05307827 0.01881554 0.0369046  0.01902252 0.05966234 0.04475993
 0.01881554]
[0.03190799 0.10937464 0.06975095 0.05353901 0.06030627 0.04901835
 0.07809681 0.11338027 0.06077953 0.02337841 0.04901835 0.0386861
 0.06849904 0.01677158 0.0386861  0.02411903 0.05353902 0.04437697
 0.01677158]
[0.03101752 0.09940947 0.06085561 0.04944497 0.05166192 0.06010886
 0.12082057 0.09185187 0.05419746 0.02181375 0.06010886 0.04148532
 0.08432721 0.01289781 0.04148532 0.01815384 0.04944497 0.0380169
 0.01289781]
[0.04127658 0.09457489 0.06101111 0.05561058 0.0617533  0.06291943
 0.07154354 0.07850268 0.04496022 0.02734593 0.06291943 0.04795393
 0.06637478 0.02273469 0.04795393 0.02352924 0.05561059 0.05069056
 0.02273469]
[0.02500026 0.13787316 0.05105402 0.06078522 0.05557124 0.04610024
 0.1385486  0.11108151 0.05360442 0.01841827 0.04610024 0.03252564
 0.07353597 0.00731892 0.03252564 0.00940814 0.06078523 0.03244438
 0.00731892]
[0.04173255 0.10351302 0.0516964  0.05596095 0.05325602 0.05005227
 0.11186592 0.08449599 0.05589081 0.02310068 0.05005227 0.04433179
 0.08087342 0.01612922 0.04433179 0.01620893 0.05596095 0.0444178
 0.01612921]
[0.02289733 0.12081505 0.06878334 0.03952464 0.05161837 0.05218028
 0.12692156 0.11972234 0.05795547 0.02257934 0.05218028 0.03722633
 0.07789204 0.01101234 0.03722633 0.0149195  0.03952465 0.03600855
 0.01101234]
[0.03144337 0.1094008  0.04813098 0.05222644 0.05718392 0.05212751
 0.10592996 0.09953927 0.05323071 0.02110621 0.05212751 0.04944087
 0.06707378 0.01820155 0.04944087 0.01533494 0.05222645 0.04763338
 0.01820155]
[0.04127658 0.09457489 0.06101111 0.05561058 0.0617533  0.06291943
 0.07154354 0.07850268 0.04496022 0.02734593 0.06291943 0.04795393
 0.06637478 0.02273469 0.04795393 0.02352924 0.05561059 0.05069056
 0.02273469]
[0.02606006 0.11553413 0.04499247 0.05358343 0.05082059 0.04760662
 0.1096364  0.1314155  0.05249014 0.01977144 0.04760662 0.03840857
 0.07640675 0.01321612 0.03840857 0.01570277 0.05358344 0.05154016
 0.01321612]
[0.0394307  0.1213607  0.0488071  0.05378374 0.06789391 0.05840338
 0.10043067 0.10494556 0.04372228 0.01607481 0.05840338 0.04174799
 0.06833753 0.01178437 0.04174799 0.0165789  0.05378374 0.04097883
 0.01178437]
[0.02795322 0.10550617 0.05880021 0.05411013 0.06193032 0.06124444
 0.10555389 0.08091807 0.04754031 0.01884045 0.06124444 0.05798847
 0.06377792 0.01369009 0.05798847 0.01561028 0.05411014 0.03950286
 0.01369009]
[0.02606006 0.11553413 0.04499247 0.05358343 0.05082059 0.04760662
 0.1096364  0.1314155  0.05249014 0.01977144 0.04760662 0.03840857
 0.07640675 0.01321612 0.03840857 0.01570277 0.05358344 0.05154016
 0.01321612]
[0.03305959 0.09804951 0.05157345 0.05158988 0.04546236 0.05775247
 0.11360144 0.10129759 0.06270375 0.01880384 0.05775247 0.04645219
 0.06398751 0.01692041 0.04645219 0.02173419 0.05158989 0.04429689
 0.01692041]
[0.03190799 0.10937463 0.06975096 0.05353901 0.06030626 0.04901835
 0.07809681 0.11338028 0.06077953 0.02337841 0.04901835 0.0386861
 0.06849905 0.01677158 0.0386861  0.02411903 0.05353901 0.04437697
 0.01677158]
[0.03423601 0.10068811 0.04789596 0.04958072 0.05099872 0.06799979
 0.1049021  0.09718884 0.05020741 0.01749212 0.06799979 0.04851897
 0.0662512  0.01432922 0.04851897 0.01953875 0.04958072 0.04974339
 0.01432922]
[0.02795322 0.10550616 0.05880023 0.05411012 0.06193032 0.06124445
 0.10555387 0.08091808 0.04754031 0.01884046 0.06124445 0.05798847
 0.0637779  0.01369009 0.05798847 0.01561028 0.05411013 0.03950286
 0.01369009]]