165478
Test: public void test6() throws Throwable { long[] longArray0 = new long[1]; XoRoShiRo128PlusPlus xoRoShiRo128PlusPlus0 = new XoRoShiRo128PlusPlus(longArray0); // Undeclared exception!  xoRoShiRo128PlusPlus0.nextOutput();   }
Code: protected long nextOutput() { throw new UnsupportedOperationException("The PlusPlus algorithm redefines the next() method"); }
[[0.09473184 0.07611477 0.08304061 0.11096421 0.05598137 0.02594805
 0.08304061 0.08304061 0.08304061 0.08304061 0.04295947 0.07916203
 0.07686001 0.02207517]
[0.09991806 0.08923714 0.08160645 0.11544903 0.05098568 0.02526565
 0.08160645 0.08160645 0.08160645 0.08160645 0.0388094  0.07234992
 0.07297336 0.02697955]
[0.10545657 0.08323843 0.08228554 0.08904456 0.05961838 0.03905284
 0.08228554 0.08228554 0.08228554 0.08228554 0.03936506 0.07018676
 0.07301562 0.02959414]
[0.1102497  0.09226818 0.07602806 0.10865801 0.05658227 0.03282722
 0.07602806 0.07602806 0.07602807 0.07602807 0.03808945 0.07016288
 0.07429227 0.03672965]
[0.10901807 0.09012458 0.07561384 0.13603255 0.05722369 0.02522834
 0.07561384 0.07561384 0.07561384 0.07561384 0.03375336 0.07845457
 0.07078291 0.02131276]
[0.10819312 0.10460428 0.07866047 0.10004371 0.05762792 0.03364427
 0.07866047 0.07866047 0.07866047 0.07866047 0.03954078 0.07117604
 0.06315685 0.02871054]
[0.10545657 0.08323843 0.08228554 0.08904456 0.05961838 0.03905284
 0.08228554 0.08228554 0.08228554 0.08228554 0.03936506 0.07018676
 0.07301562 0.02959414]
[0.10545657 0.08323843 0.08228554 0.08904456 0.05961838 0.03905284
 0.08228554 0.08228554 0.08228554 0.08228554 0.03936506 0.07018676
 0.07301562 0.02959414]
[0.10545657 0.08323843 0.08228554 0.08904456 0.05961838 0.03905284
 0.08228554 0.08228554 0.08228554 0.08228554 0.03936506 0.07018676
 0.07301562 0.02959414]
[0.10545657 0.08323843 0.08228554 0.08904456 0.05961838 0.03905284
 0.08228554 0.08228554 0.08228554 0.08228554 0.03936506 0.07018676
 0.07301562 0.02959414]
[0.09844141 0.07810923 0.07922937 0.11219668 0.05606549 0.02894393
 0.07922937 0.07922937 0.07922937 0.07922937 0.04763732 0.08067498
 0.07848558 0.02329849]
[0.08194192 0.0823357  0.07944058 0.11356739 0.05504286 0.02438167
 0.07944058 0.07944058 0.07944058 0.07944058 0.04821014 0.09743243
 0.07584856 0.02403648]
[0.09495409 0.0703491  0.08210444 0.13048054 0.05293474 0.02629933
 0.08210444 0.08210444 0.08210444 0.08210444 0.04234777 0.07118985
 0.08087878 0.02004355]
[0.09019457 0.07069812 0.07913946 0.12475701 0.06215552 0.02445771
 0.07913946 0.07913946 0.07913946 0.07913946 0.04157396 0.08492939
 0.07931246 0.02622402]]