7727
Test: public void test31() throws Throwable { ClassLoader classLoader0 = ClassLoader.getSystemClassLoader(); ClassPathResource classPathResource0 = new ClassPathResource("Pkt/la)\"x", classLoader0); // Undeclared exception!  classPathResource0.createRelative((String) null);   }
Code: public Resource createRelative(String relativePath) throws IOException { throw new FileNotFoundException("Cannot create a relative resource for " + getDescription()); }
[[0.03749319 0.05202747 0.05202747 0.05202747 0.07758674 0.02332762
 0.0653678  0.0368772  0.0178482  0.05202747 0.2321938  0.04793923
 0.01868714 0.05202747 0.03160726 0.04883794 0.03073041 0.05202749
 0.01933868]
[0.03159052 0.050492   0.050492   0.050492   0.10414882 0.02504613
 0.06243105 0.03756622 0.02509116 0.050492   0.16884142 0.06790534
 0.01860633 0.050492   0.03943494 0.05101741 0.04503905 0.05049201
 0.02032953]
[0.03159052 0.050492   0.050492   0.050492   0.10414882 0.02504613
 0.06243105 0.03756622 0.02509116 0.050492   0.16884142 0.06790534
 0.01860633 0.050492   0.03943494 0.05101741 0.04503905 0.05049201
 0.02032953]
[0.03159052 0.050492   0.050492   0.050492   0.10414882 0.02504613
 0.06243105 0.03756622 0.02509116 0.050492   0.16884142 0.06790534
 0.01860633 0.050492   0.03943494 0.05101741 0.04503905 0.05049201
 0.02032953]
[0.02827222 0.0397086  0.0397086  0.0397086  0.11389138 0.02262048
 0.09190887 0.03472811 0.01497728 0.0397086  0.26509243 0.06242963
 0.01457729 0.0397086  0.02360781 0.04585558 0.02732688 0.03970861
 0.01646043]
[0.03160173 0.0591751  0.0591751  0.0591751  0.11816327 0.02126007
 0.07102559 0.034021   0.01729252 0.0591751  0.17015079 0.04883719
 0.01783061 0.0591751  0.02841724 0.04666204 0.02571919 0.05917511
 0.01396806]
[0.04450666 0.05347933 0.05347933 0.05347933 0.07628192 0.0316935
 0.08237892 0.04117368 0.02326436 0.05347933 0.12116557 0.06207563
 0.02459237 0.05347933 0.04090016 0.05672264 0.04704858 0.05347934
 0.02731998]
[0.0309113  0.046724   0.046724   0.046724   0.09542484 0.02271745
 0.10521893 0.03806238 0.01584038 0.046724   0.2054944  0.06919137
 0.01743191 0.046724   0.03046576 0.0451377  0.02846407 0.04672401
 0.01529553]
[0.03505243 0.0477985  0.0477985  0.0477985  0.10028835 0.02753445
 0.07766613 0.03600219 0.02115581 0.0477985  0.2005887  0.062424
 0.01710953 0.0477985  0.02613639 0.05184211 0.03586417 0.04779851
 0.02154468]
[0.03159052 0.050492   0.050492   0.050492   0.10414882 0.02504613
 0.06243105 0.03756622 0.02509116 0.050492   0.16884142 0.06790534
 0.01860633 0.050492   0.03943494 0.05101741 0.04503905 0.05049201
 0.02032953]
[0.03444305 0.04629846 0.04629846 0.04629846 0.11467412 0.02437574
 0.07923172 0.0441536  0.01477069 0.04629846 0.22476362 0.0512619
 0.02016054 0.04629846 0.03226447 0.04229411 0.02704493 0.04629847
 0.01277075]
[0.04737668 0.04803409 0.04803409 0.04803409 0.09333288 0.02892172
 0.08040123 0.039912   0.0256439  0.04803409 0.15102537 0.05678501
 0.01905774 0.04803409 0.04031321 0.06209696 0.04590154 0.0480341
 0.02102724]
[0.0434612  0.0474141  0.0474141  0.0474141  0.09699979 0.03093271
 0.08562407 0.03803795 0.0189719  0.0474141  0.18761483 0.05211635
 0.02643874 0.0474141  0.03623816 0.04304352 0.03530395 0.04741411
 0.02073222]
[0.03159052 0.050492   0.050492   0.050492   0.10414882 0.02504613
 0.06243105 0.03756622 0.02509116 0.050492   0.16884142 0.06790534
 0.01860633 0.050492   0.03943494 0.05101741 0.04503905 0.05049201
 0.02032953]
[0.04121523 0.05143628 0.05143628 0.05143628 0.0980986  0.02508638
 0.09543334 0.04499195 0.01552393 0.05143628 0.18554257 0.05062302
 0.02039291 0.05143628 0.03360395 0.04072465 0.02603012 0.05143629
 0.01411571]
[0.03083145 0.04760915 0.04760915 0.04760915 0.08763983 0.02485473
 0.09981114 0.03373013 0.01773059 0.04760915 0.24747579 0.04883613
 0.01383534 0.04760915 0.02806554 0.04257265 0.02451443 0.04760916
 0.01444729]
[0.03953271 0.05032676 0.05032676 0.05032676 0.09404097 0.03055396
 0.0657616  0.03627225 0.02118162 0.05032676 0.18142526 0.05822115
 0.02679582 0.05032676 0.0341909  0.05257502 0.0356207  0.05032676
 0.02186745]
[0.03159052 0.05049201 0.05049201 0.05049201 0.10414885 0.02504613
 0.06243105 0.03756623 0.02509116 0.05049201 0.1688413  0.06790535
 0.01860633 0.05049201 0.03943495 0.05101741 0.04503906 0.05049202
 0.02032954]
[0.02902325 0.04968489 0.04968489 0.04968489 0.12022756 0.02842698
 0.10110869 0.04525861 0.01640834 0.04968489 0.15644932 0.04332678
 0.01715108 0.04968489 0.03341236 0.05737977 0.03323808 0.0496849
 0.02047982]]