77776
Test: public void test25() throws Throwable { IINC iINC0 = new IINC(); // Undeclared exception!  iINC0.setIndex((-3009));   }
Code: public final void setIndex( final int n ) { if (n < 0) { throw new ClassGenException("Negative index value: " + n); } super.setIndexOnly(n); setWide(); }
[[0.03808174 0.03021122 0.03046654 0.05282667 0.03021122 0.02462469
 0.02592829 0.06438453 0.04808136 0.10237291 0.02571518 0.03000783
 0.0207155  0.04808136 0.03857991 0.01939294 0.05282667 0.03067713
 0.03120262 0.06265903 0.03079456 0.02523367 0.01563557 0.05282667
 0.05282668 0.01563556]
[0.03600313 0.02332281 0.02577053 0.05978913 0.02332281 0.0166847
 0.02383624 0.06832536 0.0543576  0.12268177 0.02464353 0.02379583
 0.01836717 0.0543576  0.03884261 0.0167254  0.05978913 0.03049509
 0.03036198 0.04506972 0.03560062 0.02615445 0.01106227 0.05978913
 0.05978913 0.01106227]
[0.03269917 0.0268737  0.02694758 0.06580799 0.0268737  0.01787897
 0.02208063 0.07197244 0.04967986 0.107656   0.01973628 0.02277879
 0.0193279  0.04967986 0.03684706 0.01465132 0.06580799 0.01933001
 0.02628083 0.06495077 0.02693317 0.02275055 0.01541972 0.06580799
 0.065808   0.01541972]
[0.0328455  0.02992004 0.02734058 0.055909   0.02992004 0.02182858
 0.02922488 0.07020447 0.04605275 0.07928    0.02858345 0.02784562
 0.02276827 0.04605275 0.03868446 0.0244435  0.055909   0.02838871
 0.03093262 0.06330011 0.04411881 0.02246138 0.01608375 0.055909
 0.05590901 0.01608374]
[0.03600313 0.02332281 0.02577053 0.05978913 0.02332281 0.0166847
 0.02383624 0.06832536 0.0543576  0.12268177 0.02464353 0.02379583
 0.01836717 0.0543576  0.03884261 0.0167254  0.05978913 0.03049509
 0.03036198 0.04506972 0.03560062 0.02615445 0.01106227 0.05978913
 0.05978913 0.01106227]
[0.02427249 0.03183816 0.02056366 0.06450804 0.03183816 0.01836403
 0.03008689 0.07787578 0.04993166 0.13973054 0.02113423 0.01984961
 0.01793378 0.04993166 0.03136092 0.01314633 0.06450804 0.02226259
 0.02126873 0.04703779 0.02926497 0.02168959 0.01129305 0.06450804
 0.06450806 0.01129305]
[0.03379019 0.02451797 0.0348026  0.05974141 0.02451797 0.01809489
 0.02859857 0.06027481 0.05378863 0.11343687 0.01904089 0.02347233
 0.01749972 0.05378863 0.03805602 0.01802847 0.05974141 0.02537127
 0.02800908 0.0697839  0.02861081 0.02326788 0.01214143 0.05974141
 0.05974142 0.01214143]
[0.03442046 0.03274345 0.03345315 0.04963188 0.03274345 0.02488808
 0.0237862  0.05343051 0.06464329 0.11431724 0.02239329 0.02624031
 0.02420036 0.06464329 0.02734429 0.01842744 0.04963188 0.02428205
 0.03189072 0.0576246  0.03593607 0.0205497  0.0167573  0.04963188
 0.04963189 0.0167573 ]
[0.03848857 0.03755145 0.03305889 0.05310931 0.03755145 0.0190339
 0.02674441 0.05934655 0.05585586 0.06708129 0.03023269 0.03008534
 0.02495933 0.05585586 0.03489789 0.02234766 0.05310931 0.02185853
 0.03120002 0.05698178 0.03986673 0.02325277 0.02065588 0.05310931
 0.05310933 0.02065588]
[0.02875004 0.01932043 0.02032484 0.07148463 0.01932043 0.01485916
 0.01986438 0.07452384 0.04961164 0.15805769 0.02956693 0.01681639
 0.01993269 0.04961164 0.02641505 0.01068009 0.07148463 0.01677883
 0.02270644 0.05899471 0.02240058 0.01946383 0.00803091 0.07148463
 0.07148465 0.00803091]
[0.0399707  0.03032834 0.0278753  0.05165203 0.03032834 0.01994226
 0.02209457 0.06645693 0.05479832 0.13121913 0.02309601 0.02368751
 0.01755146 0.05479832 0.03321923 0.01728203 0.05165203 0.02521835
 0.02867788 0.06307718 0.03207126 0.0272563  0.01222126 0.05165203
 0.05165204 0.01222125]
[0.03022806 0.03256541 0.02610938 0.04843149 0.03256541 0.02171845
 0.03563236 0.07060979 0.05281144 0.09158196 0.02721197 0.02813177
 0.02691207 0.05281144 0.04778251 0.01920633 0.04843149 0.03045112
 0.02717912 0.0573006  0.03324317 0.02872284 0.01674943 0.04843149
 0.04843149 0.01674943]
[0.03154055 0.03567702 0.0295727  0.05296817 0.03567702 0.01983253
 0.02621169 0.07412081 0.04910522 0.10609135 0.0215701  0.02399627
 0.02043439 0.04910522 0.03498052 0.01567716 0.05296817 0.02489847
 0.0309954  0.07152933 0.02615885 0.02618398 0.01738439 0.05296817
 0.05296817 0.01738439]
[0.03848857 0.03755145 0.03305889 0.05310931 0.03755145 0.0190339
 0.02674441 0.05934655 0.05585586 0.06708129 0.03023269 0.03008534
 0.02495933 0.05585586 0.03489789 0.02234766 0.05310931 0.02185853
 0.03120002 0.05698178 0.03986673 0.02325277 0.02065588 0.05310931
 0.05310933 0.02065588]
[0.03199331 0.0272887  0.02498593 0.05436936 0.0272887  0.02084842
 0.02787349 0.07695165 0.06918344 0.1086368  0.01752649 0.02457484
 0.01901275 0.06918344 0.03749013 0.01780051 0.05436936 0.02175681
 0.0242971  0.06239209 0.02894569 0.01959499 0.01244865 0.05436936
 0.05436937 0.01244865]
[0.0333395  0.02643742 0.02898132 0.05327755 0.02643742 0.02357883
 0.02499914 0.05265377 0.055263   0.11634891 0.01710694 0.02846149
 0.01841747 0.055263   0.03830301 0.02226052 0.05327755 0.02543617
 0.03508317 0.07028951 0.03621149 0.01919688 0.01641037 0.05327755
 0.05327757 0.01641037]
[0.0328455  0.02992004 0.02734058 0.055909   0.02992004 0.02182858
 0.02922488 0.07020447 0.04605275 0.07928    0.02858345 0.02784562
 0.02276827 0.04605275 0.03868446 0.0244435  0.055909   0.02838871
 0.03093262 0.06330011 0.04411881 0.02246138 0.01608375 0.055909
 0.05590901 0.01608374]
[0.0294868  0.03116536 0.02646718 0.05219772 0.03116536 0.02499628
 0.02823126 0.0688642  0.04628599 0.09073    0.01905941 0.0228033
 0.02805229 0.04628599 0.03949977 0.0222173  0.05219772 0.02608654
 0.03435888 0.08164988 0.03207169 0.02970476 0.01601344 0.05219772
 0.05219773 0.01601344]
[0.03449703 0.03103493 0.02895813 0.05220476 0.03103493 0.02215024
 0.02821338 0.06352691 0.05735552 0.13262573 0.01740804 0.02182444
 0.02338931 0.05735552 0.02969371 0.018781   0.05220476 0.02242438
 0.03358538 0.05756124 0.02738791 0.02384047 0.01426636 0.05220476
 0.05220476 0.01426635]
[0.0326723  0.02932899 0.02195305 0.05496963 0.02932899 0.01824824
 0.02541122 0.06614783 0.06244418 0.14314654 0.02270061 0.02412982
 0.02435258 0.06244418 0.02927066 0.01553069 0.05496963 0.02246482
 0.02441531 0.05960482 0.0228787  0.02325269 0.01019759 0.05496963
 0.05496964 0.01019759]
[0.03890511 0.03272689 0.03041541 0.05682708 0.03272689 0.02208231
 0.0269123  0.05800295 0.04583767 0.10038865 0.02681065 0.02608673
 0.02592898 0.04583767 0.03521061 0.01934327 0.05682708 0.02520835
 0.03348383 0.05903335 0.0310737  0.02378668 0.01644485 0.05682708
 0.05682709 0.01644485]
[0.03410908 0.02467615 0.03089037 0.05787363 0.02467615 0.02034033
 0.02622065 0.05351668 0.05792453 0.10748784 0.01654382 0.02293859
 0.02051466 0.05792453 0.03191655 0.01923574 0.05787363 0.02393257
 0.02708856 0.08529922 0.02969465 0.02191926 0.01582776 0.05787363
 0.05787364 0.01582776]
[0.02835926 0.02514408 0.02567926 0.05412661 0.02514408 0.02175109
 0.02527243 0.07023591 0.06657816 0.10806211 0.0180099  0.0240804
 0.01994608 0.06657816 0.03737896 0.01586077 0.05412661 0.02107655
 0.02515759 0.06993275 0.03072888 0.029255   0.0146311  0.05412661
 0.05412662 0.0146311 ]
[0.0328455  0.02992004 0.02734058 0.055909   0.02992004 0.02182858
 0.02922488 0.07020447 0.04605275 0.07928    0.02858345 0.02784562
 0.02276827 0.04605275 0.03868446 0.0244435  0.055909   0.02838871
 0.03093262 0.06330011 0.04411881 0.02246138 0.01608375 0.055909
 0.05590901 0.01608374]
[0.0328455  0.02992004 0.02734058 0.05590899 0.02992004 0.02182858
 0.02922488 0.07020446 0.04605276 0.07928    0.02858345 0.02784562
 0.02276828 0.04605276 0.03868446 0.0244435  0.05590899 0.02838871
 0.03093262 0.06330009 0.04411881 0.02246138 0.01608375 0.05590899
 0.055909   0.01608375]
[0.02835926 0.02514408 0.02567926 0.05412661 0.02514408 0.02175109
 0.02527243 0.0702359  0.06657816 0.1080621  0.0180099  0.0240804
 0.01994608 0.06657816 0.03737896 0.01586078 0.05412661 0.02107655
 0.02515759 0.06993277 0.03072888 0.029255   0.0146311  0.05412661
 0.05412662 0.0146311 ]]