35110
Test: public void test0() throws Throwable { ArrayListWrapper arrayListWrapper0 = null;  arrayListWrapper0 = new ArrayListWrapper((Object) null);   }
Code: public ArrayListWrapper(final Object anArray) { if (!anArray.getClass().isArray()) { throw new IllegalArgumentException(anArray.getClass() + " is not an array"); } this.array = anArray; }
[[0.03695746 0.05127013 0.0285385  0.05127013 0.04985555 0.09967591
 0.05127013 0.04985555 0.03724492 0.01859986 0.05127013 0.02995836
 0.05853248 0.08077433 0.03450108 0.05839656 0.05445201 0.01587272
 0.05127013 0.02329128 0.05127014 0.01587272]
[0.03152891 0.0527974  0.02446514 0.0527974  0.0490195  0.07731618
 0.0527974  0.0490195  0.03722931 0.02388337 0.0527974  0.04304181
 0.05814542 0.09083293 0.02544619 0.0468875  0.05926174 0.01672869
 0.0527974  0.03368075 0.05279741 0.01672868]
[0.03601453 0.04794235 0.0254134  0.04794235 0.07015058 0.11280301
 0.04794235 0.07015058 0.03559471 0.01669477 0.04794235 0.02380443
 0.05757562 0.078845   0.02735426 0.05875676 0.04740027 0.01327566
 0.04794235 0.02523672 0.04794236 0.01327566]
[0.03152891 0.0527974  0.02446514 0.0527974  0.0490195  0.07731618
 0.0527974  0.0490195  0.03722931 0.02388337 0.0527974  0.04304181
 0.05814542 0.09083293 0.02544619 0.0468875  0.05926174 0.01672869
 0.0527974  0.03368075 0.05279741 0.01672868]
[0.04043899 0.05317779 0.02408205 0.05317779 0.06456712 0.06970708
 0.05317779 0.06456712 0.03693714 0.02262804 0.05317779 0.04220047
 0.05683835 0.06156163 0.03708783 0.03608104 0.04491518 0.02283793
 0.0531778  0.03364532 0.0531778  0.02283793]
[0.02616211 0.05945237 0.01998933 0.05945237 0.05718526 0.14832923
 0.05945237 0.05718526 0.02556526 0.01021108 0.05945237 0.02174116
 0.04664506 0.07219362 0.02343972 0.0600678  0.03656417 0.00867277
 0.05945238 0.02066124 0.05945238 0.00867276]
[0.03152891 0.0527974  0.02446514 0.0527974  0.0490195  0.07731618
 0.0527974  0.0490195  0.03722931 0.02388337 0.0527974  0.04304181
 0.05814542 0.09083293 0.02544619 0.0468875  0.05926174 0.01672869
 0.0527974  0.03368075 0.05279741 0.01672868]
[0.04043899 0.05317779 0.02408205 0.05317779 0.06456712 0.06970708
 0.05317779 0.06456712 0.03693714 0.02262804 0.05317779 0.04220047
 0.05683835 0.06156163 0.03708783 0.03608104 0.04491518 0.02283793
 0.0531778  0.03364532 0.0531778  0.02283793]
[0.03022022 0.04998411 0.02105946 0.04998411 0.07441709 0.10414459
 0.04998411 0.07441709 0.03584722 0.01649308 0.04998411 0.02745901
 0.05535578 0.09192246 0.02571868 0.04758072 0.0445279  0.01253092
 0.04998411 0.02587016 0.04998412 0.01253092]
[0.0332383  0.05101422 0.02546912 0.05101422 0.06009935 0.11299568
 0.05101422 0.06009935 0.03709486 0.02161784 0.05101422 0.03553686
 0.06443389 0.05654714 0.02515115 0.04906523 0.05104769 0.01745817
 0.05101423 0.02660186 0.05101424 0.01745817]
[0.03152891 0.0527974  0.02446514 0.0527974  0.0490195  0.07731618
 0.0527974  0.0490195  0.03722931 0.02388337 0.0527974  0.04304181
 0.05814542 0.09083293 0.02544619 0.0468875  0.05926174 0.01672869
 0.0527974  0.03368075 0.05279741 0.01672868]
[0.03764174 0.05255593 0.02868846 0.05255593 0.05062363 0.09885047
 0.05255593 0.05062363 0.03422867 0.01921433 0.05255593 0.03138784
 0.05469266 0.09150475 0.03725036 0.04981397 0.03776886 0.01759758
 0.05255594 0.02717986 0.05255594 0.01759758]
[0.03020046 0.04983958 0.02477322 0.04983958 0.06703455 0.13178459
 0.04983958 0.06703455 0.02844787 0.01505625 0.04983958 0.02181413
 0.05198015 0.09435743 0.02321093 0.05435046 0.04995901 0.01052517
 0.04983958 0.01990863 0.04983959 0.01052517]
[0.0381002  0.04916544 0.02343056 0.04916544 0.05903678 0.09601207
 0.04916544 0.05903678 0.03790066 0.02223844 0.04916544 0.03879841
 0.06058414 0.07434107 0.03294625 0.05946577 0.04418875 0.01550423
 0.04916545 0.02791898 0.04916545 0.01550423]
[0.02809105 0.04809928 0.03192722 0.04809928 0.06166138 0.09505522
 0.04809928 0.06166138 0.03684171 0.01822373 0.04809928 0.0347672
 0.06446134 0.09099947 0.02708008 0.04959781 0.05718819 0.01694203
 0.04809928 0.0199645  0.04809929 0.01694203]
[0.02881764 0.05035997 0.02586761 0.05035997 0.05319355 0.12147282
 0.05035997 0.05319355 0.03381404 0.01558667 0.05035997 0.02775052
 0.06697346 0.08695159 0.03106536 0.06224458 0.04440921 0.01221358
 0.05035998 0.02207242 0.05035998 0.01221358]
[0.03929145 0.05563257 0.02752981 0.05563257 0.05005984 0.10518602
 0.05563257 0.05005984 0.03632107 0.01843496 0.05563257 0.03612203
 0.04927191 0.07900785 0.02365236 0.05343203 0.04663703 0.01258344
 0.05563257 0.02603143 0.05563258 0.01258344]
[0.02626399 0.0490093  0.02682268 0.0490093  0.06811748 0.10149503
 0.0490093  0.06811748 0.03598928 0.01472344 0.0490093  0.02880909
 0.06198635 0.10060282 0.02833129 0.04768888 0.04392239 0.01462862
 0.0490093  0.02381673 0.04900932 0.01462862]
[0.03152891 0.0527974  0.02446514 0.0527974  0.0490195  0.07731618
 0.0527974  0.0490195  0.03722931 0.02388337 0.0527974  0.04304181
 0.05814542 0.09083293 0.02544619 0.0468875  0.05926174 0.01672869
 0.0527974  0.03368075 0.05279741 0.01672868]
[0.04094131 0.05791502 0.02676534 0.05791502 0.04603182 0.0905842
 0.05791502 0.04603182 0.03326509 0.01925442 0.05791502 0.03616019
 0.05630025 0.05943058 0.03938168 0.0316769  0.05277042 0.02001541
 0.05791502 0.03388497 0.05791503 0.02001541]
[0.03152891 0.0527974  0.02446514 0.0527974  0.0490195  0.07731618
 0.0527974  0.0490195  0.03722931 0.02388337 0.0527974  0.04304182
 0.0581454  0.0908329  0.02544619 0.04688749 0.05926173 0.01672869
 0.0527974  0.03368074 0.0527974  0.01672868]
[0.02626398 0.0490093  0.02682269 0.0490093  0.0681175  0.10149502
 0.0490093  0.0681175  0.03598929 0.01472345 0.0490093  0.0288091
 0.06198636 0.10060282 0.02833129 0.04768888 0.04392239 0.01462862
 0.0490093  0.02381673 0.04900931 0.01462862]]