10720
Test: public void test151() throws Throwable { String string0 = ClassUtils.getPackageName("Long"); }
Code: public static String getPackageName(final Object object, final String valueIfNull) { if (object == null) { return valueIfNull; } return getPackageName(object.getClass()); }
[[0.0343437  0.10021817 0.04429168 0.04764228 0.02647934 0.07457276
 0.02738203 0.04429168 0.05581187 0.04439539 0.09242944 0.05380173
 0.05456964 0.01862443 0.04439539 0.03762392 0.06231961 0.01432696
 0.03762392 0.07052916 0.01432695]
[0.03564833 0.09227928 0.05430351 0.04838308 0.02426337 0.0637619
 0.02582443 0.05430351 0.05342089 0.06002106 0.09686854 0.04891588
 0.04577414 0.01870092 0.06002106 0.03354224 0.05622569 0.01648782
 0.03354224 0.06122429 0.01648782]
[0.03437875 0.09899579 0.04021633 0.04925452 0.02413926 0.06875396
 0.02583198 0.04021633 0.06500304 0.04804313 0.1000734  0.06879096
 0.04443932 0.01558504 0.04804313 0.03442928 0.07315756 0.01236771
 0.03442927 0.0614835  0.01236771]
[0.02800838 0.0964532  0.05176941 0.04691833 0.02171855 0.07092586
 0.02673843 0.05176941 0.07337151 0.04345589 0.06866031 0.0633611
 0.0532707  0.01992728 0.04345589 0.03396942 0.0840648  0.01483662
 0.03396941 0.05851897 0.01483661]
[0.03089977 0.08978014 0.05243407 0.04089002 0.02174173 0.06448471
 0.02210471 0.05243407 0.0582114  0.06127871 0.0963169  0.06417522
 0.05204211 0.01486699 0.06127871 0.03785076 0.06639794 0.0115369
 0.03785076 0.05188747 0.0115369 ]
[0.03032728 0.08748297 0.06436944 0.04862788 0.02341844 0.07057573
 0.02950529 0.06436944 0.04789907 0.05226577 0.08163287 0.05905322
 0.04722264 0.02155355 0.05226577 0.03762911 0.05889919 0.01507928
 0.03762911 0.05511466 0.01507928]
[0.03192265 0.09389194 0.05115706 0.05094541 0.02365028 0.07894359
 0.02102275 0.05115706 0.0449617  0.05141789 0.1074563  0.04478621
 0.04765011 0.01461051 0.05141789 0.04635024 0.06885644 0.0102763
 0.04635024 0.05289913 0.0102763 ]
[0.03437875 0.09899579 0.04021633 0.04925452 0.02413926 0.06875396
 0.02583198 0.04021633 0.06500304 0.04804313 0.1000734  0.06879096
 0.04443932 0.01558504 0.04804313 0.03442928 0.07315756 0.01236771
 0.03442927 0.0614835  0.01236771]
[0.02597598 0.09160504 0.05546325 0.04348104 0.01896531 0.06345841
 0.02470436 0.05546325 0.06905961 0.04831372 0.10374179 0.06455906
 0.05172259 0.01418122 0.04831372 0.03683022 0.06555036 0.01154946
 0.03683022 0.05868195 0.01154946]
[0.03678188 0.08551417 0.0544628  0.04881828 0.02190391 0.06169652
 0.03605868 0.0544628  0.05281736 0.05771985 0.06353571 0.05512699
 0.03968363 0.02406509 0.05771985 0.04251624 0.06953951 0.02057795
 0.04251624 0.05390457 0.02057795]
[0.02185602 0.12514625 0.05165325 0.05217788 0.01689925 0.07057315
 0.01577944 0.05165325 0.05879081 0.04237245 0.1218972  0.06018805
 0.04610338 0.00842334 0.04237245 0.02856427 0.08898605 0.0066331
 0.02856427 0.054733   0.0066331 ]
[0.02808001 0.09130536 0.04520697 0.0497467  0.02058789 0.07283919
 0.01917104 0.04520697 0.05340533 0.06412426 0.10369912 0.05643465
 0.03857113 0.01616489 0.06412426 0.04016594 0.07573622 0.01008665
 0.04016595 0.05509081 0.01008665]
[0.01958008 0.10813711 0.05480282 0.03283594 0.02071587 0.06137002
 0.01771232 0.05480282 0.05680141 0.04769162 0.10820839 0.06369577
 0.04898705 0.0127681  0.04769162 0.03203995 0.09955071 0.009903
 0.03203995 0.06076244 0.009903  ]
[0.02561009 0.10555331 0.04207989 0.04865616 0.02283766 0.06699272
 0.02106966 0.04207989 0.05323981 0.05287541 0.11757526 0.06815726
 0.04924482 0.01641461 0.05287541 0.03093984 0.07374106 0.00844928
 0.03093984 0.06221876 0.00844928]
[0.03678188 0.08551417 0.0544628  0.04881828 0.02190391 0.06169652
 0.03605868 0.0544628  0.05281736 0.05771985 0.06353571 0.05512699
 0.03968363 0.02406509 0.05771985 0.04251624 0.06953951 0.02057795
 0.04251624 0.05390457 0.02057795]
[0.0230186  0.10423302 0.05297039 0.04664342 0.02163559 0.079674
 0.02094386 0.05297039 0.0533094  0.04345524 0.09593444 0.06254295
 0.04547185 0.01370206 0.04345524 0.03368486 0.08868694 0.01198736
 0.03368486 0.06000824 0.01198736]
[0.02687358 0.11597656 0.05243438 0.03990132 0.02212766 0.07302088
 0.0232105  0.05243438 0.06527774 0.04502327 0.1064703  0.0536292
 0.05158641 0.01286491 0.04502327 0.03639541 0.0774567  0.0078178
 0.03639541 0.04826245 0.0078178 ]
[0.02453103 0.09335969 0.04499592 0.04737086 0.02400936 0.07088511
 0.02150376 0.04499592 0.04381317 0.05440947 0.09277681 0.05645098
 0.04177654 0.01566225 0.05440947 0.05108082 0.06928791 0.01212478
 0.05108082 0.07335055 0.01212478]
[0.0230186  0.10423302 0.05297039 0.04664342 0.02163559 0.079674
 0.02094386 0.05297039 0.0533094  0.04345524 0.09593444 0.06254295
 0.04547185 0.01370206 0.04345524 0.03368486 0.08868694 0.01198736
 0.03368486 0.06000824 0.01198736]
[0.02609907 0.09879908 0.05888918 0.04028788 0.02427009 0.04916733
 0.03052179 0.05888918 0.05417396 0.05750916 0.10553689 0.06063058
 0.05035018 0.01516713 0.05750916 0.03792464 0.05745204 0.01242719
 0.03792465 0.05404364 0.01242718]
[0.02453103 0.09335969 0.04499592 0.04737086 0.02400936 0.07088511
 0.02150376 0.04499592 0.04381318 0.05440949 0.09277679 0.05645099
 0.04177653 0.01566225 0.05440949 0.05108082 0.0692879  0.01212478
 0.05108082 0.07335056 0.01212478]]