166387
Test: public void test117() throws Throwable { BigInteger bigInteger0 = BigInteger.TEN; BigInteger bigInteger1 = PropertyConverter.toBigInteger(bigInteger0); }
Code: public static BigInteger toBigInteger(final Object value) throws ConversionException { final Number n = toNumber(value, BigInteger.class); if (n instanceof BigInteger) { return (BigInteger) n; } return BigInteger.valueOf(n.longValue()); }
[[0.0294669  0.08509506 0.04939013 0.04087659 0.0227085  0.03604158
 0.07106486 0.04087659 0.03758071 0.02342646 0.02172472 0.01998484
 0.01843206 0.04087659 0.04087659 0.07925247 0.02010216 0.01360267
 0.04087659 0.03758071 0.03221827 0.04087659 0.05961186 0.01218083
 0.03221828 0.0408766  0.01218083]
[0.03066257 0.08054933 0.03768823 0.04146969 0.020998   0.02932929
 0.06325292 0.04146969 0.05300906 0.02239186 0.02023687 0.01820941
 0.01984286 0.04146969 0.04146969 0.08331154 0.0191291  0.01511932
 0.04146969 0.05300906 0.02894576 0.04146969 0.05614646 0.01446741
 0.02894576 0.0414697  0.01446741]
[0.02575871 0.06824227 0.03123926 0.04307779 0.01720662 0.03391119
 0.08288435 0.04307779 0.05144862 0.0188886  0.01595131 0.0177407
 0.01606044 0.04307779 0.04307779 0.10023556 0.01545978 0.01386694
 0.04307779 0.05144862 0.04082762 0.04307779 0.04433795 0.00605966
 0.04082761 0.0430778  0.00605966]
[0.02503499 0.08539084 0.04278508 0.04208045 0.01928297 0.04062897
 0.08082899 0.04208045 0.03805192 0.0236685  0.01958505 0.02171686
 0.02655814 0.04208045 0.04208045 0.06117183 0.02375777 0.02092938
 0.04208045 0.03805192 0.03034233 0.04208045 0.05120959 0.01304968
 0.03034234 0.04208045 0.01304968]
[0.02815663 0.08132041 0.04242243 0.03747314 0.01986627 0.02951563
 0.09688697 0.03747314 0.05488414 0.02009488 0.01605323 0.01764033
 0.0197339  0.03747314 0.03747314 0.08817402 0.01381114 0.01647867
 0.03747314 0.05488414 0.03450122 0.03747314 0.04799396 0.01038439
 0.03450122 0.03747315 0.01038439]
[0.02758089 0.08985359 0.03956538 0.04125871 0.01789265 0.03342988
 0.08677423 0.04125871 0.04467511 0.02189333 0.01873104 0.01890096
 0.01989844 0.04125871 0.04125871 0.08079711 0.01432406 0.01315352
 0.04125871 0.04467511 0.03292508 0.04125871 0.05092029 0.01113662
 0.03292508 0.04125872 0.01113662]
[0.02125756 0.07450445 0.04414856 0.03812885 0.01960741 0.043705
 0.10636613 0.03812885 0.04862583 0.01719984 0.01819786 0.01636666
 0.01862531 0.03812885 0.03812885 0.0948721  0.0141297  0.01263689
 0.03812885 0.04862583 0.03425882 0.03812885 0.04636075 0.00967527
 0.03425883 0.03812886 0.00967527]
[0.02503499 0.08539084 0.04278508 0.04208045 0.01928297 0.04062897
 0.08082899 0.04208045 0.03805192 0.0236685  0.01958505 0.02171686
 0.02655814 0.04208045 0.04208045 0.06117183 0.02375777 0.02092938
 0.04208045 0.03805192 0.03034233 0.04208045 0.05120959 0.01304968
 0.03034234 0.04208045 0.01304968]
[0.03147878 0.07306287 0.03664181 0.04185251 0.01874583 0.03454608
 0.0559466  0.04185251 0.04923498 0.03085338 0.01803306 0.0212259
 0.02614398 0.04185251 0.04185251 0.05439678 0.02630733 0.0231108
 0.04185251 0.04923498 0.03640769 0.04185251 0.05009465 0.01757962
 0.03640769 0.04185252 0.01757962]
[0.02734341 0.08064593 0.03836994 0.04316121 0.0201639  0.0249224
 0.07328043 0.04316121 0.044784   0.01808614 0.01901973 0.01749407
 0.02120178 0.04316121 0.04316121 0.09173761 0.02053602 0.01545056
 0.04316121 0.044784   0.03972171 0.04316121 0.04278838 0.00890994
 0.03972171 0.04316121 0.00890994]
[0.02810406 0.06711484 0.04081007 0.04062944 0.01914817 0.03450454
 0.09391955 0.04062944 0.04546498 0.02002248 0.01740341 0.01897681
 0.01938713 0.04062944 0.04062944 0.08414431 0.02047808 0.01531582
 0.04062944 0.04546498 0.04003656 0.04062944 0.04422332 0.0105191
 0.04003657 0.04062945 0.0105191 ]
[0.02527646 0.0750203  0.0466025  0.0415828  0.01872944 0.03375565
 0.09701602 0.0415828  0.04394158 0.01830707 0.01835092 0.02023318
 0.01644483 0.0415828  0.0415828  0.08290768 0.01572705 0.01507305
 0.0415828  0.04394158 0.03732464 0.0415828  0.04368226 0.0096308
 0.03732465 0.04158281 0.0096308 ]
[0.03223351 0.0761164  0.03617378 0.04563193 0.02083164 0.03534217
 0.0486297  0.04563193 0.03500123 0.02710303 0.0183069  0.0242964
 0.02632097 0.04563193 0.04563193 0.07107311 0.02277351 0.01843164
 0.04563193 0.03500123 0.03511393 0.04563193 0.05179473 0.01545934
 0.03511393 0.04563195 0.01545934]
[0.02503499 0.08539084 0.04278508 0.04208045 0.01928297 0.04062897
 0.08082899 0.04208045 0.03805192 0.0236685  0.01958505 0.02171686
 0.02655814 0.04208045 0.04208045 0.06117183 0.02375777 0.02092938
 0.04208045 0.03805192 0.03034233 0.04208045 0.05120959 0.01304968
 0.03034234 0.04208045 0.01304968]
[0.02503499 0.08539084 0.04278508 0.04208045 0.01928297 0.04062897
 0.08082899 0.04208045 0.03805192 0.0236685  0.01958505 0.02171686
 0.02655814 0.04208045 0.04208045 0.06117183 0.02375777 0.02092938
 0.04208045 0.03805192 0.03034233 0.04208045 0.05120959 0.01304968
 0.03034234 0.04208045 0.01304968]
[0.01883223 0.10886842 0.03261395 0.04474286 0.01454401 0.02701095
 0.11124396 0.04474286 0.0369752  0.01370537 0.01351514 0.01269583
 0.01451238 0.04474286 0.04474286 0.10520644 0.02218553 0.01224065
 0.04474286 0.0369752  0.02464144 0.04474286 0.04485562 0.00576812
 0.02464144 0.04474287 0.00576812]
[0.02832506 0.08760063 0.04317275 0.03614423 0.02170783 0.03226572
 0.09856796 0.03614423 0.04188877 0.0218613  0.01677673 0.01557024
 0.01816385 0.03614423 0.03614423 0.09246247 0.01764682 0.019179
 0.03614423 0.04188877 0.03907553 0.03614423 0.05348113 0.00914013
 0.03907553 0.03614424 0.00914012]
[0.02411311 0.1106475  0.04520733 0.03818195 0.02025254 0.0428367
 0.08227117 0.03818195 0.03793435 0.02097181 0.02100135 0.01393948
 0.01824285 0.03818195 0.03818195 0.07693227 0.01627003 0.01387682
 0.03818195 0.03793435 0.02987399 0.03818195 0.06803987 0.01125342
 0.02987399 0.03818196 0.01125342]
[0.02503499 0.08539084 0.04278508 0.04208045 0.01928297 0.04062897
 0.08082899 0.04208045 0.03805192 0.0236685  0.01958505 0.02171686
 0.02655814 0.04208045 0.04208045 0.06117183 0.02375777 0.02092938
 0.04208045 0.03805192 0.03034233 0.04208045 0.05120959 0.01304968
 0.03034234 0.04208045 0.01304968]
[0.03147878 0.07306287 0.03664181 0.04185251 0.01874583 0.03454608
 0.0559466  0.04185251 0.04923498 0.03085338 0.01803306 0.0212259
 0.02614398 0.04185251 0.04185251 0.05439678 0.02630733 0.0231108
 0.04185251 0.04923498 0.03640769 0.04185251 0.05009465 0.01757962
 0.03640769 0.04185252 0.01757962]
[0.02075747 0.09152513 0.04462041 0.0428379  0.01945895 0.03539357
 0.08176969 0.0428379  0.03759766 0.01867683 0.01742659 0.01582425
 0.02011163 0.0428379  0.0428379  0.08753593 0.01793689 0.01459706
 0.0428379  0.03759766 0.03064865 0.0428379  0.05709764 0.01045502
 0.03064865 0.04283791 0.01045502]
[0.02503499 0.08539084 0.04278508 0.04208045 0.01928297 0.04062897
 0.08082899 0.04208045 0.03805192 0.0236685  0.01958505 0.02171686
 0.02655814 0.04208045 0.04208045 0.06117183 0.02375777 0.02092938
 0.04208045 0.03805192 0.03034233 0.04208045 0.05120959 0.01304968
 0.03034234 0.04208045 0.01304968]
[0.0278271  0.08247878 0.04609316 0.03836724 0.0227708  0.04660821
 0.06644046 0.03836724 0.0432278  0.02492261 0.02492795 0.02186149
 0.01875547 0.03836724 0.03836724 0.06740756 0.01848985 0.01670696
 0.03836724 0.0432278  0.03703029 0.03836724 0.06268644 0.01146815
 0.03703029 0.03836724 0.01146814]
[0.02109167 0.08590427 0.03383456 0.03988962 0.02119237 0.02534019
 0.08902235 0.03988962 0.05163036 0.01886399 0.01428049 0.01893611
 0.01879266 0.03988962 0.03988962 0.08083301 0.0139538  0.0140705
 0.03988962 0.05163036 0.04532085 0.03988962 0.04828499 0.01123465
 0.04532085 0.03988962 0.01123465]
[0.02075747 0.09152513 0.04462041 0.04283791 0.01945895 0.03539357
 0.08176969 0.04283791 0.03759766 0.01867683 0.01742659 0.01582425
 0.02011163 0.04283791 0.04283791 0.08753592 0.01793689 0.01459706
 0.04283791 0.03759766 0.03064865 0.04283791 0.05709764 0.01045502
 0.03064865 0.04283791 0.01045502]
[0.02503499 0.08539084 0.04278507 0.04208045 0.01928297 0.04062897
 0.08082899 0.04208045 0.03805192 0.0236685  0.01958505 0.02171687
 0.02655814 0.04208045 0.04208045 0.06117183 0.02375778 0.02092938
 0.04208045 0.03805192 0.03034233 0.04208045 0.0512096  0.01304968
 0.03034233 0.04208045 0.01304968]
[0.02109168 0.08590426 0.03383456 0.03988962 0.02119238 0.02534019
 0.08902235 0.03988962 0.05163037 0.01886399 0.01428049 0.01893611
 0.01879266 0.03988962 0.03988962 0.080833   0.01395381 0.0140705
 0.03988962 0.05163037 0.04532085 0.03988962 0.04828499 0.01123466
 0.04532085 0.03988963 0.01123466]]