39860
Test: public void test6() throws Throwable { DurationFieldType durationFieldType0 = DurationFieldType.weekyears(); PreciseDurationField preciseDurationField0 = new PreciseDurationField(durationFieldType0, 60L); long long0 = preciseDurationField0.getValueAsLong((-2394L), 60L); }
Code: public long getValueAsLong(long duration, long instant) { return duration / iUnitMillis; // safe }
[[0.06011406 0.09945573 0.10983517 0.0781584  0.09945573 0.03016813
 0.08115897 0.06628183 0.0449562  0.05439911 0.08339474 0.08339474
 0.08339476 0.02583243]
[0.04435105 0.0931775  0.10800132 0.11217173 0.0931775  0.01755169
 0.10171345 0.065788   0.03697842 0.05135085 0.08376663 0.08376663
 0.08376665 0.02443861]
[0.0527584  0.08099791 0.10789826 0.08812996 0.08099791 0.02421396
 0.11363574 0.07529534 0.03525283 0.05182565 0.08937828 0.08937828
 0.0893783  0.02085916]
[0.0730738  0.10337424 0.09665516 0.09199671 0.10337424 0.02726457
 0.09785369 0.05369329 0.03047976 0.05333501 0.07776265 0.07776265
 0.07776266 0.03561157]
[0.04435105 0.0931775  0.10800132 0.11217173 0.0931775  0.01755169
 0.10171345 0.065788   0.03697842 0.05135085 0.08376663 0.08376663
 0.08376665 0.02443861]
[0.05304846 0.10306541 0.09043798 0.09853015 0.10306541 0.02392458
 0.08289853 0.07072791 0.05661424 0.05280974 0.08022005 0.08022005
 0.08022006 0.02421745]
[0.05845241 0.09464763 0.08556435 0.11746948 0.09464763 0.03142741
 0.09159055 0.06758298 0.04370127 0.04931856 0.07764074 0.07764074
 0.07764075 0.03267553]
[0.04270363 0.11833923 0.1032287  0.09872247 0.11833923 0.02105348
 0.08285318 0.06210775 0.02653826 0.04705763 0.0854395  0.0854395
 0.08543951 0.02273799]
[0.06024053 0.08661244 0.08045851 0.10966832 0.08661244 0.02729381
 0.08600946 0.07318184 0.05145    0.06897439 0.0832146  0.0832146
 0.0832146  0.01985446]
[0.04614919 0.08577976 0.09521664 0.11517306 0.08577976 0.02063025
 0.09632771 0.07611956 0.04020154 0.05797963 0.08792128 0.08792128
 0.08792129 0.01687898]
[0.05142838 0.09126113 0.08847509 0.09964788 0.09126113 0.03160068
 0.08066814 0.062397   0.0548018  0.06300529 0.08599207 0.08599207
 0.08599207 0.02747724]
[0.05142838 0.09126113 0.08847509 0.09964788 0.09126113 0.03160068
 0.08066814 0.062397   0.0548018  0.06300529 0.08599207 0.08599207
 0.08599207 0.02747724]
[0.05142839 0.09126113 0.08847509 0.09964792 0.09126113 0.03160068
 0.08066814 0.062397   0.0548018  0.06300528 0.08599205 0.08599205
 0.08599206 0.02747725]
[0.04459105 0.07232608 0.07978192 0.149956   0.07232608 0.02357354
 0.09713387 0.09234049 0.04066484 0.04631925 0.08641417 0.08641417
 0.08641418 0.02174438]]