167215
Test: public void test5() throws Throwable { VFS.getManager(); VFS.close(); }
Code: public static synchronized void close() { if (instance != null) { instance.close(); instance = null; } }
[[0.04818398 0.12900569 0.09433703 0.03790206 0.05308206 0.05564832
 0.12900169 0.06683546 0.02520756 0.02702687 0.05564832 0.06683546
 0.04200344 0.02976949 0.10221613 0.01864824 0.01864824]
[0.04640339 0.11440691 0.0907141  0.02847031 0.04871443 0.07141434
 0.12613735 0.06369191 0.02836968 0.02428166 0.07141434 0.06369191
 0.04008816 0.02997953 0.11207171 0.0200751  0.0200751 ]
[0.04239251 0.15735932 0.09832851 0.03294428 0.04405051 0.04789513
 0.14116684 0.06511258 0.01942234 0.02810551 0.04789513 0.06511258
 0.03869212 0.03664769 0.10249944 0.01618778 0.01618777]
[0.03834902 0.11803688 0.11956815 0.03092361 0.04558048 0.0551448
 0.12577376 0.07817136 0.02146771 0.01938691 0.0551448  0.07817136
 0.02690442 0.02926089 0.12358962 0.01726311 0.01726311]
[0.04413212 0.11618819 0.11093583 0.030401   0.05464293 0.06669812
 0.12852407 0.06961995 0.01999926 0.01725636 0.06669812 0.06961995
 0.03692382 0.02631867 0.11565945 0.01319105 0.01319105]
[0.04867456 0.10830973 0.07927909 0.04174377 0.05617311 0.06990481
 0.08493079 0.06749173 0.03301315 0.03311812 0.06990481 0.06749173
 0.03920607 0.04014371 0.10865311 0.02598089 0.02598089]
[0.03079709 0.15569828 0.11681123 0.02144336 0.0395212  0.05044258
 0.16830212 0.07783046 0.01036435 0.01203528 0.05044258 0.07783046
 0.02787509 0.02287062 0.12114225 0.0082965  0.00829649]
[0.03976291 0.13000715 0.10564333 0.03286143 0.04375734 0.05503864
 0.09579688 0.06781269 0.02447838 0.02792158 0.05503864 0.06781269
 0.0367937  0.04103263 0.13768207 0.01927999 0.01927999]
[0.03897973 0.17349756 0.10566603 0.02383919 0.0402123  0.06002673
 0.13192122 0.06709425 0.01399771 0.02030831 0.06002673 0.06709425
 0.02745318 0.02962585 0.11536288 0.01244706 0.01244706]
[0.0338654  0.13238919 0.12404621 0.02540546 0.04327587 0.06483556
 0.1568795  0.06674232 0.01791592 0.02229137 0.06483556 0.06674232
 0.03397726 0.02118479 0.10422744 0.01069295 0.01069295]
[0.04867456 0.10830973 0.07927909 0.04174377 0.05617311 0.06990481
 0.08493079 0.06749173 0.03301315 0.03311812 0.06990481 0.06749173
 0.03920607 0.04014371 0.10865311 0.02598089 0.02598089]
[0.03976291 0.13000715 0.10564333 0.03286143 0.04375734 0.05503864
 0.09579688 0.06781269 0.02447838 0.02792158 0.05503864 0.06781269
 0.0367937  0.04103263 0.13768207 0.01927999 0.01927999]
[0.04203885 0.11663524 0.11691871 0.02602047 0.05098391 0.07360765
 0.1065549  0.06340776 0.02530016 0.02309905 0.07360765 0.06340776
 0.04324663 0.02886303 0.10798821 0.01916    0.01916   ]
[0.05137759 0.11688857 0.07617158 0.04102433 0.05552017 0.05370202
 0.11287284 0.07279223 0.04219711 0.03364681 0.05370202 0.07279223
 0.04348397 0.04135261 0.08420053 0.02413772 0.02413772]
[0.04855988 0.10288194 0.10337706 0.03237683 0.05599595 0.05806549
 0.1322788  0.07932784 0.02556125 0.0207125  0.05806549 0.07932784
 0.04425723 0.03092548 0.09025976 0.01901334 0.01901333]
[0.03397157 0.12442994 0.10550208 0.02991047 0.04848106 0.07116673
 0.12756369 0.06632518 0.02300773 0.0218281  0.07116673 0.06632518
 0.03500631 0.02896604 0.11416407 0.01609255 0.01609255]
[0.03397157 0.12442992 0.1055021  0.02991047 0.04848106 0.07116673
 0.12756367 0.06632518 0.02300773 0.0218281  0.07116673 0.06632518
 0.03500631 0.02896604 0.11416408 0.01609255 0.01609255]]