39490
Test: public void test83() throws Throwable { DateTimeZone dateTimeZone0 = DateTimeZone.forOffsetHours(3); BuddhistChronology buddhistChronology0 = BuddhistChronology.getInstance(dateTimeZone0); DateTimeField dateTimeField0 = buddhistChronology0.hourOfHalfday(); OffsetDateTimeField offsetDateTimeField0 = new OffsetDateTimeField(dateTimeField0, 3); offsetDateTimeField0.getLeapDurationField(); long long0 = (-776L); Locale locale0 = Locale.CANADA; offsetDateTimeField0.getAsText((-776L), locale0); // Undeclared exception!  offsetDateTimeField0.convertText("org/joda/time/tz/data", locale0);   }
Code: protected int convertText(String text, Locale locale) { try { return Integer.parseInt(text); } catch (NumberFormatException ex) { throw new IllegalFieldValueException(getType(), text); } }
[[0.07672742 0.02172342 0.0601625  0.05366356 0.02251809 0.02776225
 0.05564123 0.06751796 0.05564123 0.04316147 0.0601625  0.01185019
 0.03481245 0.10113408 0.07489891 0.05564123 0.03596216 0.01653895
 0.06016249 0.04061753 0.01185019 0.01185019]
[0.0742244  0.01974457 0.06895322 0.03654651 0.02047404 0.02642958
 0.05021138 0.06316359 0.05021138 0.0403338  0.06895322 0.01162485
 0.03203724 0.1098412  0.1063722  0.05021138 0.03268263 0.01388532
 0.06895324 0.03189659 0.01162485 0.01162485]
[0.08158338 0.02185355 0.05601363 0.04972214 0.0272184  0.03663783
 0.04693693 0.06032378 0.04693693 0.03988834 0.05601363 0.01633609
 0.03663328 0.10571958 0.08167614 0.04693693 0.03885756 0.02460473
 0.05601363 0.03742132 0.01633609 0.01633609]
[0.05947915 0.01954665 0.06521685 0.05208007 0.02007109 0.03120925
 0.06135473 0.05550345 0.06135473 0.04156054 0.06521685 0.01341676
 0.03271712 0.08563145 0.0990303  0.06135473 0.0320875  0.01623707
 0.06521685 0.03488139 0.01341676 0.01341676]
[0.06332391 0.02002971 0.05495499 0.04663352 0.02217188 0.02543663
 0.05532896 0.06985884 0.05532896 0.05037662 0.05495499 0.01320274
 0.04717296 0.09326809 0.09880237 0.05532896 0.04071669 0.01684649
 0.05495498 0.03490225 0.01320274 0.01320274]
[0.07090604 0.02082642 0.06519113 0.04599628 0.02344199 0.03060376
 0.05179273 0.05994751 0.05179273 0.04298963 0.06519113 0.01279734
 0.04025006 0.09968609 0.09608363 0.05179273 0.02998696 0.01780264
 0.06519113 0.0321354  0.01279734 0.01279734]
[0.08566684 0.01918302 0.05323137 0.04398367 0.02370241 0.03072911
 0.05855049 0.04350691 0.05855049 0.04561928 0.05323137 0.02134361
 0.04159401 0.08284558 0.07642588 0.05855049 0.03557048 0.02247375
 0.05323137 0.04932275 0.02134361 0.02134361]
[0.07992168 0.018836   0.05677235 0.04349327 0.02292468 0.0276324
 0.04834229 0.06624618 0.04834229 0.04908341 0.05677235 0.01347391
 0.03626156 0.11095477 0.09604442 0.04834229 0.04279741 0.020705
 0.05677235 0.02933364 0.01347391 0.01347391]
[0.08566684 0.01918302 0.05323137 0.04398367 0.02370241 0.03072911
 0.05855049 0.04350691 0.05855049 0.04561928 0.05323137 0.02134361
 0.04159401 0.08284558 0.07642588 0.05855049 0.03557048 0.02247375
 0.05323137 0.04932275 0.02134361 0.02134361]
[0.08847846 0.01802815 0.05937952 0.04550501 0.02001205 0.02836206
 0.0482214  0.05856337 0.0482214  0.04199845 0.05937952 0.01355852
 0.03662614 0.11424148 0.09624325 0.0482214  0.03274594 0.01711366
 0.05937952 0.03860363 0.01355852 0.01355852]
[0.08158338 0.02185355 0.05601363 0.04972214 0.0272184  0.03663783
 0.04693693 0.06032378 0.04693693 0.03988834 0.05601363 0.01633609
 0.03663328 0.10571958 0.08167614 0.04693693 0.03885756 0.02460473
 0.05601363 0.03742132 0.01633609 0.01633609]
[0.06982352 0.02209653 0.05562495 0.04003409 0.01809815 0.02678419
 0.05611094 0.06631514 0.05611094 0.05689422 0.05562495 0.01286631
 0.02709712 0.09303567 0.12394348 0.05611094 0.03504418 0.01573068
 0.05562495 0.03129639 0.01286631 0.01286631]
[0.09382177 0.0192572  0.05487831 0.04140357 0.02527648 0.02651365
 0.05970272 0.06631202 0.05970272 0.04260116 0.05487831 0.01326139
 0.03525223 0.09595466 0.087008   0.05970272 0.03309651 0.01859156
 0.05487831 0.03138395 0.01326139 0.01326139]
[0.06419356 0.02176997 0.06369849 0.04399361 0.03083688 0.03484108
 0.05520432 0.06655049 0.05520432 0.04359482 0.06369849 0.01541619
 0.03581669 0.07370442 0.08992353 0.05520432 0.04306792 0.01840983
 0.06369849 0.03034024 0.01541619 0.01541619]
[0.05993128 0.0199241  0.05460166 0.03848642 0.02168751 0.037667
 0.06203644 0.07787335 0.06203644 0.0502321  0.05460166 0.0145437
 0.035089   0.09660101 0.07099391 0.06203644 0.03556842 0.01968967
 0.05460165 0.04271082 0.01454369 0.01454369]
[0.08566684 0.01918302 0.05323137 0.04398367 0.02370241 0.03072911
 0.05855049 0.04350691 0.05855049 0.04561928 0.05323137 0.02134361
 0.04159401 0.08284558 0.07642588 0.05855049 0.03557048 0.02247375
 0.05323137 0.04932275 0.02134361 0.02134361]
[0.08879136 0.0198884  0.05201906 0.04108446 0.02009415 0.0251618
 0.06724671 0.06205929 0.06724671 0.05119    0.05201906 0.01201639
 0.0302631  0.09017555 0.09215503 0.06724671 0.03600408 0.01704352
 0.05201906 0.03224278 0.01201639 0.01201639]
[0.08037265 0.02346335 0.05340109 0.05075517 0.02163493 0.03344551
 0.05720884 0.07347596 0.05720884 0.04737282 0.05340109 0.01688993
 0.03399564 0.07960284 0.0750654  0.05720884 0.03849785 0.02238879
 0.05340109 0.03742953 0.01688993 0.01688993]
[0.08158338 0.02185355 0.05601363 0.04972214 0.0272184  0.03663783
 0.04693693 0.06032378 0.04693693 0.03988834 0.05601363 0.01633609
 0.03663328 0.10571958 0.08167614 0.04693693 0.03885756 0.02460473
 0.05601363 0.03742132 0.01633609 0.01633609]
[0.0904827  0.01865319 0.06129553 0.03844362 0.02643009 0.02674813
 0.05443064 0.06315169 0.05443064 0.04644042 0.06129553 0.01585114
 0.0389505  0.10645212 0.0788717  0.05443064 0.03090996 0.01329496
 0.06129554 0.02643899 0.01585113 0.01585113]
[0.06982352 0.02209653 0.05562495 0.04003409 0.01809815 0.02678419
 0.05611095 0.06631516 0.05611095 0.05689422 0.05562495 0.01286631
 0.02709712 0.09303568 0.12394352 0.05611095 0.03504418 0.01573068
 0.05562495 0.03129639 0.01286631 0.01286631]
[0.06982352 0.02209653 0.05562495 0.04003409 0.01809815 0.02678419
 0.05611095 0.06631516 0.05611095 0.05689422 0.05562495 0.01286631
 0.02709712 0.09303568 0.12394352 0.05611095 0.03504418 0.01573068
 0.05562495 0.03129639 0.01286631 0.01286631]]