7857
Test: public void test1() throws Throwable { LinkedList<InetAddressSet> linkedList0 = new LinkedList<InetAddressSet>(); boolean boolean0 = CollectionUtils.isEmpty(linkedList0); }
Code: public static boolean isEmpty(Collection<?> collection) { return (collection == null || collection.isEmpty()); }
[[0.05408935 0.1574243  0.13729964 0.07503363 0.07503363 0.06968352
 0.05922628 0.07503363 0.08601157 0.06230673 0.05131172 0.07503363
 0.02251235]
[0.05401288 0.14747018 0.16150899 0.07235467 0.07235467 0.09993616
 0.05143812 0.07235467 0.06795727 0.0502332  0.05118485 0.07235467
 0.02683964]
[0.03826869 0.14056319 0.20622502 0.07386392 0.07386392 0.09109862
 0.06163871 0.07386392 0.05828532 0.04588236 0.04533247 0.07386392
 0.01724997]
[0.04416918 0.15569972 0.1636451  0.07336561 0.07336561 0.07198257
 0.05366084 0.07336561 0.08335698 0.04810357 0.0615971  0.07336561
 0.02432252]
[0.04416918 0.15569972 0.1636451  0.07336561 0.07336561 0.07198257
 0.05366084 0.07336561 0.08335698 0.04810357 0.0615971  0.07336561
 0.02432252]
[0.05933423 0.14093933 0.12869526 0.07696897 0.07696897 0.09710467
 0.06806253 0.07696897 0.06309435 0.04810777 0.05281978 0.07696898
 0.03396625]
[0.03680125 0.16966613 0.19394282 0.07362141 0.07362141 0.07141962
 0.05352026 0.07362141 0.07146331 0.04665127 0.04245048 0.07362141
 0.01959926]
[0.04416918 0.15569972 0.1636451  0.07336561 0.07336561 0.07198257
 0.05366084 0.07336561 0.08335698 0.04810357 0.0615971  0.07336561
 0.02432252]
[0.03155875 0.18858647 0.25309792 0.05007284 0.05007284 0.08596534
 0.05225385 0.05007284 0.07726148 0.03806475 0.05551873 0.05007284
 0.01740134]
[0.04888009 0.13838585 0.13174564 0.07448822 0.07448822 0.11326122
 0.07904264 0.07448822 0.07700058 0.04510305 0.05127476 0.07448821
 0.01735337]
[0.0398084  0.15067375 0.14846076 0.08005887 0.08005887 0.10944536
 0.05854144 0.08005887 0.06492382 0.04612936 0.04836174 0.08005884
 0.01341986]
[0.04416918 0.15569972 0.1636451  0.07336561 0.07336561 0.07198257
 0.05366084 0.07336561 0.08335698 0.04810357 0.0615971  0.07336561
 0.02432252]
[0.03878026 0.1627551  0.13541368 0.07262672 0.07262672 0.09906785
 0.08452531 0.07262672 0.06715336 0.04407141 0.0563786  0.07262672
 0.02134758]]