25138
Test: public void test21() throws Throwable { ArrayList<GreatArc> arrayList0 = new ArrayList<GreatArc>(); GreatArcPath greatArcPath0 = GreatArcPath.fromArcs((Collection<GreatArc>) arrayList0); GreatArc greatArc0 = greatArcPath0.getEndArc(); }
Code: public GreatArc getEndArc() { if (!isEmpty()) { return arcs.get(arcs.size() - 1); } return null; }
[[0.04615183 0.06402586 0.06402586 0.06290576 0.12453945 0.06402586
 0.06290576 0.05096079 0.06402586 0.14558063 0.0626873  0.01996314
 0.0509608  0.09727792 0.01996314]
[0.03830487 0.063374   0.063374   0.06381256 0.09500656 0.063374
 0.06381256 0.04657292 0.063374   0.15117618 0.0661347  0.02146493
 0.04657293 0.13218078 0.02146493]
[0.03830487 0.063374   0.063374   0.06381256 0.09500656 0.063374
 0.06381256 0.04657292 0.063374   0.15117618 0.0661347  0.02146493
 0.04657293 0.13218078 0.02146493]
[0.04743716 0.06117972 0.06117972 0.078433   0.08141609 0.06117972
 0.078433   0.05431096 0.06117973 0.13460721 0.07101175 0.02730989
 0.05431098 0.10070112 0.02730989]
[0.02773176 0.06168573 0.06168573 0.0634846  0.15830047 0.06168573
 0.0634846  0.03685071 0.06168573 0.18187305 0.05625109 0.00951826
 0.03685071 0.10939355 0.00951826]
[0.03830487 0.063374   0.063374   0.06381256 0.09500656 0.063374
 0.06381256 0.04657292 0.063374   0.15117618 0.0661347  0.02146493
 0.04657293 0.13218078 0.02146493]
[0.04743716 0.06117972 0.06117972 0.078433   0.08141609 0.06117972
 0.078433   0.05431096 0.06117973 0.13460721 0.07101175 0.02730989
 0.05431098 0.10070112 0.02730989]
[0.0313618  0.06156342 0.06156342 0.06327105 0.12808344 0.06156342
 0.06327105 0.04519648 0.06156342 0.1614672  0.06880939 0.01724002
 0.04519649 0.11260942 0.01724002]
[0.03830487 0.063374   0.063374   0.06381256 0.09500656 0.063374
 0.06381256 0.04657292 0.063374   0.15117618 0.0661347  0.02146493
 0.04657293 0.13218078 0.02146493]
[0.04749491 0.06828854 0.06828854 0.07359818 0.10559727 0.06828854
 0.07359818 0.04819866 0.06828853 0.11106476 0.06782205 0.02224213
 0.04819866 0.10678895 0.02224213]
[0.03546152 0.05179634 0.05179634 0.0662687  0.12434244 0.05179634
 0.0662687  0.05511493 0.05179635 0.17669807 0.06598289 0.01393275
 0.05511494 0.11969693 0.01393275]
[0.03061727 0.05730141 0.05730141 0.07843346 0.11810415 0.05730141
 0.07843346 0.06679653 0.05730141 0.13340059 0.0574028  0.01689058
 0.06679653 0.10702843 0.01689058]
[0.0313618  0.06156342 0.06156342 0.06327104 0.12808341 0.06156342
 0.06327104 0.04519648 0.06156342 0.16146716 0.06880938 0.01724002
 0.04519648 0.11260942 0.01724002]
[0.04313458 0.07185865 0.07185865 0.05986498 0.12100577 0.07185865
 0.05986498 0.05123778 0.07185865 0.13810211 0.0682477  0.01888148
 0.05123779 0.08210668 0.01888148]
[0.03061727 0.0573014  0.0573014  0.07843347 0.11810413 0.0573014
 0.07843347 0.06679653 0.0573014  0.13340059 0.0574028  0.01689059
 0.06679653 0.10702844 0.01689059]]