91386
Test: public void test2() throws Throwable { WeavablePackage weavablePackage0 = new WeavablePackage((Package) null); String string0 = weavablePackage0.toString(); }
Code: public String toString() { if (getTarget() == null) { return "Weavable default package"; } return super.toString(); }
[[0.04518876 0.05743708 0.0568045  0.06435876 0.12222238 0.06269246
 0.0701059  0.0237025  0.06435876 0.05023895 0.06269246 0.10427034
 0.06269246 0.02015168 0.05023895 0.06269246 0.02015168]
[0.04611018 0.05246086 0.06034972 0.07295283 0.13376574 0.06418993
 0.05875477 0.02055261 0.07295283 0.04717609 0.06418993 0.09457489
 0.06418993 0.01820685 0.04717609 0.06418993 0.01820685]
[0.0341274  0.0802328  0.05209669 0.06686095 0.11014441 0.06022837
 0.06073514 0.01560069 0.06686095 0.05172376 0.06022837 0.13440599
 0.06022837 0.01728702 0.05172376 0.06022837 0.01728702]
[0.04906154 0.06854447 0.04764253 0.08342198 0.08390105 0.06224746
 0.05144932 0.03083607 0.08342198 0.05586974 0.06224746 0.08361239
 0.06224746 0.02868971 0.05586974 0.06224746 0.02868971]
[0.02981643 0.06355092 0.04067298 0.0717634  0.17151067 0.06469247
 0.05777547 0.01124111 0.0717634  0.03983991 0.06469247 0.12219342
 0.06469247 0.01063126 0.03983991 0.06469247 0.01063126]
[0.03895592 0.06936331 0.05754275 0.06737617 0.0972467  0.06400274
 0.0727852  0.02810047 0.06737617 0.04742993 0.06400274 0.10539447
 0.06400274 0.02249405 0.04742993 0.06400274 0.02249404]
[0.02815507 0.07267163 0.0514361  0.08163168 0.15421444 0.0431246
 0.06800872 0.01814314 0.08163168 0.04695065 0.0431246  0.14509556
 0.0431246  0.01630614 0.04695065 0.0431246  0.01630614]
[0.0348441  0.05392518 0.04676621 0.08334059 0.15681928 0.06081332
 0.06401562 0.02101995 0.08334059 0.04246914 0.06081332 0.10259305
 0.06081332 0.01257192 0.04246914 0.06081332 0.01257192]
[0.04906154 0.06854447 0.04764253 0.08342198 0.08390105 0.06224746
 0.05144932 0.03083607 0.08342198 0.05586974 0.06224746 0.08361239
 0.06224746 0.02868971 0.05586974 0.06224746 0.02868971]
[0.03217574 0.06649905 0.04115352 0.06735632 0.12983122 0.06196752
 0.05936063 0.01857672 0.06735632 0.0459502  0.06196752 0.14145397
 0.06196752 0.01823302 0.0459502  0.06196752 0.01823302]
[0.03895592 0.06936331 0.05754275 0.06737617 0.0972467  0.06400274
 0.0727852  0.02810047 0.06737617 0.04742993 0.06400274 0.10539447
 0.06400274 0.02249405 0.04742993 0.06400274 0.02249404]
[0.0375298  0.05942149 0.05749092 0.08004304 0.12763163 0.05879673
 0.0518099  0.02221676 0.08004304 0.05334654 0.05879673 0.1129431
 0.05879673 0.01449517 0.05334654 0.05879673 0.01449517]
[0.03895592 0.06936331 0.05754275 0.06737617 0.0972467  0.06400274
 0.0727852  0.02810047 0.06737617 0.04742993 0.06400274 0.10539447
 0.06400274 0.02249405 0.04742993 0.06400274 0.02249404]
[0.03078687 0.05635333 0.05923395 0.08419982 0.11992814 0.0566956
 0.05378392 0.0191298  0.08419982 0.06870781 0.0566956  0.0924373
 0.0566956  0.01787455 0.06870781 0.0566956  0.01787455]
[0.03217574 0.06649905 0.04115352 0.06735632 0.12983122 0.06196752
 0.05936063 0.01857672 0.06735632 0.0459502  0.06196752 0.14145397
 0.06196752 0.01823302 0.0459502  0.06196752 0.01823302]
[0.03895592 0.06936331 0.05754275 0.06737617 0.0972467  0.06400274
 0.0727852  0.02810047 0.06737617 0.04742993 0.06400274 0.10539447
 0.06400274 0.02249405 0.04742993 0.06400274 0.02249404]
[0.03078687 0.05635333 0.05923393 0.08419983 0.11992811 0.0566956
 0.05378392 0.01912981 0.08419983 0.0687078  0.0566956  0.09243731
 0.0566956  0.01787455 0.0687078  0.0566956  0.01787455]]