111098
Test: public void test20076() throws Throwable { BigFraction bigFraction0 = BigFraction.of(1695); BigFraction bigFraction1 = bigFraction0.ONE.abs(); BigFraction bigFraction2 = bigFraction0.ZERO.negate(); BigFraction bigFraction3 = bigFraction0.multiply(1695); BigFraction bigFraction4 = BigFraction.of((long) 1695, 301L); BigInteger bigInteger0 = BigInteger.ZERO; }
Code: public static BigFraction of(final int num) { if (num == 0) { return ZERO; } return new BigFraction(BigInteger.valueOf(num)); }
[[0.04110703 0.11635494 0.04917894 0.05702255 0.02674408 0.05702255
 0.05107847 0.11042184 0.07367572 0.0659037  0.02216215 0.05107847
 0.04477884 0.07728355 0.01669771 0.04477884 0.02099035 0.05702256
 0.01669771]
[0.04221879 0.10973081 0.04746997 0.05724549 0.02217167 0.05724549
 0.07160474 0.11471929 0.07361145 0.05412994 0.02568319 0.07160474
 0.03976021 0.05840014 0.01963436 0.03976021 0.01812959 0.0572455
 0.01963436]
[0.03992279 0.12136423 0.04414553 0.05486743 0.02336267 0.05486743
 0.0573801  0.11470094 0.08396662 0.05919314 0.02487091 0.0573801
 0.0450566  0.06987967 0.01548671 0.0450566  0.01814446 0.05486744
 0.01548671]
[0.03589442 0.12121987 0.04425194 0.06054416 0.02356821 0.06054416
 0.05339408 0.0874128  0.0759647  0.06870261 0.02578449 0.05339408
 0.04347321 0.07805714 0.01839843 0.04347321 0.02697989 0.06054417
 0.01839843]
[0.02454298 0.14359875 0.03044019 0.06494512 0.0184568  0.06494512
 0.0511396  0.14132905 0.07523976 0.06397558 0.01827636 0.0511396
 0.03908326 0.07259335 0.01149237 0.03908326 0.01328133 0.06494515
 0.01149237]
[0.03589442 0.12121987 0.04425194 0.06054416 0.02356821 0.06054416
 0.05339408 0.0874128  0.0759647  0.06870261 0.02578449 0.05339408
 0.04347321 0.07805714 0.01839843 0.04347321 0.02697989 0.06054417
 0.01839843]
[0.04402    0.10106228 0.0478632  0.05918674 0.02142234 0.05918674
 0.06737029 0.07626326 0.07348073 0.04788646 0.02921503 0.06737029
 0.051106   0.07062443 0.02429766 0.051106   0.02505413 0.05918675
 0.02429766]
[0.02605904 0.14790672 0.03066469 0.06248435 0.01320773 0.06248435
 0.04993492 0.1451196  0.10584508 0.05518419 0.01988865 0.04993492
 0.0340207  0.07519192 0.00784226 0.0340207  0.00988356 0.06248436
 0.00784226]
[0.02876283 0.1195571  0.03912821 0.04740259 0.01534093 0.04740259
 0.06186933 0.14814588 0.07772326 0.0605998  0.02223869 0.06186933
 0.04485674 0.09335245 0.01221249 0.04485674 0.0150659  0.0474026
 0.01221249]
[0.02562697 0.13517508 0.03869323 0.04424496 0.0166829  0.04424496
 0.0583737  0.14205502 0.09029499 0.06486952 0.02526129 0.0583737
 0.04166234 0.08719537 0.01232085 0.04166234 0.01669693 0.04424497
 0.01232086]
[0.03457792 0.11696783 0.04644211 0.05792034 0.02165687 0.05792034
 0.05464964 0.1163505  0.06080844 0.05946649 0.02259105 0.05464964
 0.05411219 0.07417821 0.01928228 0.05411219 0.01711134 0.05792035
 0.01928228]
[0.04402    0.10106228 0.0478632  0.05918674 0.02142234 0.05918674
 0.06737029 0.07626326 0.07348073 0.04788646 0.02921503 0.06737029
 0.051106   0.07062443 0.02429766 0.051106   0.02505413 0.05918675
 0.02429766]
[0.02914735 0.12715997 0.04471065 0.06057946 0.01831309 0.06057946
 0.05191996 0.12348072 0.07033197 0.05955105 0.02162983 0.05191996
 0.04318641 0.08712071 0.01448559 0.04318641 0.0176323  0.06057948
 0.01448559]
[0.0433186  0.13271907 0.0439744  0.05915161 0.02268797 0.05915161
 0.06374796 0.11022733 0.06574816 0.04806058 0.01757794 0.06374796
 0.04581514 0.0751543  0.0128765  0.04581514 0.01819763 0.05915161
 0.0128765 ]
[0.02898393 0.11235957 0.04176493 0.0556637  0.02231841 0.0556637
 0.06605311 0.11000548 0.08270942 0.04951017 0.0200126  0.06605311
 0.0608639  0.06606922 0.01462079 0.0608639  0.0161995  0.05566371
 0.01462079]
[0.02914735 0.12715997 0.04471065 0.06057946 0.01831309 0.06057946
 0.05191996 0.12348072 0.07033197 0.05955105 0.02162983 0.05191996
 0.04318641 0.08712071 0.01448559 0.04318641 0.0176323  0.06057948
 0.01448559]
[0.03556392 0.10480494 0.04433221 0.05604927 0.02455495 0.05604927
 0.06081451 0.12299401 0.06022839 0.06853546 0.01998779 0.06081451
 0.04993438 0.06999283 0.0179142  0.04993438 0.02353148 0.05604927
 0.0179142 ]
[0.03589442 0.12121987 0.04425194 0.06054416 0.02356821 0.06054416
 0.05339408 0.0874128  0.07596472 0.06870259 0.02578449 0.05339408
 0.04347321 0.07805714 0.01839843 0.04347321 0.02697989 0.06054416
 0.01839843]
[0.02898393 0.11235956 0.04176494 0.0556637  0.02231841 0.0556637
 0.06605313 0.11000547 0.08270942 0.04951017 0.02001261 0.06605313
 0.0608639  0.06606922 0.01462079 0.0608639  0.0161995  0.05566372
 0.01462079]]