62216
Test: public void test183() throws Throwable { DateTimeFormatterBuilder.TimeZoneId dateTimeFormatterBuilder_TimeZoneId0 = DateTimeFormatterBuilder.TimeZoneId.INSTANCE; DateTimeFormatter dateTimeFormatter0 = new DateTimeFormatter(dateTimeFormatterBuilder_TimeZoneId0, dateTimeFormatterBuilder_TimeZoneId0); // Undeclared exception!  dateTimeFormatter0.parseMillis((String) null);   }
Code: public long parseMillis(String text) { InternalParser parser = requireParser(); Chronology chrono = selectChronology(iChrono); DateTimeParserBucket bucket = new DateTimeParserBucket(0, chrono, iLocale, iPivotYear, iDefaultYear); return bucket.doParseMillis(parser, text); }
[[0.03494737 0.05667144 0.04848488 0.04064179 0.05058436 0.04848488
 0.02331808 0.02224409 0.11314894 0.04230426 0.03173034 0.02224409
 0.04848488 0.05593333 0.02262221 0.02224409 0.01735066 0.04848488
 0.01895356 0.04341026 0.03954218 0.01385787 0.03895324 0.04848488
 0.03111124 0.01576216]
[0.02292803 0.04311106 0.04026152 0.03058062 0.06669524 0.04026152
 0.02282955 0.01783706 0.19263385 0.0378044  0.03062855 0.01783706
 0.04026152 0.05264699 0.02357089 0.01783706 0.01292205 0.04026152
 0.01706185 0.05550686 0.04248315 0.01194609 0.033533   0.04026152
 0.03310077 0.01519824]
[0.02672221 0.04446662 0.04378459 0.02630315 0.04687386 0.04378459
 0.02400172 0.02968029 0.12369414 0.03233414 0.03995983 0.02968029
 0.04378459 0.05081458 0.03120682 0.02968029 0.02070682 0.04378459
 0.01975027 0.06926057 0.04030004 0.01491306 0.03255237 0.04378459
 0.03257002 0.01560594]
[0.02211296 0.04418555 0.04293953 0.03677841 0.05405401 0.04293953
 0.02397835 0.02107386 0.15526332 0.05135738 0.03707925 0.02107386
 0.04293953 0.04582256 0.02037577 0.02107386 0.01224916 0.04293953
 0.02112812 0.06489658 0.04200212 0.00964284 0.03471448 0.04293953
 0.03305287 0.01338705]
[0.03393465 0.05152633 0.04242958 0.02753888 0.05910321 0.04242958
 0.02691018 0.02845646 0.09469372 0.03677483 0.03869165 0.02845646
 0.04242958 0.04636563 0.0264848  0.02845646 0.01827541 0.04242958
 0.0248939  0.05689566 0.03797105 0.01973281 0.03846046 0.04242958
 0.04411486 0.02011468]
[0.02672221 0.04446662 0.04378459 0.02630315 0.04687386 0.04378459
 0.02400172 0.02968029 0.12369414 0.03233414 0.03995983 0.02968029
 0.04378459 0.05081458 0.03120682 0.02968029 0.02070682 0.04378459
 0.01975027 0.06926057 0.04030004 0.01491306 0.03255237 0.04378459
 0.03257002 0.01560594]
[0.03236226 0.04706241 0.04781358 0.03337116 0.07485748 0.04781358
 0.01667439 0.01835715 0.13917358 0.03974291 0.03440786 0.01835715
 0.04781358 0.04994119 0.02023493 0.01835715 0.01426267 0.04781358
 0.02275481 0.04963018 0.03524576 0.01386659 0.04176529 0.04781358
 0.02531829 0.01518885]
[0.03532001 0.04347102 0.04991979 0.03466846 0.04125641 0.04991979
 0.02474914 0.02967726 0.08418537 0.04554867 0.03560042 0.02967726
 0.04991979 0.04431529 0.03018746 0.02967726 0.01669709 0.04991979
 0.02702428 0.05077136 0.03272077 0.01864397 0.03902711 0.04991979
 0.03954281 0.01763973]
[0.02954388 0.0419843  0.04913621 0.03698756 0.04666599 0.04913621
 0.02750442 0.03123225 0.08882272 0.04065957 0.03698431 0.03123225
 0.04913621 0.05729444 0.02845849 0.03123225 0.01693948 0.04913621
 0.02435848 0.04310232 0.0416119  0.01609137 0.03368858 0.04913621
 0.03375256 0.01617181]
[0.03473587 0.04918236 0.04360187 0.03579671 0.06391928 0.04360187
 0.02540353 0.0233849  0.12436312 0.03564201 0.02946706 0.0233849
 0.04360187 0.04939978 0.02581344 0.0233849  0.01498309 0.04360187
 0.02304122 0.05469985 0.04108281 0.01484954 0.03574574 0.04360187
 0.03621588 0.01749472]
[0.02498867 0.04202486 0.03795135 0.03097291 0.05968065 0.03795135
 0.02442363 0.02167989 0.16355577 0.04650321 0.03060173 0.02167989
 0.03795135 0.05640705 0.02233772 0.02167989 0.0150686  0.03795135
 0.02276768 0.07015325 0.04721886 0.01278602 0.03639427 0.03795135
 0.02611075 0.01320804]
[0.03532001 0.04347102 0.04991979 0.03466846 0.04125641 0.04991979
 0.02474914 0.02967726 0.08418537 0.04554867 0.03560042 0.02967726
 0.04991979 0.04431529 0.03018746 0.02967726 0.01669709 0.04991979
 0.02702428 0.05077136 0.03272077 0.01864397 0.03902711 0.04991979
 0.03954281 0.01763973]
[0.02672221 0.04446662 0.04378459 0.02630315 0.04687386 0.04378459
 0.02400172 0.02968029 0.12369414 0.03233414 0.03995983 0.02968029
 0.04378459 0.05081458 0.03120682 0.02968029 0.02070682 0.04378459
 0.01975027 0.06926057 0.04030004 0.01491306 0.03255237 0.04378459
 0.03257002 0.01560594]
[0.02729961 0.05635772 0.04293334 0.0338083  0.05991271 0.04293334
 0.02118352 0.02456608 0.10375223 0.03719004 0.04904453 0.02456608
 0.04293334 0.05281734 0.02499843 0.02456608 0.01927911 0.04293334
 0.02284763 0.05457395 0.0417396  0.01394343 0.04208414 0.04293334
 0.0364032  0.01439946]
[0.02592424 0.0500669  0.04314828 0.03417107 0.05985692 0.04314828
 0.024438   0.02146608 0.1447106  0.04077733 0.03495413 0.02146608
 0.04314828 0.05472256 0.02206481 0.02146608 0.01350517 0.04314828
 0.01617365 0.0673529  0.0359454  0.01486261 0.03746532 0.04314828
 0.03097988 0.01188892]
[0.03532001 0.04347102 0.04991979 0.03466846 0.04125641 0.04991979
 0.02474914 0.02967726 0.08418537 0.04554867 0.03560042 0.02967726
 0.04991979 0.04431529 0.03018746 0.02967726 0.01669709 0.04991979
 0.02702428 0.05077136 0.03272077 0.01864397 0.03902711 0.04991979
 0.03954281 0.01763973]
[0.02937936 0.056752   0.04296631 0.03704437 0.05818217 0.04296631
 0.01754329 0.02308595 0.13336378 0.03737335 0.03327527 0.02308595
 0.04296631 0.05308383 0.02330415 0.02308595 0.01852646 0.04296631
 0.02191826 0.05503896 0.03663085 0.01349623 0.04147263 0.04296631
 0.03298445 0.01654123]
[0.02672221 0.04446662 0.04378459 0.02630315 0.04687386 0.04378459
 0.02400172 0.02968029 0.12369414 0.03233414 0.03995983 0.02968029
 0.04378459 0.05081458 0.03120682 0.02968029 0.02070682 0.04378459
 0.01975027 0.06926057 0.04030004 0.01491306 0.03255237 0.04378459
 0.03257002 0.01560594]
[0.03005893 0.05890862 0.0496917  0.03587896 0.05123955 0.0496917
 0.01950607 0.02207354 0.11846264 0.03918209 0.03668669 0.02207354
 0.0496917  0.0453277  0.0262724  0.02207354 0.01726657 0.0496917
 0.02264803 0.04704478 0.03914973 0.01978857 0.03648207 0.0496917
 0.02664363 0.01477385]
[0.03908219 0.05931757 0.04232765 0.03067591 0.06038548 0.04232765
 0.02123532 0.02174125 0.13964888 0.04261976 0.03027744 0.02174125
 0.04232765 0.052242   0.02261333 0.02174125 0.01318549 0.04232765
 0.02159921 0.05818875 0.03974389 0.0118643  0.03671296 0.04232765
 0.02982833 0.01391718]
[0.02500688 0.04314212 0.0386643  0.03636928 0.05993507 0.0386643
 0.02799636 0.02299894 0.18271348 0.04617429 0.02863301 0.02299894
 0.0386643  0.05167786 0.02154378 0.02299894 0.01305307 0.0386643
 0.02070834 0.04567238 0.04237849 0.01158999 0.0380831  0.0386643
 0.02868523 0.01431901]
[0.02406204 0.05264952 0.04392441 0.03872334 0.05923651 0.04392441
 0.01954658 0.0168956  0.16791493 0.0433607  0.03374319 0.0168956
 0.04392441 0.0618976  0.02188287 0.0168956  0.01296929 0.04392441
 0.02205776 0.04716961 0.03684252 0.01509358 0.03196796 0.04392441
 0.02629882 0.0142744 ]
[0.02266132 0.05582961 0.04248528 0.03684263 0.04980987 0.04248528
 0.02259127 0.02249073 0.19531289 0.03649407 0.0315686  0.02249073
 0.04248528 0.04548654 0.01771116 0.02249073 0.01321567 0.04248528
 0.01889921 0.05083144 0.03417143 0.01055865 0.03195579 0.04248528
 0.0327904  0.01337092]
[0.02672221 0.04446662 0.04378459 0.02630315 0.04687386 0.04378459
 0.02400172 0.02968029 0.12369414 0.03233414 0.03995983 0.02968029
 0.04378459 0.05081458 0.03120682 0.02968029 0.02070682 0.04378459
 0.01975027 0.06926057 0.04030004 0.01491306 0.03255237 0.04378459
 0.03257002 0.01560594]
[0.03101752 0.04891125 0.04629202 0.03538949 0.05825377 0.04629202
 0.01630063 0.01624327 0.16896048 0.03873389 0.03740318 0.01624327
 0.04629202 0.04649638 0.02494665 0.01624327 0.01078116 0.04629202
 0.0238998  0.05003673 0.04032288 0.01249766 0.03767845 0.04629202
 0.0218837  0.01629642]
[0.02323612 0.0377745  0.04124953 0.033751   0.07244876 0.04124953
 0.02120925 0.02239444 0.14496675 0.0422235  0.03633214 0.02239444
 0.04124953 0.05815537 0.0216215  0.02239444 0.01309116 0.04124953
 0.02474379 0.04666096 0.03846778 0.01428031 0.0544292  0.04124953
 0.02820003 0.01497688]]