36195
Test: public void test27() throws Throwable { Duration duration0 = Duration.ZERO; Duration duration1 = duration0.negated(); }
Code: public Duration negated() { if (getMillis() == Long.MIN_VALUE) { throw new ArithmeticException("Negation of this duration would overflow"); } return new Duration(-getMillis()); }
[[0.03347514 0.05549912 0.04644322 0.04936779 0.09071279 0.04644322
 0.05145073 0.17053604 0.04936779 0.03347716 0.01655658 0.04644322
 0.01501171 0.0445294  0.02582278 0.03407534 0.05976657 0.01529821
 0.03742519 0.01655658 0.04644322 0.01529821]
[0.02956628 0.04665486 0.04461935 0.05461691 0.09201062 0.04461935
 0.0465841  0.21426201 0.05461691 0.02942938 0.01523157 0.04461935
 0.01137333 0.03863846 0.02318513 0.0252542  0.06021431 0.01763395
 0.02938505 0.01523157 0.04461936 0.01763395]
[0.02710968 0.06073617 0.04460883 0.04650659 0.06757852 0.04460883
 0.05072351 0.2018742  0.04650659 0.03209754 0.02091578 0.04460883
 0.01704834 0.04845748 0.03106145 0.03367079 0.05226214 0.01555168
 0.03299674 0.02091578 0.04460884 0.01555168]
[0.03754493 0.05585007 0.04832746 0.06228843 0.06441033 0.04832746
 0.03972978 0.12943214 0.06228843 0.03440154 0.02066928 0.04832746
 0.019437   0.04970083 0.02883527 0.02600784 0.069156   0.02165567
 0.0429577  0.02066928 0.04832748 0.02165567]
[0.01995759 0.04518181 0.04283986 0.04902834 0.11517174 0.04283986
 0.03830749 0.28524315 0.04902834 0.02018824 0.00801049 0.04283986
 0.00483216 0.04286735 0.02486631 0.02334203 0.05341881 0.00722865
 0.02672887 0.00801049 0.04283987 0.00722865]
[0.02710968 0.06073617 0.04460883 0.04650659 0.06757852 0.04460883
 0.05072351 0.2018742  0.04650659 0.03209754 0.02091578 0.04460883
 0.01704834 0.04845748 0.03106145 0.03367079 0.05226214 0.01555168
 0.03299674 0.02091578 0.04460884 0.01555168]
[0.01901931 0.06272448 0.02809854 0.05843946 0.10382574 0.02809854
 0.04532729 0.29796743 0.05843946 0.0247594  0.01303596 0.02809854
 0.00641029 0.03801213 0.01956822 0.02241659 0.04961255 0.01153676
 0.03193802 0.01303596 0.02809854 0.01153676]
[0.02914643 0.04613458 0.03953812 0.05308965 0.09421907 0.03953812
 0.0488129  0.21406527 0.05308965 0.03046894 0.01986937 0.03953812
 0.01661085 0.04790915 0.02298857 0.02442414 0.05605634 0.01607471
 0.03294376 0.01986937 0.03953812 0.01607471]
[0.03754493 0.05585007 0.04832746 0.06228843 0.06441033 0.04832746
 0.03972978 0.12943214 0.06228843 0.03440154 0.02066928 0.04832746
 0.019437   0.04970083 0.02883527 0.02600784 0.069156   0.02165567
 0.0429577  0.02066928 0.04832748 0.02165567]
[0.02649069 0.05423564 0.04272055 0.07246949 0.09251171 0.04272055
 0.03883059 0.19229563 0.07246949 0.03177025 0.01420154 0.04272055
 0.0112771  0.03984537 0.01803869 0.02343417 0.05781742 0.01160068
 0.04602709 0.01420154 0.04272056 0.01160068]
[0.02840978 0.04355255 0.0410562  0.05743382 0.09294468 0.0410562
 0.0474537  0.2201289  0.05743382 0.03038272 0.01778038 0.0410562
 0.01382807 0.04258722 0.01737689 0.02315144 0.05288941 0.01625236
 0.04013667 0.01778038 0.04105621 0.01625236]
[0.02710968 0.06073617 0.04460883 0.04650659 0.06757852 0.04460883
 0.05072351 0.2018742  0.04650659 0.03209754 0.02091578 0.04460883
 0.01704834 0.04845748 0.03106145 0.03367079 0.05226214 0.01555168
 0.03299674 0.02091578 0.04460884 0.01555168]
[0.02623104 0.05715323 0.03861646 0.05671536 0.08784482 0.03861646
 0.04159109 0.21344368 0.05671536 0.03276051 0.01711073 0.03861646
 0.01211047 0.04531128 0.02595062 0.02254652 0.06585889 0.01338124
 0.04031741 0.01711073 0.03861646 0.01338124]
[0.03059788 0.05613925 0.04065817 0.06620619 0.08608912 0.04065817
 0.04347546 0.21105087 0.06620619 0.02893578 0.01406424 0.04065817
 0.01219178 0.04654952 0.02210677 0.02094199 0.05284461 0.01169177
 0.04251989 0.01406424 0.04065818 0.01169176]
[0.03330385 0.04867954 0.04403156 0.052104   0.10432023 0.04403156
 0.05155212 0.18804708 0.052104   0.0331599  0.01527492 0.04403156
 0.01396647 0.03318502 0.03028814 0.02586252 0.06212768 0.01167478
 0.0412738  0.01527492 0.04403156 0.01167478]
[0.02613375 0.05253927 0.03917658 0.05738398 0.08602507 0.03917658
 0.0534852  0.21534325 0.05738398 0.0281891  0.01459949 0.03917658
 0.01049764 0.0441422  0.02558147 0.02880688 0.06884225 0.01030326
 0.03913414 0.01459949 0.03917658 0.01030326]
[0.03182439 0.04559983 0.04697155 0.0454071  0.09397146 0.04697155
 0.04170307 0.19677497 0.0454071  0.03071478 0.01588653 0.04697155
 0.01532604 0.04270991 0.02593306 0.03178679 0.06028594 0.02043315
 0.03202996 0.01588653 0.04697155 0.02043315]
[0.02436681 0.05686124 0.0454269  0.06344086 0.09421705 0.0454269
 0.042296   0.15942419 0.06344086 0.0334414  0.0136612  0.0454269
 0.01542773 0.03871442 0.0250317  0.02842458 0.06520297 0.01361264
 0.05345482 0.0136612  0.04542691 0.01361264]
[0.02315789 0.04014978 0.04423787 0.04921961 0.09296541 0.04423787
 0.042253   0.25120685 0.04921961 0.02640899 0.01359305 0.04423787
 0.01041411 0.0501656  0.01487724 0.03469361 0.05160937 0.01328838
 0.03294461 0.01359305 0.04423788 0.01328838]
[0.02840978 0.04355255 0.0410562  0.05743382 0.09294468 0.0410562
 0.0474537  0.2201289  0.05743382 0.03038272 0.01778038 0.0410562
 0.01382807 0.04258722 0.01737689 0.02315144 0.05288941 0.01625236
 0.04013667 0.01778038 0.04105621 0.01625236]
[0.02710968 0.06073619 0.04460884 0.04650659 0.06757853 0.04460884
 0.0507235  0.2018742  0.04650659 0.03209754 0.02091577 0.04460884
 0.01704834 0.04845747 0.03106144 0.03367078 0.05226215 0.01555168
 0.03299675 0.02091577 0.04460884 0.01555168]
[0.02436681 0.05686126 0.04542691 0.06344087 0.09421703 0.04542691
 0.042296   0.1594242  0.06344087 0.0334414  0.01366121 0.04542691
 0.01542773 0.03871443 0.0250317  0.02842459 0.06520298 0.01361265
 0.05345482 0.01366121 0.04542691 0.01361265]]