140733
Test: public void test12() throws Throwable { LateralCacheAttributes lateralCacheAttributes0 = new LateralCacheAttributes(); AbstractAuxiliaryCacheAttributes abstractAuxiliaryCacheAttributes0 = lateralCacheAttributes0.clone(); }
Code: public AbstractAuxiliaryCacheAttributes clone() { try { return (AbstractAuxiliaryCacheAttributes)super.clone(); } catch (final CloneNotSupportedException e) { throw new RuntimeException("Clone not supported. This should never happen.", e); } }
[[0.02890528 0.04010351 0.03235888 0.04312862 0.04979803 0.04312862
 0.03237788 0.04010351 0.01331924 0.02892922 0.02992387 0.04116796
 0.07259567 0.04312862 0.02887633 0.01426181 0.04010351 0.02948698
 0.04010351 0.02601111 0.10940333 0.03853502 0.04010351 0.06750754
 0.01331923 0.01331923]
[0.02438035 0.03988171 0.03451128 0.04312926 0.04061677 0.04312926
 0.02970916 0.03988171 0.01433563 0.02650367 0.02998041 0.0494728
 0.06805204 0.04312926 0.02889194 0.01892381 0.03988171 0.0214349
 0.03988171 0.02534151 0.12249869 0.04257592 0.03988171 0.06530349
 0.01433563 0.01433563]
[0.02405546 0.0454862  0.02810071 0.05057951 0.03944333 0.05057951
 0.03985883 0.0454862  0.00833942 0.02367198 0.01863917 0.03623201
 0.05723333 0.05057951 0.02836663 0.01330529 0.0454862  0.02562837
 0.0454862  0.02075796 0.13506609 0.03104647 0.0454862  0.07440649
 0.00833942 0.00833942]
[0.03052241 0.03894591 0.03475147 0.05140518 0.03184562 0.05140518
 0.03482249 0.03894591 0.01775327 0.03182887 0.03095783 0.04888526
 0.05495182 0.05140518 0.02800231 0.01669205 0.03894591 0.02893101
 0.03894591 0.02441255 0.10788023 0.04706566 0.03894591 0.04624557
 0.01775327 0.01775327]
[0.02475963 0.03835331 0.03812271 0.04455749 0.04472661 0.04455749
 0.0366167  0.03835331 0.01139379 0.02502257 0.02534068 0.04321577
 0.07344297 0.04455749 0.03023577 0.01479843 0.03835331 0.01640204
 0.03835331 0.02237449 0.14946896 0.03523381 0.03835331 0.0606185
 0.01139379 0.01139379]
[0.03052241 0.03894591 0.03475147 0.05140518 0.03184562 0.05140518
 0.03482249 0.03894591 0.01775327 0.03182887 0.03095783 0.04888526
 0.05495182 0.05140518 0.02800231 0.01669205 0.03894591 0.02893101
 0.03894591 0.02441255 0.10788023 0.04706566 0.03894591 0.04624557
 0.01775327 0.01775327]
[0.02131458 0.04072438 0.03142376 0.04528604 0.0367007  0.04528604
 0.03032502 0.04072438 0.01222713 0.02575647 0.02400824 0.04561519
 0.06411802 0.04528604 0.02430782 0.01251191 0.04072438 0.02551525
 0.04072438 0.01958632 0.15721236 0.03541844 0.04072438 0.07002459
 0.01222713 0.01222713]
[0.02438035 0.03988171 0.03451128 0.04312926 0.04061677 0.04312926
 0.02970916 0.03988171 0.01433563 0.02650367 0.02998041 0.0494728
 0.06805204 0.04312926 0.02889194 0.01892381 0.03988171 0.0214349
 0.03988171 0.02534151 0.12249869 0.04257592 0.03988171 0.06530349
 0.01433563 0.01433563]
[0.02101694 0.03831443 0.03270482 0.0597284  0.04668302 0.0597284
 0.04755402 0.03831443 0.01257774 0.01869453 0.03181412 0.03584244
 0.05459217 0.0597284  0.02990813 0.01180987 0.03831443 0.02400166
 0.03831443 0.02603397 0.12397265 0.03442762 0.03831443 0.05245341
 0.01257774 0.01257774]
[0.0212114  0.03694375 0.0400576  0.05639939 0.04156017 0.05639939
 0.03164239 0.03694375 0.01172282 0.02483155 0.027383   0.036094
 0.0668858  0.05639939 0.02515975 0.01401076 0.03694375 0.01757281
 0.03694375 0.02843109 0.14538242 0.0425803  0.03694375 0.0481115
 0.01172282 0.01172282]
[0.02541475 0.03999132 0.03166979 0.04731286 0.04362737 0.04731286
 0.04048777 0.03999132 0.01187258 0.02752627 0.02658078 0.04407737
 0.05821994 0.04731286 0.0274161  0.01555164 0.03999132 0.02711829
 0.03999132 0.02345087 0.13641167 0.03407601 0.03999132 0.06085851
 0.01187258 0.01187258]
[0.02505604 0.03641574 0.03507826 0.06303222 0.04257977 0.06303222
 0.03286015 0.03641574 0.01278759 0.02310754 0.02396917 0.0382719
 0.06395555 0.06303222 0.02692267 0.0102881  0.03641574 0.02248741
 0.03641574 0.0255417  0.12465693 0.03180479 0.03641574 0.0638819
 0.01278759 0.01278759]
[0.02671114 0.04043552 0.03527319 0.04757689 0.04936327 0.04757689
 0.03638976 0.04043552 0.01781786 0.02684017 0.02951984 0.03360165
 0.06662593 0.04757689 0.02937488 0.01438156 0.04043552 0.02451809
 0.04043552 0.03164364 0.10242537 0.03775042 0.04043552 0.05721933
 0.01781785 0.01781785]
[0.03052241 0.03894591 0.03475147 0.05140518 0.03184562 0.05140518
 0.03482249 0.03894591 0.01775327 0.03182887 0.03095783 0.04888526
 0.05495182 0.05140518 0.02800231 0.01669205 0.03894591 0.02893101
 0.03894591 0.02441255 0.10788023 0.04706566 0.03894591 0.04624557
 0.01775327 0.01775327]
[0.02321665 0.03734455 0.03303578 0.06414772 0.04289439 0.06414772
 0.04041948 0.03734455 0.01022099 0.02151073 0.02423313 0.03853491
 0.05621772 0.06414772 0.02787413 0.01242387 0.03734455 0.02134299
 0.03734455 0.0272954  0.1186284  0.03910589 0.03734455 0.06343766
 0.01022099 0.01022099]
[0.02687401 0.03982642 0.03382458 0.05197272 0.05083038 0.05197272
 0.03790116 0.03982642 0.01485694 0.02451914 0.0265135  0.05006775
 0.06538773 0.05197272 0.02925445 0.01709002 0.03982642 0.02120413
 0.03982642 0.02550848 0.10616964 0.03324371 0.03982642 0.05199032
 0.01485694 0.01485694]
[0.02438035 0.03988171 0.03451128 0.04312926 0.04061677 0.04312926
 0.02970916 0.03988171 0.01433563 0.02650367 0.02998041 0.0494728
 0.06805204 0.04312926 0.02889194 0.01892381 0.03988171 0.0214349
 0.03988171 0.02534151 0.12249869 0.04257592 0.03988171 0.06530349
 0.01433563 0.01433563]
[0.02200319 0.03661371 0.03887908 0.05324526 0.04267291 0.05324526
 0.033723   0.03661371 0.01401932 0.02788095 0.03185435 0.04232015
 0.06589842 0.05324526 0.02949355 0.01458317 0.03661371 0.02297251
 0.03661371 0.02350557 0.11241032 0.04040896 0.03661371 0.06653166
 0.01401932 0.01401932]
[0.02438035 0.03988171 0.03451128 0.04312926 0.04061677 0.04312926
 0.02970916 0.03988171 0.01433563 0.02650367 0.02998041 0.0494728
 0.06805204 0.04312926 0.02889194 0.01892381 0.03988171 0.0214349
 0.03988171 0.02534151 0.12249869 0.04257592 0.03988171 0.06530349
 0.01433563 0.01433563]
[0.02630342 0.03845908 0.02517954 0.05706032 0.05253674 0.05706032
 0.03633773 0.03845908 0.01123267 0.02996339 0.02870267 0.03245846
 0.06695621 0.05706032 0.03074254 0.01186384 0.03845908 0.02881221
 0.03845908 0.02648862 0.11620722 0.03333145 0.03845908 0.05694162
 0.01123267 0.01123267]
[0.02476399 0.04157662 0.0364687  0.0478801  0.04243034 0.0478801
 0.0285731  0.04157662 0.01159736 0.02809757 0.02397067 0.0401079
 0.0602441  0.0478801  0.02610364 0.01253033 0.04157662 0.02562128
 0.04157662 0.02291449 0.13813461 0.03454851 0.04157662 0.06917524
 0.01159736 0.01159736]
[0.02781497 0.041287   0.03290018 0.05425583 0.04491357 0.05425583
 0.03287771 0.041287   0.01089897 0.02882043 0.02332062 0.04103769
 0.05823538 0.05425583 0.02798312 0.01419472 0.041287   0.02763501
 0.041287   0.02643324 0.11371902 0.04148721 0.041287   0.0567277
 0.01089897 0.01089897]
[0.02438035 0.03988171 0.03451128 0.04312926 0.04061677 0.04312926
 0.02970916 0.03988171 0.01433563 0.02650367 0.02998041 0.0494728
 0.06805204 0.04312926 0.02889194 0.01892381 0.03988171 0.0214349
 0.03988171 0.02534151 0.12249869 0.04257592 0.03988171 0.06530349
 0.01433563 0.01433563]
[0.0265427  0.03691166 0.04957731 0.05895777 0.04182992 0.05895777
 0.03056581 0.03691166 0.00951417 0.02364938 0.02470527 0.03803524
 0.06873617 0.05895777 0.02825358 0.01088986 0.03691166 0.01810538
 0.03691166 0.01840239 0.13169831 0.03079209 0.03691166 0.06824244
 0.00951417 0.00951417]
[0.02101694 0.03831443 0.03270481 0.05972841 0.04668302 0.05972841
 0.04755402 0.03831443 0.01257774 0.01869453 0.03181413 0.03584245
 0.05459217 0.05972841 0.02990814 0.01180988 0.03831443 0.02400166
 0.03831443 0.02603397 0.12397267 0.03442762 0.03831443 0.05245341
 0.01257774 0.01257774]
[0.02101694 0.03831443 0.03270481 0.05972841 0.04668302 0.05972841
 0.04755402 0.03831443 0.01257774 0.01869453 0.03181413 0.03584245
 0.05459217 0.05972841 0.02990814 0.01180988 0.03831443 0.02400166
 0.03831443 0.02603397 0.12397267 0.03442762 0.03831443 0.05245341
 0.01257774 0.01257774]]