80076
Test: public void test13() throws Throwable { ConstantNameAndType constantNameAndType0 = new ConstantNameAndType((-2493), 0); PipedOutputStream pipedOutputStream0 = new PipedOutputStream(); DataOutputStream dataOutputStream0 = new DataOutputStream(pipedOutputStream0);  constantNameAndType0.dump(dataOutputStream0);   }
Code: public void dump( final DataOutputStream file ) throws IOException { file.writeByte(super.getTag()); file.writeShort(nameIndex); file.writeShort(signatureIndex); }
[[0.05768377 0.04611327 0.08001817 0.04572446 0.09545021 0.07293923
 0.09728777 0.13986203 0.02869928 0.0725458  0.08001818 0.08001818
 0.08001819 0.02362145]
[0.04402711 0.03752122 0.08679798 0.03744512 0.0818409  0.07266849
 0.10274047 0.15799204 0.02374747 0.07256909 0.08679799 0.08679799
 0.08679799 0.02225615]
[0.04770981 0.040071   0.08101645 0.04377477 0.09378378 0.07225728
 0.10316931 0.15335807 0.0301915  0.06796828 0.08101645 0.08101645
 0.08101646 0.02365034]
[0.05149499 0.03731156 0.08351816 0.03369014 0.08030729 0.09353304
 0.10041523 0.14138164 0.03065942 0.08085977 0.08351815 0.08351815
 0.08351816 0.01627431]
[0.05151026 0.03648537 0.08422706 0.0505212  0.0942509  0.09440691
 0.09737179 0.11681396 0.03236948 0.06907815 0.08422704 0.08422704
 0.08422706 0.02028377]
[0.04908949 0.04020921 0.08854601 0.04682395 0.07790107 0.07731608
 0.10230737 0.12027059 0.02678483 0.07929523 0.08854599 0.08854599
 0.088546   0.02581821]
[0.0537353  0.05258523 0.07664672 0.05124237 0.10342032 0.07301953
 0.08438717 0.11301694 0.03260655 0.10289973 0.07664673 0.07664673
 0.07664673 0.02650003]
[0.04232688 0.0402974  0.07554092 0.03432719 0.08384778 0.06638753
 0.07655696 0.21084018 0.02610387 0.09775975 0.07554094 0.07554094
 0.07554095 0.01938867]
[0.04554832 0.0357742  0.08705033 0.03839351 0.07072881 0.08523219
 0.08310487 0.17704663 0.0243046  0.07520283 0.08705032 0.08705032
 0.08705033 0.01646276]
[0.05839039 0.05045994 0.07900679 0.05710798 0.08127206 0.08117144
 0.09257401 0.10445623 0.03828103 0.08824579 0.0790068  0.0790068
 0.07900681 0.03201389]
[0.04770981 0.040071   0.08101645 0.04377477 0.09378378 0.07225728
 0.10316931 0.15335807 0.0301915  0.06796828 0.08101645 0.08101645
 0.08101646 0.02365034]
[0.04770981 0.040071   0.08101645 0.04377477 0.09378378 0.07225728
 0.10316931 0.15335807 0.0301915  0.06796828 0.08101645 0.08101645
 0.08101646 0.02365034]
[0.04770982 0.040071   0.08101645 0.04377477 0.09378378 0.07225728
 0.10316928 0.15335809 0.03019151 0.06796829 0.08101645 0.08101645
 0.08101646 0.02365034]
[0.03866562 0.0354061  0.07310797 0.03458998 0.08352313 0.10755691
 0.09916321 0.16318928 0.03010496 0.09475562 0.07310797 0.07310797
 0.07310799 0.02061325]]