89794
Test: public void test1() throws Throwable { // Undeclared exception!  GraphicalVerifier.main((String[]) null);   }
Code: public static void main( final String[] args ) { try { UIManager.setLookAndFeel(UIManager.getSystemLookAndFeelClassName()); } catch (final Exception e) { e.printStackTrace(); } new GraphicalVerifier(); }
[[0.02480854 0.08545668 0.0208723  0.03442206 0.02076548 0.01405808
 0.03637306 0.04880912 0.03954498 0.04110186 0.03954498 0.03442206
 0.01198483 0.02405775 0.0267251  0.02250759 0.06143738 0.03954497
 0.30310565 0.01198483 0.01206585 0.03442207 0.01198483]
[0.02404561 0.07282402 0.0178192  0.03131746 0.01903128 0.01412719
 0.03056116 0.04361685 0.05292085 0.03357866 0.05292085 0.03131746
 0.01369007 0.02454599 0.02260579 0.0177104  0.05563724 0.05292086
 0.31933194 0.01369008 0.01077952 0.03131747 0.01369007]
[0.01558631 0.07694142 0.01674941 0.025667   0.01678792 0.00852614
 0.02598573 0.05270562 0.04158783 0.02138662 0.04158783 0.025667
 0.01206306 0.01360621 0.01876834 0.01988757 0.05351721 0.04158781
 0.41389763 0.01206306 0.00770018 0.025667   0.01206306]
[0.02056884 0.07842763 0.02057163 0.03313601 0.02177154 0.01172816
 0.03192764 0.05548757 0.03921054 0.03293528 0.03921054 0.03313601
 0.01285117 0.02216708 0.02681916 0.02121605 0.05794402 0.03921054
 0.32663056 0.01285117 0.0162116  0.03313603 0.01285117]
[0.02313026 0.07125844 0.01845795 0.03001001 0.01637875 0.01142407
 0.03236742 0.05520854 0.04801167 0.02864539 0.04801167 0.03001001
 0.00900802 0.01818182 0.02331188 0.01932492 0.04695329 0.04801169
 0.36472026 0.00900802 0.00954788 0.03001001 0.00900802]
[0.01679616 0.08472639 0.01594851 0.02706937 0.01599329 0.00841862
 0.02952384 0.05625881 0.04036234 0.02661202 0.04036234 0.02706937
 0.00957638 0.01275983 0.01960776 0.02095101 0.04850967 0.04036235
 0.40282854 0.00957638 0.01004125 0.02706937 0.00957638]
[0.01612344 0.08916169 0.0142174  0.02600725 0.01562039 0.0084956
 0.0272656  0.04313996 0.0430482  0.02393739 0.0430482  0.02600725
 0.00877986 0.01496422 0.02093646 0.02404791 0.04923579 0.04304821
 0.40966257 0.00877986 0.00968568 0.02600725 0.00877986]
[0.02503063 0.06053672 0.0258764  0.03249609 0.0243495  0.01524689
 0.03035887 0.04304772 0.05553806 0.03777541 0.05553806 0.03249609
 0.01364664 0.02646323 0.02375754 0.01965462 0.05794402 0.05553807
 0.2920822  0.01364664 0.01283386 0.03249609 0.01364664]
[0.02997473 0.07181426 0.02630372 0.03851812 0.02949804 0.01852108
 0.03095564 0.05083541 0.04987506 0.0314942  0.04987506 0.03851812
 0.01731739 0.0313218  0.03015485 0.02079017 0.05399375 0.04987507
 0.24073005 0.01731739 0.01648059 0.03851813 0.01731739]
[0.01779975 0.08761434 0.01508471 0.02495698 0.01947478 0.01051343
 0.03050421 0.03656006 0.03888765 0.02908183 0.03888765 0.02495698
 0.00931918 0.01671951 0.02142626 0.02035195 0.04670881 0.03888766
 0.41836527 0.00931918 0.01030374 0.02495698 0.00931918]
[0.02997473 0.07181426 0.02630372 0.03851812 0.02949804 0.01852108
 0.03095564 0.05083541 0.04987506 0.0314942  0.04987506 0.03851812
 0.01731739 0.0313218  0.03015485 0.02079017 0.05399375 0.04987507
 0.24073005 0.01731739 0.01648059 0.03851813 0.01731739]
[0.02056884 0.07842763 0.02057163 0.03313601 0.02177154 0.01172816
 0.03192764 0.05548757 0.03921054 0.03293528 0.03921054 0.03313601
 0.01285117 0.02216708 0.02681916 0.02121605 0.05794402 0.03921054
 0.32663056 0.01285117 0.0162116  0.03313603 0.01285117]
[0.01695473 0.08215955 0.0166383  0.0301126  0.01603657 0.00899484
 0.03843863 0.05308099 0.05278302 0.03696826 0.05278302 0.0301126
 0.01091471 0.01470099 0.02780243 0.02252108 0.04393118 0.05278303
 0.33078957 0.01091471 0.00955181 0.03011261 0.01091471]
[0.01500898 0.09971201 0.01341833 0.02463937 0.01989667 0.00885771
 0.01889436 0.0403916  0.04800141 0.02574411 0.04800141 0.02463937
 0.00960974 0.01726609 0.0225013  0.02359845 0.04702306 0.0480014
 0.39063334 0.00960974 0.01030241 0.02463937 0.00960974]
[0.02179691 0.0647522  0.01774308 0.03242977 0.0185425  0.01209885
 0.03252234 0.05084099 0.04569453 0.0349644  0.04569453 0.03242977
 0.01117334 0.02286642 0.02508621 0.01923378 0.04901515 0.04569453
 0.3492014  0.01117333 0.01344286 0.03242977 0.01117333]
[0.01334381 0.07613419 0.01340445 0.02056562 0.01449649 0.00839085
 0.02919141 0.05300596 0.04857785 0.02427972 0.04857785 0.02056562
 0.00998893 0.0118257  0.02470413 0.01828402 0.03798316 0.04857785
 0.42838535 0.00998893 0.00917356 0.02056563 0.00998893]
[0.02140035 0.08415736 0.01684878 0.03244251 0.01965058 0.013209
 0.03339864 0.03505983 0.04366295 0.03782421 0.04366295 0.03244251
 0.01601498 0.02118133 0.02662543 0.02493972 0.05269558 0.04366294
 0.3244668  0.01601498 0.01218108 0.03244251 0.01601498]
[0.02997473 0.07181426 0.02630372 0.03851812 0.02949804 0.01852108
 0.03095564 0.05083541 0.04987506 0.0314942  0.04987506 0.03851812
 0.01731739 0.0313218  0.03015485 0.02079017 0.05399375 0.04987507
 0.24073005 0.01731739 0.01648059 0.03851813 0.01731739]
[0.02475247 0.07601508 0.02075183 0.03595291 0.02163825 0.01376032
 0.02843634 0.04061487 0.04045856 0.0311328  0.04045856 0.03595291
 0.01157773 0.02511318 0.02097559 0.01801486 0.04538887 0.04045856
 0.3589695  0.01157774 0.01046843 0.03595292 0.01157773]
[0.01695473 0.08215955 0.0166383  0.0301126  0.01603657 0.00899484
 0.03843863 0.05308099 0.05278302 0.03696826 0.05278302 0.0301126
 0.01091471 0.01470099 0.02780243 0.02252108 0.04393118 0.05278303
 0.33078957 0.01091471 0.00955181 0.03011261 0.01091471]
[0.02096579 0.06800207 0.02130033 0.02794155 0.0174659  0.01391688
 0.02637108 0.03838341 0.04799717 0.03074422 0.04799717 0.02794155
 0.01322489 0.01616769 0.02376501 0.01637211 0.04535361 0.04799717
 0.3812245  0.01322489 0.01247653 0.02794155 0.01322489]
[0.02056885 0.07842764 0.02057163 0.03313602 0.02177154 0.01172816
 0.03192765 0.05548755 0.03921055 0.03293527 0.03921055 0.03313602
 0.01285117 0.02216708 0.02681917 0.02121606 0.05794403 0.03921055
 0.32663056 0.01285117 0.0162116  0.03313602 0.01285117]
[0.01695473 0.08215953 0.0166383  0.0301126  0.01603657 0.00899484
 0.03843864 0.05308099 0.05278303 0.03696826 0.05278303 0.0301126
 0.01091471 0.01470099 0.02780244 0.02252109 0.04393118 0.05278303
 0.33078957 0.01091471 0.00955181 0.0301126  0.01091471]]