150868
Test: public void test18() throws Throwable { FTPSClient fTPSClient0 = new FTPSClient("C", false); // Undeclared exception!  fTPSClient0._openDataConnection_(119, "");   }
Code: protected Socket _openDataConnection_(final int command, final String arg) throws IOException { return _openDataConnection_(FTPCommand.getCommand(command), arg); }
[[0.0807433  0.07239556 0.07239556 0.0268659  0.07239556 0.04321682
 0.07034381 0.07239556 0.12731116 0.03239623 0.10238051 0.06217937
 0.07239556 0.07239556 0.02018955]
[0.09300235 0.07161943 0.07161943 0.027628   0.07161943 0.04402544
 0.07755411 0.07161943 0.14228366 0.03156916 0.07580543 0.05312976
 0.07161944 0.07161944 0.02528546]
[0.09300235 0.07161943 0.07161943 0.027628   0.07161943 0.04402544
 0.07755411 0.07161943 0.14228366 0.03156916 0.07580543 0.05312976
 0.07161944 0.07161944 0.02528546]
[0.07706328 0.08295669 0.08295669 0.02288631 0.08295669 0.04787336
 0.06346563 0.08295669 0.10584347 0.02821644 0.08425263 0.05530578
 0.08295672 0.08295672 0.01735291]
[0.09300235 0.07161943 0.07161943 0.027628   0.07161943 0.04402544
 0.07755411 0.07161943 0.14228366 0.03156916 0.07580543 0.05312976
 0.07161944 0.07161944 0.02528546]
[0.06127718 0.07549083 0.07549083 0.02209781 0.07549083 0.0353879
 0.07565886 0.07549083 0.12937158 0.03426155 0.09498514 0.07565434
 0.07549084 0.07549084 0.01836056]
[0.07642594 0.07485287 0.07485287 0.02830662 0.07485287 0.04294621
 0.06119052 0.07485287 0.14353298 0.0326911  0.08821095 0.05571308
 0.07485288 0.07485288 0.02186543]
[0.09300235 0.07161943 0.07161943 0.027628   0.07161943 0.04402544
 0.07755411 0.07161943 0.14228366 0.03156916 0.07580543 0.05312976
 0.07161944 0.07161944 0.02528546]
[0.09638616 0.06318939 0.06318939 0.02180514 0.06318939 0.03338024
 0.06793478 0.06318939 0.17836493 0.02764484 0.10822734 0.06680951
 0.06318942 0.06318942 0.02031065]
[0.08758116 0.07563209 0.07563209 0.02169004 0.07563209 0.03631118
 0.069289   0.07563209 0.15232259 0.02436505 0.07898441 0.05945684
 0.0756321  0.0756321  0.01620721]
[0.09744018 0.06850757 0.06850757 0.02577602 0.06850757 0.05564056
 0.07451824 0.06850757 0.09681155 0.03965997 0.10184724 0.06318206
 0.06850758 0.06850758 0.03407879]
[0.09553517 0.07377551 0.07377551 0.02178933 0.07377551 0.03604868
 0.07891161 0.07377551 0.1359483  0.03163169 0.08083439 0.05478618
 0.07377553 0.07377553 0.02186156]
[0.09300235 0.07161943 0.07161943 0.02762801 0.07161943 0.04402544
 0.0775541  0.07161943 0.14228368 0.03156916 0.07580545 0.05312976
 0.07161944 0.07161944 0.02528547]
[0.09300235 0.07161943 0.07161943 0.02762801 0.07161943 0.04402544
 0.0775541  0.07161943 0.14228368 0.03156916 0.07580545 0.05312976
 0.07161944 0.07161944 0.02528547]
[0.07342841 0.06568666 0.06568666 0.02701785 0.06568666 0.03439045
 0.06699907 0.06568666 0.15308833 0.0325739  0.11059455 0.08477951
 0.06568667 0.06568667 0.02300796]]