148102
Test: public void test0() throws Throwable { FingerClient fingerClient0 = new FingerClient(); // Undeclared exception!  fingerClient0.getInputStream(true, (String) null, (String) null);   }
Code: public InputStream getInputStream(final boolean longOutput, final String username) throws IOException { return getInputStream(longOutput, username, null); }
[[0.0471856  0.0589842  0.06546497 0.11109086 0.06546497 0.03874446
 0.05964771 0.06546497 0.10696733 0.02608676 0.06951699 0.05274478
 0.06546497 0.06546497 0.08015797 0.02154851]
[0.0483456  0.06186622 0.05994982 0.12143477 0.05994982 0.04380276
 0.07244854 0.05994982 0.11674678 0.02813907 0.08155639 0.05436052
 0.05994982 0.05994982 0.05324496 0.01830525]
[0.03758138 0.06589915 0.06173655 0.13472858 0.06173655 0.03784779
 0.06689925 0.06173655 0.12252055 0.02711901 0.06504248 0.04575754
 0.06173655 0.06173655 0.06620952 0.02171205]
[0.03302292 0.05179884 0.06242232 0.16209206 0.06242232 0.03265772
 0.06314883 0.06242232 0.11393376 0.02177014 0.08861241 0.05633695
 0.06242232 0.06242232 0.04819512 0.01631964]
[0.03758138 0.06589915 0.06173655 0.13472858 0.06173655 0.03784779
 0.06689925 0.06173655 0.12252055 0.02711901 0.06504248 0.04575754
 0.06173655 0.06173655 0.06620952 0.02171205]
[0.04475322 0.05253192 0.06455198 0.11699593 0.06455198 0.030613
 0.06468353 0.06455198 0.11073814 0.0297652  0.08278713 0.06527266
 0.06455198 0.06455198 0.06313834 0.01596107]
[0.04519555 0.06681801 0.06207259 0.13982362 0.06207259 0.03614637
 0.05075349 0.06207259 0.11937618 0.02769604 0.07534484 0.04669032
 0.06207259 0.06207259 0.06321711 0.01857551]
[0.03758138 0.06589915 0.06173655 0.13472858 0.06173655 0.03784779
 0.06689925 0.06173655 0.12252055 0.02711901 0.06504248 0.04575754
 0.06173655 0.06173655 0.06620952 0.02171205]
[0.03343607 0.06368169 0.05431177 0.14176157 0.05431177 0.02824547
 0.05860438 0.05431177 0.15311535 0.02320677 0.09049873 0.05650727
 0.05431177 0.05431177 0.06231713 0.01706678]
[0.03477155 0.05091057 0.06561181 0.14323744 0.06561181 0.03191024
 0.06007037 0.06561181 0.1319336  0.02158771 0.07041331 0.05206222
 0.06561181 0.06561181 0.06071982 0.01432412]
[0.05100093 0.05817584 0.06348245 0.10340229 0.06348245 0.0503728
 0.06950206 0.06348245 0.08850159 0.03549765 0.08946765 0.05771914
 0.06348245 0.06348245 0.04859347 0.03035433]
[0.03279172 0.06169906 0.06228659 0.15046765 0.06228659 0.03095998
 0.06574745 0.06228659 0.11411805 0.02745793 0.07042095 0.04652526
 0.06228659 0.06228659 0.06940056 0.01897848]
[0.03758138 0.06589915 0.06173655 0.13472858 0.06173655 0.03784779
 0.06689925 0.06173655 0.12252055 0.02711901 0.06504248 0.04575754
 0.06173655 0.06173655 0.06620952 0.02171205]
[0.03758138 0.06589915 0.06173655 0.13472858 0.06173655 0.03784779
 0.06689925 0.06173655 0.12252055 0.02711901 0.06504248 0.04575754
 0.06173655 0.06173655 0.06620952 0.02171205]
[0.03280855 0.05616583 0.06263889 0.14877087 0.06263889 0.02996264
 0.04864869 0.06263889 0.14273393 0.02196997 0.07965458 0.0600092
 0.06263889 0.06263889 0.05334184 0.0127394 ]
[0.03300583 0.05921174 0.05944359 0.10697082 0.05944359 0.0308506
 0.06035801 0.05944359 0.13800882 0.0290254  0.09799796 0.07589423
 0.05944359 0.05944359 0.05100492 0.02045365]]