10901
Test: public void test159() throws Throwable { int int0 = BooleanUtils.compare(true, true); }
Code: public static int compare(final boolean x, final boolean y) { if (x == y) { return 0; } return x ? 1 : -1; }
[[0.0266959  0.08060956 0.01679553 0.03703457 0.06610601 0.03432215
 0.02148887 0.06610601 0.06385647 0.03605915 0.07200475 0.03715521
 0.04197568 0.06385647 0.03605915 0.02943709 0.03632032 0.01147568
 0.02943709 0.06291584 0.04704968 0.02527677 0.0248261  0.02166028
 0.01147568]
[0.02687402 0.07356673 0.0137371  0.03597588 0.08018176 0.03222679
 0.02007775 0.08018176 0.05713354 0.04995016 0.07299517 0.0318767
 0.03377673 0.05713354 0.04995016 0.02560851 0.04331044 0.01340092
 0.02560851 0.05428001 0.04134138 0.02187507 0.02448553 0.02105087
 0.01340092]
[0.01688097 0.10365925 0.0123143  0.04371169 0.065623   0.03379791
 0.02280365 0.065623   0.04873264 0.03739051 0.09734874 0.03314728
 0.04291715 0.04873264 0.03739051 0.02715002 0.03428665 0.00815453
 0.02715002 0.06991283 0.04924441 0.02669012 0.01820152 0.02098215
 0.00815452]
[0.02153885 0.07560697 0.01388479 0.03583179 0.08016483 0.03727216
 0.02096519 0.08016483 0.06703833 0.03479525 0.05314815 0.03541598
 0.04070636 0.06703833 0.03479525 0.02615931 0.03587466 0.01177857
 0.02615931 0.06680679 0.04943017 0.02869983 0.02063659 0.02430912
 0.01177857]
[0.01839983 0.06934613 0.00907485 0.03530231 0.09660046 0.03625634
 0.01743916 0.09660046 0.06084685 0.04541086 0.06802583 0.02734866
 0.02795427 0.06084685 0.04541086 0.03014299 0.03182653 0.00852479
 0.03014299 0.07817043 0.0430622  0.02218138 0.01366106 0.01889909
 0.00852479]
[0.02649984 0.07275398 0.01251467 0.03945606 0.07524927 0.03063812
 0.02313983 0.07524927 0.05611763 0.04056905 0.06419435 0.0421432
 0.03336548 0.05611763 0.04056905 0.03748006 0.03638022 0.01011325
 0.03748006 0.06306846 0.04597393 0.02660543 0.02068268 0.02352526
 0.01011324]
[0.02476165 0.07316837 0.01105028 0.0387928  0.07452784 0.03456318
 0.01642712 0.07452784 0.05423176 0.04101219 0.08288845 0.03364821
 0.03677721 0.05423176 0.04101219 0.03598369 0.03045252 0.00813499
 0.03598369 0.07939922 0.04622331 0.02157671 0.0193713  0.02311871
 0.00813499]
[0.01839983 0.06934613 0.00907485 0.03530231 0.09660046 0.03625634
 0.01743916 0.09660046 0.06084685 0.04541086 0.06802583 0.02734866
 0.02795427 0.06084685 0.04541086 0.03014299 0.03182653 0.00852479
 0.03014299 0.07817043 0.0430622  0.02218138 0.01366106 0.01889909
 0.00852479]
[0.02317503 0.08521903 0.01370869 0.03369267 0.07677382 0.03029684
 0.02319002 0.07677382 0.06546723 0.03111089 0.08462136 0.03532225
 0.03563876 0.06546723 0.03111089 0.0304642  0.03682325 0.0093196
 0.0304642  0.06096789 0.05164062 0.02338454 0.01600872 0.02003885
 0.00931959]
[0.02962796 0.06945542 0.01422789 0.03898202 0.06574149 0.03701523
 0.0290758  0.06574149 0.06135413 0.04725881 0.05107762 0.04098468
 0.03178893 0.06135413 0.04725881 0.03414701 0.03872231 0.01672336
 0.03414701 0.05178152 0.03870826 0.02985592 0.02426646 0.02398041
 0.01672336]
[0.01510491 0.09408601 0.00745907 0.03447575 0.09371883 0.03218172
 0.01170451 0.09371883 0.07372396 0.03269282 0.08551818 0.02586626
 0.03061217 0.07372396 0.03269282 0.01995399 0.03434245 0.00497061
 0.01995399 0.09459372 0.03944641 0.01696803 0.01132742 0.01619301
 0.00497061]
[0.01791705 0.0900721  0.01170179 0.03185698 0.08197645 0.03231746
 0.01821954 0.08197645 0.0588836  0.04186123 0.07406303 0.03156219
 0.04057055 0.0588836  0.04186123 0.0290043  0.02842072 0.00636243
 0.0290043  0.07702351 0.05259926 0.02530761 0.0144219  0.01777036
 0.00636243]
[0.01399785 0.08430199 0.0084025  0.02207914 0.11111433 0.03671178
 0.01334229 0.11111433 0.05707853 0.0385465  0.07688671 0.029319
 0.03419161 0.05707853 0.0385465  0.02320519 0.03267623 0.00778429
 0.02320519 0.07470929 0.03958338 0.01749685 0.01940022 0.02144353
 0.00778429]
[0.02317503 0.08521903 0.01370869 0.03369267 0.07677382 0.03029684
 0.02319002 0.07677382 0.06546723 0.03111089 0.08462136 0.03532225
 0.03563876 0.06546723 0.03111089 0.0304642  0.03682325 0.0093196
 0.0304642  0.06096789 0.05164062 0.02338454 0.01600872 0.02003885
 0.00931959]
[0.02962796 0.06945542 0.01422789 0.03898202 0.06574149 0.03701523
 0.0290758  0.06574149 0.06135413 0.04725881 0.05107762 0.04098468
 0.03178893 0.06135413 0.04725881 0.03414701 0.03872231 0.01672336
 0.03414701 0.05178152 0.03870826 0.02985592 0.02426646 0.02398041
 0.01672336]
[0.01765711 0.082397   0.0104412  0.03501144 0.09095025 0.04384632
 0.01627302 0.09095025 0.06257278 0.03490515 0.07257544 0.03815493
 0.03388246 0.06257278 0.03490515 0.0255693  0.03246166 0.00954619
 0.0255693  0.06592268 0.0488286  0.02139504 0.01648711 0.01757865
 0.00954619]
[0.02340045 0.07347131 0.01296698 0.03334418 0.08386727 0.02990877
 0.02106617 0.08386727 0.06845858 0.03967322 0.07784188 0.02859719
 0.03264428 0.06845858 0.03967322 0.02874455 0.0393295  0.01067034
 0.02874455 0.05961109 0.03726185 0.02468214 0.02145114 0.02159524
 0.01067034]
[0.01818602 0.07498483 0.01383277 0.03425793 0.06419989 0.03479101
 0.01632615 0.06419989 0.06439285 0.04530517 0.06987    0.03520893
 0.03139356 0.06439285 0.04530517 0.03930497 0.03887761 0.00981845
 0.03930497 0.07274368 0.04633655 0.02665212 0.01666029 0.02383592
 0.00981845]
[0.01765711 0.082397   0.0104412  0.03501144 0.09095025 0.04384632
 0.01627302 0.09095025 0.06257278 0.03490515 0.07257544 0.03815493
 0.03388246 0.06257278 0.03490515 0.0255693  0.03246166 0.00954619
 0.0255693  0.06592268 0.0488286  0.02139504 0.01648711 0.01757865
 0.00954619]
[0.02869595 0.05823937 0.01639935 0.03831819 0.06229337 0.03516622
 0.02200476 0.06229337 0.06832578 0.04006451 0.06214665 0.03635566
 0.04024299 0.06832578 0.04006451 0.0335951  0.03458592 0.0169529
 0.0335951  0.05836412 0.04896623 0.02902592 0.02355248 0.02547282
 0.0169529 ]
[0.02047145 0.06525689 0.0089441  0.03198802 0.08731472 0.03373329
 0.01577432 0.08731472 0.05998679 0.04989061 0.07071541 0.03247453
 0.02520756 0.05998679 0.04989061 0.02825118 0.03507072 0.00942085
 0.02825118 0.08648358 0.04497959 0.01968408 0.02122161 0.01826657
 0.00942085]
[0.01878536 0.07362649 0.01087396 0.03058253 0.08585478 0.03121373
 0.01606925 0.08585478 0.07059404 0.03761645 0.08124261 0.03268368
 0.03511656 0.07059404 0.03761645 0.02515359 0.02392551 0.00870683
 0.02515359 0.08697309 0.04239988 0.02330471 0.01582076 0.02153042
 0.00870683]
[0.02657402 0.07610095 0.01642003 0.03202044 0.06684901 0.02521205
 0.01917961 0.06684901 0.05712327 0.04304482 0.06247545 0.03752335
 0.03210969 0.05712327 0.04304482 0.03341023 0.0379914  0.01464545
 0.03341023 0.07091987 0.05686391 0.0308413  0.01878861 0.02683378
 0.01464545]
[0.02837769 0.07086843 0.01645301 0.03212309 0.06458817 0.031576
 0.02086662 0.06458817 0.07261763 0.0477293  0.07330108 0.0333974
 0.0378723  0.07261763 0.0477293  0.03075953 0.03729035 0.01105934
 0.03075953 0.0541712  0.04666825 0.02345774 0.01677567 0.02329326
 0.01105933]
[0.01818602 0.07498481 0.01383277 0.03425793 0.06419991 0.03479102
 0.01632615 0.06419991 0.06439285 0.04530517 0.06986998 0.03520893
 0.03139356 0.06439285 0.04530517 0.03930496 0.0388776  0.00981845
 0.03930496 0.07274367 0.04633654 0.02665212 0.01666029 0.02383592
 0.00981845]]