78427
Test: public void test25() throws Throwable { RET rET0 = new RET(0); String string0 = rET0.toString(true); }
Code: public String toString( final boolean verbose ) { return super.toString(verbose) + " " + index; }
[[0.04724254 0.05979187 0.06554349 0.03872396 0.1117325  0.03201589
 0.08775768 0.06909079 0.05274543 0.06554349 0.03841805 0.07100032
 0.07100032 0.03841805 0.12951271 0.02146291]
[0.04716307 0.05329292 0.06519252 0.03737902 0.14896882 0.02782111
 0.08284518 0.07672507 0.04850022 0.06519252 0.04079345 0.06309493
 0.06309493 0.04079345 0.12011977 0.01902302]
[0.03714596 0.06712046 0.06149447 0.03664377 0.13627505 0.02734661
 0.09005242 0.06167278 0.04515835 0.06149447 0.05127318 0.06637242
 0.06637242 0.05127318 0.11954501 0.02075946]
[0.04607229 0.0702045  0.06998421 0.03092925 0.13168117 0.02906675
 0.09622215 0.07972815 0.06704598 0.06998421 0.04476752 0.05213632
 0.05213632 0.04476752 0.09964079 0.01563286]
[0.03525689 0.06946698 0.06731359 0.03389665 0.18111221 0.02372381
 0.08911793 0.08952898 0.05855002 0.06731359 0.02356416 0.05350124
 0.05350124 0.02356416 0.11389313 0.01669544]
[0.03262371 0.05881878 0.06779537 0.03124322 0.13565731 0.02642645
 0.09946039 0.0736196  0.04582205 0.06779537 0.03880463 0.07758203
 0.07758203 0.03880463 0.10907064 0.01889386]
[0.04276247 0.06420444 0.0569177  0.04138905 0.14067125 0.02902636
 0.0719093  0.09155831 0.04956055 0.0569177  0.04424478 0.06339391
 0.06339391 0.04424478 0.11706063 0.02274488]
[0.04798958 0.06805839 0.06159507 0.04723284 0.10231565 0.03000618
 0.08150524 0.08001254 0.05485638 0.06159507 0.05026064 0.06570385
 0.06570385 0.05026064 0.10514757 0.02775653]
[0.03227458 0.06775937 0.06261023 0.03011894 0.15690088 0.02301191
 0.08306408 0.06663734 0.04625024 0.06261023 0.04475597 0.08070289
 0.08070289 0.04475597 0.09976209 0.01808228]
[0.03714596 0.06712046 0.06149447 0.03664377 0.13627505 0.02734661
 0.09005242 0.06167278 0.04515835 0.06149447 0.05127318 0.06637242
 0.06637242 0.05127318 0.11954501 0.02075946]
[0.04743536 0.07575798 0.06550733 0.04326705 0.12101027 0.03320411
 0.07898063 0.06566387 0.05582543 0.06550733 0.03994846 0.0682006
 0.0682006  0.03994846 0.10886396 0.02267855]
[0.03597814 0.08229157 0.05884287 0.03522874 0.14892744 0.02199237
 0.08535743 0.08495682 0.04990853 0.05884287 0.0263521  0.06021959
 0.06021959 0.0263521  0.15138958 0.01314026]
[0.03597814 0.08229157 0.05884287 0.03522874 0.14892744 0.02199237
 0.08535743 0.08495682 0.04990853 0.05884287 0.0263521  0.06021959
 0.06021959 0.0263521  0.15138958 0.01314026]
[0.04743536 0.07575798 0.06550733 0.04326705 0.12101027 0.03320411
 0.07898063 0.06566387 0.05582543 0.06550733 0.03994846 0.0682006
 0.0682006  0.03994846 0.10886396 0.02267855]
[0.03314307 0.06918049 0.05672513 0.03503867 0.136358   0.02725696
 0.10086744 0.09627169 0.04918119 0.05672513 0.03651742 0.06089351
 0.06089351 0.03651742 0.12626387 0.01816647]
[0.0337134  0.06169287 0.06167909 0.03108253 0.11262336 0.02163227
 0.09665488 0.0945477  0.07591659 0.06167909 0.03736631 0.07650807
 0.07650807 0.03736631 0.10106434 0.01996511]]