35981
Test: public void test43() throws Throwable { LocalDateTime localDateTime0 = new LocalDateTime(2226448907958081320L); LocalDateTime localDateTime1 = localDateTime0.minusHours((-367)); DateTimeFieldType dateTimeFieldType0 = DateTimeFieldType.halfdayOfDay(); localDateTime1.get(dateTimeFieldType0); }
Code: public int get(DateTimeFieldType type) { if (type == null) { throw new IllegalArgumentException("The DateTimeFieldType must not be null"); } return type.getField(getChronology()).get(getLocalMillis()); }
[[0.04035645 0.02611379 0.05598205 0.04827978 0.05086158 0.10847855
 0.01666123 0.06449616 0.02206163 0.05086158 0.04089001 0.02055766
 0.02938939 0.06466708 0.0992119  0.03550793 0.0336084  0.0588843
 0.01654943 0.04404962 0.05598205 0.01654943]
[0.02575673 0.01939824 0.06822915 0.04552554 0.05350169 0.14830779
 0.00886441 0.06722128 0.01595256 0.05350169 0.03335312 0.0139411
 0.02999279 0.07837924 0.10047401 0.01865617 0.03882167 0.0468139
 0.01204189 0.04099589 0.06822918 0.01204189]
[0.03486573 0.02295253 0.05892469 0.0538548  0.05122455 0.08474639
 0.01601878 0.0668542  0.02464704 0.05122455 0.04111025 0.02615093
 0.02487876 0.07704215 0.11634605 0.02713538 0.04240843 0.0430799
 0.01769984 0.04221046 0.0589247  0.01769984]
[0.03974022 0.01895459 0.05522556 0.06768095 0.05552273 0.11452761
 0.01030365 0.05335755 0.01944393 0.05552273 0.03854041 0.02079952
 0.02583813 0.07550751 0.10060166 0.02795984 0.04128377 0.05032171
 0.01172171 0.05019893 0.05522558 0.01172171]
[0.04261605 0.0209401  0.05819982 0.05879236 0.06320203 0.07409662
 0.01923476 0.04682474 0.0286035  0.06320203 0.03870276 0.02454769
 0.02491235 0.05459674 0.09327538 0.0373847  0.04287447 0.05378844
 0.02313283 0.04973998 0.05819982 0.02313283]
[0.02699536 0.01374572 0.06529151 0.0657345  0.05052028 0.14988215
 0.00635687 0.0576104  0.01043659 0.05052028 0.02530248 0.01018925
 0.01791083 0.09407817 0.14518225 0.02110075 0.03316701 0.03954246
 0.00798701 0.03516758 0.06529152 0.007987  ]
[0.0308891  0.0243418  0.06343736 0.06195758 0.05421415 0.11094046
 0.00969529 0.06742831 0.01183765 0.05421415 0.03293661 0.0151003
 0.02875883 0.08747166 0.1221885  0.02211772 0.03764813 0.03734261
 0.00990724 0.04422795 0.06343738 0.00990724]
[0.02440485 0.01605237 0.04262046 0.06326225 0.05404103 0.13544469
 0.00902261 0.06206452 0.01600398 0.05404103 0.02855508 0.01583467
 0.02085879 0.1106537  0.1535955  0.01980877 0.03314842 0.03541936
 0.01148813 0.03957121 0.04262046 0.01148813]
[0.03165134 0.0181523  0.06086445 0.06341349 0.06380194 0.14573762
 0.00923436 0.06126624 0.02046482 0.06380194 0.02908345 0.01302211
 0.02536657 0.06896954 0.10267526 0.02795359 0.03246083 0.04243523
 0.01029643 0.03818765 0.06086446 0.01029643]
[0.04261605 0.0209401  0.05819982 0.05879236 0.06320203 0.07409662
 0.01923476 0.04682474 0.0286035  0.06320203 0.03870276 0.02454769
 0.02491235 0.05459674 0.09327538 0.0373847  0.04287447 0.05378844
 0.02313283 0.04973998 0.05819982 0.02313283]
[0.03077286 0.01931295 0.05139592 0.04995877 0.07248849 0.10549462
 0.01123935 0.0475323  0.01822181 0.07248849 0.03634503 0.0169111
 0.01857215 0.06229319 0.14596637 0.02544187 0.04137993 0.04585382
 0.01247996 0.0519752  0.05139593 0.01247996]
[0.03323684 0.0230359  0.05249672 0.05214252 0.05656141 0.11511019
 0.01291558 0.06427652 0.01932351 0.05656141 0.03786462 0.02202319
 0.0264132  0.06139173 0.12449989 0.02424158 0.04213842 0.04324677
 0.01668196 0.04665934 0.05249674 0.01668196]
[0.03395906 0.02725738 0.06048102 0.05307774 0.05940092 0.09666686
 0.01564607 0.06543237 0.0235806  0.05940092 0.03793395 0.01989223
 0.02632302 0.04646521 0.11362208 0.02940963 0.03900105 0.05278794
 0.01795534 0.0432702  0.06048104 0.01795534]
[0.0391197  0.02307057 0.05495431 0.05303534 0.06654073 0.13756593
 0.01646834 0.06270042 0.02064433 0.06654073 0.03860075 0.02039793
 0.03382903 0.04628196 0.08049513 0.02573431 0.03809897 0.0381808
 0.01468559 0.05341528 0.05495431 0.01468559]
[0.03121795 0.02064178 0.04915028 0.04910487 0.06349854 0.11536308
 0.01521705 0.05153722 0.02198501 0.06349854 0.0405916  0.02316624
 0.023662   0.07251966 0.10349918 0.02359105 0.05347367 0.04718378
 0.014925   0.05209818 0.04915029 0.014925  ]
[0.030517   0.02304677 0.05367631 0.04949066 0.0603543  0.10309312
 0.01716128 0.06384046 0.02367064 0.0603543  0.03917055 0.01938347
 0.02539686 0.06205349 0.10745548 0.0270576  0.04289643 0.05766059
 0.0174011  0.04524213 0.05367631 0.01740109]
[0.03428281 0.02527515 0.06326815 0.05793849 0.04707904 0.11378306
 0.01009891 0.05539747 0.02090434 0.04707904 0.03062639 0.01586957
 0.02519789 0.07365319 0.12067031 0.0274648  0.04241674 0.055985
 0.01623292 0.0372756  0.06326815 0.01623292]
[0.04160251 0.02503996 0.04737587 0.0557858  0.05468948 0.1238299
 0.01400314 0.06031743 0.02076127 0.05468948 0.03913134 0.01997927
 0.02882146 0.05745706 0.10541819 0.03152604 0.03515755 0.06348481
 0.01376206 0.04602942 0.04737587 0.01376206]
[0.02983148 0.02312386 0.05788884 0.05718658 0.06453443 0.11246532
 0.00878172 0.0506645  0.0191004  0.06453443 0.03815101 0.01665477
 0.02621663 0.062797   0.08511228 0.02890785 0.05163563 0.05393376
 0.01447216 0.06164635 0.05788885 0.01447216]
[0.02882121 0.01797632 0.0595608  0.05313566 0.05203659 0.12164895
 0.01132632 0.05844166 0.01736287 0.05203659 0.03340136 0.01739859
 0.01977819 0.06499966 0.14604554 0.03038739 0.03744454 0.04709491
 0.01447928 0.04258347 0.05956081 0.01447928]
[0.03486574 0.02295254 0.05892469 0.0538548  0.05122456 0.08474641
 0.01601879 0.06685419 0.02464705 0.05122456 0.04111025 0.02615093
 0.02487876 0.07704217 0.11634601 0.02713538 0.04240844 0.0430799
 0.01769985 0.04221047 0.0589247  0.01769984]
[0.02983148 0.02312386 0.05788884 0.05718658 0.06453443 0.11246531
 0.00878172 0.0506645  0.0191004  0.06453443 0.03815101 0.01665477
 0.02621663 0.06279704 0.08511224 0.02890785 0.05163562 0.05393375
 0.01447216 0.06164635 0.05788885 0.01447216]]