165831
Test: public void test10() throws Throwable { int[] intArray0 = new int[1]; XoShiRo128PlusPlus xoShiRo128PlusPlus0 = new XoShiRo128PlusPlus(intArray0); byte[] byteArray0 = xoShiRo128PlusPlus0.getStateInternal(); }
Code: protected byte[] getStateInternal() { final int[] state = {booleanSource, booleanBitMask}; return composeStateInternal(NumberFactory.makeByteArray(state), super.getStateInternal()); }
[[0.07138722 0.05370302 0.06445411 0.09267546 0.03890555 0.20652343
 0.10665697 0.03384791 0.0644541  0.0644541  0.05579965 0.0644541
 0.06445411 0.01823022]
[0.06172566 0.06286351 0.06791984 0.07151036 0.04353382 0.18561034
 0.10429969 0.03793676 0.06791984 0.06791984 0.0727342  0.06791984
 0.06791984 0.02018654]
[0.08501018 0.06596856 0.06671327 0.07287601 0.04177669 0.17576513
 0.10542594 0.04563216 0.06671328 0.06671328 0.04979526 0.06671328
 0.06671329 0.02418372]
[0.09526332 0.06334156 0.06552675 0.09314978 0.05218855 0.12660292
 0.1062303  0.044345   0.06552677 0.06552677 0.05971305 0.06552677
 0.06552678 0.03153167]
[0.05854725 0.05766201 0.07192023 0.08975604 0.03354811 0.1791404
 0.09455806 0.03801476 0.07192023 0.07192023 0.07180279 0.07192023
 0.07192024 0.01736937]
[0.07230103 0.07167532 0.06416647 0.08646514 0.04440125 0.16426325
 0.11297514 0.03747919 0.06416648 0.06416648 0.06718415 0.06416648
 0.06416649 0.02242312]
[0.07440361 0.05526778 0.06846818 0.08133018 0.04343528 0.16877452
 0.12046889 0.03333249 0.06846818 0.06846818 0.05826357 0.06846818
 0.06846818 0.02238283]
[0.08533318 0.04191049 0.07971349 0.06698447 0.04764058 0.13580164
 0.08505648 0.04771851 0.0797135  0.0797135  0.06254832 0.0797135
 0.07971351 0.02843877]
[0.08501018 0.06596856 0.06671327 0.07287601 0.04177669 0.17576513
 0.10542594 0.04563216 0.06671328 0.06671328 0.04979526 0.06671328
 0.06671329 0.02418372]
[0.08501018 0.06596856 0.06671327 0.07287601 0.04177669 0.17576513
 0.10542594 0.04563216 0.06671328 0.06671328 0.04979526 0.06671328
 0.06671329 0.02418372]
[0.07890242 0.05258761 0.06312668 0.07329918 0.03184318 0.2505821
 0.09678898 0.03327338 0.06312668 0.06312668 0.04739293 0.06312668
 0.0631267  0.01969677]
[0.08501018 0.06596856 0.06671327 0.07287601 0.04177669 0.17576513
 0.10542594 0.04563216 0.06671328 0.06671328 0.04979526 0.06671328
 0.06671329 0.02418372]
[0.0850102  0.06596855 0.06671329 0.07287602 0.0417767  0.17576508
 0.10542594 0.04563216 0.06671329 0.06671329 0.04979527 0.06671329
 0.06671329 0.02418372]
[0.07402395 0.04246712 0.06498133 0.10260841 0.03313676 0.15133779
 0.13529724 0.03348832 0.06498133 0.06498133 0.08117114 0.06498133
 0.06498134 0.02156258]]