1366
Test: public void test70() throws Throwable { PnmImageParser pnmImageParser0 = new PnmImageParser(); DataInputStream dataInputStream0 = new DataInputStream((InputStream) null); ByteSourceInputStream byteSourceInputStream0 = new ByteSourceInputStream(dataInputStream0, "%'E&}AG,|q2"); // Undeclared exception!  pnmImageParser0.dumpImageFile((ByteSource) byteSourceInputStream0);   }
Code: public final String dumpImageFile(final byte[] bytes) throws ImageReadException, IOException { return dumpImageFile(new ByteSourceArray(bytes)); }
[[0.05977813 0.04825771 0.07645294 0.08292977 0.08542313 0.05305544
 0.14009804 0.08292977 0.03144019 0.08180083 0.06604673 0.08292978
 0.08292979 0.02592774]
[0.05423511 0.0362933  0.08335723 0.08308115 0.06703404 0.06113102
 0.1415309  0.08308115 0.03418677 0.09276719 0.07889505 0.08308114
 0.08308115 0.01824476]
[0.05891573 0.04550073 0.06772756 0.08289947 0.07971272 0.05349841
 0.15760837 0.08289947 0.03393476 0.08919713 0.05980693 0.08289947
 0.08289948 0.02249977]
[0.04893385 0.04751369 0.08940776 0.08147804 0.0827355  0.04858444
 0.15862867 0.08147804 0.03355928 0.07865152 0.05942047 0.08147804
 0.08147806 0.02665257]
[0.05695373 0.0480615  0.08643686 0.07553804 0.07026555 0.04898954
 0.17337826 0.07553804 0.03370895 0.07771378 0.08023727 0.07553804
 0.07553805 0.02210238]
[0.04424519 0.04064862 0.09701224 0.06589715 0.08979745 0.05179216
 0.1997281  0.06589715 0.03194185 0.09575427 0.06223189 0.06589714
 0.06589715 0.02325964]
[0.04325754 0.03581783 0.08074006 0.07370635 0.07025467 0.03899373
 0.20671545 0.07370635 0.02836379 0.10856286 0.07151221 0.07370637
 0.07370638 0.02095635]
[0.04893385 0.04751369 0.08940776 0.08147804 0.0827355  0.04858444
 0.15862867 0.08147804 0.03355928 0.07865152 0.05942047 0.08147804
 0.08147806 0.02665257]
[0.04616525 0.04012776 0.0806625  0.08783612 0.06058813 0.05067855
 0.17793956 0.08783612 0.02605015 0.08229263 0.06664522 0.0878361
 0.08783612 0.01750581]
[0.06030258 0.05933812 0.08573844 0.07755133 0.0753952  0.05811363
 0.1058757  0.07755133 0.04104268 0.10020018 0.0689759  0.07755134
 0.07755135 0.03481224]
[0.04299239 0.03957149 0.09500924 0.08543584 0.07312938 0.04378817
 0.16016549 0.08543584 0.0335159  0.08460345 0.06232351 0.08543584
 0.08543586 0.02315748]
[0.04893385 0.04751369 0.08940776 0.08147804 0.0827355  0.04858444
 0.15862867 0.08147804 0.03355928 0.07865152 0.05942047 0.08147804
 0.08147806 0.02665257]
[0.04893386 0.04751369 0.08940776 0.08147804 0.08273548 0.04858444
 0.1586287  0.08147804 0.03355928 0.07865153 0.05942049 0.08147804
 0.08147805 0.02665258]
[0.04138286 0.03772059 0.07576863 0.07667939 0.04973597 0.05511892
 0.17397387 0.07667939 0.03397936 0.11046043 0.09156926 0.07667939
 0.07667941 0.02357248]]