134291
Test: public void test14() throws Throwable { Object[] objectArray0 = new Object[4]; objectArray0[0] = (Object) "cOT)B"; // Undeclared exception!  Validate.noNullElements(objectArray0, "cOT)B");   }
Code: public static void noNullElements(Object[] objects) { noNullElements(objects, "Array must not contain any null objects"); }
[[0.04988743 0.15002905 0.04041614 0.0692073  0.0692073  0.06703663
 0.0692073  0.0692073  0.11698731 0.04641343 0.08240118 0.02267384
 0.05674972 0.0692073  0.02136876]
[0.05010459 0.13961038 0.03438224 0.06676902 0.06676902 0.0960089
 0.06676902 0.06676902 0.09908029 0.03980594 0.11281511 0.02244054
 0.04632695 0.06676902 0.02558004]
[0.03821533 0.1492537  0.03538091 0.07123367 0.07123367 0.07588916
 0.07123367 0.07123367 0.12159269 0.03637754 0.09937426 0.01999909
 0.04503561 0.07123369 0.02271329]
[0.03938507 0.14543284 0.03787523 0.06427241 0.06427241 0.07052551
 0.06427241 0.06427241 0.11133633 0.03491381 0.13955428 0.03440451
 0.04182348 0.06427242 0.02338686]
[0.03938507 0.14543284 0.03787523 0.06427241 0.06427241 0.07052551
 0.06427241 0.06427241 0.11133633 0.03491381 0.13955428 0.03440451
 0.04182348 0.06427242 0.02338686]
[0.05230391 0.12667228 0.04605714 0.06640136 0.06640136 0.08884523
 0.06640136 0.06640136 0.09982768 0.04984234 0.09596618 0.03604584
 0.04186416 0.06640138 0.03056839]
[0.03938507 0.14543284 0.03787523 0.06427241 0.06427241 0.07052551
 0.06427241 0.06427241 0.11133633 0.03491381 0.13955428 0.03440451
 0.04182348 0.06427242 0.02338686]
[0.03938507 0.14543284 0.03787523 0.06427241 0.06427241 0.07052551
 0.06427241 0.06427241 0.11133633 0.03491381 0.13955428 0.03440451
 0.04182348 0.06427242 0.02338686]
[0.03887494 0.17100434 0.0344841  0.05928937 0.05928937 0.10016322
 0.05928937 0.05928937 0.11278158 0.03546983 0.12087698 0.0299184
 0.03777095 0.05928937 0.02220884]
[0.03698502 0.16327907 0.03807776 0.06268452 0.06268452 0.08418339
 0.06268452 0.06268452 0.11897585 0.03672172 0.10965107 0.02683273
 0.04911073 0.06268452 0.02276015]
[0.03779515 0.16033444 0.03669747 0.06238589 0.06238589 0.08579818
 0.06238589 0.06238589 0.10959399 0.03830991 0.11821675 0.02871686
 0.04816446 0.06238589 0.02444334]
[0.04765966 0.14153498 0.02563064 0.06308722 0.06308722 0.1016565
 0.06308722 0.06308722 0.12440245 0.03196375 0.13343868 0.01999131
 0.03830295 0.06308725 0.01998295]
[0.04401029 0.13030073 0.03485993 0.06665523 0.06665523 0.11078532
 0.06665523 0.06665523 0.11633162 0.03618979 0.1088417  0.02878335
 0.03999947 0.06665525 0.0166216 ]
[0.03938507 0.14543283 0.03787523 0.06427241 0.06427241 0.07052552
 0.06427241 0.06427241 0.11133633 0.03491382 0.13955429 0.03440451
 0.04182348 0.06427242 0.02338687]
[0.03591409 0.16503257 0.03447632 0.0651269  0.0651269  0.1040598
 0.0651269  0.0651269  0.09073653 0.04152293 0.11894526 0.02205399
 0.03979779 0.06512692 0.02182619]]