135751
Test: public void test437() throws Throwable { TokenQueue tokenQueue0 = new TokenQueue("m\"2UN3<'JNi+Y9QH R"); String string0 = tokenQueue0.chompToIgnoreCase("'"); String[] stringArray0 = new String[3]; stringArray0[0] = "'"; stringArray0[1] = "m\"2UN3<"; stringArray0[2] = "m\"2UN3<'JNi+Y9QH R"; String string1 = tokenQueue0.consumeToAny(stringArray0); }
Code: public String consumeToAny(String... seq) { int start = pos; while (!isEmpty() && !matchesAny(seq)) { pos++; } return queue.substring(start, pos); }
[[0.04689744 0.06076173 0.06505521 0.06505521 0.05864462 0.03043769
 0.02879006 0.02926074 0.0296171  0.11224253 0.06505521 0.02946291
 0.06505521 0.05864462 0.07155924 0.01913099 0.05113231 0.04075581
 0.05331043 0.01913099]
[0.04477068 0.05225972 0.06399986 0.06399986 0.06321672 0.02432781
 0.02617691 0.03048427 0.03085867 0.12279832 0.06399986 0.03161347
 0.06399986 0.06321672 0.08561125 0.01623    0.0449128  0.03851214
 0.05278109 0.01622999]
[0.03754783 0.06963938 0.06301124 0.06301124 0.05763252 0.02448754
 0.02499976 0.03995187 0.04078208 0.10697359 0.06301124 0.02724006
 0.06301124 0.05763252 0.07337059 0.01972262 0.04552267 0.03934757
 0.0633819  0.01972262]
[0.03754783 0.06963938 0.06301124 0.06301124 0.05763252 0.02448754
 0.02499976 0.03995187 0.04078208 0.10697359 0.06301124 0.02724006
 0.06301124 0.05763252 0.07337059 0.01972262 0.04552267 0.03934757
 0.0633819  0.01972262]
[0.04564504 0.06898564 0.06156063 0.06156063 0.06943361 0.02225533
 0.02819734 0.03782078 0.03203994 0.07998359 0.06156063 0.03919445
 0.06156063 0.06943361 0.06659069 0.02511283 0.05304799 0.04713035
 0.04377347 0.02511282]
[0.02911209 0.05728101 0.07608771 0.07608771 0.06285238 0.02151643
 0.0219956  0.02456938 0.02443849 0.11760931 0.07608771 0.02472885
 0.07608771 0.06285238 0.06353427 0.01387912 0.04662447 0.04431142
 0.06646487 0.01387912]
[0.04725785 0.06062727 0.06623849 0.06623849 0.05913291 0.02424628
 0.02570095 0.02640698 0.02889905 0.11434783 0.06623849 0.03056928
 0.06623849 0.05913291 0.07830192 0.01886711 0.05260887 0.04293804
 0.0471417  0.01886711]
[0.04759259 0.05669326 0.0673667  0.0673667  0.05198408 0.02906468
 0.03323682 0.03895056 0.03665622 0.07326555 0.0673667  0.04013978
 0.0673667  0.05198408 0.0705297  0.02289915 0.05190337 0.04865577
 0.05407843 0.02289916]
[0.03907868 0.06857222 0.06299581 0.06299581 0.0741302  0.01965938
 0.02830012 0.0340107  0.03521799 0.09805389 0.06299581 0.02748737
 0.06299581 0.0741302  0.0712954  0.017124   0.05612529 0.03500923
 0.05269813 0.017124  ]
[0.03591549 0.06552707 0.05934352 0.05934352 0.07319759 0.02349483
 0.02675955 0.03179365 0.0278929  0.1293802  0.05934352 0.02763898
 0.05934352 0.07319759 0.07623126 0.01322054 0.05180567 0.04457886
 0.04877113 0.01322054]
[0.03754783 0.06963938 0.06301124 0.06301124 0.05763252 0.02448754
 0.02499976 0.03995187 0.04078208 0.10697359 0.06301124 0.02724006
 0.06301124 0.05763252 0.07337059 0.01972262 0.04552267 0.03934757
 0.0633819  0.01972262]
[0.03511854 0.06729174 0.06664921 0.06664921 0.06402024 0.01937284
 0.02370649 0.0300965  0.0329519  0.12122903 0.06664921 0.02311816
 0.06664921 0.06402024 0.07972711 0.02080548 0.04494333 0.03686745
 0.04932868 0.02080548]
[0.03754783 0.06963938 0.06301124 0.06301124 0.05763252 0.02448754
 0.02499976 0.03995187 0.04078208 0.10697359 0.06301124 0.02724006
 0.06301124 0.05763252 0.07337059 0.01972262 0.04552267 0.03934757
 0.0633819  0.01972262]
[0.04564504 0.06898564 0.06156063 0.06156063 0.06943361 0.02225533
 0.02819734 0.03782078 0.03203994 0.07998359 0.06156063 0.03919445
 0.06156063 0.06943361 0.06659069 0.02511283 0.05304799 0.04713035
 0.04377347 0.02511282]
[0.03163846 0.05468614 0.0614158  0.0614158  0.05950018 0.02514078
 0.02675625 0.03313918 0.03305238 0.13886642 0.0614158  0.02506342
 0.0614158  0.05950018 0.09082763 0.01904281 0.05384789 0.04026327
 0.04396898 0.01904281]
[0.03155238 0.05782302 0.05971354 0.05971354 0.07700544 0.02407036
 0.01721303 0.02808797 0.02515116 0.12352797 0.05971354 0.02650986
 0.05971354 0.07700544 0.07737307 0.01676794 0.06773137 0.03951606
 0.05504283 0.01676794]
[0.03188492 0.07551777 0.06552802 0.06552802 0.0583134  0.01974633
 0.02598246 0.03092706 0.03419558 0.14451873 0.06552802 0.02179579
 0.06552802 0.0583134  0.07752743 0.01618486 0.04698222 0.03618015
 0.04363294 0.01618486]
[0.04102457 0.06219661 0.05898463 0.05898463 0.07295318 0.0248194
 0.02342083 0.02795858 0.03206947 0.12293293 0.05898463 0.02511838
 0.05898463 0.07295318 0.0663168  0.01960159 0.05597321 0.04095679
 0.0561644  0.01960159]
[0.04214205 0.07554232 0.06373279 0.06373279 0.06936535 0.01997855
 0.02338661 0.02657144 0.03713841 0.11598429 0.06373279 0.02847531
 0.06373279 0.06936535 0.06430435 0.01648773 0.04201926 0.03829667
 0.05952339 0.01648773]
[0.03155238 0.05782302 0.05971354 0.05971354 0.07700544 0.02407036
 0.01721303 0.02808797 0.02515116 0.12352797 0.05971354 0.02650986
 0.05971354 0.07700544 0.07737307 0.01676794 0.06773137 0.03951606
 0.05504283 0.01676794]]