166840
Test: public void test8() throws Throwable { ConfigurationInterpolator configurationInterpolator0 = new ConfigurationInterpolator(); HashMap<String, ConstantLookup> hashMap0 = new HashMap<String, ConstantLookup>(); ConstantLookup constantLookup0 = new ConstantLookup(); hashMap0.put((String) null, constantLookup0); // Undeclared exception!  configurationInterpolator0.registerLookups(hashMap0);   }
Code: public void registerLookups(final Map<String, ? extends Lookup> lookups) { if (lookups != null) { prefixLookups.putAll(lookups); } }
[[0.04946484 0.03970648 0.06861823 0.08980975 0.0902109  0.03293124
 0.06861823 0.06861823 0.06352161 0.13308224 0.06861823 0.02669292
 0.02688138 0.06352161 0.06861823 0.02054293 0.02054293]
[0.03784682 0.03262665 0.07406995 0.09862912 0.08225904 0.04299747
 0.07406995 0.07406995 0.06409042 0.12562494 0.07406995 0.02323751
 0.01908477 0.06409042 0.07406995 0.01958153 0.01958153]
[0.0424365  0.03642348 0.0716369  0.08983892 0.10234764 0.0415771
 0.0716369  0.0716369  0.06280492 0.10326368 0.0716369  0.02696257
 0.03002426 0.06280492 0.0716369  0.02166578 0.02166577]
[0.03103726 0.02351829 0.07745548 0.08052038 0.08464663 0.05504557
 0.07745548 0.07745548 0.06255839 0.15165418 0.07745548 0.01606169
 0.01369498 0.06255839 0.07745548 0.01571343 0.01571342]
[0.04091086 0.02623271 0.06521758 0.09262045 0.09764284 0.03541972
 0.06521758 0.06521758 0.08378722 0.13802812 0.06521758 0.02238327
 0.02046845 0.08378722 0.06521758 0.0163156  0.0163156 ]
[0.0447337  0.03838716 0.07340868 0.08338042 0.07420273 0.03147949
 0.07340868 0.07340868 0.07277366 0.11810049 0.07340868 0.02676215
 0.02799838 0.07277366 0.07340868 0.0211824  0.0211824 ]
[0.0424365  0.03642348 0.0716369  0.08983892 0.10234764 0.0415771
 0.0716369  0.0716369  0.06280492 0.10326368 0.0716369  0.02696257
 0.03002426 0.06280492 0.0716369  0.02166578 0.02166577]
[0.0424365  0.03642348 0.0716369  0.08983892 0.10234764 0.0415771
 0.0716369  0.0716369  0.06280492 0.10326368 0.0716369  0.02696257
 0.03002426 0.06280492 0.0716369  0.02166578 0.02166577]
[0.05049746 0.04365471 0.06824697 0.09039651 0.06841137 0.04124878
 0.06824697 0.06824697 0.0764967  0.08758879 0.06824697 0.03495397
 0.03357803 0.0764967  0.06824697 0.02772108 0.02772108]
[0.03205995 0.02401611 0.07454971 0.0812576  0.08645938 0.04519368
 0.07454971 0.07454971 0.06643167 0.18040556 0.07454971 0.01228711
 0.01227929 0.06643167 0.07454971 0.01021471 0.0102147 ]
[0.0424365  0.03642348 0.0716369  0.08983892 0.10234764 0.0415771
 0.0716369  0.0716369  0.06280492 0.10326368 0.0716369  0.02696257
 0.03002426 0.06280492 0.0716369  0.02166578 0.02166577]
[0.03775092 0.02521358 0.06570826 0.08406599 0.11252441 0.04606939
 0.06570826 0.06570826 0.07943624 0.1429227  0.06570826 0.01534542
 0.01952847 0.07943624 0.06570826 0.01458266 0.01458266]
[0.03683635 0.02776842 0.06749149 0.07858595 0.08499042 0.03554542
 0.06749149 0.06749149 0.08133048 0.16765708 0.06749149 0.02019344
 0.02300218 0.08133048 0.06749149 0.01265118 0.01265118]
[0.05049746 0.04365471 0.06824697 0.09039651 0.06841137 0.04124878
 0.06824697 0.06824697 0.0764967  0.08758879 0.06824697 0.03495397
 0.03357803 0.0764967  0.06824697 0.02772108 0.02772108]
[0.0424365  0.03642348 0.0716369  0.08983892 0.10234764 0.0415771
 0.0716369  0.0716369  0.06280492 0.10326368 0.0716369  0.02696257
 0.03002426 0.06280492 0.0716369  0.02166578 0.02166577]
[0.03418077 0.0317019  0.06392454 0.09609564 0.08584065 0.04079774
 0.06392454 0.06392454 0.08782841 0.1319085  0.06392454 0.02496778
 0.02142571 0.08782841 0.06392454 0.01890091 0.01890091]
[0.03418077 0.0317019  0.06392454 0.09609561 0.08584065 0.04079774
 0.06392454 0.06392454 0.08782842 0.13190849 0.06392454 0.02496778
 0.02142571 0.08782842 0.06392454 0.01890091 0.01890091]]