151505
Test: public void test37() throws Throwable { BeanMap beanMap0 = new BeanMap(); beanMap0.setBean(beanMap0); boolean boolean0 = beanMap0.containsKey(beanMap0); }
Code: public boolean containsKey(final Object name) { final Method method = getReadMethod(name); return method != null; }
[[0.05118635 0.1151213  0.07102074 0.03977453 0.04788329 0.08082661
 0.04274363 0.12296272 0.05264492 0.03301029 0.07102074 0.05788571
 0.05264492 0.0295465  0.10716732 0.02456043]
[0.03704285 0.16703059 0.06879345 0.02906279 0.04075717 0.10872553
 0.03841532 0.11601019 0.04358252 0.02926669 0.06879345 0.06612998
 0.04358252 0.02050891 0.10265432 0.01964369]
[0.03931427 0.13564306 0.06377646 0.03237598 0.05074525 0.07250188
 0.04089811 0.12768127 0.04683636 0.04441997 0.06377646 0.04798514
 0.04683636 0.02793108 0.13537005 0.0239084 ]
[0.04694448 0.15316038 0.05759679 0.03187047 0.03756293 0.11336407
 0.03459064 0.10774282 0.05430536 0.03483952 0.05759679 0.05727832
 0.05430536 0.03088344 0.10770689 0.02025178]
[0.05406431 0.12741385 0.05313488 0.03436414 0.04898456 0.07126706
 0.04039258 0.11092006 0.06196109 0.0400379  0.05313488 0.05428184
 0.06196109 0.03690371 0.12013368 0.03104438]
[0.05316582 0.10449223 0.06495377 0.0316641  0.05726134 0.09600832
 0.05261994 0.0709694  0.05943313 0.04473747 0.06495377 0.05981075
 0.05943313 0.03954326 0.10878119 0.03217234]
[0.04994375 0.12231892 0.06944854 0.03498127 0.03832482 0.09642445
 0.03459361 0.12476193 0.05558472 0.03843949 0.06944854 0.07295353
 0.05558472 0.02453329 0.0942601  0.01839836]
[0.04882105 0.13281977 0.06767382 0.03397842 0.05036888 0.0918776
 0.0444798  0.11084019 0.05136215 0.03565785 0.06767382 0.05834343
 0.05136215 0.02846562 0.10535282 0.0209227 ]
[0.0340974  0.18964404 0.05879352 0.03981962 0.03812521 0.09418566
 0.0344125  0.12135    0.04599195 0.03238981 0.05879352 0.05541576
 0.04599195 0.02282451 0.10936963 0.01879486]
[0.05518109 0.10380702 0.07784693 0.03753716 0.06933386 0.06956848
 0.04673462 0.07621206 0.0550083  0.04783729 0.07784693 0.06194277
 0.0550083  0.04760914 0.08973442 0.02879162]
[0.03931427 0.13564306 0.06377646 0.03237598 0.05074525 0.07250188
 0.04089811 0.12768127 0.04683636 0.04441997 0.06377646 0.04798514
 0.04683636 0.02793108 0.13537005 0.0239084 ]
[0.03629054 0.15458399 0.06716202 0.03453192 0.04502822 0.08155849
 0.03474161 0.11922821 0.05234984 0.03612661 0.06716202 0.05086756
 0.05234984 0.0236791  0.12252736 0.02181264]
[0.0340974  0.18964404 0.05879352 0.03981962 0.03812521 0.09418566
 0.0344125  0.12135    0.04599195 0.03238981 0.05879352 0.05541576
 0.04599195 0.02282451 0.10936963 0.01879486]
[0.03689833 0.14427574 0.06540933 0.03354082 0.03838608 0.11226453
 0.04761977 0.10065281 0.05080209 0.03280706 0.06540933 0.05474318
 0.05080209 0.01790653 0.13012025 0.0183621 ]
[0.04533615 0.13579232 0.07772909 0.03160529 0.05274398 0.07601877
 0.04254583 0.11101522 0.06070913 0.02952894 0.07772909 0.05745105
 0.06070913 0.02874185 0.08934973 0.0229944 ]
[0.03399014 0.1066893  0.06022304 0.0368086  0.05059417 0.10665705
 0.03221441 0.09553872 0.06545563 0.03283256 0.06022304 0.07981581
 0.06545563 0.0269938  0.12448652 0.02202161]]