151649
Test: public void test1() throws Throwable { BeanUtilsBean2 beanUtilsBean2_0 = new BeanUtilsBean2(); Class<Object> class0 = Object.class; Object object0 = beanUtilsBean2_0.convert((Object) null, class0); }
Code: protected Object convert(final Object value, final Class<?> type) { return getConvertUtils().convert(value, type); }
[[0.13316494 0.04655961 0.11049615 0.04655961 0.05538134 0.05741653
 0.04136762 0.1035587  0.12590477 0.086127   0.11049613 0.05723402
 0.02573359]
[0.14209774 0.04955755 0.09242874 0.04955755 0.05586056 0.05110876
 0.03631361 0.1251905  0.14746362 0.0868696  0.09242875 0.04372102
 0.0274019 ]
[0.14854541 0.04970046 0.1070126  0.04970046 0.07386032 0.06124767
 0.03483646 0.09717242 0.09988818 0.07758252 0.10701259 0.05938594
 0.03405499]
[0.14209774 0.04955755 0.09242874 0.04955755 0.05586056 0.05110876
 0.03631361 0.1251905  0.14746362 0.0868696  0.09242875 0.04372102
 0.0274019 ]
[0.15790567 0.0511559  0.09715252 0.0511559  0.05603923 0.05644289
 0.03053116 0.1042709  0.15193604 0.07837304 0.09715252 0.0419549
 0.0259294 ]
[0.10065179 0.05575671 0.11815864 0.05575671 0.05476586 0.0507162
 0.03282083 0.11082502 0.12793972 0.11072318 0.11815863 0.03844472
 0.02528192]
[0.13337934 0.06096356 0.09905844 0.06096356 0.07879478 0.05880902
 0.03032361 0.08346127 0.11276906 0.09920248 0.09905846 0.05037254
 0.03284383]
[0.1550036  0.05330589 0.0913901  0.05330589 0.0594575  0.06175189
 0.03487051 0.10913877 0.12184489 0.09215683 0.09139011 0.0523105
 0.02407347]
[0.13968922 0.04401375 0.09366828 0.04401375 0.08197124 0.07284557
 0.03723453 0.09526232 0.12588826 0.08413155 0.09366828 0.04435264
 0.0432606 ]
[0.15714586 0.05251208 0.11251257 0.05251208 0.06063702 0.05095876
 0.04231117 0.09796648 0.10663731 0.08148019 0.11251257 0.04346304
 0.02935091]
[0.14854541 0.04970046 0.1070126  0.04970046 0.07386032 0.06124767
 0.03483646 0.09717242 0.09988818 0.07758252 0.10701259 0.05938594
 0.03405499]
[0.14387117 0.04705954 0.11121881 0.04705954 0.05619541 0.04979434
 0.03516361 0.0917006  0.12887207 0.10167596 0.11121882 0.04555471
 0.03061537]
[0.11873269 0.05549386 0.10102814 0.05549386 0.0553998  0.04918881
 0.03280612 0.10007781 0.14161894 0.11909164 0.10102814 0.03967296
 0.03036725]]