84226
Test: public void test67() throws Throwable { UnknownAttributeReader unknownAttributeReader0 = mock(UnknownAttributeReader.class, new ViolatedAssumptionAnswer()); Attribute.addAttributeReader("=+dB$&>X_&o", unknownAttributeReader0); }
Code: public static void addAttributeReader(final String name, final AttributeReader r) { readers.put(name, r); }
[[0.05548845 0.13724369 0.04284059 0.07696122 0.07355933 0.14621373
 0.04237843 0.07696122 0.11601244 0.05760707 0.07696122 0.0777146
 0.02005803]
[0.05588154 0.13685809 0.03407785 0.07681558 0.08762113 0.123643
 0.03929371 0.07681558 0.0998656  0.08492322 0.07681558 0.08343623
 0.02395289]
[0.04618044 0.13331051 0.035964   0.09599614 0.07542638 0.1452244
 0.03582011 0.09599614 0.08490565 0.06056027 0.09599615 0.07536983
 0.01924989]
[0.04532834 0.14446005 0.03626417 0.07795477 0.08804189 0.12565038
 0.04000061 0.07795477 0.10631122 0.05914489 0.07795477 0.09991956
 0.02101458]
[0.05714469 0.14787225 0.03752223 0.0847965  0.06915866 0.14156398
 0.04055064 0.0847965  0.08679388 0.06655326 0.0847965  0.08042247
 0.01802856]
[0.05414172 0.12217133 0.04530428 0.08980303 0.06786387 0.11803512
 0.04295512 0.08980303 0.10608669 0.07590377 0.08980305 0.07208791
 0.02604102]
[0.05158854 0.14953281 0.03661673 0.08703921 0.08749445 0.12244114
 0.03319192 0.08703921 0.07202087 0.07575735 0.0870392  0.09469703
 0.0155415 ]
[0.04532834 0.14446005 0.03626417 0.07795477 0.08804189 0.12565038
 0.04000061 0.07795477 0.10631122 0.05914489 0.07795477 0.09991956
 0.02101458]
[0.05163105 0.15495324 0.03673368 0.08552299 0.08007173 0.13129964
 0.03645692 0.08552299 0.08457653 0.06489544 0.08552299 0.08519477
 0.01761802]
[0.0554951  0.12434603 0.04769345 0.07643749 0.08614855 0.09736653
 0.05415623 0.07643749 0.09557106 0.08084714 0.0764375  0.09922054
 0.02984288]
[0.04532834 0.14446005 0.03626417 0.07795477 0.08804189 0.12565038
 0.04000061 0.07795477 0.10631122 0.05914489 0.07795477 0.09991956
 0.02101458]
[0.05173608 0.14761427 0.04109298 0.08237226 0.08625432 0.14882697
 0.03652057 0.08237226 0.06833762 0.06977145 0.08237226 0.0848725
 0.01785645]
[0.04048765 0.1363107  0.03462552 0.08083332 0.07437708 0.18808755
 0.03430759 0.08083332 0.05736067 0.07450046 0.08083332 0.0999865
 0.0174564 ]]