37456
Test: public void test202() throws Throwable { Period period0 = Period.minutes(2041); Period period1 = period0.withSeconds(6); }
Code: public Period withSeconds(int seconds) { int[] values = getValues(); // cloned getPeriodType().setIndexedField(this, PeriodType.SECOND_INDEX, values, seconds); return new Period(values, getPeriodType()); }
[[0.03524246 0.06232504 0.04889758 0.05047121 0.05447396 0.12759188
 0.03109441 0.02265293 0.05144904 0.04889758 0.06992043 0.04889758
 0.04889758 0.08673143 0.04104108 0.03970979 0.01725806 0.04889759
 0.04889759 0.01665282]
[0.03570967 0.06323221 0.04476095 0.05221681 0.07800148 0.11812958
 0.03784952 0.02472122 0.05148912 0.04476095 0.06761575 0.04476095
 0.04476095 0.08427912 0.04045036 0.04075047 0.01889119 0.04476095
 0.04476095 0.01809778]
[0.03054084 0.07868631 0.0498253  0.0602586  0.05476715 0.13078088
 0.02662508 0.03417606 0.03743055 0.0498253  0.05773883 0.0498253
 0.0498253  0.07625993 0.03462196 0.03723567 0.02377005 0.04982531
 0.04982531 0.01815625]
[0.02894833 0.06437224 0.04480783 0.05130116 0.07419211 0.15874061
 0.03010258 0.02409726 0.03662752 0.04480783 0.06498878 0.04480783
 0.04480783 0.09076639 0.03313684 0.04134917 0.01735209 0.04480784
 0.04480784 0.0151779 ]
[0.04041839 0.06803314 0.0501567  0.0606135  0.07124714 0.09692565
 0.02897422 0.03393205 0.0490909  0.0501567  0.0514976  0.0501567
 0.0501567  0.06599899 0.04086446 0.04569767 0.02164385 0.05015671
 0.05015671 0.02412226]
[0.04104336 0.06944105 0.04608657 0.05470308 0.06672727 0.11564935
 0.03153135 0.02797385 0.04847344 0.04608657 0.06845816 0.04608657
 0.04608657 0.07669201 0.03662414 0.04940392 0.01980097 0.04608657
 0.04608657 0.01695863]
[0.02649741 0.06663632 0.04762948 0.05023522 0.05909664 0.1818088
 0.0252343  0.02174018 0.03965501 0.04762948 0.0543083  0.04762948
 0.04762948 0.09148864 0.02646428 0.043442   0.01420292 0.04762949
 0.04762949 0.01341306]
[0.04068317 0.0563973  0.05747996 0.04734419 0.04822912 0.09803463
 0.03402916 0.03438747 0.04881672 0.05747996 0.04990073 0.05747996
 0.05747996 0.06797213 0.04447711 0.04508752 0.01927203 0.05747996
 0.05747996 0.02048897]
[0.03291095 0.07657474 0.05073882 0.05685723 0.05786087 0.13460302
 0.03001247 0.02013627 0.0401771  0.05073882 0.07092547 0.05073882
 0.05073882 0.08272638 0.0315406  0.03230847 0.01555826 0.05073881
 0.05073881 0.01337525]
[0.03054084 0.07868631 0.0498253  0.0602586  0.05476715 0.13078088
 0.02662508 0.03417606 0.03743055 0.0498253  0.05773883 0.0498253
 0.0498253  0.07625993 0.03462196 0.03723567 0.02377005 0.04982531
 0.04982531 0.01815625]
[0.02790082 0.08458938 0.04142673 0.07934939 0.07014187 0.17734994
 0.02235722 0.02273923 0.03937028 0.04142673 0.06305382 0.04142673
 0.04142673 0.07797251 0.02895176 0.03151008 0.01473102 0.04142673
 0.04142673 0.01142232]
[0.03054084 0.07868631 0.0498253  0.0602586  0.05476715 0.13078088
 0.02662508 0.03417606 0.03743055 0.0498253  0.05773883 0.0498253
 0.0498253  0.07625993 0.03462196 0.03723567 0.02377005 0.04982531
 0.04982531 0.01815625]
[0.03054084 0.07868631 0.0498253  0.0602586  0.05476715 0.13078088
 0.02662508 0.03417606 0.03743055 0.0498253  0.05773883 0.0498253
 0.0498253  0.07625993 0.03462196 0.03723567 0.02377005 0.04982531
 0.04982531 0.01815625]
[0.03013148 0.08799887 0.04025973 0.05558967 0.05602703 0.1604282
 0.02850773 0.02882226 0.04709639 0.04025973 0.06214134 0.04025973
 0.04025973 0.08486006 0.0390518  0.04024113 0.02056396 0.04025973
 0.04025973 0.01698171]
[0.03053375 0.07579432 0.0453269  0.0462256  0.07696237 0.18453206
 0.02367947 0.01784876 0.03736882 0.0453269  0.06842606 0.0453269
 0.0453269  0.07440595 0.03109399 0.03760584 0.01181565 0.0453269
 0.0453269  0.01174597]
[0.02550611 0.06704661 0.0478146  0.05025601 0.05607107 0.18828045
 0.0268236  0.02531461 0.04126214 0.0478146  0.06986167 0.0478146
 0.0478146  0.07184778 0.02495083 0.03596592 0.01487426 0.0478146
 0.0478146  0.0150513 ]
[0.03274451 0.06370457 0.04718237 0.0436196  0.06652591 0.12921429
 0.02964652 0.02558837 0.03648328 0.04718237 0.07100677 0.04718237
 0.04718237 0.10394271 0.02889965 0.04626985 0.02045549 0.04718237
 0.04718237 0.01880427]
[0.03054084 0.07868631 0.0498253  0.0602586  0.05476715 0.13078088
 0.02662508 0.03417606 0.03743055 0.0498253  0.05773883 0.0498253
 0.0498253  0.07625993 0.03462196 0.03723567 0.02377005 0.04982531
 0.04982531 0.01815625]
[0.03054084 0.07868631 0.0498253  0.0602586  0.05476715 0.13078088
 0.02662508 0.03417606 0.03743055 0.0498253  0.05773883 0.0498253
 0.0498253  0.07625993 0.03462196 0.03723567 0.02377005 0.04982531
 0.04982531 0.01815625]
[0.02540503 0.08995992 0.04564782 0.06256133 0.07604659 0.10455267
 0.02976381 0.02414104 0.03964312 0.04564782 0.06759832 0.04564782
 0.04564782 0.07686263 0.04084109 0.05859494 0.0142962  0.04564781
 0.04564781 0.01584636]]