36476
Test: public void test92() throws Throwable { BuddhistChronology buddhistChronology0 = BuddhistChronology.getInstanceUTC(); DateMidnight dateMidnight0 = new DateMidnight((Chronology) buddhistChronology0); // Undeclared exception!  dateMidnight0.plusDays((-2145388541));   }
Code: public DateMidnight plusDays(int days) { if (days == 0) { return this; } long instant = getChronology().days().add(getMillis(), days); return withMillis(instant); }
[[0.03572351 0.02828182 0.04956223 0.13543434 0.05229072 0.09676555
 0.07148826 0.05501853 0.02117163 0.05229072 0.03989035 0.03241065
 0.01623976 0.05773349 0.03923447 0.02277532 0.04956223 0.03843406
 0.03989035 0.04956223 0.01623976]
[0.03565693 0.0268458  0.04624278 0.17285167 0.05144677 0.09407729
 0.06940001 0.053974   0.01956538 0.05144677 0.0408867  0.02750608
 0.01591637 0.05838031 0.03570808 0.01931232 0.04624278 0.0314942
 0.0408867  0.04624278 0.01591637]
[0.03009122 0.02436293 0.04894508 0.1472722  0.05477186 0.07580559
 0.0889363  0.05570825 0.0245627  0.05477186 0.03670889 0.03148049
 0.01810627 0.04888874 0.03311841 0.03384558 0.04894509 0.03991828
 0.03670889 0.04894509 0.01810627]
[0.04008964 0.02785703 0.050618   0.154648   0.05053522 0.08846071
 0.07922974 0.0443258  0.02043083 0.05053522 0.04665492 0.02870253
 0.01500406 0.04836418 0.03215679 0.02445989 0.05061801 0.03503244
 0.04665492 0.05061801 0.01500406]
[0.03837376 0.03361091 0.04873683 0.09934103 0.06513767 0.06563832
 0.09594694 0.04026703 0.02669661 0.06513767 0.04371338 0.0328019
 0.02241833 0.05924581 0.02879982 0.03210214 0.04873684 0.03842651
 0.04371338 0.04873684 0.02241833]
[0.02204479 0.01790507 0.04547332 0.22079834 0.05812797 0.12870097
 0.06776201 0.0408568  0.02265094 0.05812797 0.02977236 0.02042164
 0.00843491 0.05105245 0.02656083 0.01826461 0.04547332 0.0338911
 0.02977236 0.04547332 0.00843491]
[0.03098995 0.02873621 0.04570422 0.15417546 0.06386058 0.11312838
 0.05813026 0.04460984 0.03095936 0.06386058 0.03752698 0.03161689
 0.01346587 0.04969595 0.02943212 0.02302621 0.04570422 0.03867988
 0.03752699 0.04570422 0.01346587]
[0.020505   0.02549189 0.03011409 0.21216269 0.06357665 0.11187541
 0.07705373 0.04876141 0.02629936 0.06357665 0.03447138 0.02579841
 0.01252852 0.0534871  0.02649135 0.02196305 0.03011409 0.03861527
 0.03447138 0.03011409 0.01252852]
[0.02986013 0.02551159 0.04830074 0.13702863 0.05661232 0.10096696
 0.06478424 0.04808009 0.02168954 0.05661232 0.04763562 0.0282629
 0.01923568 0.05812765 0.03015158 0.02346811 0.04830074 0.04019913
 0.04763562 0.04830074 0.01923567]
[0.03837376 0.03361091 0.04873683 0.09934103 0.06513767 0.06563832
 0.09594694 0.04026703 0.02669661 0.06513767 0.04371338 0.0328019
 0.02241833 0.05924581 0.02879982 0.03210214 0.04873684 0.03842651
 0.04371338 0.04873684 0.02241833]
[0.02358661 0.02838859 0.04417741 0.20991881 0.0519309  0.09352509
 0.0818335  0.04189198 0.02112058 0.0519309  0.03324562 0.02256055
 0.01393635 0.05800519 0.03143293 0.02341438 0.04417741 0.03356389
 0.03324562 0.04417741 0.01393635]
[0.0376352  0.03389313 0.05070421 0.13169892 0.06417429 0.09095971
 0.06604192 0.04505813 0.02343412 0.06417429 0.04507827 0.02435728
 0.01675745 0.05267013 0.03037082 0.022007   0.05070422 0.03774095
 0.04507827 0.05070422 0.01675744]
[0.02647755 0.0273456  0.04913081 0.12653595 0.07027128 0.10267136
 0.06703397 0.04607338 0.02014097 0.07027128 0.05847117 0.02557604
 0.01501475 0.04299574 0.02675271 0.02418419 0.04913081 0.02930569
 0.05847116 0.04913081 0.01501475]
[0.0238688  0.02707629 0.04280106 0.18841287 0.06531569 0.09081123
 0.0926526  0.04455635 0.02215047 0.06531569 0.0350481  0.02424556
 0.01507394 0.04635538 0.03309971 0.0184667  0.04280105 0.02902536
 0.03504809 0.04280105 0.01507394]
[0.03404199 0.0289886  0.04879405 0.13520733 0.05254344 0.09493125
 0.0828374  0.05518077 0.02131617 0.05254344 0.04300538 0.02857577
 0.0151288  0.05201678 0.03495473 0.02332905 0.04879405 0.04088278
 0.04300538 0.04879405 0.0151288 ]
[0.04071705 0.03691954 0.05754884 0.0831783  0.04752165 0.09043181
 0.07995696 0.045558   0.03103109 0.04752165 0.04498323 0.04197582
 0.02032578 0.05011707 0.02987394 0.03420087 0.05754884 0.0377317
 0.04498324 0.05754884 0.02032578]
[0.03009122 0.02436293 0.04894508 0.1472722  0.05477186 0.07580559
 0.0889363  0.05570825 0.0245627  0.05477186 0.03670889 0.03148049
 0.01810627 0.04888874 0.03311841 0.03384558 0.04894509 0.03991828
 0.03670889 0.04894509 0.01810627]
[0.02622116 0.02705447 0.04815175 0.12457057 0.05652269 0.13550611
 0.06657196 0.0548337  0.02851623 0.05652269 0.0410457  0.03131207
 0.0128536  0.04760833 0.02919302 0.02454635 0.04815175 0.03876683
 0.0410457  0.04815175 0.0128536 ]
[0.02358661 0.02838859 0.04417741 0.20991881 0.0519309  0.09352509
 0.0818335  0.04189198 0.02112058 0.0519309  0.03324562 0.02256055
 0.01393635 0.05800519 0.03143293 0.02341438 0.04417741 0.03356389
 0.03324562 0.04417741 0.01393635]
[0.03009122 0.02436293 0.04894508 0.1472722  0.05477186 0.07580559
 0.0889363  0.05570825 0.0245627  0.05477186 0.03670889 0.03148049
 0.01810627 0.04888874 0.03311841 0.03384558 0.04894509 0.03991828
 0.03670889 0.04894509 0.01810627]
[0.02647755 0.0273456  0.04913081 0.126536   0.07027129 0.10267134
 0.06703396 0.04607338 0.02014097 0.07027129 0.05847117 0.02557604
 0.01501476 0.04299575 0.02675272 0.02418418 0.04913081 0.0293057
 0.05847117 0.04913081 0.01501475]]