28731
Test: public void test46() throws Throwable { Vector2D.Unit vector2D_Unit0 = Vector2D.Unit.MINUS_X; Precision.DoubleEquivalence precision_DoubleEquivalence0 = mock(Precision.DoubleEquivalence.class, new ViolatedAssumptionAnswer()); doReturn("}y5zCCUcy]{s,").when(precision_DoubleEquivalence0).toString(); doReturn(1).when(precision_DoubleEquivalence0).compare(anyDouble() , anyDouble()); doReturn(false, true, false).when(precision_DoubleEquivalence0).eqZero(anyDouble()); Line line0 = new Line(vector2D_Unit0, 0.6, precision_DoubleEquivalence0); Ray ray0 = line0.rayFrom(0.6); Vector2D vector2D0 = ray0.intersection((LineSubset) ray0); }
Code: public Vector2D intersection(final Line inputLine) { final Vector2D pt = line.intersection(inputLine); return (pt != null && contains(pt)) ? pt : null; }
[[0.03688226 0.04589149 0.03482502 0.06056559 0.05117153 0.05573419
 0.0304685  0.04589149 0.07163725 0.0236256  0.05117153 0.04140006
 0.05117153 0.02097025 0.0403562  0.02456038 0.05117153 0.05955348
 0.07163724 0.03678323 0.07738291 0.01714883]
[0.0380171  0.03998925 0.04201562 0.07454395 0.04882944 0.06706544
 0.02817642 0.03998925 0.07383988 0.02329553 0.04882944 0.03988638
 0.04882944 0.02512788 0.02579563 0.02742721 0.04882944 0.06674753
 0.07383987 0.02340126 0.0793962  0.01612775]
[0.03900328 0.04020758 0.03512199 0.06827853 0.04940762 0.05713228
 0.0253481  0.04020758 0.07307803 0.02743443 0.04940762 0.04069088
 0.04940762 0.02423554 0.03885105 0.02895998 0.04940762 0.06201264
 0.07307801 0.02808826 0.08277403 0.01786731]
[0.03757329 0.03435455 0.04020802 0.06150985 0.05011374 0.04866157
 0.04220627 0.03435455 0.07234786 0.02672033 0.05011374 0.0416222
 0.05011374 0.03305326 0.03447343 0.03106166 0.05011374 0.04805513
 0.07234786 0.03184554 0.08278625 0.02636346]
[0.02911935 0.04592141 0.04023392 0.06644533 0.04750353 0.05223304
 0.02986299 0.04592141 0.07533884 0.03258855 0.04750353 0.03550297
 0.04750353 0.02038539 0.030907   0.02136482 0.04750354 0.0623493
 0.07533885 0.02882985 0.10032766 0.0173152 ]
[0.0370184  0.0416992  0.03594517 0.06906805 0.04633019 0.06437346
 0.03654002 0.0416992  0.07535645 0.03103784 0.04633019 0.04196864
 0.04633019 0.02709444 0.02937969 0.03309095 0.04633019 0.0451584
 0.07535642 0.03098081 0.07698899 0.02192314]
[0.03618183 0.03991515 0.04103869 0.06983155 0.05292895 0.0657778
 0.02462689 0.03991515 0.07155232 0.02792737 0.05292895 0.05273968
 0.05292895 0.01725003 0.0284595  0.02809613 0.05292895 0.06088771
 0.07155231 0.02913803 0.07065751 0.01273659]
[0.0380171  0.03998925 0.04201562 0.07454395 0.04882944 0.06706544
 0.02817642 0.03998925 0.07383988 0.02329553 0.04882944 0.03988638
 0.04882944 0.02512788 0.02579563 0.02742721 0.04882944 0.06674753
 0.07383987 0.02340126 0.0793962  0.01612775]
[0.03365445 0.03724372 0.04876364 0.06406814 0.04870363 0.07183522
 0.03036673 0.03724372 0.0778967  0.0205983  0.04870363 0.04655484
 0.04870363 0.02165383 0.02574052 0.02620788 0.04870363 0.05726302
 0.07789671 0.03138147 0.07699854 0.01981805]
[0.03876847 0.04615711 0.03870943 0.05700971 0.05476591 0.04627377
 0.03274349 0.04615711 0.06606275 0.03285961 0.05476591 0.04302521
 0.05476591 0.0329478  0.03189695 0.03347726 0.05476591 0.05207118
 0.06606276 0.03391555 0.06319765 0.01960051]
[0.02911935 0.04592141 0.04023392 0.06644533 0.04750353 0.05223304
 0.02986299 0.04592141 0.07533884 0.03258855 0.04750353 0.03550297
 0.04750353 0.02038539 0.030907   0.02136482 0.04750354 0.0623493
 0.07533885 0.02882985 0.10032766 0.0173152 ]
[0.02583477 0.03779768 0.04119882 0.07114083 0.04931875 0.05497596
 0.02432503 0.03779768 0.0931073  0.02552995 0.04931875 0.03674129
 0.04931875 0.01647919 0.03067621 0.01871839 0.04931875 0.0653794
 0.09310731 0.02497431 0.09010147 0.01483937]
[0.02911935 0.04592141 0.04023392 0.06644533 0.04750353 0.05223304
 0.02986299 0.04592141 0.07533884 0.03258855 0.04750353 0.03550297
 0.04750353 0.02038539 0.030907   0.02136482 0.04750354 0.0623493
 0.07533885 0.02882985 0.10032766 0.0173152 ]
[0.0281181  0.03625378 0.03107301 0.07621654 0.049628   0.07921948
 0.03463745 0.03625378 0.0745082  0.02445649 0.049628   0.04082135
 0.049628   0.01311385 0.02818683 0.01910759 0.04962801 0.07519243
 0.07450821 0.01981073 0.0967687  0.01324139]
[0.03026781 0.04687171 0.03921946 0.06000314 0.04558499 0.08168212
 0.02575163 0.04687171 0.07267268 0.02753914 0.04558499 0.05039825
 0.04558499 0.01785958 0.02712911 0.02437222 0.04558498 0.06223254
 0.07267268 0.02741477 0.09264863 0.01205291]
[0.03018144 0.03316523 0.03953994 0.0671138  0.05436694 0.06521045
 0.02597852 0.03316523 0.07194448 0.0257091  0.05436694 0.03860807
 0.05436694 0.02080151 0.03497101 0.02109472 0.05436695 0.05834792
 0.07194449 0.03216838 0.09198892 0.02059901]
[0.02911935 0.04592141 0.04023392 0.06644533 0.04750353 0.05223304
 0.02986299 0.04592141 0.07533884 0.03258855 0.04750353 0.03550297
 0.04750353 0.02038539 0.030907   0.02136482 0.04750354 0.0623493
 0.07533885 0.02882985 0.10032766 0.0173152 ]
[0.03134218 0.03296119 0.03360986 0.0568604  0.04816489 0.08635736
 0.02545761 0.03296119 0.08529681 0.02067139 0.04816489 0.04433911
 0.04816489 0.02149278 0.02902681 0.02140774 0.04816489 0.06400546
 0.0852968  0.0354378  0.08481865 0.01599728]
[0.03365445 0.03724372 0.04876364 0.06406814 0.04870363 0.07183522
 0.03036673 0.03724372 0.0778967  0.0205983  0.04870363 0.04655484
 0.04870363 0.02165383 0.02574052 0.02620788 0.04870363 0.05726302
 0.07789671 0.03138147 0.07699854 0.01981805]
[0.03526445 0.0506392  0.03551641 0.06601663 0.04246593 0.05725876
 0.02544923 0.0506392  0.07006403 0.02755388 0.04246593 0.04433192
 0.04246593 0.02249664 0.03506534 0.03204061 0.04246593 0.07525726
 0.07006405 0.0249664  0.08804726 0.01946497]
[0.03342015 0.04573657 0.03634489 0.05723311 0.05666457 0.05226556
 0.03033809 0.04573657 0.07407837 0.02165408 0.05666457 0.04131445
 0.05666457 0.02034366 0.0320162  0.02635684 0.05666457 0.066084
 0.07407837 0.03531101 0.06498618 0.01604357]
[0.02775858 0.0404298  0.03115873 0.05392652 0.05012722 0.08164469
 0.02588614 0.0404298  0.06034256 0.02622033 0.05012722 0.06360497
 0.05012722 0.02143311 0.03066004 0.02501626 0.05012722 0.06489695
 0.06034256 0.02858328 0.10008413 0.01707275]]