89566
Test: public void test4() throws Throwable { ConstantModule constantModule0 = new ConstantModule(0); Constant[] constantArray0 = new Constant[6]; constantArray0[0] = (Constant) constantModule0; constantArray0[0].tag = (byte)67; // Undeclared exception!  constantArray0[0].toString();   }
Code: public String toString() { return Const.getConstantName(tag) + "[" + tag + "]"; }
[[0.07005608 0.08865187 0.08638112 0.10255125 0.07822823 0.09719469
 0.05697243 0.06627315 0.05697243 0.13047537 0.05697243 0.07742251
 0.03184848]
[0.07095912 0.08018261 0.090602   0.11543173 0.07297038 0.09808637
 0.06137566 0.06678227 0.06137566 0.13169394 0.06137566 0.06054441
 0.02862013]
[0.0502717  0.11183815 0.07095303 0.10371742 0.07650202 0.08590721
 0.05004307 0.05357537 0.05004306 0.20012483 0.05004306 0.07042044
 0.02656057]
[0.06519996 0.09138219 0.06357595 0.11040728 0.07430723 0.08292654
 0.06837612 0.06398207 0.06837611 0.13957046 0.06837611 0.06548101
 0.03803899]
[0.04806953 0.10150981 0.06330863 0.09873237 0.06897347 0.09350374
 0.06662726 0.06241935 0.06662726 0.17338683 0.06662726 0.06339823
 0.02681621]
[0.05361716 0.09543084 0.07912485 0.09283242 0.06528302 0.08807258
 0.07455646 0.05305788 0.07455646 0.15900086 0.07455646 0.0589247
 0.03098629]
[0.06409872 0.09849824 0.07264227 0.09415273 0.07657884 0.08642284
 0.05512522 0.0654164  0.05512521 0.1749798  0.05512521 0.06973176
 0.0321028 ]
[0.0531644  0.09236826 0.07901766 0.12808327 0.07620949 0.09276959
 0.04565122 0.06360462 0.04565122 0.20047818 0.04565122 0.05888425
 0.01846663]
[0.06409872 0.09849824 0.07264227 0.09415273 0.07657884 0.08642284
 0.05512522 0.0654164  0.05512521 0.1749798  0.05512521 0.06973176
 0.0321028 ]
[0.06315187 0.10130581 0.06692354 0.10776903 0.06891474 0.09262142
 0.05977459 0.06138724 0.05977459 0.16405955 0.05977459 0.06619267
 0.02835042]
[0.06409872 0.09849824 0.07264227 0.09415273 0.07657884 0.08642284
 0.05512522 0.0654164  0.05512521 0.1749798  0.05512521 0.06973176
 0.0321028 ]
[0.05571043 0.10029283 0.07780802 0.1095405  0.07892114 0.08503899
 0.05351988 0.05364345 0.05351988 0.19143023 0.05351988 0.06596896
 0.02108584]
[0.04758143 0.08707117 0.09039862 0.13332175 0.10711077 0.08707131
 0.05273056 0.06626774 0.05273056 0.14105506 0.05273056 0.05377245
 0.02815804]]