135947
Test: public void test46() throws Throwable { Elements elements0 = new Elements(); elements0.add((Element) null); // Undeclared exception!  elements0.text();   }
Code: public String text() { StringBuilder sb = StringUtil.borrowBuilder(); for (Element element : this) { if (sb.length() != 0) sb.append(" "); sb.append(element.text()); } return StringUtil.releaseBuilder(sb); }
[[0.03523621 0.04544609 0.04888036 0.04552529 0.03335381 0.02207328
 0.02207831 0.04888036 0.03439126 0.0294289  0.04805689 0.03189918
 0.02098265 0.04552529 0.09482904 0.14138415 0.01904982 0.01941843
 0.0168868  0.03092631 0.04888036 0.01469406 0.03859873 0.04888036
 0.01469406]
[0.03522199 0.04093032 0.05011773 0.05079019 0.0439418  0.01725877
 0.02393932 0.05011773 0.03283103 0.02563371 0.04849061 0.02615469
 0.0203677  0.05079019 0.10244384 0.12925938 0.02016667 0.01983517
 0.01676663 0.03331099 0.05011773 0.01296927 0.03545763 0.05011773
 0.01296927]
[0.02801558 0.05136573 0.04673233 0.04456203 0.04986384 0.01892275
 0.03014159 0.04673233 0.038001   0.02994531 0.04659755 0.02671727
 0.01803308 0.04456203 0.06895419 0.16717932 0.0184392  0.02097497
 0.01980576 0.02671472 0.04673233 0.01513385 0.03400705 0.04673233
 0.01513385]
[0.03544492 0.05296979 0.04738424 0.05485854 0.04203146 0.0224378
 0.02941171 0.04738424 0.03541768 0.03183632 0.04580171 0.02882236
 0.02374168 0.05485854 0.0613267  0.10580073 0.02474112 0.0236413
 0.0235797  0.03330513 0.04738424 0.01968262 0.0410706  0.04738424
 0.01968262]
[0.03327808 0.04913656 0.0468757  0.0609542  0.0376112  0.02056183
 0.02244003 0.0468757  0.02984783 0.02313579 0.04636611 0.02200239
 0.01895878 0.0609542  0.09383938 0.12896663 0.02196954 0.02432021
 0.01380206 0.0299073  0.0468757  0.01611973 0.04220564 0.0468757
 0.01611972]
[0.03219771 0.05746719 0.0487917  0.048225   0.03673147 0.01752429
 0.02153744 0.0487917  0.03062494 0.02444082 0.06480837 0.02345464
 0.01837058 0.048225   0.08732848 0.14200738 0.01838711 0.02272665
 0.01641798 0.02476393 0.0487917  0.01568229 0.03822965 0.0487917
 0.01568229]
[0.03749658 0.04463394 0.05306981 0.04117452 0.03925896 0.02486033
 0.03075059 0.05306981 0.03571444 0.03039177 0.05328503 0.03150611
 0.01978865 0.04117452 0.08276835 0.08797159 0.03117775 0.02773771
 0.02130223 0.02960531 0.05306981 0.01809403 0.04093426 0.05306981
 0.01809403]
[0.02801558 0.05136573 0.04673233 0.04456203 0.04986384 0.01892275
 0.03014159 0.04673233 0.038001   0.02994531 0.04659755 0.02671727
 0.01803308 0.04456203 0.06895419 0.16717932 0.0184392  0.02097497
 0.01980576 0.02671472 0.04673233 0.01513385 0.03400705 0.04673233
 0.01513385]
[0.03421408 0.05324753 0.04841301 0.05900849 0.03734487 0.01295999
 0.02295611 0.04841301 0.03379421 0.02479501 0.04240867 0.02054902
 0.01740124 0.05900849 0.10522953 0.14512521 0.01415728 0.02049259
 0.0148739  0.03208698 0.04841301 0.00979196 0.03711083 0.04841301
 0.00979195]
[0.02713329 0.04680116 0.04538452 0.0566438  0.04398637 0.01809791
 0.02069308 0.04538452 0.03450516 0.02719517 0.04933953 0.0275988
 0.016557   0.0566438  0.10601981 0.14827129 0.01994702 0.01825766
 0.0130982  0.02411737 0.04538452 0.01353928 0.03647684 0.04538452
 0.01353928]
[0.03117963 0.06326909 0.05252758 0.0495221  0.03123549 0.01792314
 0.02767499 0.05252758 0.03449993 0.02541605 0.047787   0.02972633
 0.01997254 0.0495221  0.0891658  0.11938603 0.01442423 0.02014704
 0.01478628 0.03233572 0.05252758 0.0140978  0.0437206  0.05252758
 0.0140978 ]
[0.03702551 0.04607061 0.04571395 0.05419024 0.04090317 0.02284099
 0.0281535  0.04571395 0.03878522 0.02353807 0.04673552 0.02476876
 0.02129225 0.05419024 0.09265335 0.11434071 0.02330323 0.01980715
 0.01767144 0.02586416 0.04571395 0.01913736 0.04673531 0.04571395
 0.01913736]
[0.03200872 0.04700091 0.05242053 0.04889366 0.03587191 0.01933211
 0.02378956 0.05242053 0.0302009  0.01750677 0.04938377 0.02829767
 0.01851299 0.04889366 0.09855527 0.13541463 0.02027258 0.02082563
 0.01505602 0.03752128 0.05242053 0.01236917 0.03824151 0.05242053
 0.01236917]
[0.03544492 0.05296979 0.04738424 0.05485854 0.04203146 0.0224378
 0.02941171 0.04738424 0.03541768 0.03183632 0.04580171 0.02882236
 0.02374168 0.05485854 0.0613267  0.10580073 0.02474112 0.0236413
 0.0235797  0.03330513 0.04738424 0.01968262 0.0410706  0.04738424
 0.01968262]
[0.02297137 0.05159031 0.05230791 0.04998219 0.03811814 0.00885265
 0.01812172 0.05230791 0.02846445 0.01856353 0.03838658 0.0172891
 0.01122232 0.04998219 0.13015349 0.20355704 0.00906027 0.01971941
 0.00758209 0.02161097 0.05230791 0.0075891  0.03036226 0.05230791
 0.0075891 ]
[0.0277861  0.05601978 0.04710729 0.0613419  0.03992401 0.0159382
 0.0173068  0.04710729 0.0278409  0.01868006 0.06239139 0.02424213
 0.01654183 0.0613419  0.11118525 0.13808605 0.0170941  0.01875602
 0.0127336  0.02791603 0.04710729 0.00982977 0.03678527 0.04710729
 0.00982977]
[0.02753648 0.06998558 0.04799149 0.05976027 0.02901893 0.01181138
 0.02241964 0.04799149 0.03265984 0.02588418 0.04841576 0.0167033
 0.01794164 0.05976027 0.10554491 0.15116806 0.01134598 0.02226385
 0.01162507 0.02502677 0.04799149 0.01085265 0.03745684 0.04799149
 0.01085265]
[0.02881954 0.04877552 0.04765366 0.04895536 0.03806884 0.0201024
 0.02238366 0.04765366 0.0369468  0.03107434 0.04418949 0.02940176
 0.01924151 0.04895536 0.09715194 0.12409994 0.02267077 0.01961765
 0.01587596 0.03361433 0.04765366 0.01700582 0.04542856 0.04765366
 0.01700582]
[0.03551174 0.04940476 0.04781041 0.05660703 0.03446729 0.02484016
 0.02755702 0.04781041 0.03550076 0.02294558 0.04129747 0.03342714
 0.01971493 0.05660703 0.09004794 0.12040413 0.02032243 0.02108703
 0.02060119 0.0270143  0.04781041 0.0153757  0.04064904 0.04781041
 0.0153757 ]
[0.03258605 0.05209745 0.05087321 0.04595814 0.03236551 0.01174666
 0.02066059 0.05087321 0.03252838 0.02725419 0.04707177 0.0216366
 0.01367307 0.04595814 0.11034434 0.16967627 0.01617393 0.02157735
 0.01253017 0.02802329 0.05087321 0.01093088 0.03278346 0.05087321
 0.01093087]
[0.02801558 0.05136573 0.04673233 0.04456203 0.04986384 0.01892275
 0.03014159 0.04673233 0.038001   0.02994531 0.04659755 0.02671727
 0.01803308 0.04456203 0.06895419 0.16717932 0.0184392  0.02097497
 0.01980576 0.02671472 0.04673233 0.01513385 0.03400705 0.04673233
 0.01513385]
[0.02580324 0.04729775 0.0490829  0.06153199 0.03539733 0.02010254
 0.02281341 0.0490829  0.03371186 0.02509012 0.05337302 0.02294444
 0.02161155 0.06153199 0.09853188 0.11510893 0.01831366 0.01832703
 0.01682366 0.02343729 0.0490829  0.0134718  0.05497314 0.0490829
 0.0134718 ]
[0.02441393 0.05578907 0.0493028  0.04643328 0.03832936 0.01834971
 0.02378928 0.0493028  0.04198305 0.01967631 0.04921756 0.02239744
 0.01750728 0.04643328 0.10152784 0.16098228 0.01489712 0.01919149
 0.01310912 0.02751201 0.0493028  0.0127908  0.03566773 0.0493028
 0.0127908 ]
[0.02801558 0.05136573 0.04673233 0.04456203 0.04986384 0.01892275
 0.03014159 0.04673233 0.038001   0.02994531 0.04659755 0.02671727
 0.01803308 0.04456203 0.06895419 0.16717932 0.0184392  0.02097497
 0.01980576 0.02671472 0.04673233 0.01513385 0.03400705 0.04673233
 0.01513385]
[0.02580324 0.04729775 0.0490829  0.061532   0.03539731 0.02010254
 0.02281341 0.0490829  0.03371186 0.02509011 0.05337303 0.02294444
 0.02161155 0.061532   0.09853186 0.11510892 0.01831366 0.01832703
 0.01682366 0.02343729 0.0490829  0.0134718  0.05497314 0.0490829
 0.0134718 ]]