10045
Test: public void test49() throws Throwable { Range<String> range0 = Range.is("8`Vt4N}F1Y[8o^ -", (Comparator<String>) null); boolean boolean0 = range0.isStartedBy("8`Vt4N}F1Y[8o^ -"); }
Code: public boolean isStartedBy(final T element) { if (element == null) { return false; } return comparator.compare(element, minimum) == 0; }
[[0.0401734  0.10044279 0.05573066 0.02630622 0.04314873 0.05329595
 0.10825796 0.02693696 0.0634433  0.02160146 0.05329595 0.04417896
 0.05588508 0.01705747 0.04417896 0.05573066 0.05573066 0.0634433
 0.05410408 0.01705747]
[0.02929418 0.16337393 0.05699924 0.01876318 0.03702575 0.06626022
 0.10617116 0.01499298 0.04476704 0.01469087 0.06626022 0.04609015
 0.05583606 0.01270635 0.04609015 0.05699924 0.05699924 0.04476704
 0.04920663 0.01270635]
[0.03369387 0.12799557 0.05644735 0.0219293  0.04311844 0.05224963
 0.08259091 0.02654571 0.06408942 0.02397084 0.05224963 0.04086422
 0.06569658 0.01784097 0.04086422 0.05644735 0.05644735 0.06408941
 0.05502824 0.01784098]
[0.03521599 0.12446551 0.05718587 0.02032016 0.05135155 0.0554026
 0.09991385 0.02178447 0.05637535 0.0187203  0.0554026  0.04097099
 0.06434563 0.01554397 0.04097099 0.05718587 0.05718587 0.05637535
 0.05573909 0.01554397]
[0.04131941 0.12100662 0.06230211 0.02060746 0.04515253 0.06852083
 0.09088102 0.02276283 0.04613155 0.02211264 0.06852083 0.04065633
 0.05574273 0.01593582 0.04065633 0.06230211 0.06230211 0.04613155
 0.05101936 0.01593582]
[0.04268346 0.09461604 0.0561244  0.02283639 0.0439557  0.06816173
 0.07357456 0.03253644 0.04577859 0.02769439 0.06816173 0.04918357
 0.06347612 0.02410761 0.04918357 0.0561244  0.05612441 0.04577859
 0.05579073 0.02410761]
[0.02595292 0.1611083  0.05925333 0.01256993 0.03745748 0.05613367
 0.14692108 0.01628104 0.05261124 0.009898   0.05613367 0.0342821
 0.04994509 0.00853605 0.0342821  0.05925333 0.05925333 0.05261124
 0.05898    0.00853605]
[0.03270943 0.13026428 0.04968183 0.02103616 0.0420038  0.0748741
 0.09962811 0.02271958 0.0501837  0.0192787  0.0748741  0.04598074
 0.05615315 0.01566824 0.04598074 0.04968183 0.04968183 0.05018369
 0.05374772 0.01566824]
[0.02378982 0.19444017 0.03816168 0.01411706 0.04139873 0.06347754
 0.13088712 0.01726683 0.05848868 0.01542143 0.06347754 0.03930109
 0.04501184 0.0129078  0.03930109 0.03816168 0.03816168 0.05848867
 0.05483168 0.0129078 ]
[0.02946631 0.1587102  0.05265737 0.01731869 0.03761303 0.06787483
 0.13333505 0.01588526 0.05481711 0.01807559 0.06787483 0.03582921
 0.04615495 0.01038586 0.03582921 0.05265737 0.05265737 0.05481711
 0.04765477 0.01038586]
[0.04268346 0.09461604 0.0561244  0.02283639 0.0439557  0.06816173
 0.07357456 0.03253644 0.04577859 0.02769439 0.06816173 0.04918357
 0.06347612 0.02410761 0.04918357 0.0561244  0.05612441 0.04577859
 0.05579073 0.02410761]
[0.02793958 0.14799967 0.05600592 0.01569078 0.04749191 0.05399185
 0.11563922 0.0206215  0.0544012  0.01652272 0.05399185 0.04067217
 0.06142275 0.01482842 0.04067217 0.05600592 0.05600592 0.0544012
 0.05086687 0.01482842]
[0.03979021 0.10431774 0.05677658 0.02295581 0.04777614 0.05412164
 0.0826019  0.02352063 0.05402102 0.02472617 0.05412164 0.046014
 0.0708885  0.02194151 0.046014   0.05677658 0.05677658 0.05402102
 0.06089679 0.02194151]
[0.02819394 0.09994169 0.05322826 0.0197352  0.03969885 0.06955605
 0.10817063 0.01729505 0.04861177 0.01776854 0.06955605 0.06073797
 0.06139292 0.01510792 0.06073797 0.05322826 0.05322825 0.04861176
 0.06009093 0.01510792]
[0.02793958 0.14799967 0.05600592 0.01569078 0.04749191 0.05399185
 0.11563922 0.0206215  0.0544012  0.01652272 0.05399185 0.04067217
 0.06142275 0.01482842 0.04067217 0.05600592 0.05600592 0.0544012
 0.05086687 0.01482842]
[0.03369387 0.12799557 0.05644735 0.0219293  0.04311844 0.05224963
 0.08259091 0.02654571 0.06408942 0.02397084 0.05224963 0.04086422
 0.06569658 0.01784097 0.04086422 0.05644735 0.05644735 0.06408941
 0.05502824 0.01784098]
[0.03369387 0.12799557 0.05644735 0.0219293  0.04311844 0.05224963
 0.08259091 0.02654571 0.06408942 0.02397084 0.05224963 0.04086422
 0.06569658 0.01784097 0.04086422 0.05644735 0.05644735 0.06408941
 0.05502824 0.01784098]
[0.02378982 0.19444017 0.03816168 0.01411706 0.04139873 0.06347754
 0.13088712 0.01726683 0.05848868 0.01542143 0.06347754 0.03930109
 0.04501184 0.0129078  0.03930109 0.03816168 0.03816168 0.05848867
 0.05483168 0.0129078 ]
[0.03603282 0.13027707 0.05159951 0.02321092 0.03038193 0.06046153
 0.11999091 0.03099536 0.05042198 0.01678283 0.06046153 0.04428545
 0.05414281 0.01631952 0.04428545 0.05159951 0.05159952 0.05042198
 0.0604099  0.01631952]
[0.02819394 0.09994169 0.05322826 0.0197352  0.03969885 0.06955605
 0.10817063 0.01729505 0.04861177 0.01776854 0.06955605 0.06073797
 0.06139292 0.01510792 0.06073797 0.05322826 0.05322825 0.04861176
 0.06009093 0.01510792]]