140989
Test: public void test26() throws Throwable { LinkedList<LateralCacheNoWait<String, Integer>> linkedList0 = new LinkedList<LateralCacheNoWait<String, Integer>>(); LateralCacheAttributes lateralCacheAttributes0 = new LateralCacheAttributes(); LateralCacheNoWaitFacade<String, Integer> lateralCacheNoWaitFacade0 = new LateralCacheNoWaitFacade<String, Integer>((ILateralCacheListener<String, Integer>) null, linkedList0, lateralCacheAttributes0); lateralCacheNoWaitFacade0.remove("2,gXp}(iP"); ArrayList<LateralCacheNoWait<Integer, LinkedList<String>>> arrayList0 = new ArrayList<LateralCacheNoWait<Integer, LinkedList<String>>>(); }
Code: public boolean remove( final K key ) { noWaitMap.values().forEach(nw -> nw.remove( key )); return false; }
[[0.04235893 0.09525546 0.05877277 0.03537386 0.05877277 0.01946044
 0.08282031 0.06690004 0.05877277 0.08100125 0.05877277 0.01946044
 0.19360207 0.04790449 0.06044403 0.02032756]
[0.0263278  0.10912601 0.04809842 0.02845846 0.04809842 0.01247115
 0.07954279 0.08332083 0.04809842 0.0523288  0.04809842 0.01247115
 0.28494725 0.04890367 0.05487992 0.01482848]
[0.03155431 0.10744102 0.05097056 0.03317744 0.05097056 0.01939303
 0.08427989 0.05939386 0.05097056 0.08233882 0.05097056 0.01939303
 0.23539636 0.03854543 0.06569301 0.01951155]
[0.03830239 0.08860414 0.05162633 0.02680158 0.05162633 0.01731653
 0.08882147 0.07649541 0.05162633 0.0544896  0.05162633 0.01731653
 0.2620842  0.05601854 0.05276465 0.01447973]
[0.03155431 0.10744102 0.05097056 0.03317744 0.05097056 0.01939303
 0.08427989 0.05939386 0.05097056 0.08233882 0.05097056 0.01939303
 0.23539636 0.03854543 0.06569301 0.01951155]
[0.03124556 0.09809416 0.04846105 0.03357016 0.04846105 0.01727724
 0.07214338 0.07113384 0.04846105 0.05591805 0.04846105 0.01727724
 0.2846713  0.04678    0.06419598 0.01384897]
[0.04007388 0.11392254 0.04859766 0.03949665 0.04859766 0.021051
 0.0729163  0.09704715 0.04859766 0.05831406 0.04859766 0.021051
 0.2171436  0.04571912 0.0556334  0.02324068]
[0.04456549 0.08444598 0.05328111 0.04421169 0.05328111 0.02597232
 0.08205342 0.08309075 0.05328111 0.06967524 0.05328111 0.02597232
 0.18501484 0.04979402 0.06460705 0.02747249]
[0.03155431 0.10744102 0.05097056 0.03317744 0.05097056 0.01939303
 0.08427989 0.05939386 0.05097056 0.08233882 0.05097056 0.01939303
 0.23539636 0.03854543 0.06569301 0.01951155]
[0.04179444 0.10925327 0.05418725 0.03446978 0.05418725 0.0250199
 0.08354682 0.09114867 0.05418725 0.06300271 0.05418725 0.0250199
 0.17951283 0.05027688 0.06247818 0.01772769]
[0.03155431 0.10744102 0.05097056 0.03317744 0.05097056 0.01939303
 0.08427989 0.05939386 0.05097056 0.08233882 0.05097056 0.01939303
 0.23539636 0.03854543 0.06569301 0.01951155]
[0.03124556 0.09809416 0.04846105 0.03357016 0.04846105 0.01727724
 0.07214338 0.07113384 0.04846105 0.05591805 0.04846105 0.01727724
 0.2846713  0.04678    0.06419598 0.01384897]
[0.04070171 0.08598571 0.04810283 0.02709314 0.04810283 0.01777808
 0.08137561 0.06927614 0.04810283 0.05066008 0.04810283 0.01777808
 0.30021572 0.04430208 0.05246656 0.0199558 ]
[0.0283209  0.11043309 0.05089969 0.02752087 0.05089969 0.01276717
 0.08048925 0.0667448  0.05089969 0.05391379 0.05089969 0.01276717
 0.2812989  0.03916524 0.06526606 0.01771403]
[0.03861422 0.0914038  0.05495415 0.03018885 0.05495415 0.02374715
 0.06254592 0.06669577 0.05495415 0.06976976 0.05495415 0.02374715
 0.22406381 0.04947786 0.07392459 0.02600445]
[0.02726088 0.08173595 0.04720406 0.02632647 0.04720406 0.01841804
 0.09133217 0.09187246 0.04720406 0.05531482 0.04720406 0.01841804
 0.24915954 0.06584422 0.06678206 0.0187191 ]]