14162
Test: public void test11() throws Throwable { StandardToStringStyle standardToStringStyle0 = new StandardToStringStyle(); standardToStringStyle0.setArraySeparator((String) null); String string0 = standardToStringStyle0.getArraySeparator(); }
Code: public String getArraySeparator() { // NOPMD as this is implementing the abstract class return super.getArraySeparator(); }
[[0.05348842 0.06877695 0.07420161 0.07059167 0.07420161 0.07420161
 0.05210057 0.07937012 0.11588061 0.07420161 0.03236806 0.02366172
 0.05134742 0.05877606 0.07420161 0.02263032]
[0.05215421 0.05983388 0.07323243 0.0796562  0.07323243 0.07323243
 0.05501934 0.07312559 0.11048341 0.07323243 0.0435397  0.02557973
 0.06137116 0.05302471 0.07323243 0.02004985]
[0.04222705 0.07738677 0.07042149 0.06725955 0.07042149 0.07042149
 0.07005265 0.08102946 0.12371051 0.07042149 0.03361199 0.0227667
 0.05575202 0.05126024 0.07042149 0.02283559]
[0.0534189  0.07528266 0.06823097 0.0898107  0.06823097 0.06823097
 0.07144292 0.06951886 0.0826763  0.06823097 0.03356209 0.03784571
 0.05328108 0.0609651  0.06823097 0.03104078]
[0.04222705 0.07738677 0.07042149 0.06725955 0.07042149 0.07042149
 0.07005265 0.08102946 0.12371051 0.07042149 0.03361199 0.0227667
 0.05575202 0.05126024 0.07042149 0.02283559]
[0.04222705 0.07738677 0.07042149 0.06725955 0.07042149 0.07042149
 0.07005265 0.08102946 0.12371051 0.07042149 0.03361199 0.0227667
 0.05575202 0.05126024 0.07042149 0.02283559]
[0.05480679 0.06977399 0.07139122 0.08626398 0.07139122 0.07139122
 0.06612664 0.06342244 0.0969817  0.07139122 0.0356958  0.02462155
 0.05978352 0.0633058  0.07139122 0.02226178]
[0.04759703 0.07584045 0.06515656 0.09557845 0.06515656 0.06515656
 0.05694911 0.07940901 0.11577216 0.06515656 0.03667842 0.02586104
 0.05743475 0.06564223 0.06515656 0.01745459]
[0.0536603  0.07257575 0.06814966 0.08480491 0.06814966 0.06814966
 0.06216443 0.0574434  0.10567065 0.06814966 0.0385692  0.03300701
 0.05851246 0.07065658 0.06814966 0.02218701]
[0.04222705 0.07738677 0.07042149 0.06725955 0.07042149 0.07042149
 0.07005265 0.08102946 0.12371051 0.07042149 0.03361199 0.0227667
 0.05575202 0.05126024 0.07042149 0.02283559]
[0.05106686 0.07243412 0.06833516 0.0923782  0.06833516 0.06833516
 0.0528516  0.08105531 0.11504951 0.06833516 0.04168092 0.02279288
 0.05189193 0.05770059 0.06833516 0.01942228]
[0.04765633 0.06357693 0.07655704 0.07519946 0.07655704 0.07655704
 0.04886532 0.07049531 0.09567566 0.07655704 0.04353736 0.01922404
 0.07116922 0.06080218 0.07655704 0.02101298]
[0.03915597 0.06770299 0.07128897 0.08488359 0.07128897 0.07128897
 0.05154749 0.09068032 0.12421489 0.07128897 0.03424561 0.0217469
 0.04979494 0.06210341 0.07128897 0.01747908]
[0.03814269 0.08295998 0.07522787 0.0762276  0.07522787 0.07522787
 0.0520578  0.09212528 0.10307296 0.07522787 0.02773657 0.02264992
 0.05298913 0.0550928  0.07522787 0.02080599]
[0.04222705 0.07738677 0.07042149 0.06725955 0.07042149 0.07042149
 0.07005265 0.08102946 0.12371051 0.07042149 0.03361199 0.0227667
 0.05575202 0.05126024 0.07042149 0.02283559]
[0.03672754 0.06726553 0.06853276 0.09526598 0.06853276 0.06853276
 0.04915198 0.05850361 0.14069459 0.06853276 0.0358414  0.02503085
 0.04792821 0.08046806 0.06853276 0.02045842]]