37026
Test: public void test67() throws Throwable { // Undeclared exception!  MonthDay.fromDateFields((Date) null);   }
Code: public static MonthDay fromDateFields(Date date) { if (date == null) { throw new IllegalArgumentException("The date must not be null"); } return new MonthDay(date.getMonth() + 1, date.getDate()); }
[[0.02616491 0.07867485 0.03992295 0.0210494  0.03915957 0.0351523
 0.07055325 0.09124861 0.04119487 0.01400948 0.0351523  0.02637728
 0.01317817 0.01990435 0.06977798 0.06136692 0.02433864 0.02270686
 0.03946372 0.01120594 0.02882816 0.01317817 0.03629777 0.02120644
 0.07238346 0.03629778 0.01120594]
[0.02709959 0.0720197  0.03943449 0.02122207 0.03977854 0.04782521
 0.07362442 0.0847936  0.03445563 0.01423636 0.04782521 0.02334751
 0.01170677 0.01526689 0.06849181 0.0565496  0.02013882 0.02941302
 0.03959248 0.01298787 0.02564913 0.01170677 0.03654751 0.02118725
 0.07556446 0.03654752 0.01298787]
[0.02629964 0.06296846 0.04700449 0.01710651 0.04627766 0.04041421
 0.05781699 0.1008915  0.03735502 0.01343272 0.04041421 0.02692877
 0.01137779 0.01703215 0.07859003 0.06603912 0.02423153 0.02427737
 0.04206218 0.01060105 0.03033725 0.01137779 0.03069786 0.02466456
 0.07050225 0.03069786 0.01060105]
[0.02405044 0.07613529 0.04472532 0.01678437 0.03772451 0.03482003
 0.0736853  0.09563798 0.04027701 0.01210698 0.03482003 0.02338542
 0.01098477 0.01807699 0.07177293 0.06098931 0.01924842 0.03014398
 0.03476787 0.00919894 0.03145638 0.01098477 0.0402509  0.01828386
 0.08023839 0.0402509  0.00919894]
[0.02067889 0.07002455 0.04517995 0.01704766 0.03416454 0.05012529
 0.07047031 0.12404646 0.03874154 0.00996011 0.05012529 0.01804568
 0.01233776 0.01888736 0.06430461 0.06240977 0.0141542  0.02125173
 0.02792211 0.0078203  0.0345057  0.01233776 0.03375561 0.0170173
 0.08310959 0.03375561 0.0078203 ]
[0.02760176 0.06443298 0.04638005 0.01779542 0.04556184 0.04366319
 0.04763236 0.09411033 0.02969878 0.01799028 0.04366319 0.0251928
 0.01550386 0.01668911 0.06167866 0.05686788 0.02517141 0.02861959
 0.03585805 0.01550947 0.03185929 0.01550386 0.03647832 0.02878235
 0.07576741 0.03647833 0.01550947]
[0.0154321  0.09812618 0.03955305 0.01191485 0.04108742 0.03429946
 0.08770636 0.1376527  0.03094571 0.00586903 0.03429946 0.01515211
 0.00604638 0.01185646 0.07266495 0.07132526 0.01403274 0.02166336
 0.02524829 0.00518013 0.02044234 0.00604638 0.03480479 0.01288835
 0.10577723 0.0348048  0.00518013]
[0.02437373 0.07877696 0.04375885 0.02098072 0.04191098 0.03607213
 0.06314589 0.08587164 0.03607377 0.01707494 0.03607213 0.0275789
 0.01629875 0.01834478 0.06569001 0.05448049 0.02415473 0.03174768
 0.03753365 0.01269317 0.03180625 0.01629875 0.0359786  0.02696517
 0.06764559 0.03597861 0.01269317]
[0.014574   0.0890149  0.0375872  0.0175219  0.03515304 0.0409242
 0.07996756 0.1368789  0.03545156 0.00941359 0.0409242  0.01838052
 0.00982478 0.01534924 0.07525463 0.07463773 0.01407978 0.02324581
 0.02456593 0.00822991 0.02421359 0.00982478 0.02273995 0.01987209
 0.09140031 0.02273995 0.00822992]
[0.01982375 0.08688287 0.04716187 0.01910863 0.0419332  0.04459088
 0.08999877 0.1199792  0.0371596  0.01228408 0.04459088 0.01863774
 0.00809573 0.01702991 0.06350534 0.05801539 0.01890355 0.02147779
 0.02829765 0.00688594 0.02406931 0.00809573 0.03593254 0.01690829
 0.06781284 0.03593255 0.00688594]
[0.02760176 0.06443298 0.04638005 0.01779542 0.04556184 0.04366319
 0.04763236 0.09411033 0.02969878 0.01799028 0.04366319 0.0251928
 0.01550386 0.01668911 0.06167866 0.05686788 0.02517141 0.02861959
 0.03585805 0.01550947 0.03185929 0.01550386 0.03647832 0.02878235
 0.07576741 0.03647833 0.01550947]
[0.01839824 0.07507137 0.04342769 0.01674238 0.03687023 0.05098023
 0.06436035 0.12492383 0.02683398 0.01053485 0.05098023 0.0220961
 0.00984025 0.01230169 0.06359056 0.07558586 0.01694656 0.02755931
 0.03017355 0.00811213 0.03204938 0.00984025 0.02957197 0.01679074
 0.08873422 0.02957197 0.00811213]
[0.02229667 0.0675668  0.03882767 0.0155365  0.04063952 0.04176057
 0.07493255 0.10314043 0.03997432 0.01232533 0.04176057 0.02456838
 0.01433543 0.01911115 0.06122034 0.07375675 0.01724308 0.02971384
 0.03017852 0.01202815 0.03140764 0.01433543 0.03361406 0.02367549
 0.07040861 0.03361407 0.01202815]
[0.02234315 0.06457722 0.0354155  0.01768506 0.04403014 0.04273415
 0.06133591 0.0980669  0.04088866 0.01530516 0.04273415 0.02447058
 0.01311098 0.01837406 0.06532343 0.06767067 0.02058807 0.02678887
 0.0363963  0.01254719 0.02825657 0.01311098 0.03913548 0.0220802
 0.07534794 0.03913549 0.01254718]
[0.01958765 0.08270253 0.04066605 0.02177032 0.04033047 0.03694771
 0.06230973 0.12644464 0.03462061 0.01095479 0.03694771 0.01946732
 0.01113916 0.01358494 0.08056762 0.05995759 0.02022625 0.02348332
 0.03089959 0.01067841 0.02517595 0.01113916 0.02782616 0.02021706
 0.09385058 0.02782616 0.01067841]
[0.0195165  0.07955685 0.03878512 0.01777703 0.04168971 0.04439659
 0.0736374  0.09498698 0.03225642 0.01363736 0.04439659 0.0258952
 0.01480068 0.01589537 0.06154503 0.06111636 0.01610592 0.03620932
 0.03122973 0.01013794 0.03362487 0.01480068 0.03030027 0.02468999
 0.08257385 0.03030027 0.01013794]
[0.01923996 0.07988293 0.04507667 0.01881286 0.04540846 0.04087923
 0.06506976 0.08929934 0.03991909 0.01464501 0.04087923 0.02505937
 0.01239719 0.0166628  0.06396212 0.06486356 0.01806566 0.02847242
 0.03777978 0.01139893 0.02884421 0.01239719 0.03323433 0.02377165
 0.07934499 0.03323434 0.01139893]
[0.02283862 0.0741781  0.03232029 0.01770493 0.03872212 0.0352838
 0.07693635 0.08978912 0.03701431 0.01401369 0.0352838  0.02094743
 0.01075357 0.0183964  0.07298303 0.0742344  0.02013097 0.03086749
 0.04030475 0.01179603 0.02541874 0.01075357 0.04110985 0.02174711
 0.07356568 0.04110985 0.01179603]
[0.02606782 0.08197375 0.03693292 0.01699505 0.03746796 0.03834997
 0.07888292 0.11270277 0.03787549 0.01289431 0.03834997 0.02530278
 0.0126001  0.01978285 0.06577588 0.06188101 0.0218035  0.02363798
 0.0436062  0.00919792 0.02996175 0.0126001  0.02895847 0.0178342
 0.07040793 0.02895847 0.00919792]
[0.01883754 0.07620672 0.04641484 0.01787017 0.03458338 0.04566774
 0.07209654 0.08885584 0.03241102 0.01189855 0.04566774 0.02513548
 0.01054318 0.01791221 0.07286985 0.05155817 0.01950749 0.03527727
 0.03600349 0.0099597  0.0403487  0.01054318 0.03570348 0.0204899
 0.07797462 0.03570348 0.0099597 ]
[0.01673552 0.08001824 0.04719967 0.01395342 0.03600312 0.03432012
 0.0679895  0.15441875 0.03132852 0.00972447 0.03432012 0.01915736
 0.00988853 0.01265401 0.06619158 0.07144938 0.01948051 0.02351694
 0.02935773 0.00932412 0.02402251 0.00988853 0.03257983 0.02319311
 0.08138042 0.03257984 0.00932412]
[0.02229667 0.0675668  0.03882767 0.0155365  0.04063952 0.04176057
 0.07493255 0.10314043 0.03997432 0.01232533 0.04176057 0.02456838
 0.01433543 0.01911115 0.06122034 0.07375675 0.01724308 0.02971384
 0.03017852 0.01202815 0.03140764 0.01433543 0.03361406 0.02367549
 0.07040861 0.03361407 0.01202815]
[0.02119276 0.07565715 0.04129828 0.02050981 0.04537525 0.03545177
 0.05260079 0.09748027 0.03982313 0.01522057 0.03545177 0.02507403
 0.01627187 0.01669658 0.07566395 0.06387194 0.01794632 0.02814873
 0.02715781 0.01191505 0.02577105 0.01627187 0.03503615 0.0292909
 0.08387101 0.03503615 0.01191505]
[0.02491216 0.07505935 0.04914874 0.01684668 0.04200339 0.0340095
 0.06556024 0.11261377 0.03219503 0.01357046 0.0340095  0.02266632
 0.01275671 0.01668084 0.06890716 0.05802801 0.02498414 0.02474736
 0.03783286 0.01178241 0.02921816 0.01275671 0.03458723 0.02087982
 0.07787383 0.03458723 0.01178241]
[0.02496289 0.07328674 0.04853857 0.02031122 0.03859953 0.04650073
 0.06557354 0.09722119 0.03479769 0.01394999 0.04650073 0.02318379
 0.01292081 0.01722496 0.07529105 0.05228889 0.01807045 0.02608065
 0.03402807 0.01084725 0.02438346 0.01292081 0.0388556  0.02432796
 0.06963056 0.0388556  0.01084725]
[0.02119276 0.07565715 0.04129828 0.02050981 0.04537524 0.03545177
 0.05260079 0.09748028 0.03982313 0.01522058 0.03545177 0.02507403
 0.01627186 0.01669658 0.07566395 0.06387192 0.01794632 0.02814873
 0.0271578  0.01191506 0.02577106 0.01627186 0.03503615 0.02929091
 0.08387104 0.03503615 0.01191505]
[0.01883754 0.07620671 0.04641485 0.01787017 0.03458337 0.04566775
 0.07209654 0.08885586 0.03241102 0.01189855 0.04566775 0.02513548
 0.01054318 0.01791221 0.07286986 0.05155814 0.01950749 0.03527727
 0.03600349 0.0099597  0.04034871 0.01054318 0.03570348 0.0204899
 0.07797461 0.03570348 0.0099597 ]]