38923
Test: public void test1() throws Throwable { DateTimeZone dateTimeZone0 = DateTimeZone.getDefault(); CopticChronology copticChronology0 = CopticChronology.getInstance(dateTimeZone0); BasicMonthOfYearDateTimeField basicMonthOfYearDateTimeField0 = new BasicMonthOfYearDateTimeField(copticChronology0, 0); GJYearOfEraDateTimeField gJYearOfEraDateTimeField0 = new GJYearOfEraDateTimeField(basicMonthOfYearDateTimeField0, copticChronology0); long long0 = gJYearOfEraDateTimeField0.set((long) 0, 4); }
Code: public long set(long instant, int year) { FieldUtils.verifyValueBounds(this, year, 1, getMaximumValue()); if (iChronology.getYear(instant) <= 0) { year = 1 - year; } return super.set(instant, year); }
[[0.02547981 0.04146605 0.03838655 0.05009964 0.01562842 0.03534947
 0.03644341 0.03534947 0.02721957 0.07071681 0.03534947 0.06893118
 0.03534947 0.07039577 0.01489429 0.03644341 0.0432366  0.01619006
 0.02345378 0.07864664 0.03534947 0.01139639 0.02834646 0.03534947
 0.07913198 0.01139639]
[0.01580461 0.03048425 0.02901891 0.04191919 0.00894743 0.02821434
 0.04383365 0.02821434 0.02139504 0.08748975 0.02821434 0.06017069
 0.02821434 0.16346872 0.0148261  0.04383365 0.04522275 0.01224217
 0.02025151 0.07411859 0.02821434 0.01008747 0.02318715 0.02821434
 0.07432483 0.01008747]
[0.01672814 0.03316054 0.03513188 0.05134233 0.00918757 0.02889541
 0.04137253 0.02889541 0.03091923 0.07369137 0.02889541 0.05812864
 0.02889541 0.1218718  0.01641383 0.04137253 0.06112295 0.01629584
 0.02164831 0.08085715 0.02889541 0.01072245 0.02517816 0.02889541
 0.07075978 0.01072245]
[0.02428769 0.02799062 0.03517222 0.05027394 0.01462351 0.03295094
 0.04625497 0.03295094 0.02819184 0.07473973 0.03295094 0.06504793
 0.03295094 0.08674552 0.01859698 0.04625497 0.04573656 0.01861756
 0.02000061 0.08460826 0.03295094 0.0101269  0.02827367 0.03295094
 0.06662388 0.0101269 ]
[0.01564164 0.03186562 0.02568948 0.048566   0.01074973 0.03883901
 0.03849202 0.03883901 0.02095768 0.08686595 0.03883901 0.09044626
 0.03883901 0.09689622 0.01294039 0.03849202 0.04496162 0.01317205
 0.02282353 0.05923289 0.03883901 0.00798967 0.02562208 0.03883901
 0.06757139 0.00798967]
[0.01997443 0.03297457 0.03809693 0.0531528  0.01257606 0.03264824
 0.03548    0.03264824 0.03526378 0.07744586 0.03264824 0.05009812
 0.03264824 0.0886572  0.01604634 0.03548    0.04470553 0.02227976
 0.02529933 0.0765854  0.03264824 0.01178377 0.02434406 0.03264824
 0.09208283 0.01178377]
[0.02584568 0.03994597 0.03996792 0.04654873 0.01215556 0.03285828
 0.04379828 0.03285828 0.03438205 0.06953785 0.03285828 0.04421871
 0.03285828 0.06817181 0.01796673 0.04379828 0.05459159 0.02161825
 0.02472788 0.0726569  0.03285828 0.0150851  0.02945166 0.03285828
 0.08329631 0.0150851 ]
[0.01997443 0.03297457 0.03809693 0.0531528  0.01257606 0.03264824
 0.03548    0.03264824 0.03526378 0.07744586 0.03264824 0.05009812
 0.03264824 0.0886572  0.01604634 0.03548    0.04470553 0.02227976
 0.02529933 0.0765854  0.03264824 0.01178377 0.02434406 0.03264824
 0.09208283 0.01178377]
[0.0236637  0.0379713  0.03068261 0.04562236 0.01183963 0.03458172
 0.04364754 0.03458172 0.02513747 0.06089165 0.03458172 0.06684539
 0.03458172 0.11467972 0.01301972 0.04364754 0.04551272 0.01433569
 0.0258926  0.06878128 0.03458172 0.01051942 0.03087032 0.03458172
 0.06842967 0.01051942]
[0.02188996 0.03821842 0.03626857 0.06023258 0.01015765 0.03366148
 0.04406448 0.03366148 0.02932611 0.05982569 0.03366148 0.05812274
 0.03366148 0.07164924 0.01571813 0.04406448 0.05622604 0.01498177
 0.01873283 0.08621061 0.03366148 0.0100909  0.0216639  0.03366148
 0.0904962  0.0100909 ]
[0.01997443 0.03297457 0.03809693 0.0531528  0.01257606 0.03264824
 0.03548    0.03264824 0.03526378 0.07744586 0.03264824 0.05009812
 0.03264824 0.0886572  0.01604634 0.03548    0.04470553 0.02227976
 0.02529933 0.0765854  0.03264824 0.01178377 0.02434406 0.03264824
 0.09208283 0.01178377]
[0.01382567 0.03231876 0.02204628 0.0577565  0.00650041 0.02865881
 0.03615538 0.02865881 0.02606957 0.08842899 0.02865881 0.08060425
 0.02865881 0.16320008 0.01409569 0.03615538 0.04438553 0.01142906
 0.01341423 0.08215201 0.02865881 0.00525602 0.01865336 0.02865881
 0.07034396 0.00525602]
[0.01997443 0.03297457 0.03809693 0.0531528  0.01257606 0.03264824
 0.03548    0.03264824 0.03526378 0.07744586 0.03264824 0.05009812
 0.03264824 0.0886572  0.01604634 0.03548    0.04470553 0.02227976
 0.02529933 0.0765854  0.03264824 0.01178377 0.02434406 0.03264824
 0.09208283 0.01178377]
[0.02093186 0.02791078 0.03337243 0.04667315 0.0091593  0.0339291
 0.04739612 0.0339291  0.02569229 0.06898369 0.0339291  0.05558382
 0.0339291  0.10949858 0.01333174 0.04739612 0.05209287 0.01357251
 0.02268984 0.079633   0.0339291  0.01238994 0.02179685 0.0339291
 0.07593059 0.01238994]
[0.02074306 0.04073188 0.0352395  0.05116479 0.01240707 0.03372975
 0.03835896 0.03372975 0.02198273 0.06218563 0.03372975 0.07008863
 0.03372975 0.09162941 0.01484301 0.03835896 0.04583319 0.01625728
 0.0240976  0.08284931 0.03372975 0.0130969  0.03299806 0.03372975
 0.07165864 0.0130969 ]
[0.02584568 0.03994597 0.03996792 0.04654873 0.01215556 0.03285828
 0.04379828 0.03285828 0.03438205 0.06953785 0.03285828 0.04421871
 0.03285828 0.06817181 0.01796673 0.04379828 0.05459159 0.02161825
 0.02472788 0.0726569  0.03285828 0.0150851  0.02945166 0.03285828
 0.08329631 0.0150851 ]
[0.02128239 0.03216384 0.02852957 0.04798454 0.01186172 0.0296999
 0.04575939 0.0296999  0.02841875 0.07234564 0.0296999  0.07264937
 0.0296999  0.11169083 0.01244156 0.04575939 0.04074983 0.01598079
 0.01941303 0.08219932 0.0296999  0.01347765 0.02704271 0.0296999
 0.07857262 0.01347765]
[0.02939506 0.03620257 0.03475328 0.05040291 0.01763362 0.04155316
 0.03407121 0.04155316 0.02639331 0.05358068 0.04155316 0.06523925
 0.04155316 0.05633378 0.02232582 0.03407121 0.04605443 0.02462276
 0.02429725 0.06305182 0.04155316 0.01461691 0.03243013 0.04155316
 0.07058807 0.01461691]
[0.01842673 0.02752996 0.03643846 0.05204237 0.01029647 0.02842874
 0.03956533 0.02842874 0.02633785 0.08786696 0.02842874 0.07987829
 0.02842874 0.11929628 0.01468875 0.03956533 0.04836365 0.01476385
 0.02149117 0.06615964 0.02842874 0.00901477 0.02468259 0.02842874
 0.08400431 0.00901477]
[0.02715047 0.03246257 0.03137437 0.04395938 0.01592694 0.03843224
 0.04510813 0.03843224 0.02473615 0.06849504 0.03843224 0.0621395
 0.03843224 0.07048167 0.02153881 0.04510813 0.04166355 0.01985736
 0.02719424 0.06266798 0.03843224 0.01323211 0.02824274 0.03843224
 0.07483537 0.01323211]
[0.01997443 0.03297457 0.03809693 0.0531528  0.01257606 0.03264824
 0.03548    0.03264824 0.03526378 0.07744586 0.03264824 0.05009812
 0.03264824 0.0886572  0.01604634 0.03548    0.04470553 0.02227976
 0.02529933 0.0765854  0.03264824 0.01178377 0.02434406 0.03264824
 0.09208283 0.01178377]
[0.01772981 0.02880255 0.02887168 0.05141155 0.01322396 0.03237503
 0.0500798  0.03237503 0.02756612 0.07493981 0.03237503 0.06941409
 0.03237503 0.09157234 0.01405301 0.0500798  0.04274308 0.0165227
 0.02487657 0.07656518 0.03237503 0.01055929 0.04002768 0.03237503
 0.0661515  0.01055929]
[0.01666741 0.04161544 0.03637856 0.03874267 0.00924671 0.03147434
 0.03617179 0.03147434 0.0256031  0.07787053 0.03147434 0.06642798
 0.03147434 0.11418069 0.01473328 0.03617179 0.05032299 0.01651368
 0.01791105 0.0792891  0.03147434 0.00973084 0.02358302 0.03147434
 0.09026241 0.00973084]
[0.01997443 0.03297457 0.03809693 0.0531528  0.01257606 0.03264824
 0.03548    0.03264824 0.03526378 0.07744586 0.03264824 0.05009812
 0.03264824 0.0886572  0.01604634 0.03548    0.04470553 0.02227976
 0.02529933 0.0765854  0.03264824 0.01178377 0.02434406 0.03264824
 0.09208283 0.01178377]
[0.02367513 0.03228623 0.03476918 0.04136677 0.01106299 0.0325672
 0.04126832 0.0325672  0.02480877 0.0709332  0.0325672  0.06000417
 0.0325672  0.10630146 0.01668716 0.04126832 0.0541658  0.01631085
 0.01886483 0.08947695 0.0325672  0.01055355 0.02526769 0.0325672
 0.07497195 0.01055355]
[0.01772981 0.02880256 0.02887168 0.05141154 0.01322396 0.03237503
 0.05007981 0.03237503 0.02756613 0.07493982 0.03237503 0.06941408
 0.03237503 0.09157231 0.01405302 0.05007981 0.04274307 0.0165227
 0.02487657 0.07656521 0.03237503 0.01055929 0.04002768 0.03237503
 0.0661515  0.01055929]]