26845
Test: public void test29() throws Throwable { Vector3D.Unit vector3D_Unit0 = Vector3D.Unit.PLUS_Y; Plane plane0 = new Plane(vector3D_Unit0, (-1011.20471493188), (Precision.DoubleEquivalence) null); EmbeddingPlane embeddingPlane0 = plane0.getEmbedding(); SimpleTriangle3D simpleTriangle3D0 = new SimpleTriangle3D(embeddingPlane0, vector3D_Unit0, vector3D_Unit0, vector3D_Unit0); double double0 = simpleTriangle3D0.getSize(); }
Code: public double getSize() { final Vector3D v1 = p1.vectorTo(p2); final Vector3D v2 = p1.vectorTo(p3); return 0.5 * v1.cross(v2).norm(); }
[[0.04128738 0.07065281 0.09635057 0.06029959 0.0338318  0.09781829
 0.05210941 0.02631389 0.05728131 0.0338318  0.09781829 0.02301872
 0.02631389 0.05728131 0.04608648 0.07307234 0.03061132 0.05728132
 0.01873947]
[0.03340602 0.07187955 0.10680027 0.06070038 0.02894384 0.09200013
 0.04840492 0.0255142  0.05952348 0.02894384 0.09200013 0.02625572
 0.0255142  0.05952348 0.05149846 0.08441394 0.02933434 0.05952349
 0.01581967]
[0.04150842 0.06383678 0.11172725 0.07683743 0.02767969 0.09167089
 0.03678876 0.02960314 0.05820489 0.02767969 0.09167089 0.02616907
 0.02960314 0.05820489 0.04115468 0.08105563 0.03112811 0.05820489
 0.01727185]
[0.04336151 0.05834581 0.08877449 0.07103584 0.04262771 0.07708288
 0.04195115 0.03615845 0.05621704 0.04262771 0.07708288 0.02555178
 0.03615845 0.05621704 0.04973079 0.07399382 0.04202917 0.05621705
 0.0248364 ]
[0.03991739 0.07709698 0.08834379 0.06695901 0.02657162 0.08430858
 0.05466349 0.03092055 0.06199437 0.02657162 0.08430858 0.02020413
 0.03092055 0.06199437 0.05803118 0.07983878 0.03212386 0.06199437
 0.01323681]
[0.04428551 0.05150502 0.09214589 0.07083462 0.03658254 0.0858143
 0.04254626 0.03338073 0.05915086 0.03658254 0.0858143  0.02982099
 0.03338073 0.05915086 0.05096501 0.06659894 0.0364409  0.05915086
 0.02584911]
[0.03204148 0.05775526 0.09708149 0.0611242  0.03047293 0.09152642
 0.04584521 0.03355762 0.05481901 0.03047293 0.09152642 0.02826147
 0.03355762 0.05481901 0.05986314 0.09274392 0.03265739 0.05481901
 0.01705552]
[0.04830346 0.05744402 0.08403061 0.05553873 0.04072286 0.06952714
 0.03827708 0.04033217 0.06829488 0.04072286 0.06952714 0.02764921
 0.04033217 0.06829488 0.0532057  0.06419949 0.04139163 0.06829489
 0.02391103]
[0.03453808 0.06433699 0.10658097 0.05720863 0.03403184 0.0890974
 0.0369703  0.03764275 0.05720147 0.03403184 0.0890974  0.02276709
 0.03764275 0.05720147 0.04198442 0.08925814 0.03394095 0.05720148
 0.01926602]
[0.03991739 0.07709698 0.08834379 0.06695901 0.02657162 0.08430858
 0.05466349 0.03092055 0.06199437 0.02657162 0.08430858 0.02020413
 0.03092055 0.06199437 0.05803118 0.07983878 0.03212386 0.06199437
 0.01323681]
[0.04428551 0.05150502 0.09214589 0.07083462 0.03658254 0.0858143
 0.04254626 0.03338073 0.05915086 0.03658254 0.0858143  0.02982099
 0.03338073 0.05915086 0.05096501 0.06659894 0.0364409  0.05915086
 0.02584911]
[0.0377427  0.06327257 0.0913844  0.0748401  0.03081507 0.07673296
 0.06201486 0.02357691 0.06484404 0.03081507 0.07673296 0.01976163
 0.02357691 0.06484404 0.05198362 0.10163605 0.02561978 0.06484406
 0.01496223]
[0.04830346 0.05744402 0.08403061 0.05553873 0.04072286 0.06952714
 0.03827708 0.04033217 0.06829488 0.04072286 0.06952714 0.02764921
 0.04033217 0.06829488 0.0532057  0.06419949 0.04139163 0.06829489
 0.02391103]
[0.03453808 0.06433699 0.10658097 0.05720863 0.03403184 0.0890974
 0.0369703  0.03764275 0.05720147 0.03403184 0.0890974  0.02276709
 0.03764275 0.05720147 0.04198442 0.08925814 0.03394095 0.05720148
 0.01926602]
[0.02957036 0.06214866 0.13308541 0.05962116 0.02740625 0.10010302
 0.03581986 0.02901996 0.05806425 0.02740625 0.10010302 0.01876204
 0.02901996 0.05806425 0.04262089 0.08974226 0.0251309  0.05806426
 0.01624726]
[0.03438595 0.07255049 0.1089771  0.0689945  0.02732306 0.09168099
 0.04153229 0.02814741 0.06061789 0.02732306 0.09168099 0.01933348
 0.02814741 0.06061789 0.05171432 0.0834272  0.02890625 0.06061789
 0.01402179]
[0.04620737 0.06882178 0.11466606 0.06852498 0.03306519 0.09206694
 0.04614177 0.02380717 0.05191828 0.03306519 0.09206694 0.01915134
 0.02380717 0.05191828 0.04363921 0.07944785 0.04656548 0.05191829
 0.01320068]
[0.03453809 0.06433697 0.10658098 0.05720865 0.03403184 0.08909739
 0.0369703  0.03764275 0.05720148 0.03403184 0.08909739 0.02276709
 0.03764275 0.05720148 0.04198442 0.08925814 0.03394096 0.05720148
 0.01926603]
[0.03101853 0.0693993  0.07066149 0.0768168  0.02781095 0.0838048
 0.04918784 0.02773376 0.05851029 0.02781095 0.0838048  0.02823171
 0.02773376 0.05851029 0.06690748 0.10467784 0.03219877 0.0585103
 0.01667031]]