24887
Test: public void test7() throws Throwable { Vector3D.Unit vector3D_Unit0 = Vector3D.Unit.MINUS_Z; Precision.DoubleEquivalence precision_DoubleEquivalence0 = mock(Precision.DoubleEquivalence.class, new ViolatedAssumptionAnswer()); GreatCircle greatCircle0 = new GreatCircle(vector3D_Unit0, vector3D_Unit0, vector3D_Unit0, precision_DoubleEquivalence0); Point2S point2S0 = Point2S.of(2.409919865102884E-181, 2.409919865102884E-181); Point2S point2S1 = greatCircle0.project(point2S0); }
Code: public Point2S project(final Point2S point) { final double az = azimuth(point.getVector()); return Point2S.from(vectorAt(az)); }
[[0.06063514 0.08411488 0.08411488 0.08411488 0.07251649 0.07897887
 0.04842278 0.1047982  0.08411488 0.03803352 0.08411488 0.06650025
 0.08411489 0.02542543]
[0.04984255 0.08324395 0.08324395 0.08324395 0.08987677 0.07871407
 0.04798693 0.09335172 0.08324395 0.05350436 0.08324395 0.06048701
 0.08324397 0.02677289]
[0.04984255 0.08324395 0.08324395 0.08324395 0.08987677 0.07871407
 0.04798693 0.09335172 0.08324395 0.05350436 0.08324395 0.06048701
 0.08324397 0.02677289]
[0.04984255 0.08324395 0.08324395 0.08324395 0.08987677 0.07871407
 0.04798693 0.09335172 0.08324395 0.05350436 0.08324395 0.06048701
 0.08324397 0.02677289]
[0.05285971 0.08026636 0.08026636 0.08026636 0.08836704 0.08951972
 0.04900777 0.08996823 0.08026636 0.04138441 0.08026636 0.07877119
 0.08026638 0.02852376]
[0.06004789 0.07736798 0.07736798 0.07736798 0.08315555 0.0994537
 0.05907466 0.0806088  0.07736798 0.05012191 0.07736798 0.06872682
 0.07736799 0.0346028 ]
[0.05331617 0.08224111 0.08224111 0.08224111 0.08805652 0.09031093
 0.0355841  0.10266212 0.0822411  0.04128227 0.0822411  0.07753406
 0.08224111 0.01780718]
[0.04699166 0.08492375 0.08492375 0.08492375 0.09423716 0.07908186
 0.03946087 0.10304292 0.08492376 0.0359089  0.08492376 0.0706481
 0.08492376 0.021086  ]
[0.04984255 0.08324395 0.08324395 0.08324395 0.08987677 0.07871407
 0.04798693 0.09335172 0.08324395 0.05350436 0.08324395 0.06048701
 0.08324397 0.02677289]
[0.06124116 0.0866491  0.0866491  0.0866491  0.07960321 0.06820878
 0.05155325 0.07217741 0.0866491  0.05049985 0.0866491  0.067038
 0.08664912 0.02978364]
[0.04984255 0.08324395 0.08324395 0.08324395 0.08987677 0.07871407
 0.04798693 0.09335172 0.08324395 0.05350436 0.08324395 0.06048701
 0.08324397 0.02677289]
[0.04273085 0.0876518  0.0876518  0.0876518  0.09508396 0.07848924
 0.03859174 0.09305401 0.0876518  0.0414679  0.0876518  0.06290527
 0.08765182 0.0217662 ]
[0.04984255 0.08324395 0.08324395 0.08324395 0.08987676 0.07871407
 0.04798693 0.0933517  0.08324395 0.05350435 0.08324395 0.06048702
 0.08324395 0.02677289]
[0.04218889 0.07836974 0.07836974 0.07836974 0.08535739 0.11147512
 0.03836735 0.09704572 0.07836974 0.03848102 0.07836974 0.09302419
 0.07836976 0.02384177]]