136038
Test: public void test143() throws Throwable { Document document0 = Parser.parse("T&B``lI8y", "org.jsoup.select.Elements"); Elements elements0 = document0.getElementsContainingText("T&B``lI8y"); boolean boolean0 = elements0.hasAttr(""); }
Code: public boolean hasAttr(String attributeKey) { for (Element element : this) { if (element.hasAttr(attributeKey)) return true; } return false; }
[[0.0475294  0.12170061 0.02066964 0.03335965 0.06017444 0.04675314
 0.03908078 0.06483623 0.04251011 0.02802528 0.06017444 0.12778729
 0.06593254 0.05191267 0.03283057 0.0195506  0.05191268 0.06570935
 0.01955059]
[0.03435168 0.19852571 0.00941297 0.02584675 0.07332069 0.0347146
 0.02889023 0.06185604 0.02345122 0.01906787 0.07332069 0.12295482
 0.06741631 0.05266927 0.02837742 0.01427206 0.05266928 0.06461041
 0.01427206]
[0.03504162 0.18503185 0.0120193  0.02759272 0.06809471 0.04512054
 0.03133816 0.05549885 0.03437405 0.02613937 0.06809471 0.1286543
 0.05655493 0.05003001 0.03514564 0.01356112 0.05003001 0.06411693
 0.01356112]
[0.04028434 0.1637178  0.01223983 0.02838708 0.05828674 0.04529276
 0.03660808 0.06844962 0.03895827 0.02529939 0.05828674 0.11946952
 0.06702041 0.05317434 0.03185589 0.0142504  0.05317434 0.07099409
 0.0142504 ]
[0.04748241 0.10936503 0.01942109 0.04331915 0.07240727 0.04773229
 0.04218943 0.06157348 0.03847644 0.03160813 0.07240727 0.08229624
 0.06395897 0.05516    0.03403542 0.02615821 0.05516002 0.07109091
 0.02615821]
[0.04566421 0.1553203  0.0123799  0.03001443 0.07608863 0.04588228
 0.0322269  0.05655713 0.02709085 0.02279237 0.07608863 0.14016496
 0.06536908 0.04905258 0.03016482 0.01281476 0.04905259 0.06046088
 0.01281476]
[0.03614254 0.14621618 0.01401542 0.02186537 0.07349098 0.04659335
 0.03549066 0.06637459 0.03629655 0.02178508 0.07349098 0.14243647
 0.06114934 0.04880901 0.03004881 0.01771545 0.04880902 0.06155463
 0.01771545]
[0.04034305 0.14359786 0.01456498 0.02908542 0.06460552 0.04442358
 0.03307787 0.06181841 0.03859087 0.02600674 0.06460552 0.11533718
 0.06789842 0.05663243 0.03159576 0.01834414 0.05663244 0.07449566
 0.01834414]
[0.04716118 0.12751904 0.01678414 0.02798633 0.07076642 0.04883132
 0.03046445 0.05917899 0.03197355 0.02752569 0.07076642 0.11632878
 0.05789684 0.05947334 0.03790857 0.02475804 0.05947334 0.06044549
 0.02475803]
[0.04301915 0.14477135 0.01395107 0.02735941 0.06309021 0.04169105
 0.02299685 0.06711688 0.03730032 0.02449669 0.06309021 0.13329476
 0.07250801 0.05155543 0.0411548  0.01620336 0.05155545 0.06864166
 0.01620336]
[0.04748241 0.10936503 0.01942109 0.04331915 0.07240727 0.04773229
 0.04218943 0.06157348 0.03847644 0.03160813 0.07240727 0.08229624
 0.06395897 0.05516    0.03403542 0.02615821 0.05516002 0.07109091
 0.02615821]
[0.03220164 0.21233313 0.00574293 0.01508748 0.06387217 0.04129014
 0.02405953 0.05445699 0.0227663  0.01483823 0.06387217 0.18013673
 0.07620575 0.04217538 0.02859463 0.00993643 0.04217539 0.06031858
 0.00993643]
[0.03977061 0.15340532 0.01587149 0.03044229 0.05971505 0.05493947
 0.04044192 0.06683009 0.03729235 0.02491623 0.05971505 0.0969924
 0.06698186 0.04818248 0.0384879  0.02053398 0.04818249 0.07676503
 0.02053398]
[0.03267035 0.17877115 0.01204284 0.02186806 0.06140001 0.05675466
 0.02609197 0.06618666 0.02981137 0.02323438 0.06140001 0.13633807
 0.06633598 0.04785636 0.02608842 0.01695203 0.04785638 0.07138934
 0.01695203]
[0.03810016 0.1964223  0.01427944 0.02471764 0.06506882 0.04141997
 0.02417742 0.06384943 0.03156772 0.02509048 0.06506882 0.12514302
 0.06180707 0.04862055 0.03516429 0.01424772 0.04862056 0.06238694
 0.01424772]
[0.03228839 0.11706847 0.01406591 0.02440022 0.07533983 0.0424188
 0.03086754 0.06691004 0.02829278 0.02672415 0.07533983 0.12293243
 0.06170586 0.06831059 0.04285543 0.01658095 0.06831059 0.06900722
 0.01658096]
[0.03267035 0.17877117 0.01204284 0.02186805 0.06140001 0.05675465
 0.02609197 0.06618664 0.02981136 0.02323438 0.06140001 0.13633806
 0.06633598 0.04785637 0.02608842 0.01695203 0.04785637 0.07138932
 0.01695203]
[0.04791526 0.12870729 0.02021717 0.02536686 0.06072075 0.04052223
 0.03565514 0.06871986 0.03474961 0.02801109 0.06072075 0.09865259
 0.06841554 0.05389462 0.04020097 0.02494192 0.05389463 0.08375187
 0.02494192]
[0.03228838 0.1170685  0.01406591 0.02440023 0.07533983 0.04241879
 0.03086753 0.06691004 0.02829278 0.02672415 0.07533983 0.12293242
 0.06170586 0.06831058 0.04285543 0.01658096 0.06831059 0.06900722
 0.01658095]]