134523
Test: public void test19() throws Throwable { Comment comment0 = new Comment("DrpRK"); Document.OutputSettings document_OutputSettings0 = NodeUtils.outputSettings(comment0); }
Code: static Document.OutputSettings outputSettings(Node node) { Document owner = node.ownerDocument(); return owner != null ? owner.outputSettings() : (new Document("")).outputSettings(); }
[[0.10171496 0.03324938 0.0465305  0.04672316 0.07165959 0.1290687
 0.09494802 0.02286913 0.0465305  0.03400693 0.09494802 0.02546683
 0.03224912 0.05171395 0.0465305  0.03420212 0.02221234 0.04653051
 0.01884567]
[0.11635919 0.0337325  0.04677059 0.04154503 0.05328673 0.0950141
 0.11839183 0.02418704 0.04677059 0.03696349 0.11839183 0.02184894
 0.03130999 0.04981196 0.04677059 0.03216508 0.0228755  0.0467706
 0.01703434]
[0.10557248 0.03499917 0.04523506 0.04175217 0.05229466 0.09688757
 0.12219942 0.03175078 0.04523506 0.03415204 0.12219942 0.02001698
 0.02932221 0.05803937 0.04523506 0.02806918 0.02460408 0.04523507
 0.01720017]
[0.10438684 0.02662244 0.0380244  0.03368473 0.06005646 0.10073343
 0.15455145 0.0180351  0.0380244  0.04029608 0.15455145 0.01475945
 0.02650275 0.0538099  0.0380244  0.02605249 0.0225722  0.03802442
 0.01128758]
[0.09488047 0.03648634 0.0471097  0.04491321 0.06803274 0.11004944
 0.09642739 0.03210729 0.0471097  0.04310952 0.09642739 0.02824712
 0.03005756 0.04565248 0.0471097  0.03217391 0.03006167 0.04710971
 0.02293473]
[0.09184523 0.02627023 0.04538015 0.04355983 0.06752218 0.1149416
 0.1335818  0.01704455 0.04538015 0.03592597 0.1335818  0.01720311
 0.02422392 0.05000094 0.04538015 0.03057854 0.02022584 0.04538016
 0.01197389]
[0.11230215 0.02662396 0.04419103 0.03814115 0.05722558 0.10873657
 0.14283732 0.02074029 0.04419103 0.0309865  0.14283732 0.01478472
 0.02646896 0.04798314 0.04419103 0.0204037  0.01963267 0.04419104
 0.01353191]
[0.09777255 0.03673709 0.05717262 0.05539424 0.04498493 0.0924568
 0.08067386 0.03331462 0.05717262 0.04422863 0.08067386 0.03371635
 0.03325782 0.05595226 0.05717262 0.03417435 0.02832537 0.05717263
 0.01964676]
[0.10557248 0.03499917 0.04523506 0.04175217 0.05229466 0.09688757
 0.12219942 0.03175078 0.04523506 0.03415204 0.12219942 0.02001698
 0.02932221 0.05803937 0.04523506 0.02806918 0.02460408 0.04523507
 0.01720017]
[0.10763828 0.03033357 0.03850174 0.03657637 0.04775012 0.10729135
 0.16200787 0.02091245 0.03850174 0.02928463 0.16200787 0.01375853
 0.02355827 0.04820832 0.03850174 0.02095274 0.02296963 0.03850175
 0.01274309]
[0.11230215 0.02662396 0.04419103 0.03814115 0.05722558 0.10873657
 0.14283732 0.02074029 0.04419103 0.0309865  0.14283732 0.01478472
 0.02646896 0.04798314 0.04419103 0.0204037  0.01963267 0.04419104
 0.01353191]
[0.16471484 0.02530128 0.03612549 0.02773191 0.0605473  0.10885145
 0.1469516  0.01801294 0.03612549 0.03006011 0.1469516  0.00977432
 0.02017102 0.0532663  0.03612549 0.01484048 0.0183502  0.0361255
 0.00997262]
[0.08823834 0.02480653 0.04278441 0.03861921 0.07782301 0.11468121
 0.12469791 0.02596978 0.04278441 0.04749183 0.12469791 0.01687462
 0.02541807 0.05804793 0.04278441 0.02602457 0.02402478 0.04278441
 0.01144672]
[0.09275589 0.02266026 0.03756901 0.03058852 0.07846871 0.12293607
 0.15025322 0.01712254 0.03756901 0.03636536 0.15025322 0.01901657
 0.02201454 0.04624583 0.03756901 0.03108648 0.01568702 0.03756902
 0.01426968]
[0.10557248 0.03499917 0.04523506 0.04175217 0.05229466 0.09688757
 0.12219942 0.03175078 0.04523506 0.03415204 0.12219942 0.02001698
 0.02932221 0.05803937 0.04523506 0.02806918 0.02460408 0.04523507
 0.01720017]
[0.10114257 0.03859795 0.04029886 0.04052389 0.05809564 0.0750118
 0.13093416 0.02690877 0.04029886 0.04256792 0.13093416 0.02180994
 0.03293521 0.0680015  0.04029886 0.02475582 0.02719689 0.04029887
 0.01938835]
[0.10329463 0.02610312 0.04225661 0.0442198  0.06677435 0.11351733
 0.12966624 0.02184105 0.04225661 0.03813543 0.12966624 0.01945547
 0.02635442 0.04530462 0.04225661 0.02985856 0.02197677 0.04225661
 0.01480556]
[0.10557248 0.03499917 0.04523506 0.04175217 0.05229466 0.09688754
 0.12219944 0.03175078 0.04523506 0.03415204 0.12219944 0.02001698
 0.0293222  0.05803936 0.04523506 0.02806918 0.02460408 0.04523506
 0.01720018]
[0.10919756 0.02422073 0.04208445 0.03287737 0.06928044 0.10705571
 0.12665226 0.02212761 0.04208445 0.05369159 0.12665226 0.01810099
 0.02575413 0.05434533 0.04208445 0.02419861 0.02304455 0.04208446
 0.0144631 ]]