11018
Test: public void test2() throws Throwable { MutableDouble mutableDouble0 = new MutableDouble(0.0); MutableDouble mutableDouble1 = new MutableDouble(mutableDouble0); mutableDouble0.increment(); boolean boolean0 = mutableDouble1.equals(mutableDouble0); }
Code: public boolean equals(final Object obj) { return obj instanceof MutableDouble && Double.doubleToLongBits(((MutableDouble) obj).value) == Double.doubleToLongBits(value); }
[[0.04565483 0.10857874 0.13680646 0.03535116 0.11860269 0.06616449
 0.05089813 0.04180639 0.02167038 0.06334013 0.02999367 0.06334013
 0.06334013 0.07050318 0.06334013 0.02060937]
[0.03044275 0.15203823 0.15452144 0.02338902 0.14379157 0.08004291
 0.05141719 0.03419658 0.01711378 0.05776177 0.02115279 0.05776177
 0.05776177 0.04603816 0.05776177 0.0148085 ]
[0.04298555 0.13835901 0.15628323 0.02748374 0.10514808 0.08437473
 0.04909118 0.0389492  0.02364911 0.05959839 0.02656621 0.05959839
 0.05959839 0.04903232 0.05959839 0.01968412]
[0.04136977 0.13973665 0.16306183 0.02824893 0.10082355 0.09705392
 0.05050828 0.0391181  0.02476947 0.05139305 0.02788991 0.05139305
 0.05139305 0.06438336 0.05139305 0.017464  ]
[0.05170593 0.1131364  0.09708406 0.0304876  0.07916027 0.09141266
 0.05454508 0.04667891 0.03081809 0.07042795 0.0397206  0.07042795
 0.07042795 0.06072161 0.07042795 0.02281695]
[0.05057801 0.10540499 0.1001121  0.03012151 0.10106143 0.08634789
 0.05755126 0.04728763 0.03791351 0.06401657 0.04495234 0.06401657
 0.06401657 0.05295953 0.06401657 0.02964356]
[0.03121128 0.1478818  0.14921418 0.02955227 0.11832553 0.06561056
 0.04452597 0.05247015 0.02364315 0.05997659 0.02250344 0.05997659
 0.05997659 0.05740779 0.05997659 0.01774751]
[0.0409287  0.14226578 0.10944664 0.02912739 0.09864947 0.07138706
 0.04512265 0.04895434 0.02874373 0.06700629 0.03327071 0.06700629
 0.06700629 0.05273529 0.06700629 0.03134301]
[0.03604846 0.13649799 0.12513359 0.03188451 0.14218867 0.06700533
 0.04571391 0.04490003 0.02274275 0.05807572 0.02170358 0.05807572
 0.05807572 0.07443336 0.05807572 0.01944499]
[0.03831214 0.13886216 0.11180653 0.03062702 0.11546961 0.06503273
 0.04661365 0.04544429 0.03356248 0.06316752 0.02799235 0.06316752
 0.06316752 0.07181422 0.06316752 0.02179272]
[0.0351085  0.15600355 0.13114014 0.03159919 0.09996752 0.07803386
 0.04490713 0.03955544 0.02544627 0.06261976 0.02480055 0.06261976
 0.06261976 0.05841606 0.06261976 0.02454275]
[0.03831214 0.13886216 0.11180653 0.03062702 0.11546961 0.06503273
 0.04661365 0.04544429 0.03356248 0.06316752 0.02799235 0.06316752
 0.06316752 0.07181422 0.06316752 0.02179272]
[0.03831214 0.13886216 0.11180653 0.03062702 0.11546961 0.06503273
 0.04661365 0.04544429 0.03356248 0.06316752 0.02799235 0.06316752
 0.06316752 0.07181422 0.06316752 0.02179272]
[0.02727332 0.18913306 0.15878291 0.03103089 0.13540885 0.08504418
 0.0458822  0.04034453 0.02233845 0.03990309 0.02364217 0.03990309
 0.03990309 0.06476682 0.03990309 0.01674025]
[0.03831214 0.13886216 0.11180653 0.03062702 0.11546961 0.06503273
 0.04661365 0.04544429 0.03356248 0.06316752 0.02799235 0.06316752
 0.06316752 0.07181422 0.06316752 0.02179272]
[0.03309936 0.11077228 0.11806509 0.03455655 0.12486348 0.09249487
 0.07443827 0.03917694 0.02330637 0.06061297 0.02923729 0.06061297
 0.06061297 0.05799139 0.06061297 0.01954624]]