166296
Test: public void test25() throws Throwable { Integer integer0 = new Integer((-961)); Float float0 = PropertyConverter.toFloat(integer0); }
Code: public static Float toFloat(final Object value) throws ConversionException { final Number n = toNumber(value, Float.class); if (n instanceof Float) { return (Float) n; } return Float.valueOf(n.floatValue()); }
[[0.03057964 0.08899803 0.0324155  0.04242057 0.02357436 0.03718445
 0.07345988 0.04242057 0.03939446 0.02436314 0.02275771 0.02065777
 0.0191533  0.04242057 0.02181516 0.08228545 0.02107547 0.01414592
 0.04242057 0.03939446 0.03348365 0.04242057 0.06180025 0.01272714
 0.03348366 0.04242058 0.01272714]
[0.03156665 0.08306158 0.03203891 0.04267532 0.02163207 0.0301575
 0.06513587 0.04267532 0.05473337 0.023073   0.02089047 0.01873557
 0.02042884 0.04267532 0.01941787 0.08576691 0.01975064 0.01558458
 0.04267532 0.05473337 0.02981027 0.04267532 0.05776577 0.01492731
 0.02981027 0.04267532 0.01492731]
[0.02538915 0.1016323  0.03178056 0.04014854 0.0190585  0.03677691
 0.0885492  0.04014854 0.04674339 0.02338751 0.01546389 0.01935457
 0.01942352 0.04014854 0.02228402 0.08730903 0.01473252 0.01601564
 0.04014854 0.04674339 0.03729508 0.04014854 0.05421407 0.00783021
 0.03729508 0.04014854 0.00783021]
[0.02573757 0.08785353 0.03630085 0.04324988 0.01983459 0.0417257
 0.0831069  0.04324988 0.03918349 0.02435137 0.02016702 0.02231427
 0.02731703 0.04324988 0.02262126 0.06290463 0.02446707 0.02153111
 0.04324988 0.03918349 0.03119554 0.04324988 0.05264376 0.01343297
 0.03119555 0.04324989 0.01343297]
[0.02893527 0.08384377 0.03132685 0.03838988 0.02038499 0.03013362
 0.09918529 0.03838988 0.05693727 0.02067721 0.0166333  0.01809392
 0.02032709 0.03838988 0.02294073 0.09038372 0.01431581 0.01695257
 0.03838988 0.05693727 0.03544933 0.03838988 0.04926631 0.01074353
 0.03544933 0.03838988 0.01074353]
[0.02847702 0.09329827 0.03086477 0.04243505 0.0184871  0.03427118
 0.0892785  0.04243505 0.04662939 0.02270861 0.01955457 0.01947741
 0.02051483 0.04243505 0.01898143 0.08367026 0.01495589 0.01363059
 0.04243505 0.04662939 0.03410675 0.04243505 0.05259024 0.01157835
 0.03410674 0.04243505 0.01157835]
[0.02207689 0.0773503  0.03002551 0.03961357 0.02036246 0.04541893
 0.11050369 0.03961357 0.05046257 0.01785959 0.0188852  0.01700217
 0.01934079 0.03961357 0.01686792 0.09852862 0.01466325 0.01311909
 0.03961357 0.05046257 0.03557225 0.03961357 0.04815803 0.01004325
 0.03557226 0.03961358 0.01004325]
[0.02573757 0.08785353 0.03630085 0.04324988 0.01983459 0.0417257
 0.0831069  0.04324988 0.03918349 0.02435137 0.02016702 0.02231427
 0.02731703 0.04324988 0.02262126 0.06290463 0.02446707 0.02153111
 0.04324988 0.03918349 0.03119554 0.04324988 0.05264376 0.01343297
 0.03119555 0.04324989 0.01343297]
[0.03185493 0.07427609 0.03996128 0.04215014 0.01896995 0.03473243
 0.05651488 0.04215014 0.05027729 0.03124008 0.01837149 0.02139675
 0.02647692 0.04215014 0.02762333 0.05498706 0.02682373 0.0234359
 0.04215014 0.05027729 0.0367834  0.04215014 0.05055831 0.01787733
 0.03678341 0.04215014 0.01787733]
[0.0283742  0.08369177 0.02720478 0.04477617 0.02092165 0.02585313
 0.07602464 0.04477617 0.04649115 0.01876996 0.01974456 0.01815027
 0.02200067 0.04477617 0.01974845 0.09518819 0.02132001 0.01603549
 0.04477617 0.04649115 0.04121964 0.04477617 0.04439645 0.00924857
 0.04121964 0.04477617 0.00924857]
[0.02908265 0.06973123 0.0296108  0.04198444 0.01980137 0.0355157
 0.0968467  0.04198444 0.04751822 0.02078527 0.01817489 0.01962473
 0.02013543 0.04198444 0.01890562 0.08693277 0.02140375 0.01592778
 0.04198444 0.04751822 0.04151928 0.04198444 0.04562724 0.01095621
 0.04151929 0.04198445 0.01095621]
[0.02622952 0.07802988 0.03493939 0.04295377 0.0194132  0.03478482
 0.10009152 0.04295377 0.04583332 0.01899523 0.01915039 0.02092255
 0.01704549 0.04295377 0.02042445 0.08591026 0.01641409 0.01566257
 0.04295377 0.04583332 0.03866282 0.04295377 0.04521435 0.01002871
 0.03866284 0.04295378 0.01002871]
[0.03323655 0.07889277 0.02976497 0.0470465  0.02151717 0.03635783
 0.0501703  0.0470465  0.03628231 0.02795311 0.01896662 0.02499635
 0.02719527 0.0470465  0.02226667 0.07332262 0.02360238 0.01903789
 0.0470465  0.03628231 0.036243   0.0470465  0.05341647 0.01598668
 0.03624301 0.04704652 0.01598667]
[0.02573757 0.08785353 0.03630085 0.04324988 0.01983459 0.0417257
 0.0831069  0.04324988 0.03918349 0.02435137 0.02016702 0.02231427
 0.02731703 0.04324988 0.02262126 0.06290463 0.02446707 0.02153111
 0.04324988 0.03918349 0.03119554 0.04324988 0.05264376 0.01343297
 0.03119555 0.04324989 0.01343297]
[0.02422114 0.10035968 0.03873346 0.04288989 0.01641919 0.04479545
 0.08822934 0.04288989 0.04158096 0.02462422 0.01813799 0.0186251
 0.02242591 0.04288989 0.01824071 0.0828426  0.01799714 0.01390973
 0.04288989 0.04158096 0.02750049 0.04288989 0.04922393 0.01285603
 0.0275005  0.04288991 0.01285603]
[0.01964534 0.11320655 0.02473825 0.0467503  0.01517799 0.02825925
 0.11609688 0.0467503  0.03840902 0.01425898 0.01403896 0.01325547
 0.01512498 0.0467503  0.01319202 0.10968809 0.02304107 0.01274658
 0.0467503  0.03840902 0.0256952  0.0467503  0.04682181 0.00599873
 0.02569521 0.0467503  0.00599873]
[0.02942499 0.09071358 0.02478017 0.03758142 0.02254611 0.03362114
 0.1025795  0.03758142 0.04329151 0.02268318 0.01734715 0.01618125
 0.0188187  0.03758142 0.01945003 0.09609152 0.01823832 0.0198805
 0.03758142 0.04329151 0.04054007 0.03758142 0.0555724  0.00945992
 0.04054008 0.03758143 0.00945992]
[0.02454453 0.11378218 0.04509278 0.03891525 0.02069596 0.04334746
 0.08373697 0.03891525 0.03913224 0.02144246 0.02166929 0.01418853
 0.01861447 0.03891525 0.0182763  0.07855611 0.01678985 0.01422582
 0.03891525 0.03913224 0.03046159 0.03891525 0.06918408 0.01158697
 0.03046159 0.03891525 0.01158697]
[0.02573757 0.08785353 0.03630085 0.04324988 0.01983459 0.0417257
 0.0831069  0.04324988 0.03918349 0.02435137 0.02016702 0.02231427
 0.02731703 0.04324988 0.02262126 0.06290463 0.02446707 0.02153111
 0.04324988 0.03918349 0.03119554 0.04324988 0.05264376 0.01343297
 0.03119555 0.04324989 0.01343297]
[0.03185493 0.07427609 0.03996128 0.04215014 0.01896995 0.03473243
 0.05651488 0.04215014 0.05027729 0.03124008 0.01837149 0.02139675
 0.02647692 0.04215014 0.02762333 0.05498706 0.02682373 0.0234359
 0.04215014 0.05027729 0.0367834  0.04215014 0.05055831 0.01787733
 0.03678341 0.04215014 0.01787733]
[0.02159042 0.09494255 0.03256121 0.04463716 0.02023449 0.03696635
 0.0852753  0.04463716 0.03894208 0.01940461 0.0180465  0.01648906
 0.02090865 0.04463716 0.01807837 0.09115455 0.01857009 0.01515214
 0.04463716 0.03894208 0.0319067  0.04463716 0.05942946 0.01083787
 0.03190671 0.04463717 0.01083787]
[0.02573757 0.08785353 0.03630085 0.04324988 0.01983459 0.0417257
 0.0831069  0.04324988 0.03918349 0.02435137 0.02016702 0.02231427
 0.02731703 0.04324988 0.02262126 0.06290463 0.02446707 0.02153111
 0.04324988 0.03918349 0.03119554 0.04324988 0.05264376 0.01343297
 0.03119555 0.04324989 0.01343297]
[0.02875023 0.08586819 0.03430635 0.03954779 0.0235827  0.04775687
 0.06855616 0.03954779 0.0452365  0.02582142 0.02606724 0.02252324
 0.0193854  0.03954779 0.0180445  0.06978846 0.01934462 0.01731255
 0.03954779 0.0452365  0.03836492 0.03954779 0.06454223 0.01193012
 0.03836492 0.0395478  0.01193011]
[0.02161718 0.08888586 0.03073092 0.0407581  0.0218024  0.02587996
 0.09118565 0.0407581  0.05364085 0.01939001 0.01481531 0.01945592
 0.01933954 0.0407581  0.01696037 0.08300585 0.01449302 0.01449842
 0.0407581  0.05364085 0.04665934 0.0407581  0.04951968 0.01163549
 0.04665934 0.0407581  0.01163549]
[0.02159042 0.09494254 0.0325612  0.04463716 0.02023449 0.03696635
 0.08527531 0.04463716 0.03894208 0.0194046  0.0180465  0.01648906
 0.02090864 0.04463716 0.01807837 0.09115455 0.01857009 0.01515213
 0.04463716 0.03894208 0.0319067  0.04463716 0.05942945 0.01083787
 0.03190671 0.04463717 0.01083787]
[0.02573758 0.08785352 0.03630085 0.04324988 0.01983459 0.04172571
 0.08310691 0.04324988 0.03918349 0.02435137 0.02016702 0.02231428
 0.02731702 0.04324988 0.02262125 0.06290463 0.02446707 0.02153111
 0.04324988 0.03918349 0.03119554 0.04324988 0.05264377 0.01343297
 0.03119554 0.04324988 0.01343297]
[0.02161718 0.08888584 0.03073093 0.0407581  0.0218024  0.02587996
 0.09118564 0.0407581  0.05364085 0.01939    0.01481531 0.01945592
 0.01933953 0.0407581  0.01696037 0.08300583 0.01449302 0.01449843
 0.0407581  0.05364085 0.04665934 0.0407581  0.04951969 0.01163549
 0.04665934 0.0407581  0.01163549]]