75886
Test: public void test33() throws Throwable { Class<String> class0 = String.class; JavaClass javaClass0 = Repository.lookupClass(class0); JavaClass[] javaClassArray0 = Repository.getSuperClasses(javaClass0); }
Code: public static JavaClass[] getSuperClasses( final JavaClass clazz ) throws ClassNotFoundException { return clazz.getSuperClasses(); }
[[0.05223567 0.14537373 0.07245853 0.07245853 0.04111481 0.07245853
 0.04334007 0.08625604 0.1282666  0.07245854 0.06348669 0.05672616
 0.07245854 0.0209075 ]
[0.05400531 0.13851652 0.07345743 0.07345743 0.03892733 0.07345743
 0.04461109 0.08088425 0.11096764 0.07345742 0.08942226 0.05071147
 0.07345743 0.02466698]
[0.04296421 0.14411843 0.07263881 0.07263881 0.03993681 0.07263881
 0.0397982  0.09486748 0.13836752 0.07263881 0.06297179 0.05201096
 0.07263882 0.02177063]
[0.04296421 0.14411843 0.07263881 0.07263881 0.03993681 0.07263881
 0.0397982  0.09486748 0.13836752 0.07263881 0.06297179 0.05201096
 0.07263882 0.02177063]
[0.04698307 0.13847965 0.07435672 0.07435672 0.03104438 0.07435672
 0.03124413 0.09409953 0.12620872 0.07435672 0.07664739 0.06824389
 0.07435673 0.01526555]
[0.04296421 0.14411843 0.07263881 0.07263881 0.03993681 0.07263881
 0.0397982  0.09486748 0.13836752 0.07263881 0.06297179 0.05201096
 0.07263882 0.02177063]
[0.03773698 0.17934556 0.07000935 0.07000935 0.04051261 0.07000935
 0.03105579 0.07454021 0.16286305 0.07000935 0.05365074 0.05772875
 0.07000935 0.01251955]
[0.05131824 0.1172671  0.07278153 0.07278153 0.04899995 0.07278153
 0.04493337 0.08107819 0.10759512 0.07278153 0.09926152 0.06016126
 0.07278153 0.02547763]
[0.03807765 0.13354734 0.06824495 0.06824495 0.0308205  0.06824495
 0.03142775 0.06853461 0.19039467 0.06824496 0.08723346 0.06139094
 0.06824498 0.0173483 ]
[0.04296421 0.14411843 0.07263881 0.07263881 0.03993681 0.07263881
 0.0397982  0.09486748 0.13836752 0.07263881 0.06297179 0.05201096
 0.07263882 0.02177063]
[0.05361328 0.12356335 0.07180163 0.07180163 0.05250179 0.07180163
 0.05500174 0.08620398 0.09554331 0.07180163 0.08268832 0.06216041
 0.07180165 0.02971563]
[0.03604221 0.15518542 0.07555561 0.07555561 0.03211233 0.07555561
 0.03733529 0.08215847 0.14526264 0.07555561 0.06287955 0.05362913
 0.07555563 0.01761694]
[0.04296421 0.14411841 0.0726388  0.0726388  0.0399368  0.0726388
 0.0397982  0.09486745 0.13836753 0.0726388  0.06297179 0.05201095
 0.0726388  0.02177063]
[0.03556768 0.14343682 0.06747998 0.06747998 0.03171605 0.06747998
 0.03092965 0.09008554 0.15021454 0.06747998 0.08583819 0.07607126
 0.06748    0.01874034]]