40186
Test: public void test13() throws Throwable { MutablePeriod mutablePeriod0 = new MutablePeriod((-2150), 304, 304, (-2150)); DurationFieldType durationFieldType0 = DurationFieldType.hours(); int int0 = mutablePeriod0.get(durationFieldType0); }
Code: public int get(DurationFieldType type) { int index = indexOf(type); if (index == -1) { return 0; } return getValue(index); }
[[0.0444283  0.02839991 0.06163216 0.05242311 0.05775139 0.02839991
 0.03546464 0.02786024 0.06163216 0.1196028  0.04560015 0.0705021
 0.05313411 0.05775139 0.04871123 0.05915529 0.01860387 0.04871123
 0.06163216 0.01860387]
[0.02793414 0.02037659 0.07233092 0.04758729 0.06187718 0.02037659
 0.02494253 0.02356567 0.07233092 0.16109017 0.03531028 0.07101588
 0.05347114 0.06187718 0.04492761 0.05673864 0.01349438 0.0449276
 0.07233092 0.01349438]
[0.03796415 0.0248789  0.0639418  0.05831078 0.05698944 0.0248789
 0.03261289 0.04012188 0.0639418  0.09258348 0.0653397  0.07256675
 0.05269503 0.05698944 0.04599359 0.06106064 0.01959774 0.04599358
 0.06394181 0.01959774]
[0.0432122  0.02021527 0.05863435 0.07126901 0.06511933 0.02021527
 0.02670112 0.02850713 0.05863435 0.12521909 0.04390408 0.05777356
 0.05337481 0.06511933 0.0551681  0.06631462 0.01340799 0.05516809
 0.05863435 0.01340799]
[0.04606365 0.02236737 0.06171262 0.06244635 0.07099546 0.02236737
 0.0258509  0.03820951 0.06171262 0.07973836 0.05735569 0.04999494
 0.05057718 0.07099546 0.0534136  0.06002922 0.02552172 0.05341361
 0.06171263 0.02552172]
[0.02793414 0.02037659 0.07233092 0.04758729 0.06187718 0.02037659
 0.02494253 0.02356567 0.07233092 0.16109017 0.03531028 0.07101588
 0.05347114 0.06187718 0.04492761 0.05673864 0.01349438 0.0449276
 0.07233092 0.01349438]
[0.033776   0.02818577 0.0582741  0.06536186 0.0578216  0.02818577
 0.02976293 0.03620823 0.0582741  0.10494071 0.0566393  0.07429036
 0.05525782 0.0578216  0.04812083 0.06130841 0.01968783 0.04812082
 0.05827411 0.01968783]
[0.04673012 0.02838022 0.06611851 0.05152978 0.05201663 0.02838022
 0.02842725 0.03852528 0.06611851 0.10328878 0.04812801 0.05293888
 0.05239429 0.05201663 0.05114767 0.07115467 0.02271917 0.05114768
 0.06611851 0.02271917]
[0.03796415 0.0248789  0.0639418  0.05831078 0.05698944 0.0248789
 0.03261289 0.04012188 0.0639418  0.09258348 0.0653397  0.07256675
 0.05269503 0.05698944 0.04599359 0.06106064 0.01959774 0.04599358
 0.06394181 0.01959774]
[0.03060686 0.01545458 0.07287378 0.07316705 0.05975796 0.01545458
 0.01779473 0.02355721 0.07287378 0.17086008 0.04277038 0.06440838
 0.04393887 0.05975796 0.04002723 0.06512239 0.00933653 0.04002724
 0.0728738  0.00933653]
[0.04038362 0.02198286 0.05452023 0.04907366 0.06830972 0.02198286
 0.02473421 0.02652367 0.05452023 0.12463281 0.04977667 0.07918364
 0.04905637 0.06830972 0.06580927 0.05040036 0.01523534 0.06580928
 0.05452023 0.01523534]
[0.02898757 0.01860822 0.04927528 0.07293239 0.06849072 0.01860822
 0.02561799 0.02963377 0.04927528 0.16042255 0.05309344 0.07291749
 0.0473839  0.06849072 0.04729152 0.0637515  0.01432627 0.04729152
 0.04927528 0.01432627]
[0.03988133 0.02227094 0.07352034 0.06628704 0.04006157 0.02227094
 0.0246903  0.02835791 0.07352034 0.13933927 0.04696707 0.06622549
 0.0552909  0.04006157 0.04507199 0.0591828  0.01920394 0.04507199
 0.07352034 0.01920394]
[0.04606365 0.02236737 0.06171262 0.06244635 0.07099546 0.02236737
 0.0258509  0.03820951 0.06171262 0.07973836 0.05735569 0.04999494
 0.05057718 0.07099546 0.0534136  0.06002922 0.02552172 0.05341361
 0.06171263 0.02552172]
[0.03278903 0.02034324 0.06748171 0.05996686 0.0597712  0.02034324
 0.02703495 0.03179208 0.06748171 0.13802817 0.05021294 0.06612487
 0.04322935 0.0597712  0.048348   0.05825161 0.01660008 0.04834801
 0.06748172 0.01660008]
[0.04115999 0.02325381 0.06004369 0.05195352 0.06634773 0.02325381
 0.02776661 0.02501647 0.06004369 0.13761471 0.04443577 0.05826733
 0.04839706 0.06634773 0.05068889 0.06835304 0.01816178 0.05068889
 0.0600437  0.01816178]
[0.03011713 0.02300878 0.05712762 0.05652065 0.07274996 0.02300878
 0.02230924 0.02672855 0.05712762 0.11520905 0.04150443 0.05179583
 0.06851318 0.07274996 0.06443284 0.06377691 0.01587951 0.06443283
 0.05712761 0.01587951]
[0.03278903 0.02034324 0.06748171 0.05996686 0.0597712  0.02034324
 0.02703495 0.03179208 0.06748171 0.13802817 0.05021294 0.06612487
 0.04322935 0.0597712  0.048348   0.05825161 0.01660008 0.04834801
 0.06748172 0.01660008]
[0.03796415 0.0248789  0.0639418  0.05831078 0.05698944 0.0248789
 0.03261289 0.04012188 0.0639418  0.09258348 0.0653397  0.07256675
 0.05269503 0.05698944 0.04599359 0.06106064 0.01959774 0.04599358
 0.06394181 0.01959774]
[0.03011713 0.02300878 0.05712762 0.05652065 0.07274996 0.02300878
 0.02230924 0.02672855 0.05712762 0.11520905 0.04150443 0.05179583
 0.06851318 0.07274996 0.06443284 0.06377691 0.01587951 0.06443283
 0.05712761 0.01587951]]