13529
Test: public void test25() throws Throwable { String string0 = WordUtils.wrap("", 354, "", true, ""); }
Code: public static String wrap(final String str, final int wrapLength) { return wrap(str, wrapLength, null, false); }
[[0.04395791 0.10898627 0.05825244 0.06096877 0.05825244 0.13977465
 0.03359193 0.03035115 0.06096877 0.04578617 0.04679324 0.06096877
 0.06096877 0.1128073  0.06164867 0.01592276]
[0.04302393 0.10264031 0.06833416 0.05948123 0.06833416 0.12960075
 0.02983697 0.02352328 0.05948123 0.06217637 0.03977888 0.05948123
 0.05948123 0.108928   0.06811905 0.01777918]
[0.04510441 0.11822688 0.05437774 0.06666505 0.05437774 0.11398293
 0.03222299 0.02546536 0.06666505 0.05373586 0.04408106 0.06666505
 0.06666505 0.1135861  0.06371965 0.01445909]
[0.03599557 0.11605254 0.0694259  0.06167228 0.0694259  0.11895197
 0.03214036 0.02412944 0.06167228 0.04825093 0.04345603 0.06167228
 0.06167228 0.09974471 0.07870575 0.01703178]
[0.04510441 0.11822688 0.05437774 0.06666505 0.05437774 0.11398293
 0.03222299 0.02546536 0.06666505 0.05373586 0.04408106 0.06666505
 0.06666505 0.1135861  0.06371965 0.01445909]
[0.03484661 0.09695433 0.08021261 0.06277606 0.08021261 0.13283828
 0.02752852 0.02878613 0.06277606 0.05581711 0.0467657  0.06277606
 0.06277606 0.0876778  0.06491481 0.01234115]
[0.0394143  0.11491267 0.06538408 0.06507061 0.06538408 0.10089368
 0.02559622 0.01819556 0.06507061 0.06010506 0.05713527 0.06507061
 0.06507061 0.11356595 0.06693365 0.01219712]
[0.02594046 0.1296776  0.05389008 0.07297383 0.05389008 0.1386515
 0.03171263 0.02122723 0.07297383 0.04403773 0.04009738 0.07297383
 0.07297383 0.09897661 0.05898599 0.01101739]
[0.03599557 0.11605254 0.0694259  0.06167228 0.0694259  0.11895197
 0.03214036 0.02412944 0.06167228 0.04825093 0.04345603 0.06167228
 0.06167228 0.09974471 0.07870575 0.01703178]
[0.04341258 0.09806158 0.06672126 0.05932605 0.06672126 0.11104651
 0.042407   0.02134006 0.05932605 0.06429715 0.05068092 0.05932605
 0.05932605 0.10327415 0.07118472 0.02354856]
[0.02847897 0.11731896 0.07407957 0.06136765 0.07407957 0.1320518
 0.02492345 0.01873557 0.06136765 0.04627272 0.04296087 0.06136765
 0.06136765 0.12358629 0.05888338 0.01315823]
[0.03599557 0.11605254 0.0694259  0.06167228 0.0694259  0.11895197
 0.03214036 0.02412944 0.06167228 0.04825093 0.04345603 0.06167228
 0.06167228 0.09974471 0.07870575 0.01703178]
[0.03599557 0.11605254 0.0694259  0.06167228 0.0694259  0.11895197
 0.03214036 0.02412944 0.06167228 0.04825093 0.04345603 0.06167228
 0.06167228 0.09974471 0.07870575 0.01703178]
[0.0334181  0.09492201 0.05758078 0.06799655 0.05758078 0.12380599
 0.02737907 0.02226542 0.06799655 0.0565294  0.0407489  0.06799655
 0.06799655 0.12789316 0.07231858 0.01357165]
[0.0405583  0.08367819 0.06483506 0.06341515 0.06483506 0.13838424
 0.02661802 0.02160052 0.06341515 0.05383226 0.04249541 0.06341515
 0.06341515 0.12647414 0.06840411 0.01462406]
[0.03173657 0.11375102 0.05825727 0.06233311 0.05825727 0.12565705
 0.02735191 0.02479176 0.06233311 0.06433917 0.06433543 0.06233311
 0.06233311 0.10395093 0.06356367 0.01467553]]