34551
Test: public void test6() throws Throwable { ASTIdentifierAccessJxlt aSTIdentifierAccessJxlt0 = new ASTIdentifierAccessJxlt(0); Parser parser0 = new Parser("*D"); ASTJexlScript aSTJexlScript0 = new ASTJexlScript(parser0, 0); aSTIdentifierAccessJxlt0.jjtAddChild(aSTJexlScript0, 627); aSTJexlScript0.jjtSetParent(aSTIdentifierAccessJxlt0); JexlNode jexlNode0 = aSTJexlScript0.jjtGetParent(); }
Code: public int jjtGetNumChildren() { return (children == null) ? 0 : children.length; }
[[0.07001214 0.04312884 0.09713057 0.09920028 0.07777324 0.09713057
 0.10876311 0.03679215 0.11912495 0.05565058 0.06705362 0.09713058
 0.0311094 ]
[0.04649513 0.03198527 0.11552903 0.11423526 0.07614004 0.11552903
 0.11269243 0.02758916 0.12546428 0.04170346 0.05337898 0.11552905
 0.02372883]
[0.05914344 0.03760962 0.09739076 0.10107037 0.07197657 0.09739076
 0.11073372 0.04259487 0.13096401 0.06225542 0.05765616 0.09739076
 0.03382357]
[0.07347766 0.03472345 0.09415779 0.12284818 0.08394715 0.09415779
 0.07753548 0.04659244 0.09259935 0.08235677 0.06088204 0.0941578
 0.04256406]
[0.05328619 0.03140131 0.10537826 0.10591184 0.07706536 0.10537826
 0.10188706 0.03125598 0.14646533 0.05777472 0.04988047 0.10537826
 0.02893695]
[0.05914344 0.03760962 0.09739076 0.10107037 0.07197657 0.09739076
 0.11073372 0.04259487 0.13096401 0.06225542 0.05765616 0.09739076
 0.03382357]
[0.05100465 0.03111193 0.08190777 0.13580582 0.08424094 0.08190777
 0.12545162 0.03306786 0.14792962 0.04911217 0.06892376 0.08190777
 0.02762833]
[0.05885708 0.03059417 0.10316966 0.13983004 0.07170597 0.10316966
 0.10837977 0.03561482 0.127416   0.05175769 0.04518887 0.10316967
 0.0211467 ]
[0.06257512 0.02752765 0.09831558 0.14587452 0.08563395 0.09831558
 0.07736526 0.03121683 0.14071737 0.04348108 0.06291021 0.09831557
 0.0277512 ]
[0.06032055 0.03411096 0.09121987 0.11221352 0.09443539 0.09121987
 0.11130196 0.02741404 0.15136227 0.05740671 0.05453592 0.09121988
 0.02323905]
[0.06977175 0.04358654 0.08444775 0.11103931 0.08778389 0.08444775
 0.08489386 0.03757496 0.15222383 0.07291487 0.0488488  0.08444774
 0.03801896]
[0.05914344 0.03760962 0.09739076 0.10107037 0.07197657 0.09739076
 0.11073372 0.04259487 0.13096401 0.06225542 0.05765616 0.09739076
 0.03382357]
[0.05076902 0.03801747 0.0932952  0.13999633 0.11363396 0.0932952
 0.08878981 0.03150802 0.12304613 0.05476341 0.0499227  0.0932952
 0.0296675 ]]