10887
Test: public void test145() throws Throwable { Boolean boolean0 = BooleanUtils.toBooleanObject((-586)); boolean boolean1 = BooleanUtils.toBoolean(boolean0); }
Code: public static boolean toBoolean(final Boolean bool) { return bool != null && bool.booleanValue(); }
[[0.03272304 0.12982273 0.06337047 0.04541284 0.0973981  0.33485842
 0.06194841 0.0382751  0.05646499 0.02019917 0.03256687 0.02359722
 0.04541285 0.01794975]
[0.03446359 0.11376391 0.08505712 0.04371644 0.0871159  0.29238048
 0.08688428 0.03440479 0.07019253 0.02868513 0.03015243 0.02756606
 0.04371645 0.02190084]
[0.02136181 0.11447332 0.06293533 0.03690097 0.06559511 0.410584
 0.08374847 0.04475996 0.05567902 0.0142933  0.02060838 0.01781269
 0.03690098 0.01434662]
[0.02868064 0.11983587 0.08487773 0.04438269 0.08746593 0.33318493
 0.06474305 0.03531899 0.06402726 0.02282003 0.02819747 0.02146532
 0.0443827  0.02061744]
[0.02953155 0.12541977 0.06591845 0.03662565 0.07263224 0.37106967
 0.07496707 0.04556042 0.05671974 0.02128636 0.02348388 0.02509459
 0.03662566 0.01506493]
[0.03039958 0.11995335 0.07647126 0.04016173 0.07984201 0.3640094
 0.05817556 0.03985154 0.0675865  0.02047648 0.02347181 0.02470236
 0.04016173 0.01473674]
[0.04124337 0.10790582 0.07350269 0.0475857  0.08443575 0.2742345
 0.08076127 0.04557713 0.06965885 0.03178944 0.03121921 0.03832993
 0.04758571 0.02617062]
[0.02169581 0.1296325  0.05156457 0.03409373 0.06582007 0.4536456
 0.06115866 0.02828258 0.05141775 0.01567447 0.01933853 0.01777257
 0.03409375 0.01580936]
[0.01850021 0.13964239 0.06192923 0.0249291  0.06698627 0.43814003
 0.07455428 0.03767611 0.04914628 0.01744457 0.01577523 0.01588768
 0.02492911 0.01445949]
[0.01656476 0.18596272 0.05269925 0.03002645 0.09010013 0.3950644
 0.06974664 0.02731193 0.05394554 0.00966365 0.01442743 0.01392121
 0.03002645 0.01053938]
[0.02960593 0.10568291 0.06483757 0.0435369  0.0804957  0.33062547
 0.10237603 0.05212474 0.06281152 0.01941676 0.02497878 0.02563661
 0.0435369  0.01433416]
[0.02499817 0.11681025 0.06768589 0.03956483 0.070108   0.40230912
 0.07313395 0.03194582 0.04947735 0.01973653 0.02272891 0.01977373
 0.03956484 0.02216261]
[0.02868064 0.11983587 0.08487773 0.0443827  0.08746596 0.33318487
 0.06474306 0.03531899 0.06402726 0.02282002 0.02819746 0.02146532
 0.0443827  0.02061745]
[0.02378589 0.13211721 0.06623598 0.03973313 0.08896764 0.326579
 0.08855729 0.05987792 0.04778796 0.02045013 0.02473706 0.02370265
 0.03973313 0.01773504]]