149144
Test: public void test37() throws Throwable { IMAP iMAP0 = new IMAP(); StringReader stringReader0 = new StringReader("\r\n"); BufferedReader bufferedReader0 = new BufferedReader(stringReader0); iMAP0._reader = bufferedReader0; StringWriter stringWriter0 = new StringWriter(143); BufferedWriter bufferedWriter0 = new BufferedWriter(stringWriter0, 143); iMAP0.__writer = bufferedWriter0; bufferedReader0.readLine();  iMAP0.sendData("\"3!\"");   }
Code: public int sendData(final String command) throws IOException { return sendCommandWithID(null, command, null); }
[[0.0625468  0.03794597 0.08677644 0.0791481  0.08677644 0.14221504
 0.03443027 0.09156747 0.06984405 0.08677645 0.08677645 0.10676001
 0.02843655]
[0.04118544 0.02857119 0.1029367  0.07844548 0.1029367  0.1294178
 0.03385019 0.09980015 0.06727682 0.10293671 0.10293671 0.08884382
 0.0208623 ]
[0.05192804 0.03309093 0.08564396 0.09315287 0.08564396 0.16901213
 0.03692713 0.08799522 0.0631759  0.08564396 0.08564396 0.09264429
 0.02949759]
[0.06276575 0.03298569 0.08716004 0.07123967 0.08716004 0.16674548
 0.03741743 0.10028709 0.06433187 0.08716004 0.08716004 0.09061658
 0.02497022]
[0.05192804 0.03309093 0.08564396 0.09315287 0.08564396 0.16901213
 0.03692713 0.08799522 0.0631759  0.08564396 0.08564396 0.09264429
 0.02949759]
[0.04530211 0.02598543 0.07517869 0.08167965 0.07517869 0.21144485
 0.03067453 0.11867348 0.07582364 0.07517871 0.07517871 0.08709786
 0.02260362]
[0.0479498  0.0262318  0.0908348  0.08328344 0.0908348  0.18329987
 0.02848569 0.0915972  0.0705762  0.0908348  0.0908348  0.08622713
 0.01900965]
[0.06773928 0.03177725 0.08575386 0.09436604 0.08575386 0.11825872
 0.04661198 0.11560946 0.07708335 0.08575387 0.08575387 0.06584378
 0.03969465]
[0.04534926 0.02593691 0.08764766 0.09444705 0.08764766 0.16203621
 0.03698009 0.0943009  0.06487191 0.08764766 0.08764766 0.0999302
 0.02555677]
[0.05192804 0.03309093 0.08564396 0.09315287 0.08564396 0.16901213
 0.03692713 0.08799522 0.0631759  0.08564396 0.08564396 0.09264429
 0.02949759]
[0.05192804 0.03309093 0.08564396 0.09315287 0.08564396 0.16901213
 0.03692713 0.08799522 0.0631759  0.08564396 0.08564396 0.09264429
 0.02949759]
[0.04479574 0.03054343 0.08709441 0.06907979 0.08709441 0.19954038
 0.02937343 0.10348614 0.08148207 0.08709441 0.08709441 0.07628848
 0.0170329 ]
[0.04316691 0.03219273 0.0788091  0.07898502 0.0788091  0.18096077
 0.03676478 0.1220144  0.09748021 0.0788091  0.0788091  0.06747589
 0.02572293]]