38270
Test: public void test131() throws Throwable { MutableDateTime mutableDateTime0 = new MutableDateTime(168L); mutableDateTime0.add((ReadablePeriod) null); }
Code: public void add(long duration) { setMillis(FieldUtils.safeAdd(getMillis(), duration)); // set via this class not super }
[[0.05732273 0.04647614 0.06880309 0.07952233 0.07731926 0.07952233
 0.07952233 0.07952233 0.0612825  0.07952233 0.08340707 0.05496661
 0.05350732 0.07468626 0.02461735]
[0.04381443 0.04076488 0.06558317 0.08137821 0.08792596 0.08137821
 0.08137821 0.08137821 0.07077663 0.08137821 0.08482127 0.0581349
 0.04208723 0.07291785 0.02628271]
[0.04779952 0.03736977 0.07660195 0.07311417 0.11780743 0.07311417
 0.07311417 0.07311417 0.06588092 0.07311417 0.0702297  0.0554857
 0.04810707 0.09552045 0.01962658]
[0.04692649 0.04382818 0.06147818 0.07728572 0.08012387 0.07728572
 0.07728572 0.07728572 0.07885011 0.07728573 0.0842846  0.06153739
 0.04028458 0.08943963 0.02681834]
[0.05506665 0.04826151 0.095741   0.07107339 0.09092681 0.07107339
 0.07107339 0.07107339 0.06147071 0.0710734  0.07332947 0.05510641
 0.05155819 0.08149341 0.03167892]
[0.04692649 0.04382818 0.06147818 0.07728572 0.08012387 0.07728572
 0.07728572 0.07728572 0.07885011 0.07728573 0.0842846  0.06153739
 0.04028458 0.08943963 0.02681834]
[0.04692649 0.04382818 0.06147818 0.07728572 0.08012387 0.07728572
 0.07728572 0.07728572 0.07885011 0.07728573 0.0842846  0.06153739
 0.04028458 0.08943963 0.02681834]
[0.04692649 0.04382818 0.06147818 0.07728572 0.08012387 0.07728572
 0.07728572 0.07728572 0.07885011 0.07728573 0.0842846  0.06153739
 0.04028458 0.08943963 0.02681834]
[0.05309358 0.04573277 0.0759618  0.07703291 0.10255332 0.07703291
 0.07703291 0.07703291 0.05742585 0.07703291 0.0706306  0.05936823
 0.05104686 0.07168455 0.02733789]
[0.04692649 0.04382818 0.06147818 0.07728572 0.08012387 0.07728572
 0.07728572 0.07728572 0.07885011 0.07728573 0.0842846  0.06153739
 0.04028458 0.08943963 0.02681834]
[0.05261113 0.03732044 0.07807256 0.07129159 0.10847466 0.07129159
 0.07129159 0.07129159 0.06276935 0.0712916  0.08510387 0.06326126
 0.04507152 0.09128427 0.01957295]
[0.04103531 0.03735989 0.07360993 0.07499123 0.09506349 0.07499123
 0.07499123 0.07499123 0.0737748  0.07499122 0.09044131 0.0519942
 0.02942627 0.11323145 0.01910711]
[0.04286977 0.0444224  0.07556627 0.07214043 0.09999172 0.07214043
 0.07214043 0.07214043 0.06699056 0.07214043 0.08447941 0.05929941
 0.04342389 0.09550743 0.02674698]
[0.05607347 0.04468285 0.08593275 0.07911301 0.08331594 0.07911301
 0.07911301 0.07911301 0.05630427 0.07911301 0.07897536 0.05490973
 0.04079245 0.07915786 0.02429026]
[0.04241537 0.04053611 0.06751938 0.07723311 0.12106781 0.07723311
 0.07723311 0.07723311 0.06992871 0.07723311 0.0629145  0.05533359
 0.04857327 0.08007391 0.02547177]]