135991
Test: public void test90() throws Throwable { Element[] elementArray0 = new Element[7]; Elements elements0 = new Elements(elementArray0); // Undeclared exception!  elements0.append("%s@%x[size=%d]");   }
Code: public Elements append(String html) { for (Element element : this) { element.append(html); } return this; }
[[0.05811034 0.03978644 0.1406796  0.11655179 0.0698484  0.05825784
 0.04592464 0.07931003 0.05041071 0.03342614 0.0698484  0.08060682
 0.02308857 0.06300972 0.04805192 0.02308857]
[0.05485317 0.03017346 0.12963106 0.11550336 0.0894796  0.05397302
 0.03746298 0.08486892 0.04069003 0.03460034 0.0894796  0.07702552
 0.02168981 0.0719738  0.04690562 0.02168981]
[0.05647773 0.02818457 0.13235535 0.11891637 0.0906681  0.06021936
 0.03082816 0.09376632 0.04237564 0.02426135 0.0906681  0.07573016
 0.01613543 0.08066447 0.04261345 0.01613543]
[0.04510546 0.03417667 0.09559589 0.14985421 0.08106139 0.06642628
 0.03161878 0.09899884 0.03355609 0.03135877 0.08106139 0.10122592
 0.01918616 0.06740007 0.04418794 0.01918616]
[0.05684356 0.0365608  0.09603593 0.13253458 0.08094127 0.05866239
 0.04807203 0.07486415 0.04534929 0.03679696 0.08094127 0.07912901
 0.03020694 0.06678504 0.0460698  0.03020694]
[0.06426328 0.03416257 0.12545136 0.1007634  0.09307005 0.06865825
 0.04080492 0.07936145 0.03636503 0.02980499 0.09307005 0.09595424
 0.01669941 0.06652255 0.03834905 0.01669941]
[0.04521379 0.029118   0.15229508 0.1208538  0.08675162 0.05995674
 0.04245655 0.08475911 0.04417405 0.02654028 0.08675162 0.07833607
 0.02131729 0.06164251 0.03851615 0.02131729]
[0.05011311 0.03828234 0.14975592 0.11090569 0.07781782 0.05617297
 0.04020451 0.07684798 0.04734708 0.03154888 0.07781782 0.08464773
 0.02231253 0.07005899 0.04385409 0.02231253]
[0.0596119  0.03825051 0.11571815 0.12167019 0.08094244 0.0645131
 0.0361488  0.07651326 0.03834192 0.0328159  0.08094244 0.07479953
 0.02942923 0.07544647 0.04542692 0.02942923]
[0.05590799 0.03899914 0.12110722 0.12456156 0.07563275 0.05685385
 0.02859663 0.0890349  0.04670207 0.03090362 0.07563275 0.09921813
 0.02003784 0.06738868 0.04938508 0.02003784]
[0.05684356 0.0365608  0.09603593 0.13253458 0.08094127 0.05866239
 0.04807203 0.07486415 0.04534929 0.03679696 0.08094127 0.07912901
 0.03020694 0.06678504 0.0460698  0.03020694]
[0.04999517 0.03597069 0.11277631 0.13702267 0.07122144 0.07014181
 0.04859535 0.08474986 0.04619067 0.03058055 0.07122144 0.08489771
 0.02478252 0.06046814 0.04660311 0.02478252]
[0.04400702 0.03046482 0.10747559 0.10795604 0.09508342 0.05888784
 0.03964658 0.09175701 0.03664274 0.03495999 0.09508342 0.08541712
 0.02132962 0.0909061  0.03905309 0.02132962]
[0.03918621 0.03548103 0.18845293 0.14045718 0.06979337 0.07107496
 0.0300476  0.08108477 0.03491707 0.02685542 0.06979337 0.08144834
 0.01947273 0.05806205 0.03440025 0.01947273]
[0.06280577 0.04000222 0.09027497 0.11968128 0.08851503 0.05088774
 0.04007939 0.08972638 0.0399587  0.03118854 0.08851503 0.09346415
 0.02516565 0.07693791 0.03763158 0.02516565]
[0.04400702 0.03046482 0.10747559 0.10795604 0.09508342 0.05888784
 0.03964658 0.09175701 0.03664274 0.03495999 0.09508342 0.08541712
 0.02132962 0.0909061  0.03905309 0.02132962]]