29683
Test: public void test29() throws Throwable { StringReader stringReader0 = new StringReader("$]ihm{>S+toz/`"); CharReadBuffer charReadBuffer0 = new CharReadBuffer(stringReader0, 10); String string0 = charReadBuffer0.readString(1); }
Code: public String readString(final int len) { final String result = peekString(len); if (result != null) { charsRemoved(result.length()); } return result; }
[[0.04024412 0.05142339 0.05583068 0.02511288 0.04747576 0.05539989
 0.03253174 0.05142339 0.03219412 0.02543348 0.05583068 0.10865331
 0.11762386 0.02219133 0.02136789 0.05539989 0.05583069 0.0175273
 0.04450499 0.06647334 0.0175273 ]
[0.04116488 0.04719187 0.05775806 0.02189331 0.03547016 0.06307071
 0.03192594 0.04719187 0.030037   0.0278265  0.05775806 0.11952981
 0.1184235  0.02423797 0.01843311 0.06307071 0.05775806 0.01586296
 0.04187525 0.06365736 0.01586296]
[0.03361956 0.06143492 0.0559826  0.02170014 0.03851344 0.05401545
 0.0326376  0.06143492 0.03305716 0.03628572 0.0559826  0.08288327
 0.11286519 0.02223887 0.02402221 0.05401545 0.0559826  0.01830569
 0.04082374 0.0858931  0.01830569]
[0.02573083 0.04985051 0.06583822 0.01845668 0.03653709 0.05881766
 0.03521127 0.04985051 0.02830991 0.0216958  0.06583822 0.14849985
 0.09860528 0.01617493 0.01556917 0.05881766 0.06583823 0.01263538
 0.0416042  0.07348324 0.01263538]
[0.03081539 0.06891778 0.0526814  0.01911658 0.02974063 0.0670505
 0.02763329 0.06891778 0.03795164 0.02728205 0.0526814  0.0944095
 0.12665157 0.01798031 0.01673161 0.0670505  0.0526814  0.01452192
 0.05648113 0.0561817  0.01452192]
[0.04087038 0.05878197 0.05303114 0.01946097 0.04006825 0.06685662
 0.04017483 0.05878197 0.02904072 0.03407669 0.05303114 0.07024013
 0.09500599 0.02916653 0.02620572 0.06685662 0.05303115 0.02339058
 0.04688658 0.07165143 0.02339058]
[0.037619   0.05820735 0.05800673 0.01661853 0.04129959 0.06375495
 0.02511107 0.05820735 0.03064738 0.02912743 0.05800673 0.12533416
 0.10946144 0.01734041 0.01684774 0.06375495 0.05800673 0.01256925
 0.05470765 0.05280229 0.01256925]
[0.04116488 0.04719187 0.05775806 0.02189331 0.03547016 0.06307071
 0.03192594 0.04719187 0.030037   0.0278265  0.05775806 0.11952981
 0.1184235  0.02423797 0.01843311 0.06307071 0.05775806 0.01586296
 0.04187525 0.06365736 0.01586296]
[0.0418878  0.0550743  0.06318923 0.0168771  0.02985331 0.06194268
 0.03005242 0.0550743  0.03306294 0.02209257 0.06318923 0.10136463
 0.12588355 0.02166375 0.01731361 0.06194268 0.06318924 0.01498824
 0.04460055 0.06176968 0.01498823]
[0.04386123 0.05190431 0.06202064 0.02641509 0.03567123 0.05019946
 0.0369697  0.05190431 0.02685742 0.03655632 0.06202064 0.09721923
 0.07515059 0.03686163 0.02785864 0.05019946 0.06202064 0.0216562
 0.04826868 0.07472835 0.0216562 ]
[0.03361956 0.06143492 0.0559826  0.02170014 0.03851344 0.05401545
 0.0326376  0.06143492 0.03305716 0.03628572 0.0559826  0.08288327
 0.11286519 0.02223887 0.02402221 0.05401545 0.0559826  0.01830569
 0.04082374 0.0858931  0.01830569]
[0.02685091 0.0591693  0.06007791 0.01312323 0.02953035 0.06071202
 0.02141497 0.0591693  0.03682755 0.02137902 0.06007791 0.15298976
 0.13748774 0.01083666 0.01019323 0.06071202 0.06007792 0.00913022
 0.03563297 0.06547678 0.00913022]
[0.03681834 0.05679535 0.04904742 0.02421747 0.04225967 0.06569793
 0.0351773  0.05679535 0.02927919 0.025231   0.04904742 0.11976254
 0.10440066 0.02150492 0.02197903 0.06569793 0.04904743 0.01517703
 0.04833853 0.06854838 0.01517703]
[0.02910428 0.07305138 0.05094142 0.01662025 0.02971025 0.06951763
 0.03259791 0.07305138 0.03431369 0.02424206 0.05094142 0.11607684
 0.11211044 0.01252566 0.01500134 0.06951763 0.05094143 0.01222471
 0.04048815 0.07479745 0.01222471]
[0.03111163 0.04938016 0.05629263 0.01672691 0.03195475 0.07019375
 0.02604303 0.04938016 0.03013148 0.02014713 0.05629263 0.14118645
 0.1178392  0.01715333 0.01925432 0.07019375 0.05629264 0.01082692
 0.03778161 0.08099055 0.01082692]
[0.04087038 0.05878197 0.05303114 0.01946097 0.04006825 0.06685662
 0.04017483 0.05878197 0.02904072 0.03407669 0.05303114 0.07024013
 0.09500599 0.02916653 0.02620572 0.06685662 0.05303115 0.02339058
 0.04688658 0.07165143 0.02339058]
[0.03361956 0.06143492 0.0559826  0.02170014 0.03851344 0.05401545
 0.0326376  0.06143492 0.03305716 0.03628572 0.0559826  0.08288327
 0.11286519 0.02223887 0.02402221 0.05401545 0.0559826  0.01830569
 0.04082374 0.0858931  0.01830569]
[0.02934462 0.05374964 0.05489112 0.02222135 0.0417022  0.07533767
 0.0265164  0.05374964 0.02365745 0.02652672 0.05489112 0.11323103
 0.10117649 0.02142797 0.01839636 0.07533767 0.05489112 0.01621596
 0.06406755 0.05645198 0.01621596]
[0.02805751 0.0598786  0.05484614 0.01628649 0.02843179 0.05707743
 0.02607097 0.0598786  0.03511402 0.02756616 0.05484614 0.11428352
 0.14560689 0.01757518 0.01634349 0.05707743 0.05484614 0.01552915
 0.04035344 0.0748018  0.01552915]
[0.03555801 0.05943359 0.05397943 0.01873586 0.03721033 0.0689768
 0.03284683 0.05943359 0.0316229  0.02559846 0.05397943 0.11245773
 0.0992273  0.02065258 0.01925232 0.0689768  0.05397943 0.01436928
 0.04999048 0.06934957 0.01436928]
[0.02934462 0.05374965 0.05489112 0.02222135 0.0417022  0.07533767
 0.0265164  0.05374965 0.02365745 0.02652672 0.05489112 0.11323102
 0.10117649 0.02142797 0.01839636 0.07533767 0.05489112 0.01621596
 0.06406755 0.05645199 0.01621596]]