27930
Test: public void test5() throws Throwable { RegionBSPTree2D regionBSPTree2D0 = RegionBSPTree2D.empty(); List<ConvexArea> list0 = regionBSPTree2D0.toConvex(); }
Code: public List<ConvexArea> toConvex() { final List<ConvexArea> result = new ArrayList<>(); toConvexRecursive(getRoot(), ConvexArea.full(), result); return result; }
[[0.05001997 0.06939032 0.06939032 0.06632876 0.04010072 0.06939032
 0.04064726 0.03145023 0.02525321 0.13883892 0.06939032 0.06939032
 0.10274239 0.05500359 0.08143172 0.02123169]
[0.04094958 0.06841778 0.06841778 0.06452436 0.03938249 0.06841778
 0.04042777 0.04392708 0.03109442 0.13201198 0.06841778 0.06841778
 0.09022243 0.04969102 0.10372292 0.02195707]
[0.04094958 0.06841778 0.06841778 0.06452436 0.03938249 0.06841778
 0.04042777 0.04392708 0.03109442 0.13201198 0.06841778 0.06841778
 0.09022243 0.04969102 0.10372292 0.02195707]
[0.04993851 0.06533644 0.06533644 0.08048196 0.04904065 0.06533644
 0.03574506 0.04158277 0.02783531 0.13710415 0.06533644 0.06533644
 0.07857388 0.05744748 0.08722096 0.02834707]
[0.04590176 0.07036643 0.07036643 0.07843397 0.03070829 0.07036643
 0.03720292 0.03552799 0.02048855 0.15838566 0.07036643 0.07036643
 0.09478869 0.06677046 0.06452972 0.0154299 ]
[0.04094958 0.06841778 0.06841778 0.06452436 0.03938249 0.06841778
 0.04042777 0.04392708 0.03109442 0.13201198 0.06841778 0.06841778
 0.09022243 0.04969102 0.10372292 0.02195707]
[0.05064043 0.07761042 0.07761042 0.07242887 0.03619115 0.07761042
 0.04117602 0.02681104 0.02050271 0.1436096  0.07761042 0.07761042
 0.0748897  0.0539445  0.0739916  0.01776227]
[0.05345342 0.07564362 0.07564362 0.05906264 0.044981   0.07564362
 0.03273842 0.04394203 0.02508083 0.11736147 0.07564362 0.07564362
 0.0711409  0.05842347 0.08971542 0.0258823 ]
[0.0430944  0.06559611 0.06559611 0.0792189  0.03466696 0.06559611
 0.03696087 0.0343804  0.02787893 0.13166252 0.06559611 0.06559611
 0.11107091 0.06066209 0.08950363 0.02291981]
[0.04199044 0.06782013 0.06782013 0.07945859 0.04359429 0.06782013
 0.03934152 0.03447392 0.02171278 0.13645783 0.06782013 0.06782013
 0.09736238 0.05259971 0.0957848  0.01812313]
[0.04094958 0.06841778 0.06841778 0.06452436 0.03938249 0.06841778
 0.04042777 0.04392708 0.03109442 0.13201198 0.06841778 0.06841778
 0.09022243 0.04969102 0.10372292 0.02195707]
[0.04094958 0.06841778 0.06841778 0.06452436 0.03938249 0.06841778
 0.04042777 0.04392708 0.03109442 0.13201198 0.06841778 0.06841778
 0.09022243 0.04969102 0.10372292 0.02195707]
[0.03885039 0.06907222 0.06907222 0.08026338 0.04566655 0.06907222
 0.03356605 0.03244179 0.02134125 0.12958509 0.06907222 0.06907222
 0.09967658 0.05965564 0.09689081 0.01670137]
[0.03408653 0.06842779 0.06842779 0.06566565 0.03118788 0.06842779
 0.04446344 0.03326537 0.0203619  0.18124473 0.06842779 0.06842779
 0.09036661 0.04965555 0.08951829 0.01804506]
[0.04548145 0.06952312 0.06952312 0.08309195 0.04166078 0.06952312
 0.04163597 0.03278753 0.02599454 0.13393147 0.06952312 0.06952312
 0.08099313 0.0627465  0.08627701 0.01778405]
[0.03591662 0.06695104 0.06695104 0.09355845 0.03255929 0.06695104
 0.02893812 0.03261407 0.02013682 0.1557315  0.06695104 0.06695104
 0.09730828 0.07880579 0.069603   0.02007282]]