37395
Test: public void test141() throws Throwable { PeriodType periodType0 = PeriodType.standard(); CopticChronology copticChronology0 = CopticChronology.getInstance(); Period period0 = new Period((Object) null, periodType0, copticChronology0); PeriodType.DAY_INDEX = (-1); // Undeclared exception!  period0.withDays(1);   }
Code: public Period withDays(int days) { int[] values = getValues(); // cloned getPeriodType().setIndexedField(this, PeriodType.DAY_INDEX, values, days); return new Period(values, getPeriodType()); }
[[0.03323531 0.05817447 0.04611538 0.11559997 0.05414302 0.113997
 0.02997204 0.0215397  0.04826695 0.04611538 0.06500749 0.04611538
 0.04611538 0.0798061  0.03338058 0.03779051 0.01608378 0.04611538
 0.04611538 0.01631079]
[0.0335783  0.05797632 0.04077553 0.11894576 0.07945768 0.10386015
 0.03730598 0.0235508  0.04779271 0.04077553 0.06355184 0.04077553
 0.04077553 0.0786365  0.03659321 0.03879799 0.01759065 0.04077553
 0.04077553 0.01770898]
[0.02863246 0.07384641 0.04576846 0.12735276 0.05656085 0.1110879
 0.02602279 0.03315104 0.03466348 0.04576846 0.05216506 0.04576846
 0.04576846 0.07007463 0.03562634 0.0350466  0.02273957 0.04576847
 0.04576847 0.01841941]
[0.03842926 0.06195796 0.04667259 0.13423595 0.05162847 0.1026962
 0.0266714  0.02374551 0.03922382 0.04667259 0.06195996 0.04667259
 0.04667259 0.07140491 0.03134234 0.04517439 0.01661363 0.04667259
 0.04667259 0.01488062]
[0.03959911 0.06663533 0.04783744 0.09381346 0.07272354 0.09074977
 0.02842632 0.03337646 0.04716527 0.04783744 0.04983796 0.04783744
 0.04783744 0.06393557 0.03734379 0.04438971 0.02078196 0.04783744
 0.04783744 0.02419713]
[0.03815769 0.06307148 0.04140725 0.14165454 0.06678399 0.10046515
 0.03003421 0.02669195 0.043338   0.04140725 0.06117039 0.04140725
 0.04140725 0.06940766 0.02984336 0.04608641 0.01835411 0.04140726
 0.04140726 0.01649759]
[0.02386226 0.06021154 0.043111   0.14077134 0.0597416  0.14924335
 0.02479507 0.02058257 0.03512399 0.043111   0.04934215 0.043111
 0.043111   0.08248582 0.02702093 0.04129442 0.01351807 0.04311101
 0.04311101 0.01334089]
[0.0396505  0.05523241 0.05597742 0.07793073 0.04855357 0.09304406
 0.03375281 0.03396046 0.04742087 0.05597742 0.04845733 0.05597742
 0.05597742 0.06674172 0.03594242 0.04423687 0.01886939 0.05597742
 0.05597742 0.02034229]
[0.03039988 0.07041087 0.0453146  0.13941512 0.05862234 0.1123475
 0.02974201 0.01909198 0.03612176 0.0453146  0.06526578 0.0453146
 0.0453146  0.07447644 0.03373745 0.0308085  0.01456863 0.0453146
 0.0453146  0.01310409]
[0.02863246 0.07384641 0.04576846 0.12735276 0.05656085 0.1110879
 0.02602279 0.03315104 0.03466348 0.04576846 0.05216506 0.04576846
 0.04576846 0.07007463 0.03562634 0.0350466  0.02273957 0.04576847
 0.04576847 0.01841941]
[0.02598189 0.0793158  0.03522883 0.18534847 0.07300738 0.13328516
 0.0220353  0.02134237 0.03507907 0.03522883 0.05510166 0.03522883
 0.03522883 0.06952061 0.03397635 0.02935793 0.01371907 0.03522882
 0.03522882 0.01155611]
[0.02863246 0.07384641 0.04576846 0.12735276 0.05656085 0.1110879
 0.02602279 0.03315104 0.03466348 0.04576846 0.05216506 0.04576846
 0.04576846 0.07007463 0.03562634 0.0350466  0.02273957 0.04576847
 0.04576847 0.01841941]
[0.02863246 0.07384641 0.04576846 0.12735276 0.05656085 0.1110879
 0.02602279 0.03315104 0.03466348 0.04576846 0.05216506 0.04576846
 0.04576846 0.07007463 0.03562634 0.0350466  0.02273957 0.04576847
 0.04576847 0.01841941]
[0.02659371 0.07601827 0.03582811 0.16427824 0.05793532 0.12883261
 0.02827689 0.02692647 0.04096267 0.03582811 0.05644277 0.03582811
 0.03582811 0.07502145 0.02975645 0.03715381 0.01977007 0.03582811
 0.03582811 0.01706261]
[0.02518036 0.07554816 0.0438132  0.10280473 0.06376029 0.13263793
 0.03129663 0.02303027 0.04061347 0.0438132  0.05442028 0.0438132
 0.0438132  0.08850108 0.03245415 0.03968525 0.01350328 0.0438132
 0.0438132  0.01368506]
[0.02338251 0.05815317 0.04164682 0.17245719 0.05587873 0.14458436
 0.02595395 0.02347994 0.03539503 0.04164682 0.0593809  0.04164682
 0.04164682 0.06160707 0.02944297 0.03220335 0.01340219 0.04164683
 0.04164683 0.01479767]
[0.03013823 0.05547342 0.04157556 0.14176139 0.06563906 0.10320123
 0.0283282  0.0231793  0.03179362 0.04157556 0.06128002 0.04157556
 0.04157556 0.08933313 0.04111371 0.04271014 0.01832072 0.04157556
 0.04157556 0.01827447]
[0.02863246 0.07384641 0.04576846 0.12735276 0.05656085 0.1110879
 0.02602279 0.03315104 0.03466348 0.04576846 0.05216506 0.04576846
 0.04576846 0.07007463 0.03562634 0.0350466  0.02273957 0.04576847
 0.04576847 0.01841941]
[0.02863246 0.07384641 0.04576846 0.12735276 0.05656085 0.1110879
 0.02602279 0.03315104 0.03466348 0.04576846 0.05216506 0.04576846
 0.04576846 0.07007463 0.03562634 0.0350466  0.02273957 0.04576847
 0.04576847 0.01841941]
[0.02453966 0.08786032 0.04330861 0.10694227 0.07798598 0.09660754
 0.02971951 0.02381075 0.038234   0.04330861 0.06537736 0.04330861
 0.04330861 0.07477289 0.0264932  0.05790843 0.01383343 0.0433086
 0.0433086  0.01606304]]