144530
Test: public void test6() throws Throwable { ZombieCacheService<String, String> zombieCacheService0 = new ZombieCacheService<String, String>(); zombieCacheService0.removeAll((String) null); }
Code: public void removeAll( final String cacheName ) { // zombies have no inner life }
[[0.05212833 0.04193547 0.07231375 0.04159939 0.06718727 0.07231375
 0.08968224 0.06767172 0.07231376 0.07231376 0.13260914 0.06036683
 0.06344208 0.07231376 0.02180874]
[0.04061938 0.03644228 0.07741487 0.03640654 0.06035496 0.07741487
 0.10338912 0.07532312 0.07741488 0.07741488 0.13670154 0.04799641
 0.05295559 0.07741488 0.02273667]
[0.04388418 0.03920802 0.07324231 0.04233183 0.0805442  0.07324231
 0.10274605 0.0695826  0.07324232 0.07324232 0.11441212 0.06595804
 0.05147438 0.07324232 0.02364694]
[0.04860178 0.03614946 0.07469831 0.0324826  0.07495165 0.07469831
 0.10033114 0.08274722 0.07469831 0.07469831 0.11622064 0.05552197
 0.06320819 0.07469831 0.01629388]
[0.0533402  0.03831047 0.07503646 0.04120921 0.06130408 0.07503646
 0.08968706 0.0808366  0.07503646 0.07503646 0.10431772 0.07234057
 0.06308597 0.07503647 0.02038584]
[0.04388418 0.03920802 0.07324231 0.04233183 0.0805442  0.07324231
 0.10274605 0.0695826  0.07324232 0.07324232 0.11441212 0.06595804
 0.05147438 0.07324232 0.02364694]
[0.0498466  0.04987259 0.06856305 0.04791387 0.07777819 0.06856305
 0.08123807 0.10146989 0.06856306 0.06856306 0.09758954 0.06393233
 0.06193094 0.06856306 0.02561269]
[0.05363558 0.0469169  0.06968723 0.05271454 0.07727402 0.06968723
 0.08972158 0.08753044 0.06968724 0.06968724 0.10283199 0.0538433
 0.05643933 0.06968725 0.03065615]
[0.04388418 0.03920802 0.07324231 0.04233183 0.0805442  0.07324231
 0.10274605 0.0695826  0.07324232 0.07324232 0.11441212 0.06595804
 0.05147438 0.07324232 0.02364694]
[0.04388418 0.03920802 0.07324231 0.04233183 0.0805442  0.07324231
 0.10274605 0.0695826  0.07324232 0.07324232 0.11441212 0.06595804
 0.05147438 0.07324232 0.02364694]
[0.05017525 0.03477962 0.07594382 0.03918946 0.06912652 0.07594382
 0.10071063 0.07929976 0.07594382 0.07594382 0.10809219 0.0604121
 0.0532227  0.07594384 0.02527267]
[0.05141547 0.04717739 0.07046785 0.04430576 0.07913758 0.07046785
 0.09561753 0.08379816 0.07046786 0.07046786 0.097782   0.06132727
 0.06112874 0.07046787 0.02597079]
[0.03025222 0.03368457 0.07447278 0.03395904 0.08384144 0.07447278
 0.09174267 0.10569351 0.07447278 0.07447278 0.1126539  0.0477599
 0.07039462 0.07447279 0.01765423]
[0.04388419 0.03920803 0.07324232 0.04233183 0.0805442  0.07324232
 0.10274604 0.06958261 0.07324232 0.07324232 0.11441214 0.06595805
 0.05147438 0.07324232 0.02364694]
[0.03808351 0.03565079 0.07064807 0.03467653 0.0697313  0.07064807
 0.10437818 0.10117941 0.07064807 0.07064807 0.11978215 0.05194182
 0.06972208 0.07064808 0.0216139 ]]