15589
Test: public void test822() throws Throwable { MockDate mockDate0 = new MockDate(2894, 1001, 2894, 1001, 2894); Date date0 = DateUtils.addMinutes(mockDate0, 2894); boolean boolean0 = DateUtils.truncatedEquals((Date) mockDate0, date0, 1001); }
Code: public static boolean truncatedEquals(final Calendar cal1, final Calendar cal2, final int field) { return truncatedCompareTo(cal1, cal2, field) == 0; }
[[0.0340003  0.10852236 0.08085855 0.04717099 0.06789286 0.04612017
 0.02781052 0.06789286 0.04717099 0.02781052 0.02072626 0.06323669
 0.04927713 0.03790546 0.04717099 0.04717099 0.06323671 0.05250469
 0.04817205 0.01534892]
[0.03526971 0.10279828 0.09951419 0.04643662 0.05659661 0.04688152
 0.02730239 0.05659661 0.04643662 0.02730239 0.0173967  0.05852453
 0.0728997  0.03411209 0.04643662 0.04643662 0.05852453 0.04318752
 0.05824205 0.01910463]
[0.02627448 0.10238277 0.13307655 0.05000694 0.04414644 0.04288286
 0.02548891 0.04414644 0.05000694 0.02548891 0.01289559 0.0663386
 0.06791348 0.04400891 0.05000694 0.05000694 0.0663386  0.03978518
 0.04619135 0.01261314]
[0.02743882 0.10035603 0.09751414 0.04494494 0.0692399  0.04182816
 0.0278436  0.0692399  0.04494494 0.0278436  0.01732538 0.07257137
 0.04820723 0.03342734 0.04494494 0.04494494 0.07257138 0.05112519
 0.04764329 0.0160449 ]
[0.02950672 0.10073522 0.09300036 0.04396936 0.06186796 0.03859146
 0.02683774 0.06186796 0.04396936 0.02683774 0.01709693 0.07788967
 0.06166308 0.03810167 0.04396936 0.04396936 0.07788966 0.04392729
 0.05429608 0.01401308]
[0.03011523 0.10915617 0.10061797 0.05372433 0.04537921 0.05400506
 0.02649938 0.04537921 0.05372433 0.02649938 0.01574968 0.06020005
 0.06330919 0.03846087 0.05372433 0.05372433 0.06020004 0.03983804
 0.05623413 0.01345904]
[0.03313399 0.09956174 0.08846257 0.04837105 0.05749587 0.05046363
 0.0225689  0.05749587 0.04837105 0.0225689  0.01414085 0.07520463
 0.06039166 0.04830129 0.04837105 0.04837105 0.07520463 0.04831412
 0.04152096 0.01168618]
[0.02950672 0.10073522 0.09300036 0.04396936 0.06186796 0.03859146
 0.02683774 0.06186796 0.04396936 0.02683774 0.01709693 0.07788967
 0.06166308 0.03810167 0.04396936 0.04396936 0.07788966 0.04392729
 0.05429608 0.01401308]
[0.02743882 0.10035603 0.09751414 0.04494494 0.0692399  0.04182816
 0.0278436  0.0692399  0.04494494 0.0278436  0.01732538 0.07257137
 0.04820723 0.03342734 0.04494494 0.04494494 0.07257138 0.05112519
 0.04764329 0.0160449 ]
[0.03313399 0.09956174 0.08846257 0.04837105 0.05749587 0.05046363
 0.0225689  0.05749587 0.04837105 0.0225689  0.01414085 0.07520463
 0.06039166 0.04830129 0.04837105 0.04837105 0.07520463 0.04831412
 0.04152096 0.01168618]
[0.02120828 0.14078198 0.07663989 0.05284917 0.05183187 0.04371751
 0.02983528 0.05183187 0.05284917 0.02983528 0.01465002 0.067073
 0.05175631 0.03468806 0.05284917 0.05284917 0.067073   0.05157551
 0.04532138 0.01078409]
[0.03158196 0.10369669 0.11871116 0.04743521 0.05172201 0.04004268
 0.03127883 0.05172201 0.04743521 0.03127883 0.01497387 0.05893765
 0.06670772 0.04228207 0.04743521 0.04743521 0.05893765 0.0412717
 0.05246773 0.01464663]
[0.03795785 0.09145008 0.08026411 0.04847322 0.05332843 0.05179752
 0.03738121 0.05332843 0.04847322 0.03738121 0.01790036 0.06314721
 0.06383836 0.04331713 0.04847322 0.04847322 0.06314721 0.03996737
 0.04983982 0.02206081]
[0.02426432 0.11611453 0.11886706 0.04720553 0.05948812 0.03820919
 0.02260734 0.05948812 0.04720553 0.02260734 0.01399731 0.07331133
 0.0498231  0.03481863 0.04720553 0.04720553 0.07331133 0.04538201
 0.04535513 0.01353291]
[0.02743882 0.10035603 0.09751414 0.04494494 0.0692399  0.04182816
 0.0278436  0.0692399  0.04494494 0.0278436  0.01732538 0.07257137
 0.04820723 0.03342734 0.04494494 0.04494494 0.07257138 0.05112519
 0.04764329 0.0160449 ]
[0.02743882 0.10035603 0.09751414 0.04494494 0.0692399  0.04182816
 0.0278436  0.0692399  0.04494494 0.0278436  0.01732538 0.07257137
 0.04820723 0.03342734 0.04494494 0.04494494 0.07257138 0.05112519
 0.04764329 0.0160449 ]
[0.03158196 0.10369669 0.11871116 0.04743521 0.05172201 0.04004268
 0.03127883 0.05172201 0.04743521 0.03127883 0.01497387 0.05893765
 0.06670772 0.04228207 0.04743521 0.04743521 0.05893765 0.0412717
 0.05246773 0.01464663]
[0.02065777 0.12675807 0.15986946 0.03211585 0.0557032  0.0417129
 0.01991835 0.0557032  0.03211585 0.01991835 0.01224108 0.07784177
 0.05837979 0.03434637 0.03211585 0.03211585 0.07784176 0.05018111
 0.0487391  0.01172432]
[0.03269989 0.10620401 0.1115448  0.04532599 0.05608846 0.04234874
 0.02985658 0.05608846 0.04532599 0.02985658 0.0177141  0.06082795
 0.05856904 0.04005029 0.04532599 0.04532599 0.06082795 0.0448447
 0.05571101 0.0154635 ]
[0.02501598 0.11161116 0.08390164 0.04586232 0.05667567 0.04817686
 0.02302127 0.05667567 0.04586232 0.02302127 0.01870513 0.0650112
 0.06960602 0.05617252 0.04586232 0.04586232 0.06501122 0.04380346
 0.05541901 0.01472262]]