134293
Test: public void test16() throws Throwable { // Undeclared exception!  Validate.isFalse(true, "cOT)B");   }
Code: public static void isFalse(boolean val) { if (val) throw new ValidationException("Must be false"); }
[[0.05491389 0.14509374 0.04305822 0.07616939 0.09081261 0.06231613
 0.146907   0.07616939 0.05606289 0.0284492  0.07616939 0.04282767
 0.08003927 0.02101117]
[0.05543135 0.13714245 0.03411739 0.07602396 0.10089679 0.08586922
 0.15067418 0.07602396 0.04697406 0.02349882 0.07602395 0.05455008
 0.05867709 0.02409666]
[0.0447254  0.13646874 0.03589295 0.0914208  0.09177418 0.06352322
 0.14656393 0.0914208  0.04970871 0.01986266 0.0914208  0.04632513
 0.07096723 0.0199254 ]
[0.0476867  0.15412414 0.03883761 0.08163729 0.08898537 0.06428619
 0.11445293 0.08163729 0.05611292 0.0352637  0.08163728 0.05482993
 0.07784774 0.02266104]
[0.0597141  0.12131582 0.03784628 0.08354026 0.08821797 0.07749051
 0.13850945 0.08354026 0.05434199 0.03494021 0.08354026 0.05084253
 0.06699769 0.01916262]
[0.05802242 0.12878811 0.04972297 0.08064522 0.09028479 0.08289978
 0.10129817 0.08064522 0.05254932 0.03387859 0.08064523 0.05739208
 0.0723407  0.03088744]
[0.03622421 0.1759795  0.02483149 0.09303898 0.07129145 0.05612031
 0.19676057 0.09303898 0.03247136 0.01319533 0.09303901 0.03868391
 0.06593046 0.00939449]
[0.0476867  0.15412414 0.03883761 0.08163729 0.08898537 0.06428619
 0.11445293 0.08163729 0.05611292 0.0352637  0.08163728 0.05482993
 0.07784774 0.02266104]
[0.04455836 0.14996733 0.03404857 0.0767823  0.07110878 0.08934963
 0.15012205 0.0767823  0.0518781  0.02503938 0.0767823  0.0541569
 0.08268284 0.01674122]
[0.04634937 0.13375704 0.03957009 0.07537086 0.08494692 0.07372506
 0.16361126 0.07537086 0.0539268  0.03130371 0.07537087 0.05681189
 0.06775173 0.02213349]
[0.0476867  0.15412414 0.03883761 0.08163729 0.08898537 0.06428619
 0.11445293 0.08163729 0.05611292 0.0352637  0.08163728 0.05482993
 0.07784774 0.02266104]
[0.04751518 0.13687438 0.03787114 0.08873864 0.09185292 0.06128414
 0.15655142 0.08873864 0.04189645 0.02181121 0.08873864 0.05614796
 0.06047423 0.02150505]
[0.04632159 0.14819762 0.03418884 0.08624267 0.07949372 0.07351398
 0.15228188 0.08624267 0.0414199  0.02071473 0.08624267 0.04857506
 0.08073939 0.01582524]
[0.03836956 0.13957493 0.03370052 0.07505533 0.1049308  0.07955047
 0.14389618 0.07505533 0.04833638 0.02140308 0.07505533 0.06453748
 0.08249719 0.01803738]]