81692
Test: public void test3538() throws Throwable { String string0 = "[]"; boolean boolean0 = false; // Undeclared exception!  Utility.signatureToString("[]", false);   }
Code: public static String signatureToString( final String signature ) { return signatureToString(signature, true); }
[[0.0542597  0.15288329 0.07041799 0.07526718 0.04284955 0.07041799
 0.06837834 0.09049502 0.0670206  0.05905682 0.07526719 0.15173382
 0.0219526 ]
[0.05488358 0.14417577 0.08293115 0.07422765 0.0400795  0.08293115
 0.06045808 0.08452266 0.09488065 0.05181053 0.07422763 0.12897643
 0.02589524]
[0.05516116 0.1582833  0.06460477 0.07912716 0.04136805 0.06460477
 0.0714154  0.08805348 0.07664176 0.05519016 0.07912716 0.1466631
 0.01975973]
[0.04268678 0.14717197 0.07883796 0.07147728 0.04079919 0.07883796
 0.08971202 0.09850876 0.06639358 0.05177615 0.07147728 0.13966516
 0.02265593]
[0.04777671 0.1414174  0.07460302 0.0743323  0.03178138 0.07460302
 0.06245862 0.09741323 0.07993708 0.06945129 0.0743323  0.15608047
 0.01581316]
[0.05516116 0.1582833  0.06460477 0.07912716 0.04136805 0.06460477
 0.0714154  0.08805348 0.07664176 0.05519016 0.07912716 0.1466631
 0.01975973]
[0.04876117 0.13777009 0.07188835 0.07323879 0.04374742 0.07188835
 0.06557224 0.08703679 0.09305434 0.06222472 0.07323878 0.14791667
 0.02366227]
[0.05103457 0.11735742 0.08164378 0.07171502 0.04882853 0.08164378
 0.06774342 0.08140442 0.10028812 0.0597271  0.07171502 0.14129221
 0.02560658]
[0.05434322 0.12588637 0.08085393 0.07239786 0.05325055 0.08085393
 0.07256784 0.08799686 0.08466917 0.06289499 0.07239786 0.12160221
 0.03028528]
[0.03462607 0.15729447 0.07931416 0.0700067  0.03154761 0.07931416
 0.08056591 0.08378381 0.06569022 0.05061568 0.0700067  0.17913042
 0.01810407]
[0.04268678 0.14717197 0.07883796 0.07147728 0.04079919 0.07883796
 0.08971202 0.09850876 0.06639358 0.05177615 0.07147728 0.13966516
 0.02265593]
[0.05069119 0.13369215 0.07517746 0.08106358 0.04863732 0.07517746
 0.07167313 0.09061006 0.07487915 0.05426228 0.08106358 0.14132905
 0.02174358]
[0.03811878 0.15131944 0.06987953 0.07267847 0.03383072 0.06987953
 0.0486859  0.09477787 0.08992457 0.080929   0.07267847 0.15755899
 0.01973875]]