37267
Test: public void test13() throws Throwable { Duration duration0 = Duration.millis(31622400000L); Period period0 = duration0.toPeriod(); Period period1 = period0.plusMonths((-2418)); }
Code: public Period plusMonths(int months) { if (months == 0) { return this; } int[] values = getValues(); // cloned getPeriodType().addIndexedField(this, PeriodType.MONTH_INDEX, values, months); return new Period(values, getPeriodType()); }
[[0.0248757  0.0442101  0.03451312 0.02141815 0.03744335 0.06748673
 0.07500921 0.03801738 0.01499217 0.03744335 0.02790459 0.02288539
 0.01153402 0.09235881 0.02171222 0.01592518 0.03640653 0.03451312
 0.04969106 0.03451312 0.03451312 0.06194024 0.03997749 0.02790459
 0.01225103 0.03451312 0.03451312 0.01153402]
[0.02480493 0.04461741 0.03170802 0.02711977 0.05131723 0.07453117
 0.05358896 0.03196791 0.01918015 0.05131723 0.02808153 0.02527962
 0.01224715 0.08543972 0.0254872  0.01702905 0.0360579  0.03170802
 0.04698099 0.03170802 0.03170802 0.05882964 0.04234221 0.02808153
 0.01320344 0.03170802 0.03170802 0.01224715]
[0.02188261 0.05636635 0.0358551  0.02192269 0.03838335 0.05476143
 0.06870896 0.04078436 0.01743617 0.03838335 0.02665685 0.02247582
 0.01277923 0.09559899 0.01890246 0.02430468 0.02688951 0.0358551
 0.04169326 0.0358551  0.0358551  0.05487395 0.0456728  0.02665685
 0.01695654 0.0358551  0.0358551  0.01277923]
[0.0267105  0.06115682 0.03265665 0.02002954 0.03776321 0.06179685
 0.07005622 0.04064716 0.01512403 0.03776321 0.03099084 0.02128192
 0.01087057 0.0819568  0.02045771 0.02179669 0.03285501 0.03265665
 0.05134355 0.03265665 0.03265665 0.06314439 0.04353015 0.03099084
 0.01292341 0.03265665 0.03265665 0.01087057]
[0.02912679 0.04903954 0.03702334 0.02124328 0.04937256 0.04983042
 0.05273742 0.03057969 0.02025031 0.04937256 0.0331887  0.02488643
 0.01700287 0.07268891 0.02085317 0.02436333 0.0360043  0.03702334
 0.03752628 0.03702334 0.03702334 0.04805056 0.04566852 0.0331887
 0.01588276 0.03702335 0.03702335 0.01700287]
[0.01640523 0.05215518 0.0338879  0.01125116 0.04315494 0.09573801
 0.06893924 0.03044232 0.0168187  0.04315494 0.0221495  0.01517252
 0.00626544 0.15949637 0.01168166 0.01358329 0.02109999 0.0338879
 0.04728255 0.0338879  0.0338879  0.05196098 0.03480423 0.0221495
 0.00670135 0.0338879  0.0338879  0.00626544]
[0.02102896 0.04870072 0.031397   0.01966368 0.04591785 0.08226011
 0.06741303 0.03027855 0.01915591 0.04591785 0.02327033 0.01882596
 0.0117007  0.13808292 0.0173224  0.01288026 0.02601486 0.031397
 0.04727303 0.031397   0.031397   0.05696277 0.03464755 0.02327033
 0.00932954 0.03139701 0.03139701 0.0117007 ]
[0.01583237 0.06460343 0.02353846 0.01518148 0.04817429 0.08647843
 0.08513707 0.03782018 0.0199763  0.04817429 0.02655453 0.01967756
 0.00952877 0.14099589 0.01893545 0.01689764 0.02512593 0.02353846
 0.04320751 0.02353846 0.02353846 0.05348845 0.03606485 0.02655453
 0.01083146 0.02353846 0.02353846 0.00952877]
[0.02149371 0.04591703 0.03471994 0.02051562 0.04101112 0.07269092
 0.06400028 0.03451803 0.0156728  0.04101112 0.03431384 0.02037451
 0.01391765 0.10476796 0.02167158 0.01690488 0.02493466 0.03471994
 0.04130078 0.03471994 0.03471994 0.05608542 0.04236253 0.03431384
 0.00998439 0.03471994 0.03471994 0.01391765]
[0.02912679 0.04903954 0.03702334 0.02124328 0.04937256 0.04983042
 0.05273742 0.03057969 0.02025031 0.04937256 0.0331887  0.02488643
 0.01700287 0.07268891 0.02085317 0.02436333 0.0360043  0.03702334
 0.03752628 0.03702334 0.03702334 0.04805056 0.04566852 0.0331887
 0.01588276 0.03702335 0.03702335 0.01700287]
[0.01788087 0.04774645 0.03401137 0.020704   0.03830262 0.07158851
 0.06744785 0.03243501 0.01562257 0.03830262 0.02538621 0.01690377
 0.01032705 0.13828772 0.01849812 0.01768529 0.02947284 0.03401137
 0.05002388 0.03401137 0.03401137 0.05132516 0.04179801 0.02538621
 0.01047999 0.03401137 0.03401137 0.01032705]
[0.02722656 0.04376461 0.03625995 0.02001927 0.04731015 0.06577969
 0.05865386 0.0321514  0.01709862 0.04731015 0.03252968 0.01776442
 0.01225613 0.08107445 0.01982594 0.01590371 0.03814518 0.03625995
 0.04710725 0.03625995 0.03625995 0.05500058 0.04706905 0.03252968
 0.01166377 0.03625995 0.03625995 0.01225613]
[0.01810971 0.06338502 0.03314282 0.01978401 0.05072503 0.07080758
 0.06166797 0.03173897 0.01427404 0.05072503 0.04076169 0.01791679
 0.0107141  0.07790098 0.02047112 0.01683026 0.02830438 0.03314282
 0.04812398 0.03314282 0.03314282 0.05438429 0.04287007 0.04076169
 0.01017227 0.03314282 0.03314282 0.0107141 ]
[0.02863058 0.04859843 0.03230191 0.02256506 0.04604096 0.05643178
 0.07550881 0.0311625  0.0193679  0.04604096 0.03444604 0.02217089
 0.01175189 0.08142498 0.02191861 0.01944072 0.03399764 0.03230191
 0.04801799 0.03230191 0.03230191 0.05369963 0.04495681 0.03444604
 0.01381838 0.03230192 0.03230192 0.01175189]
[0.01887269 0.04740879 0.03386703 0.0158873  0.04039014 0.07904828
 0.06149713 0.02973465 0.01208627 0.04039014 0.0303747  0.01628762
 0.00922428 0.13327105 0.01743303 0.01522238 0.02839738 0.03386703
 0.03856752 0.03386703 0.03386703 0.06513756 0.04804172 0.0303747
 0.00992619 0.03386703 0.03386703 0.00922428]
[0.02898151 0.04009176 0.04096077 0.0230844  0.03386889 0.06437609
 0.05586178 0.0324158  0.02210152 0.03386889 0.03202643 0.02990396
 0.01447806 0.07062571 0.02405624 0.0243561  0.03482502 0.04096077
 0.03560356 0.04096077 0.04096077 0.04826538 0.04523823 0.03202643
 0.01370156 0.04096077 0.04096077 0.01447806]
[0.02361364 0.0550342  0.03684863 0.02183534 0.04003697 0.07096424
 0.05698763 0.03864277 0.01745072 0.04003697 0.02290573 0.01877596
 0.00938274 0.10000068 0.02095724 0.01430725 0.0291098  0.03684863
 0.05095995 0.03684863 0.03684863 0.05990972 0.04460155 0.02290573
 0.01110668 0.03684863 0.03684863 0.00938274]
[0.02188261 0.05636635 0.0358551  0.02192269 0.03838335 0.05476143
 0.06870896 0.04078436 0.01743617 0.03838335 0.02665685 0.02247582
 0.01277923 0.09559899 0.01890246 0.02430468 0.02688951 0.0358551
 0.04169326 0.0358551  0.0358551  0.05487395 0.0456728  0.02665685
 0.01695654 0.0358551  0.0358551  0.01277923]
[0.01983629 0.0599832  0.03041381 0.01342436 0.04766067 0.08086172
 0.06635346 0.03416369 0.01947728 0.04766067 0.02239801 0.01842818
 0.00785689 0.13523512 0.01554606 0.01611866 0.02844508 0.03041381
 0.04586633 0.03041381 0.03041381 0.0563218  0.04115207 0.02239801
 0.01047277 0.03041381 0.03041381 0.00785689]
[0.02188261 0.05636635 0.0358551  0.02192269 0.03838335 0.05476143
 0.06870896 0.04078436 0.01743617 0.03838335 0.02665685 0.02247582
 0.01277923 0.09559899 0.01890246 0.02430468 0.02688951 0.0358551
 0.04169326 0.0358551  0.0358551  0.05487395 0.0456728  0.02665685
 0.01695654 0.0358551  0.0358551  0.01277923]
[0.02188261 0.05636635 0.0358551  0.02192269 0.03838335 0.05476143
 0.06870896 0.04078436 0.01743617 0.03838335 0.02665685 0.02247582
 0.01277923 0.09559899 0.01890246 0.02430468 0.02688951 0.0358551
 0.04169326 0.0358551  0.0358551  0.05487395 0.0456728  0.02665685
 0.01695654 0.0358551  0.0358551  0.01277923]
[0.02140744 0.06277039 0.02855844 0.01824969 0.03851824 0.06264162
 0.0770356  0.0354542  0.01776797 0.03851824 0.02834167 0.01946326
 0.01175027 0.11591431 0.01978117 0.02025156 0.03355208 0.02855844
 0.04390711 0.02855844 0.02855844 0.06027138 0.04859704 0.02834167
 0.01436424 0.02855844 0.02855844 0.01175027]
[0.02076343 0.03443941 0.04303901 0.02059929 0.03430076 0.06243793
 0.06067271 0.02971504 0.01198951 0.03430076 0.02904693 0.01846608
 0.00981843 0.1234147  0.0185939  0.01270158 0.02318514 0.04303901
 0.05274576 0.04303901 0.04303901 0.05097645 0.04079507 0.02904693
 0.01393772 0.04303901 0.04303901 0.00981843]
[0.01788087 0.04774645 0.03401137 0.020704   0.03830262 0.07158851
 0.06744785 0.03243501 0.01562257 0.03830262 0.02538621 0.01690377
 0.01032705 0.13828772 0.01849812 0.01768529 0.02947284 0.03401137
 0.05002388 0.03401137 0.03401137 0.05132516 0.04179801 0.02538621
 0.01047999 0.03401137 0.03401137 0.01032705]
[0.02246181 0.04436816 0.03275743 0.01601027 0.04470235 0.07390928
 0.07086641 0.03810116 0.01377673 0.04470235 0.03171377 0.01679268
 0.01269465 0.09196465 0.02011638 0.01763168 0.02540428 0.03275743
 0.04957069 0.03275743 0.03275743 0.07264219 0.03747846 0.03171377
 0.01413906 0.03275743 0.03275743 0.01269465]
[0.02188261 0.05636635 0.0358551  0.02192269 0.03838335 0.05476143
 0.06870896 0.04078436 0.01743617 0.03838335 0.02665685 0.02247582
 0.01277923 0.09559899 0.01890246 0.02430468 0.02688951 0.0358551
 0.04169326 0.0358551  0.0358551  0.05487395 0.0456728  0.02665685
 0.01695654 0.0358551  0.0358551  0.01277923]
[0.02188261 0.05636635 0.0358551  0.02192269 0.03838335 0.05476143
 0.06870896 0.04078436 0.01743617 0.03838335 0.02665685 0.02247582
 0.01277923 0.09559899 0.01890246 0.02430468 0.02688951 0.0358551
 0.04169326 0.0358551  0.0358551  0.05487395 0.0456728  0.02665685
 0.01695654 0.0358551  0.0358551  0.01277923]
[0.01810971 0.06338502 0.03314282 0.01978401 0.05072503 0.07080758
 0.06166797 0.03173897 0.01427404 0.05072503 0.04076169 0.01791679
 0.0107141  0.07790098 0.02047112 0.01683026 0.02830438 0.03314282
 0.04812398 0.03314282 0.03314282 0.05438429 0.04287007 0.04076169
 0.01017227 0.03314282 0.03314282 0.0107141 ]]