166668
Test: public void test48() throws Throwable { Hashtable<String, FileLocator> hashtable0 = new Hashtable<String, FileLocator>(); FileHandler fileHandler0 = FileHandler.fromMap(hashtable0); // Undeclared exception!  fileHandler0.addFileHandlerListener((FileHandlerListener) null);   }
Code: public void addFileHandlerListener(final FileHandlerListener l) { if (l == null) { throw new IllegalArgumentException("Listener must not be null!"); } listeners.add(l); }
[[0.03996415 0.03243427 0.05544147 0.05544147 0.05544147 0.05416299
 0.1078107  0.03447001 0.06278631 0.02133429 0.05416299 0.04025957
 0.0200957  0.05544147 0.09309093 0.03746009 0.03488102 0.05544148
 0.01721906 0.05544148 0.01721906]
[0.03169679 0.02850791 0.06030647 0.06030647 0.06030647 0.05910147
 0.10605195 0.03061664 0.04530819 0.01595645 0.05910147 0.0374232
 0.0146401  0.06030647 0.10599036 0.02858219 0.03952939 0.06030647
 0.01782755 0.06030647 0.01782755]
[0.03394774 0.03071833 0.05644755 0.05644755 0.05644755 0.05499356
 0.08380607 0.03378687 0.06412929 0.02428169 0.05499356 0.04012937
 0.02590866 0.05644755 0.10516202 0.02814328 0.04410388 0.05644755
 0.01860519 0.05644755 0.01860518]
[0.03394774 0.03071833 0.05644755 0.05644755 0.05644755 0.05499356
 0.08380607 0.03378687 0.06412929 0.02428169 0.05499356 0.04012937
 0.02590866 0.05644755 0.10516202 0.02814328 0.04410388 0.05644755
 0.01860519 0.05644755 0.01860518]
[0.03394774 0.03071833 0.05644755 0.05644755 0.05644755 0.05499356
 0.08380607 0.03378687 0.06412929 0.02428169 0.05499356 0.04012937
 0.02590866 0.05644755 0.10516202 0.02814328 0.04410388 0.05644755
 0.01860519 0.05644755 0.01860518]
[0.04185418 0.03663541 0.05425704 0.05425704 0.05425704 0.06857947
 0.07191597 0.03987423 0.04448763 0.02681423 0.06857947 0.03831049
 0.02316596 0.05425704 0.08315197 0.03900117 0.04413651 0.05425705
 0.02397554 0.05425705 0.02397554]
[0.02649721 0.02056308 0.05888564 0.05888564 0.05888564 0.06077452
 0.15129669 0.02803439 0.0524442  0.0100435  0.06077452 0.02625528
 0.01045869 0.05888564 0.11841498 0.02477864 0.03813503 0.05888565
 0.00910769 0.05888565 0.00910769]
[0.03645419 0.0273927  0.05246943 0.05246943 0.05246943 0.06151377
 0.10395771 0.02683306 0.05633666 0.01757445 0.06151377 0.04034996
 0.01499733 0.05246943 0.13131729 0.03249038 0.03696007 0.05246942
 0.01874609 0.05246942 0.01874609]
[0.02650313 0.02905975 0.04241208 0.04241208 0.04241208 0.07104297
 0.14578074 0.03227837 0.06509885 0.01717489 0.07104297 0.03290677
 0.01772261 0.04241208 0.14240216 0.0247256  0.04092568 0.04241208
 0.01443151 0.04241208 0.01443151]
[0.03131366 0.02365177 0.0556023  0.0556023  0.0556023  0.07288437
 0.14148597 0.02890626 0.05805632 0.01912194 0.07288437 0.02966353
 0.01275619 0.0556023  0.08831444 0.03059812 0.03453288 0.05560231
 0.01110819 0.05560231 0.01110819]
[0.04185418 0.03663541 0.05425704 0.05425704 0.05425704 0.06857947
 0.07191597 0.03987423 0.04448763 0.02681423 0.06857947 0.03831049
 0.02316596 0.05425704 0.08315197 0.03900117 0.04413651 0.05425705
 0.02397554 0.05425705 0.02397554]
[0.03071106 0.02552099 0.05001988 0.05001988 0.05001988 0.08075481
 0.10670067 0.02784526 0.04569282 0.0177895  0.08075481 0.0366754
 0.01657944 0.05001988 0.1328117  0.02730135 0.0444005  0.05001988
 0.01317122 0.05001988 0.01317122]
[0.03379783 0.03071704 0.05159108 0.05159108 0.05159108 0.06178231
 0.11449541 0.02591855 0.06184598 0.01893688 0.06178231 0.03757285
 0.0219046  0.05159108 0.11568861 0.02574703 0.04446549 0.05159108
 0.01789929 0.05159108 0.01789929]
[0.03394774 0.03071833 0.05644755 0.05644755 0.05644755 0.05499356
 0.08380607 0.03378687 0.06412929 0.02428169 0.05499356 0.04012937
 0.02590866 0.05644755 0.10516202 0.02814328 0.04410388 0.05644755
 0.01860519 0.05644755 0.01860518]
[0.0313828  0.02659483 0.04861591 0.04861591 0.04861591 0.07257149
 0.11879096 0.03141588 0.05187803 0.02190216 0.07257149 0.04177018
 0.0238796  0.04861591 0.09737404 0.02623975 0.05892364 0.04861591
 0.01650487 0.04861591 0.01650487]
[0.03028416 0.03101057 0.05163237 0.05163237 0.05163237 0.06751044
 0.10250305 0.03493224 0.06246397 0.02273978 0.06751044 0.0398511
 0.01971111 0.05163237 0.09886889 0.02956275 0.04641442 0.05163237
 0.01842142 0.05163237 0.01842142]
[0.03291504 0.02818136 0.05852099 0.05852099 0.05852099 0.05359445
 0.11167568 0.03437332 0.05342165 0.02025784 0.05359445 0.03057058
 0.01562509 0.05852099 0.10268034 0.03029639 0.04631273 0.05852099
 0.01768756 0.05852099 0.01768756]
[0.03394774 0.03071833 0.05644755 0.05644755 0.05644755 0.05499356
 0.08380607 0.03378687 0.06412929 0.02428169 0.05499356 0.04012937
 0.02590866 0.05644755 0.10516202 0.02814328 0.04410388 0.05644755
 0.01860519 0.05644755 0.01860518]
[0.02917808 0.02716175 0.05439426 0.05439426 0.05439426 0.07598054
 0.11282328 0.02802271 0.05064856 0.01825654 0.07598054 0.04004727
 0.0163587  0.05439426 0.07752711 0.03155254 0.05749139 0.05439426
 0.01630269 0.05439426 0.01630269]
[0.03394774 0.03071833 0.05644755 0.05644755 0.05644755 0.05499356
 0.08380607 0.03378687 0.06412929 0.02428169 0.05499356 0.04012937
 0.02590866 0.05644755 0.10516202 0.02814328 0.04410388 0.05644755
 0.01860519 0.05644755 0.01860518]
[0.02917809 0.02716175 0.05439427 0.05439427 0.05439427 0.07598057
 0.11282328 0.02802272 0.05064856 0.01825655 0.07598057 0.04004728
 0.01635871 0.05439427 0.07752709 0.03155255 0.0574914  0.05439427
 0.01630269 0.05439427 0.01630269]]