167301
Test: public void test21() throws Throwable { MockFile mockFile0 = new MockFile(".c o\"&%hBxT"); DefaultFileReplicator defaultFileReplicator0 = new DefaultFileReplicator(mockFile0);  defaultFileReplicator0.createFile(mockFile0, ".c o\"&%hBxT");   }
Code: protected File createFile(final File parent, final String name) throws FileSystemException { return new File(parent, UriParser.decode(name)); }
[[0.06971751 0.09541315 0.07885782 0.09541315 0.09322774 0.03249275
 0.05828377 0.04057057 0.10353514 0.05941202 0.07345529 0.04797387
 0.01802276 0.05941202 0.05941202 0.01480041]
[0.07006506 0.10026738 0.07602324 0.10026738 0.10532284 0.0355488
 0.05879387 0.04408836 0.09795754 0.04931671 0.07824434 0.05424903
 0.01910872 0.04931671 0.04931671 0.01211329]
[0.06386295 0.09980432 0.07395503 0.09980432 0.10292038 0.03389412
 0.05618015 0.0383963  0.10657552 0.05779758 0.07076332 0.0484729
 0.0175843  0.05779758 0.05779758 0.01439361]
[0.07006506 0.10026738 0.07602324 0.10026738 0.10532284 0.0355488
 0.05879387 0.04408836 0.09795754 0.04931671 0.07824434 0.05424903
 0.01910872 0.04931671 0.04931671 0.01211329]
[0.0544969  0.09421588 0.08683467 0.09421588 0.12517452 0.02099638
 0.05182431 0.0315248  0.14928588 0.05170763 0.0601579  0.04852946
 0.01293564 0.05170763 0.05170763 0.01468491]
[0.05119717 0.09258116 0.07360916 0.09258116 0.10275765 0.02848578
 0.06238285 0.03375646 0.10641244 0.06222093 0.0752648  0.06123392
 0.01844556 0.06222093 0.06222093 0.01462904]
[0.06282077 0.10200568 0.08522503 0.10200568 0.09507918 0.03302872
 0.04859169 0.03602263 0.11331495 0.05946746 0.06558793 0.04325972
 0.01819185 0.05946746 0.05946746 0.01646385]
[0.07361849 0.10052142 0.06311141 0.10052142 0.10624223 0.03315478
 0.07158487 0.04365931 0.11193074 0.04803968 0.05493328 0.04610167
 0.0264131  0.04803968 0.04803968 0.02408824]
[0.07455925 0.09399524 0.08001877 0.09399524 0.1241164  0.02370731
 0.05105446 0.03498235 0.13216002 0.04698963 0.07415824 0.04738645
 0.01477203 0.04698963 0.04698963 0.01412547]
[0.07602518 0.09284906 0.06612173 0.09284906 0.10640109 0.03375616
 0.0619413  0.04481725 0.11129561 0.05672924 0.0567519  0.04163991
 0.0262527  0.05672924 0.05672924 0.01911131]
[0.08325881 0.08282225 0.0763392  0.08282225 0.09445184 0.04403568
 0.06178899 0.04996703 0.07780021 0.0562345  0.07682862 0.05072009
 0.0241777  0.0562345  0.0562345  0.02628386]
[0.07279684 0.10207577 0.0734024  0.10207577 0.12415308 0.02670043
 0.0598757  0.03712519 0.10255486 0.05540153 0.05916899 0.04095057
 0.01686656 0.05540153 0.05540153 0.01604927]
[0.06908902 0.10577779 0.07958871 0.10577779 0.09430349 0.02776064
 0.05840518 0.03994785 0.11164129 0.05087045 0.06606126 0.0483219
 0.0218155  0.05087045 0.05087045 0.01889821]
[0.07602518 0.09284906 0.06612173 0.09284906 0.10640109 0.03375616
 0.0619413  0.04481725 0.11129561 0.05672924 0.0567519  0.04163991
 0.0262527  0.05672924 0.05672924 0.01911131]
[0.07602518 0.09284906 0.06612173 0.09284906 0.10640109 0.03375616
 0.0619413  0.04481725 0.11129561 0.05672924 0.0567519  0.04163991
 0.0262527  0.05672924 0.05672924 0.01911131]
[0.06272638 0.09451409 0.08296175 0.09451409 0.09009778 0.02605758
 0.05256799 0.04492416 0.12078408 0.05343058 0.07522967 0.06311551
 0.0160964  0.05343058 0.05343058 0.01611878]]