79175
Test: public void test36() throws Throwable { IFGE iFGE0 = new IFGE(); BranchHandle branchHandle0 = BranchHandle.getBranchHandle(iFGE0); // Undeclared exception!  branchHandle0.toString();   }
Code: public String toString( final boolean verbose ) { return Utility.format(i_position, 4, false, ' ') + ": " + instruction.toString(verbose); }
[[0.03925895 0.04943275 0.0544689  0.03241739 0.09105881 0.02636301
 0.07443099 0.05921577 0.04405429 0.0544689  0.05869357 0.04143614
 0.08305842 0.08425855 0.03196685 0.01303293 0.05771816 0.03196685
 0.0544689  0.01822985]
[0.03911898 0.04367128 0.05339981 0.03155341 0.11862954 0.0228893
 0.07078342 0.06670227 0.04058714 0.05339981 0.05248473 0.03258305
 0.07128104 0.09742285 0.03387734 0.01723601 0.05074199 0.03387734
 0.05339982 0.01636081]
[0.03090119 0.05491559 0.05071895 0.03119103 0.11049287 0.02278731
 0.07760027 0.05372292 0.03763039 0.05071895 0.06010054 0.03202166
 0.07590283 0.08327979 0.04300086 0.01947844 0.05389912 0.04300086
 0.05071895 0.0179175 ]
[0.0367283  0.05373882 0.0536155  0.02501759 0.09805004 0.02269322
 0.07963598 0.06694713 0.05354105 0.0536155  0.07231043 0.02869949
 0.07342489 0.08988231 0.03542496 0.01496318 0.03971671 0.03542497
 0.0536155  0.0129545 ]
[0.02850383 0.05419295 0.05377739 0.02833759 0.13867357 0.01937816
 0.07590361 0.07726572 0.04887277 0.05377739 0.05824598 0.0293201
 0.09061658 0.08470559 0.01927268 0.01016146 0.04174644 0.01927268
 0.05377739 0.01419816]
[0.02708848 0.04793334 0.05565364 0.0263132  0.10967839 0.02214749
 0.0846502  0.06298222 0.03804002 0.05565364 0.05340422 0.03327947
 0.07474993 0.09677711 0.03228982 0.01237973 0.06295408 0.03228983
 0.05565362 0.01608156]
[0.03706866 0.05388357 0.04800218 0.03607827 0.11689247 0.02495211
 0.06389336 0.08253819 0.04275703 0.04800218 0.06286923 0.0305123
 0.06672385 0.07231976 0.03824067 0.0161213  0.05264252 0.03824068
 0.04800219 0.02025943]
[0.04113876 0.05679851 0.05172174 0.04058623 0.08479618 0.0255688
 0.07162385 0.07101225 0.04670876 0.05172174 0.04996409 0.03341204
 0.06443288 0.07140577 0.04321472 0.02161972 0.05507587 0.04321472
 0.05172175 0.02426169]
[0.02587185 0.05280105 0.04954005 0.02431928 0.12139553 0.01836506
 0.06780708 0.0547468  0.03684689 0.04954005 0.05351739 0.02745979
 0.09625074 0.10968074 0.03595937 0.01259095 0.06301611 0.03595937
 0.04954005 0.01479187]
[0.03090119 0.05491559 0.05071895 0.03119103 0.11049287 0.02278731
 0.07760027 0.05372292 0.03763039 0.05071895 0.06010054 0.03202166
 0.07590283 0.08327979 0.04300086 0.01947844 0.05389912 0.04300086
 0.05071895 0.0179175 ]
[0.03690373 0.05650487 0.04928844 0.03034342 0.09044772 0.02601509
 0.07209254 0.07875232 0.0444986  0.04928844 0.05700888 0.03416448
 0.08319987 0.08609355 0.03498736 0.01613859 0.04989377 0.03498736
 0.04928844 0.02010248]
[0.03014949 0.053553   0.04338036 0.02884298 0.12953024 0.01848359
 0.07423316 0.08637463 0.0485191  0.04338036 0.07157661 0.02980079
 0.09211183 0.09171612 0.02287171 0.01080623 0.04648648 0.02287171
 0.04338037 0.0119313 ]
[0.03670397 0.05790797 0.04705632 0.02586033 0.10894703 0.02120491
 0.06150813 0.05699768 0.04804198 0.04705632 0.05686628 0.03572515
 0.08979717 0.10878889 0.03264763 0.0132039  0.05196312 0.03264762
 0.04705633 0.02001931]
[0.03411932 0.05438586 0.05406282 0.03109152 0.11096014 0.02139374
 0.09086984 0.06740699 0.05112892 0.05406282 0.05644844 0.02928552
 0.06682102 0.09063397 0.02804578 0.01430541 0.04858279 0.02804577
 0.05406281 0.01428661]
[0.03797487 0.05879362 0.05143828 0.03553191 0.09451644 0.02673343
 0.06542362 0.05516555 0.04523911 0.05143828 0.05883799 0.04389122
 0.07638521 0.0956539  0.03252897 0.01403118 0.05359527 0.03252896
 0.05143829 0.01885387]
[0.02913425 0.05956411 0.05259305 0.02886873 0.12510331 0.01995093
 0.06810863 0.07151716 0.03695482 0.05259305 0.05790179 0.02763128
 0.08419644 0.10347287 0.0281632  0.01228596 0.04925293 0.0281632
 0.05259306 0.01195126]
[0.03035727 0.06680168 0.048706   0.0313638  0.11731871 0.01803545
 0.07901775 0.0807353  0.04351437 0.048706   0.05740664 0.02842164
 0.08896746 0.09478331 0.0228826  0.0114538  0.04778431 0.0228826
 0.048706   0.01215537]
[0.03797487 0.05879362 0.05143828 0.03553191 0.09451644 0.02673343
 0.06542362 0.05516555 0.04523911 0.05143828 0.05883799 0.04389122
 0.07638521 0.0956539  0.03252897 0.01403118 0.05359527 0.03252896
 0.05143829 0.01885387]
[0.03090119 0.05491559 0.05071895 0.03119103 0.11049287 0.02278731
 0.07760027 0.05372292 0.03763039 0.05071895 0.06010054 0.03202166
 0.07590283 0.08327979 0.04300086 0.01947844 0.05389912 0.04300086
 0.05071895 0.0179175 ]
[0.02807697 0.05136263 0.05099078 0.02605412 0.0924787  0.01800362
 0.08235298 0.08091448 0.06385276 0.05099078 0.0564478  0.03684637
 0.07621765 0.0743522  0.03123717 0.01782148 0.06278138 0.03123717
 0.05099077 0.01699024]]