77433
Test: public void test163() throws Throwable { boolean boolean0 = Instruction.isValidByte((byte) (-25)); }
Code: public static boolean isValidByte(final int value) { return value >= Byte.MIN_VALUE && value <= Byte.MAX_VALUE; }
[[0.03908835 0.10760514 0.10272873 0.05422062 0.02577532 0.04947859
 0.04683281 0.04236528 0.11752128 0.03226858 0.05422062 0.02426111
 0.11752128 0.11639404 0.05422062 0.01549761]
[0.03881616 0.0997597  0.12175806 0.05277223 0.02049876 0.03771663
 0.06450865 0.03646494 0.11121371 0.0333534  0.05277223 0.02735518
 0.11121371 0.12124619 0.05277223 0.01777821]
[0.02307588 0.07632776 0.13657044 0.04555357 0.0115809  0.03355416
 0.04722977 0.03474392 0.13852482 0.02043249 0.04555357 0.01458658
 0.13852482 0.17889063 0.04555357 0.0092971 ]
[0.03027575 0.10447079 0.11474257 0.05068011 0.01967907 0.04834383
 0.04717499 0.03672466 0.11421616 0.03154425 0.05068011 0.02198671
 0.11421616 0.14849314 0.05068011 0.01609161]
[0.02133991 0.12444929 0.08658289 0.05654931 0.01607983 0.05607032
 0.04428028 0.03396017 0.1177928  0.02989948 0.05654931 0.01804406
 0.1177928  0.15408862 0.05654931 0.00997164]
[0.03285489 0.1061001  0.10002322 0.0494406  0.01557542 0.0402584
 0.05232266 0.03902178 0.1170675  0.02560282 0.0494406  0.02403706
 0.1170675  0.16862285 0.0494406  0.01312392]
[0.04324195 0.10146984 0.0957894  0.05683479 0.02075233 0.04672023
 0.06910732 0.04982009 0.09370658 0.0330334  0.05683479 0.03766944
 0.09370658 0.12004513 0.05683479 0.02443342]
[0.02363026 0.10802691 0.12647468 0.04756081 0.01424627 0.03800093
 0.04526905 0.03446683 0.10941329 0.02492871 0.04756081 0.01643418
 0.10941329 0.19456013 0.04756081 0.01245307]
[0.02486114 0.08742787 0.13130008 0.04434291 0.01604627 0.03434646
 0.04251021 0.03790278 0.13126872 0.02518854 0.04434291 0.02052416
 0.13126872 0.17033488 0.04434291 0.01399146]
[0.03034249 0.08993667 0.11967456 0.05170511 0.01495017 0.03468029
 0.06263781 0.04350082 0.10807922 0.03549863 0.05170511 0.02268389
 0.10807922 0.16127849 0.05170511 0.01354239]
[0.03027575 0.10447079 0.11474257 0.05068011 0.01967907 0.04834383
 0.04717499 0.03672466 0.11421616 0.03154425 0.05068011 0.02198671
 0.11421616 0.14849314 0.05068011 0.01609161]
[0.02599712 0.09598366 0.13134629 0.0482006  0.01398726 0.03345253
 0.05137257 0.03326346 0.11400227 0.02784091 0.0482006  0.01759274
 0.11400227 0.18009359 0.0482006  0.01646347]
[0.02486114 0.08742787 0.13130008 0.04434291 0.01604627 0.03434646
 0.04251021 0.03790278 0.13126872 0.02518854 0.04434291 0.02052416
 0.13126872 0.17033488 0.04434291 0.01399146]
[0.02732265 0.09170624 0.14065664 0.04683647 0.01267415 0.03932129
 0.05417254 0.02839857 0.11885971 0.02951857 0.04683647 0.0166561
 0.11885971 0.16674788 0.04683647 0.0145965 ]
[0.03027575 0.10447079 0.11474257 0.05068011 0.01967907 0.04834383
 0.04717499 0.03672466 0.11421616 0.03154425 0.05068011 0.02198671
 0.11421616 0.14849314 0.05068011 0.01609161]
[0.02554628 0.09561168 0.09524651 0.04957161 0.01980176 0.03161048
 0.05527393 0.05279384 0.1317188  0.0269669  0.04957161 0.02060154
 0.1317188  0.15199968 0.04957161 0.0123949 ]]