30836
Test: public void test1() throws Throwable { LinkedList<String> linkedList0 = new LinkedList<String>(); linkedList0.add("KCvIl:4gfC}Qv9z"); Class<String> class0 = String.class; String[] stringArray0 = ArrayUtil.toArray((List<String>) linkedList0, class0); }
Code: public static <T> T[] toArray(List<T> list, Class<T> type) { return list.toArray((T[]) Array.newInstance(type, list.size())); }
[[0.05526055 0.14317465 0.12377374 0.04484731 0.07664868 0.07570872
 0.03984973 0.06965388 0.06108712 0.05926066 0.07664868 0.07664868
 0.0766487  0.02078884]
[0.05448893 0.13496208 0.15022063 0.02952031 0.07471259 0.05613358
 0.03431335 0.08242046 0.08458713 0.05077943 0.07471258 0.07471258
 0.0747126  0.02372371]
[0.05229408 0.12146941 0.14326143 0.03146526 0.08034568 0.0639388
 0.03053658 0.07452663 0.0837392  0.05796693 0.08034568 0.08034568
 0.08034571 0.01941892]
[0.05025682 0.13442156 0.10768914 0.03671249 0.07851716 0.07463638
 0.03849141 0.08083915 0.0825733  0.05880994 0.07851716 0.07851716
 0.07851718 0.02150107]
[0.0457042  0.15065897 0.1321209  0.03837811 0.07773194 0.06873661
 0.03996229 0.07133289 0.06444089 0.05526068 0.07773194 0.07773194
 0.07773195 0.02247656]
[0.04539026 0.1481585  0.16737744 0.02488292 0.08125353 0.07052858
 0.03103298 0.07436115 0.05060911 0.04855188 0.08125353 0.08125353
 0.08125354 0.01409299]
[0.04428738 0.16519518 0.14494373 0.0276995  0.07258904 0.07188966
 0.03244243 0.0809869  0.06296699 0.06339611 0.07258904 0.07258904
 0.07258905 0.01583595]
[0.04926998 0.1551427  0.1586654  0.03920926 0.06916101 0.06721008
 0.02613362 0.08504757 0.06651707 0.06195147 0.06916102 0.06916102
 0.06916104 0.01420886]
[0.05455633 0.12383933 0.1130477  0.03693675 0.07419405 0.07972896
 0.04519298 0.07497698 0.08161048 0.06358474 0.07419406 0.07419406
 0.07419407 0.02974945]
[0.03719098 0.15084195 0.14397468 0.03217854 0.08088458 0.07217594
 0.03242976 0.07555674 0.05890534 0.05636436 0.08088458 0.08088458
 0.08088459 0.01684345]
[0.0457042  0.15065897 0.1321209  0.03837811 0.07773194 0.06873661
 0.03996229 0.07133289 0.06444089 0.05526068 0.07773194 0.07773194
 0.07773195 0.02247656]
[0.0457042  0.15065897 0.1321209  0.03837811 0.07773194 0.06873661
 0.03996229 0.07133289 0.06444089 0.05526068 0.07773194 0.07773194
 0.07773195 0.02247656]
[0.04570422 0.150659   0.13212095 0.03837812 0.07773195 0.06873664
 0.0399623  0.0713329  0.06444091 0.0552607  0.07773195 0.07773195
 0.07773195 0.02247656]
[0.03773836 0.13605022 0.16263942 0.03178186 0.07400373 0.06019641
 0.03107693 0.07305552 0.07718432 0.076698   0.07400373 0.07400373
 0.07400374 0.01756405]]