141457
Test: public void test3() throws Throwable { BlockDiskElementDescriptor<Object> blockDiskElementDescriptor0 = new BlockDiskElementDescriptor<Object>(); // Undeclared exception!  blockDiskElementDescriptor0.writeExternal((ObjectOutput) null);   }
Code: public void writeExternal( final ObjectOutput output ) throws IOException { output.writeObject( this.key ); output.writeObject( this.blocks ); }
[[0.04684499 0.03890832 0.06499395 0.03867734 0.10897394 0.04675678
 0.08878748 0.10501637 0.02631206 0.07062709 0.06499395 0.03174821
 0.05781302 0.06499395 0.06499395 0.05781302 0.02174564]
[0.03435054 0.03277328 0.06261268 0.03277997 0.14280966 0.05217261
 0.09664616 0.11746065 0.02221858 0.07266533 0.06261268 0.02045429
 0.05181527 0.06261268 0.06261268 0.05181527 0.02158772]
[0.03722066 0.03512248 0.06110532 0.03754704 0.12814124 0.05053948
 0.09338361 0.12137649 0.02692069 0.06463184 0.06110532 0.02880279
 0.05516572 0.06110532 0.06110532 0.05516572 0.0215609 ]
[0.04451202 0.0337002  0.06579414 0.03018399 0.12647924 0.0445157
 0.09541415 0.1125434  0.02898716 0.07986362 0.06579414 0.02995813
 0.04757529 0.06579414 0.06579414 0.04757529 0.01551525]
[0.03899796 0.03026609 0.06628706 0.04474851 0.11796828 0.04900971
 0.07985778 0.09841618 0.03286717 0.08350267 0.06628706 0.0339656
 0.05185795 0.06628706 0.06628706 0.05185795 0.02153589]
[0.03973152 0.03629135 0.06618413 0.03754507 0.10527571 0.05333754
 0.07514273 0.11263328 0.02564395 0.10103485 0.06618413 0.03063712
 0.05096407 0.06618413 0.06618413 0.05096407 0.01606216]
[0.04656333 0.04742798 0.06209615 0.04504997 0.10662886 0.05699418
 0.07816161 0.09443301 0.0294885  0.0994131  0.06209615 0.03386967
 0.0444336  0.06209615 0.06209615 0.0444336  0.02471801]
[0.03411583 0.03492474 0.05414005 0.0290883  0.13283728 0.05151891
 0.06960342 0.15303051 0.02429395 0.09549718 0.05414005 0.02485182
 0.05792379 0.05414005 0.05414005 0.05792379 0.01783035]
[0.03624495 0.02929047 0.06825316 0.03369116 0.11967259 0.04641375
 0.07858215 0.13699263 0.02300261 0.07554085 0.06825316 0.02720359
 0.05256599 0.06825316 0.06825316 0.05256599 0.01522066]
[0.04879298 0.04291373 0.0622082  0.0480608  0.10554473 0.05909641
 0.08354854 0.08539984 0.03341103 0.08228937 0.0622082  0.02921627
 0.05224565 0.0622082  0.0622082  0.05224565 0.02840216]
[0.03722066 0.03512248 0.06110532 0.03754704 0.12814124 0.05053948
 0.09338361 0.12137649 0.02692069 0.06463184 0.06110532 0.02880279
 0.05516572 0.06110532 0.06110532 0.05516572 0.0215609 ]
[0.03994547 0.03496535 0.05758174 0.03771056 0.13584733 0.05380463
 0.09736917 0.11095282 0.02637937 0.09315945 0.05758174 0.0250883
 0.04810937 0.05758174 0.05758174 0.04810937 0.01823179]
[0.03383767 0.02998531 0.05955905 0.0381733  0.13428818 0.05330019
 0.09314771 0.11572595 0.02895225 0.09623443 0.05955905 0.02602613
 0.04824807 0.05955905 0.05955905 0.04824807 0.01559653]
[0.03722066 0.03512248 0.06110532 0.03754704 0.12814124 0.05053948
 0.09338361 0.12137649 0.02692069 0.06463184 0.06110532 0.02880279
 0.05516572 0.06110532 0.06110532 0.05516572 0.0215609 ]
[0.03722066 0.03512248 0.06110532 0.03754704 0.12814124 0.05053948
 0.09338361 0.12137649 0.02692069 0.06463184 0.06110532 0.02880279
 0.05516572 0.06110532 0.06110532 0.05516572 0.0215609 ]
[0.03383767 0.02998531 0.05955905 0.0381733  0.13428818 0.05330019
 0.09314771 0.11572595 0.02895225 0.09623443 0.05955905 0.02602613
 0.04824807 0.05955905 0.05955905 0.04824807 0.01559653]
[0.03268869 0.03163726 0.05882838 0.03057384 0.10381147 0.07349463
 0.09853347 0.1366635  0.02879596 0.09731067 0.05882838 0.03173514
 0.03957117 0.05882838 0.05882838 0.03957117 0.02029959]]