38499
Test: public void test80() throws Throwable { Hours hours0 = Hours.MIN_VALUE; Days days0 = hours0.toStandardDays(); // Undeclared exception!  Minutes.standardMinutesIn(days0);   }
Code: public static Minutes standardMinutesIn(ReadablePeriod period) { int amount = BaseSingleFieldPeriod.standardPeriodIn(period, DateTimeConstants.MILLIS_PER_MINUTE); return Minutes.minutes(amount); }
[[0.05255191 0.15442394 0.07290167 0.07290167 0.07290167 0.06854651
 0.03354607 0.13695365 0.03296944 0.07290167 0.07679608 0.05764703
 0.07290168 0.02205705]
[0.05101788 0.14269567 0.06791872 0.06791872 0.06791872 0.09839424
 0.02577158 0.13684809 0.03307316 0.06791872 0.09756823 0.04885992
 0.06791873 0.02617754]
[0.04267145 0.1526264  0.07049438 0.07049438 0.07049438 0.07166177
 0.02725274 0.1516237  0.04671612 0.07049438 0.07901275 0.0518972
 0.0704944  0.02406587]
[0.04267145 0.1526264  0.07049438 0.07049438 0.07049438 0.07166177
 0.02725274 0.1516237  0.04671612 0.07049438 0.07901275 0.0518972
 0.0704944  0.02406587]
[0.04267145 0.1526264  0.07049438 0.07049438 0.07049438 0.07166177
 0.02725274 0.1516237  0.04671612 0.07049438 0.07901275 0.0518972
 0.0704944  0.02406587]
[0.05567569 0.13280693 0.07189099 0.07189099 0.07189099 0.09186177
 0.02643247 0.10646155 0.04645658 0.07189099 0.08506591 0.06376849
 0.071891   0.03201563]
[0.03015439 0.19257186 0.07663056 0.07663056 0.07663056 0.07014651
 0.0214207  0.13337512 0.02541824 0.07663056 0.07991154 0.04890388
 0.07663058 0.01494488]
[0.04908422 0.1497497  0.07537801 0.07537801 0.07537801 0.08139312
 0.02216997 0.13436954 0.03204882 0.075378   0.07743155 0.05569799
 0.07537802 0.02116508]
[0.0569246  0.1371312  0.08055048 0.08055048 0.08055048 0.06308738
 0.03461638 0.09250885 0.04685006 0.08055048 0.07626709 0.06225333
 0.08055049 0.0276087 ]
[0.04267145 0.1526264  0.07049438 0.07049438 0.07049438 0.07166177
 0.02725274 0.1516237  0.04671612 0.07049438 0.07901275 0.0518972
 0.0704944  0.02406587]
[0.05132528 0.13382247 0.07364656 0.07364656 0.07364656 0.08367421
 0.0203548  0.12956801 0.02998053 0.07364655 0.09846929 0.06117442
 0.07364658 0.02339821]
[0.03648163 0.16565812 0.07377885 0.07377885 0.07377885 0.06916828
 0.02213032 0.15612003 0.03553498 0.07377885 0.07361215 0.05333532
 0.07377887 0.01906483]
[0.04267146 0.1526264  0.07049439 0.07049439 0.07049439 0.07166177
 0.02725275 0.15162376 0.04671612 0.07049439 0.07901277 0.05189721
 0.0704944  0.02406588]
[0.03643244 0.1574919  0.06754567 0.06754567 0.06754567 0.09702107
 0.02743421 0.11328855 0.03331262 0.06754567 0.09602582 0.08055009
 0.06754568 0.02071495]]