142200
Test: public void test14() throws Throwable { RemoteHttpCacheServlet remoteHttpCacheServlet0 = new RemoteHttpCacheServlet(); byte[] byteArray0 = new byte[7]; ByteArrayInputStream byteArrayInputStream0 = new ByteArrayInputStream(byteArray0, (byte) (-26), (byte)31); // Undeclared exception!  remoteHttpCacheServlet0.readRequestFromStream(byteArrayInputStream0);   }
Code: protected RemoteCacheRequest<Serializable, Serializable> readRequestFromStream( final InputStream inputStream ) throws IOException, ClassNotFoundException { return serializer.deSerializeFrom(inputStream, null); }
[[0.07681526 0.06375039 0.06375039 0.06375039 0.03313816 0.05442954
 0.03781863 0.06419367 0.11054718 0.10785565 0.06375039 0.07268256
 0.04970289 0.06375039 0.05921058 0.01485398]
[0.08555223 0.06045866 0.06045866 0.06045866 0.03383221 0.05947374
 0.03423362 0.08099459 0.1159119  0.10318488 0.06045866 0.05415946
 0.04352514 0.06045866 0.06823229 0.01860661]
[0.08555223 0.06045866 0.06045866 0.06045866 0.03383221 0.05947374
 0.03423362 0.08099459 0.1159119  0.10318488 0.06045866 0.05415946
 0.04352514 0.06045866 0.06823229 0.01860661]
[0.08555223 0.06045866 0.06045866 0.06045866 0.03383221 0.05947374
 0.03423362 0.08099459 0.1159119  0.10318488 0.06045866 0.05415946
 0.04352514 0.06045866 0.06823229 0.01860661]
[0.0563338  0.06589123 0.06589123 0.06589123 0.02807955 0.04843758
 0.03766257 0.08593579 0.11202209 0.08877889 0.06589123 0.07044788
 0.06141178 0.06589123 0.06748507 0.01394882]
[0.07939337 0.06123866 0.06123866 0.06123866 0.04071065 0.05816616
 0.03813148 0.07326312 0.11904433 0.0912379  0.06123866 0.07010435
 0.05189601 0.06123866 0.05551232 0.01634706]
[0.06951852 0.06036229 0.06036229 0.06036229 0.03831143 0.04411325
 0.04130251 0.08980586 0.10278161 0.11453349 0.06036229 0.05910716
 0.04983742 0.06036229 0.0717487  0.01712859]
[0.07271321 0.06225635 0.06225635 0.06225635 0.04225224 0.06321738
 0.04132164 0.0702905  0.09231019 0.09644596 0.06225635 0.08644269
 0.05173807 0.06225635 0.04988223 0.02210412]
[0.09160969 0.05527086 0.05527086 0.05527086 0.02637284 0.05943801
 0.03378198 0.06014222 0.15480334 0.08580594 0.05527086 0.07865249
 0.05262492 0.05527086 0.06512595 0.0152883 ]
[0.07254899 0.05964103 0.05964103 0.05964103 0.03039799 0.05311636
 0.04977387 0.07112724 0.10876667 0.08610728 0.05964103 0.09236664
 0.0531684  0.05964103 0.06489857 0.01952285]
[0.08555223 0.06045866 0.06045866 0.06045866 0.03383221 0.05947374
 0.03423362 0.08099459 0.1159119  0.10318488 0.06045866 0.05415946
 0.04352514 0.06045866 0.06823229 0.01860661]
[0.0961674  0.06159543 0.06159543 0.06159543 0.04574881 0.051933
 0.04090794 0.07639483 0.08268556 0.0966208  0.06159543 0.07387169
 0.0538203  0.06159543 0.04764805 0.02622449]
[0.08745845 0.06119713 0.06119713 0.06119713 0.02702064 0.0535512
 0.03155363 0.07086186 0.11638796 0.11797497 0.06119713 0.05511674
 0.04395893 0.06119713 0.07485709 0.01527277]
[0.08555223 0.06045866 0.06045866 0.06045866 0.03383221 0.05947374
 0.03423362 0.08099459 0.1159119  0.10318488 0.06045866 0.05415946
 0.04352514 0.06045866 0.06823229 0.01860661]
[0.07767615 0.06067835 0.06067835 0.06067835 0.02758764 0.05245677
 0.03398898 0.07528757 0.14006749 0.10321413 0.06067835 0.06504476
 0.05486979 0.06067835 0.05520844 0.01120652]
[0.06909433 0.05818706 0.05818706 0.05818706 0.0278763  0.05178146
 0.04553945 0.08129039 0.13055855 0.09116913 0.05818706 0.07807574
 0.06720588 0.05818706 0.04959858 0.01687492]]