29665
Test: public void test11() throws Throwable { StringReader stringReader0 = new StringReader("$]ihm{>S+toz/`"); CharReadBuffer charReadBuffer0 = new CharReadBuffer(stringReader0, 10); int int0 = charReadBuffer0.read(); }
Code: public int read() { final int result = peek(); charsRemoved(1); return result; }
[[0.08071382 0.05246449 0.05935751 0.10053287 0.06385101 0.05246449
 0.06721564 0.05033435 0.11196423 0.11196423 0.08795308 0.1283458
 0.03283855]
[0.05282303 0.03958143 0.04907513 0.11089613 0.06984162 0.03958143
 0.06091266 0.04459965 0.13942027 0.13942027 0.084218   0.14480214
 0.02482826]
[0.07601543 0.03634792 0.05342595 0.10345633 0.06218691 0.03634792
 0.0736261  0.05158798 0.12674291 0.12674291 0.10524004 0.11874354
 0.02953614]
[0.07722996 0.03790715 0.06036637 0.11494901 0.07546353 0.03790715
 0.05733443 0.06387701 0.10528726 0.10528726 0.09008621 0.13230306
 0.04200158]
[0.07716396 0.03561124 0.06030164 0.11776893 0.05012177 0.03561124
 0.06675936 0.06000072 0.12733053 0.12733053 0.11186013 0.1062468
 0.02389324]
[0.05282303 0.03958143 0.04907513 0.11089613 0.06984162 0.03958143
 0.06091266 0.04459965 0.13942027 0.13942027 0.084218   0.14480214
 0.02482826]
[0.08308214 0.03575072 0.0615438  0.11041851 0.05889408 0.03575072
 0.07167742 0.04433659 0.13149758 0.13149758 0.08858669 0.11904761
 0.02791647]
[0.08060777 0.04930767 0.0612268  0.08754717 0.06777838 0.04930767
 0.04937489 0.06582721 0.1141133  0.1141133  0.08781439 0.13431719
 0.03866421]
[0.06638326 0.04401954 0.05540723 0.09412117 0.06077649 0.04401954
 0.0668861  0.06897897 0.11280735 0.11280735 0.08027743 0.16072905
 0.03278651]
[0.06638326 0.04401954 0.05540723 0.09412117 0.06077649 0.04401954
 0.0668861  0.06897897 0.11280735 0.11280735 0.08027743 0.16072905
 0.03278651]
[0.05940424 0.03817106 0.04941551 0.10133149 0.05262277 0.03817106
 0.08392021 0.05717378 0.1256561  0.1256561  0.0887864  0.15117013
 0.02852111]
[0.07292623 0.0393138  0.05269766 0.12364283 0.06614111 0.0393138
 0.06897855 0.05265671 0.11237031 0.11237031 0.09837745 0.1338076
 0.02740359]
[0.05983288 0.0460414  0.06289267 0.13706869 0.05278648 0.0460414
 0.04845324 0.05229041 0.11478587 0.11478587 0.12585005 0.10886975
 0.03030131]]