13808
Test: public void test16() throws Throwable { MockError mockError0 = new MockError(""); Class<Error> class0 = Error.class; boolean boolean0 = ExceptionUtils.hasCause(mockError0, class0); }
Code: public static boolean hasCause(Throwable chain, final Class<? extends Throwable> type) { if (chain instanceof UndeclaredThrowableException) { chain = chain.getCause(); } return type.isInstance(chain); }
[[0.03532968 0.09904978 0.09183023 0.04900784 0.04900784 0.02786286
 0.02974684 0.02253803 0.04900784 0.04275119 0.04335481 0.0948472
 0.04900784 0.01618145 0.04900784 0.04335481 0.021226   0.02199063
 0.04900784 0.01423173 0.03841815 0.04900785 0.01423173]
[0.03364571 0.08970043 0.10258503 0.04534049 0.04534049 0.02477066
 0.02430092 0.02177809 0.04534049 0.04820572 0.05971136 0.09140681
 0.04534049 0.01677674 0.04534049 0.05971136 0.02398568 0.0217821
 0.04534048 0.0161941  0.03186774 0.04534049 0.0161941 ]
[0.02426905 0.08456153 0.13741969 0.04739344 0.04739344 0.0217966
 0.02242099 0.02818001 0.04739344 0.04626114 0.05358833 0.08749752
 0.04739344 0.01260655 0.04739344 0.05358833 0.01875703 0.01884735
 0.04739344 0.01033947 0.03777296 0.04739345 0.01033947]
[0.02844105 0.09640047 0.10977453 0.04791124 0.04791124 0.0267177
 0.02864198 0.02823327 0.04791124 0.04369722 0.04264476 0.069347
 0.04791124 0.02364514 0.04791124 0.04264476 0.0305942  0.03004704
 0.04791124 0.01466857 0.03445505 0.04791125 0.01466857]
[0.02844105 0.09640047 0.10977453 0.04791124 0.04791124 0.0267177
 0.02864198 0.02823327 0.04791124 0.04369722 0.04264476 0.069347
 0.04791124 0.02364514 0.04791124 0.04264476 0.0305942  0.03004704
 0.04791124 0.01466857 0.03445505 0.04791125 0.01466857]
[0.03096912 0.09158656 0.09269565 0.04835581 0.04835581 0.02057211
 0.02820648 0.02399969 0.04835581 0.04538605 0.05154576 0.1035642
 0.04835581 0.01760734 0.04835581 0.05154576 0.01440035 0.02399699
 0.04835581 0.01021098 0.04501131 0.04835581 0.01021098]
[0.03489348 0.0961106  0.09507512 0.04744544 0.04744544 0.02510688
 0.02441998 0.0255859  0.04744544 0.0531255  0.04417486 0.10380953
 0.04744544 0.01822268 0.04744544 0.04417486 0.01922269 0.02334006
 0.04744544 0.01281122 0.03499729 0.04744545 0.01281122]
[0.03056044 0.07391927 0.11636909 0.04997593 0.04997593 0.02466649
 0.03227912 0.02230988 0.04997593 0.03922374 0.05192844 0.08159943
 0.04997593 0.01891953 0.04997593 0.05192844 0.02008246 0.01802552
 0.04997593 0.01496106 0.0384345  0.04997594 0.01496106]
[0.02844105 0.09640047 0.10977453 0.04791124 0.04791124 0.0267177
 0.02864198 0.02823327 0.04791124 0.04369722 0.04264476 0.069347
 0.04791124 0.02364514 0.04791124 0.04264476 0.0305942  0.03004704
 0.04791124 0.01466857 0.03445505 0.04791125 0.01466857]
[0.03171244 0.1087002  0.11260915 0.04266232 0.04266232 0.02689646
 0.03051299 0.02628593 0.04266232 0.05169835 0.04902314 0.09207362
 0.04266232 0.01795893 0.04266232 0.04902314 0.02320496 0.02100234
 0.04266232 0.01001194 0.04063825 0.04266233 0.01001194]
[0.0351801  0.08159085 0.07947406 0.04681098 0.04681098 0.03447782
 0.03595637 0.0294586  0.04681098 0.04739636 0.05494022 0.06080385
 0.04681098 0.02581915 0.04681098 0.05494022 0.02311087 0.02921421
 0.04681098 0.01963046 0.04069951 0.04681099 0.01963046]
[0.02039381 0.12200306 0.13138925 0.047596   0.047596   0.01527394
 0.01949577 0.02848848 0.047596   0.04761718 0.04188433 0.11461894
 0.047596   0.01351142 0.047596   0.04188433 0.01468269 0.01587424
 0.04759601 0.00645535 0.02679986 0.04759601 0.00645535]
[0.02844105 0.09640047 0.10977453 0.04791124 0.04791124 0.0267177
 0.02864198 0.02823327 0.04791124 0.04369722 0.04264476 0.069347
 0.04791124 0.02364514 0.04791124 0.04264476 0.0305942  0.03004704
 0.04791124 0.01466857 0.03445505 0.04791125 0.01466857]
[0.02838945 0.12656921 0.11522862 0.04479259 0.04479259 0.02438525
 0.02121777 0.02598797 0.04479259 0.04839152 0.04299817 0.08978302
 0.04479259 0.01601503 0.04479259 0.04299817 0.02250161 0.02133318
 0.04479259 0.01282553 0.03500181 0.0447926  0.01282553]
[0.02844105 0.09640047 0.10977453 0.04791124 0.04791124 0.0267177
 0.02864198 0.02823327 0.04791124 0.04369722 0.04264476 0.069347
 0.04791124 0.02364514 0.04791124 0.04264476 0.0305942  0.03004704
 0.04791124 0.01466857 0.03445505 0.04791125 0.01466857]
[0.0351801  0.08159085 0.07947406 0.04681098 0.04681098 0.03447782
 0.03595637 0.0294586  0.04681098 0.04739636 0.05494022 0.06080385
 0.04681098 0.02581915 0.04681098 0.05494022 0.02311087 0.02921421
 0.04681098 0.01963046 0.04069951 0.04681099 0.01963046]
[0.02908641 0.09540564 0.12996118 0.04178124 0.04178124 0.02490157
 0.02298307 0.02982693 0.04178124 0.04805194 0.05616932 0.08875901
 0.04178124 0.01721994 0.04178124 0.05616932 0.01960095 0.02131691
 0.04178124 0.01678855 0.034502   0.04178125 0.01678855]
[0.03630124 0.08684868 0.07658859 0.05137558 0.05137558 0.0305418
 0.02936706 0.02501593 0.05137558 0.04020705 0.03994849 0.08014689
 0.05137558 0.02084797 0.05137558 0.03994849 0.03009159 0.02979522
 0.05137559 0.01753809 0.03964576 0.05137559 0.01753809]
[0.02844105 0.09640047 0.10977453 0.04791124 0.04791124 0.0267177
 0.02864198 0.02823327 0.04791124 0.04369722 0.04264476 0.069347
 0.04791124 0.02364514 0.04791124 0.04264476 0.0305942  0.03004704
 0.04791124 0.01466857 0.03445505 0.04791125 0.01466857]
[0.02405954 0.09883945 0.08512361 0.0453763  0.0453763  0.02157481
 0.03031251 0.0277985  0.0453763  0.04491165 0.05962475 0.09236725
 0.0453763  0.01612831 0.0453763  0.05962475 0.02270108 0.02151624
 0.0453763  0.01293731 0.05190889 0.04537631 0.01293731]
[0.02317078 0.10284318 0.13055232 0.04760541 0.04760541 0.02090574
 0.02019675 0.02950004 0.04760541 0.04223507 0.04240462 0.09743184
 0.04760541 0.01637549 0.04760541 0.04240462 0.01859251 0.02247642
 0.04760541 0.01176785 0.03413714 0.04760542 0.01176785]
[0.02844105 0.09640047 0.10977452 0.04791124 0.04791124 0.0267177
 0.02864197 0.02823327 0.04791124 0.04369722 0.04264477 0.06934701
 0.04791124 0.02364514 0.04791124 0.04264477 0.03059419 0.03004704
 0.04791124 0.01466857 0.03445504 0.04791125 0.01466857]
[0.02405953 0.09883941 0.08512363 0.04537629 0.04537629 0.02157481
 0.0303125  0.0277985  0.04537629 0.04491165 0.05962475 0.09236722
 0.04537629 0.01612831 0.04537629 0.05962475 0.02270107 0.02151624
 0.04537629 0.01293731 0.05190889 0.0453763  0.01293731]]