29649
Test: public void test37() throws Throwable { // Undeclared exception!  GeometryIOUtils.createUnchecked((IOException) null);   }
Code: public static UncheckedIOException createUnchecked(final IOException exc) { final String msg = exc.getClass().getSimpleName() + ": " + exc.getMessage(); return new UncheckedIOException(msg, exc); }
[[0.03981948 0.1187723  0.0552398  0.0552398  0.02054739 0.07145713
 0.05294756 0.03194218 0.05114507 0.03371123 0.0250459  0.0552398
 0.0322608  0.01420618 0.06361339 0.0322608  0.0552398  0.04380472
 0.02009335 0.0552398  0.05523981 0.0169337 ]
[0.04058492 0.11066238 0.05438498 0.05438498 0.02445527 0.062821
 0.07492007 0.03025458 0.06002927 0.03896229 0.02629087 0.05438498
 0.03233023 0.01244887 0.05117437 0.03233023 0.05438498 0.03863852
 0.01765555 0.05438498 0.05438499 0.02013174]
[0.03221514 0.11344138 0.05353054 0.05353054 0.02226946 0.0486453
 0.0523863  0.03145775 0.05862966 0.03545768 0.03490348 0.05353054
 0.04430906 0.02118461 0.0581602  0.04430906 0.05353054 0.03913492
 0.02460374 0.05353054 0.05353054 0.01770907]
[0.03221514 0.11344138 0.05353054 0.05353054 0.02226946 0.0486453
 0.0523863  0.03145775 0.05862966 0.03545768 0.03490348 0.05353054
 0.04430906 0.02118461 0.0581602  0.04430906 0.05353054 0.03913492
 0.02460374 0.05353054 0.05353054 0.01770907]
[0.03286336 0.12255941 0.06264153 0.06264153 0.01813285 0.048622
 0.05681806 0.02821288 0.05756382 0.03101632 0.02565575 0.06264153
 0.02575716 0.01740832 0.05742755 0.02575716 0.06264152 0.04705224
 0.01708028 0.06264152 0.06264153 0.01222361]
[0.02732941 0.14926365 0.05786618 0.05786618 0.02055512 0.05704524
 0.05847641 0.02660386 0.06154815 0.02673528 0.01687827 0.05786618
 0.0238993  0.01350757 0.08233927 0.0238993  0.05786619 0.03670396
 0.01444997 0.05786619 0.0578662  0.01356812]
[0.03939199 0.09438602 0.05061374 0.05061374 0.02682776 0.05326129
 0.06555733 0.03876604 0.0559422  0.0419505  0.0328947  0.05061374
 0.04124975 0.0213841  0.05399477 0.04124975 0.05061375 0.04504432
 0.02165649 0.05061375 0.05061375 0.02276053]
[0.03760105 0.11171834 0.05760102 0.05760102 0.02370116 0.04834308
 0.06431349 0.02516185 0.05779246 0.04008851 0.029102   0.05760102
 0.03659483 0.01629665 0.04296142 0.03659483 0.05760103 0.05469766
 0.01677769 0.05760103 0.05760103 0.01264879]
[0.04020617 0.12190409 0.0565288  0.0565288  0.0232072  0.05706832
 0.06107469 0.03108781 0.04618434 0.0346572  0.02720003 0.0565288
 0.03471731 0.01930876 0.05603905 0.03471731 0.05652879 0.0408382
 0.01722345 0.05652879 0.0565288  0.01539331]
[0.04200386 0.09299605 0.05751298 0.05751298 0.02031872 0.05407709
 0.06264732 0.0334404  0.06503423 0.04229417 0.02868256 0.05751298
 0.02840402 0.02045863 0.05325967 0.02840402 0.05751297 0.05013771
 0.01737187 0.05751297 0.05751298 0.01539183]
[0.04124604 0.10036357 0.05835147 0.05835147 0.026279   0.04979626
 0.04618297 0.03472973 0.04896326 0.03282838 0.03408206 0.05835147
 0.0363825  0.02112842 0.05682467 0.0363825  0.05835148 0.04519656
 0.01938703 0.05835148 0.05835148 0.02011822]
[0.03221514 0.11344138 0.05353054 0.05353054 0.02226946 0.0486453
 0.0523863  0.03145775 0.05862966 0.03545768 0.03490348 0.05353054
 0.04430906 0.02118461 0.0581602  0.04430906 0.05353054 0.03913492
 0.02460374 0.05353054 0.05353054 0.01770907]
[0.03876797 0.11668075 0.05385819 0.05385819 0.02563951 0.05897238
 0.05283719 0.03507613 0.06250727 0.03901733 0.02801859 0.05385819
 0.03247435 0.01471872 0.05605908 0.03247435 0.0538582  0.04545038
 0.01984482 0.0538582  0.05385819 0.01831198]
[0.03171143 0.13202162 0.05805345 0.05805345 0.01828123 0.05229667
 0.06438651 0.02864825 0.06941357 0.02976232 0.02495746 0.05805345
 0.02919693 0.01467505 0.05935382 0.02919693 0.05805346 0.03855016
 0.01773079 0.05805346 0.05805346 0.01149652]
[0.03378876 0.11436748 0.05561902 0.05561902 0.02035116 0.05915374
 0.07636405 0.03246521 0.07827976 0.03327487 0.02238084 0.05561902
 0.02450363 0.01392756 0.05769981 0.02450363 0.05561902 0.04634085
 0.01694781 0.05561902 0.05561903 0.01193676]
[0.03876797 0.11668075 0.05385819 0.05385819 0.02563951 0.05897238
 0.05283719 0.03507613 0.06250727 0.03901733 0.02801859 0.05385819
 0.03247435 0.01471872 0.05605908 0.03247435 0.0538582  0.04545038
 0.01984482 0.0538582  0.05385819 0.01831198]
[0.03221514 0.11344138 0.05353054 0.05353054 0.02226946 0.0486453
 0.0523863  0.03145775 0.05862966 0.03545768 0.03490348 0.05353054
 0.04430906 0.02118461 0.0581602  0.04430906 0.05353054 0.03913492
 0.02460374 0.05353054 0.05353054 0.01770907]
[0.0275609  0.12415598 0.05605058 0.05605058 0.02064298 0.05254903
 0.05161491 0.02502191 0.06389691 0.03357629 0.02680671 0.05605058
 0.03789214 0.01529269 0.07558957 0.03789214 0.05605058 0.04040322
 0.01654099 0.05605058 0.05605059 0.01426008]
[0.03450409 0.10358474 0.05281753 0.05281753 0.02394298 0.04867574
 0.06272003 0.02771164 0.06202865 0.03793656 0.02758688 0.05281753
 0.03685271 0.0250358  0.06651337 0.03685271 0.05281754 0.04855012
 0.02240294 0.05281754 0.05281755 0.01819583]
[0.03221514 0.11344138 0.05353054 0.05353054 0.02226946 0.0486453
 0.0523863  0.03145775 0.05862966 0.03545768 0.03490348 0.05353054
 0.04430906 0.02118461 0.0581602  0.04430906 0.05353054 0.03913492
 0.02460374 0.05353054 0.05353054 0.01770907]
[0.03221514 0.11344138 0.05353054 0.05353054 0.02226946 0.04864531
 0.0523863  0.03145775 0.05862965 0.03545769 0.03490348 0.05353054
 0.04430906 0.02118462 0.05816019 0.04430906 0.05353054 0.03913493
 0.02460374 0.05353054 0.05353054 0.01770908]
[0.02805532 0.12365188 0.05166085 0.05166085 0.02339951 0.05546626
 0.07675497 0.02571707 0.05135322 0.04034091 0.02587471 0.05166085
 0.03099068 0.01828235 0.06449627 0.03099068 0.05166085 0.06261917
 0.01574899 0.05166085 0.05166086 0.01629294]]