151762
Test: public void test10() throws Throwable { MethodUtils methodUtils0 = new MethodUtils(); String string0 = "Log4J 1.2 not available"; Object[] objectArray0 = new Object[9]; Class<Short>[] classArray0 = null; MethodUtils.setCacheMethods(true); MethodUtils.clearCache(); objectArray0[1] = (Object) "Log4J 1.2 not available"; objectArray0[2] = (Object) methodUtils0; objectArray0[3] = (Object) methodUtils0; AccessibleObject[] accessibleObjectArray0 = new AccessibleObject[7]; // Undeclared exception!  AccessibleObject.setAccessible(accessibleObjectArray0, true);   }
Code: public static synchronized int clearCache() { final int size = cache.size(); cache.clear(); return size; }
[[0.05374507 0.13766354 0.10617271 0.03660805 0.07454579 0.05850502
 0.04140404 0.03660805 0.01193187 0.03297769 0.07454579 0.07454579
 0.0575235  0.18320282 0.02002031]
[0.05460034 0.12985201 0.10702669 0.02989371 0.07553634 0.07842932
 0.03780337 0.02989371 0.01454807 0.03524363 0.07553634 0.07553634
 0.05044949 0.1831862  0.02246452]
[0.04743006 0.16535266 0.11246507 0.02795272 0.07477441 0.04939178
 0.04052053 0.02795272 0.01348704 0.04064889 0.07477441 0.07477441
 0.06331423 0.16962686 0.01753421]
[0.03044881 0.16063371 0.12354826 0.02426136 0.08400652 0.0555063
 0.03817059 0.02426136 0.00924067 0.02576    0.08400653 0.08400653
 0.04752761 0.19525926 0.01336243]
[0.04332168 0.13915719 0.11574247 0.02908675 0.07431391 0.05757618
 0.03853694 0.02908675 0.0154511  0.04419652 0.07431391 0.07431391
 0.0522875  0.19224972 0.02036554]
[0.05329467 0.11551774 0.0884313  0.026844   0.07572678 0.07243954
 0.05180233 0.026844   0.01575869 0.04376847 0.07572678 0.07572678
 0.06306613 0.18739745 0.02765533]
[0.04684408 0.13630024 0.12784451 0.02173248 0.07792287 0.0705219
 0.0303239  0.02173248 0.01054048 0.03644379 0.07792287 0.07792287
 0.06788053 0.18170331 0.0143637 ]
[0.03044881 0.16063371 0.12354826 0.02426136 0.08400652 0.0555063
 0.03817059 0.02426136 0.00924067 0.02576    0.08400653 0.08400653
 0.04752761 0.19525926 0.01336243]
[0.0477391  0.1225075  0.1183788  0.03072077 0.07947065 0.07460002
 0.03634912 0.03072077 0.01385443 0.0402014  0.07947065 0.07947065
 0.06609782 0.1587731  0.02164519]
[0.05766993 0.12404111 0.08541641 0.03620359 0.08180201 0.05690796
 0.04829159 0.03620359 0.01665158 0.04544666 0.08180201 0.08180201
 0.06173937 0.15974107 0.02628113]
[0.04332168 0.13915719 0.11574247 0.02908675 0.07431391 0.05757618
 0.03853694 0.02908675 0.0154511  0.04419652 0.07431391 0.07431391
 0.0522875  0.19224972 0.02036554]
[0.04332168 0.13915719 0.11574247 0.02908675 0.07431391 0.05757618
 0.03853694 0.02908675 0.0154511  0.04419652 0.07431391 0.07431391
 0.0522875  0.19224972 0.02036554]
[0.03618601 0.14546186 0.14103824 0.02424452 0.07910893 0.05647437
 0.03136199 0.02424452 0.00753474 0.03450704 0.07910893 0.07910893
 0.0549853  0.19043368 0.0162009 ]
[0.04903794 0.12927833 0.10324187 0.02751054 0.07004941 0.07857921
 0.04293315 0.02751054 0.01241736 0.03477515 0.07004941 0.07004941
 0.05527408 0.20624393 0.02304968]
[0.03564788 0.12266062 0.11040893 0.02804194 0.07077669 0.06787075
 0.03038262 0.02804194 0.01184661 0.02965591 0.07077669 0.07077669
 0.07099307 0.23636995 0.01574978]]