15440
Test: public void test543() throws Throwable { String[] stringArray0 = new String[1]; stringArray0[0] = ""; Date date0 = DateUtils.parseDate("", stringArray0); }
Code: public static Date parseDate(final String str, final String... parsePatterns) throws ParseException { return parseDate(str, null, parsePatterns); }
[[0.03937159 0.10432588 0.01755383 0.0546113  0.05163134 0.13094479
 0.03059354 0.0546113  0.0546113  0.09887413 0.04293726 0.04484935
 0.04238538 0.0546113  0.10837469 0.0546113  0.01510169]
[0.04055344 0.09926069 0.01462708 0.05575255 0.06360546 0.1263076
 0.0285068  0.05575255 0.05575255 0.082706   0.04215701 0.06156122
 0.03769721 0.05575255 0.10688611 0.05575255 0.01736869]
[0.03524119 0.10842016 0.01856259 0.05507243 0.06143771 0.08376742
 0.02771997 0.05507243 0.05507243 0.10651138 0.04771272 0.06202599
 0.05122367 0.05507243 0.1092997  0.05507243 0.01271531]
[0.03321966 0.1097201  0.0176683  0.05646132 0.0631141  0.11334474
 0.03039769 0.05646132 0.05646132 0.10673912 0.04422569 0.04704492
 0.04017115 0.05646132 0.09565569 0.05646132 0.01639225]
[0.03997945 0.10946987 0.01341168 0.05827014 0.04755125 0.10530607
 0.02923106 0.05827014 0.05827014 0.10897624 0.04321949 0.05136035
 0.03950962 0.05827014 0.107109   0.05827014 0.01352529]
[0.03201391 0.09113973 0.01517592 0.0566448  0.07172109 0.12537952
 0.02569241 0.0566448  0.0566448  0.12455204 0.03641383 0.05518452
 0.04346385 0.0566448  0.08399784 0.0566448  0.0120414 ]
[0.03638931 0.10700696 0.01709777 0.05812187 0.05836429 0.09314646
 0.0239563  0.05812187 0.05812187 0.09855352 0.04262677 0.05853741
 0.05283358 0.05812187 0.10917491 0.05812187 0.0117033 ]
[0.03321966 0.1097201  0.0176683  0.05646132 0.0631141  0.11334474
 0.03039769 0.05646132 0.05646132 0.10673912 0.04422569 0.04704492
 0.04017115 0.05646132 0.09565569 0.05646132 0.01639225]
[0.03321966 0.1097201  0.0176683  0.05646132 0.0631141  0.11334474
 0.03039769 0.05646132 0.05646132 0.10673912 0.04422569 0.04704492
 0.04017115 0.05646132 0.09565569 0.05646132 0.01639225]
[0.02739075 0.09301737 0.01265685 0.05088008 0.05714437 0.13685583
 0.02179382 0.05088008 0.05088008 0.14144151 0.03722847 0.05832203
 0.04333259 0.05088008 0.10452082 0.05088008 0.01189523]
[0.03048172 0.10457879 0.01221928 0.04933935 0.07631372 0.13912858
 0.02203889 0.04933935 0.04933935 0.1336753  0.03960307 0.0427757
 0.04082102 0.04933935 0.1004885  0.04933935 0.01117868]
[0.04130399 0.09486351 0.02102001 0.05551309 0.06214913 0.106337
 0.04043018 0.05551309 0.05551309 0.07370451 0.04849669 0.06326259
 0.04794639 0.05551309 0.10011255 0.05551309 0.02280796]
[0.0263897  0.11239809 0.01318674 0.05570673 0.06593948 0.12339211
 0.02340808 0.05570673 0.05570673 0.107438   0.03313341 0.04525011
 0.03940214 0.05570673 0.11880597 0.05570673 0.0127226 ]
[0.03321966 0.1097201  0.0176683  0.05646132 0.0631141  0.11334474
 0.03039769 0.05646132 0.05646132 0.10673912 0.04422569 0.04704492
 0.04017115 0.05646132 0.09565569 0.05646132 0.01639225]
[0.02998878 0.09134114 0.01210762 0.06067667 0.05147236 0.11676934
 0.02540903 0.06067667 0.06067667 0.09180909 0.04672618 0.0558989
 0.03763339 0.06067667 0.12439618 0.06067667 0.0130646 ]
[0.03321966 0.1097201  0.0176683  0.05646132 0.0631141  0.11334474
 0.03039769 0.05646132 0.05646132 0.10673912 0.04422569 0.04704492
 0.04017115 0.05646132 0.09565569 0.05646132 0.01639225]
[0.02774163 0.10687026 0.01200621 0.05337821 0.05087676 0.11752341
 0.02440417 0.05337821 0.05337821 0.11748803 0.04255909 0.06264239
 0.05808763 0.05337821 0.09901198 0.05337821 0.01389733]]