24964
Test: public void test84() throws Throwable { Vector3D.Unit vector3D_Unit0 = Vector3D.Unit.MINUS_Z; Precision.DoubleEquivalence precision_DoubleEquivalence0 = mock(Precision.DoubleEquivalence.class, new ViolatedAssumptionAnswer()); GreatCircle greatCircle0 = new GreatCircle(vector3D_Unit0, vector3D_Unit0, vector3D_Unit0, precision_DoubleEquivalence0); GreatCircle greatCircle1 = greatCircle0.reverse(); boolean boolean0 = greatCircle0.similarOrientation(greatCircle1); }
Code: public boolean similarOrientation(final Hyperplane<Point2S> other) { final GreatCircle otherCircle = (GreatCircle) other; return pole.dot(otherCircle.pole) > 0.0; }
[[0.04566163 0.10886332 0.06334931 0.06334931 0.07910027 0.0659046
 0.03731284 0.06334931 0.06334931 0.02905174 0.06334931 0.03976284
 0.05087241 0.06334931 0.07537327 0.06744774 0.02055342]
[0.03299227 0.1594019  0.06215363 0.06215363 0.06749332 0.09013132
 0.03293337 0.06215363 0.06215363 0.02594213 0.06215363 0.0340885
 0.05678856 0.06215363 0.05508913 0.05568364 0.01653411]
[0.03613    0.12780151 0.05908978 0.05908978 0.08571281 0.0639819
 0.03681081 0.05908978 0.05908978 0.04025845 0.05908978 0.05129721
 0.0440287  0.05908978 0.07929242 0.05888512 0.02126244]
[0.03613    0.12780151 0.05908978 0.05908978 0.08571281 0.0639819
 0.03681081 0.05908978 0.05908978 0.04025845 0.05908978 0.05129721
 0.0440287  0.05908978 0.07929242 0.05888512 0.02126244]
[0.03784252 0.14830689 0.05657784 0.05657784 0.08503928 0.0783289
 0.03435605 0.05657784 0.05657784 0.02469124 0.05657784 0.04203466
 0.0500592  0.05657784 0.07936102 0.06374202 0.01677118]
[0.0474801  0.09625767 0.05909763 0.05909763 0.07668761 0.08329649
 0.04689553 0.05909763 0.05909763 0.03984246 0.05909763 0.04548801
 0.05373384 0.05909763 0.06464732 0.06282532 0.02825983]
[0.04267905 0.11067244 0.06127715 0.06127715 0.0840608  0.07939118
 0.02924118 0.06127715 0.06127715 0.03290705 0.06127715 0.04115906
 0.06225954 0.06127715 0.07497431 0.0597071  0.01528537]
[0.03613    0.12780151 0.05908978 0.05908978 0.08571281 0.0639819
 0.03681081 0.05908978 0.05908978 0.04025845 0.05908978 0.05129721
 0.0440287  0.05908978 0.07929242 0.05888512 0.02126244]
[0.03613    0.12780151 0.05908978 0.05908978 0.08571281 0.0639819
 0.03681081 0.05908978 0.05908978 0.04025845 0.05908978 0.05129721
 0.0440287  0.05908978 0.07929242 0.05888512 0.02126244]
[0.04814328 0.0950447  0.06800652 0.06800652 0.07315581 0.05755695
 0.04066462 0.06800652 0.06800652 0.04083248 0.06800652 0.03706541
 0.0534471  0.06800652 0.06433811 0.05734964 0.02436276]
[0.03613    0.12780151 0.05908978 0.05908978 0.08571281 0.0639819
 0.03681081 0.05908978 0.05908978 0.04025845 0.05908978 0.05129721
 0.0440287  0.05908978 0.07929242 0.05888512 0.02126244]
[0.03297026 0.1113738  0.06390518 0.06390518 0.08030367 0.08356442
 0.03121036 0.06390518 0.06390518 0.02889122 0.06390518 0.03497513
 0.04645244 0.06390518 0.08922189 0.06176824 0.01583751]
[0.03144657 0.15096597 0.06072076 0.06072076 0.08051725 0.06550737
 0.02942273 0.06072076 0.06072076 0.03098952 0.06072076 0.04368683
 0.04496421 0.06072076 0.06785309 0.07257412 0.01774781]
[0.03613    0.12780151 0.05908978 0.05908978 0.08571281 0.0639819
 0.03681081 0.05908978 0.05908978 0.04025845 0.05908978 0.05129721
 0.0440287  0.05908978 0.07929242 0.05888512 0.02126244]
[0.04660456 0.12207075 0.06138838 0.06138838 0.07207327 0.06847967
 0.04383486 0.06138838 0.06138838 0.02537536 0.06138838 0.03993526
 0.05369271 0.06138838 0.08642773 0.05765566 0.01551991]
[0.03946293 0.13047177 0.05507541 0.05507541 0.08096084 0.09265763
 0.02881989 0.05507541 0.05507541 0.0304231  0.05507541 0.03666771
 0.05353395 0.05507541 0.08364963 0.07180765 0.02109236]
[0.03281156 0.10453017 0.05857553 0.05857553 0.08474529 0.10041375
 0.03090052 0.05857553 0.05857553 0.03141767 0.05857553 0.03671673
 0.07631256 0.05857553 0.06956393 0.06030166 0.02083301]]