164590
Test: public void test2() throws Throwable { ZigguratNormalizedGaussianSampler zigguratNormalizedGaussianSampler0 = ZigguratNormalizedGaussianSampler.of((UniformRandomProvider) null); // Undeclared exception!  zigguratNormalizedGaussianSampler0.toString();   }
Code: public String toString() { return "Ziggurat normalized Gaussian deviate [" + rng.toString() + "]"; }
[[0.05810224 0.07405668 0.07391974 0.08129494 0.06441586 0.08060654
 0.08060654 0.08060654 0.08060654 0.06054885 0.04716526 0.08060654
 0.04716526 0.06470661 0.02559192]
[0.0591361  0.06667811 0.07490839 0.09703188 0.06090989 0.08156031
 0.08156031 0.08156031 0.08156031 0.05684806 0.05116072 0.08156031
 0.05116072 0.05035466 0.02400989]
[0.0454162  0.10622707 0.06883217 0.08942657 0.06885979 0.07990932
 0.07990932 0.07990932 0.07990932 0.04258336 0.04548764 0.07990932
 0.04548765 0.06503348 0.02309943]
[0.05904684 0.08190622 0.05680848 0.10132411 0.06711999 0.07450449
 0.07450449 0.07450449 0.0745045  0.04329778 0.06199447 0.0745045
 0.06199447 0.05927808 0.03470711]
[0.04238215 0.0915199  0.0575248  0.08527949 0.06111679 0.08330616
 0.08330616 0.08330616 0.08330616 0.0487225  0.05863464 0.08330616
 0.05863463 0.05640639 0.0232479 ]
[0.04783732 0.08534241 0.07098798 0.08230316 0.05823185 0.07867295
 0.07867295 0.07867295 0.07867296 0.04899999 0.0664444  0.07867296
 0.06644438 0.05253757 0.02750612]
[0.04783732 0.08534241 0.07098798 0.08230316 0.05823185 0.07867295
 0.07867295 0.07867295 0.07867296 0.04899999 0.0664444  0.07867296
 0.06644438 0.05253757 0.02750612]
[0.04783732 0.08534241 0.07098798 0.08230316 0.05823185 0.07867295
 0.07867295 0.07867295 0.07867296 0.04899999 0.0664444  0.07867296
 0.06644438 0.05253757 0.02750612]
[0.04783732 0.08534241 0.07098798 0.08230316 0.05823185 0.07867295
 0.07867295 0.07867295 0.07867296 0.04899999 0.0664444  0.07867296
 0.06644438 0.05253757 0.02750612]
[0.05058139 0.09635121 0.06241816 0.10655098 0.07708629 0.07400067
 0.07400067 0.07400067 0.07400067 0.03862382 0.05676267 0.07400067
 0.05676268 0.05913382 0.02572564]
[0.0579895  0.08892853 0.06556839 0.08543376 0.06933382 0.07808746
 0.07808746 0.07808746 0.07808746 0.05023453 0.04992496 0.07808746
 0.04992496 0.06311269 0.02911157]
[0.04783732 0.08534241 0.07098798 0.08230316 0.05823185 0.07867295
 0.07867295 0.07867295 0.07867296 0.04899999 0.0664444  0.07867296
 0.06644438 0.05253757 0.02750612]
[0.0579895  0.08892852 0.0655684  0.08543378 0.06933383 0.07808746
 0.07808746 0.07808746 0.07808746 0.05023453 0.04992497 0.07808746
 0.04992496 0.06311269 0.02911157]
[0.05048753 0.09214707 0.07253492 0.09771401 0.07178771 0.07817649
 0.07817649 0.07817649 0.07817649 0.04844395 0.04868755 0.07817649
 0.04868755 0.05968613 0.01894117]
[0.04151274 0.07592969 0.07710551 0.12121703 0.0948658  0.07511757
 0.07511757 0.07511757 0.07511757 0.04857893 0.04627108 0.07511757
 0.04627108 0.04727537 0.02538488]]