15784
Test: public void test1105() throws Throwable { MockGregorianCalendar mockGregorianCalendar0 = new MockGregorianCalendar(0, 0, 0, 0, 0); Date date0 = DateUtils.ceiling((Object) mockGregorianCalendar0, 0); long long0 = DateUtils.getFragmentInDays(date0, 1); }
Code: public static long getFragmentInDays(final Date date, final int fragment) { return getFragment(date, fragment, TimeUnit.DAYS); }
[[0.0512833  0.1494809  0.08587084 0.07114115 0.02436255 0.11580893
 0.04087515 0.03287419 0.07114115 0.06619635 0.05616953 0.07114115
 0.07114116 0.07114116 0.02137243]
[0.05273777 0.14448838 0.06639819 0.07058432 0.02129443 0.12103932
 0.03941908 0.02694559 0.07058431 0.09816417 0.05026403 0.07058431
 0.07058433 0.07058433 0.02632732]
[0.03552715 0.18260613 0.07277555 0.06597963 0.01674761 0.14806266
 0.03342408 0.02123758 0.06597962 0.08667658 0.05252329 0.06597962
 0.06597964 0.06597964 0.02052118]
[0.0431575  0.15378131 0.0740699  0.07139878 0.02503762 0.12811244
 0.04265118 0.02761558 0.07139878 0.07191727 0.05247354 0.07139878
 0.07139879 0.07139879 0.02418973]
[0.04507499 0.15187179 0.06248819 0.06632689 0.02537974 0.13932891
 0.03713572 0.03074084 0.06632689 0.09143626 0.06746864 0.06632689
 0.0663269  0.0663269  0.01744038]
[0.03384452 0.18026835 0.07559263 0.06605838 0.01530319 0.12737924
 0.03699266 0.02129328 0.06605838 0.09826592 0.06731172 0.06605838
 0.06605838 0.06605838 0.01345661]
[0.04904939 0.14624584 0.07239181 0.07404175 0.02372723 0.11024379
 0.03300498 0.02137782 0.07404175 0.08560402 0.07139817 0.07404175
 0.07404175 0.07404175 0.01674816]
[0.03061359 0.19149676 0.06580639 0.07858293 0.0171627  0.10440284
 0.04174906 0.02205875 0.07858294 0.0693986  0.04942893 0.07858294
 0.07858296 0.07858296 0.01496765]
[0.0431575  0.15378131 0.0740699  0.07139878 0.02503762 0.12811244
 0.04265118 0.02761558 0.07139878 0.07191727 0.05247354 0.07139878
 0.07139879 0.07139879 0.02418973]
[0.05445006 0.12983009 0.08559983 0.07034013 0.02840849 0.08716244
 0.05355113 0.02585767 0.07034013 0.08976847 0.06237402 0.07034013
 0.07034014 0.07034014 0.03129713]
[0.03446405 0.16081327 0.09400996 0.06834137 0.01856426 0.16163808
 0.03176137 0.02038131 0.06834137 0.06812102 0.04990896 0.06834137
 0.06834139 0.06834139 0.01863081]
[0.0431575  0.15378131 0.0740699  0.07139878 0.02503762 0.12811244
 0.04265118 0.02761558 0.07139878 0.07191727 0.05247354 0.07139878
 0.07139879 0.07139879 0.02418973]
[0.04315751 0.15378132 0.0740699  0.07139879 0.02503762 0.12811242
 0.04265118 0.02761559 0.07139879 0.07191727 0.05247355 0.07139879
 0.07139879 0.07139879 0.02418974]
[0.04315751 0.15378132 0.0740699  0.07139879 0.02503762 0.12811242
 0.04265118 0.02761559 0.07139879 0.07191727 0.05247355 0.07139879
 0.07139879 0.07139879 0.02418974]
[0.03605019 0.15815547 0.05854945 0.06649182 0.01725541 0.1383672
 0.03299679 0.02705808 0.06649182 0.09799656 0.08028119 0.06649182
 0.06649183 0.06649183 0.02083051]]