168480
Test: public void test1() throws Throwable { ProxyFactory proxyFactory0 = new ProxyFactory(); Class<Integer> class0 = Integer.class; InvocationHandler invocationHandler0 = mock(InvocationHandler.class, new ViolatedAssumptionAnswer()); // Undeclared exception!  proxyFactory0.newProxyInstance(class0, invocationHandler0);   }
Code: public <T> T newProxyInstance(Class<T> type, InvocationHandler handler) { return type.cast(Proxy.newProxyInstance(handler.getClass().getClassLoader(), new Class<?>[] {type}, handler)); }
[[0.05646084 0.13582171 0.0375753  0.07831847 0.05658463 0.07831847
 0.07831847 0.0675801  0.06118588 0.07831847 0.02900835 0.06350172
 0.07831848 0.07831848 0.0223707 ]
[0.05255722 0.14819008 0.02353311 0.07979164 0.04906131 0.07979164
 0.07979164 0.08733449 0.05819867 0.07979164 0.02501433 0.05725604
 0.07979166 0.07979166 0.02010483]
[0.04929362 0.13510554 0.0284603  0.08194586 0.0587131  0.08194586
 0.08194586 0.06824236 0.05664139 0.08194586 0.03004319 0.06145349
 0.08194587 0.08194587 0.02037188]
[0.04582153 0.13414277 0.02956202 0.07777182 0.07678343 0.07777182
 0.07777182 0.06548893 0.05542583 0.07777182 0.03420856 0.06916529
 0.07777183 0.07777183 0.02277076]
[0.04219047 0.17366649 0.02888542 0.07188182 0.06365017 0.07188182
 0.07188182 0.08610252 0.06367411 0.07188182 0.02504184 0.07222364
 0.07188182 0.07188182 0.01327442]
[0.04582153 0.13414277 0.02956202 0.07777182 0.07678343 0.07777182
 0.07777182 0.06548893 0.05542583 0.07777182 0.03420856 0.06916529
 0.07777183 0.07777183 0.02277076]
[0.04582153 0.13414277 0.02956202 0.07777182 0.07678343 0.07777182
 0.07777182 0.06548893 0.05542583 0.07777182 0.03420856 0.06916529
 0.07777183 0.07777183 0.02277076]
[0.05615226 0.1214615  0.03004943 0.07387857 0.06406838 0.07387857
 0.07387857 0.08957142 0.0647164  0.07387858 0.03143279 0.0675806
 0.07387859 0.07387859 0.03169572]
[0.03932946 0.1604238  0.0227178  0.08367863 0.0508817  0.08367863
 0.08367863 0.06609297 0.05895311 0.08367863 0.02399878 0.05686993
 0.08367864 0.08367864 0.01866063]
[0.04582153 0.13414277 0.02956202 0.07777182 0.07678343 0.07777182
 0.07777182 0.06548893 0.05542583 0.07777182 0.03420856 0.06916529
 0.07777183 0.07777183 0.02277076]
[0.05021632 0.10945473 0.02761772 0.08034095 0.05142585 0.08034095
 0.08034095 0.08301459 0.07042769 0.08034096 0.03355468 0.0675741
 0.08034097 0.08034097 0.02466853]
[0.05139119 0.13916504 0.02390258 0.07820027 0.06179239 0.07820027
 0.07820027 0.08228211 0.05780071 0.07820025 0.02703467 0.06962718
 0.07820026 0.07820026 0.01780256]
[0.04582153 0.13414277 0.02956202 0.07777181 0.07678343 0.07777181
 0.07777181 0.06548893 0.05542582 0.07777181 0.03420855 0.06916529
 0.07777182 0.07777182 0.02277076]
[0.04582153 0.13414277 0.02956202 0.07777181 0.07678343 0.07777181
 0.07777181 0.06548893 0.05542582 0.07777181 0.03420855 0.06916529
 0.07777182 0.07777182 0.02277076]
[0.038279   0.1795285  0.02627146 0.07386336 0.05087928 0.07386336
 0.07386336 0.08522372 0.07980106 0.07386336 0.02138389 0.05647936
 0.07386336 0.07386337 0.01897357]]