142143
Test: public void test3() throws Throwable { CompositeCacheManager compositeCacheManager0 = CompositeCacheManager.getInstance(""); RemoteHttpCacheServerAttributes remoteHttpCacheServerAttributes0 = new RemoteHttpCacheServerAttributes(); RemoteHttpCacheService<Callable<Object>, Callable<Object>> remoteHttpCacheService0 = new RemoteHttpCacheService<Callable<Object>, Callable<Object>>(compositeCacheManager0, remoteHttpCacheServerAttributes0, (ICacheEventLogger) null); Callable<Object> callable0 = (Callable<Object>) mock(Callable.class, new ViolatedAssumptionAnswer()); CacheElement<Callable<Object>, Callable<Object>> cacheElement0 = new CacheElement<Callable<Object>, Callable<Object>>("", callable0, callable0); remoteHttpCacheService0.update((ICacheElement<Callable<Object>, Callable<Object>>) cacheElement0); }
Code: public void update( final ICacheElement<K, V> item ) throws IOException { update( item, 0 ); }
[[0.04658594 0.03849073 0.06463298 0.03824927 0.06463298 0.06463298
 0.09175002 0.08694022 0.10562349 0.02574978 0.06861226 0.06463298
 0.12261639 0.03692986 0.05865008 0.02127001]
[0.0358566  0.03342752 0.06650059 0.03341972 0.06650059 0.06650059
 0.10577102 0.0971954  0.12390959 0.02236716 0.07226176 0.06650059
 0.10294225 0.02879713 0.05646001 0.02158948]
[0.03826015 0.03523612 0.06328341 0.03783281 0.06328341 0.06328341
 0.11432162 0.09309498 0.12437666 0.0269163  0.06382994 0.06328341
 0.09247352 0.0403395  0.05872021 0.02146449]
[0.04262694 0.03232713 0.06276861 0.02894541 0.06276861 0.06276861
 0.11126272 0.0916954  0.10741591 0.02785245 0.07685401 0.06276861
 0.13882068 0.03092254 0.0452901  0.0149123 ]
[0.03826015 0.03523612 0.06328341 0.03783281 0.06328341 0.06328341
 0.11432162 0.09309498 0.12437666 0.0269163  0.06382994 0.06328341
 0.09247352 0.0403395  0.05872021 0.02146449]
[0.03826015 0.03523612 0.06328341 0.03783281 0.06328341 0.06328341
 0.11432162 0.09309498 0.12437666 0.0269163  0.06382994 0.06328341
 0.09247352 0.0403395  0.05872021 0.02146449]
[0.03273521 0.02398787 0.06661204 0.03368578 0.06661204 0.06661204
 0.08769576 0.10438867 0.11876471 0.03242344 0.07649308 0.06661204
 0.11988214 0.03038688 0.0569793  0.01612904]
[0.04667912 0.04655302 0.06455547 0.04481692 0.06455547 0.06455547
 0.10454361 0.07566867 0.0965348  0.02890358 0.09419378 0.06455547
 0.0909688  0.04252417 0.04654841 0.02384331]
[0.03333352 0.0336096  0.05431785 0.02812249 0.05431785 0.05431785
 0.11078384 0.06634588 0.15307844 0.02305232 0.08979373 0.05431785
 0.13621694 0.03156238 0.05987141 0.01695806]
[0.03764072 0.0302033  0.07114729 0.03416812 0.07114729 0.07114729
 0.07967713 0.07835435 0.14328516 0.02293137 0.07434748 0.07114729
 0.10285401 0.03929045 0.0574061  0.01525267]
[0.04860894 0.04249422 0.06328726 0.04776255 0.06328726 0.06328726
 0.10821752 0.08110027 0.08572803 0.03279499 0.07903347 0.06328726
 0.08523621 0.05478197 0.05336639 0.02772639]
[0.03826015 0.03523612 0.06328341 0.03783281 0.06328341 0.06328341
 0.11432162 0.09309498 0.12437666 0.0269163  0.06382994 0.06328341
 0.09247352 0.0403395  0.05872021 0.02146449]
[0.04152454 0.03206694 0.05481651 0.03441859 0.05481651 0.05481651
 0.11018892 0.0788669  0.11576292 0.02904072 0.07276399 0.05481651
 0.1522284  0.02981802 0.06286021 0.02119384]
[0.03833035 0.0337546  0.05648454 0.03641395 0.05648454 0.05648454
 0.10721187 0.07535674 0.15279338 0.02115787 0.07489619 0.05648454
 0.12277993 0.03638057 0.05976205 0.01522437]
[0.03477978 0.0306013  0.0615633  0.03895031 0.0615633  0.0615633
 0.09552363 0.09419539 0.11976097 0.0293378  0.09682696 0.0615633
 0.1163393  0.03117398 0.05046477 0.01579268]
[0.03411427 0.03238536 0.06249787 0.03141397 0.06249787 0.06249787
 0.09445386 0.09738281 0.14310534 0.02881217 0.09517883 0.06249787
 0.09329432 0.03686778 0.04287965 0.02012016]]