13916
Test: public void test41() throws Throwable { Class<Field> class0 = Field.class; // Undeclared exception!  FieldUtils.writeStaticField((Class<?>) class0, "java.awt.headless", (Object) "%)y`WZ=r~", true);   }
Code: public static void writeStaticField(final Field field, final Object value) throws IllegalAccessException { writeStaticField(field, value, false); }
[[0.04743803 0.12749581 0.03735005 0.06580102 0.09178655 0.05134875
 0.03699704 0.03644317 0.06102685 0.11837995 0.06580102 0.05506567
 0.06580102 0.04744183 0.07340258 0.01842055]
[0.05085353 0.12339729 0.03075194 0.07004687 0.09372783 0.0399119
 0.03558346 0.03371491 0.05135704 0.10357189 0.07004687 0.07593415
 0.07004687 0.04667805 0.08285818 0.02151926]
[0.03834365 0.11938487 0.03111623 0.07787286 0.10566258 0.04055102
 0.03102046 0.02728603 0.06107641 0.14018822 0.07787286 0.05604034
 0.07787286 0.03003265 0.06818057 0.01749843]
[0.0395966  0.12825443 0.03233751 0.06773917 0.09253411 0.03819811
 0.03552214 0.02942454 0.06872527 0.12686604 0.06773917 0.05364674
 0.06773917 0.04531762 0.08747129 0.01888805]
[0.04203886 0.11532415 0.0328114  0.07239585 0.08752026 0.04028639
 0.03522675 0.02594308 0.06098396 0.140646   0.07239585 0.05729563
 0.07239585 0.03849869 0.08805088 0.01818643]
[0.04235206 0.12633303 0.03825179 0.07150082 0.09917337 0.04909512
 0.03709413 0.03161817 0.05264304 0.11174881 0.07150082 0.06062304
 0.07150082 0.04170493 0.07558921 0.01927083]
[0.04497395 0.13140616 0.0324284  0.07364096 0.09580219 0.04997081
 0.02930773 0.0336872  0.04291204 0.12453394 0.07364096 0.06953095
 0.07364096 0.03326365 0.07720491 0.01405524]
[0.04471753 0.1249128  0.02973437 0.06135911 0.11000091 0.03661788
 0.03150303 0.03202432 0.04993578 0.1597541  0.06135911 0.0789011
 0.06135911 0.03594723 0.06649242 0.01538125]
[0.04340287 0.13488282 0.0288803  0.06696428 0.08854835 0.04034369
 0.03316322 0.02799442 0.05564519 0.14046243 0.06696428 0.0640664
 0.06696428 0.04529337 0.07988993 0.01653418]
[0.03263305 0.11019564 0.03007406 0.0609843  0.1137268  0.03433002
 0.02588781 0.02999035 0.07186039 0.16942996 0.0609843  0.06857741
 0.0609843  0.04327452 0.07301483 0.01405224]
[0.0395966  0.12825443 0.03233751 0.06773917 0.09253411 0.03819811
 0.03552214 0.02942454 0.06872527 0.12686604 0.06773917 0.05364674
 0.06773917 0.04531762 0.08747129 0.01888805]
[0.04976683 0.1105842  0.0426623  0.06909912 0.08634241 0.04049257
 0.04851706 0.0296347  0.05789501 0.08990088 0.06909912 0.07126527
 0.06909912 0.0595817  0.07953598 0.02652371]
[0.0395966  0.12825443 0.03233751 0.06773917 0.09253411 0.03819811
 0.03552214 0.02942454 0.06872527 0.12686604 0.06773917 0.05364674
 0.06773917 0.04531762 0.08747129 0.01888805]
[0.0336066  0.14333308 0.02301419 0.0636955  0.10348291 0.03980467
 0.03064528 0.0306928  0.05566947 0.15289712 0.0636955  0.07202391
 0.0636955  0.03491459 0.07549697 0.013332  ]
[0.04800294 0.10242987 0.0380379  0.07456952 0.09041885 0.04049204
 0.03235738 0.02678555 0.05691776 0.12511198 0.07456952 0.0679923
 0.07456952 0.04340537 0.0861258  0.01821373]
[0.03477507 0.12993567 0.03083644 0.06751198 0.11116876 0.03630238
 0.03032312 0.03380056 0.04305356 0.14753735 0.06751198 0.07505575
 0.06751198 0.03476632 0.07306755 0.01684153]]