16037
Test: public void test45() throws Throwable { SimpleTimeZone simpleTimeZone0 = new SimpleTimeZone((-1431), "Z"); FastDatePrinter fastDatePrinter0 = new FastDatePrinter("Z", simpleTimeZone0, (Locale) null); Calendar calendar0 = MockCalendar.getInstance(); StringBuffer stringBuffer0 = new StringBuffer(""); StringBuffer stringBuffer1 = fastDatePrinter0.applyRules(calendar0, stringBuffer0); }
Code: protected StringBuffer applyRules(final Calendar calendar, final StringBuffer buf) { return (StringBuffer) applyRules(calendar, (Appendable) buf); }
[[0.0788466  0.03348041 0.07166851 0.09272618 0.10454121 0.04371737
 0.03348041 0.10472236 0.10467259 0.06251483 0.07166851 0.04226279
 0.07166852 0.06348708 0.02054257]
[0.07633624 0.0419284  0.0798239  0.07622883 0.11690026 0.04953595
 0.0419284  0.09978133 0.0757662  0.05585229 0.0798239  0.04315218
 0.07982391 0.06077866 0.02233954]
[0.07921962 0.03702998 0.06660537 0.09796402 0.11415444 0.04438406
 0.03702998 0.10850117 0.08065067 0.0507784  0.06660537 0.04302238
 0.06660539 0.08110642 0.02634272]
[0.07301321 0.03464638 0.06761069 0.09365289 0.10009468 0.04237283
 0.03464638 0.11790775 0.10011984 0.06000747 0.06761069 0.04530571
 0.0676107  0.07308936 0.02231139]
[0.08844924 0.03792043 0.06396346 0.0769625  0.1370675  0.03320108
 0.03792043 0.11772257 0.09703337 0.05266584 0.06396345 0.03505249
 0.06396346 0.07535043 0.01876376]
[0.05826936 0.03943825 0.07334615 0.08594532 0.10972857 0.0356315
 0.03943825 0.10770838 0.09782745 0.07556066 0.07334615 0.04256973
 0.07334615 0.06908138 0.01876264]
[0.07633624 0.0419284  0.0798239  0.07622883 0.11690026 0.04953595
 0.0419284  0.09978133 0.0757662  0.05585229 0.0798239  0.04315218
 0.07982391 0.06077866 0.02233954]
[0.0721567  0.04100442 0.06661405 0.07139932 0.10343217 0.04063297
 0.04100442 0.13069475 0.1058329  0.05987985 0.06661405 0.04171965
 0.06661406 0.0733989  0.01900176]
[0.09301976 0.05006141 0.06567445 0.07213481 0.10270558 0.05353488
 0.05006141 0.07304688 0.09844354 0.06070555 0.06567445 0.04975266
 0.06567445 0.06663908 0.0328711 ]
[0.08137175 0.03085053 0.06899875 0.08084665 0.1345359  0.03651449
 0.03085053 0.11550398 0.08719653 0.05268305 0.06899875 0.03806911
 0.06899877 0.08135516 0.02322611]
[0.07921962 0.03702998 0.06660537 0.09796402 0.11415444 0.04438406
 0.03702998 0.10850117 0.08065067 0.0507784  0.06660537 0.04302238
 0.06660539 0.08110642 0.02634272]
[0.08329247 0.03239095 0.06215667 0.08030648 0.14085075 0.04031423
 0.03239095 0.09757225 0.10241883 0.07283035 0.06215665 0.04875702
 0.06215667 0.06407085 0.01833481]
[0.07921962 0.03702998 0.06660537 0.097964   0.11415444 0.04438405
 0.03702998 0.10850118 0.08065069 0.0507784  0.06660537 0.04302238
 0.06660537 0.08110642 0.02634272]
[0.06127947 0.036528   0.06151785 0.09005987 0.12123434 0.04287752
 0.036528   0.12300348 0.10328666 0.06049369 0.06151785 0.04178099
 0.06151787 0.07885233 0.01952203]
[0.06989816 0.04519443 0.06351001 0.07695731 0.11085597 0.03395192
 0.04519443 0.09599318 0.11231889 0.08410886 0.06351001 0.03792048
 0.06351002 0.0738809  0.02319543]]