10350
Test: public void test134() throws Throwable { HijrahEra hijrahEra0 = HijrahEra.AH; int int0 = ObjectUtils.compare(hijrahEra0, hijrahEra0); }
Code: public static <T extends Comparable<? super T>> int compare(final T c1, final T c2) { return compare(c1, c2, false); }
[[0.04475129 0.12243587 0.04706687 0.02770315 0.06207544 0.05836116
 0.06207544 0.02959563 0.06207544 0.02981387 0.04016231 0.03506472
 0.02981387 0.06207544 0.0531836  0.04844934 0.06207544 0.0348248
 0.07074848 0.01764785]
[0.04653753 0.11871502 0.03231589 0.02809632 0.0633805  0.04975218
 0.0633805  0.02466632 0.0633805  0.02561595 0.03942511 0.03344582
 0.02561595 0.0633805  0.07629585 0.04364699 0.0633805  0.0355165
 0.08235324 0.02109883]
[0.03082049 0.13528788 0.04603696 0.03176775 0.06885549 0.07736562
 0.06885549 0.01833589 0.06885549 0.01792098 0.02981083 0.03139805
 0.01792098 0.06885549 0.05256307 0.04370041 0.06885548 0.03744387
 0.07333229 0.01201751]
[0.04117024 0.09688333 0.03493773 0.02876128 0.0676066  0.05818328
 0.0676066  0.01947905 0.0676066  0.02635728 0.05043643 0.03251228
 0.02635728 0.0676066  0.06639736 0.05076855 0.06760659 0.03548276
 0.07487345 0.01936672]
[0.03655565 0.12109574 0.03552845 0.03449058 0.06206919 0.07091036
 0.06206919 0.0242141  0.06206919 0.02357785 0.05137753 0.03355076
 0.02357785 0.06206919 0.05211262 0.04421429 0.06206919 0.03550988
 0.08480801 0.0181304 ]
[0.0433808  0.13448694 0.03779662 0.03641193 0.06315531 0.06200852
 0.06315531 0.02505809 0.06315531 0.02131628 0.03847744 0.04161144
 0.02131628 0.06315531 0.05523849 0.04549042 0.06315531 0.03809926
 0.06594864 0.01758225]
[0.03655565 0.12109574 0.03552845 0.03449058 0.06206919 0.07091036
 0.06206919 0.0242141  0.06206919 0.02357785 0.05137753 0.03355076
 0.02357785 0.06206919 0.05211262 0.04421429 0.06206919 0.03550988
 0.08480801 0.0181304 ]
[0.02682397 0.15365718 0.04023156 0.02880366 0.07162533 0.04836192
 0.07162533 0.02042796 0.07162533 0.01908461 0.03011112 0.034992
 0.01908461 0.07162533 0.05440271 0.04253541 0.07162534 0.03934426
 0.07161997 0.01239245]
[0.03655565 0.12109574 0.03552845 0.03449058 0.06206919 0.07091036
 0.06206919 0.0242141  0.06206919 0.02357785 0.05137753 0.03355076
 0.02357785 0.06206919 0.05211262 0.04421429 0.06206919 0.03550988
 0.08480801 0.0181304 ]
[0.04011303 0.1047924  0.04868276 0.03060389 0.06627051 0.07259966
 0.06627051 0.02443146 0.06627051 0.02315604 0.04063263 0.03687783
 0.02315604 0.06627051 0.05755848 0.04624639 0.06627051 0.03181202
 0.07110544 0.01687939]
[0.05146377 0.10089744 0.04193683 0.02875555 0.06294848 0.05552107
 0.06294848 0.02968667 0.06294848 0.02314777 0.04372536 0.03779904
 0.02314777 0.06294848 0.0618844  0.05764397 0.06294847 0.04471355
 0.06475716 0.02017725]
[0.04109751 0.12084101 0.0439731  0.03070345 0.06566527 0.06227994
 0.06566527 0.018574   0.06566527 0.02320157 0.03557853 0.02705197
 0.02320157 0.06566527 0.0660748  0.0596684  0.06566527 0.03344372
 0.07277188 0.01321222]
[0.04011303 0.1047924  0.04868276 0.03060389 0.06627051 0.07259966
 0.06627051 0.02443146 0.06627051 0.02315604 0.04063263 0.03687783
 0.02315604 0.06627051 0.05755848 0.04624639 0.06627051 0.03181202
 0.07110544 0.01687939]
[0.03655565 0.12109574 0.03552845 0.03449058 0.06206919 0.07091036
 0.06206919 0.0242141  0.06206919 0.02357785 0.05137753 0.03355076
 0.02357785 0.06206919 0.05211262 0.04421429 0.06206919 0.03550988
 0.08480801 0.0181304 ]
[0.04394978 0.10145491 0.03974859 0.03652434 0.05876267 0.06602857
 0.05876267 0.02131461 0.05876267 0.02366836 0.04806436 0.04304728
 0.02366836 0.05876267 0.06800196 0.05092789 0.05876267 0.04085784
 0.07452818 0.02440159]
[0.031203   0.13137825 0.0567518  0.03628748 0.06634532 0.08642487
 0.06634532 0.02018246 0.06634532 0.01801811 0.03315475 0.02754841
 0.01801811 0.06634532 0.05252491 0.04675674 0.06634532 0.02854725
 0.06665263 0.01482462]
[0.03655565 0.12109574 0.03552845 0.03449058 0.06206919 0.07091036
 0.06206919 0.0242141  0.06206919 0.02357785 0.05137753 0.03355076
 0.02357785 0.06206919 0.05211262 0.04421429 0.06206919 0.03550988
 0.08480801 0.0181304 ]
[0.05008207 0.12406546 0.04733874 0.03326027 0.0636638  0.0628847
 0.0636638  0.02375953 0.0636638  0.01936308 0.03991146 0.03079338
 0.01936308 0.0636638  0.05348064 0.05582338 0.0636638  0.03369183
 0.07108341 0.01677997]
[0.04500085 0.09862636 0.04088253 0.0317062  0.06953331 0.05649313
 0.06953331 0.02391345 0.06953331 0.02018638 0.03262722 0.03098855
 0.02018638 0.06953331 0.06702279 0.04869787 0.06953331 0.03352981
 0.08470268 0.01776923]
[0.03180253 0.12534148 0.04569842 0.03483461 0.06077052 0.05748919
 0.06077052 0.02441046 0.06077052 0.02202194 0.03746448 0.02816477
 0.02202194 0.06077052 0.07424561 0.06729409 0.06077051 0.03799304
 0.07102682 0.01633804]]