75855
Test: public void test2() throws Throwable { Class<InputStream> class0 = InputStream.class; JavaClass javaClass0 = Repository.lookupClass(class0); }
Code: public static JavaClass lookupClass( final String class_name ) throws ClassNotFoundException { return repository.loadClass(class_name); }
[[0.05094359 0.14218697 0.07066645 0.07066645 0.04012869 0.06622389
 0.07066645 0.08431796 0.12492264 0.07066646 0.06215045 0.05535192
 0.07066647 0.02044157]
[0.05177033 0.1347255  0.07017556 0.07017556 0.03761218 0.07863411
 0.07017556 0.07886077 0.10662907 0.07017555 0.08800352 0.04876915
 0.07017557 0.02411752]
[0.04116607 0.13910593 0.06942157 0.06942157 0.03855194 0.07706246
 0.06942157 0.09198524 0.13272291 0.06942157 0.06131561 0.04986003
 0.06942159 0.02112191]
[0.04116607 0.13910593 0.06942157 0.06942157 0.03855194 0.07706246
 0.06942157 0.09198524 0.13272291 0.06942157 0.06131561 0.04986003
 0.06942159 0.02112191]
[0.04515239 0.13342902 0.07072094 0.07072094 0.02995736 0.07098813
 0.07072094 0.09142735 0.12017541 0.07072094 0.07481141 0.06561628
 0.07072095 0.01483784]
[0.04994626 0.1436914  0.07158126 0.07158126 0.0375104  0.05844551
 0.07158126 0.07992937 0.13492253 0.07158125 0.06969292 0.05000731
 0.07158127 0.01794809]
[0.04116607 0.13910593 0.06942157 0.06942157 0.03855194 0.07706246
 0.06942157 0.09198524 0.13272291 0.06942157 0.06131561 0.04986003
 0.06942159 0.02112191]
[0.04952377 0.11410147 0.06939572 0.06939572 0.04741243 0.07896668
 0.06939572 0.07922341 0.10315172 0.06939572 0.09778477 0.05792893
 0.06939573 0.02492826]
[0.03653724 0.12959678 0.06463212 0.06463212 0.02975304 0.07159534
 0.06463212 0.0667595  0.18055701 0.06463213 0.08581378 0.05930195
 0.06463215 0.01692469]
[0.04116607 0.13910593 0.06942157 0.06942157 0.03855194 0.07706246
 0.06942157 0.09198524 0.13272291 0.06942157 0.06131561 0.04986003
 0.06942159 0.02112191]
[0.05232223 0.12148483 0.06953868 0.06953868 0.05128504 0.07760869
 0.06953868 0.08499503 0.09297826 0.06953869 0.0818942  0.06050711
 0.06953871 0.02923116]
[0.0343621  0.15092978 0.07109716 0.07109716 0.03086838 0.08250117
 0.07109716 0.08009009 0.13587357 0.07109716 0.06186513 0.05080029
 0.07109717 0.01722373]
[0.04116607 0.13910593 0.06942157 0.06942157 0.03855194 0.07706244
 0.06942157 0.09198523 0.13272293 0.06942157 0.06131563 0.04986004
 0.06942158 0.02112191]
[0.03433183 0.13920233 0.06502361 0.06502361 0.03066393 0.0629188
 0.06502361 0.08750658 0.14494637 0.06502361 0.08350068 0.07361452
 0.06502362 0.0181969 ]]