11508
Test: public void test8() throws Throwable { LockingVisitors.ReadWriteLockVisitor<String> lockingVisitors_ReadWriteLockVisitor0 = LockingVisitors.reentrantReadWriteLockVisitor("org.apache.commns.lang3.concurrent.locks.ockigVsitors"); }
Code: public static <O> ReadWriteLockVisitor<O> reentrantReadWriteLockVisitor(final O object) { return new LockingVisitors.ReadWriteLockVisitor<>(object, new ReentrantReadWriteLock()); }
[[0.06052569 0.15693063 0.08395171 0.08395171 0.08395171 0.05066314
 0.09450072 0.06697296 0.06491502 0.03147469 0.08395171 0.03147469
 0.08395173 0.0227839 ]
[0.06150753 0.15313861 0.08423744 0.08423744 0.08423744 0.04426973
 0.0868931  0.09641395 0.05738403 0.026117   0.08423743 0.026117
 0.08423746 0.02697189]
[0.0495114  0.16299598 0.08424409 0.08424409 0.08424409 0.04950154
 0.08928928 0.0696042  0.05985854 0.03686227 0.08424409 0.03686227
 0.08424411 0.02429403]
[0.0495114  0.16299598 0.08424409 0.08424409 0.08424409 0.04950154
 0.08928928 0.0696042  0.05985854 0.03686227 0.08424409 0.03686227
 0.08424411 0.02429403]
[0.0495114  0.16299598 0.08424409 0.08424409 0.08424409 0.04950154
 0.08928928 0.0696042  0.05985854 0.03686227 0.08424409 0.03686227
 0.08424411 0.02429403]
[0.06020752 0.12358338 0.08788313 0.08788313 0.08788313 0.03963369
 0.11241122 0.07281889 0.06642409 0.03079202 0.08788311 0.03079202
 0.08788312 0.02392151]
[0.04326906 0.14198059 0.09137243 0.09137243 0.09137243 0.05503863
 0.09624168 0.07326545 0.06554177 0.02397667 0.09137245 0.02397667
 0.09137244 0.0198473 ]
[0.05966511 0.13443094 0.08173995 0.08173995 0.08173995 0.04741149
 0.09098738 0.08791144 0.06971423 0.03445165 0.08173995 0.03445165
 0.08173996 0.03227632]
[0.04230952 0.17478123 0.09101702 0.09101702 0.09101702 0.03783859
 0.08569048 0.06905833 0.06377059 0.02592384 0.09101702 0.02592384
 0.09101704 0.01961845]
[0.05205899 0.15054892 0.08439725 0.08439725 0.08439725 0.03794063
 0.08593149 0.08342202 0.07293831 0.03508922 0.08439725 0.03508922
 0.08439726 0.02499494]
[0.0495114  0.16299598 0.08424409 0.08424409 0.08424409 0.04950154
 0.08928928 0.0696042  0.05985854 0.03686227 0.08424409 0.03686227
 0.08424411 0.02429403]
[0.05205899 0.15054892 0.08439725 0.08439725 0.08439725 0.03794063
 0.08593149 0.08342202 0.07293831 0.03508922 0.08439725 0.03508922
 0.08439726 0.02499494]
[0.04951141 0.162996   0.0842441  0.0842441  0.0842441  0.04950152
 0.08928928 0.0696042  0.05985855 0.03686227 0.0842441  0.03686227
 0.08424411 0.02429403]
[0.04110285 0.15403989 0.07972798 0.07972798 0.07972798 0.04925055
 0.11699374 0.08910972 0.08499395 0.02294854 0.07972798 0.02294854
 0.079728   0.0199723 ]]