167911
Test: public void test4() throws Throwable { boolean boolean0 = Os.isFamily("netware"); }
Code: public static boolean isFamily(final String family) { return isOs(family, null, null, null); }
[[0.0455695  0.12140613 0.12206291 0.06320862 0.05970599 0.06320862
 0.05228566 0.04910418 0.06320862 0.12615362 0.12615362 0.09037122
 0.01756129]
[0.04522612 0.11368103 0.14420025 0.06180485 0.06997918 0.06180485
 0.072161   0.04228105 0.06180485 0.12420079 0.12420079 0.05856092
 0.02009428]
[0.03018943 0.0951982  0.18542176 0.06015652 0.06719005 0.06015652
 0.05753306 0.04411491 0.06015651 0.13882269 0.13882269 0.05068488
 0.01155274]
[0.03797409 0.12925455 0.14595084 0.06387623 0.07074504 0.06387623
 0.05745948 0.04601764 0.06387623 0.11462019 0.11462019 0.07200442
 0.01972483]
[0.04384858 0.1234563  0.15829381 0.0633145  0.05168323 0.0633145
 0.05903669 0.04365044 0.0633145  0.12213818 0.12213818 0.07046243
 0.01534861]
[0.03797409 0.12925455 0.14595084 0.06387623 0.07074504 0.06387623
 0.05745948 0.04601764 0.06387623 0.11462019 0.11462019 0.07200442
 0.01972483]
[0.04934948 0.11316882 0.11354493 0.06642925 0.07440209 0.06642925
 0.07535459 0.05731588 0.06642926 0.11940826 0.11940826 0.05155375
 0.02720612]
[0.02823406 0.12259512 0.16485037 0.0588638  0.06882917 0.0588638
 0.04991955 0.04189733 0.05886381 0.12983221 0.12983221 0.0734703
 0.01394828]
[0.03797409 0.12925455 0.14595084 0.06387623 0.07074504 0.06387623
 0.05745948 0.04601764 0.06387623 0.11462019 0.11462019 0.07200442
 0.01972483]
[0.03182539 0.09970468 0.16732258 0.06423888 0.05453499 0.06423888
 0.06164699 0.0404175  0.06423889 0.13634303 0.13634303 0.0648822
 0.01426292]
[0.03182539 0.09970468 0.16732258 0.06423888 0.05453499 0.06423888
 0.06164699 0.0404175  0.06423889 0.13634303 0.13634303 0.0648822
 0.01426292]
[0.02833373 0.11659811 0.16067158 0.05861678 0.04966699 0.05861678
 0.05360194 0.05052055 0.05861678 0.14938398 0.14938398 0.05602726
 0.00996156]
[0.03394013 0.1278062  0.12613626 0.06574344 0.06226316 0.06574344
 0.07410605 0.07033435 0.06574344 0.1179119  0.1179119  0.05578025
 0.01657951]]