32054
Test: public void test3() throws Throwable { FastMethodInvoker fastMethodInvoker0 = new FastMethodInvoker((FastMethod) null); Object[] objectArray0 = new Object[1]; // Undeclared exception!  fastMethodInvoker0.invoke((Object) null, objectArray0);   }
Code: public <T> T invoke(Object obj, Object... args) { try { return (T) fastMethod.invoke(obj, args); } catch (Exception e) { throw ExceptionUtil.uncheckedAndWrap(e); } }
[[0.0333805  0.08720056 0.02190106 0.0463067  0.04504605 0.0463067
 0.05728001 0.04376332 0.06142247 0.04376332 0.03664444 0.03614902
 0.0463067  0.04686035 0.01405927 0.03525116 0.0605396  0.08591232
 0.04376332 0.0337179  0.04630671 0.01405927 0.01405927]
[0.03132986 0.09198178 0.01391033 0.04673457 0.0312079  0.04673457
 0.09248663 0.05480979 0.04164942 0.05480979 0.03464088 0.03515279
 0.04673457 0.03296155 0.01249411 0.03092888 0.08286338 0.06909609
 0.05480979 0.02294049 0.04673458 0.01249411 0.01249411]
[0.02998346 0.09047659 0.0173016  0.04876545 0.03514814 0.04876545
 0.09378424 0.04679601 0.04970981 0.04679601 0.03485487 0.03572097
 0.04876545 0.03347908 0.0131786  0.03339583 0.06034396 0.07659449
 0.046796   0.03422138 0.04876545 0.0131786  0.0131786 ]
[0.02798279 0.08736007 0.01818675 0.0469784  0.04766272 0.0469784
 0.0871445  0.04284706 0.0497566  0.04284706 0.03392336 0.03881889
 0.0469784  0.04026043 0.01467056 0.03087503 0.06767724 0.07685626
 0.04284706 0.03302898 0.0469784  0.01467056 0.01467056]
[0.02587474 0.08949317 0.0162983  0.04495855 0.04543865 0.04495855
 0.08084992 0.05427219 0.04625642 0.05427219 0.03548322 0.03033953
 0.04495855 0.03540266 0.01709534 0.031224   0.07438051 0.06547625
 0.05427219 0.0295459  0.04495855 0.01709534 0.01709534]
[0.02798279 0.08736007 0.01818675 0.0469784  0.04766272 0.0469784
 0.0871445  0.04284706 0.0497566  0.04284706 0.03392336 0.03881889
 0.0469784  0.04026043 0.01467056 0.03087503 0.06767724 0.07685626
 0.04284706 0.03302898 0.0469784  0.01467056 0.01467056]
[0.02604559 0.09439195 0.01269881 0.0514473  0.0475908  0.0514473
 0.09576496 0.04730085 0.05488513 0.04730085 0.03778356 0.0277579
 0.0514473  0.03502648 0.00890265 0.03072451 0.06493442 0.07176393
 0.04730086 0.0262322  0.05144731 0.00890266 0.00890266]
[0.03523052 0.0742121  0.0190074  0.04732288 0.0365601  0.04732288
 0.06030719 0.05402166 0.03868113 0.05402166 0.04088817 0.04586276
 0.04732288 0.03946876 0.01946606 0.03729851 0.06697906 0.06367251
 0.05402167 0.03207704 0.04732288 0.01946606 0.01946606]
[0.02760097 0.08605476 0.01532893 0.04503184 0.05004113 0.04503184
 0.08870659 0.04370173 0.05253439 0.04370173 0.04048953 0.03316279
 0.04503184 0.03243598 0.01171898 0.02899928 0.07654016 0.0871734
 0.04370174 0.03454266 0.04503184 0.01171898 0.01171898]
[0.03523052 0.0742121  0.0190074  0.04732288 0.0365601  0.04732288
 0.06030719 0.05402166 0.03868113 0.05402166 0.04088817 0.04586276
 0.04732288 0.03946876 0.01946606 0.03729851 0.06697906 0.06367251
 0.05402167 0.03207704 0.04732288 0.01946606 0.01946606]
[0.02349315 0.10472623 0.01330694 0.04796257 0.03262163 0.04796257
 0.10302973 0.04361921 0.04597911 0.04361921 0.03450489 0.03153179
 0.04796257 0.03874463 0.01207105 0.02982755 0.08211562 0.07404071
 0.04361921 0.02715693 0.04796258 0.01207105 0.01207105]
[0.03538265 0.09925255 0.01815472 0.0397999  0.04863665 0.0397999
 0.06247285 0.05096875 0.05926828 0.05096875 0.03604408 0.03448083
 0.0397999  0.04746753 0.01475547 0.03270406 0.06606973 0.07078049
 0.05096875 0.0329133  0.0397999  0.01475547 0.01475547]
[0.02798279 0.08736007 0.01818675 0.0469784  0.04766272 0.0469784
 0.0871445  0.04284706 0.0497566  0.04284706 0.03392336 0.03881889
 0.0469784  0.04026043 0.01467056 0.03087503 0.06767724 0.07685626
 0.04284706 0.03302898 0.0469784  0.01467056 0.01467056]
[0.03043446 0.08686395 0.01555186 0.04700192 0.04181511 0.04700192
 0.0929697  0.04742802 0.04962782 0.04742802 0.03461133 0.03000727
 0.04700192 0.03743416 0.01183243 0.03109358 0.07389724 0.08137612
 0.04742802 0.02852829 0.04700193 0.01183243 0.01183243]
[0.02306212 0.11232089 0.01594036 0.04415777 0.04736099 0.04415777
 0.07919703 0.05332611 0.05306297 0.05332611 0.04865073 0.0367696
 0.04415777 0.03701852 0.01176191 0.02152352 0.06277964 0.06019481
 0.05332612 0.03022368 0.04415778 0.01176191 0.01176191]
[0.02444047 0.09522677 0.01526167 0.04447915 0.04198539 0.04447915
 0.08275533 0.05468339 0.05254991 0.05468339 0.0356793  0.03296517
 0.04447915 0.0344341  0.01183394 0.02899926 0.0728351  0.07745585
 0.05468338 0.02794305 0.04447916 0.01183394 0.01183394]
[0.02785286 0.08483135 0.01998654 0.04587218 0.04035021 0.04587218
 0.07488391 0.05264745 0.05536713 0.05264745 0.03615031 0.03755143
 0.04587218 0.04026531 0.01301016 0.0279813  0.07703992 0.06617349
 0.05264743 0.03110471 0.04587219 0.01301015 0.01301015]
[0.02975737 0.08647206 0.01721868 0.04499613 0.04048817 0.04499613
 0.07702446 0.04694657 0.05687616 0.04694657 0.03871248 0.02862805
 0.04499613 0.03750473 0.01794992 0.03025321 0.07557552 0.07497071
 0.04694656 0.03184441 0.04499613 0.01794992 0.01794992]
[0.03523052 0.0742121  0.0190074  0.04732288 0.0365601  0.04732288
 0.06030719 0.05402166 0.03868113 0.05402166 0.04088817 0.04586276
 0.04732288 0.03946876 0.01946606 0.03729851 0.06697906 0.06367251
 0.05402167 0.03207704 0.04732288 0.01946606 0.01946606]
[0.02497694 0.10489083 0.0133018  0.04180287 0.04347273 0.04180287
 0.08567826 0.05825982 0.04943042 0.05825982 0.04211246 0.03622404
 0.04180287 0.03353919 0.01008038 0.02426242 0.07956231 0.06084452
 0.05825983 0.029472   0.04180287 0.01008038 0.01008038]
[0.02798279 0.08736007 0.01818675 0.04697839 0.04766272 0.04697839
 0.08714449 0.04284706 0.04975659 0.04284706 0.03392335 0.03881889
 0.04697839 0.04026043 0.01467056 0.03087503 0.06767723 0.07685626
 0.04284706 0.03302898 0.04697839 0.01467055 0.01467055]
[0.02306211 0.11232094 0.01594036 0.04415777 0.04736098 0.04415777
 0.07919703 0.0533261  0.05306297 0.0533261  0.04865073 0.03676961
 0.04415777 0.03701852 0.01176191 0.02152352 0.06277963 0.0601948
 0.0533261  0.03022368 0.04415777 0.01176191 0.01176191]
[0.02306211 0.11232094 0.01594036 0.04415777 0.04736098 0.04415777
 0.07919703 0.0533261  0.05306297 0.0533261  0.04865073 0.03676961
 0.04415777 0.03701852 0.01176191 0.02152352 0.06277963 0.0601948
 0.0533261  0.03022368 0.04415777 0.01176191 0.01176191]]