32912
Test: public void test51() throws Throwable { Object[] objectArray0 = new Object[8]; ASTERNode aSTERNode0 = new ASTERNode(0); String string0 = JexlException.methodError((JexlNode) aSTERNode0, "", objectArray0); }
Code: public static String methodError(final JexlNode node, final String method) { return methodError(node, method, null); }
[[0.04778185 0.14679554 0.06102611 0.06628799 0.06628799 0.10891339
 0.03865187 0.06102611 0.06628799 0.06598051 0.05286601 0.06628799
 0.04592849 0.0850234  0.02085485]
[0.04753917 0.13600597 0.06827229 0.06290886 0.06290886 0.12746069
 0.03641114 0.06827229 0.06290885 0.09525856 0.0457732  0.06290885
 0.04208865 0.05615189 0.02513073]
[0.04849937 0.15243563 0.05496438 0.06724408 0.06724408 0.13109274
 0.03827125 0.05496438 0.06724408 0.07796922 0.04976542 0.06724408
 0.03396577 0.06971022 0.01938526]
[0.0403707  0.14675154 0.07179208 0.06628425 0.06628425 0.11196041
 0.04071258 0.07179208 0.06628425 0.07006031 0.04915873 0.06628425
 0.03788394 0.0710061  0.02337454]
[0.0403707  0.14675154 0.07179208 0.06628425 0.06628425 0.11196041
 0.04071258 0.07179208 0.06628425 0.07006031 0.04915873 0.06628425
 0.03788394 0.0710061  0.02337454]
[0.02858864 0.17243923 0.06483705 0.05380215 0.05380215 0.17064387
 0.02976603 0.06483705 0.05380216 0.08480154 0.04729061 0.05380216
 0.03909421 0.06423068 0.01826248]
[0.04684243 0.14049672 0.06910272 0.06893217 0.06893217 0.10230345
 0.03181517 0.06910272 0.06893218 0.08452257 0.06826148 0.06893218
 0.02716586 0.0682613  0.01639692]
[0.04849937 0.15243563 0.05496438 0.06724408 0.06724408 0.13109274
 0.03827125 0.05496438 0.06724408 0.07796922 0.04976542 0.06724408
 0.03396577 0.06971022 0.01938526]
[0.0403707  0.14675154 0.07179208 0.06628425 0.06628425 0.11196041
 0.04071258 0.07179208 0.06628425 0.07006031 0.04915873 0.06628425
 0.03788394 0.0710061  0.02337454]
[0.0505383  0.12482009 0.06860077 0.06271713 0.06271713 0.11840349
 0.04993273 0.06860077 0.06271713 0.08908089 0.05714006 0.06271713
 0.04387232 0.04798096 0.03016099]
[0.0331821  0.15840025 0.07038015 0.06467722 0.06467722 0.13395265
 0.03088306 0.07038015 0.06467722 0.0678838  0.04765838 0.06467722
 0.03557198 0.07454801 0.01845065]
[0.0403707  0.14675154 0.07179208 0.06628425 0.06628425 0.11196041
 0.04071258 0.07179208 0.06628425 0.07006031 0.04915873 0.06628425
 0.03788394 0.0710061  0.02337454]
[0.03262809 0.19125354 0.07387625 0.05806965 0.05806965 0.1129294
 0.04022678 0.07387625 0.05806965 0.0755276  0.05285495 0.05806965
 0.0317182  0.06494656 0.01788373]
[0.03591065 0.1612766  0.05562676 0.06996647 0.06996647 0.12285565
 0.03269598 0.05562676 0.06996647 0.08246647 0.06527802 0.06996647
 0.03329604 0.0614806  0.01362067]
[0.03388625 0.15235195 0.06200728 0.06195069 0.06195069 0.12411322
 0.03126183 0.06200728 0.06195069 0.09529021 0.07638033 0.06195069
 0.04175798 0.05303035 0.02011052]]