151362
Test: public void test15() throws Throwable { ResultSetMetaData resultSetMetaData0 = mock(ResultSetMetaData.class, new ViolatedAssumptionAnswer()); doReturn((-2745)).when(resultSetMetaData0).getColumnCount(); ResultSet resultSet0 = mock(ResultSet.class, new ViolatedAssumptionAnswer()); doReturn(resultSetMetaData0).when(resultSet0).getMetaData(); ResultSetDynaClass resultSetDynaClass0 = new ResultSetDynaClass(resultSet0, true, true); ResultSetIterator resultSetIterator0 = new ResultSetIterator(resultSetDynaClass0); String string0 = null; // Undeclared exception!  resultSetIterator0.contains(string0, string0);   }
Code: public boolean contains(final String name, final String key) { throw new UnsupportedOperationException ("FIXME - mapped properties not currently supported"); }
[[0.03693474 0.09376045 0.05123647 0.04765695 0.12466019 0.02942577
 0.04765695 0.04191171 0.04757732 0.03735997 0.01874364 0.03738737
 0.05123647 0.119292   0.05123647 0.01295975 0.03311958 0.05123647
 0.05123647 0.01537121]
[0.02491187 0.13220209 0.0479137  0.05015903 0.14624871 0.02344097
 0.05015903 0.03865055 0.06059179 0.02443284 0.01091754 0.02638551
 0.0479137  0.13373518 0.0479137  0.00787819 0.01930402 0.0479137
 0.0479137  0.01141412]
[0.02970114 0.11071331 0.04943629 0.05422941 0.10524029 0.02886832
 0.05422941 0.04856714 0.04783843 0.03510402 0.02264363 0.04055212
 0.04943629 0.11889295 0.04943629 0.01550456 0.02452993 0.04943629
 0.04943629 0.0162039 ]
[0.03570769 0.11993917 0.05033499 0.04112042 0.11816557 0.02750265
 0.04112042 0.0477262  0.05364573 0.03387858 0.01529607 0.03863371
 0.05033499 0.12147223 0.05033499 0.01280122 0.02775761 0.05033499
 0.05033499 0.0135578 ]
[0.0351453  0.12213466 0.05682224 0.04244326 0.09083387 0.02854975
 0.04244326 0.04491121 0.05717117 0.03269867 0.01937259 0.04238203
 0.05682224 0.08906227 0.05682224 0.0167152  0.03364486 0.05682225
 0.05682225 0.01838072]
[0.03336389 0.09163134 0.04950923 0.0496406  0.09834852 0.02259224
 0.0496406  0.03269144 0.05956035 0.03567402 0.01465891 0.04972162
 0.04950923 0.1581071  0.04950923 0.01061386 0.03462372 0.04950922
 0.04950922 0.01158567]
[0.03570769 0.11993917 0.05033499 0.04112042 0.11816557 0.02750265
 0.04112042 0.0477262  0.05364573 0.03387858 0.01529607 0.03863371
 0.05033499 0.12147223 0.05033499 0.01280122 0.02775761 0.05033499
 0.05033499 0.0135578 ]
[0.03181999 0.08757866 0.05369225 0.05434449 0.08349234 0.03196838
 0.05434449 0.05147001 0.07042904 0.03838602 0.02062473 0.04193462
 0.05369225 0.10921428 0.05369225 0.01585894 0.02255896 0.05369224
 0.05369224 0.01751383]
[0.03910221 0.08352499 0.05024647 0.05553791 0.07857656 0.03848042
 0.05553791 0.04224395 0.06506375 0.03583727 0.02149882 0.04561715
 0.05024647 0.11069209 0.05024647 0.01767805 0.03678562 0.05024648
 0.05024648 0.02259091]
[0.02707921 0.09856644 0.04457007 0.05738191 0.15390259 0.02415765
 0.05738191 0.03960293 0.0681285  0.03219069 0.01472765 0.03613362
 0.04457007 0.12370166 0.04457007 0.00946932 0.023374   0.04457007
 0.04457007 0.01135164]
[0.03193972 0.10979991 0.04804622 0.05571144 0.08885866 0.02577991
 0.05571144 0.0400831  0.06007278 0.03513908 0.02050646 0.03948118
 0.04804622 0.14183936 0.04804622 0.01279552 0.02476507 0.04804622
 0.04804622 0.01728529]
[0.03139155 0.10691987 0.04606672 0.05828394 0.10307042 0.03295071
 0.05828394 0.04761613 0.0508571  0.03342646 0.01953672 0.04032067
 0.04606672 0.13489228 0.04606672 0.01423286 0.0239029  0.04606672
 0.04606672 0.01398071]
[0.02970114 0.11071331 0.04943629 0.05422941 0.10524029 0.02886832
 0.05422941 0.04856714 0.04783843 0.03510402 0.02264363 0.04055212
 0.04943629 0.11889295 0.04943629 0.01550456 0.02452993 0.04943629
 0.04943629 0.0162039 ]
[0.03776251 0.11742838 0.05383387 0.04849226 0.09467071 0.03019453
 0.04849226 0.04607006 0.06083217 0.03350546 0.01886937 0.04183085
 0.05383387 0.08767889 0.05383387 0.01387358 0.03305068 0.05383386
 0.05383386 0.01807901]
[0.02970114 0.11071331 0.04943629 0.05422941 0.10524029 0.02886832
 0.05422941 0.04856714 0.04783843 0.03510402 0.02264363 0.04055212
 0.04943629 0.11889295 0.04943629 0.01550456 0.02452993 0.04943629
 0.04943629 0.0162039 ]
[0.03566591 0.10813485 0.04645254 0.05697837 0.08034773 0.03159738
 0.05697837 0.03536636 0.05552547 0.03784309 0.02049687 0.05004542
 0.04645254 0.13653128 0.04645254 0.01539976 0.02932451 0.04645253
 0.04645253 0.01750197]
[0.02814391 0.13684268 0.0484686  0.04706468 0.10581804 0.02963579
 0.04706468 0.05481282 0.06047809 0.03674396 0.0181769  0.04251824
 0.0484686  0.0921277  0.0484686  0.01478386 0.02666846 0.0484686
 0.0484686  0.01677721]
[0.02970114 0.11071331 0.04943629 0.05422941 0.10524029 0.02886832
 0.05422941 0.04856714 0.04783843 0.03510402 0.02264363 0.04055212
 0.04943629 0.11889295 0.04943629 0.01550456 0.02452993 0.04943629
 0.04943629 0.0162039 ]
[0.02970114 0.11071331 0.04943629 0.05422941 0.10524029 0.02886832
 0.05422941 0.04856714 0.04783843 0.03510402 0.02264363 0.04055212
 0.04943629 0.11889295 0.04943629 0.01550456 0.02452993 0.04943629
 0.04943629 0.0162039 ]
[0.02608685 0.09295353 0.04938785 0.04780763 0.16529457 0.02330874
 0.04780763 0.04125931 0.06356289 0.03487658 0.01460226 0.03047576
 0.04938785 0.11414064 0.04938785 0.00994201 0.02709637 0.04938784
 0.04938784 0.01384608]]