11636
Test: public void test4() throws Throwable { FailableIntUnaryOperator<Throwable> failableIntUnaryOperator0 = FailableIntUnaryOperator.nop(); // Undeclared exception!  failableIntUnaryOperator0.compose((FailableIntUnaryOperator<Throwable>) null);   }
Code: default FailableIntUnaryOperator<E> compose(final FailableIntUnaryOperator<E> before) { Objects.requireNonNull(before); return (final int v) -> applyAsInt(before.applyAsInt(v)); }
[[0.13783307 0.07542536 0.07542536 0.07542536 0.07542536 0.11213966
 0.07542536 0.07162642 0.04824438 0.02310265 0.0371947  0.09747653
 0.07542537 0.01983042]
[0.12468024 0.0769426  0.0769426  0.0769426  0.0769426  0.08310828
 0.0769426  0.05730355 0.05778391 0.02964829 0.03278391 0.12540671
 0.07694262 0.02762952]
[0.12468024 0.0769426  0.0769426  0.0769426  0.0769426  0.08310828
 0.0769426  0.05730355 0.05778391 0.02964829 0.03278391 0.12540671
 0.07694262 0.02762952]
[0.12468024 0.0769426  0.0769426  0.0769426  0.0769426  0.08310828
 0.0769426  0.05730355 0.05778391 0.02964829 0.03278391 0.12540671
 0.07694262 0.02762952]
[0.12468024 0.0769426  0.0769426  0.0769426  0.0769426  0.08310828
 0.0769426  0.05730355 0.05778391 0.02964829 0.03278391 0.12540671
 0.07694262 0.02762952]
[0.09933776 0.07534374 0.07534374 0.07534374 0.07534374 0.10669511
 0.07534374 0.06858984 0.06336558 0.02812988 0.04609317 0.09957291
 0.07534376 0.03615333]
[0.12468024 0.0769426  0.0769426  0.0769426  0.0769426  0.08310828
 0.0769426  0.05730355 0.05778391 0.02964829 0.03278391 0.12540671
 0.07694262 0.02762952]
[0.17284484 0.07678676 0.07678676 0.07678676 0.07678676 0.08510724
 0.07678676 0.05714358 0.04514023 0.02265033 0.04425794 0.08914807
 0.07678677 0.02298725]
[0.12366991 0.07788819 0.07788819 0.07788819 0.07788819 0.09568501
 0.07788819 0.08001899 0.0534741  0.02673957 0.0333556  0.09585816
 0.07788819 0.02386947]
[0.14153354 0.08475165 0.08475165 0.08475165 0.08475165 0.09184291
 0.08475165 0.05814255 0.0589227  0.02317154 0.03100952 0.06832446
 0.08475168 0.01854282]
[0.13470185 0.07414012 0.07414012 0.07414012 0.07414012 0.12439688
 0.07414012 0.06288952 0.05176643 0.02950021 0.02821335 0.10090968
 0.07414013 0.02278137]
[0.11763005 0.07547649 0.07547649 0.07547649 0.07547649 0.11768393
 0.07547649 0.0684279  0.0628691  0.03480783 0.03192774 0.09014654
 0.0754765  0.02364794]
[0.12468024 0.07694259 0.07694259 0.07694259 0.07694259 0.08310828
 0.07694259 0.05730354 0.05778391 0.02964829 0.03278392 0.12540671
 0.0769426  0.02762952]
[0.11183736 0.07196057 0.07196057 0.07196057 0.07196057 0.12295373
 0.07196057 0.09358977 0.06491483 0.02963584 0.03321239 0.08657062
 0.07196058 0.02552207]]