36475
Test: public void test91() throws Throwable { EthiopicChronology ethiopicChronology0 = EthiopicChronology.getInstance(); DateMidnight dateMidnight0 = new DateMidnight((Chronology) ethiopicChronology0); // Undeclared exception!  dateMidnight0.plusMonths((-2147483634));   }
Code: public DateMidnight plusMonths(int months) { if (months == 0) { return this; } long instant = getChronology().months().add(getMillis(), months); return withMillis(instant); }
[[0.03754026 0.02967177 0.0520805  0.03199265 0.0525981  0.10144705
 0.12059283 0.05848749 0.02167926 0.0525981  0.04162853 0.03333694
 0.01655106 0.06146259 0.0422338  0.02378345 0.0520805  0.05997508
 0.04162853 0.0520805  0.01655106]
[0.03945662 0.02935597 0.05262595 0.02495204 0.05277949 0.10488199
 0.11794709 0.06145325 0.02057427 0.05277949 0.04476539 0.02948874
 0.01660962 0.06635074 0.04211114 0.02113471 0.05262596 0.05610657
 0.04476539 0.05262596 0.01660962]
[0.03327145 0.02604149 0.0552085  0.03267225 0.05453112 0.08229622
 0.11054321 0.06273238 0.02538366 0.05453112 0.0404294  0.03306993
 0.0184042  0.05764589 0.03856468 0.03613888 0.0552085  0.06928501
 0.04042939 0.0552085  0.01840419]
[0.0394475  0.02799532 0.05010214 0.02974559 0.05296539 0.09452513
 0.11058765 0.06028191 0.02157981 0.05296539 0.04585066 0.03075889
 0.01542937 0.06296834 0.04725129 0.03144053 0.05010215 0.06462079
 0.04585066 0.05010215 0.01542937]
[0.04132792 0.03627761 0.05423052 0.03004076 0.06624701 0.07120509
 0.0791947  0.04426713 0.028003   0.06624701 0.04758893 0.03469414
 0.02339026 0.06605996 0.0319545  0.0343967  0.05423053 0.06543449
 0.04758894 0.05423053 0.02339026]
[0.02606575 0.02020209 0.0580675  0.01712554 0.05948231 0.14872003
 0.1286226  0.05170124 0.02339063 0.05948231 0.0346251  0.02191043
 0.00892508 0.06961995 0.0358502  0.02080079 0.05806751 0.05572321
 0.0346251  0.05806751 0.00892508]
[0.03232636 0.02824422 0.05127539 0.02946598 0.06215487 0.1262872
 0.11911888 0.04987471 0.02625526 0.06215487 0.03553618 0.02697095
 0.01619654 0.06514153 0.04091326 0.01976013 0.05127539 0.05404022
 0.03553618 0.05127539 0.01619654]
[0.0239615  0.02801175 0.03825787 0.02246567 0.06450734 0.1317711
 0.14673598 0.05880426 0.02720152 0.06450734 0.0396232  0.02755832
 0.01309144 0.06835524 0.0346895  0.02501783 0.03825787 0.05620974
 0.03962321 0.03825787 0.01309144]
[0.03196584 0.02727851 0.05235014 0.03029211 0.05707576 0.10790303
 0.10078481 0.05269682 0.02240205 0.05707576 0.05065525 0.02984316
 0.01962398 0.06351017 0.03351758 0.02495755 0.05235014 0.06308801
 0.05065525 0.05235014 0.01962398]
[0.04132792 0.03627761 0.05423052 0.03004076 0.06624701 0.07120509
 0.0791947  0.04426713 0.028003   0.06624701 0.04758893 0.03469414
 0.02339026 0.06605996 0.0319545  0.0343967  0.05423053 0.06543449
 0.04758894 0.05423053 0.02339026]
[0.02712326 0.03148076 0.05402113 0.03091729 0.05312754 0.11180042
 0.11705881 0.05235879 0.02188352 0.05312754 0.03936145 0.02471145
 0.01455444 0.07456306 0.04053796 0.02652329 0.05402113 0.06489111
 0.03936145 0.05402113 0.01455444]
[0.03964915 0.03569843 0.05492125 0.02958824 0.0644511  0.09591144
 0.09229873 0.04905862 0.02416831 0.0644511  0.0477813  0.02514817
 0.01717848 0.0576521  0.03322989 0.02324497 0.05492126 0.07076643
 0.0477813  0.05492126 0.01717848]
[0.02789724 0.02833046 0.05248985 0.0305406  0.06985362 0.10725817
 0.09902476 0.04818777 0.02043735 0.06985362 0.06039641 0.02628122
 0.01512086 0.04528465 0.02877622 0.02502628 0.05248984 0.06474394
 0.06039641 0.05248984 0.01512086]
[0.0275331  0.03019507 0.05111912 0.03309053 0.06723944 0.10419218
 0.11333346 0.0537348  0.02334541 0.06723944 0.04070265 0.0264064
 0.01591568 0.05637641 0.04139758 0.02110041 0.0511191  0.06822169
 0.04070265 0.0511191  0.01591568]
[0.0378041  0.0313223  0.05480471 0.02960102 0.05359899 0.10458527
 0.09641206 0.06085371 0.02223889 0.05359899 0.04636414 0.03018538
 0.01589805 0.05939613 0.04054598 0.02570482 0.0548047  0.06521386
 0.04636414 0.0548047  0.01589805]
[0.04196571 0.03789186 0.0593509  0.0331353  0.04765417 0.09294359
 0.08278862 0.04729795 0.03155329 0.04765417 0.04611138 0.04246581
 0.02062968 0.0517734  0.03109284 0.03486829 0.0593509  0.06538016
 0.04611139 0.0593509  0.02062968]
[0.03327145 0.02604149 0.0552085  0.03267225 0.05453112 0.08229622
 0.11054321 0.06273238 0.02538366 0.05453112 0.0404294  0.03306993
 0.0184042  0.05764589 0.03856468 0.03613888 0.0552085  0.06928501
 0.04042939 0.0552085  0.01840419]
[0.03360566 0.02730795 0.07067235 0.03234915 0.04984168 0.0988996
 0.10759252 0.04983377 0.0178952  0.04984168 0.04499912 0.02799089
 0.0144962  0.05739789 0.03161477 0.02061445 0.07067234 0.0642071
 0.04499912 0.07067234 0.0144962 ]
[0.02712326 0.03148076 0.05402113 0.03091729 0.05312754 0.11180042
 0.11705881 0.05235879 0.02188352 0.05312754 0.03936145 0.02471145
 0.01455444 0.07456306 0.04053796 0.02652329 0.05402113 0.06489111
 0.03936145 0.05402113 0.01455444]
[0.03327145 0.02604149 0.0552085  0.03267225 0.05453112 0.08229622
 0.11054321 0.06273238 0.02538366 0.05453112 0.0404294  0.03306993
 0.0184042  0.05764589 0.03856468 0.03613888 0.0552085  0.06928501
 0.04042939 0.0552085  0.01840419]
[0.02789724 0.02833046 0.05248984 0.0305406  0.06985364 0.10725816
 0.09902475 0.04818778 0.02043736 0.06985364 0.06039642 0.02628122
 0.01512086 0.04528466 0.02877623 0.02502628 0.05248984 0.06474394
 0.06039642 0.05248984 0.01512086]]