8196
Test: public void test33() throws Throwable { boolean boolean0 = CharUtils.isAsciiNumeric('\"'); }
Code: public static boolean isAsciiNumeric(final char ch) { return ch >= '0' && ch <= '9'; }
[[0.04322207 0.12816766 0.10836358 0.05995965 0.06157138 0.04560098
 0.05704059 0.04749457 0.0736813  0.03614987 0.03539636 0.02758631
 0.0736813  0.12383842 0.05995965 0.01828631]
[0.04147011 0.11622755 0.12125647 0.05517855 0.0601469  0.02813489
 0.08025847 0.03973508 0.07917179 0.03709712 0.03490032 0.03048099
 0.07917179 0.1202554  0.05517855 0.02133601]
[0.02813719 0.11126743 0.14015427 0.05335657 0.05876476 0.02375753
 0.07421385 0.04759645 0.06857033 0.02575941 0.03180381 0.01957588
 0.06857033 0.18139529 0.05335657 0.0137204 ]
[0.03153399 0.11173648 0.11617387 0.05227813 0.07262477 0.0284856
 0.05194521 0.03832506 0.09097762 0.0330317  0.04046983 0.02298972
 0.09097762 0.14865902 0.05227813 0.01751325]
[0.027037   0.12150655 0.11355942 0.04648881 0.06009943 0.02362213
 0.06775931 0.04402167 0.08319871 0.02075367 0.02818811 0.02090512
 0.08319871 0.19706626 0.04648881 0.01610627]
[0.02696311 0.10354242 0.10596897 0.04669325 0.08530638 0.02584359
 0.0694173  0.03637291 0.07234928 0.02685849 0.02820466 0.02152297
 0.07234928 0.21992035 0.04669325 0.0119938 ]
[0.04534126 0.10730966 0.09897318 0.0590502  0.06511578 0.03279682
 0.07368167 0.05207942 0.06869673 0.0345603  0.04497513 0.03969543
 0.06869673 0.12412251 0.0590502  0.02585502]
[0.02589862 0.12336661 0.12807894 0.05056382 0.05153661 0.03132782
 0.0528129  0.0372266  0.07965031 0.02733065 0.03332448 0.01844979
 0.07965031 0.19585603 0.05056382 0.01436268]
[0.0407736  0.10959025 0.11185603 0.05240065 0.06098282 0.02353064
 0.07980129 0.04136437 0.07809779 0.0276722  0.02840257 0.02567553
 0.07809779 0.17527466 0.05240065 0.01407924]
[0.03307822 0.10389014 0.11982524 0.05418584 0.06593615 0.02463398
 0.07500751 0.04890583 0.07277188 0.03895563 0.03346473 0.02522561
 0.07277188 0.16156903 0.05418584 0.01559251]
[0.03868898 0.12479412 0.1054553  0.05180551 0.06238779 0.02920729
 0.05759428 0.04404808 0.08189657 0.03301678 0.03728659 0.02320095
 0.08189657 0.1630054  0.05180551 0.0139103 ]
[0.02941618 0.11447996 0.13457906 0.05291471 0.05936923 0.02440584
 0.06381503 0.03762872 0.06920275 0.03116842 0.03850323 0.02059092
 0.06920275 0.18166298 0.05291471 0.02014554]
[0.0407736  0.10959025 0.11185603 0.05240065 0.06098282 0.02353064
 0.07980129 0.04136437 0.07809779 0.0276722  0.02840257 0.02567553
 0.07809779 0.17527466 0.05240065 0.01407924]
[0.0324362  0.11801868 0.14485455 0.05244909 0.05230723 0.02032502
 0.0738312  0.03377927 0.06962413 0.03544375 0.03610988 0.02098322
 0.06962413 0.16848594 0.05244909 0.01927859]
[0.03153399 0.11173648 0.11617387 0.05227813 0.07262477 0.0284856
 0.05194521 0.03832506 0.09097762 0.0330317  0.04046983 0.02298972
 0.09097762 0.14865902 0.05227813 0.01751325]
[0.02735387 0.11802801 0.09383345 0.05074661 0.07568381 0.03502911
 0.07265628 0.06042349 0.08284754 0.0304595  0.03336872 0.02370112
 0.08284754 0.14675279 0.05074661 0.01552159]]