35185
Test: public void test23() throws Throwable { String string0 = AbstractExecutor.castString((Object) null); }
Code: static String castString(final Object arg) { return arg instanceof CharSequence || arg instanceof Integer ? arg.toString() : null; }
[[0.10559671 0.05748086 0.05203792 0.02697508 0.05203792 0.07137528
 0.03693193 0.05476461 0.01965393 0.10383755 0.03660821 0.05476461
 0.01965393 0.04715036 0.06001701 0.05203792 0.035103   0.09477708
 0.01919611]
[0.11978669 0.04722243 0.05782007 0.02845765 0.05782007 0.05895872
 0.04098786 0.05788808 0.02531695 0.09775335 0.03956202 0.05788808
 0.02531695 0.0452442  0.05329128 0.05782007 0.03025543 0.08357432
 0.01503574]
[0.10723987 0.05539764 0.0505845  0.02398634 0.0505845  0.04953769
 0.03698579 0.05112476 0.02618808 0.10961676 0.04240914 0.05112476
 0.02618808 0.04779641 0.06956448 0.0505845  0.0292335  0.10510916
 0.01674406]
[0.11087538 0.06041565 0.04798081 0.02585059 0.04798081 0.0792582
 0.04549174 0.04500625 0.02199423 0.117787   0.03675512 0.04500625
 0.02199423 0.04502107 0.06992567 0.04798081 0.02739712 0.08865379
 0.01462524]
[0.10723987 0.05539764 0.0505845  0.02398634 0.0505845  0.04953769
 0.03698579 0.05112476 0.02618808 0.10961676 0.04240914 0.05112476
 0.02618808 0.04779641 0.06956448 0.0505845  0.0292335  0.10510916
 0.01674406]
[0.09923062 0.05833497 0.05283647 0.02458108 0.05283647 0.06913442
 0.04714027 0.05056118 0.0307967  0.09514818 0.03715409 0.05056118
 0.0307967  0.05078682 0.05194148 0.05283647 0.03421558 0.08717318
 0.02393425]
[0.12076719 0.05574879 0.05059278 0.024222   0.05059278 0.05137455
 0.03706503 0.06056456 0.01896252 0.13358685 0.03022511 0.06056456
 0.01896252 0.0354835  0.07001095 0.05059278 0.02410631 0.09255837
 0.01401882]
[0.12142441 0.05554131 0.05294209 0.02424361 0.05294209 0.05250242
 0.04903861 0.04545105 0.02281959 0.12346032 0.04491614 0.04545105
 0.02281959 0.04104357 0.07126525 0.05294209 0.02268488 0.08488917
 0.01362281]
[0.13786359 0.0575743  0.04471758 0.02416563 0.04471758 0.04827502
 0.03510115 0.05950906 0.01692838 0.12005424 0.04082398 0.05950906
 0.01692838 0.03303291 0.07669494 0.04471758 0.02558575 0.0996586
 0.01414223]
[0.11912203 0.06193721 0.05429845 0.02435074 0.05429845 0.07089026
 0.03908181 0.05756821 0.0227922  0.10714952 0.0323068  0.05756821
 0.0227922  0.04049041 0.05873095 0.05429845 0.02536924 0.08233798
 0.01461687]
[0.1121237  0.06081267 0.06032455 0.02333111 0.06032455 0.08082598
 0.04379207 0.04837283 0.02094726 0.10468304 0.0359423  0.04837283
 0.02094726 0.04013143 0.06111632 0.06032455 0.03326635 0.07435644
 0.01000478]
[0.12142441 0.05554131 0.05294209 0.02424361 0.05294209 0.05250242
 0.04903861 0.04545105 0.02281959 0.12346032 0.04491614 0.04545105
 0.02281959 0.04104357 0.07126525 0.05294209 0.02268488 0.08488917
 0.01362281]
[0.13786359 0.0575743  0.04471758 0.02416563 0.04471758 0.04827502
 0.03510115 0.05950906 0.01692838 0.12005424 0.04082398 0.05950906
 0.01692838 0.03303291 0.07669494 0.04471758 0.02558575 0.0996586
 0.01414223]
[0.13650967 0.05333705 0.04865083 0.02522748 0.04865083 0.05785662
 0.04068545 0.04660931 0.02275168 0.10461687 0.04732971 0.04660931
 0.02275168 0.04044495 0.08097271 0.04865083 0.01809168 0.09621593
 0.01403744]
[0.1016831  0.0629125  0.04868785 0.02259752 0.04868785 0.07884482
 0.04346621 0.04252652 0.0151203  0.1605264  0.03336626 0.04252652
 0.0151203  0.03438441 0.0674988  0.04868785 0.03320238 0.08535229
 0.01480816]
[0.10723987 0.05539764 0.0505845  0.02398634 0.0505845  0.04953769
 0.03698579 0.05112476 0.02618808 0.10961676 0.04240914 0.05112476
 0.02618808 0.04779641 0.06956448 0.0505845  0.0292335  0.10510916
 0.01674406]
[0.10864384 0.0482053  0.04838537 0.02620324 0.04838537 0.06040291
 0.0498702  0.05441034 0.02032756 0.10051865 0.03198112 0.05441034
 0.02032756 0.04159899 0.09014281 0.04838537 0.02707794 0.09972455
 0.02099853]
[0.08438495 0.05926874 0.06020784 0.02467865 0.06020784 0.05103583
 0.04308822 0.05565286 0.02296145 0.12049258 0.04162997 0.05565286
 0.02296145 0.04323544 0.07418554 0.06020784 0.03529173 0.06883599
 0.01602029]
[0.11808561 0.05297381 0.05462151 0.02907999 0.05462151 0.07106163
 0.06220277 0.03712548 0.01931681 0.09380691 0.04067444 0.03712548
 0.01931681 0.03938594 0.07410192 0.05462151 0.02624196 0.10018808
 0.01544784]]