129632
Test: public void test29() throws Throwable { double double0 = RegularizedBeta.value(1.0, 1.0, 1.0); double double1 = RegularizedBeta.value(1.0, 0.0, 1388.4778767467676); }
Code: public static double value(double x, double a, double b) { return value(x, a, b, DEFAULT_EPSILON, Integer.MAX_VALUE); }
[[0.02887826 0.09195918 0.04946598 0.23638523 0.03922086 0.04946598
 0.08643237 0.04946598 0.0329091  0.04173085 0.03217996 0.04006471
 0.08643237 0.03818113 0.04006471 0.04415348 0.01300978]
[0.02970344 0.08348643 0.04523281 0.2202269  0.03669437 0.04523281
 0.09772262 0.04523281 0.03827579 0.05776476 0.0284798  0.03949272
 0.09772262 0.03305412 0.03949272 0.04684557 0.01533973]
[0.02079679 0.09564459 0.04379231 0.25275582 0.03481646 0.04379231
 0.10504358 0.04379231 0.02788711 0.04090973 0.03294823 0.03646549
 0.10504358 0.03486199 0.03646549 0.03455794 0.01042633]
[0.02483719 0.08802131 0.04706349 0.23461238 0.0394616  0.04706349
 0.10257693 0.04706349 0.04111368 0.04247553 0.02676725 0.0391648
 0.10257693 0.03211184 0.0391648  0.03361919 0.01230603]
[0.03039118 0.08563065 0.03864336 0.2139866  0.03686043 0.03864336
 0.10664771 0.03864336 0.0323953  0.05046261 0.04382766 0.0426321
 0.10664771 0.03820724 0.0426321  0.0415596  0.01218909]
[0.02079679 0.09564459 0.04379231 0.25275582 0.03481646 0.04379231
 0.10504358 0.04379231 0.02788711 0.04090973 0.03294823 0.03646549
 0.10504358 0.03486199 0.03646549 0.03455794 0.01042633]
[0.0208404  0.08497597 0.03366189 0.2709498  0.03565725 0.03366189
 0.10270837 0.03366189 0.03425675 0.05799266 0.02818598 0.0371372
 0.10270837 0.02983581 0.0371372  0.04185844 0.0147701 ]
[0.02079679 0.09564459 0.04379231 0.25275582 0.03481646 0.04379231
 0.10504358 0.04379231 0.02788711 0.04090973 0.03294823 0.03646549
 0.10504358 0.03486199 0.03646549 0.03455794 0.01042633]
[0.02337074 0.08727857 0.04514371 0.26395994 0.03307107 0.04514371
 0.10116352 0.04514371 0.03500195 0.04106248 0.02720108 0.0381873
 0.10116352 0.03117981 0.0381873  0.03578527 0.00795628]
[0.03454689 0.08264704 0.04635801 0.14816575 0.04402469 0.04635801
 0.1070592  0.04635801 0.04307282 0.05732078 0.03952663 0.04446565
 0.1070592  0.04052795 0.04446565 0.04811608 0.01992762]
[0.01810628 0.08971472 0.03693387 0.26657262 0.04908    0.03693387
 0.11071642 0.03693387 0.03011232 0.03915349 0.02564309 0.03426033
 0.11071642 0.03423788 0.03426033 0.03608507 0.01053942]
[0.02257039 0.08360662 0.04161175 0.22015907 0.0432169  0.04161175
 0.119266   0.04161175 0.03667793 0.04066919 0.02752317 0.03678679
 0.119266   0.03335571 0.03678679 0.04181    0.01347014]
[0.0208404  0.08497597 0.03366189 0.2709498  0.03565725 0.03366189
 0.10270837 0.03366189 0.03425675 0.05799266 0.02818598 0.0371372
 0.10270837 0.02983581 0.0371372  0.04185844 0.0147701 ]
[0.02138265 0.0836101  0.03910114 0.25844783 0.03565482 0.03910114
 0.12130783 0.03910114 0.0331924  0.04432778 0.03043224 0.02862754
 0.12130783 0.03360112 0.02862754 0.0330137  0.00916322]
[0.02257039 0.08360662 0.04161175 0.22015907 0.0432169  0.04161175
 0.119266   0.04161175 0.03667793 0.04066919 0.02752317 0.03678679
 0.119266   0.03335571 0.03678679 0.04181    0.01347014]
[0.02623181 0.07917967 0.04212813 0.22065578 0.04202319 0.04212813
 0.1204722  0.04212813 0.03389965 0.03838651 0.0339074  0.03977046
 0.1204722  0.03527384 0.03977046 0.03526858 0.00830386]
[0.02006005 0.08271775 0.04499539 0.19808793 0.03837942 0.04499539
 0.11957443 0.04499539 0.0333747  0.04997885 0.04335673 0.03778727
 0.11957443 0.03030683 0.03778727 0.04319713 0.01083107]]