134309
Test: public void test32() throws Throwable { // Undeclared exception!  Validate.notNull((Object) null);   }
Code: public static void notNull(@Nullable Object obj) { if (obj == null) throw new ValidationException("Object must not be null"); }
[[0.03911657 0.1093163  0.03109671 0.05426066 0.03010095 0.0924402
 0.0478014  0.10499316 0.05677316 0.06294185 0.02158617 0.03972564
 0.02002947 0.05426066 0.09819816 0.03351066 0.03194487 0.05619007
 0.01571332]
[0.04186998 0.10423651 0.02591686 0.05734407 0.02804628 0.07416271
 0.06562072 0.11380656 0.06285366 0.05452073 0.02192025 0.03553149
 0.01777819 0.05734407 0.09334166 0.02831139 0.04156094 0.0574757
 0.01835826]
[0.03286663 0.105313   0.02710186 0.06612127 0.02359442 0.09987113
 0.05000888 0.10821891 0.06142438 0.04869715 0.01660164 0.03704739
 0.01472934 0.06612127 0.12497589 0.02497175 0.03562558 0.04119124
 0.01551832]
[0.03360002 0.11253639 0.02862466 0.05683665 0.02555347 0.09390841
 0.04908261 0.08159865 0.07064274 0.06448045 0.02373664 0.03961224
 0.02517696 0.05683665 0.11257044 0.02605527 0.04071376 0.04145237
 0.01698163]
[0.03835195 0.10892604 0.02585215 0.05184309 0.02726519 0.08580639
 0.07116927 0.12163363 0.05363631 0.06631665 0.01856793 0.03778888
 0.01794629 0.05184309 0.09989505 0.02812495 0.03670608 0.04466486
 0.01366218]
[0.04723282 0.08023341 0.0309177  0.0656399  0.02635555 0.06643602
 0.07143815 0.10501467 0.06870456 0.05726285 0.02730571 0.03566546
 0.02091119 0.0656399  0.07754713 0.03219216 0.05334027 0.04968115
 0.0184814 ]
[0.04360043 0.09840466 0.03755392 0.05963113 0.02596334 0.08423092
 0.06446693 0.07583381 0.05244453 0.04795128 0.0293025  0.03958777
 0.02514296 0.05963113 0.09568331 0.03817978 0.04380405 0.05495797
 0.02362953]
[0.02551044 0.13566338 0.01812772 0.06307374 0.01989784 0.10015574
 0.04478677 0.14053357 0.05526082 0.05552516 0.00991547 0.02353571
 0.00950795 0.06307374 0.14355841 0.01886583 0.02986883 0.03592607
 0.00721275]
[0.03305247 0.11553916 0.02701243 0.05757409 0.02493573 0.08413233
 0.05478496 0.13064055 0.05333195 0.06476483 0.0163706  0.032449
 0.01652139 0.05757409 0.12180999 0.01854159 0.03830773 0.04262689
 0.01003022]
[0.02423732 0.12494424 0.02385226 0.0424244  0.02498019 0.10177985
 0.0533621  0.13454752 0.05387284 0.06169583 0.01589922 0.02831179
 0.01571285 0.0424244  0.15314925 0.01959268 0.03279806 0.03505468
 0.01136052]
[0.03127369 0.12509413 0.0234861  0.06068673 0.02766266 0.07157652
 0.06187983 0.14431944 0.05698275 0.0608392  0.02035435 0.02863058
 0.01288184 0.06068673 0.10302749 0.02727017 0.03178599 0.0414978
 0.010064  ]
[0.02999242 0.10865508 0.02380317 0.05043243 0.02071545 0.10705435
 0.06840315 0.10244037 0.05619642 0.04679267 0.01786538 0.03531553
 0.01656173 0.05043243 0.14569992 0.02428629 0.03950145 0.04387967
 0.01197211]
[0.03366429 0.0996564  0.02987733 0.05268657 0.02580773 0.08041357
 0.0584444  0.11589783 0.05464258 0.06415097 0.01937896 0.03809945
 0.02217362 0.05268657 0.12314525 0.02485029 0.04311803 0.0441562
 0.01714997]
[0.03360002 0.11253639 0.02862466 0.05683665 0.02555347 0.09390841
 0.04908261 0.08159865 0.07064274 0.06448045 0.02373664 0.03961224
 0.02517696 0.05683665 0.11257044 0.02605527 0.04071376 0.04145237
 0.01698163]
[0.0305786  0.11680372 0.02463915 0.04814181 0.03327691 0.10133032
 0.06221851 0.11300702 0.0496741  0.0504819  0.02153429 0.03976253
 0.02269317 0.04814181 0.1013639  0.02311381 0.05239061 0.04622498
 0.01462284]
[0.02964427 0.11261911 0.02927379 0.05249995 0.03237912 0.09643513
 0.05695669 0.10010171 0.05124183 0.06220992 0.02315836 0.03783539
 0.01872477 0.05249995 0.10608694 0.02568871 0.04082578 0.05516827
 0.01665039]
[0.03392081 0.10183661 0.02753649 0.0625915  0.02822376 0.08657865
 0.04661437 0.11259103 0.05599256 0.05481342 0.02068432 0.0303075
 0.0157035  0.0625915  0.11934522 0.02718997 0.04199046 0.05541874
 0.01606964]
[0.04030456 0.117264   0.02493587 0.04594819 0.02845551 0.09174904
 0.05270027 0.11987703 0.05575953 0.05842997 0.02012148 0.03785618
 0.0193503  0.04594819 0.10241853 0.03040038 0.03394918 0.06123886
 0.01329286]
[0.03002628 0.1118247  0.02659418 0.05834746 0.02914905 0.09518593
 0.06449021 0.11309753 0.05251525 0.05095573 0.01924053 0.03830121
 0.01676104 0.05834746 0.08587515 0.02897793 0.05171984 0.05410162
 0.01448891]]