35526
Test: public void test77() throws Throwable { Hours hours0 = Hours.TWO; Hours hours1 = Hours.standardHoursIn(hours0); }
Code: public static Hours standardHoursIn(ReadablePeriod period) { int amount = BaseSingleFieldPeriod.standardPeriodIn(period, DateTimeConstants.MILLIS_PER_HOUR); return Hours.hours(amount); }
[[0.05482085 0.16192552 0.07604967 0.07604967 0.07604967 0.07198346
 0.03489973 0.14227642 0.03442338 0.07604967 0.03611358 0.06019491
 0.07604968 0.02311382]
[0.05480478 0.15433478 0.07282964 0.07282964 0.07282964 0.10692871
 0.0275786  0.14575629 0.03553504 0.07282963 0.02996761 0.05257099
 0.07282965 0.02837489]
[0.04465257 0.15968743 0.07377158 0.07377158 0.07377158 0.07496483
 0.02852026 0.15869805 0.04887991 0.07377158 0.03625622 0.05430601
 0.0737716  0.02517675]
[0.04465257 0.15968743 0.07377158 0.07377158 0.07377158 0.07496483
 0.02852026 0.15869805 0.04887991 0.07377158 0.03625622 0.05430601
 0.0737716  0.02517675]
[0.04465257 0.15968743 0.07377158 0.07377158 0.07377158 0.07496483
 0.02852026 0.15869805 0.04887991 0.07377158 0.03625622 0.05430601
 0.0737716  0.02517675]
[0.05880808 0.1406552  0.07571167 0.07571167 0.07571167 0.09753232
 0.02786961 0.11194335 0.04909303 0.07571167 0.03433559 0.06729057
 0.07571168 0.03391385]
[0.03204098 0.20454624 0.08143935 0.08143935 0.08143935 0.07450175
 0.02276661 0.14178067 0.02700872 0.08143935 0.02232268 0.05195948
 0.08143938 0.01587613]
[0.05157122 0.1575564  0.07918794 0.07918794 0.07918794 0.08573416
 0.02328093 0.14099793 0.03368039 0.07918794 0.03039917 0.05856181
 0.07918796 0.02227823]
[0.05907068 0.14301386 0.08357783 0.08357783 0.08357783 0.06580124
 0.03586714 0.09571016 0.0487129  0.08357784 0.04054046 0.06466393
 0.08357785 0.02873044]
[0.04465257 0.15968743 0.07377158 0.07377158 0.07377158 0.07496483
 0.02852026 0.15869805 0.04887991 0.07377158 0.03625622 0.05430601
 0.0737716  0.02517675]
[0.04789817 0.17894691 0.06959838 0.06959838 0.06959838 0.101175
 0.02310991 0.17246324 0.03363051 0.06959838 0.02484236 0.05464251
 0.0695984  0.01529946]
[0.03848304 0.17538434 0.07762581 0.07762581 0.07762581 0.07337356
 0.02326679 0.16359648 0.03750951 0.0776258  0.02386381 0.05619089
 0.07762583 0.02020244]
[0.04465258 0.15968743 0.07377159 0.07377159 0.07377159 0.07496483
 0.02852026 0.1586981  0.0488799  0.07377159 0.03625623 0.05430602
 0.07377159 0.02517676]
[0.03924837 0.17011896 0.07269873 0.07269873 0.07269873 0.10491096
 0.02953734 0.12184682 0.03592988 0.07269873 0.02564374 0.08688898
 0.07269873 0.02238134]]