145354
Test: public void test13() throws Throwable { boolean boolean0 = GenericValidator.isInRange(64L, 64L, 2629L); }
Code: public static boolean isInRange(byte value, byte min, byte max) { return ((value >= min) && (value <= max)); }
[[0.03809219 0.11036503 0.09697761 0.05284183 0.03737154 0.05962689
 0.04247478 0.05962689 0.02688719 0.04878798 0.04167449 0.07525798
 0.03172711 0.03591568 0.0240979  0.0391285  0.11051303 0.05284184
 0.01579157]
[0.03736231 0.10015489 0.11341739 0.05028092 0.03397939 0.05780356
 0.03940343 0.05780356 0.02650786 0.06694889 0.0354319  0.0638578
 0.03273085 0.03370248 0.02686829 0.0426199  0.11273021 0.05028092
 0.01811548]
[0.02499636 0.09526102 0.12970594 0.04783185 0.02741807 0.06450859
 0.03266582 0.06450859 0.02283673 0.06265362 0.04125247 0.05677076
 0.02271741 0.02186728 0.01703798 0.04003153 0.16838515 0.04783186
 0.01171904]
[0.02966083 0.10401154 0.11051443 0.0493618  0.03433022 0.05217779
 0.04728331 0.05217779 0.02753102 0.04781445 0.03602092 0.07252155
 0.03100393 0.03970543 0.0215909  0.03667697 0.14206243 0.0493618
 0.01619288]
[0.02380249 0.12741767 0.13305186 0.0431357  0.02516881 0.05431997
 0.04116957 0.05431997 0.0296047  0.07180183 0.03550274 0.0574168
 0.02257586 0.02830159 0.01774958 0.0433527  0.13608254 0.04313571
 0.01208994]
[0.03400145 0.07698335 0.09935406 0.05229006 0.02788102 0.05700182
 0.04999423 0.05700182 0.0338122  0.05687909 0.03933344 0.08198403
 0.03225458 0.03746032 0.02533755 0.0462625  0.11977638 0.05229007
 0.02010205]
[0.03454818 0.09735531 0.1013067  0.0487384  0.03511428 0.05851278
 0.0460678  0.05851278 0.03170436 0.05663192 0.0408508  0.05452097
 0.04288484 0.03507734 0.02587035 0.04761335 0.11521602 0.0487384
 0.02073546]
[0.03400145 0.07698335 0.09935406 0.05229006 0.02788102 0.05700182
 0.04999423 0.05700182 0.0338122  0.05687909 0.03933344 0.08198403
 0.03225458 0.03746032 0.02533755 0.0462625  0.11977638 0.05229007
 0.02010205]
[0.03065212 0.10435091 0.09398209 0.04097817 0.03684437 0.0575022
 0.03814387 0.0575022  0.03286194 0.05713532 0.04552365 0.06358884
 0.02547698 0.03102181 0.02197913 0.03305858 0.17869286 0.04097817
 0.00972677]
[0.03805373 0.08958814 0.08382653 0.04984144 0.04337967 0.05336204
 0.051646   0.05336204 0.03390186 0.06120646 0.04379157 0.07378072
 0.02904541 0.04270324 0.03321301 0.04279831 0.10508104 0.04984145
 0.0215773 ]
[0.0244671  0.11644585 0.12121519 0.04780093 0.02572211 0.04783063
 0.03903238 0.04783063 0.0238355  0.04982822 0.03518017 0.06819219
 0.02581978 0.02657478 0.01742103 0.03606247 0.18538602 0.04780094
 0.01355417]
[0.031868   0.09995988 0.11364803 0.0515813  0.0344446  0.05694645
 0.04736493 0.05694645 0.02230178 0.06403057 0.03865891 0.06980803
 0.03441637 0.0336705  0.02598971 0.03782434 0.11383457 0.05158131
 0.01512424]
[0.02911032 0.08939432 0.10915365 0.0484449  0.03149097 0.06139484
 0.04283307 0.06139484 0.02204152 0.06367096 0.04252334 0.06685182
 0.0341935  0.02946653 0.02202691 0.03698334 0.14714664 0.04844491
 0.01343361]
[0.02453164 0.11785823 0.12690166 0.04526088 0.02846218 0.05123957
 0.03479025 0.05123957 0.03113798 0.05323115 0.04139362 0.0569563
 0.01989778 0.03514188 0.02099567 0.0362855  0.16675605 0.0452609
 0.01265913]
[0.02629915 0.09976649 0.12649402 0.04802241 0.02590032 0.05792183
 0.04179928 0.05792183 0.01914532 0.05455228 0.03364562 0.06466935
 0.02801263 0.02756985 0.01810803 0.03266563 0.17213984 0.04802242
 0.01734376]
[0.03021052 0.10162484 0.09651975 0.05074463 0.02489959 0.0625113
 0.04180115 0.0625113  0.0278805  0.05372297 0.03852378 0.06499648
 0.03045006 0.03058641 0.01959853 0.04039213 0.15841876 0.05074463
 0.01386263]
[0.02861076 0.10242062 0.13183178 0.04684206 0.02800067 0.0547314
 0.04522895 0.0547314  0.02063373 0.06337649 0.02978336 0.05999248
 0.03119007 0.02942266 0.01828646 0.03740419 0.15402383 0.04684208
 0.01664698]
[0.02966084 0.10401154 0.11051445 0.0493618  0.03433022 0.05217779
 0.04728332 0.05217779 0.02753102 0.04781447 0.03602092 0.07252156
 0.03100393 0.03970543 0.0215909  0.03667697 0.14206243 0.0493618
 0.01619289]
[0.02576736 0.11309408 0.08739546 0.04751844 0.0264576  0.05276905
 0.04227899 0.05276905 0.0330339  0.07008767 0.05739459 0.06098059
 0.0288864  0.03175851 0.02252701 0.04857997 0.13628672 0.04751845
 0.01489612]]