38509
Test: public void test4() throws Throwable { Months months0 = Months.NINE; Months months1 = months0.ZERO.plus((Months) null); }
Code: public Months plus(int months) { if (months == 0) { return this; } return Months.months(FieldUtils.safeAdd(getValue(), months)); }
[[0.04352364 0.06038167 0.06038167 0.03711697 0.06127951 0.1176466
 0.13924964 0.06772453 0.02520673 0.06127951 0.04830033 0.03874186
 0.01925427 0.04830033 0.06038167 0.09197688 0.01925427]
[0.03918175 0.06524377 0.06524377 0.03825871 0.06295703 0.09659716
 0.1321805  0.07411379 0.02952158 0.06295703 0.04757796 0.03858105
 0.02133561 0.04757796 0.06524377 0.09209301 0.02133561]
[0.03918175 0.06524377 0.06524377 0.03825871 0.06295703 0.09659716
 0.1321805  0.07411379 0.02952158 0.06295703 0.04757796 0.03858105
 0.02133561 0.04757796 0.06524377 0.09209301 0.02133561]
[0.04764527 0.05992365 0.05992365 0.03587519 0.06485672 0.11314109
 0.13132337 0.07272994 0.02630279 0.06485672 0.05535334 0.03736269
 0.0188328  0.05535334 0.05992365 0.07776304 0.0188328 ]
[0.04928026 0.06485845 0.06485845 0.03580972 0.07856184 0.08496331
 0.09492923 0.05288471 0.03330843 0.07856184 0.05680253 0.04129991
 0.02780754 0.05680253 0.06485845 0.08660525 0.02780754]
[0.03039467 0.06868742 0.06868742 0.01979611 0.06726117 0.17263429
 0.15439522 0.06105779 0.02650516 0.06726117 0.04024435 0.02504154
 0.01016931 0.04024435 0.06868742 0.06876328 0.01016931]
[0.03788889 0.06037287 0.06037287 0.03446694 0.07208201 0.14800292
 0.1410273  0.0587602  0.03048234 0.07208201 0.04162957 0.03143259
 0.01882047 0.04162957 0.06037287 0.07175609 0.01882047]
[0.02843719 0.04570976 0.04570976 0.02660265 0.07558079 0.15648758
 0.17622122 0.06996989 0.03193037 0.07558079 0.0469586  0.03244775
 0.01538232 0.0469586  0.04570976 0.06493068 0.01538232]
[0.03800083 0.06251584 0.06251584 0.03592448 0.06630287 0.12819381
 0.12202737 0.06318376 0.02627291 0.06630287 0.06006968 0.03529625
 0.02290403 0.06006968 0.06251584 0.06499992 0.02290403]
[0.04928026 0.06485845 0.06485845 0.03580972 0.07856184 0.08496331
 0.09492923 0.05288471 0.03330843 0.07856184 0.05680253 0.04129991
 0.02780754 0.05680253 0.06485845 0.08660525 0.02780754]
[0.03303348 0.06573278 0.06573278 0.03766623 0.06482634 0.13608316
 0.14220387 0.06369029 0.02669656 0.06482634 0.04791743 0.03011897
 0.01775317 0.04791743 0.06573278 0.07231528 0.01775317]
[0.04700514 0.06575198 0.06575198 0.03520938 0.07506187 0.11374152
 0.11150782 0.05883817 0.02843047 0.07506187 0.05677004 0.02959524
 0.02016266 0.05677004 0.06575198 0.07442711 0.02016266]
[0.03244675 0.06108784 0.06108784 0.03552289 0.08102652 0.12470192
 0.11528021 0.05602766 0.02372932 0.08102652 0.07018264 0.03053234
 0.01755023 0.07018264 0.06108784 0.06097661 0.01755023]
[0.03303348 0.06573278 0.06573278 0.03766623 0.06482634 0.13608316
 0.14220387 0.06369029 0.02669656 0.06482634 0.04791743 0.03011897
 0.01775317 0.04791743 0.06573278 0.07231528 0.01775317]
[0.03918175 0.06524377 0.06524377 0.03825871 0.06295703 0.09659716
 0.1321805  0.07411379 0.02952158 0.06295703 0.04757796 0.03858105
 0.02133561 0.04757796 0.06524377 0.09209301 0.02133561]
[0.04048938 0.05315465 0.05315465 0.03650708 0.06773743 0.120846
 0.15699285 0.06257722 0.02887332 0.06773743 0.05331223 0.03812208
 0.01721822 0.05331223 0.05315465 0.0795923  0.01721822]
[0.03244675 0.06108784 0.06108784 0.03552289 0.08102655 0.1247019
 0.1152802  0.05602767 0.02372932 0.08102655 0.07018264 0.03053234
 0.01755023 0.07018264 0.06108784 0.06097661 0.01755023]]