78415
Test: public void test13() throws Throwable { RET rET0 = new RET(50); // Undeclared exception!  rET0.setIndex((-385));   }
Code: public final void setIndex( final int n ) { if (n < 0) { throw new ClassGenException("Negative index value: " + n); } index = n; setWide(); }
[[0.03520218 0.02804702 0.02827644 0.04883304 0.02804702 0.02258186
 0.02377883 0.06027738 0.04535742 0.09472485 0.02426563 0.02779274
 0.0193697  0.04535742 0.03560673 0.01786358 0.04883304 0.02817863
 0.02867989 0.05727111 0.02848685 0.02366139 0.01465276 0.02817863
 0.02204909 0.07114094 0.04883305 0.01465276]
[0.03408753 0.02206113 0.02437107 0.056733   0.02206113 0.01581979
 0.02260189 0.06452164 0.05127062 0.11623421 0.02323106 0.02253406
 0.01736146 0.05127062 0.03678275 0.01585332 0.056733   0.0289154
 0.02877562 0.04277784 0.03372157 0.02468172 0.01044539 0.0289154
 0.02652035 0.05454007 0.056733   0.01044539]
[0.03164084 0.02582909 0.02590383 0.06392859 0.02582909 0.01735555
 0.02141028 0.06883448 0.04728502 0.1040497  0.01877312 0.02197841
 0.01847257 0.04728502 0.03553184 0.01414563 0.06392859 0.0187209
 0.02538685 0.06322027 0.02591651 0.02173265 0.01471354 0.0187209
 0.02444341 0.05632117 0.0639286  0.01471354]
[0.03057053 0.02787699 0.0254802  0.0520185  0.02787699 0.02030732
 0.02718174 0.06545313 0.04296311 0.07381412 0.02667056 0.02592007
 0.02122075 0.04296311 0.03600707 0.02275921 0.0520185  0.02641711
 0.02879052 0.05886136 0.04107741 0.02094133 0.01499656 0.02641711
 0.03168474 0.06269688 0.0520185  0.01499656]
[0.03408753 0.02206113 0.02437107 0.056733   0.02206113 0.01581979
 0.02260189 0.06452164 0.05127062 0.11623421 0.02323106 0.02253406
 0.01736146 0.05127062 0.03678275 0.01585332 0.056733   0.0289154
 0.02877562 0.04277784 0.03372157 0.02468172 0.01044539 0.0289154
 0.02652035 0.05454007 0.056733   0.01044539]
[0.02352188 0.03079903 0.01989393 0.06260828 0.03079903 0.0178339
 0.02920114 0.07519662 0.04816764 0.13539551 0.02038321 0.01924808
 0.01733101 0.04816764 0.03035941 0.01274368 0.06260828 0.02160794
 0.02061295 0.0457043  0.02838033 0.02094284 0.01091902 0.02160794
 0.01986745 0.05257158 0.06260829 0.01091902]
[0.03219383 0.02336255 0.03307727 0.05718709 0.02336255 0.01731755
 0.02734756 0.05717432 0.05092772 0.10824583 0.01801331 0.02239028
 0.01659847 0.05092772 0.03632715 0.01722353 0.05718709 0.02421247
 0.02671303 0.06694067 0.02729972 0.02206557 0.01152049 0.02421247
 0.02136128 0.0581029  0.0571871  0.01152049]
[0.03232399 0.03077757 0.03149746 0.04641888 0.03077757 0.02325912
 0.02226744 0.05039774 0.06115671 0.10703243 0.02117171 0.02464408
 0.02278509 0.06115671 0.02565964 0.01727513 0.04641888 0.02275728
 0.02993755 0.05378641 0.03373123 0.01937179 0.01581384 0.02275728
 0.02480328 0.05978847 0.04641889 0.01581384]
[0.03620861 0.03532475 0.03109562 0.04998852 0.03532475 0.01791202
 0.02517047 0.05579001 0.05249049 0.06311503 0.02841659 0.02829954
 0.02346995 0.05249049 0.03282803 0.02103205 0.04998852 0.02056792
 0.0293508  0.05363553 0.03750212 0.02186166 0.01942135 0.02056792
 0.02988471 0.05885266 0.04998852 0.01942135]
[0.02780397 0.01853682 0.01957931 0.06942547 0.01853682 0.01440327
 0.0192552  0.07131325 0.04734852 0.1526209  0.02819714 0.01624278
 0.01904551 0.04734852 0.02546579 0.01030286 0.06942547 0.01623285
 0.02190032 0.05742206 0.02159238 0.0186103  0.00769516 0.01623285
 0.02080337 0.06753842 0.06942549 0.00769516]
[0.03722841 0.02823795 0.025952   0.04812029 0.02823795 0.01858177
 0.02058099 0.06183013 0.05095893 0.12223023 0.02147803 0.02205645
 0.01633071 0.05095893 0.03092749 0.01609153 0.04812029 0.02349064
 0.02671349 0.05879332 0.02986479 0.02535866 0.01137026 0.02349064
 0.02294933 0.07055624 0.04812029 0.01137026]
[0.0277758  0.03019607 0.02420248 0.04456414 0.03019607 0.01995364
 0.03278594 0.06594388 0.04953056 0.08459778 0.02547927 0.02597756
 0.02508753 0.04953056 0.04421222 0.01768973 0.04456414 0.027972
 0.02509825 0.05250883 0.03077285 0.0267931  0.01562297 0.027972
 0.025678   0.06510757 0.04456414 0.01562297]
[0.02969542 0.03373255 0.02805384 0.04973821 0.03373255 0.01859678
 0.02460303 0.07061476 0.0469528  0.09992254 0.02060262 0.02263458
 0.01940573 0.0469528  0.0329853  0.01469333 0.04973821 0.02333629
 0.02924895 0.06668407 0.02458722 0.02491036 0.01656501 0.02333629
 0.02290022 0.05947332 0.04973821 0.01656501]
[0.03620861 0.03532475 0.03109562 0.04998852 0.03532475 0.01791202
 0.02517047 0.05579001 0.05249049 0.06311503 0.02841659 0.02829954
 0.02346995 0.05249049 0.03282803 0.02103205 0.04998852 0.02056792
 0.0293508  0.05363553 0.03750212 0.02186166 0.01942135 0.02056792
 0.02988471 0.05885266 0.04998852 0.01942135]
[0.02995905 0.02560353 0.02344552 0.05084411 0.02560353 0.01946665
 0.02603692 0.07244307 0.06523538 0.10180524 0.01652125 0.02303238
 0.01787875 0.06523538 0.03512798 0.01665272 0.05084411 0.02036273
 0.02276013 0.058247   0.02711105 0.01843332 0.01169551 0.02036273
 0.02507722 0.06767512 0.05084411 0.01169551]
[0.03109051 0.02466616 0.02707075 0.04960325 0.02466616 0.02192699
 0.02327461 0.04917805 0.05172645 0.10838564 0.01601285 0.02652725
 0.01721013 0.05172645 0.03567745 0.0207369  0.04960325 0.02369433
 0.03267866 0.06533225 0.03374718 0.01795683 0.01534534 0.02369433
 0.02526214 0.06825755 0.04960325 0.01534534]
[0.03057053 0.02787699 0.0254802  0.0520185  0.02787699 0.02030732
 0.02718174 0.06545313 0.04296311 0.07381412 0.02667056 0.02592007
 0.02122075 0.04296311 0.03600707 0.02275921 0.0520185  0.02641711
 0.02879052 0.05886136 0.04107741 0.02094133 0.01499656 0.02641711
 0.03168474 0.06269688 0.0520185  0.01499656]
[0.02714543 0.02873461 0.02439886 0.04801315 0.02873461 0.02299974
 0.02597502 0.06352973 0.04273696 0.08355232 0.01760148 0.02100512
 0.025886   0.04273696 0.03636924 0.02046375 0.04801315 0.02401206
 0.03162074 0.07507083 0.0295496  0.02741027 0.01477727 0.02401206
 0.02912671 0.07373387 0.04801316 0.01477727]
[0.0328714  0.0295736  0.02759419 0.04974463 0.0295736  0.02110619
 0.02688382 0.06053722 0.05465788 0.12637907 0.01658937 0.0207967
 0.02228846 0.05465788 0.02829509 0.01789633 0.04974463 0.02136783
 0.03200242 0.05484732 0.02609752 0.02271841 0.01359502 0.02136783
 0.02199325 0.05348062 0.04974462 0.01359502]
[0.03065413 0.02762872 0.02064576 0.05151    0.02762872 0.01710861
 0.02384224 0.06253735 0.05920219 0.13426922 0.02152582 0.02267838
 0.02302036 0.05920219 0.02755453 0.01461763 0.05151    0.02109302
 0.02288226 0.05571727 0.02150949 0.02199866 0.00964027 0.02109302
 0.01951633 0.07026348 0.05151    0.00964027]
[0.03613026 0.03040402 0.02825433 0.05276128 0.03040402 0.0205031
 0.02499244 0.05389377 0.04260125 0.09323762 0.02492017 0.02423146
 0.02409265 0.04260125 0.03270012 0.01796626 0.05276128 0.02341373
 0.03109529 0.0548102  0.02886435 0.02210353 0.01528079 0.02341373
 0.02586974 0.07465126 0.05276128 0.01528079]
[0.03184107 0.02304259 0.02884899 0.05397497 0.02304259 0.01896342
 0.02445361 0.0500102  0.05418821 0.10025488 0.01547548 0.0214171
 0.01917695 0.05418821 0.02978917 0.01795701 0.05397497 0.02233537
 0.02528524 0.07949544 0.02773083 0.02049094 0.01479923 0.02233537
 0.02178924 0.07636468 0.05397497 0.01479923]
[0.02687714 0.02380083 0.02429986 0.05136309 0.02380083 0.02063102
 0.02392664 0.06624313 0.06272169 0.10233183 0.01696894 0.02281179
 0.01883308 0.06272169 0.03534537 0.01502984 0.05136309 0.01998864
 0.02383216 0.06644013 0.02910246 0.02759884 0.01380349 0.01998864
 0.02361394 0.06139529 0.05136309 0.01380349]
[0.02714543 0.02873461 0.02439886 0.04801315 0.02873461 0.02299974
 0.02597502 0.06352973 0.04273696 0.08355232 0.01760148 0.02100512
 0.025886   0.04273696 0.03636924 0.02046375 0.04801315 0.02401206
 0.03162074 0.07507083 0.0295496  0.02741027 0.01477727 0.02401206
 0.02912671 0.07373387 0.04801316 0.01477727]
[0.03739219 0.03144552 0.03019315 0.05293097 0.03144552 0.02285137
 0.02814376 0.05169744 0.0407433  0.08247544 0.02650617 0.02529803
 0.02755787 0.0407433  0.03022572 0.01751275 0.05293097 0.02272759
 0.03309976 0.05213401 0.03270796 0.02697876 0.01796733 0.02272759
 0.03057383 0.06009133 0.05293097 0.01796733]
[0.0339199  0.03030436 0.0249308  0.04686401 0.03030436 0.01704017
 0.0267143  0.0556202  0.05209338 0.08201566 0.02228654 0.02387007
 0.02215961 0.05209338 0.03563362 0.02293774 0.04686401 0.02566463
 0.02772928 0.05988532 0.03460848 0.02664426 0.0138941  0.02566463
 0.02285396 0.07664508 0.046864   0.0138941 ]
[0.03057053 0.02787699 0.0254802  0.0520185  0.02787699 0.02030732
 0.02718174 0.06545313 0.04296311 0.07381412 0.02667056 0.02592007
 0.02122075 0.04296311 0.03600707 0.02275921 0.0520185  0.02641711
 0.02879052 0.05886136 0.04107741 0.02094133 0.01499656 0.02641711
 0.03168474 0.06269688 0.0520185  0.01499656]
[0.02687714 0.02380083 0.02429986 0.05136309 0.02380083 0.02063102
 0.02392664 0.06624313 0.06272169 0.10233183 0.01696894 0.02281179
 0.01883308 0.06272169 0.03534537 0.01502984 0.05136309 0.01998864
 0.02383216 0.06644013 0.02910246 0.02759884 0.01380349 0.01998864
 0.02361394 0.06139529 0.05136309 0.01380349]]