10558
Test: public void test33() throws Throwable { Functions.FailableCallable<RuntimeException, IOException> functions_FailableCallable0 = (Functions.FailableCallable<RuntimeException, IOException>) mock(Functions.FailableCallable.class, new ViolatedAssumptionAnswer()); Callable<RuntimeException> callable0 = Functions.asCallable((Functions.FailableCallable<RuntimeException, ?>) functions_FailableCallable0); }
Code: public static <O> Callable<O> asCallable(final FailableCallable<O, ?> callable) { return () -> call(callable); }
[[0.05255329 0.1512076  0.07290182 0.07290182 0.07290182 0.07290182
 0.06198632 0.07290182 0.06670539 0.05742093 0.03714096 0.11392023
 0.07290183 0.0216544 ]
[0.05464266 0.1467981  0.07349626 0.07349626 0.07349626 0.07349626
 0.04702428 0.07349626 0.09829037 0.05184526 0.03782197 0.09602784
 0.07349627 0.02657193]
[0.04407257 0.15475284 0.07331052 0.07331052 0.07331052 0.07331052
 0.05506793 0.07331052 0.0712425  0.05352809 0.03652424 0.12083554
 0.07331052 0.0241132 ]
[0.04407257 0.15475284 0.07331052 0.07331052 0.07331052 0.07331052
 0.05506793 0.07331052 0.0712425  0.05352809 0.03652424 0.12083554
 0.07331052 0.0241132 ]
[0.04407257 0.15475284 0.07331052 0.07331052 0.07331052 0.07331052
 0.05506793 0.07331052 0.0712425  0.05352809 0.03652424 0.12083554
 0.07331052 0.0241132 ]
[0.04407257 0.15475284 0.07331052 0.07331052 0.07331052 0.07331052
 0.05506793 0.07331052 0.0712425  0.05352809 0.03652424 0.12083554
 0.07331052 0.0241132 ]
[0.04753769 0.15059012 0.07062772 0.07062772 0.07062772 0.07062772
 0.07080432 0.07062772 0.0922304  0.06716102 0.03448329 0.08992356
 0.07062773 0.02350323]
[0.04407257 0.15475284 0.07331052 0.07331052 0.07331052 0.07331052
 0.05506793 0.07331052 0.0712425  0.05352809 0.03652424 0.12083554
 0.07331052 0.0241132 ]
[0.05598864 0.13405418 0.07199705 0.07199705 0.07199705 0.07199705
 0.05399005 0.07199705 0.09304641 0.06403961 0.03856106 0.09601317
 0.07199705 0.03232461]
[0.03746577 0.16718829 0.07669312 0.07669312 0.07669312 0.07669312
 0.05789319 0.07669312 0.069143   0.05509867 0.03690293 0.09699263
 0.07669313 0.01915681]
[0.04274063 0.17947093 0.07461113 0.07461113 0.07461113 0.07461113
 0.04730529 0.07461113 0.0781781  0.07005843 0.02692812 0.09267107
 0.07461114 0.01498053]
[0.05497368 0.13848029 0.07243539 0.07243539 0.07243539 0.07243539
 0.0534422  0.07243539 0.10305661 0.06396352 0.04082685 0.08906275
 0.07243539 0.02158176]
[0.04407258 0.15475282 0.07331052 0.07331052 0.07331052 0.07331052
 0.05506792 0.07331052 0.07124251 0.05352809 0.03652423 0.12083556
 0.07331052 0.0241132 ]
[0.03782322 0.16434753 0.06999845 0.06999845 0.06999845 0.06999845
 0.05505941 0.06999845 0.10145081 0.0838349  0.02927304 0.08659336
 0.06999846 0.02162698]]