150884
Test: public void test34() throws Throwable { FTPSClient fTPSClient0 = new FTPSClient();  fTPSClient0.execADAT((byte[]) null);   }
Code: public int execADAT(final byte[] data) throws IOException { if (data != null) { return sendCommand(CMD_ADAT, Base64.encodeBase64StringUnChunked(data)); } return sendCommand(CMD_ADAT); }
[[0.04241175 0.02712025 0.05883469 0.06185146 0.07654568 0.10155769
 0.02154848 0.05508284 0.11416935 0.03487317 0.02296571 0.02296484
 0.05508284 0.04649444 0.05883469 0.05883469 0.01774911 0.04649444
 0.0588347  0.01774911]
[0.02645729 0.01996369 0.0701802  0.0405177  0.0907306  0.08285621
 0.01981947 0.0547366  0.15232763 0.03586015 0.01601398 0.01640153
 0.0547366  0.04208431 0.0701802  0.0701802  0.01234457 0.0420843
 0.0701802  0.01234457]
[0.03562738 0.02346711 0.06023741 0.06241142 0.08405057 0.11473671
 0.02296537 0.05220262 0.08656215 0.05476366 0.02252806 0.02517765
 0.05220262 0.04312884 0.06023741 0.06023741 0.01804873 0.04312883
 0.06023741 0.01804873]
[0.04023071 0.02277721 0.05378527 0.05085285 0.08832386 0.12657157
 0.02267972 0.05107887 0.10898697 0.0385529  0.02303137 0.01965559
 0.05107887 0.05559734 0.05378527 0.05378527 0.01492188 0.05559734
 0.05378528 0.01492188]
[0.03393777 0.02250962 0.0567616  0.05583926 0.07667001 0.10052215
 0.02661805 0.05097275 0.10419922 0.05474461 0.02146239 0.01916538
 0.05097275 0.05989965 0.0567616  0.0567616  0.0177702  0.05989965
 0.0567616  0.0177702 ]
[0.02868311 0.01828848 0.05265724 0.05122363 0.08315991 0.14655246
 0.0169822  0.0626173  0.1280021  0.03561255 0.02125904 0.01772119
 0.0626173  0.04566583 0.05265724 0.05265724 0.01266006 0.04566584
 0.05265725 0.01266006]
[0.0326607  0.01861858 0.06249459 0.04408217 0.08520766 0.12723799
 0.01715897 0.05277247 0.13193557 0.03920008 0.01890277 0.01428497
 0.05277247 0.04594455 0.06249459 0.06249459 0.01164909 0.04594456
 0.06249459 0.01164909]
[0.04299975 0.02085358 0.05749115 0.05622447 0.08926886 0.07658146
 0.02844857 0.06653491 0.0744002  0.0424561  0.03001162 0.02831828
 0.06653491 0.04982664 0.05749115 0.05749115 0.02387468 0.04982664
 0.05749115 0.02387468]
[0.02648442 0.01343814 0.06363559 0.0506005  0.08522687 0.15691553
 0.01543805 0.05046774 0.14738302 0.04414365 0.00967569 0.01022286
 0.05046774 0.03455842 0.06363559 0.06363559 0.00793827 0.03455841
 0.0636356  0.00793827]
[0.02995468 0.01817973 0.05835492 0.03755473 0.08518796 0.09478755
 0.01897876 0.07923587 0.12586069 0.0303153  0.01587815 0.02164807
 0.07923587 0.05173667 0.05835492 0.05835492 0.01314481 0.05173668
 0.05835492 0.01314481]
[0.03261023 0.01883444 0.05667509 0.04752461 0.10141183 0.12179984
 0.01758976 0.06612359 0.12168433 0.03766183 0.0130462  0.01688556
 0.06612359 0.04370119 0.05667509 0.05667509 0.01230073 0.04370119
 0.0566751  0.01230073]
[0.03177204 0.01789947 0.06007658 0.04388521 0.08955607 0.11286817
 0.02083518 0.06620403 0.14569707 0.02943166 0.01715957 0.0202942
 0.06620403 0.03840403 0.06007658 0.06007658 0.01053948 0.03840403
 0.06007659 0.01053948]
[0.04299975 0.02085358 0.05749115 0.05622447 0.08926886 0.07658146
 0.02844857 0.06653491 0.0744002  0.0424561  0.03001162 0.02831828
 0.06653491 0.04982664 0.05749115 0.05749115 0.02387468 0.04982664
 0.05749115 0.02387468]
[0.03003212 0.01863106 0.06180339 0.0537652  0.08619386 0.11781625
 0.02201539 0.0547547  0.12641685 0.03334899 0.01803585 0.01804603
 0.0547547  0.04428133 0.06180339 0.06180339 0.01520637 0.04428133
 0.06180339 0.01520637]
[0.03562738 0.02346711 0.06023741 0.06241142 0.08405057 0.11473671
 0.02296537 0.05220262 0.08656215 0.05476366 0.02252806 0.02517765
 0.05220262 0.04312884 0.06023741 0.06023741 0.01804873 0.04312883
 0.06023741 0.01804873]
[0.03562738 0.02346711 0.06023741 0.06241142 0.08405057 0.11473671
 0.02296537 0.05220262 0.08656215 0.05476366 0.02252806 0.02517765
 0.05220262 0.04312884 0.06023741 0.06023741 0.01804873 0.04312883
 0.06023741 0.01804873]
[0.02851351 0.0218245  0.05424549 0.03482392 0.08066568 0.12048734
 0.0218268  0.06795409 0.10887232 0.04058319 0.02023266 0.01804904
 0.06795409 0.06073547 0.05424549 0.05424549 0.01487998 0.06073546
 0.05424548 0.01487998]
[0.03003212 0.01863106 0.06180339 0.0537652  0.08619386 0.11781625
 0.02201539 0.0547547  0.12641685 0.03334899 0.01803585 0.01804603
 0.0547547  0.04428133 0.06180339 0.06180339 0.01520637 0.04428133
 0.06180339 0.01520637]
[0.03562738 0.02346711 0.06023741 0.06241142 0.08405057 0.11473671
 0.02296537 0.05220262 0.08656215 0.05476366 0.02252806 0.02517765
 0.05220262 0.04312884 0.06023741 0.06023741 0.01804873 0.04312883
 0.06023741 0.01804873]
[0.02851351 0.0218245  0.05424549 0.03482392 0.08066568 0.12048734
 0.0218268  0.06795409 0.10887232 0.04058319 0.02023266 0.01804904
 0.06795409 0.06073547 0.05424549 0.05424549 0.01487998 0.06073546
 0.05424548 0.01487998]]