40804
Test: public void test7() throws Throwable { DateTimeParserBucket.SavedField dateTimeParserBucket_SavedField0 = new DateTimeParserBucket.SavedField(); // Undeclared exception!  dateTimeParserBucket_SavedField0.set(0L, false);   }
Code: public DateTimeParserBucket(long instantLocal, Chronology chrono, Locale locale) { this(instantLocal, chrono, locale, null, 2000); }
[[0.06124822 0.0849589  0.10687245 0.06850099 0.02769748 0.04416113
 0.0462799  0.07302022 0.0849589  0.02769748 0.0849589  0.1748029
 0.0906385  0.02420407]
[0.0532986  0.09045587 0.11384991 0.05819253 0.03198242 0.0438948
 0.05929703 0.07621186 0.09045587 0.03198242 0.09045587 0.15452088
 0.07890563 0.02649626]
[0.05112126 0.10002977 0.08218303 0.07398522 0.02562128 0.03700889
 0.03757128 0.1075019  0.10002977 0.02562128 0.10002977 0.17986295
 0.0635425  0.0158912 ]
[0.06425832 0.08899855 0.09750631 0.06187841 0.03440387 0.03988859
 0.04692702 0.09532324 0.08899855 0.03440387 0.08899855 0.1467965
 0.08393647 0.02768174]
[0.05713126 0.10023972 0.09921428 0.06874575 0.03601976 0.03992309
 0.05358564 0.08041759 0.10023973 0.03601976 0.10023973 0.12967773
 0.07393229 0.02461367]
[0.05374524 0.08395629 0.07799889 0.07742782 0.02939843 0.0344213
 0.03839209 0.07815179 0.08395629 0.02939843 0.08395629 0.23273906
 0.07727276 0.01918532]
[0.05581    0.10425079 0.07104921 0.07113275 0.03104883 0.03744986
 0.04899278 0.08335023 0.10425079 0.03104883 0.10425079 0.15242383
 0.08438687 0.0205545 ]
[0.06343002 0.0868061  0.09307554 0.06538412 0.03989282 0.03868522
 0.04983064 0.09366428 0.0868061  0.03989283 0.0868061  0.15064482
 0.07072869 0.03435267]
[0.0532986  0.09045587 0.11384991 0.05819253 0.03198242 0.0438948
 0.05929703 0.07621186 0.09045587 0.03198242 0.09045587 0.15452088
 0.07890563 0.02649626]
[0.05713126 0.10023972 0.09921428 0.06874575 0.03601976 0.03992309
 0.05358564 0.08041759 0.10023973 0.03601976 0.10023973 0.12967773
 0.07393229 0.02461367]
[0.0532986  0.09045587 0.11384991 0.05819253 0.03198242 0.0438948
 0.05929703 0.07621186 0.09045587 0.03198242 0.09045587 0.15452088
 0.07890563 0.02649626]
[0.04742969 0.09583415 0.09073747 0.06008413 0.02499092 0.04069415
 0.04402659 0.09038735 0.09583416 0.02499092 0.09583416 0.20042692
 0.06772773 0.02100166]
[0.05738143 0.09626117 0.07734697 0.07659049 0.03059227 0.03854487
 0.05098563 0.08809686 0.09626117 0.03059227 0.09626117 0.15653622
 0.08146489 0.02308469]
[0.04614578 0.08866631 0.08841506 0.07340488 0.03616572 0.02851194
 0.04547969 0.10491456 0.08866631 0.03616572 0.08866631 0.16560684
 0.08595452 0.02323631]]