166974
Test: public void test17() throws Throwable { DynamicCombinedConfiguration dynamicCombinedConfiguration0 = new DynamicCombinedConfiguration(); // Undeclared exception!  dynamicCombinedConfiguration0.copyEventListeners((BaseEventSource) null);   }
Code: public void copyEventListeners(final BaseEventSource source) { if (source == null) { throw new IllegalArgumentException("Target event source must not be null!"); } source.eventListeners.addAll(eventListeners); }
[[0.03336111 0.02696488 0.04628036 0.04628036 0.02835015 0.04432765
 0.0899075  0.07293024 0.05266536 0.01792911 0.04432765 0.03366212
 0.01683662 0.04628036 0.04628036 0.09430231 0.0789141  0.03073436
 0.0287444  0.04628036 0.01418013 0.04628037 0.01418013]
[0.02547909 0.02274613 0.04872431 0.04872431 0.03229936 0.04673009
 0.08512807 0.09427147 0.03653892 0.01283029 0.04673009 0.02996096
 0.01173715 0.04872431 0.04872431 0.09465307 0.08623925 0.02265353
 0.03140519 0.04872431 0.01412572 0.04872431 0.01412572]
[0.02803038 0.02502756 0.04679116 0.04679116 0.03324301 0.0443968
 0.06894299 0.06739116 0.05314162 0.01999318 0.0443968  0.03311446
 0.02130442 0.04679116 0.04679116 0.10289443 0.08843558 0.02289745
 0.03586074 0.04679116 0.01509126 0.04679117 0.01509126]
[0.02803038 0.02502756 0.04679116 0.04679116 0.03324301 0.0443968
 0.06894299 0.06739116 0.05314162 0.01999318 0.0443968  0.03311446
 0.02130442 0.04679116 0.04679116 0.10289443 0.08843558 0.02289745
 0.03586074 0.04679116 0.01509126 0.04679117 0.01509126]
[0.02748664 0.02707706 0.04967697 0.04967697 0.03179599 0.05058932
 0.08549065 0.07869992 0.04075956 0.01702065 0.05058932 0.02922012
 0.01559034 0.04967697 0.04967697 0.07854407 0.08733027 0.02731442
 0.03054915 0.04967697 0.01194037 0.04967698 0.01194037]
[0.03575443 0.03121921 0.0467425  0.0467425  0.03239119 0.05770419
 0.06155092 0.07347608 0.03820708 0.02307932 0.05770419 0.03268664
 0.0199174  0.0467425  0.0467425  0.072616   0.0721779  0.03300801
 0.03742962 0.04674251 0.02031138 0.04674251 0.02031138]
[0.02160753 0.01658421 0.04872332 0.04872332 0.02339463 0.04804488
 0.12281106 0.08388186 0.0433219  0.00821727 0.04804488 0.02121802
 0.00846675 0.04872332 0.04872332 0.09773429 0.09982448 0.01965542
 0.03034225 0.04872333 0.00725531 0.04872333 0.00725531]
[0.0274481  0.0236694  0.04926863 0.04926863 0.03061781 0.05039822
 0.08269423 0.08461009 0.04575925 0.01550639 0.05039822 0.02738427
 0.01356513 0.04926863 0.04926863 0.08908164 0.07591227 0.02102058
 0.03321039 0.04926863 0.01655613 0.04926863 0.01655613]
[0.02152507 0.02303597 0.03520141 0.03520141 0.02512468 0.05528853
 0.11865427 0.08655056 0.05332046 0.01398895 0.05528853 0.02635591
 0.01429107 0.03520141 0.03520141 0.10054209 0.12041502 0.01945444
 0.03227737 0.03520141 0.01133932 0.03520141 0.01133932]
[0.02588555 0.01954055 0.04639292 0.04639292 0.03403649 0.05934198
 0.11721075 0.08030653 0.04823025 0.01591183 0.05934198 0.02443865
 0.01055677 0.04639292 0.04639292 0.08106592 0.07423937 0.02502032
 0.02832178 0.04639293 0.0090969  0.04639293 0.0090969 ]
[0.03575443 0.03121921 0.0467425  0.0467425  0.03239119 0.05770419
 0.06155092 0.07347608 0.03820708 0.02307932 0.05770419 0.03268664
 0.0199174  0.0467425  0.0467425  0.072616   0.0721779  0.03300801
 0.03742962 0.04674251 0.02031138 0.04674251 0.02031138]
[0.02539027 0.02083353 0.04172932 0.04172932 0.03248465 0.06428175
 0.08779605 0.06517909 0.03829097 0.01482417 0.06428175 0.03020225
 0.01379483 0.04172932 0.04172932 0.09951267 0.11359654 0.02200756
 0.03579219 0.04172932 0.0106779  0.04172933 0.0106779 ]
[0.02858164 0.02597955 0.04362294 0.04362294 0.03190212 0.05226103
 0.09681643 0.07726469 0.05228953 0.01601193 0.05226103 0.03177101
 0.01852236 0.04362294 0.04362294 0.06713799 0.09779824 0.02177694
 0.03760817 0.04362294 0.01513985 0.04362295 0.01513985]
[0.02803038 0.02502756 0.04679116 0.04679116 0.03324301 0.0443968
 0.06894299 0.06739116 0.05314162 0.01999318 0.0443968  0.03311446
 0.02130442 0.04679116 0.04679116 0.10289443 0.08843558 0.02289745
 0.03586074 0.04679116 0.01509126 0.04679117 0.01509126]
[0.02803038 0.02502756 0.04679116 0.04679116 0.03324301 0.0443968
 0.06894299 0.06739116 0.05314162 0.01999318 0.0443968  0.03311446
 0.02130442 0.04679116 0.04679116 0.10289443 0.08843558 0.02289745
 0.03586074 0.04679116 0.01509126 0.04679117 0.01509126]
[0.02476121 0.02107812 0.04311355 0.04311355 0.03731843 0.05941488
 0.1057126  0.06288324 0.04258928 0.01899476 0.05941488 0.03051145
 0.0180831  0.04311355 0.04311355 0.08192009 0.08922623 0.02089985
 0.04000955 0.04311355 0.01425049 0.04311356 0.01425049]
[0.0262219  0.02178835 0.04088326 0.04088326 0.03131811 0.05775111
 0.09832481 0.06858751 0.04332402 0.01836607 0.05775111 0.0345826
 0.01975739 0.04088326 0.04088326 0.09815548 0.08356458 0.02109092
 0.04752682 0.04088326 0.01329485 0.04088327 0.01329485]
[0.02488001 0.0253427  0.0426615  0.0426615  0.03385468 0.05433168
 0.08418237 0.08172839 0.05144953 0.01879338 0.05433168 0.03259423
 0.01612305 0.0426615  0.0426615  0.09266884 0.08237987 0.02388445
 0.03756053 0.0426615  0.01496283 0.0426615  0.01496283]
[0.02802501 0.02370212 0.05027004 0.05027004 0.02887831 0.04395857
 0.09459962 0.06831416 0.04543832 0.01721084 0.04395857 0.02579635
 0.01322625 0.05027004 0.05027004 0.08260729 0.09005269 0.02501234
 0.03831804 0.05027004 0.01464064 0.05027005 0.01464064]
[0.02803038 0.02502756 0.04679116 0.04679116 0.03324301 0.0443968
 0.06894299 0.06739116 0.05314162 0.01999318 0.0443968  0.03311446
 0.02130442 0.04679116 0.04679116 0.10289443 0.08843558 0.02289745
 0.03586074 0.04679116 0.01509126 0.04679117 0.01509126]
[0.0238312  0.02177906 0.04513489 0.04513489 0.03737763 0.05796599
 0.09125085 0.06643943 0.04101925 0.0150464  0.05796599 0.0318395
 0.01333911 0.04513489 0.04513489 0.1114708  0.06514029 0.02472773
 0.04473335 0.04513489 0.01263202 0.0451349  0.01263202]
[0.02803038 0.02502756 0.04679116 0.04679116 0.03324301 0.0443968
 0.06894299 0.06739114 0.0531416  0.01999319 0.0443968  0.03311446
 0.02130442 0.04679116 0.04679116 0.10289443 0.08843558 0.02289745
 0.03586074 0.04679116 0.01509126 0.04679116 0.01509126]
[0.0238312  0.02177906 0.04513489 0.04513489 0.03737763 0.05796599
 0.09125085 0.06643943 0.04101925 0.0150464  0.05796599 0.0318395
 0.01333911 0.04513489 0.04513489 0.1114708  0.06514029 0.02472773
 0.04473335 0.04513489 0.01263202 0.0451349  0.01263202]]