152943
Test: public void test3() throws Throwable { FileConverter fileConverter0 = new FileConverter(); ConverterFacade converterFacade0 = new ConverterFacade(fileConverter0); Class<String> class0 = String.class; String string0 = converterFacade0.convert(class0, (Object) converterFacade0); }
Code: public <T> T convert(final Class<T> type, final Object value) { return converter.convert(type, value); }
[[0.05985504 0.14609018 0.03973847 0.08302777 0.04544992 0.06003537
 0.0471195  0.04605241 0.07516288 0.07280375 0.06500752 0.08302778
 0.15265982 0.02396956]
[0.06141158 0.16603905 0.02772814 0.09485507 0.03558337 0.05693326
 0.04361637 0.03983382 0.07887885 0.09667964 0.06810483 0.09485507
 0.11298387 0.02249707]
[0.05532293 0.15340482 0.03193932 0.09173827 0.0389154  0.06609587
 0.05078784 0.04491777 0.07144455 0.0777197  0.0636554  0.09173827
 0.13928792 0.02303195]
[0.05097651 0.1460982  0.03281084 0.08681877 0.04441517 0.0848866
 0.04635934 0.03823386 0.08701053 0.07121171 0.0616179  0.08681877
 0.13785012 0.02489176]
[0.05101374 0.17541924 0.02903744 0.08416381 0.03840617 0.06008458
 0.04543002 0.0373645  0.08223316 0.07659514 0.07403409 0.08416381
 0.1430954  0.01895886]
[0.04603927 0.18794927 0.03153209 0.0785096  0.04265809 0.06936952
 0.03794295 0.03810479 0.0816573  0.09307729 0.06937616 0.0785096
 0.13086861 0.01440543]
[0.05574687 0.17363517 0.03240155 0.0938865  0.03772214 0.06198055
 0.03589536 0.04226977 0.05507902 0.0821264  0.08073209 0.0938865
 0.13780567 0.01683237]
[0.05975405 0.15395553 0.02956044 0.08274106 0.03617908 0.06713064
 0.04192912 0.04298493 0.06796995 0.102075   0.07337946 0.08274107
 0.13949771 0.02010201]
[0.05849971 0.15496968 0.02835456 0.09064598 0.04285353 0.07165141
 0.04445187 0.03770066 0.0755811  0.08515818 0.06769863 0.09064598
 0.12969294 0.0220958 ]
[0.06374452 0.13126637 0.03462367 0.08708892 0.05258241 0.07359949
 0.06226994 0.03795887 0.07257015 0.09445961 0.07441048 0.08708893
 0.09374978 0.03458688]
[0.04337629 0.17520131 0.02510655 0.0926818  0.03875728 0.05608763
 0.03817353 0.04045341 0.07997402 0.07208921 0.06515717 0.0926818
 0.1598589  0.02040109]
[0.05097651 0.1460982  0.03281084 0.08681877 0.04441517 0.0848866
 0.04635934 0.03823386 0.08701053 0.07121171 0.0616179  0.08681877
 0.13785012 0.02489176]
[0.05345561 0.16106895 0.03599454 0.07718136 0.03951531 0.07645243
 0.04652832 0.04212674 0.07069086 0.08745974 0.07495499 0.07718136
 0.13746342 0.01992636]
[0.04687102 0.19140509 0.03139982 0.0927861  0.03766271 0.05920567
 0.04007027 0.04438593 0.05933747 0.09081805 0.09380058 0.0927861
 0.09849915 0.02097208]]