152266
Test: public void test4() throws Throwable { FluentPropertyBeanIntrospector fluentPropertyBeanIntrospector0 = null;  fluentPropertyBeanIntrospector0 = new FluentPropertyBeanIntrospector((String) null);   }
Code: public FluentPropertyBeanIntrospector(final String writePrefix) { if (writePrefix == null) { throw new IllegalArgumentException( "Prefix for write methods must not be null!"); } writeMethodPrefix = writePrefix; }
[[0.03260289 0.04523065 0.04156453 0.04523065 0.04555242 0.08809149
 0.04523065 0.05083157 0.01722001 0.04555242 0.03276006 0.01629981
 0.01715812 0.04523065 0.03081072 0.03586439 0.04523065 0.07408812
 0.03138686 0.02903163 0.04523065 0.01434626 0.04523065 0.02064724
 0.04523066 0.01434626]
[0.02691312 0.04434487 0.04818965 0.04434487 0.04584054 0.06700558
 0.04434487 0.05041772 0.01937434 0.04584054 0.03185829 0.02073545
 0.01352006 0.04434487 0.03565559 0.04051252 0.04434487 0.07981175
 0.02306624 0.03619701 0.04434487 0.0153508  0.04434487 0.02960103
 0.04434488 0.0153508 ]
[0.0330238  0.04611435 0.03768424 0.04611435 0.05160263 0.09583674
 0.04611435 0.04214414 0.01474623 0.05160263 0.03145576 0.01414746
 0.01168749 0.04611435 0.03001805 0.03693626 0.04611435 0.06625233
 0.02638666 0.03944491 0.04611435 0.01291688 0.04611435 0.02228213
 0.04611435 0.01291688]
[0.02691312 0.04434487 0.04818965 0.04434487 0.04584054 0.06700558
 0.04434487 0.05041772 0.01937434 0.04584054 0.03185829 0.02073545
 0.01352006 0.04434487 0.03565559 0.04051252 0.04434487 0.07981175
 0.02306624 0.03619701 0.04434487 0.0153508  0.04434487 0.02960103
 0.04434488 0.0153508 ]
[0.03417685 0.04317135 0.04747592 0.04317135 0.05854091 0.05839015
 0.04317135 0.03574151 0.02139669 0.05854091 0.03140019 0.01854844
 0.0146802  0.04317135 0.03265634 0.0401601  0.04317135 0.06459749
 0.03273935 0.03683264 0.04317135 0.02006825 0.04317135 0.02861502
 0.04317136 0.02006825]
[0.02185924 0.04756867 0.04674101 0.04756867 0.05230878 0.12562594
 0.04756867 0.04246789 0.0082466  0.05230878 0.02193531 0.00871687
 0.00699575 0.04756867 0.02602252 0.02626434 0.04756867 0.09301102
 0.02123119 0.03254346 0.04756867 0.00775973 0.04756867 0.01765254
 0.04756868 0.00775972]
[0.02691312 0.04434487 0.04818965 0.04434487 0.04584054 0.06700558
 0.04434487 0.05041772 0.01937434 0.04584054 0.03185829 0.02073545
 0.01352006 0.04434487 0.03565559 0.04051252 0.04434487 0.07981175
 0.02306624 0.03619701 0.04434487 0.0153508  0.04434487 0.02960103
 0.04434488 0.0153508 ]
[0.02201628 0.03415765 0.05747965 0.03415765 0.06244301 0.12073758
 0.03415765 0.05343942 0.01421038 0.06244301 0.02786189 0.0148683
 0.0076355  0.03415765 0.02753529 0.03948897 0.03415765 0.11152613
 0.02143112 0.03536391 0.03415765 0.0125308  0.03415765 0.02319675
 0.03415766 0.0125308 ]
[0.02584659 0.04482288 0.03982317 0.04482288 0.06242791 0.11615724
 0.04482288 0.04732627 0.01552215 0.06242791 0.02469143 0.01049958
 0.01083558 0.04482288 0.03054544 0.03472641 0.04482288 0.06981334
 0.02593973 0.02906567 0.04482288 0.00938294 0.04482288 0.01700266
 0.04482288 0.00938294]
[0.03417685 0.04317135 0.04747592 0.04317135 0.05854091 0.05839015
 0.04317135 0.03574151 0.02139669 0.05854091 0.03140019 0.01854844
 0.0146802  0.04317135 0.03265634 0.0401601  0.04317135 0.06459749
 0.03273935 0.03683264 0.04317135 0.02006825 0.04317135 0.02861502
 0.04317136 0.02006825]
[0.02513626 0.04033046 0.05008495 0.04033046 0.07012468 0.08801104
 0.04033046 0.03656318 0.01437076 0.07012468 0.03021112 0.01342729
 0.01029366 0.04033046 0.02760212 0.03346212 0.04033046 0.10254327
 0.02326055 0.03782724 0.04033046 0.0111234  0.04033046 0.02206659
 0.04033047 0.0111234 ]
[0.02805501 0.04188898 0.04830265 0.04188898 0.05351292 0.0937047
 0.04188898 0.04950102 0.01534686 0.05351292 0.03070235 0.01792653
 0.01051061 0.04188898 0.02417973 0.03669138 0.04188898 0.09033091
 0.02194483 0.03775409 0.04188898 0.0153467  0.04188898 0.02221817
 0.041889   0.0153467 ]
[0.0332201  0.04543751 0.0541257  0.04543751 0.05267706 0.08664844
 0.04543751 0.04678737 0.01660462 0.05267706 0.02860275 0.01562211
 0.01341183 0.04543751 0.02638396 0.03311167 0.04543751 0.07536046
 0.02796668 0.03149569 0.04543751 0.01138049 0.04543751 0.01904335
 0.04543753 0.01138049]
[0.02691312 0.04434487 0.04818965 0.04434487 0.04584054 0.06700558
 0.04434487 0.05041772 0.01937434 0.04584054 0.03185829 0.02073545
 0.01352006 0.04434487 0.03565559 0.04051252 0.04434487 0.07981175
 0.02306624 0.03619701 0.04434487 0.0153508  0.04434487 0.02960103
 0.04434488 0.0153508 ]
[0.03231045 0.04397133 0.04795398 0.04397133 0.06190906 0.10002562
 0.04397133 0.04522144 0.0136509  0.06190906 0.03289355 0.01246195
 0.01206234 0.04397133 0.0301095  0.03195937 0.04397133 0.0611371
 0.03180342 0.03156135 0.04397133 0.00983632 0.04397133 0.02158765
 0.04397134 0.00983632]
[0.02547593 0.04088505 0.04434013 0.04088505 0.05342272 0.10187523
 0.04088505 0.04249772 0.01389283 0.05342272 0.03480626 0.01547601
 0.01351854 0.04088505 0.0351837  0.0509477  0.04088505 0.07987949
 0.02147491 0.03880933 0.04088505 0.01282064 0.04088505 0.02225515
 0.04088506 0.01282064]
[0.02691312 0.04434487 0.04818965 0.04434487 0.04584054 0.06700558
 0.04434487 0.05041772 0.01937434 0.04584054 0.03185829 0.02073545
 0.01352006 0.04434487 0.03565559 0.04051252 0.04434487 0.07981175
 0.02306624 0.03619701 0.04434487 0.0153508  0.04434487 0.02960103
 0.04434488 0.0153508 ]
[0.02512954 0.03863043 0.04348441 0.03863043 0.06139525 0.09618043
 0.03863043 0.04156675 0.01746322 0.06139525 0.03380958 0.01934356
 0.01425404 0.03863043 0.03716961 0.0424066  0.03863043 0.0754639
 0.02196001 0.04912498 0.03863043 0.01378035 0.03863043 0.02324874
 0.03863044 0.01378034]
[0.02487225 0.04193645 0.04120681 0.04193645 0.05763163 0.08424169
 0.04193645 0.05104617 0.01846079 0.05763163 0.03301057 0.0163251
 0.01433641 0.04193645 0.03296267 0.04073066 0.04193645 0.07897191
 0.02505785 0.03922335 0.04193645 0.01546032 0.04193645 0.01787826
 0.04193645 0.01546031]
[0.0270179  0.04760545 0.04072316 0.04760545 0.04561887 0.09213889
 0.04760545 0.04389591 0.01666473 0.04561887 0.02531944 0.01290097
 0.01170679 0.04760545 0.02794419 0.03202941 0.04760545 0.08173069
 0.02562946 0.03909813 0.04760545 0.01492599 0.04760545 0.02126693
 0.04760546 0.01492599]
[0.02691312 0.04434487 0.04818965 0.04434487 0.04584054 0.06700558
 0.04434487 0.05041772 0.01937434 0.04584054 0.03185829 0.02073545
 0.01352006 0.04434487 0.03565559 0.04051252 0.04434487 0.07981175
 0.02306624 0.03619701 0.04434487 0.0153508  0.04434487 0.02960103
 0.04434488 0.0153508 ]
[0.02322921 0.04263874 0.04251362 0.04263874 0.06433322 0.09066397
 0.04263874 0.04064917 0.01440719 0.06433322 0.03269892 0.01304401
 0.01377578 0.04263874 0.02908598 0.04743735 0.04263874 0.06001078
 0.0260993  0.04785827 0.04263874 0.01362075 0.04263874 0.02150863
 0.04263875 0.01362075]
[0.02691312 0.04434487 0.04818965 0.04434487 0.04584054 0.06700558
 0.04434487 0.05041772 0.01937434 0.04584054 0.03185829 0.02073545
 0.01352006 0.04434487 0.03565559 0.04051252 0.04434487 0.07981175
 0.02306624 0.03619701 0.04434487 0.0153508  0.04434487 0.02960103
 0.04434488 0.0153508 ]
[0.03495526 0.04940958 0.04126984 0.04940958 0.04064155 0.07760431
 0.04940958 0.03915139 0.02207571 0.04064155 0.02856209 0.01651411
 0.01577004 0.04940958 0.03250766 0.03296946 0.04940958 0.04764415
 0.03446317 0.03581261 0.04940958 0.01741205 0.04940958 0.02931643
 0.04940958 0.01741204]
[0.02691312 0.04434487 0.04818965 0.04434487 0.04584054 0.06700559
 0.04434487 0.05041771 0.01937434 0.04584054 0.03185829 0.02073545
 0.01352006 0.04434487 0.03565559 0.04051252 0.04434487 0.07981171
 0.02306624 0.036197   0.04434487 0.0153508  0.04434487 0.02960102
 0.04434487 0.0153508 ]
[0.02322921 0.04263874 0.04251362 0.04263874 0.06433322 0.09066395
 0.04263874 0.04064917 0.01440719 0.06433322 0.03269892 0.01304401
 0.01377578 0.04263874 0.02908598 0.04743735 0.04263874 0.06001076
 0.0260993  0.04785827 0.04263874 0.01362076 0.04263874 0.02150862
 0.04263875 0.01362076]]