148136
Test: public void test1() throws Throwable { Charset charset0 = Charsets.toCharset("L4", ""); }
Code: public static Charset toCharset(final String charsetName) { return charsetName == null ? Charset.defaultCharset() : Charset.forName(charsetName); }
[[0.04742616 0.14142194 0.06852924 0.06579219 0.06091844 0.0479434
 0.06303959 0.05216991 0.04645038 0.0748624  0.05412855 0.08452548
 0.06579219 0.04367578 0.06316073 0.02016361]
[0.04988906 0.13309391 0.06790692 0.06721881 0.07473162 0.03638674
 0.08864231 0.04725983 0.05021952 0.06333819 0.04669899 0.07841059
 0.06721881 0.0440671  0.06088395 0.02403365]
[0.03948589 0.15365808 0.07146244 0.06918943 0.06744856 0.03476668
 0.07415254 0.05696908 0.05226042 0.06780095 0.05194316 0.08487283
 0.06918943 0.02978716 0.0584285  0.0185848 ]
[0.03955773 0.14045373 0.07482118 0.06553042 0.07156957 0.04332907
 0.06543754 0.04808402 0.05842068 0.07447126 0.04291762 0.08945975
 0.06553042 0.03817543 0.06019843 0.02204315]
[0.05155355 0.1470215  0.07806046 0.07411172 0.06050559 0.04287263
 0.07090349 0.0514956  0.05955094 0.06675389 0.04342932 0.06882779
 0.07411172 0.03773621 0.05473617 0.01832946]
[0.03628251 0.12914614 0.06919035 0.0614404  0.05257171 0.04154715
 0.08825924 0.05973084 0.05597974 0.08007593 0.05767913 0.10606056
 0.0614404  0.03307361 0.05597721 0.01154511]
[0.05255312 0.12212118 0.06626354 0.06978587 0.07786586 0.04409612
 0.08238937 0.06075662 0.0537056  0.05671737 0.04321535 0.06952411
 0.06978587 0.04286469 0.05896935 0.02938598]
[0.03326506 0.15069596 0.097985   0.0673858  0.07650194 0.03582644
 0.06284054 0.04867211 0.05008908 0.06568661 0.04290405 0.09652302
 0.0673858  0.03042443 0.05648147 0.01733271]
[0.03532051 0.1563249  0.0812082  0.05031367 0.07070624 0.04354787
 0.08785582 0.04927503 0.05659347 0.05665246 0.0381876  0.11109167
 0.05031367 0.03126159 0.06278696 0.01856039]
[0.03050879 0.16580562 0.08501515 0.05169983 0.08619504 0.0427884
 0.07259969 0.04980796 0.04697435 0.07664819 0.03905492 0.09535348
 0.05169983 0.03794732 0.05274189 0.01515955]
[0.04289611 0.12094682 0.06426155 0.06540519 0.06196934 0.04080999
 0.09862691 0.06926939 0.05985805 0.06762176 0.0396347  0.09507875
 0.06540519 0.03462359 0.05845079 0.01514193]
[0.04156394 0.1298308  0.08218905 0.06523541 0.08643511 0.037949
 0.09773438 0.05697175 0.04053866 0.05134818 0.04039907 0.09305832
 0.06523541 0.04203499 0.05091015 0.01856572]
[0.03955773 0.14045373 0.07482118 0.06553042 0.07156957 0.04332907
 0.06543754 0.04808402 0.05842068 0.07447126 0.04291762 0.08945975
 0.06553042 0.03817543 0.06019843 0.02204315]
[0.04659351 0.12731814 0.07717831 0.05706118 0.05695667 0.05161185
 0.07064433 0.05873414 0.06356826 0.05773471 0.04768755 0.10684135
 0.05706118 0.0317665  0.06462227 0.02462001]
[0.044081   0.15475504 0.06805077 0.0608847  0.07967294 0.0368506
 0.08324549 0.05377851 0.04426109 0.06254394 0.03721797 0.10903105
 0.0608847  0.03496876 0.05575693 0.0140166 ]
[0.03581589 0.14448735 0.06351175 0.06794353 0.06564322 0.04267478
 0.08647983 0.07661445 0.05166478 0.06159359 0.04111657 0.09253709
 0.06794353 0.03211814 0.05097725 0.01887824]]