134297
Test: public void test20() throws Throwable { // Undeclared exception!  Validate.isTrue(false, "org.jsoup.helper.ValidationException");   }
Code: public static void isTrue(boolean val) { if (!val) throw new ValidationException("Must be true"); }
[[0.0576358  0.15136601 0.04512689 0.07994436 0.09510617 0.0648787
 0.1541351  0.07994436 0.05887404 0.02989568 0.07994436 0.04472878
 0.03648223 0.02193748]
[0.05699222 0.14060201 0.03498701 0.07821479 0.10359816 0.08781447
 0.15492004 0.07821479 0.04826584 0.02414284 0.07821478 0.05586419
 0.03349127 0.02467754]
[0.04639477 0.14360183 0.03752701 0.0944033  0.09553328 0.06724422
 0.15224363 0.0944033  0.05177448 0.02065805 0.09440331 0.04869638
 0.03209196 0.02102442]
[0.04999339 0.16172607 0.04076314 0.08556073 0.09335564 0.06753678
 0.12002477 0.08556073 0.05882999 0.03698176 0.08556072 0.05755959
 0.03275178 0.02379496]
[0.06161551 0.12578094 0.03916671 0.08606244 0.09113979 0.08075391
 0.14292005 0.08606244 0.05605319 0.03607604 0.08606244 0.05275097
 0.03565901 0.01989656]
[0.05972655 0.13245241 0.05116954 0.08308415 0.09290386 0.08517678
 0.10429406 0.08308415 0.05408544 0.03489648 0.08308416 0.0590285
 0.04524981 0.03176414]
[0.03773536 0.18659696 0.02604623 0.09623671 0.07491085 0.05993165
 0.20551817 0.09623671 0.03401254 0.01380592 0.09623675 0.04103103
 0.02174805 0.00995305]
[0.04999339 0.16172607 0.04076314 0.08556073 0.09335564 0.06753678
 0.12002477 0.08556073 0.05882999 0.03698176 0.08556072 0.05755959
 0.03275178 0.02379496]
[0.04687031 0.15888321 0.03594542 0.08058229 0.07500592 0.09520124
 0.15811619 0.08058229 0.05462814 0.02629555 0.08058229 0.0574154
 0.03217835 0.01771337]
[0.04836022 0.13944665 0.04123538 0.07873383 0.08863762 0.07670206
 0.17084226 0.07873383 0.05631472 0.03268726 0.07873384 0.05919275
 0.02733446 0.02304515]
[0.04999339 0.16172607 0.04076314 0.08556073 0.09335564 0.06753678
 0.12002477 0.08556073 0.05882999 0.03698176 0.08556072 0.05755959
 0.03275178 0.02379496]
[0.04883224 0.14164054 0.0390389  0.09101951 0.09468843 0.06365819
 0.16108651 0.09101951 0.04315159 0.02244705 0.09101951 0.05815393
 0.03197381 0.02227029]
[0.04385738 0.16721162 0.03265177 0.08766202 0.0825357  0.07484713
 0.16306877 0.08766202 0.04929965 0.02236933 0.08766202 0.05015063
 0.03301682 0.01800515]
[0.04020166 0.14850815 0.03550313 0.07830103 0.11084169 0.08530162
 0.15119545 0.07830103 0.05105921 0.02243549 0.07830103 0.06868
 0.03214579 0.01922473]]