145246
Test: public void test85() throws Throwable { // Undeclared exception!  CompositeCacheManager.getInstance();   }
Code: public static synchronized CompositeCacheManager getInstance() throws CacheException { return getInstance( DEFAULT_CONFIG ); }
[[0.05240062 0.15656517 0.10011756 0.07269321 0.07269321 0.12418012
 0.07269321 0.06982893 0.05766382 0.05495063 0.07269321 0.07120303
 0.02231731]
[0.05610025 0.14868869 0.10904265 0.07570908 0.07570908 0.11589955
 0.07570908 0.09853176 0.05306513 0.04492658 0.07570907 0.04412013
 0.02678901]
[0.04705425 0.18438052 0.1069157  0.07052605 0.07052605 0.13787022
 0.07052605 0.05696929 0.0624232  0.04499682 0.07052606 0.05879404
 0.01849174]
[0.04354202 0.153617   0.11276746 0.07230164 0.07230164 0.14131415
 0.07230164 0.07108353 0.05290215 0.04352672 0.07230164 0.06803034
 0.02401014]
[0.04354202 0.153617   0.11276746 0.07230164 0.07230164 0.14131415
 0.07230164 0.07108353 0.05290215 0.04352672 0.07230164 0.06803034
 0.02401014]
[0.03716501 0.13491735 0.10179107 0.06392716 0.06392716 0.17910933
 0.06392716 0.0917825  0.0611615  0.04603437 0.06392717 0.07452191
 0.01780827]
[0.04354202 0.153617   0.11276746 0.07230164 0.07230164 0.14131415
 0.07230164 0.07108353 0.05290215 0.04352672 0.07230164 0.06803034
 0.02401014]
[0.0579172  0.13671756 0.09018052 0.07564017 0.07564017 0.1022601
 0.07564017 0.09364346 0.0665863  0.05337937 0.07564018 0.06382026
 0.03293457]
[0.03544637 0.16287386 0.12494926 0.07108258 0.07108258 0.13384905
 0.07108258 0.06843896 0.05161015 0.04437394 0.07108258 0.07532882
 0.01879926]
[0.03515404 0.16645372 0.12675306 0.0754254  0.0754254  0.11663396
 0.0754254  0.08783669 0.04219332 0.0423137  0.07542542 0.06628545
 0.01467444]
[0.04354202 0.153617   0.11276746 0.07230164 0.07230164 0.14131415
 0.07230164 0.07108353 0.05290215 0.04352672 0.07230164 0.06803034
 0.02401014]
[0.03733997 0.15190628 0.12511733 0.067267   0.067267   0.13133036
 0.067267   0.09688661 0.06604543 0.04901954 0.067267   0.05713765
 0.0161488 ]
[0.03596513 0.15304212 0.11249912 0.06704138 0.06704138 0.15137255
 0.06704138 0.09368534 0.07891238 0.03939901 0.06704138 0.04685879
 0.02010002]]