81564
Test: public void test3305() throws Throwable { int int0 = Utility.clearBit((-2757), 26); boolean boolean0 = Utility.isJavaIdentifierPart('!'); byte[] byteArray0 = new byte[9]; byteArray0[0] = (byte)84; byteArray0[1] = (byte) (-46); byteArray0[2] = (byte)79; byteArray0[3] = (byte)8; byteArray0[4] = (byte) (-96); byteArray0[5] = (byte) (-91); byteArray0[6] = (byte) (-27); byteArray0[7] = (byte)75; byteArray0[8] = (byte) (-69); boolean boolean1 = Utility.equals(byteArray0, byteArray0); String string0 = Utility.accessToString(2666, false); }
Code: public static String accessToString( final int access_flags ) { return accessToString(access_flags, false); }
[[0.06305832 0.15771125 0.08345322 0.08746141 0.04829144 0.04338386
 0.08746141 0.09563021 0.06646425 0.06722237 0.08746141 0.08938806
 0.02301282]
[0.06148971 0.1493674  0.09680694 0.08467732 0.04305042 0.03334897
 0.08467732 0.08640268 0.09200549 0.05706725 0.08467731 0.10036989
 0.02605922]
[0.06250791 0.16594924 0.07506777 0.09201859 0.04495746 0.03512985
 0.09201859 0.09255636 0.0761486  0.06128646 0.09201859 0.08998328
 0.02035726]
[0.04995484 0.1596728  0.09685667 0.08582995 0.04421498 0.03361142
 0.08582995 0.10187384 0.0656315  0.06027336 0.08582995 0.10714074
 0.02328002]
[0.05405258 0.15678233 0.0914382  0.09096674 0.03481541 0.02526888
 0.09096674 0.10095836 0.07973367 0.07828126 0.09096674 0.08943333
 0.01633579]
[0.03634694 0.18621509 0.07502188 0.10136377 0.0449423  0.02939159
 0.10136377 0.10304064 0.06375024 0.05643065 0.10136379 0.08510143
 0.01566797]
[0.04995484 0.1596728  0.09685667 0.08582995 0.04421498 0.03361142
 0.08582995 0.10187384 0.0656315  0.06027336 0.08582995 0.10714074
 0.02328002]
[0.05626779 0.12411397 0.09630708 0.08381543 0.05312495 0.04228058
 0.08381543 0.0842178  0.09931456 0.06657788 0.08381544 0.10004465
 0.02630445]
[0.05999568 0.132511   0.09476811 0.08377892 0.05844652 0.02989136
 0.08377892 0.0908973  0.08484226 0.07056522 0.08377893 0.09497724
 0.0317686 ]
[0.04271682 0.17137657 0.11448805 0.09349275 0.03699346 0.02866128
 0.09349275 0.08995251 0.06644922 0.06494634 0.09349275 0.08486123
 0.01907624]
[0.04995484 0.1596728  0.09685667 0.08582995 0.04421498 0.03361142
 0.08582995 0.10187384 0.0656315  0.06027336 0.08582995 0.10714074
 0.02328002]
[0.06111924 0.12843141 0.09684195 0.09522928 0.04069891 0.03252944
 0.09522928 0.0766694  0.08406492 0.06466273 0.09522928 0.10663389
 0.02266029]
[0.04411383 0.15798856 0.08097841 0.0866617  0.03801081 0.03446532
 0.0866617  0.09708583 0.08932358 0.08939506 0.0866617  0.08827254
 0.02038098]]