7724
Test: public void test28() throws Throwable { ClassPathResource classPathResource0 = new ClassPathResource(" cannot be opened because it does not exist");  classPathResource0.getFile();   }
Code: public File getFile() throws IOException { throw new FileNotFoundException(getDescription() + " cannot be resolved to absolute file path"); }
[[0.03883243 0.09376407 0.05388103 0.08406182 0.02286137 0.06263821
 0.03850524 0.01883545 0.05388103 0.03171242 0.05419274 0.01988396
 0.03811044 0.05388103 0.06462492 0.05388103 0.05492773 0.1426037
 0.01892136]
[0.02956643 0.09993427 0.04672517 0.09661923 0.02024476 0.08537544
 0.03986755 0.01834171 0.04672517 0.03193489 0.04298865 0.02365813
 0.0442116  0.04672517 0.07030729 0.04672517 0.06835462 0.12892716
 0.0127676 ]
[0.0305738  0.08469972 0.04962124 0.10017365 0.02303039 0.05625172
 0.03627446 0.02392    0.04962124 0.04299039 0.05164329 0.02492177
 0.04341507 0.04962124 0.06212731 0.04962124 0.04829866 0.15463696
 0.01855782]
[0.02699573 0.08832636 0.04038178 0.11492959 0.02040975 0.08165422
 0.03295656 0.01422361 0.04038178 0.02577533 0.04778742 0.01415869
 0.03815044 0.04038178 0.06142231 0.04038178 0.04319881 0.21357207
 0.01491203]
[0.029255   0.08305248 0.05492664 0.10994676 0.01915596 0.06349935
 0.03113698 0.01588912 0.05492664 0.02367864 0.04437324 0.02021017
 0.04011333 0.05492664 0.062298   0.05492664 0.06104391 0.16401383
 0.01262662]
[0.04311585 0.07994652 0.05445696 0.07520939 0.02971506 0.07386562
 0.03961356 0.02339789 0.05445696 0.04526176 0.05801111 0.03402058
 0.0464704  0.05445696 0.05389023 0.05445696 0.06104589 0.09328859
 0.02531969]
[0.02934436 0.10454513 0.04605838 0.09251341 0.02008477 0.08863096
 0.03559328 0.0154357  0.04605838 0.02687534 0.04729096 0.02116617
 0.04665659 0.04605838 0.0681238  0.04605838 0.05191235 0.15403187
 0.01356181]
[0.0317816  0.09564386 0.0449381  0.09618185 0.02408831 0.06660969
 0.0334739  0.0196195  0.0449381  0.03294748 0.05129961 0.01938263
 0.0450372  0.0449381  0.07232595 0.0449381  0.04542305 0.16773412
 0.01869877]
[0.0305738  0.08469972 0.04962124 0.10017365 0.02303039 0.05625172
 0.03627446 0.02392    0.04962124 0.04299039 0.05164329 0.02492177
 0.04341507 0.04962124 0.06212731 0.04962124 0.04829866 0.15463696
 0.01855782]
[0.03860888 0.08580641 0.05074622 0.09280519 0.02830873 0.06009791
 0.03531843 0.0203583  0.05074622 0.03391799 0.05294057 0.02339866
 0.04203396 0.05074622 0.07082683 0.05074622 0.05138429 0.14096196
 0.02024701]
[0.02962779 0.07920823 0.04685402 0.08748242 0.02167699 0.08533163
 0.03083212 0.01624246 0.04685402 0.02280032 0.04444999 0.01818481
 0.04189529 0.04685402 0.07100314 0.04685402 0.06984805 0.18136619
 0.01263454]
[0.02975456 0.08148723 0.04027075 0.10835472 0.02088945 0.07861083
 0.02871429 0.0178985  0.04027075 0.02813813 0.05003046 0.01667845
 0.05286481 0.04027075 0.0644079  0.04027075 0.05980146 0.18568641
 0.01559979]
[0.03027323 0.09134026 0.05178109 0.08782887 0.02483738 0.05700666
 0.02918855 0.01472817 0.05178109 0.02977987 0.04657433 0.01499459
 0.04773121 0.05178109 0.05775156 0.05178109 0.06435728 0.17828383
 0.01819991]
[0.0305738  0.08469972 0.04962124 0.10017365 0.02303039 0.05625172
 0.03627446 0.02392    0.04962124 0.04299039 0.05164329 0.02492177
 0.04341507 0.04962124 0.06212731 0.04962124 0.04829866 0.15463696
 0.01855782]
[0.03302712 0.0850029  0.04902544 0.09270345 0.0247994  0.07038641
 0.03161258 0.014336   0.04902544 0.03076641 0.04821774 0.01864554
 0.0452894  0.04902544 0.05535588 0.04902544 0.05196732 0.1820732
 0.01971492]
[0.0305738  0.08469972 0.04962124 0.10017365 0.02303039 0.05625172
 0.03627446 0.02392    0.04962124 0.04299039 0.05164329 0.02492177
 0.04341507 0.04962124 0.06212731 0.04962124 0.04829866 0.15463696
 0.01855782]
[0.03358373 0.09450579 0.05535721 0.07576133 0.02064242 0.06551162
 0.02983189 0.01597616 0.05535721 0.03299361 0.0543699  0.02203075
 0.04866344 0.05535721 0.06335361 0.05535721 0.05493555 0.14606205
 0.02034931]
[0.02202421 0.08153906 0.0522758  0.10709956 0.01887719 0.07953492
 0.0373715  0.01737738 0.0522758  0.03167625 0.04870524 0.02042658
 0.03493226 0.0522758  0.07935138 0.0522758  0.05375928 0.14396632
 0.01425562]
[0.02602709 0.091484   0.04672689 0.10876368 0.02305444 0.07813188
 0.03792264 0.01464745 0.04672689 0.02912618 0.05685284 0.02480105
 0.05690962 0.04672689 0.05515811 0.04672689 0.0804774  0.11346449
 0.01627165]]