164742
Test: public void test13() throws Throwable { MockRandom mockRandom0 = new MockRandom(); JDKRandomWrapper jDKRandomWrapper0 = new JDKRandomWrapper(mockRandom0); double[] doubleArray0 = new double[7]; doubleArray0[4] = 2525.69618306938; GuideTableDiscreteSampler guideTableDiscreteSampler0 = (GuideTableDiscreteSampler)GuideTableDiscreteSampler.of((UniformRandomProvider) jDKRandomWrapper0, doubleArray0); guideTableDiscreteSampler0.toString(); }
Code: public String toString() { return "Guide table deviate [" + rng.toString() + "]"; }
[[0.05492801 0.06917596 0.0663044  0.08275406 0.06162543 0.07620849
 0.20440215 0.07620849 0.05685869 0.04472329 0.07620849 0.04472329
 0.06039449 0.02548477]
[0.0573777  0.06440268 0.07147153 0.09583236 0.05929634 0.0787645
 0.18886656 0.0787645  0.05486729 0.04966234 0.0787645  0.04966234
 0.04865096 0.02361641]
[0.04008792 0.08448915 0.05230105 0.0865707  0.06123365 0.06642545
 0.2838991  0.06642545 0.03596761 0.03965425 0.06642546 0.03965425
 0.05487599 0.02199003]
[0.0578965  0.08082549 0.05616572 0.09854241 0.06591792 0.07341327
 0.16443473 0.07341327 0.04247781 0.06074365 0.07341328 0.06074365
 0.05813731 0.03387502]
[0.03753122 0.0742552  0.04520537 0.08147147 0.05310002 0.0708629
 0.27923712 0.0708629  0.04187202 0.05229174 0.0708629  0.05229174
 0.04823915 0.0219163 ]
[0.04438164 0.07850835 0.06453865 0.07811456 0.05407164 0.07267198
 0.21824487 0.07267198 0.04547985 0.06189698 0.07267197 0.06189698
 0.04886065 0.0259899 ]
[0.04731029 0.09102356 0.06434265 0.09874666 0.07010925 0.06698444
 0.19571507 0.06698444 0.05306951 0.04798273 0.06698444 0.04798273
 0.06048906 0.02227521]
[0.04438164 0.07850835 0.06453865 0.07811456 0.05407164 0.07267198
 0.21824487 0.07267198 0.04547985 0.06189698 0.07267197 0.06189698
 0.04886065 0.0259899 ]
[0.0457896  0.08250522 0.05285083 0.10504175 0.07139186 0.06650299
 0.22487712 0.06650299 0.03511551 0.05234585 0.06650299 0.05234585
 0.05365952 0.02456795]
[0.05263456 0.07934745 0.05838162 0.07946153 0.06333533 0.07013545
 0.2349737  0.07013545 0.04559477 0.045719   0.07013546 0.045719
 0.05748803 0.02693866]
[0.04438164 0.07850835 0.06453865 0.07811456 0.05407164 0.07267198
 0.21824487 0.07267198 0.04547985 0.06189698 0.07267197 0.06189698
 0.04886065 0.0259899 ]
[0.05263456 0.07934745 0.05838162 0.07946153 0.06333533 0.07013545
 0.2349737  0.07013545 0.04559477 0.045719   0.07013546 0.045719
 0.05748803 0.02693866]
[0.04555285 0.08108154 0.06213358 0.09071404 0.06433614 0.068717
 0.24843715 0.068717   0.04296499 0.04362536 0.068717   0.04362536
 0.0540132  0.01736481]
[0.04028683 0.07371211 0.07603413 0.11428752 0.091096   0.07347932
 0.17789483 0.07347932 0.04709688 0.04472282 0.07347932 0.04472282
 0.0456323  0.02407582]]