12293
Test: public void test557() throws Throwable { StrTokenizer strTokenizer0 = StrTokenizer.getCSVInstance("8Q"); char[] charArray0 = new char[4]; charArray0[0] = ','; StrTokenizer strTokenizer1 = strTokenizer0.reset(charArray0); Consumer<String> consumer0 = (Consumer<String>) mock(Consumer.class, new ViolatedAssumptionAnswer()); strTokenizer0.forEachRemaining(consumer0); String string0 = strTokenizer0.previous(); }
Code: public String previous() { if (hasPrevious()) { return tokens[--tokenPos]; } throw new NoSuchElementException(); }
[[0.06082926 0.07889467 0.08438058 0.07548334 0.16338941 0.08438058
 0.07548334 0.06625019 0.08438058 0.02468671 0.06170592 0.03106806
 0.0843806  0.0246867 ]
[0.0598247  0.06985785 0.08555248 0.08432391 0.17410555 0.08555248
 0.08432391 0.05999713 0.08555247 0.02165891 0.0564151  0.025624
 0.08555248 0.02165891]
[0.05196976 0.09683967 0.0874283  0.07858162 0.12688231 0.0874283
 0.07858162 0.06297638 0.0874283  0.02697983 0.06132184 0.03917403
 0.08742832 0.02697982]
[0.06094182 0.09053986 0.08109657 0.09515667 0.10533135 0.08109657
 0.09515667 0.07050497 0.08109657 0.03400254 0.05556566 0.03441161
 0.08109659 0.03400254]
[0.03898283 0.09030326 0.09135148 0.07926284 0.21879584 0.09135148
 0.07926284 0.05117808 0.09135149 0.01224883 0.03733887 0.01497184
 0.09135149 0.01224882]
[0.05196976 0.09683967 0.0874283  0.07858162 0.12688231 0.0874283
 0.07858162 0.06297638 0.0874283  0.02697983 0.06132184 0.03917403
 0.08742832 0.02697982]
[0.06094182 0.09053986 0.08109657 0.09515667 0.10533135 0.08109657
 0.09515667 0.07050497 0.08109657 0.03400254 0.05556566 0.03441161
 0.08109659 0.03400254]
[0.04222695 0.0994118  0.08652512 0.07775415 0.17725554 0.08652512
 0.07775415 0.06213077 0.08652512 0.02155207 0.04884981 0.02541225
 0.08652513 0.02155207]
[0.05196976 0.09683967 0.0874283  0.07858162 0.12688231 0.0874283
 0.07858162 0.06297638 0.0874283  0.02697983 0.06132184 0.03917403
 0.08742832 0.02697982]
[0.04153519 0.07613647 0.0790503  0.09880434 0.15855238 0.0790503
 0.09880434 0.08841941 0.07905029 0.02164482 0.0550203  0.02323673
 0.07905031 0.02164482]
[0.0450808  0.09977195 0.07558946 0.10423028 0.15421394 0.07558946
 0.10423028 0.07589091 0.07558946 0.01811548 0.05314968 0.02484341
 0.07558947 0.01811548]
[0.04926409 0.09376127 0.07798724 0.08341729 0.17086896 0.07798724
 0.08341729 0.06914739 0.07798724 0.02463437 0.05621483 0.0326912
 0.07798725 0.02463437]
[0.05196977 0.09683965 0.08742829 0.07858161 0.12688231 0.08742829
 0.07858161 0.06297637 0.08742829 0.02697983 0.06132184 0.03917402
 0.0874283  0.02697982]
[0.04153519 0.07613648 0.0790503  0.09880435 0.15855236 0.0790503
 0.09880435 0.08841942 0.0790503  0.02164482 0.0550203  0.02323673
 0.07905032 0.02164482]]