74532
Test: public void test12375() throws Throwable { JSONArray jSONArray0 = new JSONArray(); JSONArray jSONArray1 = new JSONArray(jSONArray0); float float0 = jSONArray0.optFloat(44); JSONArray jSONArray2 = jSONArray1.put(0, 1L); SQLClientInfoException sQLClientInfoException0 = new SQLClientInfoException(); long long0 = jSONArray0.optLong(0); Throwable[] throwableArray0 = sQLClientInfoException0.getSuppressed(); sQLClientInfoException0.setNextException((SQLException) null); DataTruncation dataTruncation0 = new DataTruncation(0, false, true, 0, 0, sQLClientInfoException0); JSONArray jSONArray3 = jSONArray0.putAll((Object) dataTruncation0); float float1 = 0.0F; JSONArray jSONArray4 = jSONArray2.put(0.0F); List<Object> list0 = jSONArray0.toList(); DataTruncation dataTruncation1 = (DataTruncation)jSONArray0.remove(0); int int0 = 0; String string0 = jSONArray3.toString((-701)); }
Code: public String toString() { try { return this.toString(0); } catch (Exception e) { return null; } }
[[0.04577053 0.05851652 0.05899243 0.06278457 0.08242176 0.06278457
 0.05058899 0.06349728 0.01988541 0.04748843 0.08083072 0.11684617
 0.06278457 0.05058899 0.09644821 0.01988541 0.0198854 ]
[0.0486555  0.05675139 0.06944263 0.06894967 0.06397723 0.06894967
 0.04883898 0.06949881 0.01768535 0.0480706  0.0848324  0.10150489
 0.06894967 0.04883898 0.09968355 0.01768535 0.01768535]
[0.03313481 0.082188   0.05449125 0.06138567 0.07781287 0.06138567
 0.05001014 0.06037651 0.01604412 0.03693965 0.09469649 0.11587462
 0.06138567 0.05001014 0.11217615 0.01604412 0.01604411]
[0.04644541 0.0691431  0.0489346  0.07230152 0.05060231 0.07230152
 0.05376249 0.06190399 0.02587179 0.04905752 0.08711886 0.08389148
 0.07230152 0.05376249 0.10085787 0.02587179 0.02587179]
[0.03762942 0.06858899 0.04342153 0.06054927 0.07118776 0.06054927
 0.05525432 0.06102385 0.01613639 0.03935636 0.1025338  0.11798586
 0.06054927 0.05525432 0.11770679 0.01613639 0.01613639]
[0.04644541 0.0691431  0.0489346  0.07230152 0.05060231 0.07230152
 0.05376249 0.06190399 0.02587179 0.04905752 0.08711886 0.08389148
 0.07230152 0.05376249 0.10085787 0.02587179 0.02587179]
[0.03320701 0.07355162 0.04662957 0.0652005  0.06187733 0.0652005
 0.04816337 0.06606163 0.01785393 0.04135034 0.10816854 0.10275719
 0.0652005  0.04816337 0.12090677 0.01785393 0.01785393]
[0.03797151 0.06961979 0.06005656 0.06039766 0.06645387 0.06039766
 0.04609216 0.06333973 0.02051186 0.04174187 0.09003843 0.10471494
 0.06039766 0.04609216 0.13115041 0.02051186 0.02051186]
[0.03149808 0.05773434 0.06446786 0.07540419 0.07208622 0.07540419
 0.06719024 0.05986508 0.01649381 0.02918406 0.08435958 0.08215256
 0.07540419 0.06719024 0.10857773 0.01649381 0.01649381]
[0.03274775 0.0504824  0.05854515 0.07564038 0.06933872 0.07564038
 0.04798611 0.0591578  0.0162413  0.0387669  0.09543367 0.10369372
 0.07564038 0.04798611 0.12021663 0.0162413  0.0162413 ]
[0.03808625 0.0653264  0.06083806 0.07237712 0.07548527 0.07237712
 0.04954673 0.06257832 0.0178455  0.03817896 0.10471737 0.09024967
 0.07237712 0.04954673 0.09477837 0.0178455  0.0178455 ]
[0.03975499 0.05467048 0.05619443 0.06396621 0.07559712 0.06396621
 0.05209499 0.06012399 0.02437177 0.04034492 0.10001601 0.10000499
 0.06396621 0.05209499 0.10408907 0.02437177 0.02437177]
[0.04644541 0.0691431  0.0489346  0.07230152 0.05060231 0.07230152
 0.05376249 0.06190399 0.02587179 0.04905752 0.08711886 0.08389148
 0.07230152 0.05376249 0.10085787 0.02587179 0.02587179]
[0.03320701 0.07355162 0.04662957 0.0652005  0.06187733 0.0652005
 0.04816337 0.06606163 0.01785393 0.04135034 0.10816854 0.10275719
 0.0652005  0.04816337 0.12090677 0.01785393 0.01785393]
[0.04374491 0.07156497 0.05359703 0.06357764 0.07133502 0.06357764
 0.05274995 0.07335734 0.01983762 0.05322091 0.08555561 0.10794221
 0.06357764 0.05274995 0.08393623 0.01983762 0.01983762]
[0.03149808 0.05773434 0.06446786 0.07540419 0.07208622 0.07540419
 0.06719024 0.05986508 0.01649381 0.02918406 0.08435958 0.08215256
 0.07540419 0.06719024 0.10857773 0.01649381 0.01649381]
[0.03149807 0.05773434 0.06446785 0.0754042  0.07208622 0.0754042
 0.06719024 0.05986508 0.01649381 0.02918406 0.08435957 0.08215255
 0.0754042  0.06719024 0.10857774 0.01649381 0.01649381]]