79170
Test: public void test31() throws Throwable { ARRAYLENGTH aRRAYLENGTH0 = new ARRAYLENGTH(); InstructionList instructionList0 = new InstructionList(aRRAYLENGTH0); InstructionHandle instructionHandle0 = instructionList0.append((Instruction) aRRAYLENGTH0, (Instruction) aRRAYLENGTH0); Integer integer0 = new Integer(0); instructionHandle0.addAttribute(integer0, instructionHandle0); InstructionHandle instructionHandle1 = (InstructionHandle)instructionHandle0.getAttribute(integer0); }
Code: public Object getAttribute( final Object key ) { if (attributes != null) { return attributes.get(key); } return null; }
[[0.04833712 0.03718057 0.06705027 0.03798999 0.03718057 0.0229855
 0.07946209 0.05832169 0.12966603 0.0583078  0.025606   0.02677546
 0.05832169 0.05243977 0.06705027 0.01925373 0.05243978 0.10237796
 0.01925373]
[0.04393673 0.03155847 0.06065159 0.03087191 0.03155847 0.02048481
 0.08070049 0.07589396 0.14175417 0.05186733 0.02474105 0.02140495
 0.07589396 0.05394602 0.06065159 0.01489364 0.05394603 0.11035123
 0.01489364]
[0.04130262 0.03073167 0.07061437 0.03712273 0.03073167 0.02464571
 0.08637775 0.05619773 0.09926112 0.05967163 0.02522579 0.02894889
 0.05619773 0.049885   0.07061437 0.01976606 0.049885   0.14305416
 0.01976606]
[0.04339317 0.03278364 0.07247676 0.02804114 0.03278364 0.02064559
 0.08179079 0.06486818 0.14812893 0.05330089 0.01888919 0.0204483
 0.06486818 0.06286736 0.07247676 0.01323897 0.06286736 0.09289216
 0.01323896]
[0.04393673 0.03155847 0.06065159 0.03087191 0.03155847 0.02048481
 0.08070049 0.07589396 0.14175417 0.05186733 0.02474105 0.02140495
 0.07589396 0.05394602 0.06065159 0.01489364 0.05394603 0.11035123
 0.01489364]
[0.037707   0.03966804 0.07070872 0.03305358 0.03966804 0.02141374
 0.07094529 0.06092104 0.146247   0.0508167  0.02139299 0.02194212
 0.06092104 0.05361034 0.07070872 0.01288904 0.05361035 0.12088728
 0.01288904]
[0.04286469 0.02820411 0.06370524 0.04049221 0.02820411 0.02784185
 0.06432621 0.07600193 0.14557731 0.03657736 0.03253753 0.02703764
 0.07600193 0.05069668 0.06370524 0.02009764 0.05069668 0.10533392
 0.02009764]
[0.04815534 0.02867531 0.06650534 0.04697775 0.02867531 0.03241878
 0.07415921 0.06975646 0.08394623 0.04737821 0.03276687 0.03264753
 0.06975646 0.05642225 0.06650534 0.02581907 0.05642226 0.10719322
 0.02581907]
[0.0336493  0.02629155 0.08376785 0.02256157 0.02629155 0.0121819
 0.08696058 0.05784737 0.18491048 0.06101439 0.01161829 0.01310092
 0.05784737 0.04351566 0.08376785 0.00937468 0.04351567 0.13240837
 0.00937468]
[0.03918642 0.03934966 0.06519634 0.0344123  0.03934966 0.02064354
 0.08205681 0.06505952 0.13928938 0.05558015 0.02263997 0.02672611
 0.06505952 0.05501694 0.06519634 0.01521218 0.05501693 0.09979603
 0.01521217]
[0.03923424 0.02934175 0.06775893 0.03698812 0.02934175 0.02194233
 0.09806643 0.06703898 0.13749416 0.05609477 0.01464509 0.02039751
 0.06703898 0.0508081  0.06775893 0.01331399 0.0508081  0.11861382
 0.01331399]
[0.03602863 0.03161546 0.0713397  0.02918219 0.03161546 0.02072062
 0.09879785 0.06827007 0.16709587 0.0425124  0.01901417 0.02379673
 0.06827007 0.04332618 0.0713397  0.01130925 0.04332618 0.11113021
 0.01130925]
[0.04815534 0.02867531 0.06650534 0.04697775 0.02867531 0.03241878
 0.07415921 0.06975646 0.08394623 0.04737821 0.03276687 0.03264753
 0.06975646 0.05642225 0.06650534 0.02581907 0.05642226 0.10719322
 0.02581907]
[0.03462638 0.0323306  0.07341929 0.0306262  0.0323306  0.01732068
 0.07736661 0.05870711 0.14861014 0.04964488 0.02025329 0.02119209
 0.05870711 0.05181457 0.07341929 0.01654475 0.05181457 0.13472714
 0.01654475]
[0.04130262 0.03073167 0.07061437 0.03712273 0.03073167 0.02464571
 0.08637775 0.05619773 0.09926112 0.05967163 0.02522579 0.02894889
 0.05619773 0.049885   0.07061437 0.01976606 0.049885   0.14305416
 0.01976606]
[0.03307461 0.03198601 0.06445797 0.02872988 0.03198601 0.02365847
 0.07534273 0.06995759 0.12434253 0.0596654  0.02247533 0.02122959
 0.06995759 0.06788783 0.06445797 0.01577953 0.06788783 0.11134361
 0.01577953]
[0.03462637 0.0323306  0.07341929 0.03062619 0.0323306  0.01732068
 0.07736661 0.0587071  0.14861013 0.04964488 0.02025329 0.02119209
 0.0587071  0.05181456 0.07341929 0.01654475 0.05181457 0.13472714
 0.01654475]
[0.04930353 0.03325237 0.08055678 0.03984741 0.03325237 0.02630103
 0.05849495 0.0590386  0.13433999 0.05673012 0.02597147 0.02103172
 0.0590386  0.05598672 0.08055678 0.01932468 0.05598672 0.09166154
 0.01932468]
[0.0330746  0.03198602 0.06445796 0.02872988 0.03198602 0.02365847
 0.07534273 0.0699576  0.12434252 0.0596654  0.02247533 0.02122959
 0.0699576  0.06788782 0.06445796 0.01577953 0.06788783 0.11134362
 0.01577953]]