148801
Test: public void test14() throws Throwable { String string0 = NtpUtils.getRefAddress((NtpV3Packet) null); }
Code: public static String getRefAddress(final NtpV3Packet packet) { final int address = (packet == null) ? 0 : packet.getReferenceId(); return getHostAddress(address); }
[[0.0391964  0.11685301 0.05034969 0.0543754  0.0543754  0.0543754
 0.05208427 0.03143777 0.02483065 0.0543754  0.02465177 0.0543754
 0.06187631 0.02106472 0.06987287 0.03128856 0.03609002 0.0543754
 0.04311498 0.0543754  0.01666111]
[0.04012933 0.11179873 0.05859389 0.05347814 0.05347814 0.05347814
 0.07687488 0.03027741 0.02031594 0.05347814 0.02601154 0.05347814
 0.05008127 0.02113662 0.06080078 0.03341323 0.03733984 0.05347814
 0.03839634 0.05347814 0.02048326]
[0.04092253 0.12381446 0.04704346 0.05758186 0.05758186 0.05758186
 0.06195419 0.03160425 0.02183601 0.05758186 0.0276932  0.05758186
 0.05242282 0.01835527 0.05271034 0.030546   0.03085518 0.05758186
 0.04154136 0.05758186 0.01562791]
[0.03227514 0.11519267 0.0581753  0.05336257 0.05336257 0.05336257
 0.05396367 0.03194936 0.0206353  0.05336257 0.03528356 0.05336257
 0.06065304 0.02317841 0.07249584 0.03402416 0.03125003 0.05336257
 0.03924686 0.05336257 0.01813859]
[0.03227514 0.11519267 0.0581753  0.05336257 0.05336257 0.05336257
 0.05396367 0.03194936 0.0206353  0.05336257 0.03528356 0.05336257
 0.06065304 0.02317841 0.07249584 0.03402416 0.03125003 0.05336257
 0.03924686 0.05336257 0.01813859]
[0.03227514 0.11519267 0.0581753  0.05336257 0.05336257 0.05336257
 0.05396367 0.03194936 0.0206353  0.05336257 0.03528356 0.05336257
 0.06065304 0.02317841 0.07249584 0.03402416 0.03125003 0.05336257
 0.03924686 0.05336257 0.01813859]
[0.0411638  0.09968115 0.05756527 0.05226546 0.05226546 0.05226546
 0.06990699 0.04056533 0.01934488 0.05226546 0.03443769 0.05226546
 0.04318703 0.02588908 0.0512234  0.04599299 0.03424213 0.05226547
 0.04688729 0.05226547 0.02405474]
[0.03750777 0.11188391 0.05667919 0.056511   0.056511   0.056511
 0.06562953 0.02525669 0.01632773 0.056511   0.02900091 0.056511
 0.05513714 0.01655657 0.06602919 0.02713861 0.0298417  0.056511
 0.05460236 0.056511   0.01283172]
[0.02358118 0.15000455 0.04552277 0.06004173 0.06004173 0.06004173
 0.05458848 0.03243943 0.01679716 0.06004173 0.01987907 0.06004173
 0.05879601 0.01422163 0.06665921 0.02124405 0.02610612 0.06004174
 0.03821124 0.06004174 0.01165699]
[0.03227514 0.11519267 0.0581753  0.05336257 0.05336257 0.05336257
 0.05396367 0.03194936 0.0206353  0.05336257 0.03528356 0.05336257
 0.06065304 0.02317841 0.07249584 0.03402416 0.03125003 0.05336257
 0.03924686 0.05336257 0.01813859]
[0.04081256 0.10112308 0.04832044 0.05771422 0.05771422 0.05771422
 0.04655145 0.03439451 0.02460476 0.05771422 0.03396968 0.05771422
 0.04594478 0.02595385 0.05593559 0.03847274 0.03492084 0.05771423
 0.04488354 0.05771423 0.02011265]
[0.03227514 0.11519267 0.0581753  0.05336257 0.05336257 0.05336257
 0.05396367 0.03194936 0.0206353  0.05336257 0.03528356 0.05336257
 0.06065304 0.02317841 0.07249584 0.03402416 0.03125003 0.05336257
 0.03924686 0.05336257 0.01813859]
[0.02731706 0.15774202 0.07440253 0.04443939 0.04443939 0.04443939
 0.07091235 0.02537936 0.01685714 0.04443939 0.02834739 0.04443939
 0.06752887 0.01774072 0.08067799 0.0262934  0.03622179 0.04443939
 0.04499502 0.04443939 0.01450871]
[0.03148693 0.14067319 0.04948679 0.05617995 0.05617995 0.05617995
 0.07271627 0.02648293 0.01667869 0.05617995 0.02049815 0.05617995
 0.05852718 0.01929357 0.06993622 0.02780373 0.02374868 0.05617996
 0.03829229 0.05617996 0.01111571]
[0.03457096 0.10949592 0.07106333 0.05409607 0.05409607 0.05409607
 0.08330823 0.02651503 0.01513107 0.05409607 0.02198682 0.05409607
 0.04261366 0.01723251 0.07641877 0.02406575 0.03555883 0.05409607
 0.04760612 0.05409607 0.01576041]
[0.03339606 0.13280213 0.05173463 0.05125326 0.05125326 0.05125326
 0.06030735 0.03049749 0.01933189 0.05125326 0.02274427 0.05125326
 0.06243775 0.01527869 0.08645038 0.03183257 0.02963751 0.05125327
 0.05214205 0.05125327 0.01263453]
[0.0403901  0.11135879 0.04904774 0.04931518 0.04931518 0.04931518
 0.06202201 0.02921697 0.02577367 0.04931518 0.03109265 0.04931518
 0.04981518 0.02205475 0.0914586  0.04243219 0.02772797 0.04931518
 0.05088931 0.04931518 0.02151383]
[0.03227514 0.11519267 0.0581753  0.05336257 0.05336257 0.05336257
 0.05396367 0.03194936 0.0206353  0.05336257 0.03528356 0.05336257
 0.06065304 0.02317841 0.07249584 0.03402416 0.03125003 0.05336257
 0.03924686 0.05336257 0.01813859]
[0.02802262 0.1287693  0.06310783 0.05619306 0.05619306 0.05619306
 0.05410994 0.02565627 0.01681376 0.05619306 0.02735523 0.05619306
 0.05458978 0.01657551 0.07949021 0.03060941 0.02588537 0.05619306
 0.04080032 0.05619306 0.01486303]
[0.03227514 0.11519267 0.0581753  0.05336257 0.05336257 0.05336257
 0.05396367 0.03194936 0.0206353  0.05336257 0.03528356 0.05336257
 0.06065304 0.02317841 0.07249584 0.03402416 0.03125003 0.05336257
 0.03924686 0.05336257 0.01813859]
[0.02845276 0.12594853 0.05207725 0.05231148 0.05231148 0.05231148
 0.07831136 0.02611768 0.02131287 0.05231148 0.02629221 0.05231148
 0.0497484  0.01766309 0.06902827 0.0306821  0.02794121 0.05231148
 0.06364185 0.05231148 0.01660208]]