34414
Test: public void test17() throws Throwable { Parser parser0 = new Parser(""); boolean boolean0 = parser0.isVariable("x2TvHH<44o"); }
Code: protected boolean isVariable(String name) { return frame != null && frame.getSymbol(name) != null; }
[[0.08665294 0.15819618 0.07693917 0.05279547 0.10623103 0.06533737
 0.07693917 0.029747   0.05015792 0.03819975 0.07693917 0.029747
 0.13109219 0.02102565]
[0.08837415 0.19171882 0.07674123 0.04589651 0.1161449  0.07189195
 0.07674123 0.02221259 0.04636896 0.02939529 0.07674123 0.02221259
 0.11441772 0.02114278]
[0.0935847  0.15896912 0.0740542  0.05883171 0.08198369 0.05542129
 0.0740542  0.03191094 0.04815783 0.03335856 0.0740542  0.03191094
 0.15656063 0.02714801]
[0.09463703 0.15598583 0.0637662  0.05841146 0.07986882 0.06337094
 0.0637662  0.04186921 0.05304028 0.04226614 0.0637662  0.04186922
 0.14249644 0.03488603]
[0.10137088 0.11428736 0.07101724 0.06261539 0.10483141 0.06537059
 0.07101724 0.04319695 0.04547331 0.05254909 0.07101724 0.04319695
 0.11891549 0.03514089]
[0.09633482 0.18302056 0.07669397 0.05140805 0.08836298 0.05749279
 0.07669397 0.02615738 0.04747193 0.02970772 0.07669397 0.02615738
 0.14003983 0.02376467]
[0.0935847  0.15896912 0.0740542  0.05883171 0.08198369 0.05542129
 0.0740542  0.03191094 0.04815783 0.03335856 0.0740542  0.03191094
 0.15656063 0.02714801]
[0.09761546 0.16897231 0.07486616 0.04431712 0.12333119 0.06203916
 0.07486616 0.02008606 0.04206067 0.02923854 0.07486618 0.02008605
 0.14723653 0.02041846]
[0.06390774 0.13232899 0.07615695 0.06027479 0.12284087 0.08196694
 0.07615695 0.02851799 0.04584425 0.03939848 0.07615694 0.02851797
 0.14937308 0.01855805]
[0.08438621 0.18960404 0.07699753 0.04014456 0.0976628  0.05547465
 0.07699753 0.03041087 0.04896549 0.03078972 0.07699754 0.03041087
 0.13050213 0.03065605]
[0.0935847  0.15896912 0.0740542  0.05883171 0.08198369 0.05542129
 0.0740542  0.03191094 0.04815783 0.03335856 0.0740542  0.03191094
 0.15656063 0.02714801]
[0.09761546 0.16897231 0.07486616 0.04431712 0.12333119 0.06203916
 0.07486616 0.02008606 0.04206067 0.02923854 0.07486618 0.02008605
 0.14723653 0.02041846]
[0.1008184  0.1572853  0.08693527 0.05945241 0.08115849 0.06356
 0.08693527 0.0313993  0.04898184 0.0405545  0.08693527 0.0313993
 0.09974857 0.02483605]
[0.08033171 0.12848036 0.07137398 0.05997898 0.11748961 0.09105618
 0.07137398 0.03069759 0.04367809 0.03582092 0.07137398 0.03069759
 0.14311941 0.02452758]]