31963
Test: public void test22() throws Throwable { MockFile mockFile0 = new MockFile("", ""); List<File> list0 = FileTreeWalker.listFileWithWildcardFileName(mockFile0, ""); }
Code: public static List<File> listFileWithWildcardFileName(final File rootDir, final String fileNamePattern) { return Files.fileTreeTraverser().preOrderTraversal(rootDir).filter(new WildcardFileNameFilter(fileNamePattern)) .toList(); }
[[0.04931699 0.13636708 0.04813459 0.06840941 0.12020458 0.06840941
 0.03875082 0.06421303 0.06840941 0.05943356 0.0534941  0.06840941
 0.06840943 0.06840943 0.01962863]
[0.0488715  0.12836832 0.04929721 0.06609831 0.11367525 0.06609831
 0.03568694 0.07385116 0.0660983  0.08447063 0.04613394 0.0660983
 0.06609832 0.06609832 0.02305519]
[0.03844787 0.13482712 0.03913539 0.07110297 0.11619386 0.07110297
 0.03435513 0.05800841 0.07110297 0.0741334  0.05556497 0.07110297
 0.07110298 0.07110298 0.02271599]
[0.04092729 0.13959584 0.04963061 0.06879352 0.10910811 0.06879352
 0.03869295 0.07614093 0.06879352 0.06220604 0.04960371 0.06879352
 0.06879354 0.06879354 0.0213333 ]
[0.03747385 0.14909151 0.0376207  0.06246186 0.12111358 0.06246186
 0.04119215 0.07452267 0.06246187 0.08570755 0.06470244 0.06246187
 0.06246188 0.06246188 0.01380436]
[0.04092729 0.13959584 0.04963061 0.06879352 0.10910811 0.06879352
 0.03869295 0.07614093 0.06879352 0.06220604 0.04960371 0.06879352
 0.06879354 0.06879354 0.0213333 ]
[0.04574924 0.1358132  0.03285044 0.07032845 0.10273255 0.07032845
 0.03057374 0.07056727 0.07032844 0.07786826 0.06654024 0.07032844
 0.07032846 0.07032846 0.01533431]
[0.04922759 0.14164703 0.0391175  0.07054724 0.11645721 0.07054724
 0.03697399 0.05760135 0.07054723 0.06870861 0.04928993 0.07054723
 0.07054724 0.07054724 0.01769335]
[0.04092729 0.13959584 0.04963061 0.06879352 0.10910811 0.06879352
 0.03869295 0.07614093 0.06879352 0.06220604 0.04960371 0.06879352
 0.06879354 0.06879354 0.0213333 ]
[0.05071314 0.11902502 0.04500214 0.06664048 0.0933416  0.06664048
 0.04977548 0.07413609 0.06664048 0.08107891 0.05842372 0.06664048
 0.0666405  0.0666405  0.02866102]
[0.03348804 0.14578015 0.04372203 0.0697007  0.12177095 0.0697007
 0.02997188 0.0813645  0.0697007  0.05944813 0.04965281 0.0697007
 0.06970072 0.06970072 0.01659729]
[0.04092729 0.13959584 0.04963061 0.06879352 0.10910811 0.06879352
 0.03869295 0.07614093 0.06879352 0.06220604 0.04960371 0.06879352
 0.06879354 0.06879354 0.0213333 ]
[0.0409273  0.13959584 0.04963061 0.06879352 0.10910809 0.06879352
 0.03869295 0.07614091 0.06879352 0.06220605 0.04960372 0.06879352
 0.06879353 0.06879353 0.0213333 ]
[0.0409273  0.13959584 0.04963061 0.06879352 0.10910809 0.06879352
 0.03869295 0.07614091 0.06879352 0.06220605 0.04960372 0.06879352
 0.06879353 0.06879353 0.0213333 ]
[0.03525179 0.14356352 0.03171814 0.06667192 0.11250591 0.06667192
 0.03152762 0.06460076 0.06667192 0.08628138 0.07574412 0.06667192
 0.06667194 0.06667194 0.01877522]]