31517
Test: public void test12() throws Throwable { Random random0 = RandomUtil.threadLocalRandom(); RandomUtil.nextDouble(random0); int int0 = 55296; // Undeclared exception! RandomUtil.randomStringFixLength(55296); }
Code: public static String randomStringFixLength(int length) { return RandomStringUtils.random(length, 0, 0, true, true, null, threadLocalRandom()); }
[[0.04353439 0.11502282 0.0571174  0.06038523 0.15643692 0.04940044
 0.04684327 0.06038523 0.08401386 0.08401386 0.02316806 0.02316806
 0.11946856 0.06038524 0.01665664]
[0.04124422 0.10570771 0.06316619 0.05610967 0.17421049 0.06820036
 0.03872238 0.05610967 0.07983035 0.07983035 0.02263142 0.02263142
 0.11667676 0.05610968 0.01881934]
[0.04296654 0.1175213  0.05112174 0.0626462  0.17450924 0.05509594
 0.04244966 0.0626462  0.07314518 0.07314518 0.026327   0.026327
 0.11493614 0.06264621 0.01451649]
[0.03463397 0.11334126 0.06618545 0.05904766 0.16638674 0.04803875
 0.04185479 0.05904766 0.09389116 0.09389116 0.02476573 0.02476573
 0.09828249 0.05904767 0.01681975]
[0.03148941 0.12955652 0.06876365 0.05934215 0.17622572 0.06203791
 0.04448551 0.05934215 0.06851299 0.06851299 0.0212688  0.0212688
 0.1118849  0.05934216 0.01796635]
[0.04495662 0.10227784 0.06847449 0.06100247 0.1393542  0.06755623
 0.05235642 0.06100247 0.07203414 0.07203414 0.03278208 0.03278208
 0.10781059 0.06100248 0.0245738 ]
[0.02759862 0.11798521 0.06863857 0.0581209  0.20521848 0.04760499
 0.04115877 0.0581209  0.07130634 0.07130634 0.01834675 0.01834675
 0.12475801 0.05812092 0.01336839]
[0.03463397 0.11334126 0.06618545 0.05904766 0.16638674 0.04803875
 0.04185479 0.05904766 0.09389116 0.09389116 0.02476573 0.02476573
 0.09828249 0.05904767 0.01681975]
[0.03524321 0.11752146 0.05697367 0.06071362 0.17383051 0.05993086
 0.04692497 0.06071362 0.06642526 0.06642526 0.01887628 0.01887628
 0.14309049 0.06071361 0.01374087]
[0.03524321 0.11752146 0.05697367 0.06071362 0.17383051 0.05993086
 0.04692497 0.06071362 0.06642526 0.06642526 0.01887628 0.01887628
 0.14309049 0.06071361 0.01374087]
[0.04156279 0.12932308 0.07323402 0.04750307 0.18151295 0.04833049
 0.05168187 0.04750307 0.0747989  0.0747989  0.02564189 0.02564189
 0.11618391 0.04750308 0.01478004]
[0.04156279 0.12932308 0.07323402 0.04750307 0.18151295 0.04833049
 0.05168187 0.04750307 0.0747989  0.0747989  0.02564189 0.02564189
 0.11618391 0.04750308 0.01478004]
[0.03117978 0.09303184 0.05357934 0.06319404 0.19249153 0.05649313
 0.03879278 0.06319404 0.0794618  0.0794618  0.02315573 0.02315573
 0.12630942 0.06319404 0.01330498]
[0.03463398 0.11334126 0.06618545 0.05904767 0.16638672 0.04803875
 0.0418548  0.05904767 0.09389117 0.09389117 0.02476573 0.02476573
 0.0982825  0.05904768 0.01681975]
[0.03121644 0.11728104 0.05726827 0.0605076  0.1772726  0.06792774
 0.06462318 0.0605076  0.07257624 0.07257624 0.01718496 0.01718496
 0.10815519 0.06050761 0.01521038]]