38853
Test: public void test0() throws Throwable { DateTimeZone dateTimeZone0 = DateTimeZone.getDefault(); GregorianChronology gregorianChronology0 = GregorianChronology.getInstance(dateTimeZone0); BasicMonthOfYearDateTimeField basicMonthOfYearDateTimeField0 = new BasicMonthOfYearDateTimeField(gregorianChronology0, 20); long long0 = basicMonthOfYearDateTimeField0.addWrapField((-1L), 20); }
Code: public long addWrapField(long instant, int months) { return set(instant, FieldUtils.getWrappedValue(get(instant), months, MIN, iMax)); }
[[0.06037109 0.10137264 0.04822459 0.11157467 0.03886731 0.05081636
 0.07708206 0.06601886 0.08374709 0.08374709 0.0857091  0.08374709
 0.0837471  0.02497495]
[0.04655651 0.09942053 0.05109578 0.10646439 0.02890299 0.05583047
 0.10228105 0.06921132 0.08890037 0.08890037 0.05979753 0.08890037
 0.08890039 0.02483799]
[0.0632727  0.09405104 0.05461217 0.11969095 0.03300823 0.05587357
 0.09055047 0.07337156 0.08146155 0.08146155 0.06287768 0.08146155
 0.08146156 0.02684548]
[0.06093879 0.07291451 0.04973892 0.11567988 0.03795169 0.05290079
 0.10238847 0.07041395 0.08534619 0.08534619 0.07250157 0.08534619
 0.08534621 0.02318668]
[0.03986204 0.08749583 0.04868414 0.11291845 0.02925902 0.04063016
 0.08724114 0.06398381 0.10367371 0.10367371 0.05609336 0.10367371
 0.10367373 0.0191372 ]
[0.06348357 0.1055349  0.04364531 0.11673352 0.03265496 0.04812562
 0.08089116 0.07391495 0.08353267 0.08353267 0.07702282 0.08353267
 0.08353268 0.02386249]
[0.06232861 0.10028225 0.0548977  0.10955942 0.02999525 0.04527576
 0.09877667 0.07191929 0.08229326 0.08229326 0.06273495 0.08229326
 0.08229327 0.03505712]
[0.04382518 0.12705114 0.04504576 0.09435699 0.02710684 0.0494143
 0.080331   0.06454516 0.08997881 0.08997881 0.08612231 0.08997881
 0.08997883 0.02228604]
[0.05205584 0.09528474 0.06370372 0.11958305 0.03424235 0.0496437
 0.07676514 0.06302932 0.08792523 0.08792523 0.06748831 0.08792523
 0.08792524 0.02650288]
[0.05205584 0.09528474 0.06370372 0.11958305 0.03424235 0.0496437
 0.07676514 0.06302932 0.08792523 0.08792523 0.06748831 0.08792523
 0.08792524 0.02650288]
[0.0542987  0.08511336 0.05298237 0.10959921 0.02462037 0.05213166
 0.09387743 0.07866949 0.09139703 0.09139703 0.05960809 0.09139703
 0.09139704 0.02351121]
[0.05205584 0.09528474 0.06370372 0.11958305 0.03424235 0.0496437
 0.07676514 0.06302932 0.08792523 0.08792523 0.06748831 0.08792523
 0.08792524 0.02650288]
[0.05205585 0.09528475 0.06370373 0.11958306 0.03424236 0.04964371
 0.07676515 0.06302932 0.08792523 0.08792523 0.0674883  0.08792523
 0.08792523 0.02650289]
[0.04498797 0.07301893 0.04947785 0.11768372 0.03428981 0.04926756
 0.11047643 0.09676939 0.08502281 0.08502281 0.05991533 0.08502281
 0.08502283 0.0240217 ]]