168094
Test: public void test14() throws Throwable { IOCase iOCase0 = IOCase.INSENSITIVE; // Undeclared exception!  iOCase0.checkEndsWith((String) null, (String) null);   }
Code: public boolean checkEndsWith(final String str, final String end) { final int endLen = end.length(); return str.regionMatches(!sensitive, str.length() - endLen, end, 0, endLen); }
[[0.02927164 0.07040604 0.04060984 0.0372145  0.10976268 0.02383762
 0.0372145  0.05641766 0.04162684 0.02383762 0.01800179 0.04060984
 0.0185841  0.04060984 0.03253526 0.04060984 0.0516537  0.09059231
 0.04060984 0.04296102 0.05938381 0.04060984 0.01303987]
[0.02073405 0.10082533 0.03911441 0.03940856 0.10324366 0.02061886
 0.03940856 0.05804116 0.05623408 0.02061886 0.01012204 0.03911441
 0.01629579 0.03911441 0.03556012 0.03911441 0.04082847 0.10439005
 0.03911441 0.03705722 0.05159449 0.03911442 0.01033222]
[0.02330105 0.08452369 0.03842837 0.04179595 0.08871303 0.02322238
 0.04179595 0.06319319 0.03949403 0.02322238 0.01484766 0.03842837
 0.02558687 0.03842837 0.0283484  0.03842837 0.05042579 0.0912717
 0.03842837 0.04689637 0.06955282 0.03842837 0.01323851]
[0.02980517 0.09459794 0.04126129 0.03372815 0.08986773 0.02357125
 0.03372815 0.04575009 0.04820414 0.02357125 0.01560784 0.04126129
 0.02004362 0.04126129 0.03061703 0.04126129 0.06208258 0.09857812
 0.04126129 0.03622648 0.05448474 0.04126129 0.01196798]
[0.02279305 0.08100864 0.03804483 0.04668361 0.09668826 0.01918494
 0.04668361 0.05542413 0.04796702 0.01918494 0.01809356 0.03804483
 0.0197218  0.03804483 0.03205562 0.03804483 0.05947892 0.10580032
 0.03804483 0.03638873 0.05443752 0.03804483 0.01013637]
[0.02845782 0.0702519  0.0397459  0.03979826 0.07283306 0.01968241
 0.03979826 0.05925544 0.05467085 0.01968241 0.01181693 0.0397459
 0.02190804 0.0397459  0.0415613  0.0397459  0.05777862 0.12126937
 0.0397459  0.04035287 0.0519632  0.0397459  0.0104439 ]
[0.02980517 0.09459794 0.04126129 0.03372815 0.08986773 0.02357125
 0.03372815 0.04575009 0.04820414 0.02357125 0.01560784 0.04126129
 0.02004362 0.04126129 0.03061703 0.04126129 0.06208258 0.09857812
 0.04126129 0.03622648 0.05448474 0.04126129 0.01196798]
[0.02666612 0.09320351 0.03888269 0.03944946 0.11387224 0.02453993
 0.03944946 0.05742955 0.04610154 0.02453993 0.01537199 0.03888269
 0.02117531 0.03888269 0.03473664 0.03888269 0.04482422 0.08379738
 0.03888269 0.03666641 0.05440794 0.0388827  0.01047226]
[0.0311394  0.06369164 0.03896701 0.04273119 0.08228704 0.03073747
 0.04273119 0.05800959 0.05416213 0.03073747 0.01450663 0.03896701
 0.02610917 0.03896701 0.03530191 0.03896701 0.0594332  0.08664552
 0.03896701 0.03874479 0.05078585 0.03896702 0.01844378]
[0.02845782 0.0702519  0.0397459  0.03979826 0.07283306 0.01968241
 0.03979826 0.05925544 0.05467085 0.01968241 0.01181693 0.0397459
 0.02190804 0.0397459  0.0415613  0.0397459  0.05777862 0.12126937
 0.0397459  0.04035287 0.0519632  0.0397459  0.0104439 ]
[0.01876265 0.07022751 0.04761874 0.03613585 0.12895894 0.02589928
 0.03613585 0.05236243 0.04379053 0.02589928 0.01330365 0.04761874
 0.01581484 0.04761874 0.03044638 0.04761874 0.05383126 0.07164948
 0.04761875 0.03567136 0.04608295 0.04761876 0.00931524]
[0.02330105 0.08452369 0.03842837 0.04179595 0.08871303 0.02322238
 0.04179595 0.06319319 0.03949403 0.02322238 0.01484766 0.03842837
 0.02558687 0.03842837 0.0283484  0.03842837 0.05042579 0.0912717
 0.03842837 0.04689637 0.06955282 0.03842837 0.01323851]
[0.03262481 0.06664137 0.04612933 0.03859252 0.08795381 0.02750222
 0.03859252 0.0527996  0.03743843 0.02750222 0.019632   0.04612933
 0.02721982 0.04612933 0.03592196 0.04612933 0.05171692 0.06999137
 0.04612934 0.0452657  0.04769657 0.04612935 0.01613219]
[0.02330105 0.08452369 0.03842837 0.04179595 0.08871303 0.02322238
 0.04179595 0.06319319 0.03949403 0.02322238 0.01484766 0.03842837
 0.02558687 0.03842837 0.0283484  0.03842837 0.05042579 0.0912717
 0.03842837 0.04689637 0.06955282 0.03842837 0.01323851]
[0.02056531 0.09468578 0.03911047 0.04134429 0.09997367 0.01940372
 0.04134429 0.06369415 0.04406732 0.01940372 0.01151574 0.03911047
 0.02034125 0.03911047 0.02919496 0.03911047 0.05739458 0.09927638
 0.03911047 0.0358823  0.05536912 0.03911048 0.01188065]
[0.02330105 0.08452369 0.03842837 0.04179595 0.08871303 0.02322238
 0.04179595 0.06319319 0.03949403 0.02322238 0.01484766 0.03842837
 0.02558687 0.03842837 0.0283484  0.03842837 0.05042579 0.0912717
 0.03842837 0.04689637 0.06955282 0.03842837 0.01323851]
[0.02627111 0.07203869 0.04034419 0.04514703 0.09653037 0.02458253
 0.04514703 0.04952265 0.04485635 0.02458253 0.01416138 0.04034419
 0.01871179 0.04034419 0.02729475 0.04034419 0.05292899 0.09887433
 0.04034419 0.04535164 0.05715775 0.04034419 0.01477594]
[0.03082264 0.09503427 0.04376626 0.03950273 0.08118284 0.02476322
 0.03950273 0.04784282 0.05052686 0.02476322 0.01812725 0.04376626
 0.02254615 0.04376626 0.03190758 0.04376626 0.04261499 0.07132878
 0.04376625 0.04623403 0.05579686 0.04376626 0.01490551]
[0.02330105 0.08452369 0.03842837 0.04179595 0.08871303 0.02322238
 0.04179595 0.06319319 0.03949403 0.02322238 0.01484766 0.03842837
 0.02558687 0.03842837 0.0283484  0.03842837 0.05042579 0.0912717
 0.03842837 0.04689637 0.06955282 0.03842837 0.01323851]
[0.02836768 0.06437522 0.04040319 0.04208218 0.10940024 0.02947301
 0.04208218 0.05370367 0.0466139  0.02947301 0.01559032 0.04040319
 0.02606116 0.04040319 0.03761814 0.04040319 0.04866789 0.07851162
 0.04040319 0.04331853 0.04913206 0.04040321 0.01311001]
[0.0242481  0.09970757 0.03621479 0.03578145 0.11581664 0.01976584
 0.03578145 0.05247978 0.05630683 0.01976584 0.01470143 0.03621479
 0.01920245 0.03621479 0.03660194 0.03621479 0.05558725 0.08869018
 0.03621479 0.04572451 0.05049279 0.0362148  0.01205716]
[0.02330105 0.08452369 0.03842837 0.04179595 0.08871303 0.02322238
 0.04179595 0.0631932  0.03949403 0.02322238 0.01484766 0.03842837
 0.02558687 0.03842837 0.0283484  0.03842837 0.05042579 0.09127171
 0.03842837 0.04689636 0.06955283 0.03842837 0.01323851]
[0.02070787 0.06858704 0.03771652 0.03788659 0.10247573 0.01916732
 0.03788659 0.06110358 0.05904913 0.01916732 0.01542049 0.03771652
 0.01935856 0.03771652 0.04691224 0.03771652 0.06151702 0.08934398
 0.03771652 0.04771671 0.05497468 0.03771653 0.01242602]]