7565
Test: public void test5() throws Throwable { String string0 = Base64.encode((String) null); }
Code: public static String encode(String toEncodeContent) { if (toEncodeContent == null) { return null; } return urlEncoder.encodeToString(toEncodeContent.getBytes()); }
[[0.04351459 0.12072912 0.05662514 0.06036091 0.06036091 0.05267342
 0.11674677 0.06036091 0.07016198 0.02408108 0.05267342 0.04722896
 0.09215271 0.0173701  0.04722896 0.06036091 0.01737009]
[0.0421777  0.1097252  0.0640756  0.05717717 0.05717717 0.07165398
 0.11460686 0.05717717 0.05405878 0.02213203 0.07165398 0.03972966
 0.10246824 0.01963982 0.03972966 0.05717717 0.01963982]
[0.04370431 0.12352234 0.05144776 0.06302336 0.06302336 0.05921914
 0.1273188  0.06302336 0.05667896 0.01988906 0.05921914 0.04355097
 0.08906564 0.01536972 0.04355097 0.06302336 0.01536972]
[0.03570707 0.12160018 0.06649892 0.06005209 0.06005209 0.05408879
 0.0872021  0.06005209 0.06816054 0.02533202 0.05408879 0.043272
 0.12344276 0.01856324 0.043272   0.06005209 0.01856324]
[0.03570707 0.12160018 0.06649892 0.06005209 0.06005209 0.05408879
 0.0872021  0.06005209 0.06816054 0.02533202 0.05408879 0.043272
 0.12344276 0.01856324 0.043272   0.06005209 0.01856324]
[0.04481984 0.10408857 0.06646077 0.05955384 0.05955384 0.07018252
 0.07744005 0.05955384 0.04839048 0.02935367 0.07018252 0.05182705
 0.09712064 0.02504574 0.05182705 0.05955384 0.02504574]
[0.02658512 0.14870092 0.0636132  0.0642031  0.0642031  0.04995946
 0.14768179 0.0642031  0.05665903 0.01027429 0.04995946 0.03464608
 0.10468397 0.00788909 0.03464608 0.0642031  0.00788909]
[0.03570707 0.12160018 0.06649892 0.06005209 0.06005209 0.05408879
 0.0872021  0.06005209 0.06816054 0.02533202 0.05408879 0.043272
 0.12344276 0.01856324 0.043272   0.06005209 0.01856324]
[0.02658812 0.14072704 0.07624552 0.04580818 0.04580818 0.06086991
 0.14735031 0.04580818 0.06724529 0.0174026  0.06086991 0.04324555
 0.10731439 0.01283152 0.04324555 0.04580818 0.01283153]
[0.03150594 0.12894535 0.05195476 0.06016098 0.06016098 0.06440601
 0.14482035 0.06016098 0.0607499  0.02026747 0.06440601 0.03804164
 0.09554937 0.01033382 0.03804164 0.06016098 0.01033382]
[0.04481984 0.10408857 0.06646077 0.05955384 0.05955384 0.07018252
 0.07744005 0.05955384 0.04839048 0.02935367 0.07018252 0.05182705
 0.09712064 0.02504574 0.05182705 0.05955384 0.02504574]
[0.02918842 0.12873688 0.06968928 0.06022536 0.06022536 0.05289262
 0.12307437 0.06022536 0.05906368 0.01756727 0.05289262 0.04309291
 0.11039383 0.01470686 0.04309291 0.06022536 0.01470686]
[0.04233199 0.09296034 0.07103796 0.06969826 0.06969826 0.05385532
 0.11668312 0.06969826 0.06032538 0.01813423 0.05385532 0.04893954
 0.07943807 0.01735307 0.04893954 0.06969826 0.01735307]
[0.02969576 0.11478494 0.05445808 0.05708058 0.05708058 0.06738774
 0.11264406 0.05708058 0.05070166 0.01890937 0.06738774 0.06227555
 0.10129356 0.01493184 0.06227555 0.05708058 0.01493184]
[0.02918842 0.12873688 0.06968928 0.06022536 0.06022536 0.05289262
 0.12307437 0.06022536 0.05906368 0.01756727 0.05289262 0.04309291
 0.11039383 0.01470686 0.04309291 0.06022536 0.01470686]
[0.03570707 0.12160018 0.06649892 0.06005209 0.06005209 0.05408879
 0.0872021  0.06005209 0.06816054 0.02533202 0.05408879 0.043272
 0.12344276 0.01856324 0.043272   0.06005209 0.01856324]
[0.02969576 0.11478491 0.05445808 0.05708057 0.05708057 0.06738775
 0.11264405 0.05708057 0.05070166 0.01890938 0.06738775 0.06227555
 0.10129358 0.01493184 0.06227555 0.05708057 0.01493184]]