78550
Test: public void test1() throws Throwable { D2I d2I0 = new D2I(); InstructionList instructionList0 = new InstructionList(d2I0); IF_ICMPGE iF_ICMPGE0 = new IF_ICMPGE(); IfInstruction ifInstruction0 = iF_ICMPGE0.negate(); BranchHandle branchHandle0 = instructionList0.insert((BranchInstruction) ifInstruction0); JSR_W jSR_W0 = new JSR_W(branchHandle0); MockFileOutputStream mockFileOutputStream0 = new MockFileOutputStream("}[{jT}*{npKrbYDn|"); DataOutputStream dataOutputStream0 = new DataOutputStream(mockFileOutputStream0); jSR_W0.dump(dataOutputStream0); }
Code: public void dump( final DataOutputStream out ) throws IOException { super.setIndex(getTargetOffset()); out.writeByte(super.getOpcode()); out.writeInt(super.getIndex()); }
[[0.05864789 0.04690916 0.08135577 0.04651532 0.09705265 0.05706604
 0.09908241 0.14205201 0.02923076 0.07396022 0.08135578 0.08135578
 0.0813558  0.02406043]
[0.04461873 0.03794139 0.08808702 0.03786267 0.08288415 0.06077477
 0.10372511 0.16025452 0.02397794 0.07315888 0.08808703 0.08808703
 0.08808704 0.02245379]
[0.04861579 0.04056371 0.08270074 0.04437011 0.09543855 0.05695941
 0.10423259 0.15614977 0.03053095 0.06845272 0.08270074 0.08270074
 0.08270076 0.0238834 ]
[0.05420355 0.03929712 0.08780941 0.03547908 0.08453649 0.0460116
 0.10583387 0.14866449 0.03231156 0.08527132 0.08780941 0.08780941
 0.08780941 0.01715333]
[0.05441807 0.03856067 0.08888108 0.05341532 0.09959154 0.04318527
 0.10310192 0.12329484 0.03427177 0.07318386 0.08888107 0.08888107
 0.08888109 0.0214524 ]
[0.04926912 0.03758496 0.08193    0.04324575 0.08946073 0.06114268
 0.09546005 0.13810204 0.03309267 0.09910928 0.08192999 0.08192999
 0.08193    0.02581269]
[0.05538338 0.05416843 0.07906625 0.0528037  0.10665002 0.04453086
 0.08689521 0.11653889 0.03358697 0.10589267 0.07906625 0.07906625
 0.07906625 0.02728487]
[0.0432386  0.04111208 0.07731524 0.03503562 0.08569208 0.0460218
 0.07803372 0.2157505  0.02659517 0.09950118 0.07731526 0.07731526
 0.07731526 0.01975825]
[0.04737831 0.03724711 0.09050375 0.04007184 0.07366788 0.04708739
 0.08698235 0.18399149 0.02543949 0.07890326 0.09050374 0.09050374
 0.09050376 0.0172159 ]
[0.06012277 0.05197077 0.08128069 0.05880855 0.08366139 0.05390043
 0.09543444 0.1075206  0.03944295 0.09102119 0.0812807  0.0812807
 0.08128072 0.03299407]
[0.04861579 0.04056371 0.08270074 0.04437011 0.09543855 0.05695941
 0.10423259 0.15614977 0.03053095 0.06845272 0.08270074 0.08270074
 0.08270076 0.0238834 ]
[0.04861579 0.04056371 0.08270074 0.04437011 0.09543855 0.05695941
 0.10423259 0.15614977 0.03053095 0.06845272 0.08270074 0.08270074
 0.08270076 0.0238834 ]
[0.0486158  0.04056371 0.08270074 0.04437011 0.09543855 0.05695942
 0.10423258 0.15614977 0.03053095 0.06845273 0.08270074 0.08270074
 0.08270074 0.02388341]
[0.04050915 0.03728301 0.07626373 0.03638661 0.08759236 0.06182424
 0.1055195  0.17082596 0.03191084 0.10117908 0.07626373 0.07626373
 0.07626374 0.0219143 ]]