36066
Test: public void test128() throws Throwable { LocalDateTime localDateTime0 = new LocalDateTime(); localDateTime0.minusWeeks(0); }
Code: public LocalDateTime minusWeeks(int weeks) { if (weeks == 0) { return this; } long instant = getChronology().weeks().subtract(getLocalMillis(), weeks); return withLocalMillis(instant); }
[[0.03982577 0.0696629  0.05524711 0.04276364 0.05147573 0.10718276
 0.0385993  0.06328203 0.02195272 0.05147573 0.04362882 0.034039
 0.01661252 0.06666271 0.04665123 0.02495537 0.05524711 0.05524711
 0.04362882 0.05524711 0.01661251]
[0.03328248 0.07268792 0.05957053 0.03774779 0.05843397 0.12165713
 0.03356472 0.05033944 0.02077534 0.05843397 0.04334377 0.03110838
 0.01556864 0.06132423 0.03869807 0.02583961 0.05957053 0.05957053
 0.04334377 0.05957053 0.01556864]
[0.03445377 0.0752978  0.05789284 0.04604516 0.05247483 0.08421315
 0.04018376 0.06571452 0.02510987 0.05247483 0.04176069 0.03309404
 0.01798792 0.06207274 0.04122428 0.03657272 0.05789284 0.05789284
 0.04176068 0.05789284 0.01798792]
[0.03665768 0.08313383 0.05384553 0.04396858 0.0520993  0.10489102
 0.03414264 0.0657348  0.02399622 0.0520993  0.04851839 0.02893338
 0.01519343 0.06997988 0.03710406 0.02445354 0.05384554 0.05384554
 0.04851838 0.05384554 0.01519343]
[0.04149298 0.065258   0.05551746 0.04503397 0.06411175 0.07180518
 0.04200274 0.04499713 0.02765467 0.06411175 0.04809263 0.03444374
 0.02302038 0.06770845 0.03265829 0.03442545 0.05551747 0.05551747
 0.04809263 0.05551747 0.02302038]
[0.02619907 0.07885705 0.06123573 0.04039226 0.05361099 0.14717288
 0.03830007 0.0542308  0.02124534 0.05361099 0.0344164  0.02052931
 0.00827069 0.07615644 0.03900152 0.02037612 0.06123574 0.06123574
 0.0344164  0.06123574 0.00827069]
[0.03190071 0.08291423 0.0514748  0.04591277 0.05200423 0.11254564
 0.04644012 0.06402148 0.02321962 0.05200423 0.05017098 0.03080097
 0.0140294  0.05783984 0.03724334 0.02885282 0.0514748  0.0514748
 0.05017098 0.0514748  0.0140294 ]
[0.02573341 0.08548111 0.04373781 0.04735913 0.0608204  0.14241144
 0.02950906 0.06472828 0.02616154 0.0608204  0.04198379 0.02735895
 0.01272092 0.07846704 0.04048029 0.02630829 0.04373781 0.04373781
 0.04198379 0.04373781 0.01272092]
[0.03302117 0.06874077 0.05483767 0.04020701 0.05479502 0.11124813
 0.03853307 0.05588378 0.02217729 0.05479502 0.05192675 0.03034116
 0.0191291  0.06712167 0.03608738 0.02558613 0.05483767 0.05483767
 0.05192675 0.05483767 0.0191291 ]
[0.04149298 0.065258   0.05551746 0.04503397 0.06411175 0.07180518
 0.04200274 0.04499713 0.02765467 0.06411175 0.04809263 0.03444374
 0.02302038 0.06770845 0.03265829 0.03442545 0.05551747 0.05551747
 0.04809263 0.05551747 0.02302038]
[0.0281104  0.072561   0.05770935 0.05004146 0.0515362  0.1181436
 0.0298756  0.05650307 0.02139413 0.0515362  0.04139889 0.02495189
 0.01429702 0.08148114 0.04436247 0.02727362 0.05770935 0.05770935
 0.04139889 0.05770935 0.01429702]
[0.04006211 0.07622171 0.05687942 0.05006108 0.06221195 0.09698804
 0.0353777  0.05103461 0.02394086 0.06221195 0.048547   0.02493765
 0.0169189  0.06024685 0.03471336 0.02354267 0.05687942 0.05687942
 0.048547   0.05687942 0.0169189 ]
[0.02816017 0.08168947 0.05358805 0.04303717 0.0670266  0.10750441
 0.04750805 0.0483455  0.0199775  0.0670266  0.05995814 0.02597417
 0.01468132 0.04569775 0.02953797 0.02488357 0.05358805 0.05358805
 0.05995813 0.05358805 0.01468132]
[0.02930572 0.07022658 0.05581082 0.04745849 0.06507299 0.11045113
 0.03028609 0.05906858 0.02308052 0.06507299 0.04354279 0.02685499
 0.01576014 0.06233426 0.04664101 0.02229755 0.05581081 0.05581081
 0.04354279 0.05581081 0.01576014]
[0.03912868 0.07085375 0.05714052 0.04098493 0.0522831  0.10768691
 0.03528951 0.06269999 0.02205479 0.0522831  0.04705161 0.03020213
 0.01584827 0.06257346 0.04312838 0.02646939 0.05714052 0.05714052
 0.04705161 0.05714052 0.01584827]
[0.04220298 0.07479009 0.05974597 0.04711597 0.04580581 0.09305112
 0.04077692 0.04811342 0.03104524 0.04580581 0.04597031 0.04143142
 0.0202357  0.05225698 0.03175262 0.03445573 0.05974598 0.05974598
 0.04597031 0.05974598 0.0202357 ]
[0.03445377 0.0752978  0.05789284 0.04604516 0.05247483 0.08421315
 0.04018376 0.06571452 0.02510987 0.05247483 0.04176069 0.03309404
 0.01798792 0.06207274 0.04122428 0.03657272 0.05789284 0.05789284
 0.04176068 0.05789284 0.01798792]
[0.03445377 0.0752978  0.05789284 0.04604516 0.05247483 0.08421315
 0.04018376 0.06571452 0.02510987 0.05247483 0.04176069 0.03309404
 0.01798792 0.06207274 0.04122428 0.03657272 0.05789284 0.05789284
 0.04176068 0.05789284 0.01798792]
[0.0281104  0.072561   0.05770935 0.05004146 0.0515362  0.1181436
 0.0298756  0.05650307 0.02139413 0.0515362  0.04139889 0.02495189
 0.01429702 0.08148114 0.04436247 0.02727362 0.05770935 0.05770935
 0.04139889 0.05770935 0.01429702]
[0.03445377 0.0752978  0.05789284 0.04604516 0.05247483 0.08421315
 0.04018376 0.06571452 0.02510987 0.05247483 0.04176069 0.03309404
 0.01798792 0.06207274 0.04122428 0.03657272 0.05789284 0.05789284
 0.04176068 0.05789284 0.01798792]
[0.02816017 0.08168948 0.05358804 0.04303717 0.0670266  0.10750438
 0.04750806 0.04834549 0.0199775  0.0670266  0.05995813 0.02597417
 0.01468133 0.04569776 0.02953797 0.02488357 0.05358804 0.05358804
 0.05995813 0.05358804 0.01468132]]