39318
Test: public void test54() throws Throwable { BuddhistChronology buddhistChronology0 = BuddhistChronology.getInstance(); DateTimeField dateTimeField0 = buddhistChronology0.yearOfEra(); DurationField durationField0 = buddhistChronology0.minutes(); DateTimeFieldType dateTimeFieldType0 = DateTimeFieldType.centuryOfEra(); RemainderDateTimeField remainderDateTimeField0 = new RemainderDateTimeField(dateTimeField0, durationField0, dateTimeFieldType0, 1848); DividedDateTimeField dividedDateTimeField0 = new DividedDateTimeField(remainderDateTimeField0, dateTimeFieldType0); long long0 = dividedDateTimeField0.addWrapField(0L, 0); }
Code: public long addWrapField(long instant, int amount) { return set(instant, FieldUtils.getWrappedValue(get(instant), amount, iMin, iMax)); }
[[0.05780325 0.0977499  0.0453297  0.10525648 0.03761945 0.0971422
 0.07175989 0.06295842 0.08018303 0.08018303 0.08018303 0.08018303
 0.08018304 0.02346554]
[0.04271741 0.09191658 0.04611897 0.09645692 0.02670337 0.10823338
 0.09190963 0.06356958 0.08198725 0.08198725 0.08198725 0.08198725
 0.08198726 0.02243782]
[0.05903806 0.08781102 0.05090487 0.1116102  0.03081608 0.10159741
 0.08437804 0.0684562  0.07607253 0.07607253 0.07607253 0.07607253
 0.07607254 0.02502547]
[0.05730694 0.06891733 0.04609451 0.1074283  0.03585342 0.09918956
 0.09451279 0.06614917 0.0806063  0.0806063  0.0806063  0.0806063
 0.0806063  0.02151644]
[0.03598361 0.07880064 0.04407656 0.10224619 0.02635823 0.09110714
 0.07906732 0.05779644 0.09345064 0.09345064 0.09345064 0.09345064
 0.09345066 0.01731068]
[0.05180876 0.08939153 0.04240194 0.1159424  0.03193735 0.10802227
 0.09622132 0.07563378 0.07406458 0.07406458 0.07406458 0.07406458
 0.07406458 0.01831773]
[0.05663664 0.09186834 0.04937721 0.09904638 0.02738437 0.11332761
 0.0884666  0.06552001 0.07535324 0.07535324 0.07535324 0.07535324
 0.07535325 0.03160667]
[0.04148371 0.12032574 0.04261392 0.08928901 0.02566851 0.09645768
 0.07598658 0.06110568 0.08519712 0.08519712 0.08519712 0.08519712
 0.08519714 0.02108362]
[0.04651408 0.08497229 0.05712566 0.10719411 0.03057051 0.13209476
 0.06887607 0.05632682 0.07851366 0.07851366 0.07851366 0.07851366
 0.07851367 0.02375733]
[0.04651408 0.08497229 0.05712566 0.10719411 0.03057051 0.13209476
 0.06887607 0.05632682 0.07851366 0.07851366 0.07851366 0.07851366
 0.07851367 0.02375733]
[0.04651408 0.08497229 0.05712566 0.10719411 0.03057051 0.13209476
 0.06887607 0.05632682 0.07851366 0.07851366 0.07851366 0.07851366
 0.07851367 0.02375733]
[0.04651408 0.08497229 0.05712566 0.10719411 0.03057051 0.13209476
 0.06887607 0.05632682 0.07851366 0.07851366 0.07851366 0.07851366
 0.07851367 0.02375733]
[0.04651409 0.0849723  0.05712567 0.10719412 0.03057052 0.13209476
 0.06887608 0.05632682 0.07851367 0.07851367 0.07851367 0.07851367
 0.07851367 0.02375733]
[0.04100855 0.06654456 0.04369419 0.10424648 0.03143099 0.11707687
 0.09676907 0.08707212 0.07818349 0.07818349 0.07818349 0.07818349
 0.0781835  0.02123971]]