78482
Test: public void test7() throws Throwable { Byte byte0 = new Byte((byte)1); PUSH pUSH0 = new PUSH((ConstantPoolGen) null, (Number) byte0); InstructionList instructionList0 = new InstructionList(pUSH0); IADD iADD0 = (IADD)InstructionConstants.IADD; InstructionHandle instructionHandle0 = instructionList0.insert((Instruction) iADD0); GOTO_W gOTO_W0 = new GOTO_W(instructionHandle0); byte[] byteArray0 = new byte[0]; ByteSequence byteSequence0 = new ByteSequence(byteArray0);  gOTO_W0.initFromFile(byteSequence0, true);   }
Code: protected void initFromFile( final ByteSequence bytes, final boolean wide ) throws IOException { super.setIndex(bytes.readInt()); super.setLength(5); }
[[0.07709476 0.03443832 0.06532747 0.03535292 0.06532747 0.04529484
 0.03535292 0.13731337 0.06946335 0.06898858 0.11372472 0.02617869
 0.07943662 0.06532747 0.06532747 0.01605102]
[0.08267408 0.03101742 0.06518079 0.03099093 0.06518079 0.03258214
 0.03099093 0.14319086 0.0746358  0.08836984 0.12038186 0.02036598
 0.06460939 0.06518079 0.06518079 0.01946755]
[0.08606197 0.03260385 0.06183137 0.0352783  0.06183137 0.05206821
 0.0352783  0.14009991 0.06499299 0.08516334 0.11939788 0.02475423
 0.05738943 0.06183137 0.06183137 0.01958616]
[0.05821535 0.03362744 0.06902765 0.03020471 0.06902765 0.04682019
 0.03020471 0.13052762 0.06216011 0.09355611 0.11760658 0.02847104
 0.07729957 0.06902765 0.06902765 0.01519599]
[0.08606197 0.03260385 0.06183137 0.0352783  0.06183137 0.05206821
 0.0352783  0.14009991 0.06499299 0.08516334 0.11939788 0.02475423
 0.05738943 0.06183137 0.06183137 0.01958616]
[0.07585257 0.03846516 0.06271098 0.03523573 0.06271098 0.04481871
 0.03523573 0.13231021 0.05936228 0.08589906 0.09219636 0.02891605
 0.0978386  0.06271098 0.06271098 0.02302563]
[0.05821535 0.03362744 0.06902765 0.03020471 0.06902765 0.04682019
 0.03020471 0.13052762 0.06216011 0.09355611 0.11760658 0.02847104
 0.07729957 0.06902765 0.06902765 0.01519599]
[0.08010641 0.02622754 0.06263117 0.03118221 0.06263117 0.0367704
 0.03118221 0.17022054 0.06095962 0.08158407 0.113869   0.02040986
 0.08167339 0.06263117 0.06263117 0.01529019]
[0.08387037 0.0350724  0.06563981 0.03809555 0.06563981 0.04725749
 0.03809555 0.11864417 0.06114593 0.07791758 0.09500675 0.03207244
 0.08434439 0.06563981 0.06563981 0.02591819]
[0.06834263 0.04457423 0.06003642 0.04261745 0.06003642 0.04050844
 0.04261745 0.14992559 0.06517193 0.07296979 0.09053874 0.02769515
 0.0918569  0.06003642 0.06003642 0.02303599]
[0.08986384 0.03354584 0.05629252 0.02819058 0.05629252 0.0391796
 0.02819058 0.14937629 0.05553737 0.06562336 0.15823467 0.02270225
 0.08764801 0.05629252 0.05629252 0.0167376 ]
[0.07904895 0.02848501 0.06733633 0.0320475  0.06733633 0.03817847
 0.0320475  0.1509568  0.05640625 0.07307092 0.13575777 0.02138366
 0.06902335 0.06733633 0.06733633 0.01424847]
[0.09449813 0.04183733 0.06185466 0.04697802 0.06185466 0.04936995
 0.04697802 0.10329616 0.06700545 0.08028588 0.08408967 0.03236596
 0.07847179 0.06185466 0.06185466 0.02740498]
[0.08606197 0.03260385 0.06183137 0.0352783  0.06183137 0.05206821
 0.0352783  0.14009991 0.06499299 0.08516334 0.11939788 0.02475423
 0.05738943 0.06183137 0.06183137 0.01958616]
[0.08606197 0.03260385 0.06183137 0.0352783  0.06183137 0.05206821
 0.0352783  0.14009991 0.06499299 0.08516334 0.11939788 0.02475423
 0.05738943 0.06183137 0.06183137 0.01958616]
[0.07066646 0.03163953 0.06128126 0.03070197 0.06128126 0.04560607
 0.03070197 0.11221309 0.05819286 0.09479992 0.14012344 0.02808367
 0.09255362 0.06128126 0.06128126 0.01959235]]