8330
Test: public void test12() throws Throwable { Pattern pattern0 = Pattern.compile("o7S"); String string0 = RegExUtils.removeAll("|,", pattern0); }
Code: public static String removeAll(final String text, final Pattern regex) { return replaceAll(text, regex, StringUtils.EMPTY); }
[[0.0440499  0.13845281 0.05600689 0.06111234 0.05600689 0.05303726
 0.03586864 0.17982717 0.06111234 0.06261411 0.04895766 0.06111234
 0.06111235 0.06111235 0.01961697]
[0.0428265  0.12697129 0.06008031 0.05611843 0.06008031 0.05224568
 0.0334794  0.18736759 0.05611843 0.09104346 0.04159382 0.05611843
 0.05611844 0.05611844 0.02371939]
[0.04412    0.14132193 0.04963401 0.06070723 0.04963401 0.0576534
 0.0351949  0.18230598 0.06070723 0.07304326 0.04551958 0.06070723
 0.06070724 0.06070724 0.01803678]
[0.0360583  0.13528824 0.06258159 0.05847155 0.06258159 0.05733988
 0.03754819 0.18364307 0.05847155 0.06662454 0.04401441 0.05847155
 0.05847156 0.05847156 0.02196241]
[0.04412    0.14132193 0.04963401 0.06070723 0.04963401 0.0576534
 0.0351949  0.18230598 0.06070723 0.07304326 0.04551958 0.06070723
 0.06070724 0.06070724 0.01803678]
[0.03005119 0.16309619 0.05030562 0.05486906 0.05030562 0.05804336
 0.03556218 0.19562785 0.05486907 0.08365694 0.04241525 0.05486907
 0.05486907 0.05486907 0.01659043]
[0.04175507 0.12624902 0.05938268 0.05928265 0.05938268 0.05810777
 0.028719   0.17523183 0.05928266 0.07871294 0.06094013 0.05928266
 0.05928266 0.05928266 0.01510556]
[0.03686064 0.13450001 0.06216695 0.0560392  0.06216695 0.06156398
 0.03623681 0.16700637 0.05603919 0.08182149 0.0552392  0.05603919
 0.05603921 0.05603921 0.02224159]
[0.0360583  0.13528824 0.06258159 0.05847155 0.06258159 0.05733988
 0.03754819 0.18364307 0.05847155 0.06662454 0.04401441 0.05847155
 0.05847156 0.05847156 0.02196241]
[0.04798899 0.11879135 0.0649127  0.05939423 0.0649127  0.05495884
 0.04742815 0.13617206 0.05939423 0.08494446 0.05421108 0.05939423
 0.05939424 0.05939424 0.02870851]
[0.02931811 0.146971   0.05703459 0.05493974 0.05703459 0.04901451
 0.0278827  0.23490748 0.05493975 0.06449409 0.04133384 0.05493975
 0.05493976 0.05493976 0.01731037]
[0.0360583  0.13528824 0.06258159 0.05847155 0.06258159 0.05733988
 0.03754819 0.18364307 0.05847155 0.06662454 0.04401441 0.05847155
 0.05847156 0.05847156 0.02196241]
[0.03605831 0.13528824 0.06258159 0.05847155 0.06258159 0.05733989
 0.03754819 0.18364306 0.05847155 0.06662454 0.04401442 0.05847155
 0.05847155 0.05847155 0.02196241]
[0.03605831 0.13528824 0.06258159 0.05847155 0.06258159 0.05733989
 0.03754819 0.18364306 0.05847155 0.06662454 0.04401442 0.05847155
 0.05847155 0.05847155 0.02196241]
[0.03017635 0.14301884 0.05517204 0.05407339 0.05517204 0.0500273
 0.02832843 0.18774614 0.05407339 0.09118109 0.069846   0.05407339
 0.0540734  0.0540734  0.01896477]]