77059
Test: public void test20() throws Throwable { ConstantPoolGen constantPoolGen0 = new ConstantPoolGen(); String string0 = constantPoolGen0.toString(); }
Code: public String toString() { final StringBuilder buf = new StringBuilder(); for (int i = 1; i < index; i++) { buf.append(i).append(")").append(constants[i]).append("\n"); } return buf.toString(); }
[[0.0372025  0.04832841 0.05123092 0.04561837 0.02933529 0.03394236
 0.04106662 0.02315414 0.01903861 0.06544683 0.03703145 0.02924486
 0.02826189 0.02315414 0.01900359 0.02826189 0.02923494 0.10276115
 0.03755555 0.04561837 0.05160571 0.01497857 0.0404504  0.10349485
 0.01497857]
[0.03720193 0.04402459 0.05570892 0.04907671 0.02743078 0.042911
 0.0440155  0.02547218 0.01593241 0.08312668 0.03555305 0.02642978
 0.03361919 0.02547218 0.01304843 0.03361919 0.02271019 0.09330018
 0.02974446 0.04907671 0.05393947 0.01282983 0.0369153  0.0960115
 0.01282983]
[0.02620939 0.07309166 0.05046962 0.04190253 0.02400369 0.02682395
 0.03861387 0.02169273 0.01384725 0.11058781 0.03064585 0.02863716
 0.02960371 0.02169273 0.01265123 0.02960371 0.01967436 0.09492958
 0.03869202 0.04190253 0.0513374  0.01129612 0.03916332 0.11163168
 0.01129612]
[0.0342433  0.05282823 0.0377457  0.05040412 0.03343769 0.03903934
 0.03870199 0.02829717 0.01977997 0.07613955 0.0349038  0.02664923
 0.03253046 0.02829717 0.01873796 0.03253046 0.02681247 0.07636112
 0.03093345 0.05040412 0.04693509 0.01851445 0.04001733 0.10724135
 0.01851445]
[0.03429994 0.05793289 0.04717979 0.05073429 0.02210739 0.03213789
 0.03130842 0.02670237 0.01603039 0.07393569 0.04117374 0.03505294
 0.03543677 0.02670237 0.01778198 0.03543677 0.02269349 0.07797711
 0.03454955 0.05073429 0.05763584 0.01038619 0.04967843 0.10200533
 0.01038619]
[0.03469437 0.05296775 0.04992045 0.05569612 0.02669644 0.03538632
 0.03340872 0.02241788 0.01657789 0.0799894  0.031804   0.02563746
 0.02603347 0.02241788 0.0164858  0.02603347 0.02913697 0.08074142
 0.03600857 0.05569612 0.05071904 0.01524246 0.04318018 0.11786534
 0.01524246]
[0.03787976 0.04876906 0.04642548 0.04771754 0.02625069 0.03458815
 0.0437604  0.02704054 0.01548235 0.08661834 0.032617   0.03314812
 0.02458308 0.02704054 0.0125013  0.02458308 0.02741764 0.09198591
 0.03285211 0.04771754 0.05992239 0.01770587 0.03584155 0.09984574
 0.01770587]
[0.03908035 0.04670742 0.03294451 0.0416602  0.03283303 0.03973477
 0.05430558 0.03168856 0.01825185 0.05904643 0.03765947 0.03009655
 0.03524515 0.03168856 0.02261568 0.03524515 0.02641379 0.068397
 0.03769563 0.0416602  0.05534658 0.01855607 0.04242543 0.1021459
 0.01855607]
[0.02934467 0.05735503 0.0555972  0.04791264 0.02322337 0.02904372
 0.04828783 0.02392039 0.01967694 0.08808812 0.02833015 0.02608353
 0.03275278 0.02392039 0.01673155 0.03275278 0.02510566 0.0730654
 0.02789407 0.04791264 0.04719969 0.01428423 0.04113878 0.12609427
 0.01428422]
[0.03256929 0.04793787 0.05042962 0.05028191 0.0247392  0.03581518
 0.04896511 0.0229219  0.01491775 0.07797213 0.03369768 0.02655315
 0.03151922 0.0229219  0.01096292 0.03151922 0.01845646 0.08746672
 0.0351286  0.05028191 0.05729236 0.01069614 0.04239138 0.12386629
 0.01069614]
[0.03657029 0.05990908 0.0358373  0.05512795 0.0281986  0.03600732
 0.03886061 0.0246542  0.01444312 0.09000196 0.0384397  0.02683767
 0.03427823 0.0246542  0.01074137 0.03427823 0.02045852 0.08521092
 0.03217277 0.05512795 0.05399277 0.00970937 0.03824367 0.10653479
 0.00970937]
[0.03590092 0.06474753 0.04548155 0.05472221 0.03126695 0.03920808
 0.02843012 0.02422957 0.01596028 0.11621121 0.03388051 0.02309674
 0.02789981 0.02422957 0.01365034 0.02789981 0.02210155 0.08216497
 0.03664187 0.05472221 0.04850221 0.0107897  0.03623306 0.09123948
 0.0107897 ]
[0.04168149 0.04892349 0.03377258 0.04374486 0.03392665 0.04403824
 0.04075111 0.02665706 0.02112503 0.04664778 0.03993113 0.03179484
 0.0394971  0.02665706 0.02736975 0.0394971  0.02910324 0.0712966
 0.03877288 0.04374486 0.06225903 0.0219962  0.04031472 0.08450098
 0.0219962 ]
[0.03908035 0.04670742 0.03294451 0.0416602  0.03283303 0.03973477
 0.05430558 0.03168856 0.01825185 0.05904643 0.03765947 0.03009655
 0.03524515 0.03168856 0.02261568 0.03524515 0.02641379 0.068397
 0.03769563 0.0416602  0.05534658 0.01855607 0.04242543 0.1021459
 0.01855607]
[0.03050555 0.05537853 0.04448976 0.04469059 0.02558095 0.03400615
 0.03808365 0.02478999 0.02071566 0.07285777 0.03561689 0.03347849
 0.0309533  0.02478999 0.01297832 0.0309533  0.02155163 0.09706113
 0.03980704 0.04469059 0.04813061 0.01235252 0.04327191 0.12091309
 0.01235252]
[0.04168149 0.04892349 0.03377258 0.04374486 0.03392665 0.04403824
 0.04075111 0.02665706 0.02112503 0.04664778 0.03993113 0.03179484
 0.0394971  0.02665706 0.02736975 0.0394971  0.02910324 0.0712966
 0.03877288 0.04374486 0.06225903 0.0219962  0.04031472 0.08450098
 0.0219962 ]
[0.02650278 0.06015781 0.04679327 0.04604304 0.02848147 0.03425881
 0.04136587 0.0242348  0.0168286  0.07917446 0.03949858 0.03524927
 0.03512993 0.0242348  0.01447139 0.03512993 0.02463168 0.08049253
 0.0328562  0.04604304 0.04244686 0.01462505 0.04594816 0.11077666
 0.01462505]
[0.02693088 0.05847497 0.04654591 0.05669944 0.02448215 0.03633519
 0.04400718 0.02467102 0.0155776  0.06684735 0.03681631 0.02496007
 0.03468327 0.02467102 0.0121199  0.03468327 0.02080512 0.09436242
 0.03307957 0.05669944 0.04762035 0.0118721  0.0366007  0.11858265
 0.0118721 ]
[0.03293798 0.0572602  0.04616728 0.04847609 0.02964186 0.03449139
 0.03460805 0.02182373 0.01363544 0.09013171 0.03282041 0.0253008
 0.02802856 0.02182373 0.01083706 0.02802856 0.02101995 0.10218501
 0.02980638 0.04847609 0.05245562 0.0112066  0.04125845 0.12637243
 0.0112066 ]
[0.0342433  0.05282823 0.0377457  0.05040412 0.03343769 0.03903934
 0.03870199 0.02829717 0.01977997 0.07613955 0.0349038  0.02664923
 0.03253046 0.02829717 0.01873796 0.03253046 0.02681247 0.07636112
 0.03093345 0.05040412 0.04693509 0.01851445 0.04001733 0.10724135
 0.01851445]
[0.02840779 0.05430121 0.04930706 0.03936608 0.02574165 0.04426632
 0.04251339 0.02932446 0.02110047 0.08614329 0.04016445 0.02881825
 0.02662077 0.02932446 0.01273242 0.02662077 0.024069   0.08834856
 0.03870178 0.03936608 0.04843925 0.01378621 0.03432955 0.11442046
 0.01378621]
[0.02766378 0.05075436 0.05896764 0.05970235 0.02412184 0.03527715
 0.03359833 0.02377772 0.01544379 0.07323296 0.03702796 0.02617989
 0.02946579 0.02377772 0.01473002 0.02946579 0.0233492  0.07712206
 0.03340837 0.05970235 0.05370705 0.01339672 0.05712558 0.10560485
 0.01339672]
[0.02447398 0.06120431 0.0402761  0.04191998 0.02170283 0.03518082
 0.03385438 0.02356556 0.01489266 0.10961206 0.04569113 0.0259606
 0.02946652 0.02356556 0.01323929 0.02946652 0.01996781 0.07853943
 0.04148781 0.04191998 0.05168488 0.01178892 0.03654956 0.13220039
 0.01178892]
[0.03341417 0.05772609 0.04431022 0.0494334  0.02397956 0.03290448
 0.0424925  0.02512835 0.01357611 0.09613229 0.03401404 0.02991616
 0.0311196  0.02512835 0.01143986 0.0311196  0.0196599  0.08917199
 0.03337711 0.0494334  0.05141728 0.01349819 0.03599798 0.11211124
 0.01349819]
[0.02766378 0.05075436 0.05896762 0.05970236 0.02412184 0.03527714
 0.03359833 0.02377772 0.01544379 0.07323298 0.03702795 0.02617989
 0.02946579 0.02377772 0.01473002 0.02946579 0.0233492  0.07712205
 0.03340837 0.05970236 0.05370704 0.01339672 0.05712558 0.10560483
 0.01339672]]