168740
Test: public void test2() throws Throwable { BasicRowProcessor basicRowProcessor0 = new BasicRowProcessor(); ArrayHandler arrayHandler0 = new ArrayHandler(basicRowProcessor0); ResultSet resultSet0 = mock(ResultSet.class, new ViolatedAssumptionAnswer()); doReturn((ResultSetMetaData) null).when(resultSet0).getMetaData(); doReturn(true).when(resultSet0).next(); // Undeclared exception!  arrayHandler0.handle(resultSet0);   }
Code: public Object[] handle(ResultSet rs) throws SQLException { return rs.next() ? this.convert.toArray(rs) : EMPTY_ARRAY; }
[[0.05105866 0.15031576 0.07083477 0.07083477 0.1185492  0.03917617
 0.0713918  0.05660097 0.07083477 0.08775385 0.07083477 0.04850077
 0.07083479 0.02247899]
[0.04880591 0.15599495 0.07042819 0.07042819 0.12263729 0.03998459
 0.08409909 0.05429692 0.07042819 0.07482901 0.07042819 0.04493865
 0.07042819 0.02227272]
[0.04274194 0.13496003 0.07086346 0.07086346 0.13880807 0.04498295
 0.07038339 0.05194607 0.07086346 0.09693814 0.07086346 0.04119074
 0.07086348 0.02373135]
[0.04274194 0.13496003 0.07086346 0.07086346 0.13880807 0.04498295
 0.07038339 0.05194607 0.07086346 0.09693814 0.07086346 0.04119074
 0.07086348 0.02373135]
[0.03566849 0.1508776  0.05951563 0.05951563 0.1672923  0.03763822
 0.09263538 0.05954953 0.05951565 0.09673437 0.05951565 0.04433475
 0.05951566 0.01769114]
[0.03703042 0.16903001 0.06084104 0.06084104 0.13516015 0.04160684
 0.09666784 0.06589499 0.06084104 0.10157453 0.06084104 0.03441536
 0.06084106 0.01441459]
[0.05490049 0.1542173  0.07089246 0.07089246 0.09653381 0.03960286
 0.09057726 0.06288133 0.07089247 0.06991676 0.07089247 0.04533897
 0.07089248 0.03156881]
[0.03492378 0.19361088 0.06861239 0.06861239 0.12790014 0.0331918
 0.07034092 0.0503497  0.0686124  0.09455509 0.0686124  0.03289363
 0.0686124  0.01917212]
[0.04274194 0.13496003 0.07086346 0.07086346 0.13880807 0.04498295
 0.07038339 0.05194607 0.07086346 0.09693814 0.07086346 0.04119074
 0.07086348 0.02373135]
[0.04251479 0.14937037 0.06659154 0.06659154 0.12255095 0.03538187
 0.10164917 0.0584579  0.06659153 0.09436921 0.06659153 0.04349272
 0.06659155 0.01925536]
[0.04274194 0.13496003 0.07086346 0.07086346 0.13880807 0.04498295
 0.07038339 0.05194607 0.07086346 0.09693814 0.07086346 0.04119074
 0.07086348 0.02373135]
[0.05219126 0.1396902  0.0630241  0.0630241  0.12129372 0.04416794
 0.0838242  0.06564043 0.0630241  0.11273864 0.0630241  0.03672636
 0.0630241  0.02860669]
[0.04274193 0.13496003 0.07086346 0.07086346 0.13880807 0.04498295
 0.07038338 0.05194606 0.07086346 0.09693813 0.07086346 0.04119074
 0.07086346 0.02373134]
[0.03391456 0.1659528  0.06286056 0.06286056 0.14258555 0.0423076
 0.09041394 0.07501156 0.06286056 0.08364632 0.06286056 0.03256514
 0.06286056 0.0192997 ]]