135923
Test: public void test22() throws Throwable { Document document0 = Parser.parse("+B``lI8P", "m-BFA<0x="); Elements elements0 = document0.getElementsContainingText("+B``lI8P"); Element element0 = elements0.last(); }
Code: public @Nullable Element last() { return isEmpty() ? null : get(size() - 1); }
[[0.05270623 0.11085057 0.02387416 0.0731257  0.07917438 0.05910404
 0.08171147 0.08553904 0.05779291 0.0523665  0.07312571 0.15886723
 0.06735905 0.02440309]
[0.04617402 0.08328061 0.02393962 0.07889129 0.10592122 0.05722068
 0.0966121  0.07716359 0.04665815 0.03473473 0.0788913  0.16329364
 0.08046384 0.02675525]
[0.05046217 0.09772088 0.02153654 0.05883026 0.09217685 0.06096332
 0.07836974 0.09773131 0.04441725 0.03931327 0.05883027 0.21246634
 0.06673231 0.02044943]
[0.04452977 0.11548866 0.02839325 0.0722982  0.08178258 0.05434202
 0.07976791 0.09370084 0.04694165 0.04442878 0.0722982  0.1679973
 0.07104116 0.02698968]
[0.05609419 0.10320722 0.02770899 0.07112485 0.09548168 0.06386501
 0.0786011  0.06967073 0.04486473 0.04668917 0.07112486 0.15741909
 0.08132654 0.03282183]
[0.03807228 0.12028126 0.01627188 0.07259575 0.08119011 0.05411536
 0.08249087 0.09608001 0.04513294 0.03684194 0.07259575 0.18479107
 0.07763369 0.02190715]
[0.04259267 0.12236943 0.01981256 0.0651264  0.09139622 0.06122621
 0.07626466 0.08761411 0.05352288 0.05447959 0.0651264  0.16188315
 0.07266221 0.02592355]
[0.04201984 0.11304379 0.01332978 0.06466068 0.11470594 0.05932788
 0.06785607 0.08633298 0.03903732 0.0471941  0.06466068 0.19697753
 0.0695752  0.02127814]
[0.04599484 0.12021729 0.02187614 0.06953593 0.11845346 0.0758715
 0.05239822 0.09684568 0.04161804 0.04025982 0.06953593 0.161387
 0.06833249 0.01767365]
[0.05269689 0.11849023 0.02601465 0.06343655 0.08567818 0.06624306
 0.07299238 0.11229034 0.05236834 0.03733604 0.06343655 0.14492112
 0.07498337 0.02911226]
[0.04452977 0.11548866 0.02839325 0.0722982  0.08178258 0.05434202
 0.07976791 0.09370084 0.04694165 0.04442878 0.0722982  0.1679973
 0.07104116 0.02698968]
[0.05760448 0.10137177 0.02555472 0.08090056 0.0989175  0.06065211
 0.0719884  0.08638708 0.05512123 0.04220972 0.08090055 0.13209099
 0.07767908 0.0286218 ]
[0.0433901  0.11964787 0.01906771 0.06080647 0.08919109 0.06881121
 0.06374487 0.09848095 0.04000669 0.04082863 0.06080647 0.20342173
 0.0736981  0.01809812]
[0.0381784  0.1107941  0.01944878 0.06946097 0.1093041  0.0866169
 0.06965642 0.09065183 0.04241561 0.03855843 0.06946097 0.16465627
 0.06781477 0.02298244]]