79885
Test: public void test123() throws Throwable { LocalVariable localVariable0 = new LocalVariable((-1300), (-1300), (-1300), (-1300), (-2241), (ConstantPool) null, (-2241)); // Undeclared exception!  localVariable0.getSignature();   }
Code: public String getSignature() { ConstantUtf8 c; c = (ConstantUtf8) constantPool.getConstant(signatureIndex, Const.CONSTANT_Utf8); return c.getBytes(); }
[[0.06077385 0.07783006 0.08431043 0.08243085 0.08431043 0.05037019
 0.09114727 0.03832934 0.08431043 0.08431043 0.08431043 0.0670564
 0.08431044 0.02619934]
[0.06187648 0.07043347 0.08618228 0.09769671 0.08618228 0.04118263
 0.08233098 0.04170854 0.08618228 0.08618228 0.08618228 0.06328333
 0.0861823  0.02439412]
[0.05156469 0.09252416 0.08505566 0.08731882 0.08505566 0.0466428
 0.06300233 0.05660601 0.08505566 0.08505566 0.08505566 0.06273223
 0.08505568 0.02927493]
[0.06336513 0.0869232  0.07927249 0.11026062 0.07927249 0.04760594
 0.05370956 0.05313131 0.07927251 0.07927251 0.07927251 0.07182923
 0.07927251 0.03754003]
[0.05156469 0.09252416 0.08505566 0.08731882 0.08505566 0.0466428
 0.06300233 0.05660601 0.08505566 0.08505566 0.08505566 0.06273223
 0.08505568 0.02927493]
[0.04974483 0.12093438 0.08439555 0.09440782 0.08439555 0.03417118
 0.06925698 0.03191914 0.08439555 0.08439555 0.08439555 0.07008582
 0.08439557 0.02310666]
[0.04486193 0.08358216 0.08238642 0.10600568 0.08238642 0.04130696
 0.08062487 0.03914819 0.08238642 0.08238642 0.08238642 0.08943428
 0.08238643 0.02071745]
[0.06238566 0.07377173 0.08820445 0.07176001 0.08820445 0.0603517
 0.05079336 0.052099   0.08820446 0.08820446 0.08820446 0.06872272
 0.08820447 0.03088913]
[0.05156469 0.09252416 0.08505566 0.08731882 0.08505566 0.0466428
 0.06300233 0.05660601 0.08505566 0.08505566 0.08505566 0.06273223
 0.08505568 0.02927493]
[0.05156469 0.09252416 0.08505566 0.08731882 0.08505566 0.0466428
 0.06300233 0.05660601 0.08505566 0.08505566 0.08505566 0.06273223
 0.08505568 0.02927493]
[0.05156469 0.09252416 0.08505566 0.08731882 0.08505566 0.0466428
 0.06300233 0.05660601 0.08505566 0.08505566 0.08505566 0.06273223
 0.08505568 0.02927493]
[0.04461835 0.09795422 0.08838934 0.08837148 0.08838934 0.03913037
 0.06715541 0.04369088 0.08838932 0.08838932 0.08838932 0.06458303
 0.08838935 0.0241602 ]
[0.05156469 0.09252414 0.08505566 0.08731884 0.08505566 0.04664281
 0.06300234 0.056606   0.08505566 0.08505566 0.08505566 0.06273225
 0.08505567 0.02927493]
[0.04311843 0.07887971 0.07833089 0.12412797 0.07833089 0.03947815
 0.07988284 0.04043642 0.07833089 0.07833089 0.07833089 0.09802129
 0.0783309  0.02606989]]