32183
Test: public void test55() throws Throwable { MockDate mockDate0 = new MockDate(280000000, 280000000, 8, 8, 8); // Undeclared exception!  DateUtil.beginOfWeek(mockDate0);   }
Code: public static Date beginOfWeek(@NotNull final Date date) { return DateUtils.truncate(DateUtil.subDays(date, DateUtil.getDayOfWeek(date) - 1), Calendar.DATE); }
[[0.04526602 0.13995598 0.02238721 0.06279825 0.03668388 0.02238721
 0.06740163 0.06301557 0.05014536 0.06279825 0.06279825 0.14145963
 0.1402364  0.06279825 0.01986817]
[0.04610602 0.12800175 0.01886492 0.06149874 0.03471856 0.01886492
 0.06862147 0.08779794 0.04407887 0.06149874 0.06149874 0.15592709
 0.12759821 0.06149875 0.02342523]
[0.03946016 0.13110866 0.02198937 0.05863979 0.0322749  0.02198937
 0.07870962 0.07835449 0.05879152 0.05863979 0.05863979 0.16759433
 0.12006509 0.0586398  0.01510336]
[0.03776348 0.13518097 0.02202326 0.06236727 0.03749476 0.02202326
 0.08098295 0.06352445 0.04593087 0.06236728 0.06236728 0.1484139
 0.13586698 0.06236728 0.02132602]
[0.04161068 0.12545191 0.0205981  0.05984901 0.02849162 0.0205981
 0.06948235 0.07723898 0.06069651 0.05984901 0.05984901 0.18680242
 0.11475453 0.05984902 0.01487879]
[0.03946016 0.13110866 0.02198937 0.05863979 0.0322749  0.02198937
 0.07870962 0.07835449 0.05879152 0.05863979 0.05863979 0.16759433
 0.12006509 0.0586398  0.01510336]
[0.03646114 0.12287272 0.01865418 0.05960928 0.0323407  0.01865418
 0.06021836 0.08767052 0.06075591 0.05960927 0.05960927 0.15852907
 0.1516893  0.05960928 0.01371683]
[0.0472977  0.11220081 0.02459271 0.06144291 0.04648636 0.02459271
 0.07899964 0.07720906 0.05428111 0.06144291 0.06144291 0.13484824
 0.12668219 0.06144292 0.02703784]
[0.03106568 0.14651163 0.01688264 0.0611134  0.02876162 0.01688264
 0.06693138 0.06240494 0.04481583 0.0611134  0.0611134  0.16063103
 0.16364175 0.06111341 0.01701723]
[0.03776348 0.13518097 0.02202326 0.06236727 0.03749476 0.02202326
 0.08098295 0.06352445 0.04593087 0.06236728 0.06236728 0.1484139
 0.13586698 0.06236728 0.02132602]
[0.03776348 0.13518097 0.02202326 0.06236727 0.03749476 0.02202326
 0.08098295 0.06352445 0.04593087 0.06236728 0.06236728 0.1484139
 0.13586698 0.06236728 0.02132602]
[0.05140983 0.11323623 0.0221038  0.07320151 0.04116619 0.0221038
 0.06631694 0.08325777 0.05298823 0.07320148 0.07320148 0.11924651
 0.11067688 0.07320151 0.02468789]
[0.05116645 0.15038307 0.01991118 0.05889287 0.04589056 0.01991118
 0.07566015 0.07718804 0.04910326 0.05889287 0.05889287 0.13483843
 0.12283331 0.05889287 0.01754295]
[0.03776348 0.13518097 0.02202326 0.06236727 0.03749475 0.02202326
 0.08098294 0.06352445 0.04593088 0.06236727 0.06236727 0.1484139
 0.13586698 0.06236728 0.02132602]
[0.0337394  0.14546192 0.01593015 0.06261069 0.03071154 0.01593015
 0.06402738 0.0895151  0.07449931 0.06261069 0.06261069 0.14655115
 0.11406322 0.0626107  0.01912791]]