31724
Test: public void test61() throws Throwable { String string0 = "~"; FileUtil.isFileExists("~"); // Undeclared exception!  FileUtil.getFileName((String) null);   }
Code: public static String getFileName(@NotNull String fullName) { Validate.notEmpty(fullName); int last = fullName.lastIndexOf(Platforms.FILE_PATH_SEPARATOR_CHAR); return fullName.substring(last + 1); }
[[0.04779533 0.13993861 0.06160187 0.0663029  0.06160187 0.0663029
 0.06205146 0.0663029  0.03056741 0.05717889 0.02996675 0.0663029
 0.05239335 0.0663029  0.03868835 0.06670457 0.019997  ]
[0.04666469 0.1294117  0.0683266  0.06226149 0.0683266  0.06226149
 0.088696   0.06226149 0.02368465 0.06073359 0.03024377 0.06226149
 0.04460161 0.06226149 0.0376379  0.06669062 0.02367483]
[0.04790718 0.14491147 0.05507777 0.06741617 0.05507777 0.06741617
 0.0725001  0.06741617 0.02556572 0.06131331 0.03242104 0.06741617
 0.04862832 0.06741617 0.04136329 0.05986327 0.01828988]
[0.03786484 0.13443366 0.06851011 0.06272763 0.06851011 0.06272763
 0.06262819 0.06272763 0.0242728  0.06381636 0.0412492  0.06272763
 0.04602601 0.06272763 0.05223125 0.06572185 0.02109741]
[0.04790718 0.14491147 0.05507777 0.06741617 0.05507777 0.06741617
 0.0725001  0.06741617 0.02556572 0.06131331 0.03242104 0.06741617
 0.04862832 0.06741617 0.04136329 0.05986327 0.01828988]
[0.03786484 0.13443366 0.06851011 0.06272763 0.06851011 0.06272763
 0.06262819 0.06272763 0.0242728  0.06381636 0.0412492  0.06272763
 0.04602601 0.06272763 0.05223125 0.06572185 0.02109741]
[0.04754836 0.11508903 0.06653865 0.06040332 0.06653865 0.06040332
 0.08067919 0.06040332 0.02235232 0.058463   0.03977583 0.06040332
 0.05416877 0.06040332 0.04987329 0.06918417 0.02777206]
[0.03786484 0.13443366 0.06851011 0.06272763 0.06851011 0.06272763
 0.06262819 0.06272763 0.0242728  0.06381636 0.0412492  0.06272763
 0.04602601 0.06272763 0.05223125 0.06572185 0.02109741]
[0.02823288 0.17643951 0.05484323 0.07250418 0.05484323 0.07250418
 0.06392686 0.07250418 0.02035617 0.05234184 0.02380921 0.07250418
 0.04557597 0.07250418 0.0334985  0.06981652 0.01379522]
[0.0379673  0.12513414 0.06086282 0.06818707 0.06086282 0.06818707
 0.07940069 0.06818707 0.0214585  0.0630895  0.02562361 0.06818707
 0.0597981  0.06818707 0.03177254 0.07674871 0.0163459 ]
[0.04867318 0.11932141 0.05771745 0.06884706 0.05771745 0.06884706
 0.05491581 0.06884706 0.02944109 0.05815108 0.04033915 0.06884706
 0.05341411 0.06884706 0.04303581 0.06919679 0.02384137]
[0.03786484 0.13443366 0.06851011 0.06272763 0.06851011 0.06272763
 0.06262819 0.06272763 0.0242728  0.06381636 0.0412492  0.06272763
 0.04602601 0.06272763 0.05223125 0.06572185 0.02109741]
[0.03222268 0.14849168 0.07225655 0.06448258 0.07225655 0.06448258
 0.06249178 0.06448258 0.01928245 0.0565731  0.03147184 0.06448258
 0.04686888 0.06448258 0.04443419 0.07408598 0.01715141]
[0.03786484 0.13443366 0.06851011 0.06272763 0.06851011 0.06272763
 0.06262819 0.06272763 0.0242728  0.06381636 0.0412492  0.06272763
 0.04602601 0.06272763 0.05223125 0.06572185 0.02109741]
[0.04468985 0.13905682 0.06977886 0.06085277 0.06977886 0.06085277
 0.06409568 0.06085277 0.02389202 0.07207931 0.03241489 0.06085277
 0.0530648  0.06085277 0.03810706 0.0668119  0.02196606]
[0.03673933 0.17456447 0.07589377 0.05426978 0.07589377 0.05426978
 0.06674249 0.05426978 0.01857817 0.06840571 0.02900065 0.05426978
 0.05677658 0.05426978 0.04184717 0.07002229 0.01418679]
[0.03339219 0.14345476 0.06114559 0.0620424  0.06114559 0.0620424
 0.08815475 0.0620424  0.02517896 0.05594118 0.03044908 0.0620424
 0.07360569 0.0620424  0.03671218 0.06175031 0.01885772]]