131243
Test: public void test52() throws Throwable { Complex complex0 = Complex.ofCartesian(2475.37650919, 1814.8); Complex complex1 = complex0.I.sqrt(); Complex complex2 = complex0.ONE.pow(complex1); complex0.equals(""); complex2.ONE.sin(); complex0.isInfinite(); Complex complex3 = complex2.cosh(); Complex complex4 = complex1.sqrt(); complex4.sinh(); Complex complex5 = complex2.add(1814.8); Complex complex6 = complex2.divideImaginary(2475.37650919); Complex.ofPolar((-2601.1091145675805), 0.0); complex6.ZERO.isFinite(); Complex.ofPolar(2475.37650919, Double.POSITIVE_INFINITY); complex6.isFinite(); complex2.acosh(); complex3.isNaN(); complex2.imag(); Complex complex7 = complex5.pow(complex2); complex7.arg(); complex5.cos(); complex1.arg(); complex7.divideImaginary(Double.POSITIVE_INFINITY); }
Code: public Complex divideImaginary(double divisor) { return new Complex(imaginary / divisor, -real / divisor); }
[[0.06406966 0.11351021 0.08887669 0.0508835  0.0806772  0.06992422
 0.03264208 0.08887669 0.05882568 0.08887669 0.08887669 0.05882568
 0.0888767  0.02625838]
[0.05337566 0.12954247 0.08754607 0.04441993 0.08500875 0.06967618
 0.03289598 0.08754607 0.06131103 0.08754608 0.08754608 0.06131103
 0.08754609 0.02472861]
[0.05275578 0.11564653 0.08860627 0.04747324 0.0805681  0.06394992
 0.0398361  0.08860627 0.06456859 0.08860628 0.08860628 0.06456859
 0.08860628 0.02760171]
[0.04933438 0.09774842 0.09354492 0.04868554 0.08614663 0.07891744
 0.03506981 0.09354492 0.05837695 0.09354494 0.09354494 0.05837695
 0.09354495 0.01961926]
[0.06346723 0.12023855 0.08397314 0.0447892  0.10018526 0.07328485
 0.03568036 0.08397314 0.05343388 0.08397315 0.08397315 0.05343388
 0.08397315 0.03562112]
[0.04700817 0.11641012 0.09730892 0.03733659 0.08453812 0.06951226
 0.02839505 0.09730892 0.05335689 0.09730892 0.09730892 0.05335689
 0.09730893 0.02354129]
[0.05620326 0.09790691 0.08799654 0.03660718 0.09749039 0.07895213
 0.03702897 0.08799654 0.06360725 0.08799654 0.08799654 0.06360725
 0.08799656 0.02861386]
[0.05275578 0.11564653 0.08860627 0.04747324 0.0805681  0.06394992
 0.0398361  0.08860627 0.06456859 0.08860628 0.08860628 0.06456859
 0.08860628 0.02760171]
[0.04763382 0.10785856 0.09081516 0.04363681 0.09901613 0.07849754
 0.03215949 0.09081516 0.05987042 0.09081516 0.09081516 0.05987042
 0.09081517 0.01738097]
[0.05275578 0.11564653 0.08860627 0.04747324 0.0805681  0.06394992
 0.0398361  0.08860627 0.06456859 0.08860628 0.08860628 0.06456859
 0.08860628 0.02760171]
[0.05275578 0.11564653 0.08860627 0.04747324 0.0805681  0.06394992
 0.0398361  0.08860627 0.06456859 0.08860628 0.08860628 0.06456859
 0.08860628 0.02760171]
[0.04763382 0.10785856 0.09081516 0.04363681 0.09901613 0.07849754
 0.03215949 0.09081516 0.05987042 0.09081516 0.09081516 0.05987042
 0.09081517 0.01738097]
[0.05275579 0.11564652 0.08860628 0.04747324 0.08056812 0.06394993
 0.0398361  0.08860628 0.06456859 0.08860628 0.08860628 0.06456859
 0.08860628 0.02760172]
[0.04544539 0.12172162 0.08590331 0.04903693 0.11150719 0.09772655
 0.02544246 0.08590331 0.04767643 0.08590331 0.08590331 0.04767643
 0.08590332 0.02425049]]