11604
Test: public void test49() throws Throwable { Consumer<Locale.LanguageRange> consumer0 = Failable.asConsumer((FailableConsumer<Locale.LanguageRange, ?>) null); }
Code: public static <T> Consumer<T> asConsumer(final FailableConsumer<T, ?> consumer) { return input -> accept(consumer, input); }
[[0.04708291 0.12537134 0.1089659  0.0653078  0.0653078  0.0653078
 0.05614249 0.0653078  0.05398387 0.05073026 0.05994878 0.10682224
 0.06530782 0.04627703 0.01813616]
[0.04772279 0.11824182 0.13164136 0.06543037 0.06543037 0.06543037
 0.04053149 0.06543037 0.07412893 0.04447702 0.05840321 0.0873941
 0.06543039 0.04952024 0.0207872 ]
[0.04382649 0.10391219 0.12636328 0.06590126 0.06590126 0.06590126
 0.0433875  0.06590126 0.07493135 0.04849104 0.05109888 0.11108705
 0.06590127 0.05024084 0.0171551 ]
[0.03833736 0.12829998 0.11435155 0.06486811 0.06486811 0.06486811
 0.04889513 0.06486811 0.05590374 0.0464023  0.05961479 0.10813163
 0.06486812 0.05637355 0.01934934]
[0.03833736 0.12829998 0.11435155 0.06486811 0.06486811 0.06486811
 0.04889513 0.06486811 0.05590374 0.0464023  0.05961479 0.10813163
 0.06486812 0.05637355 0.01934934]
[0.03833736 0.12829998 0.11435155 0.06486811 0.06486811 0.06486811
 0.04889513 0.06486811 0.05590374 0.0464023  0.05961479 0.10813163
 0.06486812 0.05637355 0.01934934]
[0.03954192 0.11744435 0.13255358 0.05936836 0.05936836 0.05936836
 0.06041201 0.05936836 0.068096   0.05483381 0.05902327 0.07885308
 0.05936836 0.07458541 0.0178148 ]
[0.03833736 0.12829998 0.11435155 0.06486811 0.06486811 0.06486811
 0.04889513 0.06486811 0.05590374 0.0464023  0.05961479 0.10813163
 0.06486812 0.05637355 0.01934934]
[0.04901564 0.1126887  0.10331084 0.06580997 0.06580997 0.06580997
 0.04839616 0.06580997 0.07522577 0.05687837 0.06134772 0.08871416
 0.06580999 0.04827717 0.02709562]
[0.03157916 0.13295649 0.12899527 0.06714684 0.06714684 0.06714684
 0.05113745 0.06714684 0.05315455 0.047321   0.05370942 0.0886213
 0.06714685 0.06178861 0.01500253]
[0.03917729 0.10986203 0.13882288 0.07018424 0.07018424 0.07018424
 0.04103849 0.07018424 0.07665046 0.04423393 0.05807166 0.07595325
 0.07018424 0.04713327 0.01813557]
[0.04830744 0.11727683 0.11784137 0.06421697 0.06421697 0.06421697
 0.04644894 0.06421697 0.08236368 0.05515192 0.05500743 0.08127801
 0.06421697 0.05712002 0.01811946]
[0.03833737 0.12829998 0.11435157 0.06486811 0.06486811 0.06486811
 0.04889512 0.06486811 0.05590375 0.0464023  0.05961479 0.10813164
 0.06486811 0.05637354 0.01934934]
[0.03406512 0.12083122 0.12723102 0.07156754 0.07156754 0.07156754
 0.05000025 0.07156754 0.06250826 0.05634389 0.05122459 0.07751477
 0.07156754 0.04892856 0.01351471]
[0.0320583  0.12001201 0.1461829  0.06220377 0.06220377 0.06220377
 0.04605881 0.06220377 0.06938788 0.0662585  0.06040561 0.07967739
 0.06220378 0.05338121 0.0155585 ]]