18114
Test: public void test90() throws Throwable { TimeZone timeZone0 = TimeZone.getDefault(); Locale locale0 = Locale.TRADITIONAL_CHINESE; String string0 = timeZone0.getDisplayName(); FastDateParser fastDateParser0 = new FastDateParser("", timeZone0, locale0); String string1 = fastDateParser0.toString(); Object object0 = fastDateParser0.parseObject(""); String string2 = fastDateParser0.toStringAll(); Object object1 = fastDateParser0.parseObject("m"); FastDateParser.TimeZoneStrategy fastDateParser_TimeZoneStrategy0 = new FastDateParser.TimeZoneStrategy(locale0); String string3 = fastDateParser_TimeZoneStrategy0.toString(); fastDateParser0.hashCode(); }
Code: public int hashCode() { return pattern.hashCode() + 13 * (timeZone.hashCode() + 13 * locale.hashCode()); }
[[0.06268176 0.03899614 0.09175922 0.08688309 0.0693918  0.08695901
 0.05086403 0.08519419 0.04493234 0.08695902 0.05086403 0.08519419
 0.04493235 0.08695903 0.02742976]
[0.04329266 0.03125841 0.08853259 0.09777001 0.06985578 0.11128967
 0.05139077 0.05124663 0.0545109  0.11128968 0.05139077 0.05124663
 0.05451089 0.11128969 0.02112487]
[0.05111921 0.03140932 0.10776177 0.10396159 0.0835952  0.09491143
 0.04928733 0.05838653 0.04857382 0.09491144 0.04928733 0.05838652
 0.04857381 0.09491146 0.02492328]
[0.06159847 0.02976977 0.08746025 0.09635453 0.07124212 0.08189344
 0.06417517 0.06466294 0.05790802 0.08189345 0.06417517 0.06466295
 0.05790804 0.08189347 0.03440223]
[0.04884609 0.03000694 0.08029678 0.09062111 0.07175338 0.0997564
 0.06710318 0.07111939 0.03883968 0.0997564  0.06710319 0.07111938
 0.03883968 0.09975642 0.02508198]
[0.05299509 0.03436583 0.09744467 0.0834389  0.06430613 0.08855505
 0.07249658 0.06387331 0.05032305 0.08855505 0.07249659 0.06387331
 0.05032305 0.08855507 0.02839826]
[0.06496698 0.03595306 0.089908   0.08370104 0.07514459 0.09212738
 0.05339886 0.06160043 0.05728021 0.09212739 0.05339886 0.06160042
 0.05728021 0.0921274  0.0293851 ]
[0.04750098 0.03278359 0.09143318 0.09933233 0.07050138 0.10885148
 0.05557732 0.05763616 0.04379358 0.10885148 0.05557732 0.05763616
 0.04379357 0.10885149 0.01787999]
[0.07234886 0.03179261 0.07776409 0.09932023 0.06778997 0.08325622
 0.04378841 0.07856393 0.06835587 0.08325622 0.04378841 0.07856393
 0.06835587 0.08325623 0.01979915]
[0.05299509 0.03436583 0.09744467 0.0834389  0.06430613 0.08855505
 0.07249658 0.06387331 0.05032305 0.08855505 0.07249659 0.06387331
 0.05032305 0.08855507 0.02839826]
[0.06496698 0.03595306 0.089908   0.08370104 0.07514459 0.09212738
 0.05339886 0.06160043 0.05728021 0.09212739 0.05339886 0.06160042
 0.05728021 0.0921274  0.0293851 ]
[0.04750098 0.03278359 0.09143318 0.09933233 0.07050138 0.10885148
 0.05557732 0.05763616 0.04379358 0.10885148 0.05557732 0.05763616
 0.04379357 0.10885149 0.01787999]
[0.07234886 0.03179262 0.07776409 0.09932024 0.06778997 0.08325623
 0.04378841 0.07856393 0.06835587 0.08325623 0.04378841 0.07856393
 0.06835587 0.08325624 0.01979915]
[0.0529951  0.03436584 0.09744468 0.08343892 0.06430613 0.08855505
 0.07249659 0.06387331 0.05032306 0.08855505 0.07249659 0.06387331
 0.05032306 0.08855505 0.02839826]
[0.04514092 0.0339454  0.08732682 0.12126064 0.10010716 0.08350964
 0.04974244 0.06870991 0.04947194 0.08350964 0.04974244 0.06870991
 0.04947195 0.08350965 0.02584157]]