129529
Test: public void test6() throws Throwable { // Undeclared exception!  Primes.primeFactors((-480));   }
Code: public static List<Integer> primeFactors(int n) { if (n < 2) { throw new IllegalArgumentException(MessageFormat.format(NUMBER_TOO_SMALL, n, 2)); } return SmallPrimes.trialDivision(n); }
[[0.03931468 0.10796903 0.04480301 0.05453444 0.06301737 0.04695566
 0.10541413 0.02509169 0.03082063 0.07025969 0.04695566 0.0399936
 0.02020604 0.05453444 0.08914538 0.032748   0.0155549  0.04259227
 0.05453444 0.0155549 ]
[0.03953772 0.09887778 0.03877795 0.05409413 0.06371231 0.06249147
 0.10746385 0.02257689 0.02567763 0.07764462 0.06249147 0.03358673
 0.01680757 0.05409413 0.08179367 0.03446687 0.01744432 0.03692242
 0.05409412 0.01744432]
[0.03357103 0.10825603 0.04634589 0.05579349 0.05536933 0.05239119
 0.1035122  0.01630269 0.02241683 0.0677996  0.05239119 0.03827056
 0.01652721 0.05579349 0.1157273  0.03483928 0.01184649 0.04520625
 0.05579349 0.01184649]
[0.03353355 0.11167385 0.04829772 0.05683545 0.05820589 0.0483706
 0.08128212 0.03008636 0.02847099 0.06963336 0.0483706  0.03952169
 0.02507355 0.05683545 0.09855708 0.03427576 0.01678326 0.04057398
 0.05683545 0.01678326]
[0.03469701 0.12443647 0.04652797 0.06288151 0.05576295 0.04903641
 0.10498036 0.02027131 0.02340554 0.05724156 0.04903641 0.02856608
 0.01777621 0.06288151 0.08612543 0.03218564 0.01812484 0.04505643
 0.06288151 0.01812484]
[0.04101957 0.0916357  0.04413687 0.05666326 0.04716037 0.05939103
 0.07151067 0.03215941 0.03205489 0.07417155 0.05939103 0.03718641
 0.02383721 0.05666326 0.09136148 0.03295359 0.02198758 0.04806523
 0.05666326 0.02198758]
[0.02557574 0.13559401 0.04227297 0.06332213 0.04402363 0.04471445
 0.14082342 0.02666776 0.01497832 0.05806845 0.04471445 0.02357223
 0.00952464 0.06332213 0.13530731 0.01665473 0.00721002 0.03312148
 0.06332214 0.00721002]
[0.03787593 0.11112335 0.04972096 0.04903162 0.05070855 0.05134976
 0.12444137 0.02164408 0.02240331 0.07800274 0.05134976 0.03138691
 0.01634143 0.04903162 0.10282043 0.02960574 0.01149027 0.05115031
 0.04903162 0.01149027]
[0.03033593 0.09695363 0.04674369 0.04881474 0.06622591 0.05642384
 0.09342869 0.02892941 0.02866889 0.06046864 0.05642384 0.04899742
 0.01941654 0.04881474 0.09730789 0.03454263 0.01760199 0.05348489
 0.04881475 0.01760199]
[0.03767597 0.12589552 0.06224233 0.05055696 0.05219699 0.05058354
 0.08709928 0.02605703 0.02818591 0.07156582 0.05058354 0.03311542
 0.02304199 0.05055696 0.09912694 0.02599854 0.01476617 0.04542799
 0.05055697 0.01476617]
[0.04101957 0.0916357  0.04413687 0.05666326 0.04716037 0.05939103
 0.07151067 0.03215941 0.03205489 0.07417155 0.05939103 0.03718641
 0.02383721 0.05666326 0.09136148 0.03295359 0.02198758 0.04806523
 0.05666326 0.02198758]
[0.0318132  0.11073598 0.03551634 0.05422603 0.04991779 0.06771833
 0.1078439  0.01716742 0.02438853 0.05701464 0.06771833 0.0372275
 0.01773836 0.05422603 0.10042927 0.0347073  0.01228697 0.05281112
 0.05422603 0.01228697]
[0.03347421 0.09818932 0.03871803 0.05313109 0.07501394 0.0563476
 0.11630264 0.01744568 0.02851206 0.06011651 0.0563476  0.03826983
 0.02225147 0.05313109 0.08103651 0.03827482 0.0166656  0.04697531
 0.05313109 0.0166656 ]
[0.03353355 0.11167385 0.04829772 0.05683545 0.05820589 0.0483706
 0.08128212 0.03008636 0.02847099 0.06963336 0.0483706  0.03952169
 0.02507355 0.05683545 0.09855708 0.03427576 0.01678326 0.04057398
 0.05683545 0.01678326]
[0.03479701 0.10926569 0.04074513 0.04993303 0.05826979 0.06324814
 0.099748   0.01583502 0.02007344 0.06618919 0.06324814 0.03826127
 0.01726831 0.04993303 0.12493143 0.02438864 0.01421692 0.04549794
 0.04993304 0.01421692]
[0.03171241 0.10666611 0.04946014 0.05888639 0.05196728 0.05572396
 0.11803487 0.02183461 0.02004953 0.07376605 0.05572396 0.0334813
 0.01735644 0.05888639 0.0880309  0.02970243 0.01331293 0.04320496
 0.05888639 0.01331293]
[0.02915702 0.11017752 0.03754405 0.05642133 0.04994036 0.06399187
 0.11012366 0.01733686 0.02463817 0.06350999 0.06399187 0.03748315
 0.01628312 0.05642133 0.08449872 0.03294607 0.01429801 0.06051751
 0.05642132 0.01429801]
[0.02703136 0.11519463 0.04000413 0.05704121 0.06165225 0.0463913
 0.11565165 0.0220041  0.02205071 0.0735563  0.0463913  0.03146686
 0.01644411 0.05704121 0.11817899 0.02642341 0.01304109 0.04035316
 0.05704121 0.01304109]
[0.03353355 0.11167385 0.04829772 0.05683545 0.05820589 0.0483706
 0.08128212 0.03008636 0.02847099 0.06963336 0.0483706  0.03952169
 0.02507355 0.05683545 0.09855708 0.03427576 0.01678326 0.04057398
 0.05683545 0.01678326]
[0.02915702 0.11017752 0.03754405 0.05642133 0.04994036 0.06399187
 0.11012366 0.01733686 0.02463817 0.06350999 0.06399187 0.03748315
 0.01628312 0.05642133 0.08449872 0.03294607 0.01429801 0.06051751
 0.05642132 0.01429801]]