166464
Test: public void test7() throws Throwable { DefaultConversionHandler defaultConversionHandler0 = DefaultConversionHandler.INSTANCE; SQLRecoverableException sQLRecoverableException0 = new SQLRecoverableException((String) null, (String) null); Collection<?> collection0 = defaultConversionHandler0.INSTANCE.extractValues(sQLRecoverableException0, (-1)); }
Code: protected Collection<?> extractValues(final Object source, final int limit) { return EXTRACTOR.flatten(source, limit); }
[[0.09490474 0.19984463 0.0815385  0.03515931 0.07823752 0.04526281
 0.03001063 0.0815385  0.10318851 0.06652763 0.08153849 0.08153849
 0.02071028]
[0.09443694 0.1929588  0.07990463 0.03557914 0.08841837 0.04792269
 0.03613855 0.07990463 0.09077954 0.06934468 0.07990462 0.07990462
 0.02480275]
[0.11344831 0.16280901 0.08431233 0.04022155 0.08995253 0.04995251
 0.0326345  0.08431233 0.08370668 0.06180003 0.08431233 0.08431233
 0.02822562]
[0.11010998 0.19508052 0.07297713 0.03933582 0.08405574 0.04092883
 0.02609062 0.07297713 0.12093924 0.06924851 0.07297713 0.07297713
 0.02230222]
[0.10473724 0.19138113 0.08702569 0.03345308 0.08168235 0.03933517
 0.02676406 0.08702569 0.09318557 0.05592469 0.08702568 0.08702568
 0.02543399]
[0.07298871 0.1980069  0.08694275 0.04151475 0.07488228 0.03837471
 0.02503652 0.08694275 0.09882916 0.08321139 0.08694275 0.08694275
 0.01938454]
[0.09283362 0.14808953 0.09526441 0.03895085 0.09228334 0.05205347
 0.02658952 0.09526441 0.08830063 0.06110755 0.09526442 0.09526442
 0.01873386]
[0.11344831 0.16280901 0.08431233 0.04022155 0.08995253 0.04995251
 0.0326345  0.08431233 0.08370668 0.06180003 0.08431233 0.08431233
 0.02822562]
[0.12282138 0.12781513 0.08195267 0.03834487 0.06964192 0.06343254
 0.03030334 0.08195267 0.1088939  0.07339799 0.08195268 0.08195268
 0.03753819]
[0.11578869 0.19094184 0.08462823 0.04012152 0.08184815 0.03917572
 0.0252572  0.08462823 0.08371381 0.06172317 0.08462822 0.08462822
 0.02291702]
[0.11344831 0.16280901 0.08431233 0.04022155 0.08995253 0.04995251
 0.0326345  0.08431233 0.08370668 0.06180003 0.08431233 0.08431233
 0.02822562]
[0.11344831 0.16280901 0.08431233 0.04022155 0.08995253 0.04995251
 0.0326345  0.08431233 0.08370668 0.06180003 0.08431233 0.08431233
 0.02822562]
[0.08806458 0.19653285 0.07486935 0.04106341 0.09297808 0.03640472
 0.0303471  0.07486935 0.10458244 0.08810981 0.07486935 0.07486935
 0.02243957]]