131285
Test: public void test94() throws Throwable { Complex complex0 = Complex.ofCis(2156.59531758); complex0.ONE.log(); Complex.ofPolar(2156.59531758, 2156.59531758); Complex complex1 = complex0.divide(708.0); complex1.add(2156.59531758); }
Code: public Complex add(Complex addend) { return new Complex(real + addend.real, imaginary + addend.imaginary); }
[[0.062142   0.11288019 0.03606626 0.0862055  0.08120512 0.0681854
 0.03145591 0.0862055  0.05031344 0.0862055  0.13650127 0.05031344
 0.08620551 0.02611494]
[0.05490565 0.13165334 0.04225714 0.09045969 0.08625054 0.07139314
 0.03372041 0.09045969 0.04293923 0.0904597  0.10687318 0.04293923
 0.0904597  0.02522932]
[0.0529298  0.09968899 0.03260805 0.09343067 0.08867598 0.09408803
 0.02602145 0.09343067 0.03998293 0.09343068 0.13612688 0.03998293
 0.09343069 0.0161723 ]
[0.04882752 0.10860928 0.03598815 0.08171016 0.07621854 0.05923167
 0.03701371 0.08171016 0.06670077 0.08171016 0.14788043 0.06670077
 0.08171017 0.0259885 ]
[0.05976354 0.11481749 0.04237507 0.07824326 0.09619883 0.06876519
 0.0333287  0.07824326 0.06240819 0.07824326 0.11306031 0.06240819
 0.07824327 0.03390149]
[0.04317106 0.10799087 0.03104646 0.08883098 0.07873257 0.06365032
 0.0260201  0.08883098 0.05922289 0.08883098 0.15375467 0.05922289
 0.088831   0.02186422]
[0.05470989 0.09595913 0.0351008  0.08505857 0.09632827 0.0768942
 0.03588093 0.08505857 0.0587861  0.08505857 0.11915347 0.0587861
 0.08505858 0.02816685]
[0.04882752 0.10860928 0.03598815 0.08171016 0.07621854 0.05923167
 0.03701371 0.08171016 0.06670077 0.08171016 0.14788043 0.06670077
 0.08171017 0.0259885 ]
[0.06267629 0.12258814 0.04107957 0.08912314 0.08011839 0.07236197
 0.03166122 0.08912314 0.05138289 0.08912316 0.1020768  0.05138289
 0.08912315 0.02817927]
[0.04882752 0.10860928 0.03598815 0.08171016 0.07621854 0.05923167
 0.03701371 0.08171016 0.06670077 0.08171016 0.14788043 0.06670077
 0.08171017 0.0259885 ]
[0.04868989 0.10431318 0.03274036 0.08941243 0.08567389 0.06653194
 0.02427255 0.08941243 0.04177972 0.08941241 0.17571439 0.04177972
 0.08941242 0.02085467]
[0.06267629 0.12258814 0.04107957 0.08912314 0.08011839 0.07236197
 0.03166122 0.08912314 0.05138289 0.08912316 0.1020768  0.05138289
 0.08912315 0.02817927]
[0.04882753 0.10860927 0.03598815 0.08171016 0.07621855 0.05923167
 0.0370137  0.08171016 0.06670077 0.08171016 0.1478804  0.06670077
 0.08171017 0.0259885 ]
[0.04432827 0.12036495 0.03401755 0.08351135 0.11038517 0.09579228
 0.0248257  0.08351135 0.04837511 0.08351135 0.1155657  0.04837511
 0.08351137 0.02392475]]