32178
Test: public void test50() throws Throwable { // Undeclared exception!  DateUtil.endOfDate((Date) null);   }
Code: public static Date endOfDate(@NotNull final Date date) { return new Date(nextDate(date).getTime() - 1); }
[[0.05588639 0.16370824 0.02663858 0.07752708 0.04460517 0.02663858
 0.08403151 0.07260168 0.06126846 0.02831896 0.07752708 0.17988575
 0.07797031 0.02339222]
[0.05600173 0.14801589 0.0218135  0.07562742 0.04103361 0.0218135
 0.08206253 0.09787482 0.05293879 0.02415646 0.07562741 0.19286528
 0.0835271  0.02664201]
[0.04621978 0.1472063  0.02496695 0.07066755 0.03699355 0.02496695
 0.09066822 0.08594323 0.06792205 0.02891329 0.07066755 0.20172937
 0.08601191 0.01712329]
[0.0456186  0.15819368 0.0256575  0.07622769 0.04385826 0.0256575
 0.0960398  0.07183157 0.0553554  0.03463542 0.07622769 0.18428637
 0.08196329 0.02444724]
[0.04911055 0.14652252 0.02378877 0.0739323  0.03307964 0.02378877
 0.08194098 0.0860251  0.07149581 0.02172797 0.0739323  0.23850922
 0.05933136 0.0168147 ]
[0.04621978 0.1472063  0.02496695 0.07066755 0.03699355 0.02496695
 0.09066822 0.08594323 0.06792205 0.02891329 0.07066755 0.20172937
 0.08601191 0.01712329]
[0.04509874 0.14288291 0.02168258 0.07512491 0.03878617 0.02168258
 0.07416652 0.09757221 0.07385289 0.02628842 0.07512492 0.20388559
 0.08798573 0.01586581]
[0.05569585 0.12834999 0.02840743 0.0745985  0.05454049 0.02840743
 0.09107491 0.0858828  0.06457727 0.03160626 0.07459851 0.16201961
 0.08937442 0.03086654]
[0.03833764 0.1718554  0.01997747 0.07823372 0.0347339  0.01997747
 0.08304039 0.07125173 0.05629513 0.02303725 0.07823372 0.21299368
 0.0923184  0.0197142 ]
[0.04567032 0.13676387 0.02313874 0.07019179 0.03663716 0.02313874
 0.08433105 0.08234742 0.06424322 0.02973    0.0701918  0.20972207
 0.09995639 0.02393739]
[0.0456186  0.15819368 0.0256575  0.07622769 0.04385826 0.0256575
 0.0960398  0.07183157 0.0553554  0.03463542 0.07622769 0.18428637
 0.08196329 0.02444724]
[0.06181366 0.13076098 0.02602319 0.08912221 0.04874889 0.02602319
 0.07801875 0.09455177 0.06244894 0.03089121 0.0891222  0.14488298
 0.08885477 0.02873723]
[0.041772   0.19044346 0.01556584 0.06311131 0.03831677 0.01556584
 0.09300824 0.07144725 0.06380205 0.02626079 0.06311131 0.21857278
 0.0834672  0.01555514]
[0.04110372 0.16453083 0.01831962 0.07816666 0.03657058 0.01831962
 0.07505363 0.09813862 0.08760516 0.02299727 0.07816666 0.18014136
 0.07940611 0.0214802 ]]