7732
Test: public void test36() throws Throwable { ExternalResource externalResource0 = new ExternalResource("external resource [/media/sonMya/extradrive1/toga-evalFSE_USER-2023/toga-eval/artiacts/spark/..]"); boolean boolean0 = externalResource0.equals("external resource [/media/sonMya/extradrive1/toga-evalFSE_USER-2023/toga-eval/artiacts/spark/..]"); }
Code: public boolean equals(Object obj) { return (obj == this || (obj instanceof Resource && ((Resource) obj).getDescription().equals(getDescription()))); }
[[0.04309505 0.1034074  0.08825553 0.11100182 0.06153376 0.04793063
 0.06391265 0.06681295 0.05932949 0.04362685 0.06391265 0.02038634
 0.0597879  0.02817886 0.0597879  0.0597879  0.01925233]
[0.03077633 0.16705106 0.06152247 0.13429406 0.07250561 0.04933252
 0.0561121  0.04690681 0.06006642 0.03612288 0.0561121  0.01644802
 0.05950231 0.02047862 0.05950231 0.05950231 0.01376409]
[0.04179301 0.11098116 0.07517504 0.10008247 0.07152903 0.06248667
 0.06092412 0.05592618 0.06825818 0.03922968 0.06092412 0.02115493
 0.06276596 0.02911177 0.06276596 0.06276596 0.01412575]
[0.047213   0.10398383 0.08141478 0.07184219 0.08256688 0.0495816
 0.07175426 0.05557949 0.04820265 0.03801923 0.07175426 0.02803199
 0.06440579 0.03618078 0.06440579 0.06440579 0.02065765]
[0.04747222 0.10316126 0.0593965  0.09383701 0.07752992 0.05447671
 0.05918784 0.05051791 0.06407952 0.04221824 0.05918784 0.03520635
 0.06165359 0.04162337 0.06165359 0.06165359 0.02714455]
[0.02904837 0.14711821 0.0814672  0.10842301 0.0581849  0.0419344
 0.07243552 0.05525791 0.06990058 0.03422228 0.07243552 0.02146725
 0.05722679 0.02054968 0.05722679 0.05722679 0.01587475]
[0.03428639 0.12625414 0.06662319 0.10127573 0.07397611 0.04965195
 0.06137701 0.06912109 0.05893576 0.06378081 0.06137701 0.02374997
 0.0588982  0.02046077 0.0588982  0.0588982  0.01243552]
[0.02612838 0.20215951 0.0558987  0.12336209 0.07385697 0.04344315
 0.06333601 0.06346697 0.05869264 0.04744947 0.06333601 0.02044567
 0.04061548 0.02174614 0.04061548 0.04061548 0.01483186]
[0.04015629 0.14318982 0.0630357  0.11359983 0.08278752 0.05552574
 0.05671109 0.05863614 0.06496397 0.03670076 0.05671109 0.02015817
 0.05441638 0.02963618 0.05441638 0.05441638 0.01493862]
[0.03327394 0.12069675 0.0678177  0.10499941 0.09451007 0.04920156
 0.05774328 0.05343304 0.05621019 0.04121365 0.05774328 0.02381251
 0.06623125 0.02928996 0.06623125 0.06623125 0.01136094]
[0.03428639 0.12625414 0.06662319 0.10127573 0.07397611 0.04965195
 0.06137701 0.06912109 0.05893576 0.06378081 0.06137701 0.02374997
 0.0588982  0.02046077 0.0588982  0.0588982  0.01243552]
[0.03247575 0.124276   0.08419191 0.12593096 0.05871388 0.04101441
 0.06750607 0.06728313 0.06883809 0.04922827 0.06750607 0.0201685
 0.05216043 0.01928816 0.05216043 0.05216043 0.0170975 ]
[0.03423153 0.12562782 0.06842067 0.10195877 0.05679633 0.04161429
 0.07575461 0.06441222 0.06325275 0.04836456 0.07575461 0.02969242
 0.0566765  0.02496929 0.0566765  0.0566765  0.0191206 ]
[0.03214794 0.15504818 0.06913678 0.08927619 0.0665133  0.04112852
 0.07379009 0.05504843 0.06137564 0.04010329 0.07379009 0.02311795
 0.05875124 0.02211457 0.05875124 0.05875124 0.02115527]
[0.03423153 0.12562782 0.06842067 0.10195877 0.05679633 0.04161429
 0.07575461 0.06441222 0.06325275 0.04836456 0.07575461 0.02969242
 0.0566765  0.02496929 0.0566765  0.0566765  0.0191206 ]
[0.03423153 0.12562782 0.06842067 0.10195877 0.05679633 0.04161429
 0.07575461 0.06441222 0.06325275 0.04836456 0.07575461 0.02969242
 0.0566765  0.02496929 0.0566765  0.0566765  0.0191206 ]
[0.03202833 0.11074748 0.06738234 0.1153449  0.08362006 0.07032934
 0.06013344 0.05561463 0.05078966 0.0474363  0.06013344 0.02192388
 0.0596701  0.02757436 0.0596701  0.0596701  0.01793151]]