39170
Test: public void test15() throws Throwable { int int0 = FieldUtils.safeMultiplyToInt((-120L), 0); }
Code: public static int safeMultiplyToInt(long val1, long val2) { long val = FieldUtils.safeMultiply(val1, val2); return FieldUtils.safeToInt(val); }
[[0.04675742 0.14427355 0.02906667 0.06486712 0.04704706 0.07675181
 0.0409854  0.06492373 0.07675181 0.07905401 0.02958536 0.06486712
 0.09793905 0.05177677 0.06486712 0.02048602]
[0.05203488 0.14341497 0.02650025 0.06953737 0.04031243 0.06538091
 0.03853772 0.09785768 0.06538091 0.05702107 0.03371833 0.06953737
 0.09538263 0.04966275 0.06953737 0.02618338]
[0.03076814 0.19462326 0.02200205 0.07855636 0.04108812 0.06557163
 0.04026704 0.07072768 0.06557163 0.06464457 0.02594076 0.07855636
 0.07817549 0.04979686 0.07855636 0.01515359]
[0.04043654 0.14543551 0.02575327 0.06666271 0.04881136 0.06862772
 0.04783855 0.06868002 0.06862772 0.060367   0.04443363 0.06666271
 0.10878883 0.04919946 0.06666271 0.02301217]
[0.03323921 0.1403066  0.02598996 0.07414632 0.03858728 0.05317962
 0.04335431 0.08969924 0.05317962 0.07519147 0.03501052 0.07414632
 0.11168417 0.05793106 0.07414632 0.02020796]
[0.03439575 0.17802963 0.02046793 0.0636663  0.03924792 0.07010529
 0.03597264 0.08490003 0.07010529 0.07918052 0.02638209 0.0636663
 0.09935027 0.05081735 0.0636663  0.02004641]
[0.03734015 0.17697133 0.01626869 0.06192311 0.03570786 0.06632631
 0.04075897 0.08877023 0.06632631 0.06736657 0.02555336 0.06192311
 0.11998076 0.06041931 0.06192311 0.0124408 ]
[0.04993172 0.11994253 0.0235943  0.06397587 0.04094082 0.07781446
 0.05587005 0.08350167 0.07781446 0.06143205 0.0417143  0.06397587
 0.08954419 0.05704362 0.06397587 0.0289283 ]
[0.03439575 0.17802963 0.02046793 0.0636663  0.03924792 0.07010529
 0.03597264 0.08490003 0.07010529 0.07918052 0.02638209 0.0636663
 0.09935027 0.05081735 0.0636663  0.02004641]
[0.03511754 0.1440223  0.02110959 0.06310301 0.03852532 0.07394816
 0.04548338 0.08449496 0.07394816 0.06688508 0.0387183  0.06310301
 0.11738261 0.05402658 0.06310301 0.01702901]
[0.05402434 0.13013408 0.0328535  0.07644664 0.0417819  0.06678351
 0.05597971 0.05986824 0.06678351 0.05601726 0.04446168 0.07644664
 0.07669081 0.05908063 0.07644664 0.02620089]
[0.04043654 0.14543551 0.02575327 0.06666271 0.04881136 0.06862772
 0.04783855 0.06868002 0.06862772 0.060367   0.04443363 0.06666271
 0.10878883 0.04919946 0.06666271 0.02301217]
[0.05336479 0.13387218 0.03000548 0.06201724 0.04862241 0.07425353
 0.04433447 0.06613224 0.07425353 0.05950678 0.04438206 0.06201724
 0.0976892  0.06589423 0.06201724 0.02163733]
[0.03203501 0.15052503 0.01881759 0.06319578 0.03924426 0.08658121
 0.03939103 0.06399295 0.08658121 0.07311734 0.03140229 0.06319578
 0.12498097 0.04627584 0.06319578 0.01746801]
[0.04043654 0.14543551 0.02575327 0.06666271 0.04881136 0.06862772
 0.04783855 0.06868002 0.06862772 0.060367   0.04443363 0.06666271
 0.10878883 0.04919946 0.06666271 0.02301217]
[0.03462507 0.15008678 0.02605769 0.06413405 0.04098968 0.05622875
 0.04430448 0.092559   0.05622875 0.09515417 0.03169815 0.06413405
 0.08326386 0.07665558 0.06413405 0.01974593]]