145144
Test: public void test55() throws Throwable { CompositeCacheManager compositeCacheManager0 = new CompositeCacheManager(); String string0 = "$%ejJ22eqSpc/[|5]"; ICompositeCacheAttributes iCompositeCacheAttributes0 = compositeCacheManager0.getDefaultCacheAttributes(); ElementAttributes elementAttributes0 = new ElementAttributes(); CompositeCache<LHMLRUMemoryCache<GroupId, String>, CopyOnWriteArrayList<String>> compositeCache0 = new CompositeCache<LHMLRUMemoryCache<GroupId, String>, CopyOnWriteArrayList<String>>(iCompositeCacheAttributes0, elementAttributes0); LHMLRUMemoryCache<GroupId, String> lHMLRUMemoryCache0 = new LHMLRUMemoryCache<GroupId, String>();  compositeCache0.getElementAttributes(lHMLRUMemoryCache0);   }
Code: public IElementAttributes getElementAttributes() { if (attr != null) { return attr.clone(); } return null; }
[[0.05853566 0.08119811 0.08119811 0.07174943 0.15713829 0.03549459
 0.03115168 0.03227306 0.07174943 0.06364255 0.08119812 0.02356165
 0.06364256 0.12390512 0.02356164]
[0.04913813 0.08314058 0.08314058 0.07166886 0.11930525 0.03453481
 0.03100314 0.03470731 0.07166886 0.05947559 0.08314058 0.02480475
 0.0594756  0.16999117 0.02480474]
[0.04913813 0.08314058 0.08314058 0.07166886 0.11930525 0.03453481
 0.03100314 0.03470731 0.07166886 0.05947559 0.08314058 0.02480475
 0.0594756  0.16999117 0.02480474]
[0.05717849 0.07712393 0.07712393 0.08695923 0.09913219 0.03979056
 0.0396391  0.03795344 0.08695924 0.06645444 0.07712393 0.03145465
 0.06645445 0.12519774 0.03145466]
[0.03846249 0.09260873 0.09260873 0.07287809 0.21388479 0.02045846
 0.01400709 0.01485378 0.07287807 0.0501622  0.09260876 0.0114815
 0.0501622  0.15146357 0.0114815 ]
[0.05660278 0.08756284 0.08756284 0.08052327 0.15500614 0.03533035
 0.02715521 0.02347506 0.08052331 0.0585968  0.08756284 0.01988918
 0.0585968  0.12172341 0.01988918]
[0.0461983  0.08011535 0.08011535 0.08855739 0.16874504 0.02628046
 0.01805242 0.02395501 0.08855739 0.0611868  0.08011536 0.01681875
 0.0611868  0.14329675 0.01681875]
[0.04277793 0.08091144 0.08091144 0.08908602 0.19618098 0.02875504
 0.02310034 0.02733006 0.08908603 0.05170558 0.08091144 0.01418554
 0.05170559 0.1291671  0.01418554]
[0.05717849 0.07712393 0.07712393 0.08695923 0.09913219 0.03979056
 0.0396391  0.03795344 0.08695924 0.06645444 0.07712393 0.03145465
 0.06645445 0.12519774 0.03145466]
[0.04035891 0.08370686 0.08370686 0.07224831 0.17074718 0.03161853
 0.02407426 0.02436754 0.07224832 0.0597368  0.08370686 0.02013727
 0.0597368  0.15346828 0.02013727]
[0.04913813 0.08314058 0.08314058 0.07166886 0.11930525 0.03453481
 0.03100314 0.03470731 0.07166886 0.05947559 0.08314058 0.02480475
 0.0594756  0.16999117 0.02480474]
[0.03893565 0.07483421 0.07483421 0.08839639 0.1477024  0.02481809
 0.0271353  0.0247917  0.08839642 0.08166449 0.07483421 0.01958473
 0.0816645  0.13282302 0.01958473]
[0.04035891 0.08370686 0.08370686 0.0722483  0.17074716 0.03161854
 0.02407426 0.02436754 0.0722483  0.05973679 0.08370686 0.02013727
 0.0597368  0.15346831 0.02013727]
[0.05683632 0.09291801 0.09291801 0.06837647 0.15499942 0.03869116
 0.03001055 0.0242527  0.06837647 0.06462787 0.09291801 0.02235357
 0.06462788 0.10574    0.02235357]
[0.03893564 0.0748342  0.0748342  0.08839641 0.14770237 0.02481809
 0.0271353  0.0247917  0.08839641 0.08166449 0.0748342  0.01958473
 0.0816645  0.13282304 0.01958473]]