36509
Test: public void test125() throws Throwable { DateMidnight dateMidnight0 = new DateMidnight(); // Undeclared exception!  dateMidnight0.minusYears((-2147483643));   }
Code: public DateMidnight minusYears(int years) { if (years == 0) { return this; } long instant = getChronology().years().subtract(getMillis(), years); return withMillis(instant); }
[[0.04225025 0.03325631 0.05860836 0.0679365  0.0524714  0.11348996
 0.03734748 0.06774441 0.02277182 0.0524714  0.04602077 0.03545488
 0.01715605 0.07144186 0.05040396 0.02633811 0.05860837 0.02444298
 0.04602077 0.05860837 0.01715605]
[0.04317917 0.03147083 0.06030906 0.07200044 0.05000938 0.11623302
 0.03289325 0.07047757 0.02050575 0.05000938 0.04809555 0.03049957
 0.0163038  0.07587752 0.05093591 0.02268872 0.06030906 0.02349364
 0.04809555 0.06030906 0.01630379]
[0.03630456 0.0273068  0.06159056 0.08449551 0.05204378 0.08791707
 0.04517472 0.06985717 0.02550199 0.05204378 0.04391822 0.03393519
 0.01808334 0.06734236 0.04448774 0.03784539 0.06159056 0.02696919
 0.04391822 0.06159056 0.01808334]
[0.0433595  0.02936222 0.05148506 0.07532327 0.06049012 0.10919106
 0.04646889 0.06135467 0.02329129 0.06049012 0.04690541 0.0269261
 0.01657297 0.07232595 0.05857257 0.02819115 0.05148506 0.0232412
 0.04690541 0.05148506 0.01657297]
[0.04285508 0.03771385 0.05833885 0.06253098 0.06397669 0.07445695
 0.0487484  0.04699052 0.02813304 0.06397669 0.04996406 0.03521141
 0.02334369 0.07122334 0.03426807 0.03545416 0.05833886 0.03282877
 0.04996406 0.05833886 0.02334369]
[0.02796216 0.0204074  0.06790398 0.10638706 0.05173993 0.15502961
 0.02556887 0.05988992 0.02066565 0.05173993 0.03639022 0.02058613
 0.00820621 0.08676466 0.0442593  0.0212762  0.067904   0.01481833
 0.03639022 0.067904   0.00820621]
[0.03978535 0.02753846 0.06556052 0.08848594 0.05436717 0.11906469
 0.03670311 0.05280842 0.01793835 0.05436717 0.04864813 0.0342261
 0.01534515 0.0697654  0.03580667 0.02438613 0.06556051 0.02008894
 0.04864813 0.06556051 0.01534515]
[0.02684912 0.02893367 0.04710349 0.08637765 0.05876962 0.14908266
 0.04260312 0.06840801 0.02560439 0.05876962 0.04348841 0.02730503
 0.01253047 0.08467221 0.0440233  0.02713877 0.04710349 0.0181146
 0.04348842 0.04710349 0.01253048]
[0.0349221  0.02973345 0.05854904 0.07677945 0.05490753 0.11749374
 0.0317593  0.06015783 0.02274968 0.05490753 0.05462329 0.03173197
 0.01939572 0.07209199 0.03923351 0.02691637 0.05854904 0.02293045
 0.0546233  0.05854904 0.01939572]
[0.04285508 0.03771385 0.05833885 0.06253098 0.06397669 0.07445695
 0.0487484  0.04699052 0.02813304 0.06397669 0.04996406 0.03521141
 0.02334369 0.07122334 0.03426807 0.03545416 0.05833886 0.03282877
 0.04996406 0.05833886 0.02334369]
[0.02988842 0.03356295 0.062645   0.06657115 0.0521648  0.12731394
 0.03433727 0.06174801 0.02178754 0.0521648  0.04446894 0.02603829
 0.01461378 0.08977327 0.04892195 0.02883824 0.062645   0.02078896
 0.04446894 0.062645   0.01461378]
[0.04311641 0.03880398 0.06262635 0.05600096 0.0639934  0.10446136
 0.03775916 0.05641622 0.0252785  0.0639934  0.05252094 0.02635814
 0.01776259 0.06686934 0.03851723 0.02539412 0.06262636 0.02459168
 0.05252094 0.06262636 0.01776258]
[0.03045374 0.0296114  0.05928021 0.09676871 0.06481862 0.11457825
 0.03917632 0.05163099 0.0201693  0.06481862 0.06262526 0.02686938
 0.0145967  0.04938956 0.03302283 0.02607748 0.05928021 0.02033031
 0.06262526 0.05928021 0.0145967 ]
[0.0308242  0.03232338 0.05972266 0.07793688 0.06371427 0.1158471
 0.03981709 0.06349418 0.0229889  0.06371427 0.04595892 0.02733506
 0.01571722 0.06725971 0.05093536 0.0233354  0.05972265 0.01795386
 0.04595891 0.05972265 0.01571722]
[0.04102156 0.03279857 0.06031437 0.08213549 0.05166416 0.1123416
 0.03803053 0.06545133 0.02217219 0.05166416 0.04840415 0.0306372
 0.01601681 0.06668103 0.0463599  0.02761574 0.06031437 0.02164143
 0.04840415 0.06031437 0.01601681]
[0.04395386 0.03925681 0.06226286 0.08196276 0.04634685 0.09664327
 0.04121459 0.05046128 0.03189262 0.04634685 0.0476196  0.04233226
 0.02074748 0.05454747 0.03338058 0.03549387 0.06226287 0.03264414
 0.04761961 0.06226287 0.02074748]
[0.03630456 0.0273068  0.06159056 0.08449551 0.05204378 0.08791707
 0.04517472 0.06985717 0.02550199 0.05204378 0.04391822 0.03393519
 0.01808334 0.06734236 0.04448774 0.03784539 0.06159056 0.02696919
 0.04391822 0.06159056 0.01808334]
[0.03187735 0.0326665  0.05802385 0.09777016 0.05738955 0.13703468
 0.03320876 0.06263785 0.01829979 0.05738955 0.05001369 0.02664534
 0.0096308  0.06667174 0.04458448 0.02098619 0.05802384 0.01947752
 0.05001369 0.05802384 0.00963079]
[0.02988842 0.03356295 0.062645   0.06657115 0.0521648  0.12731394
 0.03433727 0.06174801 0.02178754 0.0521648  0.04446894 0.02603829
 0.01461378 0.08977327 0.04892195 0.02883824 0.062645   0.02078896
 0.04446894 0.062645   0.01461378]
[0.03630456 0.0273068  0.06159056 0.08449551 0.05204378 0.08791707
 0.04517472 0.06985717 0.02550199 0.05204378 0.04391822 0.03393519
 0.01808334 0.06734236 0.04448774 0.03784539 0.06159056 0.02696919
 0.04391822 0.06159056 0.01808334]
[0.03045374 0.0296114  0.0592802  0.09676871 0.06481862 0.11457824
 0.03917632 0.05163099 0.0201693  0.06481862 0.06262526 0.02686938
 0.0145967  0.04938957 0.03302284 0.02607748 0.0592802  0.02033031
 0.06262526 0.0592802  0.0145967 ]]