1953
Test: public void test32() throws Throwable { TiffRasterDataFloat tiffRasterDataFloat0 = new TiffRasterDataFloat(369, 369, 1); // Undeclared exception!  tiffRasterDataFloat0.getIntValue((-1699), (-3954), (-1517));   }
Code: public int getIntValue(final int x, final int y) { int index = checkCoordinatesAndComputeIndex(x, y, 0); return (int) data[index]; }
[[0.05125035 0.03193623 0.07109986 0.03193623 0.06708248 0.04145845
 0.03193623 0.12243336 0.07077634 0.03193623 0.04009482 0.03240358
 0.07109986 0.0184418  0.05808883 0.05670434 0.07785112 0.07109986
 0.02237008]
[0.03563685 0.02528216 0.09047961 0.02528216 0.07437083 0.04917177
 0.02528216 0.10228539 0.08309279 0.02528216 0.03118175 0.03003842
 0.09047961 0.01830893 0.05823376 0.05781857 0.06960965 0.09047964
 0.01768379]
[0.04236276 0.02745918 0.07076538 0.02745918 0.07171563 0.04076342
 0.02745918 0.13154092 0.06682573 0.02745918 0.03621956 0.0454589
 0.07076538 0.02232578 0.06618923 0.05140783 0.08032258 0.07076539
 0.0227348 ]
[0.03563685 0.02528216 0.09047961 0.02528216 0.07437083 0.04917177
 0.02528216 0.10228539 0.08309279 0.02528216 0.03118175 0.03003842
 0.09047961 0.01830893 0.05823376 0.05781857 0.06960965 0.09047964
 0.01768379]
[0.05178662 0.02442282 0.07695452 0.02442282 0.05997346 0.04525544
 0.02442282 0.10956925 0.07950877 0.02442282 0.027699   0.0461383
 0.07695452 0.02108442 0.05317284 0.07329327 0.08416592 0.07695453
 0.01979773]
[0.0495308  0.02219796 0.0781127  0.02219796 0.06853566 0.03277367
 0.02219796 0.10851126 0.08123393 0.02219796 0.04053423 0.03840347
 0.0781127  0.01883419 0.07514031 0.07195631 0.07526043 0.07811271
 0.01615584]
[0.03563685 0.02528216 0.09047961 0.02528216 0.07437083 0.04917177
 0.02528216 0.10228539 0.08309279 0.02528216 0.03118175 0.03003842
 0.09047961 0.01830893 0.05823376 0.05781857 0.06960965 0.09047964
 0.01768379]
[0.04843834 0.02845301 0.07027932 0.02845301 0.06498698 0.04925913
 0.02845301 0.13802695 0.06738861 0.02845301 0.03066697 0.03320296
 0.07027932 0.02241752 0.06114745 0.06459386 0.07527883 0.07027933
 0.01994239]
[0.05360199 0.02559181 0.06985798 0.02559181 0.06755005 0.05266243
 0.02559181 0.11045954 0.08699489 0.02559181 0.0297542  0.04466083
 0.06985798 0.02324196 0.05061155 0.06158225 0.076395   0.069858
 0.03054414]
[0.03563685 0.02528216 0.09047961 0.02528216 0.07437083 0.04917177
 0.02528216 0.10228539 0.08309279 0.02528216 0.03118175 0.03003842
 0.09047961 0.01830893 0.05823376 0.05781857 0.06960965 0.09047964
 0.01768379]
[0.03805488 0.03150651 0.06480763 0.03150651 0.07906164 0.04303761
 0.03150651 0.14663178 0.06783524 0.03150651 0.03346726 0.04077614
 0.06480763 0.01348578 0.05392462 0.05417617 0.08616497 0.06480765
 0.02293491]
[0.05399206 0.03238922 0.07632376 0.03238922 0.06306698 0.04553615
 0.03238922 0.10557749 0.06257949 0.03238922 0.03289884 0.04522597
 0.07632376 0.02680902 0.0492934  0.0595665  0.0700784  0.07632378
 0.02684756]
[0.04236276 0.02745918 0.07076538 0.02745918 0.07171563 0.04076342
 0.02745918 0.13154092 0.06682573 0.02745918 0.03621956 0.0454589
 0.07076538 0.02232578 0.06618923 0.05140783 0.08032258 0.07076539
 0.0227348 ]
[0.04255562 0.02621073 0.083258   0.02621073 0.05674877 0.04515853
 0.02621073 0.1328055  0.07238062 0.02621073 0.02669526 0.03668103
 0.083258   0.01381531 0.05593541 0.05598059 0.0818069  0.08325802
 0.02481957]
[0.04367238 0.02583471 0.07329081 0.02583471 0.08414567 0.04182367
 0.02583471 0.1169998  0.08385414 0.02583471 0.03148572 0.03538144
 0.07329081 0.01713785 0.06120979 0.0599229  0.08397706 0.07329082
 0.01717829]
[0.03792505 0.02342294 0.07777581 0.02342294 0.08771406 0.03425634
 0.02342294 0.13748102 0.06969884 0.02342294 0.03125923 0.0368064
 0.07777581 0.01589893 0.06354171 0.05582417 0.08324854 0.07777582
 0.0193265 ]
[0.0435314  0.02874637 0.06555563 0.02874637 0.0818738  0.04352002
 0.02874637 0.14155605 0.07722802 0.02874637 0.02875826 0.04158612
 0.06555563 0.02166593 0.05306196 0.05503941 0.0782069  0.06555564
 0.0223197 ]
[0.04236276 0.02745918 0.07076538 0.02745918 0.07171562 0.04076341
 0.02745918 0.13154092 0.06682572 0.02745918 0.03621957 0.04545888
 0.07076538 0.02232578 0.06618922 0.05140783 0.08032257 0.07076538
 0.0227348 ]
[0.03667142 0.02761415 0.06798867 0.02761415 0.07420216 0.03340857
 0.02761415 0.13018939 0.09765793 0.02761415 0.02683696 0.03353118
 0.06798867 0.01690957 0.05701277 0.0810786  0.077228   0.06798869
 0.02085091]]