145661
Test: public void test64() throws Throwable { Field field0 = new Field(); field0.setProperty(""); String string0 = field0.getKey(); }
Code: public String getKey() { if (this.key == null) { this.generateKey(); } return this.key; }
[[0.05754933 0.07550532 0.11047705 0.06530209 0.15395689 0.07982492
 0.09403514 0.03243705 0.06530208 0.07982492 0.02201851 0.06192321
 0.07982494 0.0220185 ]
[0.0575498  0.06870871 0.11161651 0.07243872 0.16795054 0.08420738
 0.0751873  0.02641808 0.07243876 0.08420737 0.0191855  0.05669839
 0.08420739 0.0191855 ]
[0.03707049 0.0833064  0.11137062 0.08025995 0.18116039 0.07766777
 0.08716675 0.02113324 0.08025996 0.07766777 0.01341128 0.05844631
 0.07766777 0.01341128]
[0.05912842 0.09186338 0.09130831 0.08602326 0.10302605 0.08149412
 0.06535222 0.04001392 0.08602327 0.08149412 0.03177413 0.06923056
 0.08149414 0.03177413]
[0.03458178 0.08619519 0.16008888 0.05802862 0.18950334 0.08675025
 0.07625401 0.01348945 0.05802862 0.08675027 0.0094733  0.04463273
 0.08675026 0.0094733 ]
[0.04997387 0.095705   0.10017639 0.06877744 0.12029751 0.08529812
 0.09669907 0.03506983 0.06877743 0.08529813 0.02412519 0.06037868
 0.08529814 0.02412519]
[0.03520504 0.10464223 0.12747356 0.07274935 0.19593652 0.06311399
 0.09050081 0.02317285 0.07274938 0.06311399 0.01574792 0.05673253
 0.06311399 0.01574792]
[0.04137551 0.06991702 0.10971054 0.07880176 0.19178346 0.081738
 0.08129386 0.02728224 0.07880177 0.081738   0.01302538 0.04976916
 0.081738   0.01302538]
[0.05912842 0.09186338 0.09130831 0.08602326 0.10302605 0.08149412
 0.06535222 0.04001392 0.08602327 0.08149412 0.03177413 0.06923056
 0.08149414 0.03177413]
[0.04997387 0.095705   0.10017639 0.06877744 0.12029751 0.08529812
 0.09669907 0.03506983 0.06877743 0.08529813 0.02412519 0.06037868
 0.08529814 0.02412519]
[0.04012924 0.07366924 0.126844   0.08054642 0.14991358 0.07895672
 0.0676209  0.02590111 0.08054645 0.07895672 0.01842166 0.08111548
 0.07895675 0.01842166]
[0.03871413 0.09825289 0.1191874  0.06505124 0.1665324  0.08237317
 0.08158021 0.02374498 0.06505124 0.08237317 0.01836696 0.05803207
 0.08237319 0.01836696]
[0.04997388 0.09570499 0.10017641 0.06877744 0.12029752 0.08529813
 0.09669904 0.03506985 0.06877744 0.08529813 0.02412519 0.06037869
 0.08529814 0.02412519]
[0.04012924 0.07366924 0.12684399 0.08054645 0.14991356 0.07895673
 0.0676209  0.02590112 0.08054645 0.07895673 0.01842167 0.0811155
 0.07895674 0.01842167]]