37924
Test: public void test121() throws Throwable { DateTimeZone dateTimeZone0 = DateTimeZone.getDefault(); DateTime dateTime0 = new DateTime((-198979200000L), dateTimeZone0); // Undeclared exception!  dateTime0.minusYears((-2147382925));   }
Code: public DateTime minusYears(int years) { if (years == 0) { return this; } long instant = getChronology().years().subtract(getMillis(), years); return withMillis(instant); }
[[0.04198119 0.04166029 0.0582345  0.06662669 0.0514778  0.11270005
 0.03737719 0.06750113 0.02246724 0.0514778  0.04564625 0.03502666
 0.01690251 0.07120925 0.05036449 0.02612829 0.0582345  0.0242008
 0.04564625 0.0582345  0.01690251]
[0.03967003 0.03437855 0.05820311 0.07166208 0.06773943 0.11615917
 0.03409315 0.05698662 0.02284634 0.06773943 0.04260758 0.02841704
 0.01700976 0.08256445 0.04329685 0.021474   0.05820311 0.01912886
 0.04260757 0.05820311 0.01700976]
[0.03579099 0.04165117 0.06074793 0.08302078 0.05114925 0.08663346
 0.04457514 0.06889881 0.02509463 0.05114925 0.04329278 0.03340952
 0.01778511 0.066484   0.04390951 0.03727632 0.06074794 0.02655762
 0.04329277 0.06074794 0.01778511]
[0.04280365 0.04281364 0.05083755 0.07399637 0.05944031 0.10777231
 0.04594499 0.06060484 0.02291989 0.05944031 0.04624831 0.02651661
 0.01630232 0.07150255 0.05793686 0.02779404 0.05083755 0.02289975
 0.04624831 0.05083755 0.01630232]
[0.04210572 0.05475218 0.05747898 0.06108792 0.06249872 0.07320226
 0.04808327 0.04625167 0.02757221 0.06249872 0.04913733 0.03453747
 0.02286615 0.07018522 0.03375512 0.03481795 0.05747899 0.03220767
 0.04913734 0.05747899 0.02286614]
[0.02778668 0.02769929 0.0677095  0.10465491 0.050917   0.15387052
 0.02549103 0.05969682 0.02035323 0.050917   0.03613073 0.02033647
 0.00809823 0.0867188  0.044221   0.02109984 0.06770951 0.014651
 0.03613073 0.06770951 0.00809823]
[0.03951203 0.03461963 0.06515752 0.08765132 0.05386809 0.11821513
 0.0364873  0.05248848 0.01779274 0.05386809 0.04828927 0.03394799
 0.01521797 0.06932808 0.03559696 0.02421176 0.06515752 0.01992537
 0.04828927 0.06515752 0.01521797]
[0.02665501 0.03626042 0.04680585 0.08554491 0.05820782 0.14801934
 0.04234063 0.06793895 0.02536988 0.05820782 0.04316479 0.02707141
 0.01241821 0.08414192 0.04375724 0.0269335  0.04680585 0.01796758
 0.04316479 0.04680585 0.01241821]
[0.0346101  0.03973876 0.05810851 0.07541314 0.05396398 0.11642038
 0.03159845 0.05977776 0.02244155 0.05396398 0.05409167 0.03139547
 0.01909815 0.07161263 0.03904212 0.02665465 0.05810851 0.02266187
 0.05409168 0.05810851 0.01909815]
[0.04210572 0.05475218 0.05747898 0.06108792 0.06249872 0.07320226
 0.04808327 0.04625167 0.02757221 0.06249872 0.04913733 0.03453747
 0.02286615 0.07018522 0.03375512 0.03481795 0.05747899 0.03220767
 0.04913734 0.05747899 0.02286614]
[0.02951453 0.04527146 0.06213519 0.06495226 0.05095167 0.12608293
 0.03413472 0.06133157 0.02131051 0.05095167 0.04400883 0.02560777
 0.01430579 0.08931883 0.04868352 0.02844329 0.06213519 0.02041041
 0.04400883 0.06213519 0.01430579]
[0.04292071 0.04314297 0.06257583 0.05532697 0.06321216 0.1040003
 0.03777942 0.0564072  0.02508296 0.06321216 0.05232775 0.02615884
 0.01760802 0.06690212 0.0385342  0.02528823 0.06257585 0.0244326
 0.05232775 0.06257585 0.01760802]
[0.0303302  0.034113   0.05906107 0.09617576 0.06443244 0.11408642
 0.03903976 0.05141106 0.02006441 0.06443244 0.0623356  0.02674076
 0.01451691 0.04918873 0.03290622 0.02595831 0.05906107 0.02023228
 0.06233559 0.05906107 0.01451691]
[0.03071646 0.03657919 0.05960102 0.07716199 0.06308764 0.11541426
 0.03981557 0.06338881 0.02279861 0.06308764 0.04581194 0.02716168
 0.01558889 0.06716941 0.05091766 0.0232438  0.05960101 0.01785253
 0.04581194 0.05960101 0.01558889]
[0.0408591  0.03736725 0.06009718 0.0815169  0.05129294 0.11186732
 0.0379278  0.0651772  0.02203413 0.05129294 0.04816356 0.03046157
 0.01592173 0.06647413 0.0462369  0.02749927 0.06009718 0.02153041
 0.04816356 0.06009718 0.01592173]
[0.04394948 0.04122949 0.06226578 0.08118153 0.04601787 0.09656962
 0.04133395 0.05054019 0.03178431 0.04601787 0.04755332 0.04213284
 0.02066721 0.05457127 0.03345139 0.03539694 0.06226578 0.0325848
 0.04755332 0.06226578 0.02066721]
[0.03579099 0.04165117 0.06074793 0.08302078 0.05114925 0.08663346
 0.04457514 0.06889881 0.02509463 0.05114925 0.04329278 0.03340952
 0.01778511 0.066484   0.04390951 0.03727632 0.06074794 0.02655762
 0.04329277 0.06074794 0.01778511]
[0.03206564 0.02913827 0.05837892 0.09760432 0.05730358 0.13754076
 0.03345665 0.06301898 0.01831746 0.05730358 0.05021766 0.02670261
 0.00964312 0.06717119 0.0449217  0.021066   0.05837892 0.01953097
 0.05021766 0.05837892 0.00964312]
[0.02951453 0.04527146 0.06213519 0.06495226 0.05095167 0.12608293
 0.03413472 0.06133157 0.02131051 0.05095167 0.04400883 0.02560777
 0.01430579 0.08931883 0.04868352 0.02844329 0.06213519 0.02041041
 0.04400883 0.06213519 0.01430579]
[0.03579099 0.04165117 0.06074793 0.08302078 0.05114925 0.08663346
 0.04457514 0.06889881 0.02509463 0.05114925 0.04329278 0.03340952
 0.01778511 0.066484   0.04390951 0.03727632 0.06074794 0.02655762
 0.04329277 0.06074794 0.01778511]
[0.0303302  0.03411301 0.05906107 0.09617576 0.06443244 0.1140864
 0.03903976 0.05141106 0.02006441 0.06443244 0.06233559 0.02674076
 0.01451691 0.04918873 0.03290622 0.0259583  0.05906107 0.02023228
 0.06233559 0.05906107 0.01451691]]