35938
Test: public void test0() throws Throwable { BuddhistChronology buddhistChronology0 = BuddhistChronology.getInstanceUTC(); LocalDateTime localDateTime0 = LocalDateTime.now((Chronology) buddhistChronology0); localDateTime0.minusMillis((-3205)); }
Code: public LocalDateTime minusMillis(int millis) { if (millis == 0) { return this; } long instant = getChronology().millis().subtract(getLocalMillis(), millis); return withLocalMillis(instant); }
[[0.03828915 0.06698599 0.05311619 0.05078831 0.05022517 0.1031222
 0.06427665 0.06063055 0.02128369 0.05022517 0.04203632 0.03295145
 0.01613248 0.06384262 0.04453727 0.02403945 0.05311619 0.05311619
 0.04203632 0.05311619 0.01613248]
[0.03114759 0.0684737  0.05537098 0.06645889 0.05599372 0.11398986
 0.06240018 0.04681705 0.0197948  0.05599372 0.04066    0.02946436
 0.01485853 0.05689391 0.03577847 0.02427282 0.05537098 0.05537098
 0.04066    0.05537098 0.01485853]
[0.03223749 0.07061483 0.05407988 0.06326834 0.04959093 0.07892004
 0.0806914  0.06139468 0.02363937 0.04959093 0.03908736 0.0311069
 0.01696256 0.0577871  0.0384138  0.0343248  0.05407988 0.05407988
 0.03908735 0.05407988 0.01696256]
[0.03797844 0.07341591 0.05286691 0.05267365 0.047819   0.09987678
 0.07130909 0.05554772 0.02331778 0.047819   0.04643006 0.02976322
 0.01311985 0.056753   0.04580889 0.02735011 0.05286691 0.05286691
 0.04643006 0.05286691 0.01311984]
[0.03931028 0.06187818 0.05238041 0.05867098 0.06122487 0.06796404
 0.07655174 0.04251814 0.02629305 0.06122487 0.04549929 0.03271057
 0.02190317 0.06386649 0.03082373 0.03263651 0.05238041 0.05238041
 0.04549929 0.05238041 0.02190317]
[0.02470642 0.07437062 0.05774179 0.05680232 0.05056761 0.13879205
 0.07437691 0.05113704 0.02003896 0.05056761 0.03245627 0.01936235
 0.00780073 0.07180651 0.03677417 0.01921616 0.05774181 0.05774181
 0.03245627 0.05774181 0.00780073]
[0.02969577 0.07705357 0.0565106  0.06761467 0.04884116 0.12839648
 0.05537336 0.05331229 0.02223043 0.04884116 0.0390431  0.02862
 0.01320901 0.05245394 0.03112679 0.02589374 0.0565106  0.0565106
 0.0390431  0.0565106  0.01320901]
[0.02420713 0.08018349 0.04125516 0.05890459 0.05685735 0.13400255
 0.07316283 0.06095544 0.02448152 0.05685735 0.03946973 0.02564215
 0.01191012 0.07402577 0.03821503 0.02472438 0.04125517 0.04125517
 0.03946973 0.04125517 0.01191013]
[0.03176301 0.066411   0.05244311 0.05451449 0.05438132 0.10709672
 0.05669877 0.05317284 0.0217199  0.05438132 0.05010937 0.02938096
 0.01885956 0.0639554  0.03412427 0.02468978 0.05244311 0.05244311
 0.05010938 0.05244311 0.01885956]
[0.03931028 0.06187818 0.05238041 0.05867098 0.06122487 0.06796404
 0.07655174 0.04251814 0.02629305 0.06122487 0.04549929 0.03271057
 0.02190317 0.06386649 0.03082373 0.03263651 0.05238041 0.05238041
 0.04549929 0.05238041 0.02190317]
[0.02668664 0.06884296 0.05485279 0.05488945 0.0487901  0.1122474
 0.07134874 0.05372752 0.02026099 0.0487901  0.03932539 0.02366271
 0.01354255 0.07751624 0.04220609 0.02588395 0.0548528  0.0548528
 0.03932539 0.0548528  0.01354255]
[0.03831947 0.07283768 0.05474132 0.05270077 0.05880019 0.09278804
 0.07182203 0.04916989 0.02278329 0.05880019 0.04650027 0.02373836
 0.01607664 0.05810973 0.03347915 0.02253208 0.05474133 0.05474133
 0.04650027 0.05474133 0.01607664]
[0.02747476 0.0794991  0.05239033 0.0451844  0.06477956 0.10475272
 0.06944853 0.04711642 0.019376   0.06477956 0.05832081 0.02524398
 0.01422118 0.04458306 0.02890567 0.02421104 0.05239033 0.05239033
 0.05832081 0.05239033 0.01422118]
[0.02770717 0.06619459 0.05291303 0.05495853 0.06084371 0.1043793
 0.07393864 0.05604266 0.02163653 0.06084371 0.04119062 0.02525916
 0.01477696 0.05917772 0.04436665 0.02106439 0.05291303 0.05291303
 0.04119062 0.05291303 0.01477695]
[0.03730416 0.0672233  0.05454572 0.04496763 0.04931036 0.10257135
 0.07613657 0.05972848 0.02086509 0.04931036 0.04470073 0.02861954
 0.01500767 0.0598393  0.0413119  0.02521236 0.05454572 0.05454572
 0.04470073 0.05454572 0.01500767]
[0.04082754 0.0728422  0.05777583 0.05360358 0.04513002 0.09017974
 0.06059867 0.04633392 0.03029829 0.04513002 0.0446271  0.04057284
 0.0197732  0.05048023 0.03053104 0.03356801 0.05777583 0.05777583
 0.04462711 0.05777583 0.0197732 ]
[0.03223749 0.07061483 0.05407988 0.06326834 0.04959093 0.07892004
 0.0806914  0.06139468 0.02363937 0.04959093 0.03908736 0.0311069
 0.01696256 0.0577871  0.0384138  0.0343248  0.05407988 0.05407988
 0.03908735 0.05407988 0.01696256]
[0.03223749 0.07061483 0.05407988 0.06326834 0.04959093 0.07892004
 0.0806914  0.06139468 0.02363937 0.04959093 0.03908736 0.0311069
 0.01696256 0.0577871  0.0384138  0.0343248  0.05407988 0.05407988
 0.03908735 0.05407988 0.01696256]
[0.02668664 0.06884296 0.05485279 0.05488945 0.0487901  0.1122474
 0.07134874 0.05372752 0.02026099 0.0487901  0.03932539 0.02366271
 0.01354255 0.07751624 0.04220609 0.02588395 0.0548528  0.0548528
 0.03932539 0.0548528  0.01354255]
[0.03223749 0.07061483 0.05407988 0.06326834 0.04959093 0.07892004
 0.0806914  0.06139468 0.02363937 0.04959093 0.03908736 0.0311069
 0.01696256 0.0577871  0.0384138  0.0343248  0.05407988 0.05407988
 0.03908735 0.05407988 0.01696256]
[0.02747475 0.07949911 0.05239032 0.04518438 0.06477956 0.10475269
 0.06944852 0.04711641 0.019376   0.06477956 0.05832081 0.02524398
 0.01422118 0.04458306 0.02890567 0.02421104 0.05239032 0.05239032
 0.05832081 0.05239032 0.01422118]]