150274
Test: public void test53() throws Throwable { FTPClient fTPClient0 = new FTPClient();  fTPClient0.listHelp();   }
Code: public String listHelp() throws IOException { return FTPReply.isPositiveCompletion(help()) ? getReplyString() : null; }
[[0.05876463 0.07471329 0.08152673 0.13543081 0.03171131 0.08354798
 0.06531401 0.08152673 0.09972557 0.08152674 0.05640079 0.12363756
 0.02617386]
[0.06011508 0.06923295 0.08474739 0.1609779  0.0344502  0.09028357
 0.06093893 0.08474739 0.07767795 0.08474739 0.04521073 0.12405138
 0.02281915]
[0.04580002 0.08242654 0.07566377 0.1489624  0.03236627 0.0769108
 0.05570205 0.07566377 0.10258737 0.07566377 0.04440514 0.15801907
 0.02582898]
[0.03973701 0.07315315 0.06699742 0.18811163 0.02639798 0.10148582
 0.06602106 0.06699742 0.10965561 0.06699743 0.04883091 0.12613188
 0.01948274]
[0.04562192 0.07931134 0.08648172 0.1746183  0.02689827 0.08627377
 0.06695592 0.08648172 0.09610687 0.08648171 0.03914142 0.10765877
 0.01796836]
[0.06154099 0.08624884 0.07826924 0.10761702 0.04221185 0.10421923
 0.07013613 0.07826924 0.07675707 0.07826924 0.05115646 0.12939891
 0.0359058 ]
[0.04082003 0.08558733 0.0791394  0.14653918 0.03312515 0.08438016
 0.05847909 0.0791394  0.10715966 0.07913939 0.03891883 0.14468028
 0.0228921 ]
[0.04580002 0.08242654 0.07566377 0.1489624  0.03236627 0.0769108
 0.05570205 0.07566377 0.10258737 0.07566377 0.04440514 0.15801907
 0.02582898]
[0.04650855 0.09378137 0.07241645 0.13321531 0.02960363 0.11650351
 0.06452702 0.07241645 0.10064924 0.07241645 0.04914606 0.1269146
 0.02190134]
[0.04580002 0.08242654 0.07566377 0.1489624  0.03236627 0.0769108
 0.05570205 0.07566377 0.10258737 0.07566377 0.04440514 0.15801907
 0.02582898]
[0.05695955 0.06710026 0.06860031 0.13119546 0.03930258 0.09243843
 0.0716069  0.06860031 0.12162524 0.06860031 0.04031467 0.1422261
 0.03142983]
[0.05208677 0.08472332 0.08769922 0.14768754 0.02853587 0.07780131
 0.06338584 0.08769922 0.10500406 0.08769923 0.0531206  0.10043163
 0.02412538]
[0.0386195  0.07069024 0.07111508 0.16216289 0.03220893 0.10564861
 0.0861959  0.07111508 0.09399439 0.07111508 0.03776234 0.13694528
 0.02242663]]