166932
Test: public void test33() throws Throwable { BaseConfiguration baseConfiguration0 = new BaseConfiguration(); ConfigurationInterpolator configurationInterpolator0 = baseConfiguration0.getInterpolator(); HierarchicalConfiguration<Integer> hierarchicalConfiguration0 = (HierarchicalConfiguration<Integer>) mock(HierarchicalConfiguration.class, new ViolatedAssumptionAnswer()); doReturn("3}OjG=V?8-h,").when(hierarchicalConfiguration0).toString(); doReturn(configurationInterpolator0).when(hierarchicalConfiguration0).getInterpolator(); NodeHandler<DynamicCombinedConfiguration> nodeHandler0 = (NodeHandler<DynamicCombinedConfiguration>) mock(NodeHandler.class, new ViolatedAssumptionAnswer()); XMLBeanDeclaration.NodeData<DynamicCombinedConfiguration> xMLBeanDeclaration_NodeData0 = new XMLBeanDeclaration.NodeData<DynamicCombinedConfiguration>((DynamicCombinedConfiguration) null, nodeHandler0); XMLBeanDeclaration xMLBeanDeclaration0 = new XMLBeanDeclaration(hierarchicalConfiguration0, xMLBeanDeclaration_NodeData0); Object object0 = xMLBeanDeclaration0.interpolate((Object) null); }
Code: protected Object interpolate(final Object value) { final ConfigurationInterpolator interpolator = getConfiguration().getInterpolator(); return interpolator != null ? interpolator.interpolate(value) : value; }
[[0.07498157 0.02802332 0.06476688 0.02802332 0.04590405 0.08319373
 0.03629893 0.06476688 0.05900311 0.03262419 0.06476688 0.05319919
 0.05900311 0.02386231 0.04238496 0.08720374 0.06476688 0.0355759
 0.03499482 0.01665628]
[0.08861684 0.03159662 0.05864377 0.03159662 0.04457852 0.09689692
 0.03285316 0.05864377 0.05609083 0.03259319 0.05864377 0.05560519
 0.05609083 0.02812964 0.04282191 0.08545721 0.05864378 0.03349183
 0.03112639 0.01787915]
[0.07923106 0.02928015 0.06024081 0.02928015 0.05471885 0.06235924
 0.03655551 0.06024081 0.07235017 0.04023621 0.06024081 0.0444997
 0.07235017 0.02493304 0.03935944 0.08108962 0.06024081 0.03562509
 0.03629072 0.0208776 ]
[0.08861684 0.03159662 0.05864377 0.03159662 0.04457852 0.09689692
 0.03285316 0.05864377 0.05609083 0.03259319 0.05864377 0.05560519
 0.05609083 0.02812964 0.04282191 0.08545721 0.05864378 0.03349183
 0.03112639 0.01787915]
[0.07753161 0.02951741 0.06372685 0.02951741 0.04913974 0.0841869
 0.03807855 0.06372685 0.06019176 0.03182899 0.06372685 0.05627484
 0.06019176 0.02548251 0.04071513 0.08106063 0.06372685 0.0295504
 0.03185257 0.01997241]
[0.08519097 0.02782534 0.05824874 0.02782534 0.04694623 0.08175206
 0.04613782 0.05824874 0.06709415 0.03919624 0.05824874 0.05290327
 0.06709415 0.0342859  0.03699599 0.05669108 0.05824874 0.03916412
 0.03013519 0.02776709]
[0.0583568  0.03399259 0.0704443  0.03399259 0.040087   0.08349246
 0.03186295 0.0704443  0.05249398 0.03644979 0.0704443  0.06868885
 0.05249398 0.02219759 0.03802272 0.08193614 0.0704443  0.03766304
 0.0302165  0.01627579]
[0.07923106 0.02928015 0.06024081 0.02928015 0.05471885 0.06235924
 0.03655551 0.06024081 0.07235017 0.04023621 0.06024081 0.0444997
 0.07235017 0.02493304 0.03935944 0.08108962 0.06024081 0.03562509
 0.03629072 0.0208776 ]
[0.09667969 0.03897402 0.05936459 0.03897402 0.05187995 0.07951888
 0.03365334 0.05936459 0.0641631  0.02775781 0.05936459 0.04261705
 0.0641631  0.02066483 0.03959567 0.08497155 0.05936459 0.0321452
 0.02709975 0.0196837 ]
[0.07166801 0.03161059 0.06702805 0.03161059 0.04988035 0.05639988
 0.04006295 0.06702805 0.0567824  0.04014707 0.06702805 0.05261005
 0.0567824  0.04027687 0.03903582 0.06384246 0.06702806 0.04142229
 0.03582447 0.02393153]
[0.07923106 0.02928015 0.06024081 0.02928015 0.05471885 0.06235924
 0.03655551 0.06024081 0.07235017 0.04023621 0.06024081 0.0444997
 0.07235017 0.02493304 0.03935944 0.08108962 0.06024081 0.03562509
 0.03629072 0.0208776 ]
[0.088494   0.03153455 0.06573068 0.03153455 0.05084838 0.06711204
 0.03093277 0.06573068 0.06028724 0.03277411 0.06573068 0.04820082
 0.06028724 0.02082397 0.04138118 0.09074467 0.06573068 0.03142936
 0.03239141 0.01830107]
[0.09667969 0.03897402 0.05936459 0.03897402 0.05187995 0.07951888
 0.03365334 0.05936459 0.0641631  0.02775781 0.05936459 0.04261705
 0.0641631  0.02066483 0.03959567 0.08497155 0.05936459 0.0321452
 0.02709975 0.0196837 ]
[0.08696478 0.03052988 0.0624404  0.03052988 0.05062632 0.09360049
 0.04205861 0.0624404  0.04995198 0.030327   0.0624404  0.05063279
 0.04995198 0.0160182  0.03619466 0.09769811 0.06244041 0.02404085
 0.04515643 0.01595644]
[0.05174716 0.03221814 0.0613321  0.03221814 0.05436144 0.09708051
 0.0327157  0.0613321  0.06189059 0.03569723 0.0613321  0.06570841
 0.06189059 0.02278765 0.03699077 0.08772548 0.06133209 0.03363324
 0.03327519 0.01473141]
[0.06991266 0.02903637 0.06273928 0.02903637 0.06400543 0.09905729
 0.0311217  0.06273928 0.04969751 0.02571898 0.06273928 0.0556032
 0.04969751 0.02527362 0.03856772 0.08782106 0.06273928 0.04199637
 0.03382519 0.01867181]
[0.07923106 0.02928015 0.06024081 0.02928015 0.05471885 0.06235924
 0.03655551 0.06024081 0.07235017 0.04023621 0.06024081 0.0444997
 0.07235017 0.02493304 0.03935944 0.08108962 0.06024081 0.03562509
 0.03629072 0.0208776 ]
[0.06230117 0.03213782 0.05884486 0.03213782 0.04440388 0.07876107
 0.03522103 0.05884486 0.05075262 0.03806344 0.05884486 0.06135338
 0.05075262 0.03110206 0.04864266 0.10481262 0.05884486 0.03443114
 0.03291663 0.02683055]
[0.07756004 0.0294684  0.05973363 0.0294684  0.05565373 0.0763364
 0.03759409 0.05973363 0.06731339 0.03686127 0.05973363 0.05477868
 0.06731339 0.02106919 0.04075678 0.08486605 0.05973363 0.02594857
 0.0407681  0.01530899]
[0.06990826 0.03517167 0.06113017 0.03517167 0.03861695 0.0951941
 0.03099946 0.06113017 0.05477805 0.03129648 0.06113017 0.07583142
 0.05477805 0.02550304 0.03731027 0.07996878 0.06113017 0.03365984
 0.03724156 0.02004968]]