31646
Test: public void test70() throws Throwable { // Undeclared exception!  NumberUtil.toInt32((-9223372036854775808L));   }
Code: public static int toInt32(long x) { if ((int) x == x) { return (int) x; } throw new IllegalArgumentException("Int " + x + " out of range"); }
[[0.02487796 0.0763928  0.01550734 0.03451329 0.04563351 0.03433186
 0.06717557 0.03451329 0.05844373 0.03890947 0.04563351 0.03433186
 0.02752243 0.03778748 0.04474052 0.01085355 0.02502412 0.01246725
 0.03451329 0.03885122 0.02018413 0.05844373 0.02018413 0.03885122
 0.02520829 0.01157115 0.07267978 0.01085355]
[0.02611489 0.07138812 0.01335922 0.03497217 0.0508389  0.04842102
 0.070934   0.03497217 0.05277748 0.03284099 0.0508389  0.04842102
 0.02487703 0.03693801 0.04845291 0.01299797 0.02265188 0.01136865
 0.03497217 0.03288673 0.02084201 0.05277748 0.02084201 0.03288673
 0.0210703  0.01289366 0.0646656  0.01299797]
[0.01562854 0.09943996 0.01113056 0.03978832 0.04481308 0.03618952
 0.09022624 0.03978832 0.0627382  0.0389621  0.04481308 0.03618952
 0.025326   0.03050682 0.0377968  0.00772694 0.020775   0.00839333
 0.03978832 0.02806187 0.0184691  0.0627382  0.0184691  0.02806187
 0.02017572 0.01021507 0.07606146 0.00772694]
[0.0202808  0.07312357 0.0129002  0.03340298 0.06007098 0.03462007
 0.05051232 0.03340298 0.06134205 0.03797868 0.06007098 0.03462007
 0.02468039 0.03849286 0.04273025 0.01158826 0.02400882 0.01563216
 0.03340298 0.03572205 0.02813016 0.06134205 0.02813016 0.03572205
 0.02560954 0.01277762 0.05811673 0.01158826]
[0.02382535 0.07254156 0.01205674 0.03138645 0.06118726 0.03610433
 0.05965188 0.03138645 0.05529518 0.03582691 0.06118726 0.03610433
 0.02595814 0.0371025  0.0500736  0.00959386 0.02197205 0.01304198
 0.03138645 0.03061305 0.02019909 0.05529518 0.02019909 0.03061305
 0.02234465 0.01037129 0.09508847 0.00959386]
[0.0271271  0.06420203 0.01294602 0.03532898 0.0618643  0.04408282
 0.04665928 0.03532898 0.04729458 0.02891825 0.0618643  0.04408282
 0.03115846 0.0386498  0.04255593 0.01546873 0.02481347 0.01506765
 0.03532898 0.03773108 0.02834979 0.04729458 0.02834979 0.03773108
 0.02459378 0.01423662 0.05350209 0.01546873]
[0.01518749 0.09746375 0.00743244 0.03406683 0.04796018 0.03415649
 0.08646591 0.03406683 0.09236025 0.03030824 0.04796018 0.03415649
 0.02014336 0.03367023 0.04114573 0.00514345 0.0149628  0.00596692
 0.03406683 0.02651709 0.01272922 0.09236025 0.01272922 0.02651709
 0.01553108 0.00386963 0.08791856 0.00514345]
[0.0202808  0.07312357 0.0129002  0.03340298 0.06007098 0.03462007
 0.05051232 0.03340298 0.06134205 0.03797868 0.06007098 0.03462007
 0.02468039 0.03849286 0.04273025 0.01158826 0.02400882 0.01563216
 0.03340298 0.03572205 0.02813016 0.06134205 0.02813016 0.03572205
 0.02560954 0.01277762 0.05811673 0.01158826]
[0.02567704 0.05307098 0.0146459  0.03427184 0.05545906 0.0372685
 0.05572134 0.03427184 0.05214461 0.03553853 0.05545906 0.0372685
 0.03041429 0.03837322 0.04630923 0.01570162 0.02883786 0.01432353
 0.03427184 0.03952079 0.02661525 0.05214461 0.02661525 0.03952079
 0.02964469 0.01514716 0.05606106 0.01570162]
[0.01429597 0.08300003 0.00879153 0.02316728 0.05610345 0.03739612
 0.07873312 0.02316728 0.07850759 0.03528707 0.05610345 0.03739612
 0.02356666 0.03480101 0.04263293 0.00763805 0.01760815 0.00952028
 0.02316728 0.035303   0.01917072 0.07850759 0.01917072 0.035303
 0.01913057 0.00521264 0.08968044 0.00763806]
[0.02382535 0.07254156 0.01205674 0.03138645 0.06118726 0.03610433
 0.05965188 0.03138645 0.05529518 0.03582691 0.06118726 0.03610433
 0.02595814 0.0371025  0.0500736  0.00959386 0.02197205 0.01304198
 0.03138645 0.03061305 0.02019909 0.05529518 0.02019909 0.03061305
 0.02234465 0.01037129 0.09508847 0.00959386]
[0.0271271  0.06420203 0.01294602 0.03532898 0.0618643  0.04408282
 0.04665928 0.03532898 0.04729458 0.02891825 0.0618643  0.04408282
 0.03115846 0.0386498  0.04255593 0.01546873 0.02481347 0.01506765
 0.03532898 0.03773108 0.02834979 0.04729458 0.02834979 0.03773108
 0.02459378 0.01423662 0.05350209 0.01546873]
[0.01693967 0.07911113 0.01000941 0.03356936 0.06454033 0.03352683
 0.06960081 0.03356936 0.06317316 0.0324804  0.06454033 0.03352683
 0.02452352 0.03601394 0.03688304 0.00916723 0.01946124 0.01007242
 0.03356936 0.04418505 0.02340106 0.06317316 0.02340106 0.04418505
 0.02090035 0.00805523 0.05925345 0.00916723]
[0.02085488 0.07406428 0.01356333 0.03100948 0.05144158 0.03770499
 0.07123751 0.03100948 0.06959005 0.03360666 0.05144158 0.03770499
 0.02634728 0.03741783 0.04463031 0.01077675 0.02104562 0.01134596
 0.03100948 0.03555433 0.02040816 0.06959005 0.02040816 0.03555433
 0.01807221 0.01020129 0.07363266 0.01077675]
[0.02251396 0.07081946 0.01141389 0.03227701 0.05308041 0.04537724
 0.06724969 0.03227701 0.06206854 0.03102964 0.05308041 0.04537724
 0.02735263 0.03739804 0.05251635 0.00936119 0.02640688 0.01213693
 0.03227701 0.02924845 0.0223611  0.06206854 0.0223611  0.02924845
 0.02361104 0.01013628 0.06759027 0.00936119]
[0.01707486 0.07123441 0.01295591 0.03204093 0.03773453 0.0432524
 0.06575792 0.03204093 0.06836671 0.02953627 0.03773453 0.0432524
 0.03711024 0.03565269 0.04658448 0.00933801 0.02317819 0.00956656
 0.03204093 0.04074322 0.01867346 0.06836671 0.01867346 0.04074322
 0.02622728 0.01090704 0.08187473 0.00933801]
[0.0193931  0.07782572 0.01134218 0.03138258 0.05498216 0.05233879
 0.06760488 0.03138258 0.05986832 0.02857485 0.05498216 0.05233879
 0.03360404 0.03448247 0.04745851 0.00843172 0.02322387 0.01042183
 0.03138258 0.03371445 0.01768056 0.05986832 0.01768056 0.03371445
 0.01951502 0.00832552 0.0700483  0.00843173]
[0.02253779 0.06814624 0.01447963 0.03410162 0.04727599 0.04191674
 0.07591996 0.03410162 0.05123321 0.04065001 0.04727599 0.04191674
 0.03173903 0.04291611 0.04037729 0.01209342 0.02489851 0.01452441
 0.03410162 0.04237649 0.02396485 0.05123321 0.02396485 0.04237649
 0.01706539 0.01167035 0.0550491  0.01209342]
[0.0202808  0.07312357 0.0129002  0.03340298 0.06007098 0.03462007
 0.05051232 0.03340298 0.06134205 0.03797868 0.06007098 0.03462007
 0.02468039 0.03849286 0.04273025 0.01158826 0.02400882 0.01563216
 0.03340298 0.03572205 0.02813016 0.06134205 0.02813016 0.03572205
 0.02560954 0.01277762 0.05811673 0.01158826]
[0.01880808 0.06485    0.01034906 0.03084012 0.04697804 0.04365291
 0.08196323 0.03084012 0.08012908 0.03828019 0.04697804 0.04365291
 0.02597265 0.03650408 0.03720301 0.00677964 0.01800131 0.00951996
 0.03084012 0.03173463 0.0137216  0.08012908 0.0137216  0.03173463
 0.01841261 0.00763785 0.0939858  0.00677965]
[0.02429814 0.07324053 0.01320352 0.03372629 0.05294215 0.03319309
 0.06395034 0.03372629 0.05312943 0.03139782 0.05294215 0.03319309
 0.02850261 0.03481708 0.07248285 0.01149787 0.02210822 0.01244402
 0.03372629 0.03510574 0.02036978 0.05312943 0.02036978 0.03510574
 0.02713767 0.01116701 0.07159517 0.01149787]
[0.02567704 0.05307098 0.0146459  0.03427184 0.05545906 0.0372685
 0.05572134 0.03427184 0.05214461 0.03553853 0.05545906 0.0372685
 0.03041429 0.03837322 0.04630923 0.01570162 0.02883786 0.01432353
 0.03427184 0.03952079 0.02661525 0.05214461 0.02661525 0.03952079
 0.02964469 0.01514716 0.05606106 0.01570162]
[0.02429814 0.07324053 0.01320352 0.03372629 0.05294215 0.03319309
 0.06395034 0.03372629 0.05312943 0.03139782 0.05294215 0.03319309
 0.02850261 0.03481708 0.07248285 0.01149787 0.02210822 0.01244402
 0.03372629 0.03510574 0.02036978 0.05312943 0.02036978 0.03510574
 0.02713767 0.01116701 0.07159517 0.01149787]
[0.01880808 0.06485    0.01034906 0.03084012 0.04697804 0.04365291
 0.08196323 0.03084012 0.08012908 0.03828019 0.04697804 0.04365291
 0.02597265 0.03650408 0.03720301 0.00677964 0.01800131 0.00951996
 0.03084012 0.03173463 0.0137216  0.08012908 0.0137216  0.03173463
 0.01841261 0.00763785 0.0939858  0.00677965]
[0.01931301 0.0642648  0.0112695  0.03189192 0.05229075 0.04625491
 0.06156803 0.03189192 0.05672477 0.03396868 0.05229075 0.04625491
 0.03182165 0.0368673  0.04389318 0.01152198 0.02480583 0.01204745
 0.03189192 0.04559643 0.02335305 0.05672477 0.02335305 0.04559643
 0.0259082  0.01126864 0.05584419 0.01152198]
[0.01889741 0.07129451 0.01057697 0.02873422 0.05800309 0.03856764
 0.06314078 0.02873422 0.06354607 0.03069348 0.05800309 0.03856764
 0.02928935 0.03698817 0.04763438 0.00919794 0.02375663 0.01243865
 0.02873422 0.03437768 0.02406305 0.06354607 0.02406305 0.03437768
 0.0233264  0.00909051 0.0811592  0.00919794]
[0.01983807 0.06820684 0.01153931 0.03299531 0.0540156  0.04095212
 0.06233018 0.03299531 0.0601038  0.03104027 0.0540156  0.04095212
 0.03027463 0.04309321 0.04288976 0.01052621 0.02648358 0.01280004
 0.03299531 0.03896359 0.01796445 0.0601038  0.01796445 0.03896359
 0.02229995 0.01068453 0.07448212 0.01052621]
[0.01707486 0.07123441 0.01295591 0.03204093 0.03773453 0.0432524
 0.06575792 0.03204093 0.06836671 0.02953627 0.03773453 0.0432524
 0.03711024 0.03565269 0.04658448 0.00933801 0.02317819 0.00956656
 0.03204093 0.04074322 0.01867346 0.06836671 0.01867346 0.04074322
 0.02622728 0.01090704 0.08187473 0.00933801]]