150573
Test: public void test361() throws Throwable { FTPClient fTPClient0 = new FTPClient();  fTPClient0.setModificationTime("{xVo}:+", "-a");   }
Code: public boolean setModificationTime(final String pathname, final String timeval) throws IOException { return (FTPReply.isPositiveCompletion(mfmt(pathname, timeval))); }
[[0.05124667 0.12163418 0.07109833 0.06492101 0.07109833 0.04194888
 0.06492101 0.07109833 0.11689541 0.02807867 0.07451296 0.0571624
 0.07109834 0.07109834 0.02318714]
[0.03439448 0.16519131 0.06471347 0.06484874 0.06471347 0.03445179
 0.06484874 0.06471347 0.11828314 0.02310762 0.09458322 0.05939765
 0.06471349 0.06471349 0.01732592]
[0.04022747 0.14334074 0.06595029 0.07132936 0.06595029 0.04072796
 0.07132936 0.06595029 0.13125715 0.0292419  0.07035793 0.04899872
 0.0659503  0.0659503  0.02343796]
[0.04910785 0.15149194 0.06738637 0.05509993 0.06738637 0.03932386
 0.05509993 0.06738637 0.1296501  0.03015855 0.08213744 0.0507637
 0.06738637 0.06738637 0.02023489]
[0.04022747 0.14334074 0.06595029 0.07132936 0.06595029 0.04072796
 0.07132936 0.06595029 0.13125715 0.0292419  0.07035793 0.04899872
 0.0659503  0.0659503  0.02343796]
[0.04722829 0.12295681 0.06796195 0.06809693 0.06796195 0.03233262
 0.06809693 0.06796195 0.11662067 0.03147352 0.08761505 0.06888936
 0.06796196 0.06796196 0.01688001]
[0.04910785 0.15149194 0.06738637 0.05509993 0.06738637 0.03932386
 0.05509993 0.06738637 0.1296501  0.03015855 0.08213744 0.0507637
 0.06738637 0.06738637 0.02023489]
[0.04022747 0.14334074 0.06595029 0.07132936 0.06595029 0.04072796
 0.07132936 0.06595029 0.13125715 0.0292419  0.07035793 0.04899872
 0.0659503  0.0659503  0.02343796]
[0.0361041  0.15027058 0.05798705 0.06233893 0.05798705 0.03063794
 0.06233893 0.05798705 0.16368277 0.02537617 0.09935039 0.06132122
 0.05798707 0.05798707 0.01864365]
[0.03666    0.15120184 0.0691835  0.0633432  0.0691835  0.03361769
 0.0633432  0.0691835  0.13913059 0.02273028 0.07410949 0.05486141
 0.06918351 0.06918351 0.01508477]
[0.05334292 0.10586931 0.0655517  0.0714845  0.0655517  0.05276126
 0.0714845  0.0655517  0.09214688 0.03744325 0.09547266 0.06012179
 0.06555171 0.06555171 0.03211436]
[0.03542961 0.15845963 0.06668732 0.06961273 0.06668732 0.03361526
 0.06961273 0.06668732 0.12159346 0.03006811 0.07733411 0.05005373
 0.06668734 0.06668734 0.02078391]
[0.04022747 0.14334075 0.06595029 0.07132936 0.06595029 0.04072795
 0.07132936 0.06595029 0.13125716 0.0292419  0.07035793 0.04899872
 0.0659503  0.0659503  0.02343797]
[0.04022747 0.14334075 0.06595029 0.07132936 0.06595029 0.04072795
 0.07132936 0.06595029 0.13125716 0.0292419  0.07035793 0.04899872
 0.0659503  0.0659503  0.02343797]
[0.03473079 0.11182716 0.06234017 0.06350351 0.06234017 0.03255678
 0.06350351 0.06234017 0.14512976 0.03077823 0.1043328  0.08021133
 0.06234018 0.06234019 0.02172521]]