30113
Test: public void test6() throws Throwable { String string0 = MoreStringUtil.removeEnd((String) null, 'R'); }
Code: public static String removeEnd(final String s, final char c) { if (endWith(s, c)) { return s.substring(0, s.length() - 1); } return s; }
[[0.03105133 0.08902033 0.04017443 0.04307417 0.04017443 0.02799711
 0.02463703 0.04339906 0.04778025 0.03922928 0.08347596 0.04307417
 0.02143861 0.03922928 0.03390469 0.04307417 0.04307417 0.10106468
 0.04396138 0.01275437 0.03390469 0.06175212 0.01275436]
[0.03008352 0.07851414 0.04562169 0.04075061 0.04562169 0.02914468
 0.02189067 0.04001249 0.03535843 0.05140379 0.08174218 0.04075061
 0.02122643 0.05140379 0.02835773 0.04075061 0.0407506  0.10406981
 0.04534817 0.0140694  0.02835773 0.07070181 0.0140694 ]
[0.03029644 0.0865578  0.03553541 0.0435255  0.03553541 0.03289198
 0.02266682 0.04635472 0.0414849  0.04179367 0.08821936 0.0435255
 0.02131638 0.04179367 0.03027713 0.0435255  0.0435255  0.10612202
 0.04038292 0.01079558 0.03027713 0.07280108 0.01079558]
[0.02500717 0.08601828 0.04625857 0.04190815 0.04625857 0.02978774
 0.0238453  0.05515065 0.0554468  0.03870372 0.06127895 0.04190815
 0.02387761 0.03870372 0.03032694 0.04190815 0.04190814 0.1017078
 0.04544771 0.01322117 0.03032694 0.06777854 0.01322117]
[0.03029644 0.0865578  0.03553541 0.0435255  0.03553541 0.03289198
 0.02266682 0.04635472 0.0414849  0.04179367 0.08821936 0.0435255
 0.02131638 0.04179367 0.03027713 0.0435255  0.0435255  0.10612202
 0.04038292 0.01079558 0.03027713 0.07280108 0.01079558]
[0.03039444 0.06731899 0.04885476 0.0387366  0.04885476 0.03078396
 0.02333787 0.05120361 0.03834689 0.05044885 0.07104056 0.0387366
 0.02291968 0.05044885 0.03698596 0.0387366  0.0387366  0.10276805
 0.04533127 0.01060768 0.03698596 0.06781375 0.01060768]
[0.0264401  0.07825313 0.04130497 0.0411547  0.04130497 0.02901569
 0.01758506 0.0471248  0.03296804 0.04420914 0.08833595 0.0411547
 0.0175963  0.04420914 0.03843423 0.0411547  0.0411547  0.13580203
 0.03345798 0.00874697 0.03843423 0.06341147 0.00874697]
[0.02089689 0.08622795 0.03293439 0.03989643 0.03293439 0.02255646
 0.0171633  0.04243754 0.06157141 0.04455214 0.08697511 0.03989643
 0.02446293 0.04455214 0.03421374 0.03989643 0.03989643 0.11827791
 0.03964281 0.0108809  0.03421374 0.07503964 0.0108809 ]
[0.02700256 0.08295837 0.0445612  0.04080936 0.0445612  0.02476879
 0.02060496 0.04560675 0.04637519 0.04685123 0.07573807 0.04080936
 0.02542835 0.04685123 0.02925147 0.04080936 0.04080935 0.11414778
 0.04039369 0.01031883 0.02925147 0.07177258 0.01031883]
[0.03121983 0.07168871 0.04698794 0.04196839 0.04698794 0.03757827
 0.03055859 0.04326787 0.0339578  0.04779819 0.05408501 0.04196839
 0.02161204 0.04779819 0.03624301 0.04196839 0.04196839 0.09103836
 0.0504294  0.01723582 0.03624303 0.0701607  0.01723582]
[0.01797565 0.10309719 0.04244485 0.04287867 0.04244485 0.02335882
 0.01299577 0.04705328 0.048435   0.0349257  0.1002837  0.04287867
 0.01286353 0.0349257  0.02349765 0.04287867 0.04287867 0.1296629
 0.04104891 0.00546408 0.02349765 0.07904594 0.00546408]
[0.02500717 0.08601828 0.04625857 0.04190815 0.04625857 0.02978774
 0.0238453  0.05515065 0.0554468  0.03870372 0.06127895 0.04190815
 0.02387761 0.03870372 0.03032694 0.04190815 0.04190814 0.1017078
 0.04544771 0.01322117 0.03032694 0.06777854 0.01322117]
[0.02559798 0.0765373  0.03739038 0.04796322 0.03739038 0.02462539
 0.02391776 0.03792765 0.05752445 0.03929732 0.08619483 0.04796322
 0.01833172 0.03929732 0.03336272 0.04796322 0.04796322 0.10724051
 0.04443628 0.01082539 0.03336272 0.06406161 0.01082539]
[0.03121983 0.07168871 0.04698794 0.04196839 0.04698794 0.03757827
 0.03055859 0.04326787 0.0339578  0.04779819 0.05408501 0.04196839
 0.02161204 0.04779819 0.03624301 0.04196839 0.04196839 0.09103836
 0.0504294  0.01723582 0.03624303 0.0701607  0.01723582]
[0.01981713 0.0878443  0.04699178 0.04075097 0.04699178 0.03184643
 0.01787027 0.03724138 0.05091773 0.03619393 0.0833772  0.04075097
 0.01376052 0.03619393 0.02920883 0.04075097 0.04075097 0.11173041
 0.04857782 0.01004827 0.02920883 0.08912738 0.01004827]
[0.02500717 0.08601828 0.04625857 0.04190815 0.04625857 0.02978774
 0.0238453  0.05515065 0.0554468  0.03870372 0.06127895 0.04190815
 0.02387761 0.03870372 0.03032694 0.04190815 0.04190814 0.1017078
 0.04544771 0.01322117 0.03032694 0.06777854 0.01322117]
[0.02500717 0.08601828 0.04625857 0.04190815 0.04625857 0.02978774
 0.0238453  0.05515065 0.0554468  0.03870372 0.06127895 0.04190815
 0.02387761 0.03870372 0.03032694 0.04190815 0.04190814 0.1017078
 0.04544771 0.01322117 0.03032694 0.06777854 0.01322117]
[0.03291232 0.06774033 0.0426746  0.04783915 0.0426746  0.03056038
 0.02569481 0.05104683 0.04184723 0.04840367 0.07165676 0.04783915
 0.02696319 0.04840367 0.03280967 0.04783915 0.04783914 0.07766749
 0.04823041 0.01497035 0.03280967 0.05660714 0.01497035]
[0.02260982 0.10071392 0.04932447 0.03457474 0.04932447 0.02549046
 0.02057306 0.04837674 0.03954884 0.03736451 0.07900631 0.03457474
 0.01302357 0.03736451 0.0343124  0.03457474 0.03457475 0.1203683
 0.04631325 0.00825007 0.0343124  0.08717379 0.00825007]
[0.02129514 0.08194449 0.0390548  0.04098807 0.0390548  0.0231503
 0.01872712 0.0517498  0.03922951 0.04800686 0.08070855 0.04098807
 0.01957782 0.04800686 0.04456665 0.04098807 0.04098807 0.0937447
 0.04206748 0.01065474 0.04456665 0.07928674 0.01065475]
[0.01981713 0.0878443  0.04699179 0.04075097 0.04699179 0.03184644
 0.01787027 0.03724138 0.05091772 0.03619393 0.08337719 0.04075097
 0.01376052 0.03619393 0.02920883 0.04075097 0.04075097 0.1117304
 0.04857782 0.01004827 0.02920883 0.08912735 0.01004827]
[0.03725511 0.0618578  0.05065756 0.03795049 0.05065756 0.039114
 0.02743901 0.03819965 0.04664984 0.04777689 0.06339221 0.03795049
 0.02483474 0.04777689 0.03573016 0.03795049 0.03795049 0.10618321
 0.03904685 0.01677364 0.03573016 0.06234917 0.01677364]
[0.02129514 0.08194447 0.0390548  0.04098807 0.0390548  0.0231503
 0.01872712 0.05174977 0.0392295  0.04800686 0.08070854 0.04098807
 0.01957782 0.04800686 0.04456664 0.04098807 0.04098807 0.0937447
 0.04206748 0.01065474 0.04456665 0.07928674 0.01065474]]