148784
Test: public void test60() throws Throwable { TimeStamp timeStamp0 = new TimeStamp(""); boolean boolean0 = timeStamp0.equals(timeStamp0); }
Code: public boolean equals(final Object obj) { if (obj instanceof TimeStamp) { return ntpTime == ((TimeStamp) obj).ntpValue(); } return false; }
[[0.03464216 0.08479579 0.10807208 0.02677284 0.08749504 0.04778463
 0.09353866 0.05111801 0.01626178 0.04805919 0.04778463 0.03832183
 0.04805919 0.05418707 0.04805919 0.04805919 0.0151086  0.03832183
 0.04844975 0.0151086 ]
[0.02318682 0.12592395 0.1293618  0.01747465 0.10112044 0.05458269
 0.08479066 0.04225726 0.01238755 0.04483457 0.05458269 0.03715353
 0.04483457 0.03534136 0.04483457 0.04483457 0.01036369 0.03715353
 0.04461743 0.01036369]
[0.03155529 0.11030881 0.12694104 0.02003682 0.07476719 0.05721292
 0.10366036 0.04466101 0.01664738 0.04578146 0.05721292 0.0357351
 0.04578146 0.03753303 0.04578146 0.04578146 0.01343377 0.03573511
 0.03799957 0.01343377]
[0.03029806 0.10972602 0.12836424 0.02094162 0.07204106 0.06666379
 0.09163176 0.0436905  0.0179904  0.03862485 0.06666379 0.03704019
 0.03862485 0.04870941 0.03862485 0.03862485 0.01219655 0.03704019
 0.05030653 0.01219655]
[0.03880708 0.08926649 0.07578257 0.02216442 0.05659128 0.06281501
 0.08761495 0.05758533 0.02243556 0.05348502 0.06281501 0.03950114
 0.05348502 0.04643514 0.05348502 0.05348502 0.01599103 0.03950114
 0.05276275 0.01599103]
[0.03849521 0.08440981 0.07958131 0.02292471 0.0759102  0.06224015
 0.06625432 0.04781663 0.02848102 0.05027534 0.06224015 0.04425732
 0.05027534 0.0411099  0.05027534 0.05027534 0.0218901  0.04425732
 0.05714037 0.0218901 ]
[0.02013198 0.11763585 0.15551434 0.01527279 0.09270659 0.04695252
 0.11524229 0.05105484 0.01411591 0.04437851 0.04695252 0.02680598
 0.04437851 0.03956075 0.04437851 0.04437851 0.00700794 0.02680598
 0.03971774 0.00700794]
[0.0271068  0.10249342 0.09915288 0.0222864  0.07651255 0.05413121
 0.11751699 0.04698719 0.01800925 0.04677447 0.05413121 0.03811008
 0.04677447 0.05415483 0.04677447 0.04677447 0.00931577 0.03811008
 0.04556768 0.00931577]
[0.02763125 0.10749757 0.10058462 0.02387291 0.10422703 0.04773088
 0.09018776 0.05633361 0.01672833 0.04416456 0.04773088 0.03466862
 0.04416456 0.05755188 0.04416456 0.04416456 0.01398057 0.03466862
 0.04596666 0.01398057]
[0.02926638 0.11016138 0.08905331 0.02283055 0.08502307 0.04623847
 0.07195375 0.06347409 0.02486258 0.04887538 0.04623847 0.03551707
 0.04887538 0.05550674 0.04887538 0.04887538 0.01572562 0.03551707
 0.05740432 0.01572562]
[0.03849521 0.08440981 0.07958131 0.02292471 0.0759102  0.06224015
 0.06625432 0.04781663 0.02848102 0.05027534 0.06224015 0.04425732
 0.05027534 0.0411099  0.05027534 0.05027534 0.0218901  0.04425732
 0.05714037 0.0218901 ]
[0.02310063 0.118127   0.12000819 0.02178762 0.0860199  0.04592784
 0.09478087 0.05742535 0.01700763 0.04567726 0.04592784 0.03340715
 0.04567726 0.04416186 0.04567726 0.04567726 0.01254764 0.03340715
 0.0511066  0.01254764]
[0.02926638 0.11016138 0.08905331 0.02283055 0.08502307 0.04623847
 0.07195375 0.06347409 0.02486258 0.04887538 0.04623847 0.03551707
 0.04887538 0.05550674 0.04887538 0.04887538 0.01572562 0.03551707
 0.05740432 0.01572562]
[0.01981622 0.15234062 0.12936464 0.02191285 0.09385756 0.0563707
 0.10865469 0.04814989 0.01555102 0.03069181 0.0563707  0.03297204
 0.03069181 0.04806808 0.03069181 0.03069181 0.01130513 0.03297205
 0.03822145 0.01130513]
[0.02926638 0.11016138 0.08905331 0.02283055 0.08502307 0.04623847
 0.07195375 0.06347409 0.02486258 0.04887538 0.04623847 0.03551707
 0.04887538 0.05550674 0.04887538 0.04887538 0.01572562 0.03551707
 0.05740432 0.01572562]
[0.02926638 0.11016138 0.08905331 0.02283055 0.08502307 0.04623847
 0.07195375 0.06347409 0.02486258 0.04887538 0.04623847 0.03551707
 0.04887538 0.05550674 0.04887538 0.04887538 0.01572562 0.03551707
 0.05740432 0.01572562]
[0.02436884 0.08562244 0.09059001 0.02468031 0.08566745 0.06137533
 0.09377059 0.04512887 0.01644078 0.04578926 0.06137533 0.05286068
 0.04578926 0.04212341 0.04578926 0.04578926 0.01326796 0.05286068
 0.05344231 0.01326796]
[0.02310063 0.118127   0.12000819 0.02178762 0.0860199  0.04592784
 0.09478087 0.05742535 0.01700763 0.04567726 0.04592784 0.03340715
 0.04567726 0.04416186 0.04567726 0.04567726 0.01254764 0.03340715
 0.0511066  0.01254764]
[0.03469282 0.09015154 0.10247438 0.02780378 0.07104915 0.04834515
 0.07223216 0.05548559 0.02228064 0.04949133 0.04834515 0.04051302
 0.04949133 0.04689187 0.04949133 0.04949133 0.0195152  0.04051301
 0.06222601 0.0195152 ]
[0.02436884 0.08562244 0.09059001 0.02468031 0.08566745 0.06137533
 0.09377059 0.04512887 0.01644078 0.04578926 0.06137533 0.05286068
 0.04578926 0.04212341 0.04578926 0.04578926 0.01326796 0.05286068
 0.05344231 0.01326796]]