151707
Test: public void test5() throws Throwable { BeanPropertyValueEqualsPredicate beanPropertyValueEqualsPredicate0 = new BeanPropertyValueEqualsPredicate("Convet null vl-e tyUe '", "Convet null vl-e tyUe '"); Object object0 = new Object(); boolean boolean0 = beanPropertyValueEqualsPredicate0.evaluateValue("Convet null vl-e tyUe '", object0); }
Code: protected boolean evaluateValue(final Object expected, final Object actual) { return (expected == actual) || ((expected != null) && expected.equals(actual)); }
[[0.06771193 0.12385809 0.06034097 0.02661992 0.02466551 0.03566515
 0.02661992 0.06034097 0.08406965 0.0514606  0.06034097 0.06122168
 0.06034097 0.0491176  0.06034097 0.02347263 0.01675532 0.03009992
 0.06034097 0.0166163 ]
[0.0734657  0.15781106 0.06074963 0.02477859 0.01961362 0.03176956
 0.02477859 0.06074963 0.08617832 0.05480555 0.06074963 0.04852358
 0.06074963 0.04233884 0.06074963 0.01683757 0.01621785 0.02250996
 0.06074963 0.0158734 ]
[0.07538069 0.1268874  0.0584559  0.02885836 0.03054876 0.03618347
 0.02885836 0.0584559  0.06260968 0.04346395 0.0584559  0.06649272
 0.0584559  0.05252673 0.0584559  0.02469098 0.02578663 0.02613347
 0.0584559  0.02084334]
[0.07395557 0.14331768 0.05250474 0.02882568 0.02572819 0.03090248
 0.02882568 0.05250474 0.09840842 0.0514917  0.05250474 0.0658142
 0.05250474 0.04436618 0.05250474 0.02727037 0.01994072 0.02839305
 0.05250475 0.01773158]
[0.06606807 0.13926053 0.05161731 0.03068797 0.02533677 0.03127114
 0.03068797 0.05161731 0.09567104 0.05132196 0.05161731 0.0678248
 0.05161731 0.05638653 0.05161731 0.02333299 0.01901975 0.03333337
 0.05161729 0.02009328]
[0.05113957 0.11492577 0.06301904 0.03089493 0.02940348 0.02955532
 0.03089493 0.06301904 0.07935408 0.06317832 0.06301904 0.06312384
 0.06301904 0.0409059  0.06301904 0.02073313 0.01871434 0.03372472
 0.06301903 0.01533746]
[0.07395557 0.14331768 0.05250474 0.02882568 0.02572819 0.03090248
 0.02882568 0.05250474 0.09840842 0.0514917  0.05250474 0.0658142
 0.05250474 0.04436618 0.05250474 0.02727037 0.01994072 0.02839305
 0.05250475 0.01773158]
[0.07538069 0.1268874  0.0584559  0.02885836 0.03054876 0.03618347
 0.02885836 0.0584559  0.06260968 0.04346395 0.0584559  0.06649272
 0.0584559  0.05252673 0.0584559  0.02469098 0.02578663 0.02613347
 0.0584559  0.02084334]
[0.08114447 0.09143057 0.05677597 0.0276353  0.02618015 0.04591721
 0.0276353  0.05677597 0.08359889 0.05222616 0.05677597 0.0475762
 0.05677597 0.04329086 0.05677597 0.03447764 0.02824106 0.04194889
 0.05677598 0.0280415 ]
[0.07920705 0.15065336 0.06133403 0.03029632 0.02057914 0.03004563
 0.03029632 0.06133403 0.06751806 0.04558635 0.06133403 0.05866098
 0.06133403 0.03904497 0.06133403 0.02033646 0.01841976 0.02310095
 0.06133404 0.01825048]
[0.07538069 0.1268874  0.0584559  0.02885836 0.03054876 0.03618347
 0.02885836 0.0584559  0.06260968 0.04346395 0.0584559  0.06649272
 0.0584559  0.05252673 0.0584559  0.02469098 0.02578663 0.02613347
 0.0584559  0.02084334]
[0.06184322 0.2076227  0.04351668 0.03345333 0.02289721 0.02960895
 0.03345333 0.04351668 0.09095255 0.04957741 0.04351668 0.07028541
 0.04351668 0.0577585  0.04351668 0.01911779 0.01892874 0.02545603
 0.04351668 0.01794472]
[0.07538069 0.1268874  0.0584559  0.02885836 0.03054876 0.03618347
 0.02885836 0.0584559  0.06260968 0.04346395 0.0584559  0.06649272
 0.0584559  0.05252673 0.0584559  0.02469098 0.02578663 0.02613347
 0.0584559  0.02084334]
[0.06187474 0.11347309 0.06511272 0.0261332  0.0228217  0.03283687
 0.0261332  0.06511272 0.10260915 0.05025517 0.06511272 0.05185321
 0.06511272 0.04346155 0.06511272 0.01957762 0.01649514 0.02999729
 0.06511271 0.01180176]
[0.07538069 0.1268874  0.0584559  0.02885836 0.03054876 0.03618347
 0.02885836 0.0584559  0.06260968 0.04346395 0.0584559  0.06649272
 0.0584559  0.05252673 0.0584559  0.02469098 0.02578663 0.02613347
 0.0584559  0.02084334]
[0.07907137 0.1351708  0.05798757 0.02866233 0.01849478 0.03976645
 0.02866233 0.05798757 0.08974792 0.04736014 0.05798757 0.06031426
 0.05798757 0.05566639 0.05798757 0.01509961 0.01689108 0.02202151
 0.05798758 0.01514557]
[0.06312972 0.15849282 0.0564953  0.03248766 0.02593074 0.02992706
 0.03248766 0.0564953  0.09096037 0.04243411 0.0564953  0.06140548
 0.0564953  0.04514227 0.0564953  0.01991661 0.01992289 0.02553326
 0.0564953  0.01325749]
[0.06822313 0.15271194 0.06041395 0.03035019 0.0214708  0.02912777
 0.03035019 0.06041395 0.07358454 0.04307033 0.06041395 0.05641954
 0.06041395 0.04383057 0.06041395 0.02331593 0.01822395 0.02363407
 0.06041396 0.02320326]
[0.07538069 0.1268874  0.0584559  0.02885836 0.03054876 0.03618347
 0.02885836 0.0584559  0.06260968 0.04346395 0.0584559  0.06649272
 0.0584559  0.05252673 0.0584559  0.02469098 0.02578663 0.02613347
 0.0584559  0.02084334]
[0.06420037 0.1027496  0.05717039 0.03386488 0.0227294  0.02974517
 0.03386488 0.05717039 0.09482184 0.07321873 0.05717039 0.05620099
 0.05717039 0.05281926 0.05717039 0.0246922  0.01948985 0.02880831
 0.05717039 0.0197722 ]]