134897
Test: public void test30() throws Throwable { boolean boolean0 = Attribute.isBooleanAttribute("~ODYT>}Nd!)"); }
Code: public static boolean isBooleanAttribute(final String key) { return Arrays.binarySearch(booleanAttributes, Normalizer.lowerCase(key)) >= 0; }
[[0.05620185 0.15678692 0.14652598 0.0779604  0.0730655  0.06267045
 0.06852185 0.06105981 0.07796041 0.07796041 0.04650198 0.07224251
 0.02254196]
[0.0520763  0.14030516 0.15743613 0.06999438 0.07756744 0.06447168
 0.09414609 0.04944263 0.06999438 0.06999438 0.04572817 0.0834218
 0.02542145]
[0.03780925 0.13774389 0.20538911 0.07311323 0.07733234 0.05753305
 0.08897102 0.06057332 0.07311323 0.07311323 0.03406729 0.06434643
 0.0168946 ]
[0.04399414 0.15291458 0.16547115 0.07345169 0.08080047 0.07133866
 0.06961395 0.0533932  0.07345169 0.07345169 0.0459042  0.07254671
 0.02366787]
[0.05233034 0.15467833 0.17948635 0.07427409 0.06066342 0.06909652
 0.07631234 0.05278029 0.07427409 0.07427409 0.04232402 0.07007523
 0.01943076]
[0.04557612 0.1357422  0.12531306 0.07689042 0.0777915  0.0737829
 0.10106021 0.06328009 0.07689042 0.07689042 0.05330696 0.06835932
 0.02511636]
[0.05750607 0.13621375 0.1253449  0.07482547 0.08300672 0.06188518
 0.09360154 0.06603224 0.07482547 0.07482547 0.04382309 0.07528906
 0.03282101]
[0.03584436 0.16194217 0.19592273 0.0727486  0.08275556 0.06441991
 0.06743091 0.05249447 0.0727486  0.0727486  0.03781052 0.06451994
 0.01861364]
[0.04399414 0.15291458 0.16547115 0.07345169 0.08080047 0.07133866
 0.06961395 0.0533932  0.07345169 0.07345169 0.0459042  0.07254671
 0.02366787]
[0.04399414 0.15291458 0.16547115 0.07345169 0.08080047 0.07133866
 0.06961395 0.0533932  0.07345169 0.07345169 0.0459042  0.07254671
 0.02366787]
[0.04282863 0.12869073 0.1657459  0.07233113 0.08459817 0.0582899
 0.0904201  0.06184432 0.07233112 0.07233112 0.0501831  0.08104309
 0.01936264]
[0.04791231 0.14731118 0.17670783 0.06939276 0.0678186  0.061618
 0.07846764 0.05895805 0.06939277 0.06939277 0.05180543 0.0798632
 0.02135945]
[0.03833701 0.15651456 0.13614759 0.07244944 0.07025214 0.0609047
 0.09416529 0.08246936 0.07244944 0.07244944 0.04178818 0.08159894
 0.02047396]]