164073
Test: public void test2908() throws Throwable { LinkedBlockingDeque<Integer> linkedBlockingDeque0 = new LinkedBlockingDeque<Integer>(true); LinkedBlockingDeque<Object> linkedBlockingDeque1 = new LinkedBlockingDeque<Object>(); Predicate<Integer> predicate0 = Predicate.isEqual((Object) linkedBlockingDeque0); boolean boolean0 = linkedBlockingDeque0.removeIf(predicate0); boolean boolean1 = linkedBlockingDeque1.contains((Object) null); Integer integer0 = new Integer((-2485)); Stream<Object> stream0 = linkedBlockingDeque1.stream(); boolean boolean2 = linkedBlockingDeque0.offer(integer0); TimeUnit timeUnit0 = TimeUnit.NANOSECONDS; Object object0 = linkedBlockingDeque1.pollLast(1L, timeUnit0); Integer integer1 = new Integer((-2485)); ChronoUnit chronoUnit0 = ChronoUnit.MICROS; Duration duration0 = chronoUnit0.getDuration(); boolean boolean3 = linkedBlockingDeque1.offerLast((Object) integer1, duration0); Duration duration1 = duration0.plus((-3932L), (TemporalUnit) chronoUnit0); LinkedBlockingDeque<String> linkedBlockingDeque2 = new LinkedBlockingDeque<String>(); LinkedBlockingDeque<String> linkedBlockingDeque3 = new LinkedBlockingDeque<String>(linkedBlockingDeque2); linkedBlockingDeque3.putLast(""); TimeUnit timeUnit1 = TimeUnit.MICROSECONDS; boolean boolean4 = linkedBlockingDeque2.offerFirst("org.apache.commons.pool2.impl.LinkedBlockingDeque", 3574L, timeUnit1); boolean boolean5 = linkedBlockingDeque1.removeFirstOccurrence(integer1); boolean boolean6 = linkedBlockingDeque1.offerFirst((Object) timeUnit1, duration0); Object object1 = linkedBlockingDeque1.pollLast(3574L, timeUnit0); linkedBlockingDeque1.putFirst(timeUnit0); Object object2 = linkedBlockingDeque1.removeFirst(); Integer integer2 = new Integer((-2485)); linkedBlockingDeque0.addLast(integer2); }
Code: public void addLast(final E e) { if (!offerLast(e)) { throw new IllegalStateException("Deque full"); } }
[[0.05265717 0.0423265  0.07304712 0.07520039 0.13585305 0.06808217
 0.141718   0.07304712 0.06808215 0.05324793 0.02670505 0.07304712
 0.07304713 0.02196959 0.02196959]
[0.04148059 0.03586098 0.08103301 0.05691258 0.15243067 0.0707106
 0.13775882 0.08103301 0.07071058 0.04794073 0.01889361 0.08103301
 0.08103301 0.02158443 0.02158443]
[0.04646016 0.03933924 0.07872161 0.08944358 0.12685405 0.06714334
 0.11264694 0.07872161 0.06714334 0.05475912 0.03475001 0.07872161
 0.07872162 0.02328687 0.02328687]
[0.05086906 0.03143688 0.07549456 0.081236   0.10154182 0.08614887
 0.14646378 0.07549456 0.08614884 0.04772978 0.02875847 0.07549456
 0.07549458 0.01884412 0.01884412]
[0.04660238 0.03400669 0.0704589  0.07220642 0.11753576 0.07250155
 0.17366284 0.0704589  0.07250154 0.04972248 0.02384302 0.07045889
 0.07045889 0.02779084 0.02779084]
[0.0562729  0.04860909 0.07624845 0.07607718 0.10177075 0.08480616
 0.09766419 0.07624845 0.08480616 0.05116771 0.03221866 0.07624846
 0.07624847 0.0308067  0.0308067 ]
[0.03475779 0.0256586  0.08226958 0.07753907 0.13293178 0.06891075
 0.19442406 0.08226958 0.06891073 0.03306846 0.01327713 0.0822696
 0.08226959 0.0107216  0.0107216 ]
[0.04646016 0.03933924 0.07872161 0.08944358 0.12685405 0.06714334
 0.11264694 0.07872161 0.06714334 0.05475912 0.03475001 0.07872161
 0.07872162 0.02328687 0.02328687]
[0.0562729  0.04860909 0.07624845 0.07607718 0.10177075 0.08480616
 0.09766419 0.07624845 0.08480616 0.05116771 0.03221866 0.07624846
 0.07624847 0.0308067  0.0308067 ]
[0.04342012 0.03436431 0.07314625 0.0697252  0.10587917 0.09813482
 0.14815277 0.07314625 0.09813485 0.05108359 0.02400807 0.07314625
 0.07314626 0.01725604 0.01725604]
[0.04531223 0.03985583 0.07156589 0.07203721 0.1182337  0.07711953
 0.15692613 0.07156589 0.07711952 0.05161948 0.03002353 0.07156589
 0.0715659  0.02274463 0.02274463]
[0.04646016 0.03933924 0.07872161 0.08944358 0.12685405 0.06714334
 0.11264694 0.07872161 0.06714334 0.05475912 0.03475001 0.07872161
 0.07872162 0.02328687 0.02328687]
[0.04646017 0.03933924 0.07872161 0.08944358 0.12685406 0.06714334
 0.11264694 0.07872161 0.06714334 0.05475912 0.03475001 0.07872161
 0.07872161 0.02328687 0.02328687]
[0.03958064 0.03622673 0.07486825 0.05891145 0.1031841  0.09682379
 0.1516768  0.07486825 0.09682379 0.05299816 0.02215753 0.07486825
 0.07486827 0.02107197 0.02107197]
[0.03958064 0.03622673 0.07486825 0.05891145 0.1031841  0.09682379
 0.1516768  0.07486825 0.09682379 0.05299816 0.02215753 0.07486825
 0.07486827 0.02107197 0.02107197]]