144509
Test: public void test2() throws Throwable { CompositeCacheAttributes compositeCacheAttributes0 = new CompositeCacheAttributes(); ElementAttributes elementAttributes0 = new ElementAttributes(); CompositeCache<PooledCacheEventQueue<Object, Object>, String> compositeCache0 = new CompositeCache<PooledCacheEventQueue<Object, Object>, String>(compositeCacheAttributes0, elementAttributes0); CacheAdaptor<PooledCacheEventQueue<Object, Object>, String> cacheAdaptor0 = new CacheAdaptor<PooledCacheEventQueue<Object, Object>, String>(compositeCache0); CacheEventQueue<PooledCacheEventQueue<Object, Object>, String> cacheEventQueue0 = new CacheEventQueue<PooledCacheEventQueue<Object, Object>, String>(cacheAdaptor0, 100L, "{cuSk?[i"); cacheEventQueue0.addRemoveAllEvent(); int int0 = cacheEventQueue0.size(); }
Code: public int size() { if ( queue == null ) { return 0; } return queue.size(); }
[[0.0487138  0.03242838 0.0675709  0.05682286 0.13047747 0.0755157
 0.04450077 0.07915673 0.05765224 0.07845028 0.05682286 0.05260716
 0.06114998 0.01897639 0.05260716 0.0675709  0.01897639]
[0.02962944 0.02302238 0.08026972 0.05742601 0.17034511 0.07461907
 0.03842256 0.07934768 0.04207586 0.09072012 0.05742601 0.04666156
 0.05632756 0.01338781 0.04666156 0.08026972 0.01338781]
[0.04296609 0.02881005 0.07363047 0.05750963 0.10301886 0.07835989
 0.0534543  0.08344504 0.04890479 0.08879942 0.05750963 0.05186902
 0.06560898 0.02030718 0.05186902 0.07363047 0.02030717]
[0.05185703 0.02584594 0.07245637 0.07323802 0.09064654 0.0643144
 0.05163069 0.05782406 0.04399238 0.07849789 0.07323802 0.06100518
 0.06711049 0.02744071 0.06100518 0.07245637 0.02744071]
[0.03362051 0.0175548  0.08517537 0.05461638 0.18356335 0.07499273
 0.04000828 0.07479431 0.04430542 0.08306038 0.05461638 0.04327968
 0.06394535 0.00900602 0.04327968 0.08517537 0.00900601]
[0.04023688 0.02672279 0.06618398 0.0730422  0.14318752 0.07091888
 0.0461314  0.06474597 0.04628534 0.07156613 0.0730422  0.06083483
 0.0539531  0.01806496 0.06083483 0.06618398 0.01806496]
[0.03665825 0.02497778 0.086519   0.06513526 0.12306248 0.06227618
 0.03933482 0.08570591 0.05584888 0.07508938 0.06513526 0.05241974
 0.05712093 0.01588871 0.05241974 0.086519   0.01588871]
[0.03166584 0.0217563  0.05803041 0.06141164 0.17666519 0.09800702
 0.03788165 0.08215235 0.04353067 0.07587604 0.06141164 0.05075817
 0.06500883 0.01352782 0.05075817 0.05803041 0.01352782]
[0.04235018 0.02435333 0.06544429 0.07873586 0.12831809 0.06859823
 0.04303856 0.06791809 0.0404211  0.07402396 0.07873586 0.06604294
 0.06485312 0.01283959 0.06604294 0.06544429 0.01283959]
[0.04243026 0.0313398  0.06229078 0.07705508 0.14279915 0.07955767
 0.04350541 0.06543583 0.03723428 0.06457065 0.07705508 0.05006525
 0.0738923  0.02020623 0.05006525 0.06229078 0.02020623]
[0.05185703 0.02584594 0.07245637 0.07323802 0.09064654 0.0643144
 0.05163069 0.05782406 0.04399238 0.07849789 0.07323802 0.06100518
 0.06711049 0.02744071 0.06100518 0.07245637 0.02744071]
[0.03520757 0.02304739 0.07557011 0.05781247 0.1523175  0.0757268
 0.04700836 0.07504633 0.04913621 0.07693745 0.05781247 0.05300688
 0.05998817 0.01640263 0.05300688 0.07557011 0.01640263]
[0.04440124 0.02569038 0.06666459 0.06690616 0.14939624 0.07427576
 0.05361013 0.06400765 0.0358576  0.06575782 0.06690616 0.05485567
 0.07261468 0.01876783 0.05485567 0.06666459 0.01876783]
[0.03434851 0.02672735 0.06705347 0.07200041 0.12898876 0.06564152
 0.04702271 0.05813991 0.04033471 0.07768781 0.07200041 0.07031422
 0.06981558 0.01627847 0.07031422 0.06705347 0.01627847]
[0.03520757 0.02304739 0.07557011 0.05781247 0.1523175  0.0757268
 0.04700836 0.07504633 0.04913621 0.07693745 0.05781247 0.05300688
 0.05998817 0.01640263 0.05300688 0.07557011 0.01640263]
[0.04296609 0.02881005 0.07363047 0.05750963 0.10301886 0.07835989
 0.0534543  0.08344504 0.04890479 0.08879942 0.05750963 0.05186902
 0.06560898 0.02030718 0.05186902 0.07363047 0.02030717]
[0.03434851 0.02672734 0.06705347 0.07200042 0.12898874 0.06564152
 0.04702271 0.05813991 0.04033471 0.07768781 0.07200042 0.07031423
 0.06981556 0.01627847 0.07031423 0.06705347 0.01627847]]