131349
Test: public void test19() throws Throwable { Closure<Object> closure0 = ClosureUtils.nopClosure(); ForClosure<Object> forClosure0 = new ForClosure<Object>(0, closure0); Closure<Object> closure1 = ClosureUtils.forClosure(0, (Closure<? super Object>) forClosure0); }
Code: public static <E> Closure<E> forClosure(final int count, final Closure<? super E> closure) { return ForClosure.forClosure(count, closure); }
[[0.04404184 0.13182487 0.05138064 0.06109755 0.06109755 0.02784044
 0.03285703 0.03536383 0.06109755 0.05738689 0.12662621 0.06109755
 0.05882423 0.04848205 0.06109755 0.06109755 0.01878668]
[0.04615267 0.12782368 0.05017392 0.06159927 0.06159927 0.02344177
 0.03346714 0.03470682 0.06159927 0.04952034 0.11011991 0.06159927
 0.08752524 0.04409869 0.06159927 0.06159927 0.02337425]
[0.03461945 0.12301173 0.04764836 0.06148744 0.06148744 0.01897737
 0.0358339  0.0298762  0.06148744 0.07279417 0.12108993 0.06148744
 0.07460953 0.05815767 0.06148744 0.06148744 0.01445712]
[0.03665822 0.13039383 0.04759593 0.06068629 0.06068629 0.02347738
 0.0464908  0.0361638  0.06068629 0.07007584 0.11910599 0.06068629
 0.06086702 0.04456551 0.06068629 0.06068629 0.02048796]
[0.03665822 0.13039383 0.04759593 0.06068629 0.06068629 0.02347738
 0.0464908  0.0361638  0.06068629 0.07007584 0.11910599 0.06068629
 0.06086702 0.04456551 0.06068629 0.06068629 0.02048796]
[0.0259515  0.16448675 0.03815515 0.06619376 0.06619376 0.01853194
 0.03228364 0.03563317 0.06619376 0.04669895 0.12647302 0.06619376
 0.05980554 0.04201949 0.06619376 0.06619376 0.01279827]
[0.03927137 0.12973805 0.03973491 0.05984345 0.05984345 0.01867931
 0.03061036 0.03121242 0.05984345 0.05122514 0.16840956 0.05984345
 0.07967652 0.03977719 0.05984345 0.05984345 0.01260443]
[0.04182403 0.12520774 0.04416119 0.06205432 0.06205432 0.01803152
 0.03996717 0.0283225  0.06205432 0.06014499 0.11988548 0.06205432
 0.07467724 0.06092674 0.06205432 0.06205432 0.01452551]
[0.03665822 0.13039383 0.04759593 0.06068629 0.06068629 0.02347738
 0.0464908  0.0361638  0.06068629 0.07007584 0.11910599 0.06068629
 0.06086702 0.04456551 0.06068629 0.06068629 0.02048796]
[0.04457127 0.14776109 0.04613465 0.06350619 0.06350619 0.02424164
 0.02970603 0.04419775 0.06350619 0.06316535 0.08979102 0.06350619
 0.06328809 0.04718385 0.06350619 0.06350619 0.01892217]
[0.0356702  0.11211427 0.04663312 0.06964353 0.06964353 0.01861546
 0.042589   0.02786118 0.06964353 0.06027478 0.10807222 0.06964353
 0.06854928 0.04302158 0.06964353 0.06964353 0.0187377 ]
[0.03665822 0.13039383 0.04759593 0.06068629 0.06068629 0.02347738
 0.0464908  0.0361638  0.06068629 0.07007584 0.11910599 0.06068629
 0.06086702 0.04456551 0.06068629 0.06068629 0.02048796]
[0.04722446 0.11345357 0.04122321 0.06049868 0.06049868 0.02231314
 0.04179798 0.04648997 0.06049868 0.06966826 0.0945323  0.06049868
 0.07899326 0.05394828 0.06049868 0.06049868 0.0273635 ]
[0.03001041 0.14036664 0.04552126 0.05940471 0.05940471 0.01770682
 0.03118433 0.0276854  0.05940471 0.07863814 0.15323153 0.05940471
 0.05953335 0.04342248 0.05940471 0.05940471 0.01627131]
[0.03665822 0.13039383 0.04759593 0.06068629 0.06068629 0.02347738
 0.0464908  0.0361638  0.06068629 0.07007584 0.11910599 0.06068629
 0.06086702 0.04456551 0.06068629 0.06068629 0.02048796]
[0.03665822 0.13039383 0.04759593 0.06068629 0.06068629 0.02347738
 0.0464908  0.0361638  0.06068629 0.07007584 0.11910599 0.06068629
 0.06086702 0.04456551 0.06068629 0.06068629 0.02048796]
[0.03160595 0.13921931 0.0435077  0.05821114 0.05821114 0.02370099
 0.04235179 0.02896634 0.05821114 0.05907889 0.10703663 0.05821114
 0.08639859 0.07052381 0.05821114 0.05821114 0.0183432 ]]