37992
Test: public void test189() throws Throwable { DateTime dateTime0 = DateTime.now(); // Undeclared exception!  dateTime0.withField((DateTimeFieldType) null, 3);   }
Code: public DateTime withField(DateTimeFieldType fieldType, int value) { if (fieldType == null) { throw new IllegalArgumentException("Field must not be null"); } long instant = fieldType.getField(getChronology()).set(getMillis(), value); return withMillis(instant); }
[[0.02980834 0.03153691 0.04135432 0.04785778 0.01835303 0.03410022
 0.04228329 0.08060548 0.02839947 0.04629329 0.01565815 0.04228329
 0.02991305 0.0148588  0.01021336 0.0668745  0.02908109 0.02681091
 0.0462806  0.01325559 0.04862872 0.03331384 0.01891802 0.04135432
 0.07423513 0.03311861 0.04135432 0.01325559]
[0.02917408 0.02644732 0.04012396 0.04306731 0.0118604  0.04224743
 0.05912739 0.08331669 0.02924325 0.03939826 0.01352389 0.05912739
 0.02739959 0.01228585 0.0090418  0.06205352 0.02159029 0.03336904
 0.03951265 0.01432471 0.0555655  0.02909343 0.0165146  0.04012396
 0.07543562 0.03258341 0.04012396 0.01432471]
[0.02540781 0.03137338 0.04194489 0.05642467 0.01621182 0.03835654
 0.04283259 0.06314582 0.03641292 0.04768145 0.01826609 0.04283259
 0.03006759 0.01953696 0.0131971  0.07605225 0.02162667 0.03392847
 0.03263355 0.01437322 0.04331294 0.02906598 0.02785085 0.04194489
 0.06829549 0.0309054  0.04194489 0.01437322]
[0.01928078 0.02899273 0.03994636 0.05502919 0.01492121 0.03438137
 0.04575318 0.08418424 0.02781981 0.05123151 0.01336754 0.04575318
 0.03125354 0.01395869 0.00847921 0.08892334 0.02071579 0.02971243
 0.03523217 0.01120761 0.05269885 0.02423371 0.02156289 0.03994636
 0.0745756  0.03568473 0.03994636 0.01120762]
[0.01949669 0.0381581  0.04880242 0.04760818 0.01355441 0.04465099
 0.04707444 0.11268024 0.02713507 0.04766063 0.01162551 0.04707444
 0.02619485 0.01043669 0.00994984 0.06596144 0.01588984 0.03189529
 0.03806573 0.00985682 0.04024312 0.02220236 0.01642397 0.04880242
 0.06806973 0.03182751 0.04880243 0.00985682]
[0.02923071 0.02682351 0.04261043 0.0475201  0.01333745 0.0337649
 0.05076503 0.08731581 0.03409422 0.04272324 0.01364538 0.05076503
 0.03081428 0.01289854 0.00873706 0.07953034 0.02128116 0.03088097
 0.04031957 0.01234584 0.04786605 0.02507096 0.02088384 0.04261043
 0.06355367 0.03565518 0.04261043 0.01234584]
[0.03198984 0.04218333 0.04171711 0.04539197 0.01527899 0.03419559
 0.05186133 0.05503956 0.03762795 0.03413057 0.02060356 0.05186133
 0.02925577 0.01778655 0.0166743  0.06427569 0.02961434 0.03356122
 0.04202858 0.01821774 0.05079733 0.02459441 0.02665112 0.04171711
 0.04624987 0.03675999 0.04171711 0.01821774]
[0.02095166 0.02392831 0.04628937 0.05501967 0.01017351 0.02626382
 0.04864064 0.11985092 0.02171605 0.04125351 0.00793103 0.04864064
 0.02083467 0.00829376 0.00546993 0.0923714  0.01980565 0.03044589
 0.03529022 0.00726793 0.05513115 0.02841812 0.01679095 0.04628937
 0.08149105 0.02788344 0.04628938 0.00726793]
[0.03143869 0.03661047 0.04528129 0.04062956 0.0141974  0.03540277
 0.04258571 0.08426652 0.03394057 0.03450884 0.01478295 0.04258571
 0.02837609 0.01314466 0.01234476 0.0726269  0.02458683 0.02880143
 0.03334532 0.01302549 0.05512752 0.03708817 0.01814024 0.04528129
 0.06876767 0.03480635 0.04528128 0.01302549]
[0.01917289 0.02869459 0.03020451 0.05437379 0.01149622 0.03581696
 0.05291641 0.10529934 0.02725399 0.04681015 0.01239938 0.05291641
 0.02403911 0.01288576 0.00769268 0.10000994 0.018283   0.0302136
 0.03195413 0.01068103 0.05391699 0.02726088 0.02010416 0.03020451
 0.08272184 0.03179224 0.03020451 0.01068103]
[0.02471575 0.02827456 0.04435284 0.03880192 0.01317226 0.03500512
 0.05654075 0.11194688 0.02915173 0.04608196 0.01520652 0.05654075
 0.02332334 0.01008125 0.00845889 0.07104679 0.0238536  0.02701229
 0.03563211 0.00867452 0.05017881 0.0274039  0.01605541 0.04435284
 0.07106791 0.03004    0.04435284 0.00867452]
[0.03198984 0.04218333 0.04171711 0.04539197 0.01527899 0.03419559
 0.05186133 0.05503956 0.03762795 0.03413057 0.02060356 0.05186133
 0.02925577 0.01778655 0.0166743  0.06427569 0.02961434 0.03356122
 0.04202858 0.01821774 0.05079733 0.02459441 0.02665112 0.04171711
 0.04624987 0.03675999 0.04171711 0.01821774]
[0.02325598 0.02893649 0.03753674 0.04478035 0.01352168 0.03284152
 0.0634044  0.08117892 0.03038202 0.03413387 0.01336515 0.0634044
 0.0278805  0.01247507 0.00811614 0.09712744 0.02118564 0.03445352
 0.03776622 0.01016575 0.0455794  0.03277372 0.0203176  0.03753674
 0.05979896 0.04037928 0.03753674 0.01016576]
[0.02582585 0.02701865 0.03863702 0.04621982 0.01625677 0.03941779
 0.04907903 0.08636828 0.02795571 0.04571772 0.01415784 0.04907903
 0.02830252 0.01652305 0.01159901 0.08361883 0.02015442 0.03468536
 0.03517183 0.0140874  0.05138695 0.03020043 0.02046815 0.03863702
 0.06030839 0.03639871 0.03863702 0.0140874 ]
[0.03009439 0.03056306 0.04202581 0.05470607 0.01552415 0.03934471
 0.05040113 0.07732743 0.03300512 0.04286604 0.01530024 0.05040113
 0.02430012 0.01717874 0.01367667 0.07553103 0.02270835 0.03321289
 0.04083923 0.01340524 0.04673491 0.02522263 0.02038055 0.04202581
 0.05790078 0.02989275 0.0420258  0.01340524]
[0.02296488 0.03340504 0.03536123 0.05427436 0.01503169 0.04021562
 0.05546352 0.08768795 0.03846765 0.03798112 0.01597358 0.05546352
 0.03082624 0.0176338  0.01011277 0.06945448 0.01988258 0.04451299
 0.03793535 0.01248282 0.03867895 0.0268788  0.02121663 0.03536123
 0.05459983 0.04028932 0.03536123 0.01248282]
[0.02192444 0.03439863 0.0370976  0.0557901  0.0160992  0.04339138
 0.05018899 0.07424173 0.03116038 0.04506776 0.01633316 0.05018899
 0.0290195  0.01435206 0.01202316 0.07023662 0.02187008 0.03426559
 0.04487032 0.0135353  0.05198857 0.02840266 0.01571875 0.0370976
 0.06682707 0.03327747 0.0370976  0.0135353 ]
[0.02596271 0.02725826 0.04620059 0.05716852 0.01831    0.0285479
 0.04212156 0.08804326 0.02576114 0.04213364 0.01597556 0.04212156
 0.02409224 0.01231768 0.00908118 0.08123176 0.02382575 0.03642891
 0.04736144 0.01391335 0.03802929 0.0291906  0.02037064 0.04620059
 0.06904135 0.02919659 0.04620059 0.01391335]
[0.03085191 0.03213407 0.03387072 0.04577206 0.01760248 0.03532013
 0.04764754 0.09407504 0.02984518 0.04487143 0.01519733 0.04764754
 0.03038007 0.0149575  0.01035964 0.07092778 0.02693941 0.02886647
 0.05372734 0.01120408 0.04228036 0.04023435 0.01799943 0.03387072
 0.06226226 0.03608043 0.03387072 0.01120408]
[0.02322267 0.02746894 0.04376533 0.04281561 0.01766879 0.02778756
 0.05773926 0.08919575 0.03137415 0.04007842 0.01462071 0.05773926
 0.03129274 0.01300519 0.00931655 0.06291932 0.0244158  0.04427208
 0.04495492 0.01251878 0.03769497 0.02401199 0.02078831 0.04376533
 0.05112565 0.0501578  0.04376533 0.01251878]
[0.02167417 0.028172   0.03986683 0.05813982 0.01278687 0.03340199
 0.0546672  0.08214052 0.0252481  0.04179931 0.01172505 0.0546672
 0.02469783 0.0122616  0.00791042 0.09165735 0.0198091  0.03360819
 0.04550566 0.01284433 0.04375746 0.03189926 0.01665344 0.03986683
 0.07054571 0.03198258 0.03986683 0.01284433]
[0.02993967 0.02925378 0.04313267 0.05007497 0.01617218 0.03562176
 0.04453105 0.08319519 0.02800426 0.04838064 0.01427743 0.04453105
 0.02639278 0.0143522  0.0089564  0.06648023 0.02275474 0.03142666
 0.04386274 0.01298638 0.04632516 0.0313537  0.02044613 0.04313267
 0.07096668 0.03732987 0.04313266 0.01298638]
[0.03403104 0.03336443 0.04812282 0.03757262 0.02050793 0.03647362
 0.03886855 0.07541461 0.03503339 0.03829698 0.02163091 0.03886855
 0.02772315 0.01603844 0.01714448 0.04690664 0.03311441 0.03446898
 0.05385689 0.01678327 0.0419641  0.02516264 0.02834023 0.04812282
 0.04984698 0.03743549 0.04812282 0.01678327]
[0.02540781 0.03137338 0.04194489 0.05642467 0.01621182 0.03835654
 0.04283259 0.06314582 0.03641292 0.04768145 0.01826609 0.04283259
 0.03006759 0.01953696 0.0131971  0.07605225 0.02162667 0.03392847
 0.03263355 0.01437322 0.04331294 0.02906598 0.02785085 0.04194489
 0.06829549 0.0309054  0.04194489 0.01437322]
[0.02796915 0.03307273 0.03746282 0.04867764 0.01394485 0.03355602
 0.0534808  0.08083381 0.02893598 0.04773471 0.01625618 0.0534808
 0.03084068 0.0167961  0.01151741 0.07435313 0.02398293 0.02730964
 0.03685966 0.01154543 0.04673753 0.02565879 0.0235383  0.03746282
 0.06831716 0.04066675 0.03746282 0.01154543]
[0.02115673 0.0354482  0.04167952 0.05803436 0.01240573 0.03230776
 0.04237833 0.08660172 0.02797467 0.04024544 0.01238136 0.04237833
 0.02427678 0.01255354 0.0101775  0.09360651 0.02417584 0.02929372
 0.03661925 0.01156217 0.05704233 0.03099556 0.02074593 0.04167952
 0.0704956  0.03054187 0.04167952 0.01156217]
[0.02540781 0.03137338 0.04194489 0.05642467 0.01621182 0.03835654
 0.04283259 0.06314582 0.03641292 0.04768145 0.01826609 0.04283259
 0.03006759 0.01953696 0.0131971  0.07605225 0.02162667 0.03392847
 0.03263355 0.01437322 0.04331294 0.02906598 0.02785085 0.04194489
 0.06829549 0.0309054  0.04194489 0.01437322]
[0.02322267 0.02746894 0.04376533 0.04281561 0.01766879 0.02778756
 0.05773926 0.08919575 0.03137415 0.04007842 0.01462071 0.05773926
 0.03129274 0.01300519 0.00931655 0.06291932 0.0244158  0.04427208
 0.04495492 0.01251878 0.03769497 0.02401199 0.02078831 0.04376533
 0.05112565 0.0501578  0.04376533 0.01251878]]