136073
Test: public void test15() throws Throwable { PriorityQueue<Element> priorityQueue0 = new PriorityQueue<Element>(); Tag tag0 = Tag.valueOf("i"); Attributes attributes0 = new Attributes(); FormElement formElement0 = new FormElement(tag0, "i", attributes0); formElement0.appendChild(formElement0); priorityQueue0.add(formElement0); // Undeclared exception! Selector.select("i", (Iterable<Element>) priorityQueue0); }
Code: public static Elements select(String query, Element root) { Validate.notEmpty(query); return select(QueryParser.parse(query), root); }
[[0.0638303  0.17469236 0.04323762 0.08854037 0.08854037 0.03269047
 0.12866826 0.07589072 0.08854036 0.06910905 0.08854036 0.03254071
 0.02517898]
[0.06562266 0.17012084 0.03284641 0.08903405 0.08903405 0.02585762
 0.10752537 0.11078269 0.08903404 0.06176582 0.08903404 0.03893039
 0.03041204]
[0.0591292  0.18145785 0.03601772 0.08037758 0.08037758 0.03812996
 0.11502166 0.10723896 0.08037758 0.07993212 0.08037758 0.03659134
 0.02497084]
[0.05248977 0.181091   0.04128946 0.08787093 0.08787093 0.03813352
 0.12323847 0.08175719 0.08787093 0.06366956 0.08787093 0.03895728
 0.02789003]
[0.05248977 0.181091   0.04128946 0.08787093 0.08787093 0.03813352
 0.12323847 0.08175719 0.08787093 0.06366956 0.08787093 0.03895728
 0.02789003]
[0.06571427 0.19038701 0.0388966  0.08228797 0.08228797 0.03355201
 0.12833552 0.09078807 0.08228797 0.07386814 0.08228797 0.0277856
 0.02152091]
[0.05763028 0.19043867 0.03703513 0.08516378 0.08516378 0.02618092
 0.10736738 0.09414656 0.08516377 0.07963941 0.08516377 0.03588001
 0.03102652]
[0.06639612 0.15199652 0.04513051 0.08953275 0.08953275 0.03556706
 0.08894955 0.10103196 0.08953276 0.07716035 0.08953276 0.03910108
 0.03653586]
[0.05248977 0.181091   0.04128946 0.08787093 0.08787093 0.03813352
 0.12323847 0.08175719 0.08787093 0.06366956 0.08787093 0.03895728
 0.02789003]
[0.04511874 0.19201234 0.03909818 0.09529135 0.09529135 0.02293768
 0.12325585 0.07726431 0.09529135 0.06738345 0.09529135 0.0300345
 0.02172957]
[0.05248977 0.181091   0.04128946 0.08787093 0.08787093 0.03813352
 0.12323847 0.08175719 0.08787093 0.06366956 0.08787093 0.03895728
 0.02789003]
[0.0408956  0.18011254 0.02979396 0.10530441 0.10530441 0.02147901
 0.08950575 0.09746816 0.10530441 0.07466622 0.10530441 0.02844054
 0.01642049]
[0.04642419 0.18466848 0.03504364 0.08845732 0.08845732 0.02574669
 0.0893302  0.10984392 0.08845732 0.09865636 0.08845732 0.03236319
 0.02409398]]