77679
Test: public void test77() throws Throwable { ObjectType objectType0 = Type.THROWABLE; INEG iNEG0 = new INEG(); InstructionHandle instructionHandle0 = new InstructionHandle(iNEG0); IFNONNULL iFNONNULL0 = new IFNONNULL(instructionHandle0); InstructionList instructionList0 = new InstructionList((BranchInstruction) iFNONNULL0); ConstantPoolGen constantPoolGen0 = new ConstantPoolGen(); MethodGen methodGen0 = new MethodGen(0, objectType0, objectType0.NO_ARGS, (String[]) null, (String) null, (String) null, instructionList0, constantPoolGen0); Attribute[] attributeArray0 = methodGen0.getCodeAttributes(); }
Code: public Attribute[] getCodeAttributes() { final Attribute[] attributes = new Attribute[codeAttrsList.size()]; codeAttrsList.toArray(attributes); return attributes; }
[[0.05566458 0.0772286  0.0772286  0.08195966 0.04570014 0.0772286
 0.2026178  0.03551926 0.02754046 0.07722861 0.07722861 0.06221664
 0.07722861 0.0254099 ]
[0.04493861 0.07302786 0.07302786 0.08216934 0.04654283 0.07302786
 0.22047216 0.0506247  0.03511396 0.07302786 0.07302786 0.05483134
 0.07302787 0.02713991]
[0.04493861 0.07302786 0.07302786 0.08216934 0.04654283 0.07302786
 0.22047216 0.0506247  0.03511396 0.07302786 0.07302786 0.05483134
 0.07302787 0.02713991]
[0.05882569 0.07326695 0.07326695 0.10309373 0.0580972  0.07326695
 0.15785585 0.04935816 0.03158792 0.07326695 0.07326695 0.06658776
 0.07326696 0.03499202]
[0.05241229 0.0750872  0.0750872  0.09775337 0.03593716 0.0750872
 0.20504852 0.04040671 0.02264497 0.07508719 0.07508719 0.07646527
 0.0750872  0.01880855]
[0.04493861 0.07302786 0.07302786 0.08216934 0.04654283 0.07302786
 0.22047216 0.0506247  0.03511396 0.07302786 0.07302786 0.05483134
 0.07302787 0.02713991]
[0.04085427 0.07417715 0.07417715 0.11669307 0.04439808 0.07417715
 0.21142197 0.03165755 0.02395405 0.07417715 0.07417715 0.06442263
 0.07417716 0.0215355 ]
[0.06018472 0.08507338 0.08507338 0.06991369 0.05076442 0.08507338
 0.13341573 0.05045828 0.02842997 0.08507339 0.08507339 0.06642824
 0.0850734  0.02996461]
[0.04681416 0.06816416 0.06816416 0.09342381 0.03812682 0.06816416
 0.25386792 0.03672568 0.02943867 0.06816416 0.06816416 0.06610397
 0.06816418 0.02651406]
[0.04493861 0.07302786 0.07302786 0.08216934 0.04654283 0.07302786
 0.22047216 0.0506247  0.03511396 0.07302786 0.07302786 0.05483134
 0.07302787 0.02713991]
[0.04493861 0.07302786 0.07302786 0.08216934 0.04654283 0.07302786
 0.22047216 0.0506247  0.03511396 0.07302786 0.07302786 0.05483134
 0.07302787 0.02713991]
[0.03861069 0.07292014 0.07292014 0.08377568 0.0365672  0.07292014
 0.26552612 0.0382535  0.02257402 0.07292014 0.07292014 0.05463399
 0.07292016 0.02253793]
[0.04493861 0.07302785 0.07302785 0.08216935 0.04654282 0.07302785
 0.22047219 0.05062469 0.03511396 0.07302785 0.07302785 0.05483134
 0.07302786 0.02713991]
[0.04043283 0.07273172 0.07273172 0.12055723 0.0378319  0.07273172
 0.18540803 0.03836977 0.02275028 0.07273172 0.07273172 0.09311876
 0.07273174 0.02514093]]