39766
Test: public void test86() throws Throwable { BuddhistChronology buddhistChronology0 = BuddhistChronology.getInstance(); DateTimeField dateTimeField0 = buddhistChronology0.weekyear(); OffsetDateTimeField offsetDateTimeField0 = new OffsetDateTimeField(dateTimeField0, 1); // Undeclared exception!  offsetDateTimeField0.set(0L, (-3010));   }
Code: public long set(long instant, int value) { FieldUtils.verifyValueBounds(this, value, iMin, iMax); return super.set(instant, value - iOffset); }
[[0.03962749 0.06517574 0.06134773 0.07635275 0.02470944 0.04619927
 0.05464514 0.05497533 0.03826178 0.05497533 0.05497533 0.0438347
 0.05497533 0.13332635 0.12436357 0.05497533 0.01727933]
[0.02769773 0.05848041 0.05952871 0.06451938 0.01701852 0.0458223
 0.06271213 0.05248767 0.02534335 0.05248767 0.05248767 0.04111271
 0.05248767 0.17866087 0.1415503  0.05248767 0.01511518]
[0.02778859 0.0580577  0.06421874 0.07961722 0.01604134 0.05368456
 0.06239583 0.05055357 0.03746492 0.05055357 0.05055357 0.04190796
 0.05055357 0.14700954 0.14267504 0.05055357 0.0163707 ]
[0.03875192 0.04556754 0.05833738 0.07667886 0.02375846 0.03863979
 0.06918231 0.05347721 0.032847   0.05347721 0.05347721 0.04493399
 0.05347721 0.15009017 0.13841976 0.05347721 0.01540681]
[0.02524612 0.05458733 0.04475337 0.07294261 0.01828568 0.06206635
 0.05668076 0.06504298 0.0391917  0.06504298 0.06504298 0.04069603
 0.06504298 0.15108311 0.09697069 0.06504298 0.01228132]
[0.03622535 0.059605   0.05096672 0.07619055 0.01663183 0.04225064
 0.06207889 0.05307902 0.03697663 0.05307902 0.05307902 0.04400158
 0.05307902 0.13894239 0.15556765 0.05307902 0.01516761]
[0.04295166 0.06597924 0.06576431 0.07763347 0.02013086 0.04399
 0.07348812 0.05429249 0.04753398 0.05429249 0.05429249 0.04885253
 0.05429249 0.09671371 0.12029497 0.05429249 0.0252047 ]
[0.03310038 0.05734945 0.06647198 0.0825994  0.02126505 0.05102785
 0.05425084 0.05492463 0.03835611 0.05492463 0.05492463 0.04022153
 0.05492463 0.13088009 0.13154459 0.05492463 0.0183096 ]
[0.02577388 0.05131586 0.05756933 0.06284717 0.01575068 0.03888454
 0.07402731 0.04706234 0.02717462 0.04706234 0.04706234 0.03803456
 0.04706234 0.17740469 0.18328823 0.04706234 0.0126174 ]
[0.03310038 0.05734945 0.06647198 0.0825994  0.02126505 0.05102785
 0.05425084 0.05492463 0.03835611 0.05492463 0.05492463 0.04022153
 0.05492463 0.13088009 0.13154459 0.05492463 0.0183096 ]
[0.03310038 0.05734945 0.06647198 0.0825994  0.02126505 0.05102785
 0.05425084 0.05492463 0.03835611 0.05492463 0.05492463 0.04022153
 0.05492463 0.13088009 0.13154459 0.05492463 0.0183096 ]
[0.02826297 0.07605162 0.06941997 0.06335872 0.0165488  0.04304241
 0.05673869 0.05561747 0.02993907 0.05561747 0.05561747 0.0407788
 0.05561747 0.13606608 0.14623165 0.05561747 0.01547389]
[0.03310038 0.05734945 0.06647198 0.0825994  0.02126505 0.05102785
 0.05425084 0.05492463 0.03835611 0.05492463 0.05492463 0.04022153
 0.05492463 0.13088009 0.13154459 0.05492463 0.0183096 ]
[0.03106771 0.06448111 0.04632229 0.06003844 0.01988351 0.04156546
 0.05623972 0.05465864 0.03172838 0.05465864 0.05465864 0.04779606
 0.05465864 0.17296283 0.13630804 0.05465864 0.01831326]
[0.0426669  0.05172796 0.05061094 0.06633605 0.02530288 0.05463905
 0.06684048 0.06120258 0.02932133 0.06120258 0.06120258 0.04346363
 0.06120258 0.14339478 0.09957866 0.06120258 0.02010451]
[0.03310038 0.05734945 0.06647198 0.0825994  0.02126505 0.05102785
 0.05425084 0.05492463 0.03835611 0.05492463 0.05492463 0.04022153
 0.05492463 0.13088009 0.13154459 0.05492463 0.0183096 ]
[0.0288689  0.0468506  0.05094451 0.07437262 0.0220698  0.03484387
 0.06940431 0.05481715 0.02920323 0.05481715 0.05481715 0.06166685
 0.05481715 0.1660724  0.12645093 0.05481715 0.01516618]]