165048
Test: public void test4() throws Throwable { MockRandom mockRandom0 = new MockRandom(); JDKRandomWrapper jDKRandomWrapper0 = new JDKRandomWrapper(mockRandom0); double[] doubleArray0 = new double[3]; doubleArray0[2] = 1253.17; LineSampler lineSampler0 = LineSampler.of(jDKRandomWrapper0, doubleArray0, doubleArray0); mockRandom0.nextLong(); double[] doubleArray1 = lineSampler0.sample(); }
Code: public double[] sample() { final double u = rng.nextDouble(); return createSample(1.0 - u, u); }
[[0.04489263 0.11741008 0.06228257 0.06494185 0.03670385 0.07688973
 0.04222073 0.02857186 0.06228258 0.05003383 0.06228258 0.1378288
 0.13113688 0.06228258 0.02023947]
[0.0352331  0.10322967 0.05857674 0.06618842 0.04457454 0.07102079
 0.04936194 0.02795403 0.05857674 0.04904082 0.05857674 0.14801618
 0.15253685 0.05857675 0.01853667]
[0.03630544 0.09834011 0.05938323 0.06425658 0.03697902 0.06708708
 0.0451941  0.04044628 0.05938323 0.04424155 0.05938323 0.13943748
 0.16882339 0.05938324 0.02135604]
[0.04662934 0.10252479 0.05842417 0.08093971 0.04602093 0.06194522
 0.03136345 0.03908943 0.05842418 0.05288397 0.05842418 0.12985194
 0.14746794 0.05842418 0.02758662]
[0.04062439 0.11274886 0.05928363 0.07407891 0.02767463 0.07634
 0.03156641 0.03135201 0.05928363 0.05922144 0.05928363 0.18704373
 0.10788204 0.05928364 0.01433307]
[0.03647372 0.09334418 0.06435326 0.06963684 0.03227054 0.07745034
 0.03038933 0.02784732 0.06435326 0.05718434 0.06435326 0.15231383
 0.14778157 0.06435326 0.01789495]
[0.03818472 0.11967685 0.05826038 0.07687192 0.03580946 0.05916888
 0.02877498 0.03147244 0.05826037 0.05229095 0.05826037 0.13735203
 0.16420841 0.05826038 0.02314781]
[0.04972361 0.08307347 0.07026142 0.05864369 0.04197147 0.05956843
 0.03915959 0.04194176 0.07026142 0.05504926 0.07026142 0.10662445
 0.15822957 0.07026143 0.02496896]
[0.03630544 0.09834011 0.05938323 0.06425658 0.03697902 0.06708708
 0.0451941  0.04044628 0.05938323 0.04424155 0.05938323 0.13943748
 0.16882339 0.05938324 0.02135604]
[0.03266414 0.10559679 0.0629003  0.06839476 0.03060827 0.06757741
 0.03133419 0.0322108  0.0629003  0.04664493 0.0629003  0.16177607
 0.15307808 0.06290031 0.01851336]
[0.03630544 0.09834011 0.05938323 0.06425658 0.03697902 0.06708708
 0.0451941  0.04044628 0.05938323 0.04424155 0.05938323 0.13943748
 0.16882339 0.05938324 0.02135604]
[0.04928074 0.10966036 0.06930514 0.08414958 0.0400458  0.07131745
 0.03879359 0.03603297 0.06930512 0.05178015 0.06930512 0.1131326
 0.10418114 0.06930514 0.02440513]
[0.03809055 0.09917833 0.05896683 0.08472386 0.03221887 0.0733804
 0.03069871 0.02515503 0.05896683 0.03966245 0.05896683 0.14550161
 0.17568693 0.05896685 0.01983601]
[0.03630544 0.09834011 0.05938322 0.06425658 0.03697902 0.06708707
 0.0451941  0.04044627 0.05938322 0.04424155 0.05938322 0.13943748
 0.16882339 0.05938323 0.02135604]
[0.03185946 0.11022494 0.05857148 0.08770709 0.0292463  0.074623
 0.03832936 0.02944233 0.05857148 0.0712674  0.05857148 0.13791859
 0.1365025  0.0585715  0.01859311]]