168498
Test: public void test3() throws Throwable { BeanProcessor beanProcessor0 = new BeanProcessor(); Integer integer0 = new Integer((-3190)); Class<String> class0 = String.class; PropertyDescriptor propertyDescriptor0 = new PropertyDescriptor("XwO)f,\"k\rj} ", class0, (String) null, (String) null); LongColumnHandler longColumnHandler0 = new LongColumnHandler(); Method method0 = beanProcessor0.getWriteMethod(integer0, propertyDescriptor0, longColumnHandler0); }
Code: protected Method getWriteMethod(Object target, PropertyDescriptor prop, Object value) { Method method = prop.getWriteMethod(); return method; }
[[0.06348571 0.11453736 0.06437945 0.04999528 0.06437945 0.06437945
 0.03048972 0.0433725  0.11647638 0.11453736 0.04382081 0.03715001
 0.06437945 0.06264703 0.04375896 0.02221107]
[0.07373938 0.09930272 0.06662615 0.05617195 0.06662615 0.06662615
 0.03525702 0.05137962 0.10390337 0.09930272 0.04745577 0.03737111
 0.06662615 0.05984078 0.04692329 0.02284768]
[0.07058547 0.11309064 0.06457865 0.05667308 0.06457865 0.06457865
 0.03564545 0.04990814 0.08688566 0.11309064 0.04424354 0.04876553
 0.06457865 0.05040432 0.04443184 0.02796109]
[0.05568596 0.09429011 0.06372225 0.04883423 0.06372225 0.06372225
 0.03946726 0.04941722 0.12546836 0.09429011 0.05075532 0.03546143
 0.06372225 0.07726444 0.05226797 0.02190859]
[0.07058547 0.11309064 0.06457865 0.05667308 0.06457865 0.06457865
 0.03564545 0.04990814 0.08688566 0.11309064 0.04424354 0.04876553
 0.06457865 0.05040432 0.04443184 0.02796109]
[0.07058547 0.11309064 0.06457865 0.05667308 0.06457865 0.06457865
 0.03564545 0.04990814 0.08688566 0.11309064 0.04424354 0.04876553
 0.06457865 0.05040432 0.04443184 0.02796109]
[0.07467443 0.10343865 0.05961467 0.05508802 0.05961467 0.05961467
 0.03365566 0.04043088 0.13185534 0.10343865 0.0536247  0.03831678
 0.05961467 0.06141216 0.04249693 0.02310913]
[0.06959447 0.10225615 0.067247   0.0480665  0.067247   0.067247
 0.03457892 0.04730322 0.11653192 0.10225615 0.04200239 0.0355836
 0.067247   0.06926934 0.03743899 0.02613033]
[0.08778866 0.06949753 0.06648872 0.053964   0.06648872 0.06648872
 0.03432662 0.05191186 0.11286745 0.06949753 0.0586818  0.04889396
 0.06648872 0.06368639 0.04635646 0.03657278]
[0.07373938 0.09930272 0.06662615 0.05617195 0.06662615 0.06662615
 0.03525702 0.05137962 0.10390337 0.09930272 0.04745577 0.03737111
 0.06662615 0.05984078 0.04692329 0.02284768]
[0.06243046 0.11624545 0.06150819 0.05466809 0.06150819 0.06150819
 0.042461   0.04539738 0.10818764 0.11624545 0.04574142 0.03542301
 0.06150819 0.06001818 0.04591055 0.02123855]
[0.07740048 0.07561021 0.0786586  0.04558747 0.0786586  0.0786586
 0.03829203 0.05613004 0.07208628 0.07561021 0.05476886 0.04886965
 0.0786586  0.06295944 0.04851938 0.02953157]
[0.07058547 0.11309064 0.06457865 0.05667308 0.06457865 0.06457865
 0.03564545 0.04990814 0.08688566 0.11309064 0.04424354 0.04876553
 0.06457865 0.05040432 0.04443184 0.02796109]
[0.07544009 0.10751393 0.06740609 0.05811889 0.06740609 0.06740609
 0.03629823 0.04397341 0.09107554 0.10751393 0.04891092 0.03813171
 0.06740609 0.05220074 0.04709584 0.02410248]
[0.06081776 0.09596397 0.06328376 0.04853437 0.06328376 0.06328376
 0.04268136 0.05989356 0.11850917 0.09596397 0.04533662 0.0417625
 0.06328376 0.06722757 0.0479639  0.02221025]
[0.063344   0.09071691 0.0610639  0.04733576 0.0610639  0.0610639
 0.04047775 0.03814577 0.12696412 0.09071691 0.06383353 0.03621474
 0.0610639  0.08839814 0.04395084 0.02564593]]