76873
Test: public void test50() throws Throwable { IF_ICMPGT iF_ICMPGT0 = new IF_ICMPGT(); boolean boolean0 = iF_ICMPGT0.containsTarget((InstructionHandle) null); }
Code: public boolean containsTarget( final InstructionHandle ih ) { return target == ih; }
[[0.06034561 0.15465671 0.08371099 0.04788275 0.08371099 0.09191517
 0.10208311 0.07625987 0.06589347 0.02865537 0.09638336 0.083711
 0.02479164]
[0.04236522 0.23793082 0.08256996 0.03828475 0.08256996 0.07041563
 0.0969836  0.09477917 0.06632625 0.02219144 0.06478733 0.08256996
 0.01822586]
[0.04925077 0.18729334 0.08254037 0.04695649 0.08254037 0.06953146
 0.11321446 0.07620512 0.0597273  0.0304547  0.09371215 0.08254037
 0.02603314]
[0.05408694 0.16949782 0.08684179 0.03553204 0.08684179 0.08657556
 0.10665471 0.08630105 0.07850942 0.02415717 0.08086728 0.08684178
 0.01729263]
[0.04925077 0.18729334 0.08254037 0.04695649 0.08254037 0.06953146
 0.11321446 0.07620512 0.0597273  0.0304547  0.09371215 0.08254037
 0.02603314]
[0.05384061 0.19752893 0.07080176 0.05560058 0.07080176 0.08931803
 0.09561112 0.10001445 0.06207154 0.03344235 0.07897814 0.07080174
 0.02118903]
[0.05429207 0.1907624  0.07548499 0.05206612 0.07548499 0.08142152
 0.08754192 0.10860467 0.06341588 0.02850859 0.07936276 0.07548501
 0.02756902]
[0.06223758 0.14200142 0.08333409 0.06094887 0.08333409 0.08138411
 0.10009952 0.09602923 0.07215445 0.03311431 0.06752487 0.0833341
 0.03450336]
[0.04060864 0.22345166 0.08263865 0.03685338 0.08263865 0.09159411
 0.09725065 0.07594195 0.0595493  0.02517013 0.08067738 0.08263865
 0.02098685]
[0.05650502 0.19771576 0.0791739  0.0378582  0.0791739  0.07801033
 0.10642892 0.0769154  0.07120559 0.02645868 0.08484218 0.07917389
 0.02653832]
[0.03494323 0.28774273 0.05629709 0.0327318  0.05629709 0.0903344
 0.10476761 0.09245923 0.05767424 0.02556429 0.08605503 0.05629709
 0.01883615]
[0.04925077 0.18729334 0.08254037 0.04695649 0.08254037 0.06953146
 0.11321446 0.07620512 0.0597273  0.0304547  0.09371215 0.08254037
 0.02603314]
[0.04344749 0.15561587 0.08248469 0.03871801 0.08248469 0.07860628
 0.10977239 0.1045379  0.09283269 0.03148961 0.07468647 0.08248469
 0.02283918]]