79549
Test: public void test69() throws Throwable { ConstantPoolGen constantPoolGen0 = new ConstantPoolGen(); Type type0 = Type.UNKNOWN; boolean boolean0 = type0.equals(constantPoolGen0); }
Code: public boolean equals(final Object o) { if (o instanceof Type) { final Type t = (Type)o; return (type == t.type) && signature.equals(t.signature); } return false; }
[[0.03118894 0.07487164 0.09469256 0.02413525 0.04852626 0.04450014
 0.08436513 0.00802013 0.01475159 0.04326993 0.04450014 0.02541834
 0.03335859 0.05702972 0.01981073 0.04326993 0.03468445 0.01194748
 0.04836368 0.04326993 0.02038891 0.04326993 0.01392609 0.03468445
 0.04382994 0.01392608]
[0.02220264 0.1154252  0.1179298  0.01690585 0.04740799 0.05551507
 0.08233898 0.0055756  0.01219125 0.04250383 0.05551507 0.02118078
 0.0178197  0.05151863 0.01736287 0.04250383 0.03659906 0.00493211
 0.03370064 0.04250383 0.01511908 0.04250383 0.01038975 0.03659906
 0.04336578 0.01038975]
[0.02920826 0.10131138 0.11639139 0.0185591  0.04665009 0.05338617
 0.09587598 0.00892845 0.01547387 0.04219211 0.05338617 0.02288287
 0.016791   0.04806129 0.01861231 0.04219211 0.0331046  0.00699301
 0.0346018  0.04219211 0.01764708 0.04219211 0.01252676 0.0331046
 0.03520862 0.01252676]
[0.02796064 0.1003952  0.11741323 0.01929639 0.03662021 0.06203839
 0.08434158 0.00882783 0.01662008 0.03552948 0.06203839 0.02032986
 0.01951353 0.05446806 0.02026471 0.03552948 0.03417685 0.0070017
 0.04476914 0.03552948 0.01860103 0.03552948 0.01132519 0.03417685
 0.04637808 0.01132519]
[0.02741479 0.09210862 0.10283535 0.02058199 0.05245898 0.05332692
 0.06902845 0.01082053 0.01819526 0.03991421 0.05332692 0.02617109
 0.02329678 0.04345653 0.02314303 0.03991421 0.03879409 0.00996095
 0.03840376 0.03991421 0.02195859 0.03991421 0.01600586 0.03879409
 0.04425472 0.01600586]
[0.03356929 0.07238262 0.06840632 0.0199915  0.04302023 0.05529501
 0.05764222 0.01282985 0.02494642 0.04338743 0.05529501 0.03301315
 0.0281292  0.04931387 0.02800651 0.04338743 0.03846088 0.01430576
 0.03561446 0.04338743 0.02950951 0.04338743 0.01928577 0.03846088
 0.04968601 0.01928577]
[0.0196044  0.11171111 0.14677702 0.01482365 0.04574117 0.04704244
 0.11271568 0.00408961 0.01392921 0.04260165 0.04704244 0.01627212
 0.01096751 0.06498159 0.01584277 0.04260165 0.02618599 0.00401144
 0.03803974 0.04260165 0.01062718 0.04260165 0.00697396 0.02618599
 0.03905443 0.00697396]
[0.0203731  0.12285475 0.09277361 0.02283982 0.04291006 0.04602187
 0.10187315 0.00815711 0.01203984 0.03684392 0.04602187 0.02220782
 0.01682655 0.06235646 0.01713242 0.03684392 0.03736578 0.00612918
 0.04604866 0.03684392 0.02110082 0.03684392 0.01153194 0.03736578
 0.04716175 0.01153194]
[0.02573153 0.09801541 0.09026824 0.02264432 0.05989029 0.04709239
 0.0852467  0.00844111 0.01609102 0.04138353 0.04709239 0.0235948
 0.02154263 0.05417133 0.02004335 0.04138353 0.03255545 0.00982199
 0.05323197 0.04138353 0.01537416 0.04138353 0.01369242 0.03255545
 0.0436765  0.01369242]
[0.02708602 0.10040136 0.08103326 0.02134451 0.04582333 0.04410112
 0.06692299 0.00939863 0.02330511 0.04499766 0.04410112 0.02646545
 0.0220344  0.04665492 0.02935815 0.04499766 0.03290554 0.01185502
 0.05112502 0.04499766 0.01973052 0.04499766 0.0149044  0.03290554
 0.05364855 0.0149044 ]
[0.03356929 0.07238262 0.06840632 0.0199915  0.04302023 0.05529501
 0.05764222 0.01282985 0.02494642 0.04338743 0.05529501 0.03301315
 0.0281292  0.04931387 0.02800651 0.04338743 0.03846088 0.01430576
 0.03561446 0.04338743 0.02950951 0.04338743 0.01928577 0.03846088
 0.04968601 0.01928577]
[0.0284684  0.08195606 0.10101542 0.02069647 0.04928664 0.0489762
 0.09454826 0.0079708  0.01639455 0.04342886 0.0489762  0.01908067
 0.01470989 0.05969421 0.02202808 0.04342886 0.0414203  0.00796419
 0.04198541 0.04342886 0.02174024 0.04342886 0.00961777 0.0414203
 0.03871673 0.00961777]
[0.02762849 0.11372386 0.11887138 0.02272709 0.0432142  0.04166001
 0.08255173 0.00826726 0.01480091 0.03952546 0.04166001 0.02466902
 0.0237079  0.05406287 0.0172579  0.03952546 0.03818378 0.00805609
 0.04297971 0.03952546 0.01345365 0.03952546 0.01134143 0.03818378
 0.04355561 0.01134143]
[0.02359142 0.10672796 0.09524074 0.01885334 0.04755134 0.06386329
 0.10184589 0.00789237 0.01312514 0.04187801 0.06386329 0.02070095
 0.02181399 0.04757053 0.01464899 0.04187801 0.03384273 0.00837921
 0.03222708 0.04187801 0.01404966 0.04187801 0.00985294 0.03384273
 0.0431515  0.00985294]
[0.03480776 0.07074827 0.05891412 0.02296049 0.04951602 0.04019031
 0.07722163 0.01370721 0.02031148 0.04920894 0.04019031 0.02935102
 0.02383368 0.05370642 0.02911219 0.04920894 0.03837235 0.01225232
 0.03905857 0.04920894 0.02978793 0.04920894 0.01727112 0.03837235
 0.0462075  0.01727112]
[0.02708602 0.10040136 0.08103326 0.02134451 0.04582333 0.04410112
 0.06692299 0.00939863 0.02330511 0.04499766 0.04410112 0.02646545
 0.0220344  0.04665492 0.02935815 0.04499766 0.03290554 0.01185502
 0.05112502 0.04499766 0.01973052 0.04499766 0.0149044  0.03290554
 0.05364855 0.0149044 ]
[0.02198246 0.10958356 0.11108211 0.02076074 0.05015177 0.04456246
 0.08963972 0.00887906 0.01634452 0.04304726 0.04456246 0.0204054
 0.01903826 0.04772526 0.02158796 0.04304726 0.03164293 0.00800518
 0.04147952 0.04304726 0.01562375 0.04304726 0.01213181 0.03164293
 0.04884733 0.01213181]
[0.02284281 0.10243127 0.1103228  0.02136588 0.04282103 0.0483418
 0.08386545 0.00637068 0.01269327 0.04519243 0.0483418  0.02602142
 0.01461562 0.05813346 0.01799163 0.04519243 0.03473243 0.00680236
 0.04945277 0.04519243 0.01851852 0.04519243 0.00810577 0.03473243
 0.0426213  0.00810577]
[0.01889054 0.14302303 0.12125669 0.0209827  0.04105995 0.05453716
 0.10349434 0.00761985 0.01492484 0.02900743 0.05453716 0.01839022
 0.01789633 0.05850093 0.01996689 0.02900743 0.03148566 0.00597757
 0.04567368 0.02900743 0.01585738 0.02900743 0.01090361 0.03148566
 0.03660251 0.01090361]
[0.02708602 0.10040136 0.08103326 0.02134451 0.04582333 0.04410112
 0.06692299 0.00939863 0.02330511 0.04499766 0.04410112 0.02646545
 0.0220344  0.04665492 0.02935815 0.04499766 0.03290554 0.01185502
 0.05112502 0.04499766 0.01973052 0.04499766 0.0149044  0.03290554
 0.05364855 0.0149044 ]
[0.02402719 0.11641135 0.09918151 0.02176557 0.04447429 0.04949737
 0.07458995 0.00654191 0.01727031 0.0439716  0.04949737 0.02025946
 0.02135428 0.05121601 0.02050386 0.0439716  0.03073958 0.00812701
 0.04121049 0.0439716  0.01650251 0.0439716  0.01575417 0.03073958
 0.04869558 0.01575416]
[0.02708602 0.10040136 0.08103326 0.02134451 0.04582333 0.04410112
 0.06692299 0.00939863 0.02330511 0.04499766 0.04410112 0.02646545
 0.0220344  0.04665492 0.02935815 0.04499766 0.03290554 0.01185502
 0.05112502 0.04499766 0.01973052 0.04499766 0.0149044  0.03290554
 0.05364855 0.0149044 ]
[0.02217283 0.07607672 0.08077728 0.02279867 0.05030243 0.05886807
 0.08598375 0.0108249  0.01528221 0.0411394  0.05886807 0.02018613
 0.01945422 0.05685395 0.02025465 0.0411394  0.04897114 0.00631077
 0.0385846  0.0411394  0.01920871 0.0411394  0.01257724 0.04897114
 0.04953775 0.01257724]
[0.02198246 0.10958356 0.11108211 0.02076074 0.05015177 0.04456246
 0.08963972 0.00887906 0.01634452 0.04304726 0.04456246 0.0204054
 0.01903826 0.04772526 0.02158796 0.04304726 0.03164293 0.00800518
 0.04147952 0.04304726 0.01562375 0.04304726 0.01213181 0.03164293
 0.04884733 0.01213181]
[0.03033192 0.07776236 0.08835132 0.02441204 0.04918127 0.04379226
 0.06343202 0.0112024  0.01974233 0.04325473 0.04379226 0.0229014
 0.02618441 0.05606921 0.0271946  0.04325473 0.03593923 0.01483131
 0.04072262 0.04325473 0.02510547 0.04325473 0.01756876 0.03593923
 0.05495595 0.01756876]
[0.02217283 0.07607674 0.08077727 0.02279868 0.05030243 0.05886808
 0.08598375 0.0108249  0.01528222 0.04113939 0.05886808 0.02018612
 0.01945421 0.05685394 0.02025465 0.04113939 0.04897113 0.00631077
 0.0385846  0.04113939 0.0192087  0.04113939 0.01257725 0.04897113
 0.04953775 0.01257725]]