10692
Test: public void test123() throws Throwable { Class<String> class0 = String.class; boolean boolean0 = ClassUtils.isAssignable((Class<?>) null, class0, true); }
Code: public static boolean isAssignable(final Class<?>[] classArray, final Class<?>... toClassArray) { return isAssignable(classArray, toClassArray, true); }
[[0.04591785 0.13930535 0.11333209 0.06370109 0.05283739 0.06370109
 0.03701095 0.0369761  0.06370109 0.06239733 0.05067903 0.06370109
 0.06370109 0.123218   0.01982047]
[0.04675232 0.12977321 0.13785301 0.06236365 0.05036619 0.06236365
 0.03520175 0.02396449 0.06236365 0.08900184 0.04469492 0.06236365
 0.06236366 0.10682592 0.02374806]
[0.03193745 0.12271891 0.16426635 0.0609931  0.04597913 0.0609931
 0.03068047 0.01906165 0.0609931  0.08097002 0.05299669 0.0609931
 0.06099311 0.13131885 0.01510495]
[0.03768222 0.13494089 0.1372049  0.06222425 0.06190485 0.06222425
 0.03742836 0.03028824 0.06222425 0.06343656 0.04583333 0.06222425
 0.06222425 0.11886626 0.02129321]
[0.04060645 0.14223513 0.14397624 0.05872824 0.05829912 0.05872824
 0.03364885 0.02441081 0.05872823 0.07553633 0.04698002 0.05872823
 0.05872824 0.12522626 0.01543957]
[0.03768222 0.13494089 0.1372049  0.06222425 0.06190485 0.06222425
 0.03742836 0.03028824 0.06222425 0.06343656 0.04583333 0.06222425
 0.06222425 0.11886626 0.02129321]
[0.04338198 0.1301881  0.11696074 0.06368905 0.04762528 0.06368905
 0.02948988 0.02732167 0.06368905 0.07851346 0.06322514 0.06368905
 0.06368905 0.1296288  0.01521973]
[0.03911988 0.1359931  0.12061648 0.06332112 0.05317847 0.06332112
 0.03949913 0.03216534 0.06332112 0.07202762 0.05601202 0.06332112
 0.06332113 0.11839685 0.01638547]
[0.03768222 0.13494089 0.1372049  0.06222425 0.06190485 0.06222425
 0.03742836 0.03028824 0.06222425 0.06343656 0.04583333 0.06222425
 0.06222425 0.11886626 0.02129321]
[0.04944359 0.1191157  0.10456171 0.06314466 0.06025786 0.06314466
 0.04869211 0.02852251 0.06314467 0.08314676 0.05642567 0.06314467
 0.06314468 0.10537617 0.02873457]
[0.03062397 0.14525382 0.15276569 0.05998492 0.04746587 0.05998492
 0.02842278 0.02518248 0.05998493 0.06204881 0.04408746 0.05998493
 0.05998494 0.14733058 0.01689389]
[0.03768222 0.13494089 0.1372049  0.06222425 0.06190485 0.06222425
 0.03742836 0.03028824 0.06222425 0.06343656 0.04583333 0.06222425
 0.06222425 0.11886626 0.02129321]
[0.03768222 0.13494088 0.13720489 0.06222424 0.06190484 0.06222424
 0.03742835 0.03028824 0.06222424 0.06343657 0.04583333 0.06222424
 0.06222425 0.11886626 0.02129321]
[0.04320646 0.11970833 0.11164351 0.0674241  0.06319156 0.0674241
 0.04263911 0.0322955  0.0674241  0.06911968 0.04597671 0.0674241
 0.0674241  0.11528604 0.01981262]
[0.03232429 0.1433399  0.10887045 0.05939163 0.05538822 0.05939163
 0.02968837 0.02481939 0.05939163 0.08918545 0.07236463 0.05939163
 0.05939164 0.12816359 0.01889757]]