10748
Test: public void test6() throws Throwable { int int0 = BooleanUtils.toInteger((Boolean) true, 2101, 101, 0); }
Code: public static int toInteger(final boolean bool) { return bool ? 1 : 0; }
[[0.03418175 0.13553636 0.0178364  0.04743719 0.06623725 0.35030493
 0.06466783 0.03997611 0.05901682 0.04320578 0.02623603 0.03955501
 0.05706781 0.01874069]
[0.03575038 0.11820146 0.01621759 0.04532506 0.08805924 0.30202523
 0.0903515  0.03570468 0.07271917 0.04525914 0.02475287 0.04069368
 0.06217526 0.02276467]
[0.02176543 0.17448081 0.01270044 0.048358   0.06214637 0.35435346
 0.06671094 0.0372438  0.05592554 0.04677022 0.02523976 0.02880711
 0.05289746 0.01260063]
[0.02937643 0.12311478 0.01714114 0.04539481 0.0865126  0.33688557
 0.06667089 0.03618525 0.0652568  0.05084567 0.03127112 0.03158887
 0.05854268 0.02121333]
[0.02228188 0.12000859 0.01031292 0.03841759 0.06476961 0.41683435
 0.0879081  0.04686169 0.05747445 0.03184685 0.01927586 0.02244152
 0.04652278 0.01504377]
[0.03153217 0.1245281  0.01257798 0.04162595 0.07915512 0.3756789
 0.06042776 0.0413425  0.0699824  0.03896522 0.02026529 0.02901328
 0.05960695 0.01529846]
[0.04403798 0.11677    0.01935033 0.04988591 0.07599084 0.27741778
 0.08830561 0.04839461 0.07257298 0.04666532 0.03513231 0.03831127
 0.05882115 0.02834393]
[0.02252308 0.1347879  0.00970764 0.03532697 0.05308042 0.46146092
 0.06362738 0.02933756 0.05305025 0.03262185 0.01374945 0.02519575
 0.04908807 0.01644271]
[0.01871346 0.1412987  0.00900487 0.02520702 0.06259164 0.4423523
 0.07544442 0.03811818 0.04968991 0.02764157 0.01663186 0.0273072
 0.05136753 0.01463138]
[0.02251676 0.10346551 0.0086342  0.03174543 0.05694048 0.45700988
 0.09724718 0.03568745 0.04536176 0.02883043 0.01230768 0.03586207
 0.04734324 0.01704796]
[0.02651042 0.13451391 0.01241806 0.03073335 0.06374922 0.42158982
 0.0741938  0.03557029 0.05852574 0.03854039 0.02205603 0.02736557
 0.03819323 0.01604014]
[0.0366925  0.12184732 0.01949289 0.04169399 0.07139317 0.31983715
 0.0726794  0.04570827 0.07338668 0.05893212 0.03398585 0.02916993
 0.05205505 0.02312572]
[0.03359054 0.12281726 0.01662065 0.04163378 0.09264614 0.31640422
 0.07231135 0.04068519 0.07779062 0.04083697 0.02939038 0.03709628
 0.06014649 0.01803008]
[0.02430566 0.13627623 0.01711292 0.0404118  0.0670208  0.32733366
 0.09158728 0.06150286 0.04856242 0.04744509 0.02980847 0.03010138
 0.06022604 0.01830542]]