168159
Test: public void test2() throws Throwable { NotFileFilter notFileFilter0 = null;  notFileFilter0 = new NotFileFilter((FileFilter) null);   }
Code: public NotFileFilter(final FileFilter filter) { if (filter == null) { throw new IllegalArgumentException("The filter must not be null"); } this.filter = filter; }
[[0.0371171  0.05149002 0.05149002 0.05149002 0.04842612 0.09993891
 0.05149002 0.05884925 0.02006822 0.04842612 0.03750674 0.01879379
 0.02767354 0.03040906 0.08901072 0.03365464 0.0316047  0.05513126
 0.01558141 0.05149002 0.02328689 0.05149003 0.01558141]
[0.03187558 0.05317907 0.05317907 0.05317907 0.05065784 0.07844362
 0.05317907 0.06039937 0.0227453  0.05065784 0.03766046 0.02424183
 0.02414098 0.02388976 0.10029628 0.02609597 0.0408739  0.04024727
 0.01720721 0.05317907 0.03428514 0.05317907 0.01720721]
[0.03187558 0.05317907 0.05317907 0.05317907 0.05065784 0.07844362
 0.05317907 0.06039937 0.0227453  0.05065784 0.03766046 0.02424183
 0.02414098 0.02388976 0.10029628 0.02609597 0.0408739  0.04024727
 0.01720721 0.05317907 0.03428514 0.05317907 0.01720721]
[0.03187558 0.05317907 0.05317907 0.05317907 0.05065784 0.07844362
 0.05317907 0.06039937 0.0227453  0.05065784 0.03766046 0.02424183
 0.02414098 0.02388976 0.10029628 0.02609597 0.0408739  0.04024727
 0.01720721 0.05317907 0.03428514 0.05317907 0.01720721]
[0.03920227 0.05172917 0.05172917 0.05172917 0.06219408 0.06762767
 0.05172917 0.04213912 0.0255159  0.06219408 0.03578916 0.02199375
 0.02373979 0.02445765 0.08053441 0.0358137  0.04070401 0.05099585
 0.02206257 0.05172918 0.03259832 0.05172919 0.02206257]
[0.02517049 0.05713798 0.05713798 0.05713798 0.05514889 0.1427561
 0.05713798 0.05076559 0.00958691 0.05514889 0.0246129  0.00982941
 0.01910111 0.01206792 0.11804716 0.02259896 0.03493733 0.04079329
 0.00835891 0.057138   0.0198894  0.057138   0.0083589 ]
[0.03187558 0.05317907 0.05317907 0.05317907 0.05065784 0.07844362
 0.05317907 0.06039937 0.0227453  0.05065784 0.03766046 0.02424183
 0.02414098 0.02388976 0.10029628 0.02609597 0.0408739  0.04024727
 0.01720721 0.05317907 0.03428514 0.05317907 0.01720721]
[0.02516058 0.0410988  0.0410988  0.0410988  0.06477975 0.13867834
 0.0410988  0.06229757 0.0163491  0.06477975 0.03083084 0.01671131
 0.02453569 0.0155389  0.14045018 0.02278007 0.03779    0.04009351
 0.01327873 0.0410988  0.0260742  0.0410988  0.01327874]
[0.02928894 0.05321183 0.05321183 0.05321183 0.06562189 0.13304193
 0.05321183 0.05497007 0.01817923 0.06562189 0.02751298 0.01196455
 0.02509707 0.02289423 0.08606862 0.02785111 0.03166841 0.0417124
 0.01014925 0.05321183 0.01893719 0.05321184 0.01014925]
[0.03920227 0.05172917 0.05172917 0.05172917 0.06219408 0.06762767
 0.05172917 0.04213912 0.0255159  0.06219408 0.03578916 0.02199375
 0.02373979 0.02445765 0.08053441 0.0358137  0.04070401 0.05099585
 0.02206257 0.05172918 0.03259832 0.05172919 0.02206257]
[0.02905257 0.04776753 0.04776753 0.04776753 0.07342728 0.10043848
 0.04776753 0.04384032 0.01696837 0.07342728 0.03455257 0.01578909
 0.01831636 0.01684247 0.13017522 0.02515322 0.0409082  0.04509244
 0.01220732 0.04776753 0.02499632 0.04776754 0.01220732]
[0.03151939 0.04860247 0.04860247 0.04860247 0.05645218 0.10747539
 0.04860247 0.05863682 0.01785494 0.05645218 0.03529416 0.02056184
 0.02607448 0.02243728 0.11086999 0.02371192 0.04102661 0.04187214
 0.01643707 0.04860248 0.0252717  0.04860249 0.01643707]
[0.0305109  0.05415031 0.05415031 0.05415031 0.05442199 0.08619844
 0.05415031 0.05816523 0.02112586 0.05442199 0.03394157 0.01787903
 0.02395431 0.02906716 0.10004249 0.02678031 0.03536618 0.04790778
 0.01634363 0.05415031 0.02262762 0.05415032 0.01634363]
[0.02952278 0.05060315 0.05060315 0.05060315 0.05549173 0.09267788
 0.05060315 0.06206054 0.01522939 0.05549173 0.03048933 0.01666531
 0.02311443 0.0172163  0.14317228 0.02245849 0.04068873 0.04126924
 0.01133863 0.05060315 0.02815571 0.05060316 0.01133862]
[0.02922929 0.04539019 0.04539019 0.04539019 0.06637719 0.11024769
 0.04539019 0.04830858 0.02042687 0.06637719 0.03876986 0.02215882
 0.02377921 0.02824616 0.09161942 0.02408835 0.05416205 0.04672974
 0.01516367 0.04539019 0.02681107 0.0453902  0.01516367]
[0.02837562 0.04885764 0.04885764 0.04885764 0.06102264 0.09598556
 0.04885764 0.05878819 0.02152667 0.06102264 0.03705247 0.01832947
 0.02474344 0.02580958 0.09491527 0.02690463 0.04236188 0.05608835
 0.01692239 0.04885764 0.02008293 0.04885765 0.01692239]
[0.030856   0.05554263 0.05554263 0.05554263 0.0476648  0.10394298
 0.05554263 0.05000785 0.01893302 0.0476648  0.0283002  0.01452832
 0.02485223 0.02035739 0.10030218 0.02719541 0.0416999  0.05444955
 0.01593566 0.05554263 0.02411822 0.05554264 0.01593566]
[0.03931052 0.04385152 0.04385152 0.04385152 0.05681082 0.11863294
 0.04385152 0.05709633 0.0194734  0.05681082 0.03796083 0.01898075
 0.0294015  0.02532774 0.09436131 0.0323671  0.03524385 0.06480102
 0.01372676 0.04385153 0.02285838 0.04385153 0.01372676]
[0.02709619 0.05098759 0.05098759 0.05098759 0.06781925 0.10417208
 0.05098759 0.04680167 0.01704458 0.06781925 0.03660776 0.01517685
 0.02635325 0.02516615 0.07321442 0.02860282 0.05190065 0.05263116
 0.0146819  0.05098759 0.02430456 0.05098761 0.0146819 ]
[0.03187558 0.05317907 0.05317907 0.05317907 0.05065784 0.07844362
 0.05317907 0.06039937 0.0227453  0.05065784 0.03766046 0.02424183
 0.02414098 0.02388976 0.10029628 0.02609597 0.0408739  0.04024727
 0.01720721 0.05317907 0.03428514 0.05317907 0.01720721]
[0.03968844 0.05616195 0.05616195 0.05616195 0.04393867 0.08767709
 0.05616195 0.04502362 0.02550356 0.04393867 0.03216502 0.01862695
 0.03243121 0.02821439 0.05574484 0.03774772 0.03940877 0.06179262
 0.01923787 0.05616195 0.03265097 0.05616196 0.01923787]
[0.03187558 0.05317907 0.05317907 0.05317907 0.05065784 0.07844362
 0.05317907 0.06039936 0.0227453  0.05065784 0.03766046 0.02424183
 0.02414098 0.02388976 0.10029625 0.02609597 0.0408739  0.04024726
 0.01720721 0.05317907 0.03428514 0.05317907 0.01720721]
[0.0270962  0.05098759 0.05098759 0.05098759 0.06781927 0.10417207
 0.05098759 0.04680167 0.01704458 0.06781927 0.03660777 0.01517685
 0.02635326 0.02516614 0.07321439 0.02860282 0.05190065 0.05263115
 0.0146819  0.05098759 0.02430457 0.05098761 0.0146819 ]]