36259
Test: public void test91() throws Throwable { Duration duration0 = Duration.standardDays((-1606L)); Duration duration1 = duration0.ZERO.abs(); }
Code: public Duration abs() { if (getMillis() < 0) { return negated(); } return this; }
[[0.05901892 0.09881781 0.08186577 0.06951646 0.1581478  0.08186577
 0.04621012 0.03089502 0.06951645 0.06381904 0.08186577 0.023138
 0.06381904 0.04836609 0.023138  ]
[0.05327503 0.07787453 0.08756095 0.07491747 0.17462873 0.08756095
 0.03666788 0.04638185 0.07491747 0.05296803 0.08756096 0.02523242
 0.05296803 0.0422533  0.02523242]
[0.05184261 0.11100106 0.08837505 0.07197263 0.1249532  0.08837505
 0.04392867 0.03572616 0.07197263 0.06265295 0.08837505 0.02519436
 0.06265297 0.04778324 0.02519436]
[0.05918089 0.08709348 0.08216181 0.08476473 0.10329308 0.08216181
 0.04618796 0.03816317 0.08476473 0.06946644 0.08216181 0.03154463
 0.06946645 0.0480444  0.03154463]
[0.04065474 0.0816576  0.10060067 0.07119571 0.22389466 0.10060067
 0.02381307 0.02856817 0.07119569 0.05265671 0.1006007  0.01147434
 0.05265672 0.02895617 0.01147434]
[0.05184261 0.11100106 0.08837505 0.07197263 0.1249532  0.08837505
 0.04392867 0.03572616 0.07197263 0.06265295 0.08837505 0.02519436
 0.06265297 0.04778324 0.02519436]
[0.04707443 0.08727811 0.07514856 0.07778195 0.14064077 0.07514856
 0.04324074 0.04031543 0.07778196 0.08065557 0.07514857 0.02505094
 0.08065559 0.04902794 0.02505094]
[0.04890922 0.07415739 0.08256976 0.07376981 0.16438952 0.08256976
 0.03707161 0.0311369  0.07376981 0.07620004 0.08256976 0.02630555
 0.07620004 0.04407527 0.02630554]
[0.05918089 0.08709348 0.08216181 0.08476473 0.10329308 0.08216181
 0.04618796 0.03816317 0.08476473 0.06946644 0.08216181 0.03154463
 0.06946645 0.0480444  0.03154463]
[0.04330288 0.07460119 0.09227397 0.07248093 0.18645248 0.09227397
 0.03539707 0.03043668 0.07248092 0.06495874 0.09227397 0.02048128
 0.06495875 0.03714592 0.02048128]
[0.05184261 0.11100106 0.08837505 0.07197263 0.1249532  0.08837505
 0.04392867 0.03572616 0.07197263 0.06265295 0.08837505 0.02519436
 0.06265297 0.04778324 0.02519436]
[0.04107663 0.08470144 0.08004288 0.08694056 0.1544384  0.08004288
 0.03462428 0.02711338 0.08694057 0.08432913 0.08004287 0.01960681
 0.08432914 0.03616427 0.01960681]
[0.04330288 0.07460119 0.09227398 0.07248092 0.18645248 0.09227398
 0.03539707 0.03043668 0.07248092 0.06495874 0.09227398 0.02048128
 0.06495875 0.03714592 0.02048128]
[0.05836283 0.08075082 0.08705427 0.08182945 0.14152786 0.08705427
 0.03649627 0.03342818 0.08182945 0.07153428 0.08705427 0.02332154
 0.07153428 0.03490068 0.02332154]
[0.04107662 0.08470145 0.08004287 0.08694056 0.15443838 0.08004287
 0.03462428 0.02711339 0.08694056 0.08432914 0.08004287 0.01960681
 0.08432914 0.03616427 0.01960681]]