13940
Test: public void test0() throws Throwable { Member member0 = mock(Member.class, new ViolatedAssumptionAnswer()); doReturn((-539)).when(member0).getModifiers(); doReturn(true).when(member0).isSynthetic(); boolean boolean0 = MemberUtils.isAccessible(member0); }
Code: static boolean isAccessible(final Member m) { return m != null && Modifier.isPublic(m.getModifiers()) && !m.isSynthetic(); }
[[0.1343418  0.14848198 0.06632692 0.06632692 0.07634251 0.0907049
 0.04703921 0.06221288 0.03351784 0.04605512 0.03579332 0.0663269
 0.03579333 0.06632692 0.0244094 ]
[0.13266502 0.19186065 0.0690987  0.0690987  0.06419616 0.08623258
 0.05803148 0.06574562 0.01762517 0.04286115 0.02404942 0.0690987
 0.02404942 0.06909871 0.01628859]
[0.14387736 0.14701292 0.06655736 0.06655736 0.07848079 0.06747354
 0.04897374 0.09573382 0.0272102  0.04354713 0.02939555 0.06655736
 0.02939555 0.06655736 0.02267002]
[0.14387736 0.14701292 0.06655736 0.06655736 0.07848079 0.06747354
 0.04897374 0.09573382 0.0272102  0.04354713 0.02939555 0.06655736
 0.02939555 0.06655736 0.02267002]
[0.14735965 0.17162323 0.05983347 0.05983347 0.0751032  0.08848709
 0.05060595 0.08053826 0.02403933 0.03758334 0.03341472 0.05983347
 0.03341472 0.05983348 0.01849652]
[0.12233263 0.11358501 0.06765961 0.06765961 0.06632051 0.08380306
 0.05956766 0.08469998 0.03680746 0.04217823 0.04529872 0.06765962
 0.04529872 0.06765962 0.02946963]
[0.15470232 0.17470646 0.06663954 0.06663954 0.06188742 0.06526612
 0.04852184 0.10087226 0.02059886 0.04217713 0.02341021 0.06663954
 0.0234102  0.06663956 0.01788911]
[0.15751623 0.16809161 0.06338774 0.06338774 0.06291509 0.06137497
 0.05830781 0.08996514 0.02779432 0.04293299 0.02928634 0.06338774
 0.02928634 0.06338775 0.01897817]
[0.20998046 0.16076654 0.06221401 0.06221401 0.07382729 0.07510028
 0.04827339 0.07396364 0.01452052 0.03824979 0.02133391 0.06221402
 0.02133391 0.06221402 0.01379423]
[0.12696156 0.1189557  0.06762482 0.06762482 0.07066476 0.10476061
 0.07207661 0.08519202 0.02490482 0.04087324 0.03456638 0.06762481
 0.03456638 0.06762482 0.01597865]
[0.13759664 0.1782284  0.06701288 0.06701288 0.06597598 0.07480365
 0.04675271 0.08633743 0.02464163 0.0436961  0.0250413  0.06701288
 0.02504129 0.06701289 0.02383329]
[0.14387736 0.14701292 0.06655736 0.06655736 0.07848079 0.06747354
 0.04897374 0.09573382 0.0272102  0.04354713 0.02939555 0.06655736
 0.02939555 0.06655736 0.02267002]
[0.13759665 0.17822838 0.06701288 0.06701288 0.06597599 0.07480367
 0.04675271 0.08633741 0.02464163 0.0436961  0.0250413  0.06701288
 0.0250413  0.06701288 0.02383329]
[0.14387734 0.14701292 0.06655735 0.06655735 0.0784808  0.06747354
 0.04897374 0.09573382 0.02721019 0.04354714 0.02939555 0.06655735
 0.02939555 0.06655736 0.02267002]
[0.14913525 0.12127188 0.06531271 0.06531271 0.08427115 0.09130102
 0.07689007 0.07059162 0.02573723 0.0396734  0.03014509 0.06531271
 0.03014509 0.06531274 0.01958726]]