37028
Test: public void test69() throws Throwable { // Undeclared exception!  MonthDay.fromCalendarFields((Calendar) null);   }
Code: public static MonthDay fromCalendarFields(Calendar calendar) { if (calendar == null) { throw new IllegalArgumentException("The calendar must not be null"); } return new MonthDay(calendar.get(Calendar.MONTH) + 1, calendar.get(Calendar.DAY_OF_MONTH)); }
[[0.02714535 0.07854313 0.04137971 0.04281009 0.08169437 0.03470706
 0.07301745 0.05125374 0.04324131 0.01477257 0.03470706 0.02747383
 0.01379368 0.01996198 0.02438642 0.06606068 0.02418396 0.02281513
 0.03990081 0.01124023 0.02969072 0.01379368 0.03765622 0.02196082
 0.07491358 0.03765623 0.01124023]
[0.0276442  0.07224812 0.04013718 0.03870913 0.09865501 0.0473536
 0.07511334 0.04475993 0.03537071 0.01450938 0.0473536  0.02372294
 0.01188847 0.01534586 0.02215708 0.05872021 0.02005785 0.02933144
 0.03974788 0.01295293 0.02606642 0.01188847 0.03743385 0.02135234
 0.07709329 0.03743385 0.01295293]
[0.02723728 0.06434032 0.04956631 0.0384506  0.11723854 0.0400131
 0.05982244 0.03899793 0.03918368 0.01395808 0.0400131  0.0277694
 0.01185492 0.01716226 0.02326479 0.07116262 0.02435074 0.0246986
 0.04267918 0.01066353 0.03150319 0.01185492 0.03226417 0.02548656
 0.07353604 0.03226417 0.01066353]
[0.02507873 0.07437728 0.03936804 0.0354984  0.09264041 0.04339579
 0.05628192 0.04335704 0.03823852 0.01467957 0.04339579 0.02685733
 0.0177839  0.01667443 0.02746883 0.05805134 0.01905971 0.0291123
 0.03812524 0.01128183 0.03265707 0.0177839  0.04088311 0.02629285
 0.0794917  0.04088311 0.01128183]
[0.01885709 0.08635359 0.04201562 0.03337001 0.14514504 0.03654937
 0.07105498 0.04594971 0.03009335 0.01108061 0.03654937 0.02367667
 0.01048739 0.01329317 0.0247281  0.07321859 0.0160189  0.02571136
 0.02954809 0.00960045 0.02712357 0.01048739 0.03280615 0.02211036
 0.0817645  0.03280615 0.00960045]
[0.02886942 0.06642753 0.0488592  0.03602098 0.07617297 0.0443811
 0.04998932 0.04484566 0.03135951 0.01906934 0.0443811  0.02629055
 0.01640244 0.01719428 0.0269515  0.06115255 0.02587543 0.02953268
 0.03702353 0.01597323 0.03349072 0.01640244 0.03872785 0.03003561
 0.07986993 0.03872786 0.01597323]
[0.01606558 0.09828163 0.04203585 0.02572525 0.15002233 0.03396961
 0.09065725 0.04473932 0.03285344 0.0061411  0.03396961 0.01555355
 0.00622351 0.01182443 0.01560121 0.07799526 0.01397692 0.02168577
 0.02543698 0.00519578 0.02117293 0.00622351 0.0370415  0.01322154
 0.11214889 0.03704151 0.00519578]
[0.01801843 0.08211613 0.04813619 0.04086234 0.10042086 0.04390098
 0.0784731  0.04360966 0.0329397  0.01342985 0.04390098 0.02223054
 0.01243909 0.01348806 0.02288961 0.06600772 0.01559458 0.02511084
 0.02849101 0.01103045 0.02722153 0.01243909 0.03287964 0.02682359
 0.09363598 0.03287964 0.01103045]
[0.01486218 0.08731505 0.03903813 0.03427933 0.15266728 0.03953131
 0.08178218 0.04303645 0.03656283 0.00963628 0.03953131 0.01840595
 0.00992522 0.01491647 0.02190732 0.08046226 0.01378541 0.02282729
 0.02418268 0.0080441  0.0245441  0.00992522 0.02387985 0.02000673
 0.09702116 0.02387985 0.0080441 ]
[0.02070811 0.08837087 0.04981672 0.05133056 0.10071346 0.04489135
 0.09448019 0.04159906 0.0392595  0.0130266  0.04489135 0.01931518
 0.00847886 0.017373   0.01853237 0.0628981  0.01923784 0.02201762
 0.02893285 0.00703372 0.02508772 0.00847886 0.03833343 0.01770565
 0.07211992 0.03833344 0.00703372]
[0.02886942 0.06642753 0.0488592  0.03602098 0.07617297 0.0443811
 0.04998932 0.04484566 0.03135951 0.01906934 0.0443811  0.02629055
 0.01640244 0.01719428 0.0269515  0.06115255 0.02587543 0.02953268
 0.03702353 0.01597323 0.03349072 0.01640244 0.03872785 0.03003561
 0.07986993 0.03872786 0.01597323]
[0.01943155 0.07599823 0.04677113 0.03230526 0.10572597 0.05031939
 0.06738104 0.04765454 0.02907171 0.01129231 0.05031939 0.02316811
 0.01051763 0.01244014 0.01901606 0.08521923 0.01709792 0.02780688
 0.03059588 0.00826764 0.03339981 0.01051763 0.03176607 0.0176881
 0.09619466 0.03176608 0.00826764]
[0.02257165 0.06768278 0.03992618 0.04598095 0.09919879 0.04087426
 0.0766968  0.03646563 0.04162202 0.01271147 0.04087426 0.02517714
 0.01467328 0.01883575 0.0251235  0.07825087 0.01709563 0.02954954
 0.03012233 0.01186912 0.03175585 0.01467328 0.03461714 0.02412561
 0.07303993 0.03461715 0.01186912]
[0.02296311 0.06569739 0.03684637 0.04073779 0.09186782 0.04242138
 0.06396746 0.04727815 0.04291047 0.01581582 0.04242138 0.02534975
 0.01346533 0.01845095 0.02278757 0.07245628 0.02065122 0.02706914
 0.03672301 0.0125943  0.02912793 0.01346533 0.04049125 0.02276743
 0.07858785 0.04049125 0.0125943 ]
[0.01905623 0.08759981 0.04278871 0.0314866  0.12455435 0.04125306
 0.06512292 0.04744798 0.03624645 0.00806269 0.04125306 0.01998416
 0.00864704 0.0148036  0.01715895 0.07479775 0.01724166 0.02546408
 0.0309539  0.00700327 0.0305807  0.00864704 0.03525726 0.01970543
 0.10262276 0.03525727 0.00700326]
[0.0201579  0.08068816 0.04001019 0.02909119 0.09845503 0.04446768
 0.07560971 0.04480142 0.0333056  0.01411715 0.04446768 0.02659307
 0.01519322 0.01609209 0.02486026 0.06418473 0.01623427 0.03657845
 0.03174455 0.01023268 0.03441842 0.01519322 0.03142218 0.02545103
 0.08497523 0.03142219 0.01023268]
[0.02006685 0.08126111 0.0471501  0.04186937 0.07846024 0.04145192
 0.06783576 0.04566384 0.041773   0.01539106 0.04145192 0.02598408
 0.01285606 0.01710634 0.02262675 0.06885878 0.0184205  0.02909825
 0.03880602 0.01170955 0.02994963 0.01285606 0.03491677 0.02475751
 0.08305226 0.03491678 0.01170955]
[0.0227392  0.07336073 0.03218453 0.03883125 0.11622437 0.03478671
 0.07650191 0.04399632 0.03684358 0.01394502 0.03478671 0.02080853
 0.01069085 0.01817526 0.02509247 0.07445042 0.01988262 0.03050443
 0.03986571 0.01165865 0.02525672 0.01069085 0.04102186 0.02162045
 0.07340032 0.04102186 0.01165865]
[0.02708068 0.08306808 0.03823315 0.03834684 0.10986674 0.0383856
 0.08148754 0.04310615 0.03931826 0.01343613 0.0383856  0.02600679
 0.01306073 0.01993739 0.01962227 0.06577235 0.0219204  0.02398329
 0.04393687 0.00935053 0.03072681 0.01306073 0.03034265 0.01836502
 0.0735062  0.03034265 0.00935053]
[0.01928952 0.07624175 0.04747354 0.04066653 0.09565949 0.04521981
 0.07348774 0.04445764 0.03305739 0.01223512 0.04521981 0.02541064
 0.01078789 0.01791582 0.02267082 0.05348198 0.01958207 0.03528501
 0.03625628 0.00994089 0.0408706  0.01078789 0.03682742 0.02089773
 0.07950829 0.03682743 0.00994089]
[0.0176037  0.08109961 0.05128805 0.03553601 0.13044699 0.03412502
 0.07279117 0.04094658 0.03420841 0.01040106 0.03412502 0.02026559
 0.01050464 0.01274754 0.02057783 0.08158395 0.01960757 0.02388296
 0.0299126  0.00936668 0.02560772 0.01050464 0.03523512 0.02427409
 0.08875558 0.03523513 0.00936668]
[0.02257165 0.06768278 0.03992618 0.04598095 0.09919879 0.04087426
 0.0766968  0.03646563 0.04162202 0.01271147 0.04087426 0.02517714
 0.01467328 0.01883575 0.0251235  0.07825087 0.01709563 0.02954954
 0.03012233 0.01186912 0.03175585 0.01467328 0.03461714 0.02412561
 0.07303993 0.03461715 0.01186912]
[0.02219242 0.07725175 0.04357678 0.03857483 0.10055992 0.03522702
 0.05460344 0.04296165 0.04205918 0.01583341 0.03522702 0.02621914
 0.016874   0.01679212 0.02604086 0.06989493 0.01815441 0.02843416
 0.0280115  0.01196876 0.02693662 0.016874   0.03703193 0.03040001
 0.08929946 0.03703194 0.01196876]
[0.02612731 0.07606485 0.05194356 0.03784141 0.10651457 0.0338091
 0.0682479  0.0433232  0.03407834 0.01416647 0.0338091  0.02372409
 0.01323102 0.01680604 0.02294779 0.06351056 0.02498563 0.02502847
 0.03846208 0.01185729 0.03025149 0.01323102 0.03699314 0.02150618
 0.08268892 0.03699315 0.01185729]
[0.02527569 0.07271153 0.04925339 0.04174005 0.11616968 0.04563791
 0.06612206 0.04253886 0.03532398 0.01409419 0.04563791 0.02329381
 0.01302196 0.01703484 0.02715331 0.05388792 0.01788817 0.0258659
 0.03386297 0.01072865 0.02456501 0.01302196 0.03952317 0.02435
 0.07104529 0.03952317 0.01072865]
[0.02219242 0.07725175 0.04357679 0.03857484 0.10055992 0.03522703
 0.05460344 0.04296166 0.04205918 0.01583341 0.03522703 0.02621914
 0.016874   0.01679212 0.02604086 0.0698949  0.01815441 0.02843416
 0.0280115  0.01196876 0.02693662 0.016874   0.03703194 0.03040001
 0.08929947 0.03703194 0.01196876]
[0.01928952 0.07624173 0.04747355 0.04066653 0.09565948 0.04521982
 0.07348773 0.04445765 0.03305739 0.01223512 0.04521982 0.02541064
 0.0107879  0.01791582 0.02267082 0.05348196 0.01958207 0.03528501
 0.03625628 0.00994089 0.0408706  0.0107879  0.03682742 0.02089773
 0.07950829 0.03682743 0.00994089]]