134828
Test: public void test14() throws Throwable { XmlDeclaration xmlDeclaration0 = null;  xmlDeclaration0 = new XmlDeclaration((String) null, false);   }
Code: public XmlDeclaration(String name, boolean isProcessingInstruction) { Validate.notNull(name); value = name; this.isProcessingInstruction = isProcessingInstruction; }
[[0.04095103 0.0568068  0.13469683 0.10513857 0.0568068  0.05156242
 0.0568068  0.1280655  0.02557317 0.18762273 0.0568068  0.02557317
 0.0568068  0.01678264]
[0.03453334 0.05821626 0.11208727 0.13356528 0.05821626 0.05154706
 0.05821626 0.12519689 0.03643385 0.16137281 0.05821626 0.03643385
 0.05821627 0.01774838]
[0.03941359 0.06362915 0.10277294 0.13611922 0.06362915 0.06461885
 0.06362915 0.11096276 0.02866346 0.1499327  0.06362916 0.02866346
 0.06362916 0.02070729]
[0.02402277 0.04683265 0.12853111 0.13506302 0.04683265 0.05365109
 0.04683265 0.15771626 0.01866733 0.21919632 0.04683265 0.01866733
 0.04683266 0.01032153]
[0.03453334 0.05821626 0.11208727 0.13356528 0.05821626 0.05154706
 0.05821626 0.12519689 0.03643385 0.16137281 0.05821626 0.03643385
 0.05821627 0.01774838]
[0.04922536 0.06444121 0.09564374 0.10834844 0.06444121 0.07924791
 0.06444121 0.10710675 0.04098511 0.1283256  0.06444121 0.04098511
 0.06444122 0.0279259 ]
[0.03453334 0.05821626 0.11208727 0.13356528 0.05821626 0.05154706
 0.05821626 0.12519689 0.03643385 0.16137281 0.05821626 0.03643385
 0.05821627 0.01774838]
[0.0282108  0.05025354 0.12399063 0.14854056 0.05025354 0.04850183
 0.05025354 0.14971103 0.02513307 0.18356453 0.05025353 0.02513307
 0.05025354 0.0159468 ]
[0.05125587 0.07255302 0.0962318  0.1087897  0.07255302 0.05595014
 0.07255302 0.09556887 0.0419385  0.12090828 0.07255302 0.0419385
 0.07255304 0.02465325]
[0.04254586 0.05816481 0.11411752 0.1268756  0.05816481 0.07040553
 0.05816481 0.11478131 0.02889914 0.16879474 0.05816481 0.02889914
 0.05816482 0.01385715]
[0.03453334 0.05821626 0.11208727 0.13356528 0.05821626 0.05154706
 0.05821626 0.12519689 0.03643385 0.16137281 0.05821626 0.03643385
 0.05821627 0.01774838]
[0.05125587 0.07255302 0.0962318  0.1087897  0.07255302 0.05595014
 0.07255302 0.09556887 0.0419385  0.12090828 0.07255302 0.0419385
 0.07255304 0.02465325]
[0.03453334 0.05821626 0.11208728 0.13356528 0.05821626 0.05154705
 0.05821626 0.1251969  0.03643384 0.16137277 0.05821626 0.03643384
 0.05821626 0.01774838]
[0.0292519  0.05706151 0.15782213 0.11010858 0.05706151 0.06156311
 0.05706151 0.1465365  0.02497258 0.14556092 0.05706151 0.02497258
 0.05706152 0.01390417]]