10709
Test: public void test140() throws Throwable { Class<Integer> class0 = Integer.class; List<Class<?>> list0 = ClassUtils.getAllInterfaces(class0); }
Code: public static List<Class<?>> getAllInterfaces(final Class<?> cls) { if (cls == null) { return null; } final LinkedHashSet<Class<?>> interfacesFound = new LinkedHashSet<>(); getAllInterfaces(cls, interfacesFound); return new ArrayList<>(interfacesFound); }
[[0.03062642 0.08853823 0.03797079 0.04248514 0.01557222 0.03606999
 0.03911369 0.08237658 0.03604776 0.04879909 0.01667295 0.03911369
 0.03349275 0.06472558 0.01267199 0.02435544 0.04248514 0.04248514
 0.01916083 0.0155656  0.04248514 0.04248514 0.04248514 0.03349275
 0.0155656  0.04248515 0.01267199]
[0.03084347 0.08195376 0.02892535 0.0415986  0.01275648 0.03628281
 0.054414   0.08379595 0.037672   0.03921862 0.01620298 0.054414
 0.02919137 0.0751124  0.01477838 0.02266557 0.0415986  0.0415986
 0.01996611 0.01332341 0.0415986  0.0415986  0.0415986  0.02919137
 0.01332341 0.0415986  0.01477838]
[0.02450974 0.09301043 0.031678   0.04013004 0.01136868 0.03187093
 0.04935231 0.07725172 0.03756031 0.04224179 0.0129059  0.04935231
 0.03838801 0.09047164 0.01054398 0.02072783 0.04013004 0.04013004
 0.02169687 0.01361364 0.04013004 0.04013004 0.04013004 0.03838801
 0.01361363 0.04013004 0.01054398]
[0.02519808 0.08608061 0.02951343 0.04233139 0.01346598 0.04457266
 0.03842807 0.06160269 0.03725861 0.04805146 0.01789083 0.03842807
 0.03054338 0.08710135 0.01316906 0.02386022 0.04233139 0.04233139
 0.02675846 0.01902245 0.04233139 0.04233139 0.04233139 0.03054338
 0.01902245 0.04233139 0.01316906]
[0.02375202 0.08808938 0.02962785 0.04027595 0.01181155 0.0446455
 0.04317861 0.0746827  0.03802789 0.0487731  0.01388863 0.04317861
 0.03964347 0.07436943 0.01273656 0.02296806 0.04027595 0.04027595
 0.02538665 0.01546411 0.04027595 0.04027595 0.04027595 0.03964347
 0.01546411 0.04027597 0.01273656]
[0.02732093 0.08252564 0.03774369 0.04263162 0.01062274 0.04283899
 0.0500818  0.07703162 0.03542583 0.03918609 0.01186313 0.0500818
 0.03535132 0.07820581 0.010551   0.02262718 0.04263162 0.04263162
 0.01635972 0.01392956 0.04263162 0.04263162 0.04263162 0.03535132
 0.01392956 0.04263163 0.010551  ]
[0.0317967  0.07509074 0.02478231 0.04150736 0.01556342 0.0428083
 0.05145379 0.05471969 0.03688826 0.03394628 0.02049772 0.05145379
 0.03655041 0.06806268 0.01808952 0.03123334 0.04150736 0.04150736
 0.02648594 0.01769285 0.04150736 0.04150736 0.04150736 0.03655041
 0.01769285 0.04150737 0.01808952]
[0.0195575  0.11354522 0.0321308  0.04636498 0.00924493 0.04566279
 0.03861642 0.1093393  0.03562506 0.04099803 0.00752494 0.03861642
 0.02560399 0.07704322 0.00601489 0.01428411 0.04636498 0.04636498
 0.01508996 0.0074643  0.04636498 0.04636498 0.04636498 0.02560399
 0.0074643  0.04636499 0.00601489]
[0.0235687  0.10878855 0.03397726 0.04188812 0.01117189 0.03064888
 0.04650411 0.10078713 0.03521234 0.04105262 0.01097574 0.04650411
 0.03087335 0.07400741 0.00835405 0.01962234 0.04188812 0.04188812
 0.02035919 0.012574   0.04188812 0.04188812 0.04188812 0.03087335
 0.012574   0.04188813 0.00835405]
[0.02010962 0.10854813 0.03718774 0.0342254  0.00864442 0.04788584
 0.0473817  0.11130436 0.03715194 0.05060992 0.01313996 0.0473817
 0.03279874 0.08080931 0.00991762 0.01794709 0.0342254  0.0342254
 0.02054914 0.01316931 0.0342254  0.0342254  0.0342254  0.03279874
 0.01316931 0.0342254  0.00991762]
[0.02330556 0.09860906 0.02671024 0.04342442 0.01107718 0.03877277
 0.04992362 0.10649627 0.0367724  0.04434057 0.01472948 0.04992362
 0.02821489 0.06988926 0.00785947 0.01930924 0.04342442 0.04342442
 0.01492083 0.00955015 0.04342442 0.04342442 0.04342442 0.02821489
 0.00955015 0.04342442 0.00785947]
[0.0317967  0.07509074 0.02478231 0.04150736 0.01556342 0.0428083
 0.05145379 0.05471969 0.03688826 0.03394628 0.02049772 0.05145379
 0.03655041 0.06806268 0.01808952 0.03123334 0.04150736 0.04150736
 0.02648594 0.01769285 0.04150736 0.04150736 0.04150736 0.03655041
 0.01769285 0.04150737 0.01808952]
[0.02125115 0.09349214 0.03037716 0.04392265 0.01526404 0.04001541
 0.03835688 0.08970486 0.03981169 0.04309922 0.01280345 0.03835688
 0.03140072 0.08051637 0.01067353 0.0191032  0.04392265 0.04392265
 0.02058171 0.01282937 0.04392265 0.04392265 0.04392265 0.03140072
 0.01282937 0.04392266 0.01067353]
[0.02922979 0.06569148 0.0430332  0.04837593 0.01430318 0.03658417
 0.03867317 0.0811974  0.04122598 0.04140969 0.01255739 0.03867317
 0.03420062 0.0551976  0.01233955 0.02462145 0.04837593 0.04837593
 0.0187271  0.01358167 0.04837593 0.04837593 0.04837593 0.03420062
 0.01358167 0.04837593 0.01233954]
[0.02184486 0.08951977 0.017936   0.04123242 0.0127112  0.03690644
 0.05394564 0.08382301 0.03239352 0.03766926 0.01376543 0.05394564
 0.04707557 0.07577959 0.01171459 0.0195741  0.04123242 0.04123242
 0.01951497 0.01223162 0.04123242 0.04123242 0.04123242 0.04707557
 0.01223162 0.04123243 0.01171459]
[0.02851539 0.08432277 0.02591158 0.04453995 0.01219455 0.03225347
 0.04743762 0.0953685  0.03292659 0.04231852 0.01287466 0.04743762
 0.04144432 0.05824621 0.00939845 0.01893958 0.04453995 0.04453995
 0.02209614 0.01284582 0.04453995 0.04453995 0.04453995 0.04144432
 0.01284581 0.04453996 0.00939845]
[0.02519808 0.08608061 0.02951343 0.04233139 0.01346598 0.04457266
 0.03842807 0.06160269 0.03725861 0.04805146 0.01789083 0.03842807
 0.03054338 0.08710135 0.01316906 0.02386022 0.04233139 0.04233139
 0.02675846 0.01902245 0.04233139 0.04233139 0.04233139 0.03054338
 0.01902245 0.04233139 0.01316906]
[0.02519808 0.08608061 0.02951343 0.04233139 0.01346598 0.04457266
 0.03842807 0.06160269 0.03725861 0.04805146 0.01789083 0.03842807
 0.03054338 0.08710135 0.01316906 0.02386022 0.04233139 0.04233139
 0.02675846 0.01902245 0.04233139 0.04233139 0.04233139 0.03054338
 0.01902245 0.04233139 0.01316906]
[0.03257035 0.07743751 0.02666151 0.04610184 0.01971813 0.03842346
 0.0356144  0.07186466 0.04101379 0.03706357 0.0210178  0.0356144
 0.03552781 0.05328578 0.01568054 0.02739489 0.04610184 0.04610184
 0.02666725 0.01526142 0.04610184 0.04610184 0.04610184 0.03552781
 0.01526142 0.04610185 0.01568054]
[0.02620056 0.0778795  0.03452857 0.04074448 0.01349376 0.03792341
 0.04610788 0.08982959 0.03928348 0.0494161  0.01497864 0.04610788
 0.03682396 0.06202867 0.0134839  0.02094638 0.04074448 0.04074448
 0.02107626 0.01718609 0.04074448 0.04074448 0.04074448 0.03682396
 0.01718609 0.04074449 0.0134839 ]
[0.02519808 0.08608061 0.02951343 0.04233139 0.01346598 0.04457266
 0.03842807 0.06160269 0.03725861 0.04805146 0.01789083 0.03842807
 0.03054338 0.08710135 0.01316906 0.02386022 0.04233139 0.04233139
 0.02675846 0.01902245 0.04233139 0.04233139 0.04233139 0.03054338
 0.01902245 0.04233139 0.01316906]
[0.02519808 0.08608061 0.02951343 0.04233139 0.01346598 0.04457266
 0.03842807 0.06160269 0.03725861 0.04805146 0.01789083 0.03842807
 0.03054338 0.08710135 0.01316906 0.02386022 0.04233139 0.04233139
 0.02675846 0.01902245 0.04233139 0.04233139 0.04233139 0.03054338
 0.01902245 0.04233139 0.01316906]
[0.02519808 0.08608061 0.02951343 0.04233139 0.01346598 0.04457266
 0.03842807 0.06160269 0.03725861 0.04805146 0.01789083 0.03842807
 0.03054338 0.08710135 0.01316906 0.02386022 0.04233139 0.04233139
 0.02675846 0.01902245 0.04233139 0.04233139 0.04233139 0.03054338
 0.01902245 0.04233139 0.01316906]
[0.02125115 0.09349214 0.03037716 0.04392265 0.01526404 0.04001541
 0.03835688 0.08970486 0.03981169 0.04309922 0.01280345 0.03835688
 0.03140072 0.08051637 0.01067353 0.0191032  0.04392265 0.04392265
 0.02058171 0.01282937 0.04392265 0.04392265 0.04392265 0.03140072
 0.01282937 0.04392266 0.01067353]
[0.02620056 0.0778795  0.03452857 0.04074449 0.01349376 0.03792341
 0.04610789 0.08982958 0.03928348 0.0494161  0.01497864 0.04610789
 0.03682396 0.06202868 0.0134839  0.02094638 0.04074449 0.04074449
 0.02107626 0.0171861  0.04074449 0.04074449 0.04074449 0.03682396
 0.01718609 0.04074449 0.0134839 ]
[0.02519808 0.0860806  0.02951343 0.04233138 0.01346598 0.04457265
 0.03842808 0.06160269 0.03725861 0.04805145 0.01789083 0.03842808
 0.03054338 0.08710134 0.01316907 0.02386022 0.04233138 0.04233138
 0.02675846 0.01902245 0.04233138 0.04233138 0.04233138 0.03054338
 0.01902245 0.04233139 0.01316906]
[0.02184486 0.08951975 0.017936   0.04123242 0.0127112  0.03690644
 0.05394564 0.083823   0.03239353 0.03766926 0.01376544 0.05394564
 0.04707557 0.0757796  0.01171459 0.0195741  0.04123242 0.04123242
 0.01951496 0.01223162 0.04123242 0.04123242 0.04123242 0.04707557
 0.01223162 0.04123243 0.01171459]]