68799
Test: @Test public void testPrependNewHtml() { Document doc = Jsoup.parse("<div id=1><p>Hello</p></div>"); Element div = doc.getElementById("1"); div.prepend("<p>there</p><p>now</p>"); Elements ps = doc.select("p"); for (int i = 0; i < ps.size(); i++) { } }
Code: public String html() { StringBuilder accum = new StringBuilder(); html(accum); return accum.toString().trim(); }
[[0.0756971  0.09762308 0.07285778 0.09785515 0.0716814  0.11037703
 0.04743379 0.03839084 0.12851164 0.04900303 0.08292744 0.09606303
 0.03157877]
[0.07093039 0.08291393 0.06413351 0.09947167 0.08633703 0.13936394
 0.04832435 0.03038048 0.15185359 0.03668536 0.07107551 0.09294677
 0.02558344]
[0.06542066 0.10648686 0.06038819 0.11581165 0.0699105  0.11698809
 0.03100267 0.03299776 0.1726437  0.03330791 0.08348851 0.08995467
 0.02159883]
[0.06752759 0.10181996 0.07154586 0.10309376 0.07921848 0.094733
 0.05596922 0.0384703  0.1452123  0.04194005 0.07843082 0.08481454
 0.03722414]
[0.06559066 0.09744333 0.07361338 0.11745111 0.07282121 0.11505239
 0.04389439 0.0319768  0.14266169 0.02986374 0.08290541 0.09548949
 0.03123645]
[0.07013237 0.08930889 0.06568095 0.09296555 0.06535998 0.10462935
 0.04553978 0.04003924 0.17152616 0.03476062 0.09481807 0.0943936
 0.03084549]
[0.08015555 0.09573174 0.07907419 0.0858949  0.08192036 0.10644685
 0.06512362 0.03746039 0.12066536 0.04696514 0.08710144 0.07529314
 0.03816734]
[0.0607693  0.11217143 0.05936091 0.1070126  0.06411831 0.09288594
 0.04887811 0.03985316 0.16663821 0.03225591 0.08541109 0.09935518
 0.03128987]
[0.06218863 0.08930954 0.07681143 0.10689005 0.07436308 0.12388013
 0.04426222 0.02867392 0.13987488 0.02796517 0.08476625 0.11897355
 0.02204121]
[0.05556314 0.10206397 0.08058479 0.10393403 0.06154691 0.11997571
 0.05420411 0.03041567 0.12038479 0.03806162 0.0906211  0.11607073
 0.02657352]
[0.04877827 0.11042646 0.06335683 0.09368264 0.07721884 0.12336332
 0.04758576 0.02915307 0.18988404 0.03236065 0.0711068  0.08732442
 0.0257589 ]
[0.07173339 0.09134614 0.07270535 0.11134546 0.08076692 0.09182073
 0.05257983 0.03730259 0.12333924 0.04837073 0.09003647 0.08804822
 0.04060498]
[0.05181481 0.09504968 0.06930319 0.11375568 0.06689873 0.11298074
 0.04474599 0.02893685 0.13612244 0.0353638  0.1075558  0.11205736
 0.02541495]]