15375
Test: public void test053() throws Throwable { if (debug) System.out.format("%n%s%n", "RegressionTest0.test053"); java.lang.Number number1 = org.apache.commons.cli.TypeHandler.createNumber("4"); }
Code: public static Number createNumber(String str) { try { return NumberUtils.createNumber(str); } catch (NumberFormatException nfe) { System.err.println(nfe.getMessage()); } return null; }
[[0.04052651 0.10851608 0.02725245 0.03077561 0.0375449  0.04681157
 0.07866617 0.04681157 0.04370857 0.03334565 0.01568616 0.04472538
 0.09124225 0.06868787 0.04681157 0.07783546 0.01568616 0.04370857
 0.08597134 0.01568616]
[0.04145111 0.09948179 0.0234557  0.03487858 0.0391555  0.06060122
 0.06787081 0.06060122 0.0383725  0.03284732 0.01727337 0.04284532
 0.07716423 0.05555024 0.06060122 0.07510455 0.01727337 0.03837251
 0.09982605 0.01727337]
[0.03910577 0.08915816 0.02171121 0.02624801 0.04191761 0.05614654
 0.06594881 0.05614654 0.05436774 0.03294318 0.01356467 0.02926332
 0.10308063 0.06769846 0.05614654 0.0862105  0.01356467 0.05436774
 0.07884522 0.01356467]
[0.0298327  0.12454249 0.01838714 0.02584323 0.0403657  0.04569656
 0.07820266 0.04569656 0.04349846 0.03166241 0.01232086 0.03515734
 0.10376678 0.07044778 0.04569656 0.09125753 0.01232086 0.04349845
 0.08948507 0.01232086]
[0.0305155  0.11382776 0.02154055 0.02820884 0.03509821 0.05773342
 0.05760727 0.05773342 0.05074235 0.03516127 0.01078283 0.03813597
 0.09174226 0.07029341 0.05773342 0.08256178 0.01078283 0.05074234
 0.0882737  0.01078283]
[0.04035179 0.0887001  0.02132438 0.03224214 0.04339666 0.05649732
 0.0462506  0.05649732 0.04753456 0.03802599 0.02125765 0.04328721
 0.08659361 0.06799663 0.05649732 0.07268962 0.02125765 0.04753456
 0.09080725 0.02125765]
[0.03271156 0.11834124 0.02346329 0.02198633 0.03367621 0.04447984
 0.06553936 0.04447984 0.04758322 0.03218111 0.01268524 0.03572295
 0.10819773 0.06293964 0.04447984 0.09554818 0.01268524 0.04758321
 0.10303073 0.01268524]
[0.04035179 0.0887001  0.02132438 0.03224214 0.04339666 0.05649732
 0.0462506  0.05649732 0.04753456 0.03802599 0.02125765 0.04328721
 0.08659361 0.06799663 0.05649732 0.07268962 0.02125765 0.04753456
 0.09080725 0.02125765]
[0.02825589 0.11800443 0.02167471 0.02416749 0.04204617 0.04694281
 0.06014615 0.04694281 0.04244716 0.03664347 0.01328573 0.03713561
 0.11567169 0.06018987 0.04694281 0.07964598 0.01328573 0.04244717
 0.11083864 0.01328573]
[0.04058952 0.10048802 0.02119031 0.02825561 0.03535724 0.05666235
 0.05956858 0.05666235 0.0452505  0.02860611 0.01279883 0.03951006
 0.10629752 0.06526519 0.05666235 0.08109485 0.01279883 0.0452505
 0.09489243 0.01279883]
[0.02844134 0.09982389 0.01584882 0.02808649 0.03735071 0.05583724
 0.06693302 0.05583724 0.05712889 0.03787184 0.01284757 0.02736458
 0.09324165 0.05923726 0.05583724 0.0909925  0.01284757 0.05712889
 0.09449569 0.01284757]
[0.02911786 0.12476693 0.0181738  0.02685598 0.03334729 0.05375096
 0.06776577 0.05375096 0.04164448 0.02879017 0.01224722 0.03497787
 0.09242348 0.07298601 0.05375096 0.08218036 0.01224722 0.04164448
 0.10733098 0.01224722]
[0.04126261 0.10802369 0.02460153 0.03575506 0.04516316 0.05241933
 0.06933869 0.05241933 0.04414844 0.03739114 0.01508252 0.03738841
 0.07566865 0.06010646 0.05241933 0.07854877 0.01508252 0.04414844
 0.09594938 0.01508252]
[0.03547558 0.10338774 0.02725559 0.02788043 0.03989623 0.05084643
 0.06032484 0.05084643 0.04741967 0.03840893 0.01316438 0.03724904
 0.0930814  0.06608469 0.05084643 0.08863395 0.01316437 0.04741967
 0.09544978 0.01316437]
[0.04035179 0.0887001  0.02132438 0.03224214 0.04339666 0.05649732
 0.0462506  0.05649732 0.04753456 0.03802599 0.02125765 0.04328721
 0.08659361 0.06799663 0.05649732 0.07268962 0.02125765 0.04753456
 0.09080725 0.02125765]
[0.03358841 0.09961628 0.02268159 0.0296584  0.0424312  0.05602404
 0.06809911 0.05602404 0.04453548 0.03551573 0.01346336 0.0458429
 0.0905607  0.070278   0.05602404 0.07642969 0.01346337 0.04453548
 0.08776481 0.01346337]
[0.02844134 0.09982389 0.01584882 0.02808649 0.03735071 0.05583724
 0.06693302 0.05583724 0.05712889 0.03787184 0.01284757 0.02736458
 0.09324165 0.05923726 0.05583724 0.0909925  0.01284757 0.05712889
 0.09449569 0.01284757]
[0.02825589 0.11800443 0.02167471 0.02416749 0.04204617 0.04694281
 0.06014615 0.04694281 0.04244716 0.03664347 0.01328573 0.03713561
 0.11567169 0.06018987 0.04694281 0.07964598 0.01328573 0.04244717
 0.11083864 0.01328573]
[0.04057023 0.08678136 0.02274643 0.03208975 0.04136411 0.04932946
 0.06695981 0.04932946 0.04627524 0.03375583 0.01608161 0.05042653
 0.10127891 0.07782523 0.04932946 0.08181847 0.01608161 0.04627524
 0.07559966 0.01608161]
[0.02844134 0.09982389 0.01584882 0.02808649 0.03735071 0.05583724
 0.06693302 0.05583724 0.05712889 0.03787184 0.01284757 0.02736458
 0.09324165 0.05923726 0.05583724 0.0909925  0.01284757 0.05712889
 0.09449569 0.01284757]]