64090
Test: public void test0490() throws Throwable { if (debug) System.out.format("%n%s%n", "RegressionTest0.test0490"); com.fasterxml.jackson.core.util.BufferRecycler bufferRecycler0 = null; com.fasterxml.jackson.core.io.IOContext iOContext3 = new com.fasterxml.jackson.core.io.IOContext(bufferRecycler0, (java.lang.Object) 0.0f, true); byte[] byteArray4 = new byte[] {}; iOContext3._readIOBuffer = byteArray4; com.fasterxml.jackson.core.util.BufferRecycler bufferRecycler6 = null; com.fasterxml.jackson.core.io.IOContext iOContext9 = new com.fasterxml.jackson.core.io.IOContext(bufferRecycler6, (java.lang.Object) 0.0f, true); com.fasterxml.jackson.core.util.BufferRecycler bufferRecycler10 = null; com.fasterxml.jackson.core.io.IOContext iOContext13 = new com.fasterxml.jackson.core.io.IOContext(bufferRecycler10, (java.lang.Object) 0.0f, true); char[] charArray16 = new char[] { 'a', 'a' }; char[] charArray18 = new char[] { '#' }; iOContext13._verifyRelease(charArray16, charArray18); com.fasterxml.jackson.core.util.BufferRecycler bufferRecycler20 = null; com.fasterxml.jackson.core.io.IOContext iOContext23 = new com.fasterxml.jackson.core.io.IOContext(bufferRecycler20, (java.lang.Object) 0.0f, true); char[] charArray26 = new char[] { 'a', 'a' }; char[] charArray28 = new char[] { '#' }; iOContext23._verifyRelease(charArray26, charArray28); iOContext9._verifyRelease(charArray16, charArray26); iOContext3._nameCopyBuffer = charArray26; com.fasterxml.jackson.core.JsonEncoding jsonEncoding32 = null; com.fasterxml.jackson.core.io.IOContext iOContext33 = iOContext3.withEncoding(jsonEncoding32); try { byte[] byteArray35 = iOContext33.allocReadIOBuffer(6); } catch (java.lang.IllegalStateException e) { } }
Code: protected final void _verifyRelease(byte[] toRelease, byte[] src) { if ((toRelease != src) && (toRelease.length <= src.length)) { throw wrongBuf(); } }
[[0.05108475 0.02341455 0.02280985 0.04681138 0.09158784 0.03675865
 0.02987111 0.05260212 0.08667722 0.01684983 0.01538004 0.02987111
 0.02015319 0.01979732 0.18443573 0.0620542  0.05260211 0.02820572
 0.10777378 0.01062971 0.01062971]
[0.03925624 0.02064358 0.02299527 0.04434051 0.07296504 0.03769497
 0.04542497 0.05316989 0.10205765 0.01936547 0.01431222 0.04542497
 0.02352359 0.02040055 0.13723499 0.06933553 0.05316991 0.03295122
 0.12487649 0.0104285  0.0104285 ]
[0.05347816 0.02109157 0.02110228 0.04539812 0.11269291 0.03703618
 0.02406579 0.04488359 0.07714297 0.01314574 0.01537074 0.02406579
 0.01496661 0.01297697 0.17845847 0.06547895 0.04488358 0.02743149
 0.13941178 0.01345917 0.01345917]
[0.06645013 0.02045421 0.02225238 0.03958256 0.12927505 0.03888842
 0.0270301  0.05319107 0.08535087 0.01383592 0.01309224 0.0270301
 0.01707886 0.01362976 0.18069874 0.05653641 0.05319105 0.02404091
 0.09998615 0.00920252 0.00920252]
[0.04531756 0.0173228  0.023595   0.03578629 0.08527605 0.0306807
 0.03505122 0.06154643 0.0937143  0.01870494 0.01388199 0.03505122
 0.01767476 0.02171962 0.13153355 0.07735685 0.06154646 0.02775643
 0.1468753  0.00980427 0.00980427]
[0.03892732 0.0270944  0.02331754 0.05035873 0.10639149 0.03942561
 0.03681498 0.04407661 0.08645596 0.01555754 0.01875316 0.03681498
 0.02013115 0.02180538 0.13181601 0.07218127 0.04407664 0.02898956
 0.13201231 0.01249967 0.01249967]
[0.04734815 0.0229322  0.01949182 0.06115986 0.11924428 0.03222794
 0.03199895 0.04654197 0.08573936 0.01685533 0.01255985 0.03199895
 0.01672183 0.01521475 0.14273666 0.07698304 0.04654197 0.02668288
 0.12799066 0.00951481 0.0095148 ]
[0.07837392 0.03555949 0.03143342 0.04887361 0.07675716 0.04805363
 0.04099511 0.05518961 0.06302868 0.02403104 0.02518221 0.04099511
 0.03119457 0.02948536 0.10506825 0.05533206 0.05518961 0.03306902
 0.08223198 0.01997807 0.01997807]
[0.04165491 0.01438397 0.01361618 0.05146587 0.12432012 0.0283597
 0.02029165 0.04176144 0.09894739 0.01020992 0.00724638 0.02029165
 0.00935838 0.01228756 0.22452071 0.06300873 0.04176143 0.017318
 0.14685237 0.00617183 0.00617183]
[0.05438456 0.02019047 0.01862653 0.04094593 0.13660073 0.0404832
 0.03483463 0.04644896 0.08156441 0.01684334 0.01642351 0.03483463
 0.01859209 0.01862505 0.11518929 0.05692478 0.04644897 0.02805727
 0.1499007  0.01204045 0.01204045]
[0.06066648 0.02450515 0.01546956 0.06506096 0.11661531 0.03269883
 0.03123921 0.05057804 0.08808083 0.01326156 0.00947745 0.03123921
 0.01390263 0.01328725 0.14651601 0.06799102 0.05057804 0.02409916
 0.1265118  0.00911071 0.00911071]
[0.04734815 0.0229322  0.01949182 0.06115986 0.11924428 0.03222794
 0.03199895 0.04654197 0.08573936 0.01685533 0.01255985 0.03199895
 0.01672183 0.01521475 0.14273666 0.07698304 0.04654197 0.02668288
 0.12799066 0.00951481 0.0095148 ]
[0.05150672 0.01976573 0.02212755 0.04340869 0.09631597 0.04229326
 0.0393915  0.04813847 0.07285287 0.01335395 0.01584961 0.0393915
 0.01610615 0.0161977  0.15613367 0.07058957 0.04813847 0.03042525
 0.12734273 0.01533536 0.01533536]
[0.04601186 0.02638621 0.02094501 0.05863008 0.10538236 0.04391428
 0.03776246 0.04702744 0.09294704 0.0168605  0.01694546 0.03776246
 0.02208369 0.01706652 0.1265842  0.07668132 0.04702744 0.02959781
 0.1019572  0.01421335 0.01421335]
[0.04813568 0.02209295 0.01767544 0.03837967 0.11074603 0.03994019
 0.05084982 0.05419768 0.06788518 0.01398673 0.01634718 0.05084982
 0.01601439 0.0174679  0.1445977  0.0632165  0.05419768 0.02346604
 0.12121184 0.01437075 0.01437075]
[0.04552509 0.02319467 0.02064604 0.04844589 0.1273804  0.03486672
 0.02934099 0.04687569 0.09635554 0.01698421 0.01397912 0.02934099
 0.01702747 0.01380256 0.13762212 0.07653073 0.04687572 0.02831364
 0.12505499 0.01091873 0.01091873]
[0.07837392 0.03555949 0.03143342 0.04887361 0.07675716 0.04805363
 0.04099511 0.05518961 0.06302868 0.02403104 0.02518221 0.04099511
 0.03119457 0.02948536 0.10506825 0.05533206 0.05518961 0.03306902
 0.08223198 0.01997807 0.01997807]
[0.06152644 0.02108163 0.01935029 0.05060313 0.12180115 0.038221
 0.03463093 0.05948776 0.08163731 0.01422592 0.011856   0.03463093
 0.01749887 0.01497956 0.1399043  0.06229788 0.05948778 0.02808687
 0.10887647 0.00990786 0.00990786]
[0.06453731 0.03397544 0.02461292 0.05661786 0.09006908 0.04066774
 0.04544985 0.04318294 0.07825109 0.01804237 0.01905539 0.04544985
 0.02459499 0.02598018 0.10027417 0.05718363 0.04318293 0.02922486
 0.12553528 0.01705607 0.01705607]
[0.055341   0.02076773 0.02117202 0.05561622 0.12471799 0.02899275
 0.03285075 0.05349429 0.08946653 0.01693865 0.01643236 0.03285075
 0.01932151 0.0158411  0.1374241  0.07370508 0.0534943  0.03068982
 0.09717295 0.01185507 0.01185507]
[0.05534101 0.02076773 0.02117202 0.05561623 0.12471794 0.02899275
 0.03285076 0.0534943  0.08946653 0.01693866 0.01643237 0.03285076
 0.01932151 0.01584111 0.13742408 0.07370508 0.0534943  0.03068982
 0.09717294 0.01185507 0.01185507]]