67245
Test: public void test04() throws Throwable { if (debug) System.out.format("%n%s%n", "RegressionTest0.test04"); java.util.TimeZone timeZone0 = com.fasterxml.jackson.databind.util.StdDateFormat.DEFAULT_TIMEZONE; java.util.Locale locale1 = null; com.fasterxml.jackson.databind.util.StdDateFormat stdDateFormat3 = new com.fasterxml.jackson.databind.util.StdDateFormat(timeZone0, locale1, (java.lang.Boolean) true); java.lang.StringBuffer stringBuffer4 = null; try { stdDateFormat3._formatBCEYear(stringBuffer4, (int) (short) 0); } catch (java.lang.NullPointerException e) { } }
Code: protected void _formatBCEYear(StringBuffer buffer, int bceYearNoSign) { if (bceYearNoSign == 1) { buffer.append("+0000"); return; } final int isoYear = bceYearNoSign - 1; buffer.append('-'); pad4(buffer, isoYear); }
[[0.0444748  0.0204268  0.03455736 0.11802698 0.01401255 0.04542951
 0.04779657 0.07694677 0.00860099 0.03860844 0.02666749 0.04779657
 0.01581852 0.02534815 0.0096067  0.02103053 0.01401255 0.04751022
 0.01903019 0.03751255 0.09217688 0.01253848 0.02396752 0.06244124
 0.08605503 0.0096067 ]
[0.05248543 0.01922304 0.02809515 0.09338606 0.01125056 0.04788008
 0.03962342 0.07178566 0.00697949 0.03076004 0.02080275 0.03962342
 0.01030828 0.02304829 0.0119682  0.01920332 0.01125056 0.07319582
 0.01785857 0.03645536 0.09162343 0.00874732 0.01960334 0.09687465
 0.10599949 0.0119682 ]
[0.05027612 0.0191253  0.03526358 0.09447741 0.01253277 0.06844012
 0.04689911 0.09870222 0.00984387 0.03310123 0.02819438 0.04689911
 0.01121067 0.02855628 0.00937127 0.02152394 0.01253277 0.0518724
 0.01513653 0.04601616 0.08973628 0.00944543 0.03243269 0.05528949
 0.06374969 0.00937127]
[0.04262333 0.02139597 0.03263066 0.09630914 0.01324341 0.05217009
 0.05288507 0.07254739 0.01057733 0.0345526  0.02804333 0.05288507
 0.01468713 0.02410394 0.01442056 0.02146685 0.01324341 0.05542827
 0.01697029 0.0471307  0.08766859 0.01116395 0.02698847 0.05945354
 0.08299039 0.01442056]
[0.04865267 0.01642358 0.03132091 0.08379489 0.01361784 0.05074585
 0.04200622 0.10826798 0.01028636 0.04750701 0.02584579 0.04200622
 0.01101585 0.03059618 0.00911564 0.02546226 0.01361784 0.05521836
 0.01583176 0.04337763 0.07212824 0.00959834 0.02036455 0.08434959
 0.07973275 0.00911564]
[0.04011051 0.01909494 0.0370291  0.09793979 0.01389188 0.05121098
 0.04007612 0.09089375 0.01090835 0.0377638  0.02498223 0.04007612
 0.0140336  0.02671722 0.01265374 0.02220074 0.01389188 0.05897952
 0.01757402 0.038727   0.1064739  0.01007693 0.02604863 0.06115092
 0.07484055 0.01265374]
[0.0638596  0.02701478 0.03994245 0.0721937  0.01492529 0.05459165
 0.04921833 0.05352069 0.01442445 0.03334929 0.03838001 0.04921833
 0.01637875 0.03170181 0.01745991 0.03043577 0.01492529 0.05263165
 0.02579818 0.04015956 0.0893672  0.01745964 0.03180331 0.05782801
 0.04595241 0.0174599 ]
[0.0406476  0.01335939 0.03057698 0.1253417  0.00806715 0.06041682
 0.04106015 0.09701106 0.00533613 0.03240558 0.02234065 0.04106015
 0.00893127 0.02515562 0.00606345 0.01412728 0.00806715 0.05126267
 0.01365809 0.04194799 0.10557441 0.00588326 0.0175831  0.06831953
 0.10973936 0.00606345]
[0.05673316 0.01717894 0.0310732  0.08906501 0.01203256 0.04395875
 0.05434066 0.06455486 0.00712672 0.0381003  0.0293203  0.05434066
 0.0091661  0.02140214 0.01215262 0.01721772 0.01203256 0.06402152
 0.01622508 0.03667675 0.10869326 0.00939775 0.01993942 0.07285789
 0.09023944 0.01215262]
[0.03707399 0.01667175 0.02683281 0.14337578 0.00928365 0.05150182
 0.04068941 0.08384083 0.00674785 0.03746166 0.0196176  0.04068941
 0.01112617 0.01961716 0.00827274 0.01433081 0.00928365 0.05199114
 0.01588883 0.03371751 0.10895059 0.00765024 0.01871841 0.1005812
 0.0778123  0.00827275]
[0.05836865 0.01822574 0.02987445 0.09831968 0.01171807 0.05070312
 0.05892816 0.07549891 0.00786639 0.03417768 0.02758512 0.05892816
 0.01228503 0.01867999 0.00812641 0.01758727 0.01171807 0.05712573
 0.0121038  0.04416712 0.0943204  0.00903259 0.02767229 0.07256483
 0.07629587 0.0081264 ]
[0.0638596  0.02701478 0.03994245 0.0721937  0.01492529 0.05459165
 0.04921833 0.05352069 0.01442445 0.03334929 0.03838001 0.04921833
 0.01637875 0.03170181 0.01745991 0.03043577 0.01492529 0.05263165
 0.02579818 0.04015956 0.0893672  0.01745964 0.03180331 0.05782801
 0.04595241 0.0174599 ]
[0.04044802 0.01260857 0.02995905 0.09240074 0.01277899 0.06390816
 0.05028132 0.08445811 0.00747856 0.0341528  0.02365762 0.05028132
 0.00958942 0.01883217 0.00946889 0.01869613 0.01277899 0.05548647
 0.01644391 0.04305707 0.09144297 0.00750736 0.01735519 0.0817793
 0.10567995 0.00946889]
[0.04837649 0.01564481 0.0317646  0.11046913 0.01166628 0.06221854
 0.04443322 0.0904144  0.00982158 0.03980644 0.02296525 0.04443322
 0.01640715 0.02742399 0.010171   0.01764636 0.01166628 0.04990014
 0.01752523 0.04313954 0.0925539  0.01147434 0.02908437 0.06201218
 0.06881055 0.010171  ]
[0.04880269 0.01951301 0.03247505 0.07092864 0.01635233 0.05085342
 0.05160988 0.08184287 0.00921134 0.03679613 0.02591516 0.05160988
 0.01401377 0.02326058 0.01126936 0.01907941 0.01635233 0.05241468
 0.01898285 0.03558949 0.09370956 0.01216651 0.02421397 0.09029341
 0.08147429 0.01126936]
[0.03294527 0.01985589 0.03266405 0.08844588 0.01146573 0.04543086
 0.04644545 0.08727539 0.00766489 0.03877539 0.02198229 0.04644545
 0.01194079 0.02274834 0.00906863 0.01780606 0.01146573 0.06144223
 0.02041112 0.03841442 0.12755527 0.01576841 0.02246566 0.06829281
 0.08415535 0.00906863]
[0.04865267 0.01642358 0.03132091 0.08379489 0.01361784 0.05074585
 0.04200622 0.10826798 0.01028636 0.04750701 0.02584579 0.04200622
 0.01101585 0.03059618 0.00911564 0.02546226 0.01361784 0.05521836
 0.01583176 0.04337763 0.07212824 0.00959834 0.02036455 0.08434959
 0.07973275 0.00911564]
[0.04310314 0.02383403 0.03651316 0.0901797  0.01501893 0.05234261
 0.03902432 0.07756895 0.01007789 0.0420646  0.03132881 0.03902432
 0.01354965 0.03138431 0.01218739 0.02463773 0.01501893 0.06098391
 0.01871971 0.0462313  0.07809986 0.01784028 0.03264276 0.06705593
 0.06938051 0.01218739]
[0.05478398 0.02795909 0.03539471 0.06512257 0.02084262 0.05989316
 0.03846189 0.07601399 0.0198219  0.03888733 0.034268   0.03846189
 0.01928291 0.0369488  0.01675959 0.02894122 0.02084262 0.05457164
 0.02839521 0.04823801 0.07377147 0.02048219 0.03530438 0.05032163
 0.03946964 0.01675958]
[0.0505993  0.02281442 0.03231038 0.08225838 0.01582831 0.05943061
 0.04820055 0.08503509 0.01066692 0.03735687 0.03218535 0.04820055
 0.01455851 0.02493728 0.01196454 0.02296572 0.01582831 0.04445782
 0.01943744 0.04524364 0.08956484 0.01094796 0.03031081 0.06231365
 0.07061817 0.01196454]
[0.04272612 0.02579207 0.03418396 0.06935915 0.01945106 0.05635361
 0.04936646 0.07181377 0.01586744 0.0398225  0.02975933 0.04936646
 0.0182751  0.02941661 0.01507153 0.02564497 0.01945106 0.05290039
 0.02386741 0.04757044 0.07655697 0.01503721 0.03845448 0.05452497
 0.06429542 0.01507153]
[0.04317093 0.02027346 0.03626865 0.0946206  0.01462329 0.05695931
 0.0403975  0.07785603 0.00974707 0.04526354 0.02893896 0.0403975
 0.01267691 0.02324214 0.01057219 0.02067241 0.01462329 0.05757425
 0.0187128  0.03806217 0.08604243 0.01092701 0.02356993 0.08572895
 0.07850645 0.01057219]
[0.04740775 0.01404372 0.03101671 0.10992227 0.01263478 0.04883049
 0.0517709  0.08586735 0.00878922 0.02881179 0.02702703 0.0517709
 0.01245861 0.02348369 0.00992733 0.01946864 0.01263478 0.04834912
 0.01722989 0.03922445 0.11193712 0.00733491 0.01925324 0.07894709
 0.07193085 0.00992733]
[0.03825545 0.02170271 0.03193323 0.07999834 0.01546483 0.05598222
 0.04598696 0.08418044 0.01036358 0.0359007  0.02014355 0.04598696
 0.01256698 0.02695713 0.01402353 0.02013321 0.01546483 0.05434094
 0.02202234 0.03826999 0.10751159 0.0149209  0.03345758 0.05565973
 0.08474877 0.01402353]
[0.05042446 0.01863008 0.03072465 0.08984078 0.01103301 0.05424671
 0.04823465 0.0795344  0.00888836 0.04137608 0.02944164 0.04823465
 0.01572662 0.02146214 0.00742069 0.02040823 0.01103301 0.05193697
 0.01943579 0.03956063 0.086037   0.01329835 0.03154431 0.09333343
 0.07077269 0.00742069]
[0.04880269 0.01951302 0.03247505 0.07092866 0.01635233 0.05085343
 0.05160988 0.08184284 0.00921134 0.03679613 0.02591516 0.05160988
 0.01401377 0.02326057 0.01126936 0.01907941 0.01635233 0.05241467
 0.01898284 0.03558949 0.09370959 0.01216651 0.02421397 0.09029343
 0.08147429 0.01126936]]