66960
Test: public void testDeepPrefixedUnwrappingDeserialize() throws Exception { DeepPrefixUnwrap bean = MAPPER.readValue("{\"u.name\":\"Bubba\",\"u._x\":2,\"u._y\":3}", DeepPrefixUnwrap.class); }
Code: public void serialize(Object value, JsonGenerator gen, SerializerProvider provider) throws IOException { Object delegateValue = convertValue(value); if (delegateValue == null) { provider.defaultSerializeNull(gen); return; } _delegateSerializer.serialize(delegateValue, gen, provider); }
[[0.02579459 0.0213204  0.05781252 0.02451206 0.03361769 0.0221228
 0.08504531 0.04808521 0.05843599 0.01427434 0.03805567 0.01998731
 0.0675107  0.01646424 0.03259029 0.06990112 0.05158254 0.03964162
 0.01335168 0.03805567 0.08082773 0.02588392 0.01179143 0.0511701
 0.0221228  0.01825082 0.01179143]
[0.01843973 0.01731276 0.04754219 0.01426391 0.02268194 0.01577142
 0.12222885 0.05068775 0.06351933 0.01163152 0.03772205 0.01424614
 0.1024964  0.01595781 0.02422957 0.06221369 0.03409065 0.02584969
 0.00926606 0.03772205 0.13503942 0.02137735 0.01125019 0.04439496
 0.01577142 0.01304288 0.01125019]
[0.02866004 0.02159581 0.05427185 0.02739582 0.03900114 0.01633541
 0.09383129 0.0422911  0.05640421 0.01803662 0.03155378 0.01768888
 0.07653032 0.01541145 0.03461703 0.07023992 0.04067305 0.03164957
 0.0161766  0.03155378 0.09602128 0.0244207  0.01374586 0.05051192
 0.01633541 0.02130125 0.01374586]
[0.01533845 0.01251078 0.0625366  0.01633265 0.02373866 0.01374329
 0.11621202 0.0460239  0.06568537 0.01236228 0.05164423 0.01529293
 0.09578459 0.01392366 0.02669732 0.06183819 0.03903106 0.02773752
 0.00805026 0.05164423 0.11138412 0.02210298 0.00847524 0.04369307
 0.01374329 0.01599809 0.00847524]
[0.02289623 0.01859027 0.06816117 0.01882029 0.0272011  0.01823603
 0.1036047  0.04982445 0.06179969 0.01695349 0.03594777 0.01585957
 0.07763644 0.01695521 0.02912891 0.06630644 0.03713217 0.03567705
 0.0104655  0.03594777 0.10957029 0.02445047 0.01014873 0.04301142
 0.01823603 0.0172901  0.01014872]
[0.01687133 0.01641107 0.06576295 0.02499698 0.03129481 0.01883951
 0.09337072 0.04189774 0.05450011 0.01446355 0.03813159 0.01937641
 0.0940345  0.01714412 0.02738523 0.07004789 0.0437158  0.03521609
 0.010413   0.03813159 0.0922251  0.02350193 0.00969745 0.05376109
 0.01883951 0.02027239 0.00969745]
[0.01866726 0.01435751 0.0646687  0.02433504 0.03162957 0.01791377
 0.11060325 0.04153765 0.06152683 0.01364149 0.03921984 0.01507538
 0.08531719 0.01685418 0.0291924  0.05695818 0.04890657 0.02576483
 0.00989536 0.03921984 0.10133214 0.02539918 0.0118759  0.04902839
 0.01791377 0.01728986 0.0118759 ]
[0.0196285  0.01463122 0.06825264 0.01927862 0.02646349 0.01583658
 0.11314179 0.03688391 0.07159339 0.01196686 0.03509154 0.01345667
 0.09931688 0.01659836 0.02740021 0.06261727 0.04046123 0.02988875
 0.00793569 0.03509154 0.12038133 0.02344799 0.00848509 0.04254613
 0.01583658 0.01528265 0.00848509]
[0.0164857  0.01662723 0.05224164 0.01966656 0.0263131  0.01532406
 0.12606391 0.04239743 0.07567324 0.01140758 0.04444321 0.01532747
 0.08977917 0.01487585 0.02445956 0.07359812 0.03207398 0.02448221
 0.00971442 0.04444321 0.11033043 0.02021957 0.00839141 0.04766346
 0.01532405 0.01428201 0.00839141]
[0.01896219 0.01526642 0.05456717 0.01840488 0.02898565 0.01978613
 0.11354981 0.04699304 0.07194152 0.01177883 0.03842579 0.01624036
 0.08994178 0.01527599 0.02817322 0.0801718  0.04341697 0.03687328
 0.00809764 0.03842579 0.08691007 0.02338416 0.00781509 0.03963574
 0.01978613 0.01937547 0.00781509]
[0.02707304 0.02368802 0.06584638 0.0306321  0.04023339 0.01807091
 0.09311382 0.04845185 0.04769474 0.01830455 0.04425371 0.0161227
 0.06894528 0.02257133 0.03929502 0.04653225 0.04352892 0.02880098
 0.01736546 0.04425371 0.06679736 0.02799992 0.01548785 0.04513519
 0.01807091 0.02624278 0.01548785]
[0.02170249 0.01558361 0.05724782 0.01682635 0.02446969 0.01638189
 0.09654257 0.04156423 0.06934068 0.01325025 0.04980401 0.01488291
 0.10326642 0.01587545 0.0283644  0.06475911 0.03803401 0.03416681
 0.01028209 0.04980401 0.10894716 0.01776649 0.00901233 0.04155131
 0.01638189 0.01517966 0.00901233]
[0.01898132 0.02229352 0.05469916 0.02026311 0.02348122 0.01619316
 0.09098709 0.04130818 0.06265022 0.01355702 0.04648587 0.01440939
 0.08842714 0.01508443 0.03164094 0.05539802 0.03769391 0.02741873
 0.01199424 0.04648587 0.12979561 0.02261123 0.01437585 0.04795637
 0.01619315 0.01523948 0.01437585]
[0.03063038 0.02506977 0.05423892 0.0286469  0.03669511 0.02581092
 0.07689516 0.05127005 0.04646441 0.01978488 0.03503793 0.02014099
 0.06001619 0.02552362 0.0337548  0.06788911 0.0458024  0.03445619
 0.01945874 0.03503793 0.0670249  0.03325589 0.01511903 0.04429606
 0.02581091 0.02674982 0.01511903]
[0.0217879  0.02037939 0.05117076 0.02005468 0.02963599 0.017927
 0.10067372 0.05611493 0.0727905  0.01451047 0.04318885 0.01516815
 0.07621312 0.01702848 0.03203998 0.06975985 0.04078519 0.03143612
 0.01036545 0.04318885 0.09261163 0.02591325 0.00936875 0.03927087
 0.01792699 0.02132046 0.00936875]
[0.01368913 0.01105805 0.0622054  0.01233176 0.01731463 0.01222806
 0.13713714 0.0351105  0.07838334 0.0101305  0.03497054 0.01027229
 0.10346826 0.01124501 0.02250597 0.07949889 0.03701124 0.02578351
 0.00512469 0.03497054 0.15458879 0.02129008 0.00511028 0.03595255
 0.01222806 0.01128052 0.00511027]
[0.01663475 0.0124226  0.0553852  0.01573608 0.0204995  0.01104454
 0.15317738 0.044716   0.07322034 0.01349763 0.04467078 0.01290761
 0.08927415 0.01015594 0.02415883 0.07580135 0.04410286 0.02586504
 0.00833195 0.04467078 0.11119068 0.01814668 0.00642103 0.03760711
 0.01104454 0.01289562 0.00642102]
[0.01341786 0.01584635 0.04938256 0.01624722 0.02233521 0.0103316
 0.1313919  0.03599553 0.06109937 0.01160274 0.0408015  0.01514514
 0.11039039 0.01431896 0.02426109 0.07329284 0.03959951 0.03205727
 0.00861497 0.0408015  0.13566503 0.01877771 0.00807148 0.03776827
 0.0103316  0.01438091 0.00807148]
[0.01855265 0.01404019 0.05925954 0.01656775 0.02363964 0.01414032
 0.12075306 0.0504404  0.06289732 0.01352922 0.04535992 0.01713591
 0.08233929 0.01223988 0.02531984 0.08322584 0.04449513 0.03382695
 0.01107852 0.04535992 0.10018826 0.01979977 0.00678691 0.04209073
 0.01414032 0.01600577 0.00678691]
[0.02707304 0.02368802 0.06584638 0.0306321  0.04023339 0.01807091
 0.09311382 0.04845185 0.04769474 0.01830455 0.04425371 0.0161227
 0.06894528 0.02257133 0.03929502 0.04653225 0.04352892 0.02880098
 0.01736546 0.04425371 0.06679736 0.02799992 0.01548785 0.04513519
 0.01807091 0.02624278 0.01548785]
[0.01893415 0.01740403 0.0665017  0.02479878 0.03152922 0.01881133
 0.07349228 0.04411744 0.06328198 0.01304307 0.0388388  0.01945867
 0.09509235 0.01929489 0.02788476 0.07739744 0.03769509 0.03494897
 0.01322078 0.0388388  0.09818657 0.02440761 0.00887525 0.04469713
 0.01881133 0.02156237 0.00887525]
[0.01775046 0.01292265 0.06439872 0.01643177 0.02324095 0.01788343
 0.10975584 0.04737822 0.06752153 0.01291667 0.03810534 0.01490503
 0.09384939 0.01430476 0.02276876 0.07419945 0.03936904 0.03203209
 0.00847422 0.03810534 0.11597992 0.02319771 0.00857961 0.04231234
 0.01788343 0.0171537  0.00857961]
[0.01717868 0.01614989 0.05850342 0.01761987 0.02255506 0.01913642
 0.12199139 0.04368956 0.07218321 0.01419832 0.04633196 0.01774547
 0.08238912 0.0157711  0.03185264 0.06677566 0.03728085 0.02995542
 0.01069571 0.04633196 0.09372956 0.02000646 0.00986515 0.03886629
 0.01913642 0.02019527 0.00986515]
[0.02630995 0.01688103 0.06390277 0.02136445 0.028411   0.01709563
 0.13605344 0.03693246 0.05970497 0.01429713 0.04447782 0.01417343
 0.09448823 0.01926599 0.03524425 0.05217201 0.04075471 0.02521259
 0.0109242  0.04447782 0.08267752 0.01883914 0.00927391 0.04068766
 0.01709562 0.02000831 0.00927391]
[0.01687133 0.01641107 0.06576294 0.02499697 0.03129481 0.01883951
 0.09337074 0.04189773 0.05450011 0.01446355 0.0381316  0.01937641
 0.09403452 0.01714412 0.02738523 0.07004789 0.04371581 0.03521609
 0.010413   0.0381316  0.09222514 0.02350193 0.00969745 0.05376108
 0.01883951 0.02027239 0.00969745]
[0.01677017 0.0158268  0.04812323 0.01459885 0.02438274 0.01261627
 0.10039202 0.03543239 0.07085935 0.01150425 0.03687878 0.01360535
 0.12332123 0.01033585 0.0246118  0.06969886 0.03358235 0.02350164
 0.00588339 0.03687878 0.16152778 0.02020239 0.00685025 0.05390612
 0.01261627 0.00924289 0.00685024]
[0.01717868 0.01614989 0.05850343 0.01761987 0.02255506 0.01913643
 0.12199134 0.04368958 0.0721832  0.01419833 0.04633195 0.01774547
 0.08238909 0.0157711  0.03185263 0.06677566 0.03728083 0.02995542
 0.01069571 0.04633195 0.09372956 0.02000645 0.00986515 0.0388663
 0.01913642 0.02019528 0.00986515]]