66552
Test: public void testWithMultipleJsonParserSequences() throws IOException { TokenBuffer buf1 = new TokenBuffer(null, false); buf1.writeStartArray(); TokenBuffer buf2 = new TokenBuffer(null, false); buf2.writeString("a"); TokenBuffer buf3 = new TokenBuffer(null, false); buf3.writeNumber(13); TokenBuffer buf4 = new TokenBuffer(null, false); buf4.writeEndArray(); JsonParserSequence seq1 = JsonParserSequence.createFlattened(buf1.asParser(), buf2.asParser()); JsonParserSequence seq2 = JsonParserSequence.createFlattened(buf3.asParser(), buf4.asParser()); JsonParserSequence combo = JsonParserSequence.createFlattened(seq1, seq2); buf1.close(); buf2.close(); buf3.close(); buf4.close(); }
Code: public void writeString(String text) throws IOException { if (text == null) { writeNull(); } else { _append(JsonToken.VALUE_STRING, text); } }
[[0.0455654  0.03661447 0.02855171 0.05679319 0.10937156 0.02305877
 0.05882008 0.12262222 0.0455965  0.07242333 0.02472091 0.05882008
 0.02723839 0.01899044 0.06745329 0.05882008 0.06731412 0.03924454
 0.01899044 0.01899044]
[0.03747508 0.03115013 0.02970028 0.05448705 0.13578655 0.01938301
 0.058159   0.12356937 0.03889552 0.055352   0.01892378 0.058159
 0.0224256  0.01799377 0.08357149 0.058159   0.07503758 0.04578418
 0.01799377 0.01799377]
[0.03862803 0.02984831 0.02745198 0.05860953 0.10458287 0.02484448
 0.06832568 0.11197379 0.04651873 0.0583568  0.02300641 0.06832568
 0.01864836 0.0166944  0.09093249 0.06832568 0.07622928 0.03530864
 0.0166944  0.0166944 ]
[0.0289607  0.0280721  0.02971392 0.05866149 0.14175506 0.02130833
 0.05608471 0.14272255 0.04200041 0.07205186 0.0175281  0.05608471
 0.01666981 0.01453666 0.07514904 0.05608471 0.07447989 0.03906261
 0.01453666 0.01453666]
[0.02985514 0.02768219 0.02847476 0.05591546 0.15384375 0.01742535
 0.06388883 0.13322808 0.03819749 0.04809849 0.01851699 0.06388883
 0.01721998 0.0130076  0.08996198 0.06388883 0.08171211 0.02917897
 0.0130076  0.0130076 ]
[0.03493791 0.02753735 0.02750377 0.05320526 0.13534686 0.01907299
 0.0595281  0.14254582 0.03878807 0.06867871 0.01520356 0.0595281
 0.02250034 0.01287682 0.08014129 0.0595281  0.07567474 0.04164867
 0.01287682 0.01287682]
[0.04678933 0.04007185 0.03495548 0.04516317 0.08461815 0.02998557
 0.06656698 0.08172422 0.03890374 0.05206119 0.03195919 0.06656698
 0.02473766 0.02485293 0.08459702 0.06656698 0.07176951 0.05840418
 0.02485293 0.02485293]
[0.02755765 0.02039377 0.02201734 0.0561982  0.16249682 0.01667789
 0.0550501  0.1543036  0.03528689 0.05753484 0.01059165 0.0550501
 0.01391156 0.00854757 0.11814217 0.0550501  0.07299779 0.04109683
 0.00854757 0.00854757]
[0.04071975 0.03257799 0.02887697 0.04461324 0.09671009 0.02376274
 0.06382791 0.13272628 0.03890114 0.06646448 0.0214244  0.06382791
 0.02433673 0.01821863 0.06729031 0.06382791 0.08738023 0.04807607
 0.01821863 0.01821863]
[0.02602379 0.02629565 0.02573935 0.05435595 0.12407093 0.01843372
 0.06021635 0.1441552  0.04191736 0.0656991  0.01702264 0.06021635
 0.01604457 0.01266023 0.07957782 0.06021635 0.10468793 0.03734628
 0.01266023 0.01266023]
[0.03264315 0.0245343  0.02516617 0.05530132 0.11678854 0.02103251
 0.06618062 0.15019962 0.04562875 0.06308672 0.0210624  0.06618062
 0.0197784  0.01065489 0.06306629 0.06618062 0.09423794 0.03696737
 0.01065489 0.01065489]
[0.04678933 0.04007185 0.03495548 0.04516317 0.08461815 0.02998557
 0.06656698 0.08172422 0.03890374 0.05206119 0.03195919 0.06656698
 0.02473766 0.02485293 0.08459702 0.06656698 0.07176951 0.05840418
 0.02485293 0.02485293]
[0.04441121 0.03499874 0.02979661 0.05305422 0.12652059 0.02281166
 0.05760154 0.11744964 0.0368482  0.05636146 0.01917389 0.05760154
 0.02273778 0.01640349 0.08647473 0.05760154 0.09032471 0.03702145
 0.01640349 0.01640349]
[0.03105102 0.02787257 0.03071245 0.05256386 0.13147949 0.02307558
 0.07043385 0.11777847 0.04986957 0.05301308 0.01977333 0.07043385
 0.01771966 0.0156084  0.07893793 0.07043385 0.07278784 0.03523842
 0.0156084  0.0156084 ]
[0.03779981 0.02781686 0.02490543 0.05991935 0.13013144 0.02146041
 0.06366257 0.11867769 0.03786346 0.06189106 0.0204538  0.06366257
 0.02250223 0.0138344  0.08731899 0.06366257 0.06872971 0.04803883
 0.0138344  0.0138344 ]
[0.04678933 0.04007185 0.03495548 0.04516317 0.08461815 0.02998557
 0.06656698 0.08172422 0.03890374 0.05206119 0.03195919 0.06656698
 0.02473766 0.02485293 0.08459702 0.06656698 0.07176951 0.05840418
 0.02485293 0.02485293]
[0.04307594 0.02886369 0.02924194 0.04806408 0.11689387 0.02641138
 0.06531978 0.12646419 0.04141122 0.06065919 0.03009409 0.06531978
 0.02040972 0.01533473 0.06629238 0.06531978 0.08590424 0.03425054
 0.01533473 0.01533473]
[0.04037848 0.02955342 0.03266647 0.05630654 0.10564181 0.02064971
 0.06335716 0.14427215 0.03435078 0.05514801 0.01784358 0.06335716
 0.02053067 0.01820814 0.08288749 0.06335716 0.08662815 0.02844684
 0.01820814 0.01820814]
[0.03105102 0.02787257 0.03071245 0.05256386 0.13147949 0.02307558
 0.07043385 0.11777847 0.04986957 0.05301308 0.01977333 0.07043385
 0.01771966 0.0156084  0.07893793 0.07043385 0.07278784 0.03523842
 0.0156084  0.0156084 ]
[0.03105102 0.02787257 0.03071245 0.05256386 0.13147949 0.02307558
 0.07043385 0.11777847 0.04986957 0.05301308 0.01977333 0.07043385
 0.01771966 0.0156084  0.07893793 0.07043385 0.07278784 0.03523842
 0.0156084  0.0156084 ]]