99100
Test: public void shouldAllowStubbingMocksConfiguredWithRETURNS_MOCKS() { IMethods mock = mock(IMethods.class, RETURNS_MOCKS); when(mock.objectReturningMethodNoArgs()).thenReturn(null); }
Code: public static <T> T mock(Class<T> classToMock, MockSettings mockSettings) { return MOCKITO_CORE.mock(classToMock, mockSettings); }
[[0.04705119 0.13547128 0.11945146 0.03102795 0.10417604 0.01696827
 0.23474252 0.08870176 0.05977568 0.05141588 0.04559406 0.04622482
 0.01939911]
[0.04645022 0.11820145 0.13412291 0.02557404 0.09417416 0.0145701
 0.26584023 0.07808617 0.07581084 0.04354169 0.0387524  0.04388718
 0.02098863]
[0.04451742 0.10733023 0.13366532 0.01966954 0.07809308 0.01304753
 0.290258   0.08473126 0.08011793 0.04917986 0.03540075 0.04582126
 0.01816782]
[0.04307444 0.11512518 0.1261857  0.02486005 0.10096212 0.01444962
 0.26093152 0.08479548 0.06481022 0.04988892 0.0414416  0.05490256
 0.01857257]
[0.03962681 0.15012197 0.12554726 0.03426659 0.07611416 0.01293427
 0.25510725 0.06973332 0.06179399 0.05682138 0.04412478 0.05497608
 0.01883213]
[0.03773436 0.15801072 0.11130728 0.0232157  0.11806126 0.01359417
 0.2323186  0.08223198 0.05783274 0.06504286 0.03429884 0.05348979
 0.01286163]
[0.04366579 0.12041606 0.11594315 0.03504457 0.08433363 0.01690222
 0.23018737 0.08346861 0.08403286 0.0560123  0.04402939 0.06304085
 0.02292322]
[0.04432647 0.11684008 0.11781512 0.02629806 0.09577119 0.01463245
 0.2706732  0.08427115 0.05986223 0.0598705  0.03713861 0.05404583
 0.01845521]
[0.05467643 0.12200713 0.11072282 0.02984269 0.08140907 0.01885263
 0.20763572 0.09678204 0.07898115 0.06409179 0.04688686 0.05883911
 0.02927265]
[0.0291979  0.12793407 0.1261904  0.0166556  0.10292511 0.01056616
 0.33489385 0.07436963 0.05236625 0.04320017 0.02851645 0.0385941
 0.01459026]
[0.02793451 0.11331016 0.13280135 0.021673   0.0878007  0.00850179
 0.32839018 0.07928698 0.06552824 0.04547821 0.02767215 0.04465881
 0.01696401]
[0.0289391  0.12755445 0.13643269 0.01660482 0.10011348 0.00940042
 0.31770772 0.08287694 0.05098061 0.04308776 0.02695654 0.04709166
 0.01225382]
[0.03642094 0.1263664  0.14804372 0.02438053 0.09178582 0.01333891
 0.22020614 0.08058672 0.0702427  0.07279281 0.0376167  0.06197698
 0.01624164]]