67407
Test: public void testObjectWriter() throws IOException { ObjectWriter origWriter = MAPPER.writer(); final String EXP_JSON = "{\"x\":2,\"y\":3}"; final MyPojo p = new MyPojo(2, 3); byte[] bytes = jdkSerialize(origWriter); ObjectWriter writer2 = jdkDeserialize(bytes); }
Code: public void serialize(Object value, JsonGenerator g, SerializerProvider provider){switch (_typeId) {case TYPE_DATE:provider.defaultSerializeDateKey((Date)value, g);break;case TYPE_CALENDAR:provider.defaultSerializeDateKey(((Calendar) value).getTimeInMillis(), g);break;case TYPE_CLASS:g.writeFieldName(((Class<?>)value).getName());break;case TYPE_ENUM:{String str = provider.isEnabled(SerializationFeature.WRITE_ENUMS_USING_TO_STRING)? value.toString() : ((Enum<?>) value).name();;}break;case TYPE_TO_STRING:default:g.writeFieldName(value.toString());}}
[[0.02813754 0.02386874 0.06736393 0.02596129 0.03576091 0.02960054
 0.0842408  0.02582562 0.04644834 0.0759155  0.02729364 0.0120822
 0.04426552 0.05296725 0.0120822  0.00921127 0.02299634 0.02006081
 0.01827305 0.13934945 0.09293136 0.02970031 0.03373624 0.01710689
 0.02482028]
[0.02163147 0.02225796 0.06272464 0.01658435 0.02549984 0.02587944
 0.11668582 0.01647168 0.03756571 0.06538978 0.01733893 0.00860216
 0.04046917 0.0595846  0.00860216 0.01148965 0.02121273 0.01266391
 0.02022554 0.22361024 0.07602645 0.02359267 0.02828982 0.01541743
 0.02218391]
[0.03129949 0.02454982 0.0624532  0.02763995 0.04121888 0.03296377
 0.08775748 0.01815795 0.03759844 0.07626466 0.03051591 0.0141228
 0.03587864 0.04993038 0.0141228  0.01370477 0.0284898  0.01867654
 0.01717671 0.15643194 0.07991306 0.02340038 0.03131048 0.02098771
 0.02543451]
[0.01780917 0.01546169 0.07970611 0.0191487  0.02791856 0.03060635
 0.11818574 0.01665757 0.03647175 0.06762317 0.02229398 0.0102876
 0.04236663 0.04708829 0.0102876  0.00970289 0.01850223 0.01497682
 0.0169105  0.17655854 0.10935457 0.01983465 0.03164573 0.01562326
 0.02497791]
[0.02513207 0.02132286 0.08148605 0.02033599 0.02891542 0.02265408
 0.09796885 0.02217627 0.04049926 0.07268123 0.02551394 0.01032593
 0.03915988 0.05015949 0.01032593 0.0103288  0.02029771 0.01408573
 0.0188148  0.18910198 0.08305173 0.02190462 0.03291542 0.01581099
 0.02503104]
[0.0168503  0.02050111 0.06305481 0.02335384 0.02671819 0.02392287
 0.10177515 0.02110101 0.03734269 0.08894379 0.02883952 0.01018178
 0.05423418 0.05497539 0.01018178 0.01097429 0.02563567 0.01530638
 0.01671634 0.17054239 0.08687316 0.02935334 0.02536207 0.01543338
 0.0218266 ]
[0.02096588 0.01727263 0.07999113 0.02420002 0.03256046 0.03096532
 0.09539598 0.0158563  0.03473729 0.09827971 0.01734003 0.00891392
 0.04119417 0.04765864 0.00891392 0.00839645 0.01797041 0.01286908
 0.01970307 0.19722074 0.08181497 0.01884772 0.02700103 0.01585917
 0.02607199]
[0.02414523 0.02282505 0.08510711 0.02265189 0.03365052 0.02910401
 0.08688445 0.02006722 0.03878171 0.07903437 0.0243701  0.01116738
 0.03834384 0.06068402 0.01116738 0.01256082 0.02241228 0.01488785
 0.01785843 0.17798863 0.06952325 0.02231591 0.02973742 0.01551667
 0.02921446]
[0.01779203 0.01562148 0.09594428 0.01931324 0.02679441 0.01967772
 0.12091073 0.01441232 0.03771841 0.08378904 0.01988113 0.00697774
 0.04260932 0.05355343 0.00697774 0.0076196  0.01789138 0.01438262
 0.01421388 0.1904531  0.08938519 0.02131825 0.02743224 0.01149296
 0.02383779]
[0.02142648 0.01822651 0.09952763 0.02640044 0.03037275 0.02126209
 0.09826684 0.02036658 0.04366889 0.08606388 0.02251445 0.00982708
 0.0477379  0.05141506 0.00982708 0.00907696 0.01857932 0.01734279
 0.01801083 0.17209846 0.07181443 0.01883906 0.0246516  0.01496845
 0.02771439]
[0.02570644 0.02443352 0.06137431 0.02536757 0.0334386  0.03037424
 0.10448921 0.01843786 0.04191951 0.0604685  0.02455658 0.01423002
 0.03614474 0.0504676  0.01423002 0.01209195 0.02118034 0.01961209
 0.0232388  0.18248461 0.08069883 0.0204256  0.03327361 0.01529621
 0.02605922]
[0.03252606 0.02229923 0.06821095 0.02608517 0.03658333 0.02680358
 0.08486143 0.02142927 0.047594   0.06580467 0.02786694 0.01456928
 0.05529995 0.05177648 0.01456928 0.01415629 0.01805848 0.02071425
 0.0195728  0.1551625  0.07413016 0.02270716 0.03278115 0.02031752
 0.02612   ]
[0.02492751 0.02188246 0.07388609 0.02396866 0.03644657 0.03870731
 0.0994261  0.02007302 0.03613218 0.07144802 0.02627083 0.01211062
 0.04726513 0.04880947 0.01211062 0.01309445 0.02273621 0.0189906
 0.02169085 0.14987455 0.08454203 0.02021677 0.02857959 0.01897569
 0.02783472]
[0.02297476 0.02437088 0.06374007 0.02346849 0.03650365 0.03052086
 0.08146556 0.01845639 0.04256316 0.08466934 0.02828881 0.01334589
 0.04529555 0.05778986 0.01334589 0.01340422 0.02001124 0.01485177
 0.02061788 0.1649022  0.08850915 0.01796892 0.02908376 0.02062814
 0.02322352]
[0.03252606 0.02229923 0.06821095 0.02608517 0.03658333 0.02680358
 0.08486143 0.02142927 0.047594   0.06580467 0.02786694 0.01456928
 0.05529995 0.05177648 0.01456928 0.01415629 0.01805848 0.02071425
 0.0195728  0.1551625  0.07413016 0.02270716 0.03278115 0.02031752
 0.02612   ]
[0.02265049 0.01584784 0.08947457 0.02101794 0.02669784 0.02393553
 0.10693537 0.01498046 0.03827651 0.07488841 0.02182129 0.00949024
 0.04083073 0.05289968 0.00949024 0.00946106 0.02009916 0.01056601
 0.01560391 0.21056631 0.08951731 0.01609227 0.02154301 0.01474981
 0.02256402]
[0.02245158 0.02344193 0.05953699 0.02355212 0.03108188 0.03011402
 0.09393741 0.01844771 0.03973033 0.0810675  0.02264363 0.01391281
 0.04372553 0.0549405  0.01391281 0.0138568  0.02324686 0.02093639
 0.02022025 0.16539079 0.08005987 0.02712914 0.02946183 0.02073259
 0.02646875]
[0.01909949 0.02002755 0.1019098  0.02177335 0.02812607 0.02994942
 0.09333635 0.01585764 0.03397169 0.08999338 0.01899874 0.00972149
 0.0414191  0.04651149 0.00972149 0.00724152 0.0167745  0.01428717
 0.01514601 0.17850389 0.09736263 0.0227941  0.02621637 0.01623314
 0.02502364]
[0.03336709 0.02808536 0.06265913 0.03037778 0.04021194 0.03673655
 0.0789882  0.02517599 0.05036282 0.04929756 0.02972353 0.02109951
 0.04413947 0.04867242 0.02109951 0.02141694 0.02622712 0.01839997
 0.02890703 0.11306221 0.06444081 0.02997711 0.03736419 0.02782201
 0.03238574]
[0.0253534  0.01805461 0.07077321 0.02008411 0.02646497 0.03515102
 0.09490931 0.01753119 0.03292631 0.08812787 0.02156379 0.01000691
 0.0424724  0.05968992 0.01000691 0.01050067 0.0184518  0.01358191
 0.01345255 0.19063917 0.08294524 0.02565625 0.03060521 0.01599462
 0.02505665]
[0.02034808 0.0167507  0.07676268 0.02398987 0.03431489 0.02047974
 0.12202519 0.01769682 0.0404572  0.06218826 0.02619873 0.01141502
 0.04297643 0.03996599 0.01141502 0.01010763 0.01817976 0.01641854
 0.0194765  0.15676688 0.11957306 0.02345287 0.03168269 0.01469433
 0.02266303]
[0.02913716 0.02362518 0.08150215 0.0205668  0.03040623 0.03576567
 0.08828172 0.02292971 0.05018391 0.05975642 0.02467084 0.01272356
 0.03849731 0.05071314 0.01272356 0.01259331 0.02137249 0.02383752
 0.02335815 0.14921038 0.08036265 0.02172951 0.03489706 0.01968076
 0.03147484]
[0.02181442 0.01841322 0.07570078 0.02399131 0.02845253 0.02912941
 0.10234361 0.01832739 0.04143462 0.06774914 0.0251851  0.01068334
 0.04384249 0.05359463 0.01068334 0.00956864 0.02022712 0.01488478
 0.01620082 0.17473598 0.09532509 0.02813381 0.03169679 0.01439356
 0.0234881 ]
[0.02125722 0.01419537 0.0875919  0.01680452 0.0273424  0.02420444
 0.10942821 0.01403023 0.03074947 0.07245569 0.02237019 0.00947631
 0.04652414 0.0529505  0.00947631 0.00727035 0.01936631 0.01356827
 0.01293685 0.20765844 0.10440264 0.01833108 0.02477437 0.01261166
 0.02022318]
[0.02175664 0.01725851 0.08535099 0.02272569 0.03194279 0.01905955
 0.11096572 0.01675551 0.03382725 0.07505559 0.02403017 0.00899052
 0.04530745 0.04844847 0.00899052 0.00918652 0.01719354 0.01250323
 0.01812042 0.19869424 0.08559737 0.02129918 0.02813155 0.01641789
 0.02239074]]