67359
Test: public void test018() throws Throwable { if (debug) System.out.format("%n%s%n", "RegressionTest0.test018"); com.fasterxml.jackson.databind.PropertyMetadata propertyMetadata2 = com.fasterxml.jackson.databind.PropertyMetadata.construct(false, "hi!"); boolean boolean3 = propertyMetadata2.hasDefaultValue(); }
Code: public static CollectionType construct(Class<?> rawType, JavaType elemT){return new CollectionType(rawType, null,_bogusSuperClass(rawType), null, elemT,null, null, false);}
[[0.04374638 0.10440803 0.08487327 0.10878041 0.02893393 0.07721045
 0.05063736 0.02310542 0.08793062 0.06114715 0.10783224 0.03605792
 0.10783225 0.07750457]
[0.04865725 0.10674569 0.09255809 0.10683866 0.03485208 0.07477571
 0.05263349 0.02002778 0.07549894 0.05522975 0.10754975 0.02931429
 0.10754976 0.08776867]
[0.0401744  0.11661272 0.08808512 0.12798889 0.02088852 0.07782225
 0.0421054  0.01687456 0.0783446  0.06666448 0.10261534 0.02790613
 0.10261535 0.09130225]
[0.03888494 0.09704409 0.07997597 0.14756685 0.02293696 0.06837606
 0.0425447  0.02020309 0.0946677  0.05704275 0.10787598 0.03080457
 0.10787594 0.08420037]
[0.03605902 0.10080889 0.07754472 0.15440665 0.01693159 0.09066453
 0.03686808 0.01821939 0.07990187 0.06535597 0.10460977 0.02931298
 0.10460976 0.08470683]
[0.04518185 0.0976174  0.08410173 0.13243169 0.02808904 0.08345468
 0.04277273 0.0201815  0.09396333 0.05114557 0.1058151  0.0303524
 0.10581508 0.07907794]
[0.05297817 0.10328612 0.08177238 0.096237   0.02955793 0.08886067
 0.05082411 0.02433274 0.08524659 0.06332703 0.0943848  0.04437971
 0.09438477 0.090428  ]
[0.03902013 0.10894047 0.07308826 0.10001387 0.03050332 0.09338412
 0.04201793 0.02717663 0.09296705 0.05545409 0.10284732 0.04022818
 0.1028473  0.0915112 ]
[0.03344413 0.10616219 0.07472702 0.12256677 0.0234644  0.07994889
 0.04875415 0.02018057 0.09877941 0.05222061 0.11253598 0.03356479
 0.11253597 0.08111505]
[0.04243978 0.09377071 0.08613246 0.16480756 0.02481227 0.07505923
 0.03608707 0.01816113 0.09223028 0.06402967 0.09531932 0.0292455
 0.09531931 0.08258576]
[0.04189655 0.09932624 0.07823147 0.09938952 0.01770698 0.07365698
 0.0458941  0.01976899 0.0899265  0.06219731 0.12958574 0.03101485
 0.12958571 0.08181908]
[0.03672117 0.10051318 0.08852683 0.09844107 0.02285863 0.08022933
 0.04413357 0.01976264 0.09104562 0.06144379 0.11402109 0.02720129
 0.11402105 0.10108072]
[0.04189654 0.09932622 0.07823147 0.0993895  0.01770698 0.07365695
 0.04589409 0.01976899 0.0899265  0.06219729 0.12958573 0.03101485
 0.12958573 0.08181908]
[0.04596318 0.11307707 0.09292133 0.14233458 0.02333295 0.06969668
 0.04953624 0.01939485 0.09019738 0.05760168 0.08705859 0.02743135
 0.08705858 0.09439553]]