100326
Test: public void testAddWeeks_int_dstOverlapSummer_addZero() { MutableDateTime test = new MutableDateTime(2011, 10, 30, 2, 30, 0, 0, DateTimeZone.forID("Europe/Berlin")); test.addWeeks(0); }
Code: public void addWeeks(final int weeks) { if (weeks != 0) { setMillis(getChronology().weeks().add(getMillis(), weeks)); } }
[[0.04728217 0.03939388 0.2297795  0.02808057 0.0499514  0.07226871
 0.12838648 0.04977976 0.02698776 0.02876204 0.0722687  0.05673034
 0.1260016  0.02216354 0.02216354]
[0.03625005 0.03366876 0.29901427 0.01859879 0.04964504 0.07247888
 0.12204377 0.04532478 0.02461027 0.02650853 0.07247885 0.0480149
 0.1080135  0.02167483 0.02167483]
[0.04913251 0.04146194 0.1936     0.02855742 0.07289062 0.0725529
 0.15632741 0.05786214 0.03023506 0.02922541 0.0725529  0.03935066
 0.11485387 0.02069855 0.02069855]
[0.03140808 0.02877204 0.25847182 0.02134679 0.04904851 0.07867977
 0.18170238 0.04245012 0.02048433 0.02628824 0.07867975 0.04848213
 0.10178663 0.0161997  0.0161997 ]
[0.04296836 0.03468248 0.2359501  0.0227426  0.04992216 0.07072986
 0.12258752 0.04310094 0.02732043 0.03112826 0.07072987 0.0520319
 0.15606414 0.02002072 0.02002072]
[0.05044818 0.04422019 0.21567729 0.023937   0.05322951 0.08337397
 0.08658882 0.05273459 0.03615223 0.03466353 0.08337398 0.06443747
 0.11309102 0.02903613 0.02903613]
[0.02598858 0.02197629 0.387141   0.01187761 0.03366675 0.07446966
 0.1539462  0.05062598 0.01217864 0.0288827  0.07446963 0.02755069
 0.07599122 0.01061754 0.01061754]
[0.04066078 0.03456566 0.21043076 0.02840181 0.05791352 0.07422586
 0.14504535 0.06328651 0.02593354 0.03147149 0.07422587 0.05397714
 0.12127984 0.01929095 0.01929095]
[0.03127703 0.02328568 0.30321777 0.01758861 0.04393621 0.08982164
 0.13549903 0.04917565 0.01473009 0.03229052 0.08982164 0.0364984
 0.10299565 0.01493101 0.01493101]
[0.03840598 0.04033094 0.25099152 0.02260343 0.04586967 0.0745343
 0.129953   0.04929375 0.03114481 0.02829518 0.0745343  0.05588728
 0.10773048 0.02521269 0.02521269]
[0.05044818 0.04422019 0.21567729 0.023937   0.05322951 0.08337397
 0.08658882 0.05273459 0.03615223 0.03466353 0.08337398 0.06443747
 0.11309102 0.02903613 0.02903613]
[0.04440597 0.03210648 0.20286599 0.02807054 0.06799303 0.07812508
 0.15687567 0.0537511  0.02750389 0.03582815 0.07812509 0.04061714
 0.11444496 0.01964348 0.01964348]
[0.03019641 0.0202397  0.2946751  0.01581155 0.04680434 0.06878388
 0.13109794 0.04891529 0.01675886 0.02808729 0.06878388 0.04889853
 0.14743738 0.01675492 0.01675492]
[0.03472925 0.03236794 0.22283322 0.02622519 0.05277485 0.09082583
 0.13437358 0.06136411 0.02554643 0.02616601 0.09082583 0.04447492
 0.11855407 0.0194694  0.0194694 ]
[0.03472925 0.03236794 0.22283322 0.02622519 0.05277485 0.09082583
 0.13437358 0.06136411 0.02554643 0.02616601 0.09082583 0.04447492
 0.11855407 0.0194694  0.0194694 ]]