60809
Test: public void testReadLine() throws Exception { ExtendedBufferedReader br = getBufferedReader(""); br = getBufferedReader("\n"); br = getBufferedReader("foo\n\nhello"); br = getBufferedReader("foo\n\nhello"); br = getBufferedReader("foo\rbaar\r\nfoo"); }
Code: public int read() throws IOException { int current = super.read(); if (current == '\n') { lineCounter++; } lastChar = current; return lastChar; }
[[0.02562015 0.01421689 0.02370716 0.05336304 0.01581908 0.04419474
 0.01421689 0.0297721  0.0167612  0.040034   0.07008    0.03419231
 0.03754876 0.03555138 0.04419474 0.08636758 0.01311119 0.07976882
 0.0167612  0.20244178 0.02943514 0.05973067 0.01311119]
[0.01836009 0.01224109 0.01905671 0.05777982 0.0156831  0.04737673
 0.01224109 0.02858036 0.0154479  0.03296236 0.10630491 0.02711225
 0.04338904 0.04463979 0.04737673 0.06141662 0.00962579 0.0875317
 0.0154479  0.20006344 0.03034058 0.05739619 0.00962579]
[0.02484824 0.01020722 0.02055896 0.06161592 0.01512341 0.04317887
 0.01020722 0.0295851  0.01746584 0.03382704 0.07754198 0.02750281
 0.03407864 0.03698671 0.04317887 0.07801497 0.01121721 0.0836082
 0.01746584 0.21361253 0.03647963 0.06247761 0.01121721]
[0.01689773 0.00820577 0.01626066 0.06860271 0.01341738 0.05440637
 0.00820577 0.02226856 0.015815   0.02353776 0.07546741 0.02472603
 0.02308753 0.02394536 0.05440637 0.07871021 0.00976873 0.06893949
 0.015815   0.29256517 0.03017915 0.04500314 0.00976873]
[0.01930654 0.00986638 0.02739787 0.07159524 0.01354802 0.04579037
 0.00986638 0.0226214  0.01611188 0.02525363 0.08468624 0.03015413
 0.0371055  0.03599665 0.04579037 0.07807355 0.00885752 0.06842142
 0.01611188 0.2382156  0.03038801 0.05598386 0.00885752]
[0.03140436 0.01466683 0.02638716 0.05468063 0.02171876 0.05425339
 0.01466683 0.03617021 0.0263146  0.04120559 0.05359272 0.03772128
 0.03273572 0.0394634  0.05425339 0.09001607 0.01852936 0.0725409
 0.0263146  0.13671729 0.03565059 0.06246694 0.01852936]
[0.01836009 0.01224109 0.01905671 0.05777982 0.0156831  0.04737673
 0.01224109 0.02858036 0.0154479  0.03296236 0.10630491 0.02711225
 0.04338904 0.04463979 0.04737673 0.06141662 0.00962579 0.0875317
 0.0154479  0.20006344 0.03034058 0.05739619 0.00962579]
[0.02258283 0.0147865  0.02088635 0.066173   0.01825269 0.05337463
 0.0147865  0.03094542 0.01985391 0.03183666 0.07413335 0.02757255
 0.03481432 0.03502675 0.05337463 0.07527078 0.01294804 0.08596753
 0.01985391 0.18514083 0.03197661 0.05749414 0.01294804]
[0.0356161  0.02123979 0.02865474 0.05421521 0.02348415 0.04205864
 0.02123979 0.03749363 0.03005744 0.04019939 0.07919949 0.04159183
 0.03972368 0.05032545 0.04205864 0.0759338  0.01789765 0.07421006
 0.03005744 0.09512718 0.03944087 0.06227741 0.01789765]
[0.02356452 0.0100423  0.01849348 0.04962064 0.01628658 0.05546838
 0.0100423  0.02182873 0.01488462 0.02920753 0.06446105 0.02790803
 0.02930599 0.03126922 0.05546838 0.0840539  0.01423422 0.06947672
 0.01488462 0.2609943  0.02945988 0.05481036 0.01423422]
[0.01363804 0.00596569 0.01761235 0.07523072 0.01235242 0.04417435
 0.00596569 0.01795019 0.01200573 0.01794551 0.08269033 0.01680511
 0.0222635  0.02431339 0.04417435 0.05769328 0.00614932 0.07610025
 0.01200573 0.36090186 0.0189318  0.04898109 0.00614931]
[0.02301005 0.01107327 0.01850678 0.06459254 0.01851059 0.04111823
 0.01107327 0.02835815 0.01758284 0.0277613  0.07536355 0.0222374
 0.02980293 0.02602366 0.04111823 0.07433133 0.01283689 0.08321238
 0.01758284 0.2634697  0.027879   0.05171818 0.01283689]
[0.01308976 0.00650908 0.01918413 0.05698692 0.01323237 0.04869791
 0.00650908 0.02427682 0.01455729 0.02436613 0.07055824 0.02230653
 0.02961643 0.01668109 0.04869791 0.06118181 0.00928188 0.08142916
 0.0145573  0.33943266 0.02255174 0.04701386 0.00928188]
[0.02092709 0.01280766 0.02217068 0.06895645 0.01652037 0.04111122
 0.01280766 0.02819315 0.02418103 0.03300104 0.05348116 0.02882929
 0.03817334 0.03349287 0.04111122 0.08348168 0.01340131 0.0843849
 0.02418103 0.21756727 0.02560908 0.06220921 0.01340131]
[0.03140436 0.01466683 0.02638716 0.05468063 0.02171876 0.05425339
 0.01466683 0.03617021 0.0263146  0.04120559 0.05359272 0.03772128
 0.03273572 0.0394634  0.05425339 0.09001607 0.01852936 0.0725409
 0.0263146  0.13671729 0.03565059 0.06246694 0.01852936]
[0.01747194 0.00959578 0.02121262 0.05782308 0.0136858  0.05306414
 0.00959578 0.02158275 0.01409278 0.02704353 0.07862172 0.02636408
 0.0272883  0.0299106  0.05306414 0.07262426 0.00825702 0.07337135
 0.01409278 0.28441903 0.02394697 0.05461457 0.00825702]
[0.01833634 0.01347398 0.02384267 0.07652552 0.01649822 0.0563621
 0.01347398 0.03162277 0.01758422 0.03183196 0.07279114 0.02864882
 0.03256163 0.03269143 0.0563621  0.06707986 0.01168354 0.07804862
 0.01758422 0.18848792 0.04271778 0.06010767 0.01168354]
[0.01760998 0.00987281 0.02093956 0.07109676 0.01376536 0.04972372
 0.00987281 0.02835921 0.01921264 0.02674181 0.06332685 0.02916973
 0.02470842 0.03512618 0.04972372 0.0762353  0.01513967 0.09817208
 0.01921264 0.22431177 0.02444243 0.05809689 0.01513966]
[0.0356161  0.02123979 0.02865474 0.05421521 0.02348415 0.04205864
 0.02123979 0.03749363 0.03005744 0.04019939 0.07919949 0.04159183
 0.03972368 0.05032545 0.04205864 0.0759338  0.01789765 0.07421006
 0.03005744 0.09512718 0.03944087 0.06227741 0.01789765]
[0.02056765 0.01257075 0.02040328 0.06826475 0.01405907 0.05357441
 0.01257075 0.02887315 0.01614343 0.02926302 0.09441351 0.02711556
 0.03136579 0.03580008 0.05357441 0.07240056 0.00942288 0.08836747
 0.01614343 0.20164639 0.03061657 0.05342018 0.00942288]
[0.01779243 0.0087733  0.0194672  0.05343817 0.01689516 0.04441965
 0.0087733  0.02461646 0.01798243 0.02669927 0.06716547 0.0238489
 0.02826927 0.03076204 0.04441965 0.06805736 0.01168423 0.07769374
 0.01798243 0.30031177 0.02417842 0.05508508 0.01168423]
[0.02183845 0.0094619  0.02173065 0.0467722  0.01543864 0.04896162
 0.0094619  0.02517999 0.01553892 0.03415911 0.07448329 0.03374733
 0.03427938 0.03036641 0.04896162 0.07473221 0.00951527 0.06865424
 0.01553892 0.26515046 0.03154927 0.05496296 0.00951527]
[0.01833634 0.01347398 0.02384267 0.07652551 0.01649822 0.05636211
 0.01347398 0.03162276 0.01758422 0.03183196 0.07279113 0.02864882
 0.03256163 0.03269143 0.05636211 0.06707986 0.01168354 0.07804861
 0.01758422 0.1884879  0.04271778 0.06010769 0.01168354]]