100338
Test: public void testAddMinutes_int1() { MutableDateTime test = new MutableDateTime(2002, 6, 9, 5, 6, 7, 8); test.addMinutes(13); }
Code: public void addMinutes(final int minutes) { if (minutes != 0) { setMillis(getChronology().minutes().add(getMillis(), minutes)); } }
tensor([[0.0599, 0.0483, 0.0646, 0.0381, 0.1087, 0.0787, 0.1614, 0.0517, 0.0326,
         0.0333, 0.0787, 0.1023, 0.0911, 0.0253, 0.0253],
        [0.0468, 0.0402, 0.0531, 0.0251, 0.0959, 0.0785, 0.1553, 0.0465, 0.0286,
         0.0298, 0.0785, 0.1851, 0.0886, 0.0240, 0.0240],
        [0.0543, 0.0374, 0.0640, 0.0287, 0.0877, 0.0919, 0.1686, 0.0575, 0.0341,
         0.0297, 0.0919, 0.1163, 0.0941, 0.0220, 0.0220],
        [0.0387, 0.0332, 0.0542, 0.0288, 0.0786, 0.0826, 0.2229, 0.0652, 0.0237,
         0.0292, 0.0826, 0.1375, 0.0862, 0.0183, 0.0183],
        [0.0544, 0.0397, 0.0549, 0.0260, 0.1085, 0.0724, 0.1667, 0.0701, 0.0260,
         0.0322, 0.0724, 0.1395, 0.1070, 0.0151, 0.0151],
        [0.0586, 0.0507, 0.0538, 0.0286, 0.0963, 0.0891, 0.1016, 0.0554, 0.0406,
         0.0388, 0.0891, 0.1171, 0.1159, 0.0322, 0.0322],
        [0.0375, 0.0283, 0.0460, 0.0186, 0.0942, 0.0790, 0.2115, 0.0437, 0.0145,
         0.0312, 0.0790, 0.1798, 0.1124, 0.0121, 0.0121],
        [0.0335, 0.0344, 0.0596, 0.0267, 0.1027, 0.0893, 0.1708, 0.0383, 0.0260,
         0.0291, 0.0893, 0.1462, 0.1107, 0.0217, 0.0217],
        [0.0435, 0.0296, 0.0606, 0.0250, 0.1068, 0.0968, 0.1684, 0.0463, 0.0181,
         0.0359, 0.0968, 0.1387, 0.0986, 0.0174, 0.0174],
        [0.0485, 0.0468, 0.0683, 0.0300, 0.0861, 0.0802, 0.1633, 0.0466, 0.0379,
         0.0325, 0.0802, 0.1299, 0.0938, 0.0280, 0.0280],
        [0.0586, 0.0507, 0.0538, 0.0286, 0.0963, 0.0891, 0.1016, 0.0554, 0.0406,
         0.0388, 0.0891, 0.1171, 0.1159, 0.0322, 0.0322],
        [0.0519, 0.0397, 0.0642, 0.0299, 0.0873, 0.0870, 0.1652, 0.0474, 0.0334,
         0.0300, 0.0870, 0.1318, 0.0931, 0.0261, 0.0261],
        [0.0519, 0.0428, 0.0631, 0.0339, 0.0939, 0.0881, 0.1681, 0.0473, 0.0238,
         0.0352, 0.0881, 0.1308, 0.0991, 0.0169, 0.0169],
        [0.0399, 0.0366, 0.0622, 0.0304, 0.0921, 0.0981, 0.1531, 0.0665, 0.0287,
         0.0289, 0.0981, 0.1341, 0.0886, 0.0213, 0.0213],
        [0.0399, 0.0366, 0.0622, 0.0304, 0.0921, 0.0981, 0.1531, 0.0665, 0.0287,
         0.0289, 0.0981, 0.1341, 0.0886, 0.0213, 0.0213]])