16308
Test: public void test13666() throws Exception { Options options = new Options(); Option dir = OptionBuilder.withDescription( "dir" ).hasArg().create( 'd' ); options.addOption( dir ); final PrintStream oldSystemOut = System.out; try { final ByteArrayOutputStream bytes = new ByteArrayOutputStream(); final PrintStream print = new PrintStream(bytes); print.println(); final String eol = bytes.toString(); bytes.reset(); System.setOut(new PrintStream(bytes)); HelpFormatter formatter = new HelpFormatter(); formatter.printHelp( "dir", options ); } finally { System.setOut(oldSystemOut); } }
Code: private static void reset(){description = null;argName = "arg";longopt = null;;required = false;numberOfArgs = Option.UNINITIALIZED;;valuesep = (char) -1;}
tensor([[0.0666, 0.1020, 0.0343, 0.0964, 0.0259, 0.0913, 0.0259, 0.0361, 0.0259,
         0.0317, 0.0259, 0.0671, 0.0259, 0.0769, 0.0259, 0.0386, 0.2036],
        [0.0494, 0.1268, 0.0310, 0.0973, 0.0267, 0.0698, 0.0267, 0.0434, 0.0267,
         0.0358, 0.0267, 0.0512, 0.0267, 0.0662, 0.0267, 0.0372, 0.2314],
        [0.0418, 0.1175, 0.0270, 0.0883, 0.0247, 0.0723, 0.0247, 0.0330, 0.0247,
         0.0414, 0.0247, 0.0525, 0.0247, 0.0631, 0.0247, 0.0344, 0.2804],
        [0.0454, 0.1296, 0.0202, 0.1156, 0.0241, 0.0850, 0.0241, 0.0355, 0.0241,
         0.0288, 0.0241, 0.0479, 0.0241, 0.0665, 0.0241, 0.0248, 0.2560],
        [0.0580, 0.1175, 0.0381, 0.0684, 0.0389, 0.0694, 0.0389, 0.0542, 0.0389,
         0.0453, 0.0389, 0.0621, 0.0389, 0.0566, 0.0389, 0.0425, 0.1547],
        [0.0547, 0.1156, 0.0341, 0.1031, 0.0291, 0.0726, 0.0291, 0.0495, 0.0291,
         0.0375, 0.0291, 0.0586, 0.0291, 0.0745, 0.0291, 0.0390, 0.1861],
        [0.0580, 0.1175, 0.0381, 0.0684, 0.0389, 0.0694, 0.0389, 0.0542, 0.0389,
         0.0453, 0.0389, 0.0621, 0.0389, 0.0566, 0.0389, 0.0425, 0.1547],
        [0.0480, 0.1165, 0.0295, 0.1090, 0.0255, 0.0838, 0.0255, 0.0398, 0.0255,
         0.0357, 0.0255, 0.0493, 0.0255, 0.0785, 0.0255, 0.0366, 0.2204],
        [0.0580, 0.1175, 0.0381, 0.0684, 0.0389, 0.0694, 0.0389, 0.0542, 0.0389,
         0.0453, 0.0389, 0.0621, 0.0389, 0.0566, 0.0389, 0.0425, 0.1547],
        [0.0523, 0.1187, 0.0278, 0.0993, 0.0255, 0.0762, 0.0255, 0.0432, 0.0255,
         0.0457, 0.0255, 0.0590, 0.0255, 0.0860, 0.0255, 0.0428, 0.1956],
        [0.0580, 0.1175, 0.0381, 0.0684, 0.0389, 0.0694, 0.0389, 0.0542, 0.0389,
         0.0453, 0.0389, 0.0621, 0.0389, 0.0566, 0.0389, 0.0425, 0.1547],
        [0.0703, 0.1066, 0.0258, 0.1011, 0.0285, 0.0654, 0.0285, 0.0368, 0.0285,
         0.0404, 0.0285, 0.0559, 0.0285, 0.0681, 0.0285, 0.0374, 0.2214],
        [0.0580, 0.1175, 0.0381, 0.0684, 0.0389, 0.0694, 0.0389, 0.0542, 0.0389,
         0.0453, 0.0389, 0.0621, 0.0389, 0.0566, 0.0389, 0.0425, 0.1547],
        [0.0614, 0.1421, 0.0269, 0.1007, 0.0190, 0.0602, 0.0190, 0.0433, 0.0190,
         0.0332, 0.0190, 0.0487, 0.0190, 0.0663, 0.0190, 0.0316, 0.2717],
        [0.0580, 0.1175, 0.0381, 0.0684, 0.0389, 0.0694, 0.0389, 0.0542, 0.0389,
         0.0453, 0.0389, 0.0621, 0.0389, 0.0566, 0.0389, 0.0425, 0.1547],
        [0.0497, 0.1262, 0.0250, 0.1011, 0.0236, 0.0650, 0.0236, 0.0433, 0.0236,
         0.0319, 0.0236, 0.0527, 0.0236, 0.0617, 0.0236, 0.0343, 0.2672],
        [0.0538, 0.1369, 0.0269, 0.0985, 0.0261, 0.0702, 0.0261, 0.0381, 0.0261,
         0.0385, 0.0261, 0.0581, 0.0261, 0.0633, 0.0261, 0.0270, 0.2323]])