100306
Test: public void testAddMonths_int1() { MutableDateTime test = new MutableDateTime(2002, 6, 9, 5, 6, 7, 8); test.addMonths(6); }
Code: public void addMonths(final int months) { if (months != 0) { setMillis(getChronology().months().add(getMillis(), months)); } }
tensor([[0.0524, 0.0430, 0.1232, 0.0322, 0.0448, 0.0748, 0.1418, 0.1657, 0.0292,
         0.0306, 0.0748, 0.0307, 0.1099, 0.0234, 0.0234],
        [0.0436, 0.0382, 0.1508, 0.0231, 0.0420, 0.0765, 0.1453, 0.2063, 0.0274,
         0.0288, 0.0765, 0.0167, 0.0782, 0.0233, 0.0233],
        [0.0504, 0.0425, 0.1249, 0.0288, 0.0425, 0.0768, 0.1713, 0.1674, 0.0269,
         0.0334, 0.0768, 0.0211, 0.0958, 0.0207, 0.0207],
        [0.0396, 0.0339, 0.0902, 0.0296, 0.0399, 0.0836, 0.2281, 0.1775, 0.0242,
         0.0297, 0.0836, 0.0224, 0.0804, 0.0187, 0.0187],
        [0.0567, 0.0498, 0.1286, 0.0290, 0.0429, 0.0732, 0.1393, 0.1664, 0.0384,
         0.0302, 0.0732, 0.0314, 0.0975, 0.0215, 0.0215],
        [0.0610, 0.0524, 0.1120, 0.0302, 0.0441, 0.0881, 0.1065, 0.1282, 0.0415,
         0.0395, 0.0881, 0.0301, 0.1130, 0.0327, 0.0327],
        [0.0383, 0.0287, 0.1352, 0.0191, 0.0245, 0.0796, 0.2155, 0.2053, 0.0147,
         0.0315, 0.0796, 0.0146, 0.0891, 0.0122, 0.0122],
        [0.0462, 0.0327, 0.1160, 0.0236, 0.0415, 0.0817, 0.1803, 0.1833, 0.0280,
         0.0348, 0.0817, 0.0155, 0.0916, 0.0216, 0.0216],
        [0.0445, 0.0299, 0.1136, 0.0256, 0.0338, 0.0948, 0.1694, 0.1921, 0.0182,
         0.0354, 0.0948, 0.0187, 0.0945, 0.0173, 0.0173],
        [0.0473, 0.0455, 0.1290, 0.0293, 0.0445, 0.0777, 0.1594, 0.1590, 0.0370,
         0.0316, 0.0777, 0.0255, 0.0821, 0.0272, 0.0272],
        [0.0610, 0.0524, 0.1120, 0.0302, 0.0441, 0.0881, 0.1065, 0.1282, 0.0415,
         0.0395, 0.0881, 0.0301, 0.1130, 0.0327, 0.0327],
        [0.0496, 0.0364, 0.1288, 0.0335, 0.0372, 0.0835, 0.1795, 0.1529, 0.0320,
         0.0288, 0.0835, 0.0263, 0.0845, 0.0217, 0.0217],
        [0.0487, 0.0376, 0.1164, 0.0334, 0.0439, 0.0813, 0.1453, 0.1889, 0.0273,
         0.0347, 0.0813, 0.0241, 0.0957, 0.0207, 0.0207],
        [0.0432, 0.0389, 0.1037, 0.0332, 0.0474, 0.0992, 0.1642, 0.1578, 0.0302,
         0.0300, 0.0992, 0.0270, 0.0822, 0.0219, 0.0219],
        [0.0432, 0.0389, 0.1037, 0.0332, 0.0474, 0.0992, 0.1642, 0.1578, 0.0302,
         0.0300, 0.0992, 0.0270, 0.0822, 0.0219, 0.0219]])