63311
Test: public void test105() throws Throwable { if (debug) System.out.format("%n%s%n", "RegressionTest0.test105"); com.google.gson.JsonPrimitive jsonPrimitive1 = new com.google.gson.JsonPrimitive((java.lang.Character) ' '); java.lang.String str2 = jsonPrimitive1.toString(); boolean boolean3 = jsonPrimitive1.isString(); com.google.gson.internal.bind.JsonTreeReader jsonTreeReader4 = new com.google.gson.internal.bind.JsonTreeReader((com.google.gson.JsonElement) jsonPrimitive1); jsonTreeReader4.skipValue(); com.google.gson.stream.JsonToken jsonToken6 = jsonTreeReader4.peek(); boolean boolean7 = jsonTreeReader4.isLenient(); try { java.lang.String str8 = jsonTreeReader4.nextName(); } catch (java.lang.IllegalStateException e) { } }
Code: @Override public void skipValue(){if (peek() == JsonToken.NAME) {nextName();;} else {popStack();;}pathIndices[stackSize - -1]++;}
tensor([[0.0590, 0.0458, 0.0441, 0.2499, 0.0651, 0.0735, 0.0394, 0.0352, 0.0651,
         0.0533, 0.1939, 0.0758],
        [0.0602, 0.0576, 0.0495, 0.2275, 0.0439, 0.0841, 0.0413, 0.0472, 0.0684,
         0.0627, 0.1596, 0.0980],
        [0.0478, 0.0460, 0.0472, 0.2730, 0.0708, 0.0617, 0.0304, 0.0356, 0.0686,
         0.0515, 0.1757, 0.0917],
        [0.0667, 0.0647, 0.0446, 0.2099, 0.0536, 0.0787, 0.0430, 0.0506, 0.0763,
         0.0682, 0.1419, 0.1018],
        [0.0525, 0.0497, 0.0478, 0.2002, 0.0595, 0.0712, 0.0430, 0.0387, 0.0923,
         0.0567, 0.2064, 0.0820],
        [0.0406, 0.0322, 0.0406, 0.2758, 0.0573, 0.0747, 0.0385, 0.0312, 0.0648,
         0.0449, 0.2100, 0.0893],
        [0.0517, 0.0463, 0.0417, 0.2439, 0.0542, 0.0637, 0.0400, 0.0396, 0.0782,
         0.0565, 0.1845, 0.0999],
        [0.0603, 0.0481, 0.0419, 0.2154, 0.0705, 0.0820, 0.0589, 0.0467, 0.0631,
         0.0533, 0.1632, 0.0967],
        [0.0517, 0.0469, 0.0381, 0.2796, 0.0602, 0.0677, 0.0322, 0.0394, 0.0713,
         0.0480, 0.1753, 0.0896],
        [0.0614, 0.0507, 0.0456, 0.2191, 0.0649, 0.0799, 0.0408, 0.0485, 0.0703,
         0.0626, 0.1696, 0.0864],
        [0.0759, 0.0629, 0.0545, 0.2299, 0.0575, 0.0725, 0.0422, 0.0496, 0.0559,
         0.0630, 0.1421, 0.0939],
        [0.0549, 0.0609, 0.0546, 0.1988, 0.0522, 0.0792, 0.0552, 0.0496, 0.0737,
         0.0635, 0.1567, 0.1007]])