69433
Test: @Test public void testGetSiblings() { Document doc = Jsoup.parse("<div><p>Hello<p id=1>there<p>this<p>is<p>an<p id=last>element</div>"); Element p = doc.getElementById("1"); }
Code: public Element previousElementSibling(){List<Element> siblings = parent().children();Integer index = indexInList(this, siblings);;if (index > 0)return siblings.get(index-1);elsereturn null;}
tensor([[0.0703, 0.0326, 0.0685, 0.1163, 0.0448, 0.0598, 0.0542, 0.0448, 0.0762,
         0.0699, 0.0714, 0.1161, 0.0426, 0.0653, 0.0673],
        [0.0761, 0.0333, 0.0669, 0.1039, 0.0462, 0.0582, 0.0479, 0.0462, 0.0632,
         0.0710, 0.0816, 0.1505, 0.0403, 0.0606, 0.0542],
        [0.0559, 0.0271, 0.0560, 0.0984, 0.0608, 0.0679, 0.0481, 0.0608, 0.0598,
         0.0815, 0.0833, 0.1224, 0.0398, 0.0732, 0.0650],
        [0.0587, 0.0330, 0.0561, 0.1141, 0.0534, 0.0485, 0.0429, 0.0534, 0.0636,
         0.0870, 0.0894, 0.1262, 0.0472, 0.0701, 0.0565],
        [0.0741, 0.0452, 0.0772, 0.0802, 0.0618, 0.0689, 0.0451, 0.0618, 0.0675,
         0.0677, 0.0766, 0.1002, 0.0522, 0.0702, 0.0514],
        [0.0689, 0.0245, 0.0753, 0.1082, 0.0439, 0.0488, 0.0411, 0.0439, 0.0868,
         0.0839, 0.0795, 0.1248, 0.0420, 0.0728, 0.0555],
        [0.0525, 0.0256, 0.0809, 0.0994, 0.0562, 0.0587, 0.0461, 0.0562, 0.0610,
         0.0747, 0.0882, 0.1242, 0.0448, 0.0717, 0.0597],
        [0.0741, 0.0452, 0.0772, 0.0802, 0.0618, 0.0689, 0.0451, 0.0618, 0.0675,
         0.0677, 0.0766, 0.1002, 0.0522, 0.0702, 0.0514],
        [0.0514, 0.0215, 0.0663, 0.1399, 0.0460, 0.0576, 0.0425, 0.0460, 0.0676,
         0.0668, 0.0694, 0.1509, 0.0363, 0.0805, 0.0573],
        [0.0701, 0.0269, 0.0654, 0.1060, 0.0400, 0.0472, 0.0410, 0.0400, 0.0764,
         0.0754, 0.0700, 0.1879, 0.0401, 0.0632, 0.0505],
        [0.0661, 0.0393, 0.0716, 0.1108, 0.0455, 0.0544, 0.0416, 0.0455, 0.0812,
         0.0767, 0.0838, 0.1280, 0.0363, 0.0594, 0.0596],
        [0.0802, 0.0295, 0.0609, 0.1334, 0.0436, 0.0613, 0.0408, 0.0436, 0.0621,
         0.0745, 0.0684, 0.1495, 0.0366, 0.0640, 0.0515],
        [0.0709, 0.0378, 0.0658, 0.1082, 0.0540, 0.0651, 0.0416, 0.0540, 0.0740,
         0.0711, 0.0698, 0.1137, 0.0431, 0.0717, 0.0591],
        [0.0564, 0.0273, 0.0783, 0.1401, 0.0546, 0.0609, 0.0406, 0.0546, 0.0681,
         0.0662, 0.0725, 0.0938, 0.0426, 0.0775, 0.0665],
        [0.0663, 0.0276, 0.0691, 0.1099, 0.0434, 0.0518, 0.0371, 0.0434, 0.0587,
         0.0857, 0.0783, 0.1542, 0.0465, 0.0724, 0.0554]])