16269
Test: public void test1() throws Throwable { if (debug) System.out.format("%n%s%n", "RegressionTest0.test1"); java.lang.String str1 = org.apache.commons.cli.Util.stripLeadingAndTrailingQuotes(""); }
Code: static String stripLeadingAndTrailingQuotes(String str){if (str.startsWith("\"")){;}int length = str.length();if (str.endsWith("\"")){str = str.substring(0, length - 1);}return str;}
tensor([[0.1292, 0.0722, 0.0781, 0.0455, 0.0650, 0.0601, 0.0313, 0.0432, 0.0650,
         0.0313, 0.0290, 0.0601, 0.1656, 0.0329, 0.0914],
        [0.1390, 0.0551, 0.0859, 0.0484, 0.0675, 0.0635, 0.0322, 0.0395, 0.0675,
         0.0322, 0.0278, 0.0635, 0.1638, 0.0299, 0.0840],
        [0.1289, 0.0724, 0.0831, 0.0367, 0.0654, 0.0707, 0.0283, 0.0354, 0.0654,
         0.0283, 0.0224, 0.0707, 0.1815, 0.0276, 0.0833],
        [0.1418, 0.0617, 0.1077, 0.0448, 0.0606, 0.0592, 0.0397, 0.0427, 0.0606,
         0.0397, 0.0295, 0.0592, 0.1567, 0.0374, 0.0587],
        [0.1316, 0.0703, 0.1108, 0.0454, 0.0638, 0.0588, 0.0408, 0.0430, 0.0638,
         0.0408, 0.0260, 0.0588, 0.1545, 0.0355, 0.0564],
        [0.1602, 0.0803, 0.0753, 0.0483, 0.0539, 0.0551, 0.0270, 0.0375, 0.0539,
         0.0270, 0.0264, 0.0551, 0.2055, 0.0261, 0.0681],
        [0.1169, 0.0615, 0.0886, 0.0489, 0.0727, 0.0668, 0.0413, 0.0557, 0.0727,
         0.0413, 0.0318, 0.0668, 0.1103, 0.0459, 0.0788],
        [0.1208, 0.0661, 0.0953, 0.0463, 0.0595, 0.0654, 0.0305, 0.0411, 0.0595,
         0.0305, 0.0268, 0.0654, 0.1948, 0.0276, 0.0706],
        [0.1316, 0.0703, 0.1108, 0.0454, 0.0638, 0.0588, 0.0408, 0.0430, 0.0638,
         0.0408, 0.0260, 0.0588, 0.1545, 0.0355, 0.0564],
        [0.1169, 0.0615, 0.0886, 0.0489, 0.0727, 0.0668, 0.0413, 0.0557, 0.0727,
         0.0413, 0.0318, 0.0668, 0.1103, 0.0459, 0.0788],
        [0.1255, 0.0723, 0.1069, 0.0429, 0.0682, 0.0595, 0.0260, 0.0415, 0.0682,
         0.0260, 0.0266, 0.0595, 0.1860, 0.0279, 0.0629],
        [0.1602, 0.0803, 0.0753, 0.0483, 0.0539, 0.0551, 0.0270, 0.0375, 0.0539,
         0.0270, 0.0264, 0.0551, 0.2055, 0.0261, 0.0681],
        [0.1077, 0.0665, 0.0766, 0.0530, 0.0743, 0.0735, 0.0376, 0.0610, 0.0743,
         0.0376, 0.0302, 0.0735, 0.1208, 0.0400, 0.0733],
        [0.1176, 0.0785, 0.0940, 0.0448, 0.0530, 0.0612, 0.0276, 0.0387, 0.0530,
         0.0276, 0.0270, 0.0612, 0.2115, 0.0232, 0.0813],
        [0.1420, 0.0763, 0.1004, 0.0558, 0.0659, 0.0622, 0.0280, 0.0409, 0.0659,
         0.0280, 0.0269, 0.0622, 0.1345, 0.0353, 0.0757]])