15368
Test: public void test015() throws Throwable { if (debug) System.out.format("%n%s%n", "RegressionTest0.test015"); java.lang.String str1 = org.apache.commons.cli.Util.stripLeadingHyphens("[ option: :: hi! ]"); }
Code: static String stripLeadingHyphens(String str) { if (str.startsWith("--")) { return str.substring(2, str.length()); } else if (str.startsWith("-")) { return str.substring(1, str.length()); } return str; }
[[0.07148172 0.04184945 0.02514194 0.02623552 0.04661815 0.07478608
 0.02038741 0.04661815 0.02591556 0.04849145 0.07399908 0.01278705
 0.03817284 0.07478608 0.0813975  0.04661815 0.02591556 0.04161882
 0.07399906 0.01278705 0.02591556 0.05169073 0.01278705]
[0.08283439 0.03391008 0.02822158 0.02658756 0.04005131 0.0842374
 0.01942312 0.04005131 0.02892957 0.06207871 0.05315003 0.01033594
 0.04904285 0.0842374  0.09491317 0.04005131 0.02892956 0.04092893
 0.05315003 0.01033594 0.02892957 0.04933428 0.01033594]
[0.07801513 0.04195991 0.02693432 0.02883897 0.03750035 0.0679839
 0.02208401 0.03750035 0.03454905 0.06206292 0.05973063 0.00923748
 0.04673911 0.0679839  0.08760262 0.03750035 0.03454904 0.03975537
 0.05973063 0.00923748 0.03454905 0.06671797 0.00923748]
[0.08091243 0.03426535 0.03212735 0.0221139  0.04260274 0.07639559
 0.01750704 0.04260274 0.03289483 0.06606285 0.05272103 0.00726846
 0.04260439 0.07639559 0.09760582 0.04260274 0.03289483 0.04123864
 0.05272103 0.00726847 0.03289484 0.05903087 0.00726847]
[0.06770269 0.04572983 0.03112977 0.03164691 0.04454    0.05191408
 0.02240765 0.04454    0.03483929 0.05930134 0.05250343 0.01626199
 0.05202115 0.05191408 0.08960994 0.04454    0.03483929 0.0441141
 0.05250344 0.01626199 0.0348393  0.06057771 0.01626199]
[0.09334981 0.03691325 0.02099851 0.01989299 0.03188707 0.08887416
 0.01258431 0.03188707 0.02079729 0.0509437  0.06634493 0.00494237
 0.06759674 0.08887416 0.1281957  0.03188707 0.02079729 0.03510852
 0.06634493 0.00494237 0.02079729 0.05109809 0.00494237]
[0.06214152 0.04202197 0.0257855  0.02740951 0.04244712 0.06338362
 0.02280967 0.04244712 0.03385795 0.05174114 0.06559477 0.00914354
 0.04821625 0.06338362 0.08842636 0.04244712 0.03385795 0.04658718
 0.06559477 0.00914354 0.03385796 0.07055826 0.00914354]
[0.06770269 0.04572983 0.03112977 0.03164691 0.04454    0.05191408
 0.02240765 0.04454    0.03483929 0.05930134 0.05250343 0.01626199
 0.05202115 0.05191408 0.08960994 0.04454    0.03483929 0.0441141
 0.05250344 0.01626199 0.0348393  0.06057771 0.01626199]
[0.08521374 0.04056552 0.02015911 0.02629663 0.03602583 0.07548401
 0.01820503 0.03602583 0.0265822  0.068169   0.06072836 0.00986333
 0.05740723 0.07548401 0.09568203 0.03602583 0.0265822  0.04107005
 0.06072835 0.00986333 0.0265822  0.05739287 0.00986333]
[0.07839722 0.03700985 0.02855575 0.02501648 0.03149973 0.06654626
 0.01718866 0.03149973 0.0280931  0.05795314 0.06975402 0.00907485
 0.05091558 0.06654626 0.12452956 0.03149973 0.0280931  0.04510814
 0.06975401 0.00907485 0.0280931  0.05672197 0.00907485]
[0.07674734 0.04128831 0.02666014 0.02503563 0.04373288 0.06979808
 0.02082383 0.04373288 0.02969805 0.05756237 0.06497148 0.00733495
 0.04395097 0.06979808 0.09912339 0.04373288 0.02969805 0.0376921
 0.06497148 0.00733494 0.02969806 0.05927918 0.00733494]
[0.07148206 0.03494544 0.03356659 0.02485578 0.0413783  0.07184963
 0.0260028  0.0413783  0.03941233 0.05137345 0.05689326 0.00926947
 0.04939631 0.07184963 0.08973821 0.0413783  0.03941233 0.03737202
 0.05689328 0.00926947 0.03941234 0.05360119 0.00926947]
[0.06876588 0.0414689  0.02198228 0.02300371 0.03903118 0.06938182
 0.01883638 0.03903118 0.02952378 0.05469618 0.06583805 0.00834158
 0.04876819 0.06938182 0.11178083 0.03903118 0.02952378 0.04358523
 0.06583806 0.00834158 0.02952378 0.06598303 0.00834158]
[0.09334981 0.03691325 0.02099851 0.01989299 0.03188707 0.08887416
 0.01258431 0.03188707 0.02079729 0.0509437  0.06634493 0.00494237
 0.06759674 0.08887416 0.1281957  0.03188707 0.02079729 0.03510852
 0.06634493 0.00494237 0.02079729 0.05109809 0.00494237]
[0.08121084 0.03286108 0.02447992 0.02618725 0.04114507 0.0901978
 0.02133348 0.04114507 0.03232411 0.0604996  0.05156989 0.01007286
 0.04542241 0.0901978  0.08056693 0.04114507 0.0323241  0.03615732
 0.05156988 0.01007286 0.03232411 0.05711974 0.01007285]
[0.06770269 0.04572983 0.03112977 0.03164691 0.04454    0.05191408
 0.02240765 0.04454    0.03483929 0.05930134 0.05250343 0.01626199
 0.05202115 0.05191408 0.08960994 0.04454    0.03483929 0.0441141
 0.05250344 0.01626199 0.0348393  0.06057771 0.01626199]
[0.08521374 0.04056552 0.02015911 0.02629663 0.03602583 0.07548401
 0.01820503 0.03602583 0.0265822  0.068169   0.06072836 0.00986333
 0.05740723 0.07548401 0.09568203 0.03602583 0.0265822  0.04107005
 0.06072835 0.00986333 0.0265822  0.05739287 0.00986333]
[0.07324994 0.03386898 0.02999597 0.0293653  0.04511247 0.08149303
 0.02079016 0.04511247 0.03128827 0.05645692 0.05648714 0.0107756
 0.04182297 0.08149303 0.08120081 0.04511247 0.03128827 0.03712953
 0.05648715 0.0107756  0.03128827 0.0586301  0.0107756 ]
[0.07674734 0.04128831 0.02666014 0.02503563 0.04373288 0.06979808
 0.02082383 0.04373288 0.02969805 0.05756237 0.06497148 0.00733495
 0.04395097 0.06979808 0.09912339 0.04373288 0.02969805 0.0376921
 0.06497148 0.00733494 0.02969806 0.05927918 0.00733494]
[0.07148206 0.03494544 0.03356659 0.02485578 0.0413783  0.07184963
 0.0260028  0.0413783  0.03941233 0.05137345 0.05689326 0.00926947
 0.04939631 0.07184963 0.08973821 0.0413783  0.03941233 0.03737202
 0.05689328 0.00926947 0.03941234 0.05360119 0.00926947]
[0.08521374 0.04056552 0.02015911 0.02629663 0.03602582 0.075484
 0.01820503 0.03602582 0.0265822  0.068169   0.06072835 0.00986333
 0.05740724 0.075484   0.09568202 0.03602582 0.0265822  0.04107006
 0.06072835 0.00986333 0.0265822  0.05739286 0.00986333]
[0.0718141  0.03907621 0.02575521 0.028587   0.03719094 0.0662442
 0.01976984 0.03719094 0.03075158 0.05351179 0.07584328 0.01062219
 0.04631041 0.0662442  0.09314027 0.03719094 0.03075158 0.04678642
 0.07584328 0.01062219 0.03075159 0.05537965 0.01062219]
[0.07148205 0.03494545 0.0335666  0.02485578 0.0413783  0.07184962
 0.0260028  0.0413783  0.03941234 0.05137346 0.05689327 0.00926947
 0.04939631 0.07184962 0.08973825 0.0413783  0.03941234 0.03737202
 0.05689327 0.00926947 0.03941235 0.0536012  0.00926947]]