68940
Test: public void test01() throws Throwable { if (debug) System.out.format("%n%s%n", "RegressionTest0.test01"); try { org.jsoup.nodes.DocumentType documentType4 = new org.jsoup.nodes.DocumentType("", "", "hi!=\"\"", "#root"); } catch (java.lang.IllegalArgumentException e) { } }
Code: public DocumentType(String name, String publicId, String systemId, String baseUri) { super(baseUri); attr("name", name); attr("publicId", publicId); attr("systemId", systemId); }
tensor([[0.0361, 0.0346, 0.1396, 0.0458, 0.0465, 0.0458, 0.0190, 0.0458, 0.0775,
         0.0525, 0.0620, 0.0230, 0.0296, 0.0442, 0.0177, 0.2126, 0.0514, 0.0163],
        [0.0299, 0.0268, 0.1486, 0.0535, 0.0413, 0.0535, 0.0150, 0.0535, 0.0780,
         0.0574, 0.0585, 0.0161, 0.0268, 0.0408, 0.0123, 0.2262, 0.0492, 0.0123],
        [0.0391, 0.0430, 0.1050, 0.0467, 0.0465, 0.0467, 0.0226, 0.0467, 0.0609,
         0.0658, 0.0648, 0.0330, 0.0357, 0.0574, 0.0206, 0.1906, 0.0538, 0.0209],
        [0.0368, 0.0302, 0.1257, 0.0422, 0.0516, 0.0422, 0.0217, 0.0422, 0.0666,
         0.0569, 0.0612, 0.0237, 0.0342, 0.0421, 0.0163, 0.2498, 0.0426, 0.0143],
        [0.0257, 0.0299, 0.1146, 0.0492, 0.0402, 0.0492, 0.0207, 0.0492, 0.0568,
         0.0723, 0.0587, 0.0175, 0.0323, 0.0366, 0.0150, 0.2754, 0.0449, 0.0119],
        [0.0368, 0.0302, 0.1257, 0.0422, 0.0516, 0.0422, 0.0217, 0.0422, 0.0666,
         0.0569, 0.0612, 0.0237, 0.0342, 0.0421, 0.0163, 0.2498, 0.0426, 0.0143],
        [0.0294, 0.0336, 0.1462, 0.0591, 0.0487, 0.0591, 0.0250, 0.0591, 0.0818,
         0.0633, 0.0633, 0.0202, 0.0308, 0.0424, 0.0143, 0.1717, 0.0411, 0.0110],
        [0.0368, 0.0302, 0.1257, 0.0422, 0.0516, 0.0422, 0.0217, 0.0422, 0.0666,
         0.0569, 0.0612, 0.0237, 0.0342, 0.0421, 0.0163, 0.2498, 0.0426, 0.0143],
        [0.0349, 0.0370, 0.1124, 0.0556, 0.0474, 0.0556, 0.0200, 0.0556, 0.0843,
         0.0722, 0.0596, 0.0249, 0.0309, 0.0462, 0.0179, 0.1846, 0.0478, 0.0132],
        [0.0420, 0.0369, 0.0860, 0.0587, 0.0487, 0.0587, 0.0314, 0.0587, 0.0616,
         0.0711, 0.0693, 0.0289, 0.0379, 0.0519, 0.0222, 0.1550, 0.0564, 0.0245],
        [0.0275, 0.0236, 0.1338, 0.0504, 0.0399, 0.0504, 0.0195, 0.0504, 0.0742,
         0.0517, 0.0527, 0.0181, 0.0260, 0.0333, 0.0112, 0.2851, 0.0430, 0.0092],
        [0.0437, 0.0364, 0.0899, 0.0471, 0.0476, 0.0471, 0.0186, 0.0471, 0.0745,
         0.0560, 0.0569, 0.0334, 0.0372, 0.0454, 0.0182, 0.2254, 0.0597, 0.0159],
        [0.0270, 0.0264, 0.1306, 0.0488, 0.0581, 0.0488, 0.0230, 0.0488, 0.0741,
         0.0643, 0.0632, 0.0203, 0.0286, 0.0445, 0.0130, 0.2121, 0.0528, 0.0155],
        [0.0354, 0.0347, 0.1040, 0.0524, 0.0494, 0.0524, 0.0252, 0.0524, 0.0711,
         0.0615, 0.0636, 0.0191, 0.0373, 0.0445, 0.0180, 0.2151, 0.0461, 0.0180],
        [0.0384, 0.0382, 0.0996, 0.0597, 0.0454, 0.0597, 0.0251, 0.0597, 0.0839,
         0.0593, 0.0654, 0.0238, 0.0359, 0.0513, 0.0186, 0.1684, 0.0499, 0.0178],
        [0.0292, 0.0211, 0.1739, 0.0467, 0.0365, 0.0467, 0.0188, 0.0467, 0.0578,
         0.0560, 0.0759, 0.0173, 0.0241, 0.0476, 0.0102, 0.2365, 0.0420, 0.0130],
        [0.0273, 0.0224, 0.1654, 0.0442, 0.0292, 0.0442, 0.0197, 0.0442, 0.0794,
         0.0712, 0.0635, 0.0169, 0.0230, 0.0389, 0.0096, 0.2529, 0.0383, 0.0095],
        [0.0271, 0.0370, 0.1674, 0.0498, 0.0527, 0.0498, 0.0191, 0.0498, 0.0683,
         0.0645, 0.0759, 0.0220, 0.0265, 0.0439, 0.0202, 0.1723, 0.0397, 0.0141]])