15334
Test: public void test082() throws Throwable { if (debug) System.out.format("%n%s%n", "RegressionTest0.test082"); org.apache.commons.cli.PosixParser posixParser0 = new org.apache.commons.cli.PosixParser(); org.apache.commons.cli.PosixParser posixParser1 = new org.apache.commons.cli.PosixParser(); org.apache.commons.cli.Options options2 = new org.apache.commons.cli.Options(); java.lang.String[] strArray7 = new java.lang.String[] { "hi!", "[ option: +ARG :: ]", "hi!", "hi!" }; java.util.Properties properties8 = null; org.apache.commons.cli.CommandLine commandLine9 = posixParser1.parse(options2, strArray7, properties8); java.lang.String[] strArray11 = new java.lang.String[] { "" }; java.util.Properties properties12 = null; org.apache.commons.cli.CommandLine commandLine14 = posixParser0.parse(options2, strArray11, properties12, true); java.lang.Object obj16 = commandLine14.getOptionObject(' '); java.lang.String[] strArray17 = commandLine14.getArgs(); java.lang.String str19 = commandLine14.getOptionValue(' '); java.lang.String str22 = commandLine14.getOptionValue("[ option: +ARG :: ]", "[ Options: [ short {} ] [ long {} ]"); commandLine14.addArg("org.apache.commons.cli.MissingArgumentException: hi!"); org.apache.commons.cli.Option[] optionArray25 = commandLine14.getOptions(); boolean boolean27 = commandLine14.hasOption("org.apache.commons.cli.MissingArgumentException: hi!"); java.util.List list28 = commandLine14.getArgList(); boolean boolean30 = commandLine14.hasOption('4'); boolean boolean32 = commandLine14.hasOption("a"); } ] [ long {} ]" + "'", str22, "[ Options: [ short {} ] [ long {} ]"); }
Code: public Option[] getOptions() { Collection processed = options; Option[] optionsArray = new Option[processed.size()]; return (Option[]) processed.toArray(optionsArray); }
[[0.04339268 0.0404926  0.08692542 0.06188118 0.0783478  0.03328438
 0.02756036 0.02811651 0.0404926  0.03949264 0.02756036 0.02160761
 0.18572462 0.04825208 0.11855116 0.09894976 0.01936832]
[0.03699403 0.0366143  0.10284757 0.09014296 0.08991777 0.02720662
 0.02989668 0.01994007 0.0366143  0.0370216  0.02989668 0.01833626
 0.13542145 0.05851115 0.14901894 0.08659528 0.01502428]
[0.04661173 0.02710928 0.0774187  0.07561662 0.1320226  0.03144214
 0.03686379 0.02981307 0.02710928 0.03951449 0.03686379 0.02219632
 0.15212291 0.04772796 0.14085685 0.05324524 0.02346525]
[0.05035225 0.0400454  0.07050152 0.07846978 0.10765915 0.02921379
 0.041806   0.03400343 0.0400454  0.04744665 0.041806   0.02845408
 0.1148354  0.05827351 0.10971679 0.07930612 0.02806474]
[0.04069737 0.03138321 0.07326805 0.08205634 0.10141186 0.0308927
 0.03232348 0.02287089 0.03138321 0.04242582 0.03232348 0.02374554
 0.15320155 0.04880688 0.13195036 0.09828937 0.0229699 ]
[0.03479989 0.04801869 0.10979505 0.05744008 0.10146227 0.02344614
 0.02935367 0.01980458 0.04801869 0.02795796 0.02935367 0.0158505
 0.22785401 0.0448047  0.10062023 0.06683222 0.01458764]
[0.05529458 0.04769311 0.07982425 0.05915254 0.1074319  0.02699414
 0.04489579 0.03716281 0.04769311 0.04708739 0.04489579 0.02583606
 0.10024767 0.06006692 0.10499366 0.08442539 0.02630498]
[0.03312153 0.04088395 0.09315126 0.06392896 0.08371215 0.02906838
 0.02786081 0.02324808 0.04088395 0.03610448 0.02786081 0.01765879
 0.18607743 0.04938052 0.15110528 0.08185425 0.01409936]
[0.03699403 0.0366143  0.10284757 0.09014296 0.08991777 0.02720662
 0.02989668 0.01994007 0.0366143  0.0370216  0.02989668 0.01833626
 0.13542145 0.05851115 0.14901894 0.08659528 0.01502428]
[0.0383891  0.04043391 0.08234565 0.07113947 0.08447599 0.03074154
 0.03107224 0.02149971 0.04043391 0.03875291 0.03107224 0.01937276
 0.16423647 0.05098072 0.15276699 0.08744568 0.01484076]
[0.05529458 0.04769311 0.07982425 0.05915254 0.1074319  0.02699414
 0.04489579 0.03716281 0.04769311 0.04708739 0.04489579 0.02583606
 0.10024767 0.06006692 0.10499366 0.08442539 0.02630498]
[0.03769242 0.03201867 0.07619956 0.07615754 0.10172065 0.0282221
 0.0294905  0.02673382 0.03201867 0.03051298 0.0294905  0.02359482
 0.21082513 0.05324978 0.1155809  0.07493861 0.0215534 ]
[0.03561892 0.02691527 0.09912775 0.06415517 0.11256832 0.03353877
 0.03659935 0.03233581 0.02691527 0.03518977 0.03659935 0.02703798
 0.18361634 0.0561212  0.10975169 0.06453633 0.01937268]
[0.02914115 0.0314316  0.08667889 0.06150877 0.12392323 0.02264763
 0.02876664 0.02201076 0.0314316  0.03031408 0.02876664 0.01712739
 0.21781594 0.04152984 0.13234165 0.07793796 0.01662619]
[0.03224921 0.04792847 0.08779436 0.06380784 0.09507647 0.03399666
 0.02746367 0.02114334 0.04792847 0.03366639 0.02746367 0.01658086
 0.19253665 0.05295758 0.11310072 0.09504721 0.01125849]
[0.03939274 0.04879289 0.09179805 0.07512167 0.09177602 0.02965247
 0.02736084 0.01992218 0.04879289 0.03688966 0.02736084 0.02018873
 0.15736024 0.04469892 0.15117246 0.07401886 0.01570054]
[0.0315598  0.03285912 0.09049614 0.07888997 0.090571   0.02703856
 0.0282973  0.02516512 0.03285912 0.03707394 0.0282973  0.01767642
 0.15135588 0.06828681 0.14943984 0.09305009 0.01708357]]