64079
Test: public void test0049() throws Throwable { if (debug) System.out.format("%n%s%n", "RegressionTest0.test0049"); com.fasterxml.jackson.core.util.BufferRecycler bufferRecycler0 = null; com.fasterxml.jackson.core.io.IOContext iOContext3 = new com.fasterxml.jackson.core.io.IOContext(bufferRecycler0, (java.lang.Object) 0.0f, true); com.fasterxml.jackson.core.util.BufferRecycler bufferRecycler4 = null; com.fasterxml.jackson.core.io.IOContext iOContext7 = new com.fasterxml.jackson.core.io.IOContext(bufferRecycler4, (java.lang.Object) 0.0f, true); char[] charArray10 = new char[] { 'a', 'a' }; char[] charArray12 = new char[] { '#' }; iOContext7._verifyRelease(charArray10, charArray12); com.fasterxml.jackson.core.util.BufferRecycler bufferRecycler14 = null; com.fasterxml.jackson.core.io.IOContext iOContext17 = new com.fasterxml.jackson.core.io.IOContext(bufferRecycler14, (java.lang.Object) 0.0f, true); char[] charArray20 = new char[] { 'a', 'a' }; char[] charArray22 = new char[] { '#' }; iOContext17._verifyRelease(charArray20, charArray22); iOContext3._verifyRelease(charArray10, charArray20); try { byte[] byteArray25 = iOContext3.allocBase64Buffer(); } catch (java.lang.NullPointerException e) { } }
Code: protected final void _verifyRelease(byte[] toRelease, byte[] src) { if ((toRelease != src) && (toRelease.length < src.length)) { throw wrongBuf(); } }
[[0.07134715 0.02659602 0.02648221 0.05192174 0.09627333 0.04903328
 0.0369816  0.05454549 0.10701476 0.01952617 0.01740958 0.0369816
 0.02367955 0.02100909 0.0230274  0.07514866 0.05454548 0.03420921
 0.1512408  0.01151343 0.01151343]
[0.04770125 0.02276868 0.02525956 0.04812315 0.07771206 0.04459311
 0.05348836 0.05583321 0.1161931  0.02154819 0.01557474 0.05348836
 0.02590507 0.02158286 0.02274838 0.07892008 0.05583323 0.03713761
 0.15329291 0.01114802 0.01114802]
[0.07412957 0.02391484 0.02396242 0.04986668 0.11709203 0.0493877
 0.03077956 0.046476   0.09297659 0.01522961 0.01700749 0.03077956
 0.0171696  0.01384292 0.01985521 0.07569702 0.04647597 0.03221809
 0.19465142 0.01424384 0.01424384]
[0.09362619 0.02385442 0.02600173 0.04470089 0.13516246 0.05082208
 0.03478375 0.05552024 0.10443643 0.01646665 0.01480148 0.03478375
 0.01968041 0.01466582 0.0187626  0.06876697 0.05552022 0.02890085
 0.13861352 0.01006474 0.01006474]
[0.0548084  0.01926478 0.02600938 0.03932171 0.08843406 0.03634645
 0.04049573 0.0632787  0.10684902 0.02045786 0.01513701 0.04049573
 0.0191205  0.02274398 0.02528014 0.08716089 0.06327874 0.03072547
 0.17988177 0.01045486 0.01045486]
[0.04660932 0.03014445 0.0260798  0.05463566 0.11196061 0.04580766
 0.04337034 0.04626206 0.09828401 0.01706485 0.02079667 0.04337034
 0.02251501 0.02303972 0.02534708 0.07973444 0.04626209 0.03233344
 0.15939522 0.01349362 0.01349362]
[0.06020967 0.02588974 0.02246253 0.06527729 0.12313776 0.03977269
 0.03891587 0.04853918 0.09919833 0.01861876 0.01439147 0.03891587
 0.01902675 0.01625264 0.01978959 0.08708234 0.04853918 0.03055149
 0.1626424  0.01039326 0.01039326]
[0.09012797 0.03858748 0.03393573 0.05198707 0.07922596 0.05399237
 0.04520408 0.05676527 0.06906797 0.02586354 0.02683003 0.04520408
 0.0334284  0.03092984 0.03089366 0.0599448  0.05676527 0.03585458
 0.09317021 0.02111084 0.02111084]
[0.06748914 0.01613168 0.01635702 0.05548423 0.12942949 0.04215142
 0.02889443 0.04337629 0.12439328 0.01220596 0.00824079 0.02889443
 0.01118999 0.01285408 0.01319709 0.075047   0.04337628 0.02110526
 0.23661524 0.00678349 0.00678349]
[0.06440666 0.02159578 0.02035506 0.04376546 0.14053355 0.04713823
 0.04031837 0.04773376 0.08987068 0.01839842 0.01751092 0.04031837
 0.02013698 0.01927815 0.02451419 0.06147517 0.04773377 0.03126854
 0.1781895  0.01272919 0.01272919]
[0.07906532 0.02749978 0.01797036 0.06983106 0.12087311 0.04097416
 0.03869195 0.05241007 0.10096905 0.01515197 0.01079447 0.03869195
 0.01590738 0.01410764 0.01782064 0.07512236 0.05241007 0.02740587
 0.16426387 0.01001946 0.01001946]
[0.06020967 0.02588974 0.02246253 0.06527729 0.12313776 0.03977269
 0.03891587 0.04853918 0.09919833 0.01861876 0.01439147 0.03891587
 0.01902675 0.01625264 0.01978959 0.08708234 0.04853918 0.03055149
 0.1626424  0.01039326 0.01039326]
[0.06808788 0.02191984 0.02405566 0.04720923 0.09928538 0.05508624
 0.04915006 0.04960687 0.08279023 0.01490118 0.01763526 0.04915006
 0.01800534 0.01690008 0.0204781  0.07964443 0.04960687 0.03589775
 0.16830234 0.01614362 0.01614362]
[0.05556209 0.02903439 0.0231202  0.06322579 0.10942717 0.05206235
 0.04437253 0.04875788 0.10581772 0.01878255 0.01836682 0.04437253
 0.02478246 0.01802596 0.02473736 0.08487872 0.04875788 0.0331323
 0.12246704 0.01515813 0.01515813]
[0.04586469 0.02985659 0.0239187  0.06806771 0.10618484 0.04128109
 0.04643895 0.04987575 0.08313106 0.02483949 0.01754434 0.04643895
 0.01857549 0.02280336 0.02551292 0.07350729 0.04987576 0.04356449
 0.15152764 0.01559541 0.01559541]
[0.05651519 0.02582469 0.02317964 0.05272331 0.1320956  0.04166374
 0.03471373 0.0489051  0.11304464 0.01936596 0.01553017 0.03471373
 0.01933762 0.01469129 0.0207087  0.08591699 0.04890513 0.03271236
 0.15602416 0.01171413 0.01171412]
[0.09012797 0.03858748 0.03393573 0.05198707 0.07922596 0.05399237
 0.04520408 0.05676527 0.06906797 0.02586354 0.02683003 0.04520408
 0.0334284  0.03092984 0.03089366 0.0599448  0.05676527 0.03585458
 0.09317021 0.02111084 0.02111084]
[0.07871354 0.0236667  0.02167978 0.05497444 0.12595202 0.04723536
 0.04127396 0.06129407 0.09372753 0.01604775 0.01309203 0.04127396
 0.0197624  0.01608574 0.02121381 0.07043332 0.06129408 0.03232662
 0.13823569 0.01085861 0.01085861]
[0.07322707 0.03620873 0.02627413 0.05958331 0.09370061 0.04481199
 0.05053868 0.04530462 0.08463512 0.01962875 0.02036453 0.05053868
 0.02633761 0.02723832 0.02544835 0.06105728 0.04530461 0.0317615
 0.14169306 0.01817153 0.01817153]
[0.06939948 0.02407103 0.02437938 0.06018731 0.12935126 0.03500077
 0.03898297 0.05565154 0.10460027 0.01901029 0.01864256 0.03898297
 0.02199892 0.01721874 0.02353331 0.08154464 0.05565155 0.03479303
 0.12146728 0.01276637 0.01276638]
[0.06939949 0.02407103 0.02437938 0.06018731 0.12935123 0.03500078
 0.03898298 0.05565155 0.10460027 0.0190103  0.01864256 0.03898298
 0.02199892 0.01721874 0.02353331 0.08154465 0.05565155 0.03479303
 0.12146726 0.01276638 0.01276638]]