69141
Test: public void test04() throws Throwable { if (debug) System.out.format("%n%s%n", "RegressionTest0.test04"); org.jsoup.nodes.DocumentType documentType4 = new org.jsoup.nodes.DocumentType("", "<html>\n <head></head>\n <body>\n hi!\n </body>\n</html>", " ", ""); java.lang.StringBuilder stringBuilder5 = null; org.jsoup.nodes.Attribute attribute9 = new org.jsoup.nodes.Attribute("#root", "data-"); org.jsoup.nodes.Attribute attribute10 = attribute9.clone(); attribute10.setKey(" class=\"\""); org.jsoup.nodes.Document.OutputSettings outputSettings13 = new org.jsoup.nodes.Document.OutputSettings(); org.jsoup.nodes.Document.OutputSettings outputSettings15 = outputSettings13.outline(false); boolean boolean16 = attribute10.shouldCollapseAttribute(outputSettings15); org.jsoup.nodes.Document.OutputSettings.Syntax syntax17 = outputSettings15.syntax(); try { documentType4.outerHtmlHead(stringBuilder5, (int) (short) -1, outputSettings15); } catch (java.lang.NullPointerException e) { } }
Code: public DocumentType(String name, String publicId, String systemId, String baseUri) { super(baseUri); Validate.notEmpty(name); attr("name", name); attr("publicId", publicId); attr("systemId", systemId); }
[[0.0355534  0.03412153 0.13633744 0.04509379 0.04565062 0.04509379
 0.01860993 0.04509379 0.07631294 0.05131639 0.0613085  0.01573676
 0.02263702 0.02910268 0.04366562 0.01740209 0.21019083 0.05076919
 0.01600373]
[0.02959304 0.0265319  0.14636755 0.05302177 0.04079869 0.05302177
 0.01479354 0.05302177 0.07701451 0.05658985 0.05796252 0.01147158
 0.01593874 0.02648013 0.04038777 0.01216814 0.22400989 0.0487026
 0.01212434]
[0.03836797 0.04228884 0.10286073 0.04591637 0.0456323  0.04591637
 0.02215568 0.04591637 0.05973759 0.06446868 0.06372671 0.01819356
 0.03244884 0.03501663 0.0563785  0.02026716 0.18738404 0.05287334
 0.02045031]
[0.03641481 0.02985837 0.12399893 0.04168846 0.05094813 0.04168846
 0.02139559 0.04168846 0.06576902 0.05612611 0.06055186 0.01169438
 0.02339114 0.03375777 0.04162261 0.01609517 0.24710834 0.04210651
 0.01409585]
[0.02547777 0.02960948 0.11302538 0.04875818 0.03977092 0.04875818
 0.02045122 0.04875818 0.0562176  0.07129439 0.058192   0.01002222
 0.01726663 0.03191368 0.03622907 0.01486172 0.27319458 0.04447179
 0.01172703]
[0.03641481 0.02985837 0.12399893 0.04168846 0.05094813 0.04168846
 0.02139559 0.04168846 0.06576902 0.05612611 0.06055186 0.01169438
 0.02339114 0.03375777 0.04162261 0.01609517 0.24710834 0.04210651
 0.01409585]
[0.02896307 0.03315295 0.14360815 0.05835607 0.04790783 0.05835607
 0.02459132 0.05835607 0.08063235 0.06215468 0.06261358 0.01403154
 0.01993993 0.03031332 0.04183099 0.01408628 0.1697174  0.04056436
 0.01082408]
[0.03641481 0.02985837 0.12399893 0.04168846 0.05094813 0.04168846
 0.02139559 0.04168846 0.06576902 0.05612611 0.06055186 0.01169438
 0.02339114 0.03375777 0.04162261 0.01609517 0.24710834 0.04210651
 0.01409585]
[0.03435278 0.03649151 0.11036173 0.05482461 0.04660473 0.05482461
 0.01968537 0.05482461 0.08303612 0.07091356 0.05882904 0.0146831
 0.02456719 0.0303912  0.04557594 0.01762567 0.18222952 0.04718892
 0.0129898 ]
[0.04087971 0.03598552 0.08346775 0.05737945 0.04747047 0.05737945
 0.03053387 0.05737945 0.06000121 0.06909285 0.06776065 0.02495696
 0.02820697 0.03691707 0.05069028 0.02166918 0.151353   0.05505142
 0.0238247 ]
[0.02718013 0.02337514 0.13173364 0.04989454 0.03932943 0.04989454
 0.01925133 0.04989454 0.07336131 0.0509548  0.05233346 0.01026121
 0.01791291 0.02570003 0.03305554 0.01105398 0.28314376 0.04263207
 0.00903755]
[0.02890868 0.02556409 0.17257254 0.04798071 0.04030685 0.04798071
 0.01673734 0.04798071 0.06247503 0.06700709 0.04607923 0.01035404
 0.01884684 0.02440784 0.03807814 0.01251253 0.23656961 0.04255883
 0.01307918]
[0.0428186  0.03572445 0.08754494 0.04628414 0.04645907 0.04628414
 0.01819655 0.04628414 0.07302058 0.05460875 0.05597994 0.01843146
 0.03278704 0.03647788 0.04471354 0.01790182 0.2220907  0.05886762
 0.01552464]
[0.02660437 0.02604948 0.12794489 0.04816902 0.05707916 0.04816902
 0.0226151  0.04816902 0.07295939 0.06300581 0.0626234  0.01432472
 0.01993848 0.02813726 0.0440054  0.01286479 0.20999241 0.05215425
 0.01519408]
[0.03477184 0.03410246 0.10164323 0.05162972 0.04841434 0.05162972
 0.02463735 0.05162972 0.06996775 0.06012554 0.06277908 0.01610651
 0.0187597  0.03667679 0.04385487 0.01766675 0.21247949 0.04546978
 0.01765531]
[0.03757717 0.03752715 0.09701618 0.05871534 0.04438678 0.05871534
 0.0244843  0.05871534 0.08216919 0.05780595 0.06434509 0.01971855
 0.0233465  0.0351013  0.05036367 0.01824146 0.165412   0.04897362
 0.01738501]
[0.02895766 0.02091831 0.17192926 0.04638709 0.03613052 0.04638709
 0.01859649 0.04638709 0.05729333 0.05540023 0.07546493 0.00823507
 0.01715746 0.02391966 0.04724121 0.01006475 0.23498124 0.04166716
 0.01288144]
[0.02706939 0.02223497 0.16339222 0.04391509 0.02894102 0.04391509
 0.01951601 0.04391509 0.07875578 0.07031337 0.06308665 0.00847562
 0.0167279  0.02277702 0.03858309 0.00955116 0.25144106 0.03798122
 0.00940829]
[0.02677105 0.03646068 0.16485342 0.04907395 0.051888   0.04907395
 0.01878681 0.04907395 0.06737914 0.06354488 0.07484522 0.01423958
 0.02167984 0.026125   0.04333189 0.01987949 0.16996567 0.0390997
 0.01392782]]