69579
Test: public void test199() throws Throwable { if (debug) System.out.format("%n%s%n", "RegressionTest0.test199"); org.jsoup.nodes.Document document1 = new org.jsoup.nodes.Document(""); org.jsoup.nodes.Document document3 = new org.jsoup.nodes.Document(""); document1.reparentChild((org.jsoup.nodes.Node) document3); org.jsoup.nodes.Document document6 = new org.jsoup.nodes.Document(""); org.jsoup.nodes.Document document8 = new org.jsoup.nodes.Document(""); document6.reparentChild((org.jsoup.nodes.Node) document8); org.jsoup.nodes.Node node10 = document1.doClone((org.jsoup.nodes.Node) document8); org.jsoup.nodes.Document document12 = new org.jsoup.nodes.Document(""); org.jsoup.nodes.Document document14 = new org.jsoup.nodes.Document(""); document12.reparentChild((org.jsoup.nodes.Node) document14); org.jsoup.nodes.Element element17 = document14.before(""); org.jsoup.nodes.Node node18 = document8.doClone((org.jsoup.nodes.Node) element17); int int19 = document8.siblingIndex; org.jsoup.select.Evaluator.AttributeStarting attributeStarting21 = new org.jsoup.select.Evaluator.AttributeStarting(":containsOwn()"); boolean boolean22 = document8.is((org.jsoup.select.Evaluator) attributeStarting21); }
Code: protected Element doClone(Node parent){Element clone = (Element) super.doClone(parent);clone.attributes = attributes != null ? attributes.clone() : null;;clone.childNodes = new NodeList(childNodes.size());;return clone;}
[[0.04953203 0.01383201 0.02143274 0.04438363 0.04198307 0.02696152
 0.07837086 0.04235208 0.02696152 0.1408197  0.02138783 0.03104531
 0.06026644 0.0187098  0.0330035  0.03023738 0.02696153 0.01658608
 0.03152041 0.24365252]
[0.03729941 0.01469673 0.0204295  0.04200765 0.03588528 0.02422067
 0.08475924 0.03478993 0.02422067 0.17085877 0.02160713 0.03067987
 0.06362542 0.01814146 0.0334674  0.04331757 0.02422067 0.01886313
 0.02759788 0.2293116 ]
[0.04925262 0.00963131 0.0250344  0.0377921  0.03855678 0.02412677
 0.07713843 0.05911228 0.02412677 0.14617829 0.01804475 0.02772601
 0.05371647 0.01933364 0.03110462 0.03713723 0.02412676 0.01623865
 0.02619404 0.25542802]
[0.05620665 0.01348958 0.02353255 0.04677359 0.03788658 0.02955745
 0.0917258  0.04382573 0.02955745 0.12941986 0.0295279  0.03774623
 0.04570539 0.01841404 0.03765094 0.04138    0.02955745 0.01543637
 0.02950958 0.21309686]
[0.04846775 0.00820009 0.02044502 0.04220725 0.03627349 0.02133666
 0.09083474 0.0506411  0.02133666 0.17395341 0.01660012 0.02308502
 0.05360934 0.01464148 0.02920159 0.03400031 0.02133666 0.01878005
 0.02558319 0.249466  ]
[0.06486887 0.02556218 0.02299868 0.03756984 0.04704565 0.0399741
 0.08004054 0.04786596 0.0399741  0.09913498 0.03973682 0.03778891
 0.05985893 0.02939416 0.04149124 0.05779253 0.0399741  0.02198609
 0.03014661 0.13679577]
[0.05716739 0.0160535  0.02966221 0.03687538 0.05469193 0.02370092
 0.06967073 0.06435426 0.02370092 0.12386022 0.02385918 0.03462434
 0.05654786 0.0244621  0.04099104 0.04853503 0.02370092 0.0185031
 0.02912182 0.19991721]
[0.07342979 0.01470081 0.02308434 0.03797441 0.03881527 0.03125858
 0.0831082  0.05307837 0.03125858 0.13944578 0.02611979 0.03657524
 0.0577437  0.01964527 0.03610342 0.04893656 0.03125858 0.01779046
 0.03033939 0.16933344]
[0.06486887 0.02556218 0.02299868 0.03756984 0.04704565 0.0399741
 0.08004054 0.04786596 0.0399741  0.09913498 0.03973682 0.03778891
 0.05985893 0.02939416 0.04149124 0.05779253 0.0399741  0.02198609
 0.03014661 0.13679577]
[0.04056477 0.01508658 0.02749152 0.04314993 0.04827864 0.02261883
 0.08393286 0.05453297 0.02261883 0.13744731 0.01896123 0.03063678
 0.05862011 0.02009135 0.02969212 0.03926017 0.02261882 0.01732844
 0.02852778 0.238541  ]
[0.049318   0.00894544 0.02932772 0.03790828 0.03952403 0.02460601
 0.08253763 0.06530395 0.02460601 0.12203638 0.01406522 0.02391586
 0.05970721 0.01778037 0.02181103 0.03947935 0.02460601 0.01357958
 0.02316172 0.27778015]
[0.03889979 0.0149473  0.03030293 0.04579941 0.03934124 0.03120014
 0.09751506 0.0431933  0.03120014 0.13105622 0.02052673 0.02926117
 0.06480408 0.02269705 0.03259646 0.0413815  0.03120014 0.02489409
 0.02498077 0.20420255]
[0.03578261 0.00813127 0.0179738  0.0448293  0.03804704 0.02140806
 0.0820574  0.04055022 0.02140806 0.13326764 0.02527548 0.02501785
 0.04945525 0.01383336 0.04100742 0.03357541 0.02140806 0.01494397
 0.02344115 0.30858666]
[0.05851862 0.01439902 0.02607686 0.0320613  0.04372371 0.03081626
 0.07418884 0.05216627 0.03081626 0.13270366 0.01922819 0.04012893
 0.05341291 0.02586416 0.02649815 0.0431965  0.03081626 0.01428492
 0.02123205 0.22986715]
[0.04457488 0.01731081 0.02144153 0.04210593 0.03343335 0.03138972
 0.09394142 0.0440463  0.03138972 0.14249156 0.02525402 0.03688313
 0.07287721 0.02097585 0.02931717 0.04263726 0.03138972 0.02078246
 0.02867039 0.18908754]
[0.05449531 0.016925   0.02209126 0.0416943  0.05326722 0.02443999
 0.07507092 0.04688072 0.02443999 0.13118055 0.02197266 0.03430373
 0.05812991 0.01917326 0.04538327 0.03943015 0.02443999 0.0214884
 0.02855014 0.21664321]
[0.06486887 0.02556218 0.02299868 0.03756984 0.04704565 0.0399741
 0.08004054 0.04786596 0.0399741  0.09913498 0.03973682 0.03778891
 0.05985893 0.02939416 0.04149124 0.05779253 0.0399741  0.02198609
 0.03014661 0.13679577]
[0.05396386 0.01495627 0.0179963  0.04053563 0.03429894 0.02705407
 0.08471785 0.04003561 0.02705407 0.15617552 0.02578054 0.03578258
 0.05346081 0.02311984 0.0466146  0.04422296 0.02705407 0.02127416
 0.02606261 0.1998397 ]
[0.04866555 0.01467864 0.03506416 0.04206765 0.04120814 0.02569424
 0.0967856  0.05361974 0.02569424 0.13581936 0.02171778 0.03186182
 0.06562752 0.02336039 0.03899558 0.05194037 0.02569424 0.01809453
 0.0286831  0.17472735]
[0.05248638 0.01734607 0.03001093 0.04100376 0.04884923 0.02779212
 0.09303927 0.04907656 0.02779212 0.1300393  0.02529702 0.04079699
 0.05786197 0.0248245  0.03958637 0.04387958 0.02779212 0.02267458
 0.02962471 0.1702264 ]]