17406
Test: public void testIssue727_2() { testIR( IR.tryCatch( IR.block(), IR.catchNode( IR.name("e"), IR.block())), "TRY\n" + " BLOCK\n" + " BLOCK\n" + " CATCH\n" + " NAME e\n" + " BLOCK\n"); }
Code: public static Node tryCatch(Node tryBody, Node catchNode) { Preconditions.checkState(tryBody.isBlock()); Preconditions.checkState(catchNode.isCatch()); Node catchBody = block(catchNode).copyInformationFrom(catchNode); return new Node(Token.TRY, tryBody, catchBody); }
[[0.03903514 0.09679686 0.06267641 0.05403815 0.08274617 0.06267641
 0.0469036  0.04066768 0.02350166 0.04191693 0.06267641 0.034977
 0.02383528 0.04648153 0.04155405 0.02047353 0.07846159 0.08274619
 0.04369385 0.01414157]
[0.04124727 0.09679937 0.06680968 0.05180706 0.07767495 0.06680968
 0.03637749 0.05772529 0.01899058 0.05350947 0.06680968 0.03494324
 0.02661583 0.032585   0.03800717 0.01725507 0.07459354 0.07767494
 0.04710884 0.01665593]
[0.02977068 0.07893631 0.07569234 0.04202922 0.08030894 0.07569234
 0.03730913 0.05046042 0.01857926 0.03570753 0.07569234 0.03024611
 0.02531034 0.04460819 0.04665546 0.01610066 0.09047763 0.08030897
 0.05558065 0.01053344]
[0.03162504 0.09886484 0.07109341 0.04765091 0.0778223  0.07109341
 0.04565228 0.04716966 0.01434607 0.05025515 0.07109341 0.04305437
 0.02220954 0.03697082 0.04848415 0.01681195 0.06911579 0.0778223
 0.04869472 0.01016981]
[0.04139837 0.10295919 0.06292899 0.04450261 0.09161101 0.06292899
 0.04000111 0.04602351 0.02168863 0.03831556 0.06292899 0.02496701
 0.02755612 0.0340151  0.04257788 0.01805097 0.08532399 0.09161103
 0.04665402 0.01395698]
[0.02977068 0.07893631 0.07569234 0.04202922 0.08030894 0.07569234
 0.03730913 0.05046042 0.01857926 0.03570753 0.07569234 0.03024611
 0.02531034 0.04460819 0.04665546 0.01610066 0.09047763 0.08030897
 0.05558065 0.01053344]
[0.03466158 0.08779687 0.06639028 0.0386949  0.08681899 0.06639028
 0.04554528 0.03739667 0.02197685 0.04321786 0.06639028 0.03129094
 0.03237944 0.04276897 0.04559457 0.02389545 0.07069638 0.086819
 0.05441988 0.01685546]
[0.03893437 0.0858854  0.06193969 0.04316201 0.07721134 0.06193969
 0.03100047 0.0549145  0.02350428 0.0515351  0.06193969 0.03428816
 0.03206527 0.02899475 0.04581233 0.02283664 0.08710733 0.07721134
 0.05912919 0.0205885 ]
[0.03540744 0.09878711 0.06273973 0.04927438 0.08686122 0.06273973
 0.03819811 0.04326017 0.02172071 0.04443782 0.06273973 0.03026173
 0.02559975 0.03819944 0.04474543 0.01735935 0.08878802 0.08686122
 0.05119807 0.01082081]
[0.03617276 0.09073131 0.07027985 0.05439095 0.08189608 0.07027985
 0.04878183 0.05292643 0.01817167 0.03608903 0.07027985 0.02890931
 0.0290334  0.03375711 0.05094636 0.01923431 0.06039505 0.08189609
 0.05296481 0.01286398]
[0.02977068 0.07893631 0.07569234 0.04202922 0.08030894 0.07569234
 0.03730913 0.05046042 0.01857926 0.03570753 0.07569234 0.03024611
 0.02531034 0.04460819 0.04665546 0.01610066 0.09047763 0.08030897
 0.05558065 0.01053344]
[0.03500478 0.0818862  0.05561825 0.04642204 0.08471225 0.05561825
 0.04145465 0.0427779  0.0250404  0.04656581 0.05561825 0.0358044
 0.0387779  0.03783796 0.04977843 0.02142256 0.08137991 0.08471224
 0.06360487 0.01596291]
[0.04220837 0.08943379 0.05862231 0.04887446 0.09789842 0.05862231
 0.02974166 0.04101471 0.02855019 0.04670888 0.05862231 0.03271991
 0.03307912 0.03534826 0.04506611 0.01949033 0.07252367 0.09789844
 0.04449506 0.01908171]
[0.04189014 0.08971608 0.07798448 0.04401331 0.0834591  0.07798448
 0.0361614  0.0404025  0.02002071 0.03875387 0.07798448 0.02832203
 0.02180401 0.04296951 0.04471002 0.01898708 0.06991521 0.08345911
 0.05057834 0.01088417]
[0.02601545 0.10032745 0.05313801 0.05110024 0.1026029  0.05313801
 0.03779281 0.03786615 0.0165683  0.04125962 0.05313801 0.02735218
 0.02464155 0.03532092 0.04000034 0.01618013 0.10873426 0.10260288
 0.06118414 0.01103661]
[0.03450869 0.09840578 0.055958   0.04796219 0.07202939 0.055958
 0.04597648 0.0525838  0.01665631 0.04967807 0.055958   0.02762816
 0.0284475  0.04098591 0.04827329 0.02357182 0.09572947 0.07202939
 0.06168665 0.01597311]
[0.03532037 0.13215768 0.05154192 0.05049788 0.08272211 0.05154192
 0.0283834  0.05119003 0.01882724 0.04913454 0.05154192 0.02756266
 0.02289234 0.04044051 0.04192356 0.01609554 0.09371984 0.08272213
 0.06017314 0.01161125]
[0.04139837 0.10295919 0.06292899 0.04450261 0.09161101 0.06292899
 0.04000111 0.04602351 0.02168863 0.03831556 0.06292899 0.02496701
 0.02755612 0.0340151  0.04257788 0.01805097 0.08532399 0.09161103
 0.04665402 0.01395698]
[0.03234202 0.10136931 0.05109163 0.05607953 0.08253073 0.05109163
 0.04511178 0.05000731 0.0211809  0.05378259 0.05109163 0.02977924
 0.03077117 0.04331969 0.04558805 0.02261978 0.08519378 0.08253072
 0.05021111 0.01430735]
[0.02793064 0.09095967 0.0867855  0.04447882 0.08070215 0.0867855
 0.03174253 0.04874777 0.01910351 0.04399306 0.0867855  0.02980304
 0.02275467 0.03767911 0.05434357 0.01553115 0.05452297 0.08070214
 0.04504824 0.0116004 ]]