69429
Test: @Test public void testGetSiblings() { Document doc = Jsoup.parse("<div><p>Hello<p id=1>there<p>this<p>is<p>an<p id=last>element</div>"); Element p = doc.getElementById("1"); }
Code: public Element nextElementSibling(){List<Element> siblings = parent().children();Integer index = indexInList(this, siblings);;if (siblings.size() > index+1)return siblings.get(index+1);elsereturn null;}
[[0.06853237 0.03189779 0.03953525 0.11306381 0.04357164 0.05810428
 0.05287353 0.04357164 0.07423861 0.06813352 0.10774393 0.11334005
 0.0680348  0.05167272 0.06568608]
[0.07733528 0.03410201 0.03554622 0.10574788 0.04692692 0.05899132
 0.04887499 0.04692692 0.06406115 0.07222755 0.10312123 0.15424581
 0.06510658 0.03148727 0.05529882]
[0.05171672 0.02409495 0.04740806 0.11672726 0.04039811 0.04921298
 0.0334858  0.04039811 0.0519908  0.06914674 0.20230341 0.12837498
 0.05660634 0.02932339 0.05881234]
[0.05579641 0.03204543 0.0603877  0.1079422  0.05011618 0.04527135
 0.04080421 0.05011618 0.05957726 0.08270338 0.12289827 0.12216556
 0.07053157 0.04550469 0.05413956]
[0.0746665  0.04576201 0.05394012 0.08072844 0.06216887 0.06922848
 0.04546801 0.06216887 0.06802882 0.0682748  0.10376275 0.10125685
 0.07131651 0.04137261 0.05185636]
[0.06533061 0.0240363  0.04250395 0.10204235 0.04162785 0.04534187
 0.03952225 0.04162785 0.08154164 0.08062233 0.1603479  0.12217534
 0.05240428 0.04709538 0.05378008]
[0.04913933 0.02486141 0.04827079 0.0924369  0.05267433 0.0530513
 0.04328857 0.05267433 0.05514563 0.06935473 0.1720196  0.12127925
 0.07314366 0.03517438 0.05748573]
[0.0746665  0.04576201 0.05394012 0.08072844 0.06216887 0.06922848
 0.04546801 0.06216887 0.06802882 0.0682748  0.10376275 0.10125685
 0.07131651 0.04137261 0.05185636]
[0.04755496 0.02123844 0.03404669 0.12715131 0.04177506 0.05016377
 0.03899532 0.04177506 0.05774732 0.06090603 0.18254666 0.14997408
 0.0616863  0.03068146 0.05375752]
[0.06674273 0.0265796  0.03872261 0.1008383  0.03743917 0.04425427
 0.03879377 0.03743917 0.07182595 0.07126154 0.13925207 0.1848832
 0.06239603 0.03091884 0.04865281]
[0.06818585 0.02454663 0.0441254  0.11469172 0.04633135 0.04771569
 0.03665211 0.04633135 0.06729427 0.09559351 0.11828402 0.13532126
 0.06648371 0.03183294 0.05661025]
[0.07685969 0.02897897 0.04214223 0.1272651  0.04173868 0.05763973
 0.03954716 0.04173868 0.0590424  0.07140949 0.11912865 0.14702259
 0.05902116 0.03838147 0.05008405]
[0.05870941 0.03751939 0.03804929 0.09794024 0.04459872 0.05682696
 0.04400552 0.04459872 0.07363442 0.07147954 0.15215318 0.11635233
 0.06220925 0.03823072 0.06369237]
[0.05807894 0.02546182 0.05223271 0.12864968 0.0539038  0.05666987
 0.04430655 0.0539038  0.06213889 0.0731159  0.12711656 0.11710788
 0.05205217 0.03900089 0.05626053]
[0.06056566 0.02733427 0.04460286 0.103128   0.0394353  0.04598198
 0.034273   0.0394353  0.05299459 0.08052671 0.15763626 0.15393338
 0.07988743 0.02774112 0.05252415]]