100322
Test: public void testAddWeekyears_int1() { MutableDateTime test = new MutableDateTime(2002, 6, 9, 5, 6, 7, 8); test.addWeekyears(-1); }
Code: public void addWeekyears(final int weekyears) { if (weekyears != 0) { setMillis(getChronology().weekyears().add(getMillis(), weekyears)); } }
[[0.06121885 0.04946044 0.08309048 0.03881628 0.01744016 0.08117352
 0.16496627 0.14832854 0.0333619  0.03424023 0.0811735  0.12804708
 0.02671465 0.02598402 0.02598402]
[0.05048563 0.04256235 0.11953764 0.02729607 0.01333268 0.08109107
 0.16689473 0.13686569 0.03006372 0.03112246 0.08109104 0.15334451
 0.01638826 0.0249621  0.0249621 ]
[0.05685405 0.03594296 0.09542707 0.03247362 0.01356883 0.09322371
 0.16283515 0.15360838 0.03391853 0.03263321 0.09322375 0.13096665
 0.02030743 0.02250834 0.02250834]
[0.03900764 0.03375273 0.0828276  0.02872444 0.01181208 0.08483212
 0.2248486  0.1659616  0.02405472 0.0298261  0.08483209 0.13163851
 0.0205493  0.01866622 0.01866622]
[0.05431961 0.04761618 0.10287489 0.03361624 0.01505699 0.082606
 0.16418967 0.15742579 0.03470497 0.03585654 0.08260597 0.12756841
 0.02074024 0.02040929 0.02040929]
[0.06293108 0.05417729 0.09409133 0.03098037 0.02285076 0.09274605
 0.10949524 0.11582659 0.04310203 0.04108195 0.09274606 0.1360774
 0.03579901 0.03404741 0.03404741]
[0.04133338 0.03058451 0.1158341  0.02077446 0.00737513 0.08253725
 0.2314262  0.14343344 0.01550658 0.03276879 0.08253723 0.15889116
 0.0113641  0.0128168  0.0128168 ]
[0.05273089 0.03902435 0.11146237 0.03559687 0.01402235 0.08201345
 0.19722247 0.13622692 0.02857327 0.0354946  0.08201346 0.11263858
 0.02267321 0.02515362 0.02515362]
[0.0469263  0.03117895 0.11171462 0.02706754 0.01102978 0.09711198
 0.17649916 0.15560007 0.01893814 0.03643204 0.09711198 0.13564251
 0.0188801  0.01793339 0.01793339]
[0.0520085  0.04921414 0.08940494 0.03254149 0.01659826 0.08250833
 0.17501849 0.14094499 0.04032633 0.0340509  0.08250833 0.12066231
 0.02603809 0.02908746 0.02908746]
[0.06293108 0.05417729 0.09409133 0.03098037 0.02285076 0.09274605
 0.10949524 0.11582659 0.04310203 0.04108195 0.09274606 0.1360774
 0.03579901 0.03404741 0.03404741]
[0.04629878 0.03141253 0.09982421 0.02986224 0.01269208 0.08587562
 0.19036725 0.16257744 0.01972049 0.02757689 0.08587567 0.15393706
 0.01843198 0.01777392 0.01777392]
[0.05164886 0.03684805 0.1090607  0.02814374 0.00876723 0.07983962
 0.17047335 0.17510764 0.02516579 0.03309984 0.07983962 0.15513046
 0.01505386 0.01591063 0.01591063]
[0.04639106 0.04105519 0.0835199  0.03600672 0.01836672 0.09930296
 0.17466384 0.15366578 0.03165648 0.03082985 0.09930296 0.10834125
 0.03223813 0.02232957 0.02232957]
[0.04639106 0.04105519 0.0835199  0.03600672 0.01836672 0.09930296
 0.17466384 0.15366578 0.03165648 0.03082985 0.09930296 0.10834125
 0.03223813 0.02232957 0.02232957]]