99168
Test: public void shouldNotThrowNPEWhenIntegerPassedToSame() { mock.intArgumentMethod(100); verify(mock, never()).intArgumentMethod(same(new Integer(100))); }
Code: public static <T> T same(T value) { return (T) reportMatcher(new Same(value)).<T>returnFor((Class) value.getClass()); }
[[0.03807549 0.11213553 0.09926394 0.02499062 0.26710933 0.04588114
 0.04980748 0.04178477 0.04126233 0.04456837 0.15288858 0.06622001
 0.01601239]
[0.04049558 0.10516469 0.12100241 0.02225086 0.25669456 0.03905849
 0.06857945 0.03813031 0.04842666 0.04075018 0.13277408 0.06786092
 0.01881175]
[0.03853791 0.09443034 0.12023596 0.01688109 0.2593189  0.0443184
 0.07276934 0.04250967 0.04212067 0.04048401 0.12131168 0.09072204
 0.01636001]
[0.03770687 0.10212778 0.11290889 0.02175933 0.23626545 0.04532868
 0.05829359 0.04379078 0.04511056 0.05065492 0.15279871 0.07676404
 0.0164904 ]
[0.0271111  0.1036213  0.10136761 0.0157942  0.32298434 0.04128912
 0.05180226 0.03403476 0.03695315 0.036348   0.1373136  0.08042222
 0.01095834]
[0.0351495  0.11426488 0.10233643 0.01698942 0.28270376 0.04271819
 0.05669927 0.04190784 0.04004402 0.0449411  0.14259444 0.06549587
 0.01415528]
[0.04648305 0.10646404 0.09748114 0.02511185 0.18406513 0.05196032
 0.07080224 0.05400965 0.06066989 0.06122961 0.13556144 0.08056961
 0.025592  ]
[0.02474349 0.1122323  0.11221806 0.01395839 0.2941599  0.0403192
 0.04683292 0.03618819 0.03289228 0.05022586 0.15039617 0.07292059
 0.01291273]
[0.03935346 0.11276209 0.11147566 0.02021591 0.2363696  0.06176933
 0.0573722  0.04016683 0.03825886 0.05096918 0.14371029 0.07105504
 0.01652156]
[0.02583636 0.11323905 0.10943493 0.01252422 0.3047274  0.04122324
 0.05267125 0.03378491 0.03887132 0.05265001 0.1299981  0.07537089
 0.00966829]
[0.03385882 0.11303145 0.10183577 0.01452375 0.30445355 0.04618848
 0.04260811 0.04018689 0.0328748  0.04155276 0.14406791 0.0732237
 0.01159404]
[0.03472266 0.09690808 0.10152782 0.02121309 0.23557922 0.05877957
 0.07702258 0.05038372 0.04207756 0.05417059 0.1426643  0.06978166
 0.01516908]
[0.02735921 0.10148542 0.12306511 0.0186351  0.27576715 0.03395298
 0.05841201 0.05631365 0.04410052 0.03993723 0.14347899 0.06434912
 0.01314351]]