69432
Test: @Test public void testGetSiblings() { Document doc = Jsoup.parse("<div><p>Hello<p id=1>there<p>this<p>is<p>an<p id=last>element</div>"); Element p = doc.getElementById("1"); }
Code: public Element nextElementSibling(){List<Element> siblings = parent().children();Integer index = indexInList(this, siblings);;if (siblings.size() > index+0)return siblings.get(index+0);elsereturn null;}
[[0.04909014 0.02076679 0.02440086 0.08611723 0.03191398 0.04502137
 0.03571214 0.03191398 0.05352626 0.04913387 0.08312448 0.07638268
 0.09925972 0.27016452 0.04347192]
[0.05257875 0.01980655 0.01827936 0.06932436 0.03205187 0.04275945
 0.03006973 0.03205187 0.04528097 0.04768534 0.07785843 0.08437244
 0.09829761 0.316039   0.03354423]
[0.03056749 0.01084477 0.01978025 0.06646609 0.023957   0.03333878
 0.0176899  0.023957   0.03279053 0.03779759 0.15386221 0.05985115
 0.08891825 0.36993837 0.03024068]
[0.0391026  0.0200337  0.03538931 0.07712353 0.03706026 0.03438384
 0.0284036  0.03706026 0.04444538 0.05776048 0.09963921 0.07812896
 0.1084883  0.26654688 0.03643361]
[0.05702844 0.03268379 0.03842656 0.06290364 0.04898346 0.05531028
 0.03484076 0.04898346 0.05244532 0.05205142 0.08488467 0.07543028
 0.13173005 0.18508762 0.03921028]
[0.04129166 0.01286553 0.02023869 0.06643786 0.02638402 0.03146233
 0.02346861 0.02638402 0.05402422 0.04782249 0.12256368 0.06623235
 0.10238651 0.32771182 0.03072627]
[0.02932801 0.01299826 0.02274746 0.05649716 0.03133969 0.03553955
 0.02549601 0.03133969 0.03695687 0.04259188 0.1279863  0.06199094
 0.10034216 0.35381016 0.03103587]
[0.05702844 0.03268379 0.03842656 0.06290364 0.04898346 0.05531028
 0.03484076 0.04898346 0.05244532 0.05205142 0.08488467 0.07543028
 0.13173005 0.18508762 0.03921028]
[0.02455954 0.00883846 0.0125581  0.06957866 0.02292954 0.03110706
 0.02075677 0.02292954 0.03784337 0.0330648  0.13403513 0.06063634
 0.09914428 0.39546305 0.02655532]
[0.04591596 0.01536069 0.02112622 0.06970938 0.02784106 0.03263628
 0.02747546 0.02784106 0.05244179 0.05066581 0.11517636 0.10824402
 0.08548801 0.28837144 0.03170644]
[0.04204749 0.01248711 0.02024206 0.068866   0.03036108 0.03219841
 0.02286525 0.03036108 0.04558269 0.05979714 0.08918127 0.06608351
 0.11219333 0.3371185  0.03061503]
[0.05341316 0.01740664 0.02339261 0.09077224 0.02935981 0.04451408
 0.02582595 0.02935981 0.04300705 0.04965738 0.09468739 0.08775075
 0.10123558 0.27743164 0.03218594]
[0.04471471 0.02288973 0.02533046 0.08349603 0.03123258 0.040214
 0.02796207 0.03123258 0.05028724 0.04993818 0.1037464  0.07664988
 0.10868476 0.2663403  0.03728103]
[0.05095788 0.02099092 0.02433545 0.0584723  0.0332237  0.0497063
 0.03625868 0.0332237  0.05087374 0.0529752  0.10302117 0.07228201
 0.11849526 0.2515689  0.04361475]
[0.0411289  0.0143383  0.02129015 0.06454824 0.02722416 0.0339006
 0.02249982 0.02722416 0.03723978 0.05018201 0.12945215 0.07863693
 0.08640195 0.33408713 0.03184576]]