18047
Test: public void test7() throws Throwable { if (debug) System.out.format("%n%s%n", "RegressionTest0.test7"); boolean boolean1 = com.google.javascript.jscomp.CodeConsumer.isNegativeZero((double) 100L); }
Code: static boolean isNegativeZero(double x) { return x == 0.0 && Math.copySign(1, x) == -1.0; }
tensor([[0.1194, 0.1170, 0.1235, 0.0756, 0.0844, 0.0398, 0.0812, 0.0506, 0.0253,
         0.0308, 0.0480, 0.0756, 0.0506, 0.0559, 0.0222],
        [0.1188, 0.1383, 0.1360, 0.0656, 0.0802, 0.0502, 0.1139, 0.0436, 0.0182,
         0.0206, 0.0418, 0.0656, 0.0436, 0.0488, 0.0147],
        [0.1119, 0.1056, 0.1016, 0.0991, 0.0888, 0.0414, 0.0756, 0.0511, 0.0239,
         0.0225, 0.0504, 0.0991, 0.0511, 0.0593, 0.0186],
        [0.1189, 0.1067, 0.1131, 0.0911, 0.0611, 0.0411, 0.0848, 0.0550, 0.0229,
         0.0274, 0.0507, 0.0911, 0.0550, 0.0651, 0.0159],
        [0.1046, 0.0925, 0.1032, 0.0966, 0.0729, 0.0497, 0.0756, 0.0459, 0.0294,
         0.0385, 0.0557, 0.0966, 0.0459, 0.0676, 0.0252],
        [0.1266, 0.1229, 0.1211, 0.0928, 0.0548, 0.0371, 0.0911, 0.0478, 0.0298,
         0.0188, 0.0477, 0.0928, 0.0478, 0.0541, 0.0148],
        [0.0925, 0.0900, 0.1105, 0.0897, 0.0677, 0.0523, 0.0872, 0.0579, 0.0367,
         0.0275, 0.0517, 0.0897, 0.0579, 0.0606, 0.0283],
        [0.1309, 0.1533, 0.1144, 0.0733, 0.0610, 0.0346, 0.1060, 0.0498, 0.0169,
         0.0175, 0.0433, 0.0733, 0.0498, 0.0641, 0.0121],
        [0.1288, 0.1295, 0.1126, 0.0777, 0.0672, 0.0386, 0.1015, 0.0486, 0.0255,
         0.0246, 0.0469, 0.0777, 0.0486, 0.0552, 0.0170],
        [0.1205, 0.1285, 0.1069, 0.0920, 0.0687, 0.0384, 0.0888, 0.0493, 0.0195,
         0.0214, 0.0482, 0.0920, 0.0493, 0.0548, 0.0215],
        [0.1230, 0.1066, 0.1161, 0.0631, 0.0651, 0.0477, 0.1315, 0.0583, 0.0219,
         0.0225, 0.0504, 0.0631, 0.0583, 0.0596, 0.0128],
        [0.1189, 0.1067, 0.1131, 0.0911, 0.0611, 0.0411, 0.0848, 0.0550, 0.0229,
         0.0274, 0.0507, 0.0911, 0.0550, 0.0651, 0.0159],
        [0.1309, 0.1533, 0.1144, 0.0733, 0.0610, 0.0346, 0.1060, 0.0498, 0.0169,
         0.0175, 0.0433, 0.0733, 0.0498, 0.0641, 0.0121],
        [0.0876, 0.1245, 0.1227, 0.0861, 0.0867, 0.0451, 0.0806, 0.0413, 0.0324,
         0.0288, 0.0467, 0.0861, 0.0413, 0.0612, 0.0290],
        [0.1217, 0.1009, 0.1108, 0.0637, 0.0742, 0.0632, 0.1160, 0.0501, 0.0338,
         0.0247, 0.0425, 0.0637, 0.0501, 0.0687, 0.0160]])