99102
Test: public void testCompleteProgress() throws Exception { IProgressMonitor progressMonitor = mock(IProgressMonitor.class); progressMonitor.beginTask("foo", 12); progressMonitor.worked(10); progressMonitor.done(); verify(progressMonitor).beginTask(anyString(), anyInt()); verify(progressMonitor, atLeastOnce()).worked(anyInt()); }
Code: public static <T> T mock(Class<T> classToMock, MockSettings mockSettings) { return MOCKITO_CORE.mock(classToMock, mockSettings, true); }
tensor([[0.0415, 0.1252, 0.1112, 0.0271, 0.0914, 0.0152, 0.1993, 0.0800, 0.0560,
         0.0457, 0.0395, 0.0385, 0.1116, 0.0178],
        [0.0417, 0.1088, 0.1256, 0.0229, 0.0849, 0.0132, 0.2340, 0.0717, 0.0712,
         0.0393, 0.0348, 0.0343, 0.0982, 0.0195],
        [0.0397, 0.0976, 0.1249, 0.0174, 0.0688, 0.0120, 0.2459, 0.0773, 0.0757,
         0.0438, 0.0313, 0.0413, 0.1073, 0.0170],
        [0.0375, 0.1031, 0.1151, 0.0216, 0.0881, 0.0128, 0.2154, 0.0759, 0.0598,
         0.0437, 0.0349, 0.0465, 0.1289, 0.0167],
        [0.0360, 0.1408, 0.1186, 0.0304, 0.0687, 0.0120, 0.2241, 0.0652, 0.0588,
         0.0514, 0.0392, 0.0489, 0.0882, 0.0176],
        [0.0325, 0.1456, 0.1049, 0.0200, 0.1033, 0.0122, 0.1916, 0.0735, 0.0548,
         0.0565, 0.0288, 0.0377, 0.1269, 0.0116],
        [0.0394, 0.1107, 0.1076, 0.0314, 0.0764, 0.0154, 0.2056, 0.0770, 0.0787,
         0.0508, 0.0397, 0.0422, 0.1038, 0.0212],
        [0.0395, 0.1082, 0.1102, 0.0235, 0.0856, 0.0133, 0.2329, 0.0778, 0.0563,
         0.0541, 0.0329, 0.0367, 0.1121, 0.0171],
        [0.0478, 0.1099, 0.1007, 0.0258, 0.0716, 0.0165, 0.1737, 0.0870, 0.0734,
         0.0554, 0.0402, 0.0639, 0.1077, 0.0264],
        [0.0255, 0.1172, 0.1178, 0.0143, 0.0890, 0.0095, 0.2720, 0.0675, 0.0492,
         0.0372, 0.0241, 0.0333, 0.1297, 0.0135],
        [0.0241, 0.1041, 0.1237, 0.0184, 0.0759, 0.0075, 0.2656, 0.0707, 0.0612,
         0.0394, 0.0231, 0.0399, 0.1307, 0.0156],
        [0.0316, 0.1088, 0.1113, 0.0213, 0.0916, 0.0092, 0.2499, 0.0864, 0.0493,
         0.0465, 0.0330, 0.0404, 0.1101, 0.0106],
        [0.0436, 0.1136, 0.1047, 0.0206, 0.0870, 0.0173, 0.2029, 0.0823, 0.0631,
         0.0467, 0.0311, 0.0457, 0.1228, 0.0184],
        [0.0304, 0.1136, 0.1381, 0.0208, 0.0795, 0.0115, 0.1797, 0.0713, 0.0655,
         0.0628, 0.0312, 0.0523, 0.1285, 0.0147]])