70204
Test: public void test309() throws Throwable { if (debug) System.out.format("%n%s%n", "RegressionTest0.test309"); org.apache.commons.jxpath.JXPathContext jXPathContext0 = null; org.apache.commons.jxpath.Pointer pointer2 = null; org.apache.commons.jxpath.ri.JXPathContextReferenceImpl jXPathContextReferenceImpl3 = new org.apache.commons.jxpath.ri.JXPathContextReferenceImpl(jXPathContext0, (java.lang.Object) 1L, pointer2); org.apache.commons.jxpath.IdentityManager identityManager4 = jXPathContextReferenceImpl3.getIdentityManager(); org.apache.commons.jxpath.ri.NamespaceResolver namespaceResolver5 = jXPathContextReferenceImpl3.getNamespaceResolver(); org.apache.commons.jxpath.Pointer pointer6 = namespaceResolver5.getNamespaceContextPointer(); }
Code: public synchronized NamespaceResolver getNamespaceResolver() { if (localNamespaceResolver == null) { localNamespaceResolver = new NamespaceResolver(super.getNamespaceResolver()); localNamespaceResolver.setNamespaceContextPointer(this); } return localNamespaceResolver; }
[[0.0309023  0.05561466 0.07710136 0.05266179 0.05407544 0.08460685
 0.08522937 0.04507086 0.01484916 0.05407544 0.03184049 0.02026597
 0.01469697 0.24995811 0.03011665 0.01598261 0.0355988  0.03137054
 0.0159826 ]
[0.02806004 0.05894349 0.06326468 0.04918464 0.042208   0.0833108
 0.08263481 0.039042   0.01376321 0.042208   0.0282589  0.02514331
 0.01550754 0.30522195 0.03009123 0.01216037 0.03682272 0.03201402
 0.01216036]
[0.01905829 0.05953477 0.05736726 0.0488839  0.05043971 0.08579088
 0.08020585 0.03083378 0.01381512 0.05043971 0.02553914 0.02102177
 0.01248754 0.33215913 0.020402   0.01368886 0.0347477  0.02989576
 0.01368886]
[0.02394341 0.0527898  0.0600492  0.05114604 0.07194439 0.07173582
 0.09414319 0.03671028 0.01392682 0.07194439 0.02036846 0.01715872
 0.01129873 0.29696435 0.01649023 0.01227139 0.03431909 0.03052429
 0.01227139]
[0.03525566 0.05253894 0.05835495 0.05222745 0.06294091 0.05989754
 0.10511453 0.03628141 0.02157089 0.06294091 0.03445787 0.02963379
 0.01876414 0.21517497 0.0296439  0.02119442 0.03975681 0.04305644
 0.02119442]
[0.0163098  0.04981232 0.0528704  0.04717455 0.05421392 0.09940757
 0.06495196 0.02611681 0.00588085 0.05421392 0.02099876 0.01447686
 0.00712489 0.41006806 0.01370302 0.00751106 0.0227272  0.02492703
 0.00751106]
[0.02613696 0.06664207 0.05429458 0.05104195 0.06446308 0.08317587
 0.11137129 0.03446472 0.01113203 0.06446308 0.0219134  0.01806212
 0.01296972 0.26490718 0.02334332 0.01185791 0.02956769 0.03833508
 0.01185791]
[0.01594777 0.07010647 0.0570725  0.05052985 0.05829875 0.08607318
 0.069729   0.03627507 0.01007658 0.05829875 0.02417552 0.01766745
 0.01132687 0.34036195 0.0166011  0.01114516 0.02740618 0.02776266
 0.01114516]
[0.02248345 0.07153836 0.05350275 0.04385856 0.06331982 0.09855276
 0.10410623 0.0388078  0.01246405 0.06331982 0.02040216 0.01537118
 0.00901612 0.2852383  0.01873882 0.00901302 0.02771632 0.03353743
 0.00901302]
[0.03525566 0.05253894 0.05835495 0.05222745 0.06294091 0.05989754
 0.10511453 0.03628141 0.02157089 0.06294091 0.03445787 0.02963379
 0.01876414 0.21517497 0.0296439  0.02119442 0.03975681 0.04305644
 0.02119442]
[0.03029997 0.06565242 0.06689538 0.05058187 0.05809751 0.08694983
 0.09216267 0.03971796 0.01351742 0.05809751 0.02639434 0.01784894
 0.01338522 0.23936287 0.02604369 0.01702992 0.04310567 0.03782692
 0.01702992]
[0.04149058 0.06167468 0.05236325 0.06072765 0.04983914 0.09242903
 0.11825673 0.0460574  0.02588505 0.04983914 0.03332164 0.03525789
 0.01969099 0.14476858 0.03394167 0.02105301 0.04610621 0.04624436
 0.02105301]
[0.02765339 0.06044652 0.08747563 0.04792049 0.05955306 0.08828285
 0.10221984 0.04318397 0.01399001 0.05955306 0.02833322 0.02132517
 0.01688769 0.20989965 0.02514061 0.01661989 0.03916995 0.03572515
 0.01661989]
[0.02498833 0.06450597 0.07070255 0.05081651 0.05596963 0.07359779
 0.09184395 0.03400522 0.012035   0.05596963 0.02265895 0.02080392
 0.01412025 0.28852034 0.02204165 0.01160749 0.03236674 0.04183859
 0.01160749]
[0.03299814 0.05438515 0.06407841 0.04785641 0.05859912 0.07388034
 0.07499395 0.03669871 0.01453036 0.05859912 0.02714869 0.01800636
 0.01295616 0.29298848 0.02794161 0.01394061 0.04100509 0.03545265
 0.01394061]
[0.02235162 0.07028411 0.06721935 0.06086129 0.06660324 0.08826995
 0.09302461 0.03951325 0.01370735 0.06660324 0.02495663 0.0212066
 0.01257632 0.20625868 0.02617574 0.01389113 0.05146476 0.041141
 0.01389113]
[0.01998485 0.05855563 0.04956628 0.05000703 0.05039898 0.07511536
 0.0857596  0.03143139 0.01079226 0.05039898 0.02579467 0.02022912
 0.01131693 0.35554254 0.01716095 0.01323695 0.02707093 0.03440062
 0.01323694]
[0.02153665 0.0642072  0.05917533 0.04856903 0.05381506 0.09155583
 0.08317899 0.04215808 0.0107404  0.05381506 0.02629223 0.01602913
 0.01187217 0.30583486 0.01970487 0.01206576 0.03225823 0.03512538
 0.01206576]
[0.02235161 0.07028411 0.06721933 0.06086129 0.06660324 0.08826992
 0.0930246  0.03951324 0.01370735 0.06660324 0.02495663 0.02120659
 0.01257633 0.20625873 0.02617573 0.01389113 0.05146475 0.04114099
 0.01389113]]