66915
Test: public void testGenericSignature1195() throws Exception { TypeFactory tf = TypeFactory.defaultInstance(); Method m; JavaType t; m = Generic1195.class.getMethod("getList"); t = tf.constructType(m.getGenericReturnType()); m = Generic1195.class.getMethod("getMap"); t = tf.constructType(m.getGenericReturnType()); m = Generic1195.class.getMethod("getGeneric"); t = tf.constructType(m.getGenericReturnType()); }
Code: public StringBuilder getGenericSignature(StringBuilder sb) { _classSignature(_class, sb, false); sb.append('<'); sb = _referencedType.getGenericSignature(sb); sb.append(">;"); return sb; }
tensor([[0.0423, 0.0409, 0.0842, 0.0414, 0.0563, 0.1033, 0.1128, 0.0742, 0.1070,
         0.0267, 0.0266, 0.0520, 0.1363, 0.0466, 0.0314, 0.0180],
        [0.0375, 0.0426, 0.0745, 0.0369, 0.0691, 0.0938, 0.1180, 0.0681, 0.0985,
         0.0232, 0.0253, 0.0538, 0.1652, 0.0476, 0.0276, 0.0182],
        [0.0371, 0.0509, 0.0756, 0.0361, 0.0744, 0.0907, 0.1324, 0.0600, 0.1106,
         0.0280, 0.0260, 0.0430, 0.1433, 0.0410, 0.0321, 0.0187],
        [0.0299, 0.0477, 0.0887, 0.0299, 0.0449, 0.1187, 0.1713, 0.0781, 0.0870,
         0.0179, 0.0298, 0.0460, 0.1314, 0.0379, 0.0252, 0.0156],
        [0.0427, 0.0496, 0.0971, 0.0435, 0.0644, 0.0812, 0.1005, 0.0710, 0.1129,
         0.0270, 0.0354, 0.0581, 0.1141, 0.0497, 0.0293, 0.0234],
        [0.0383, 0.0430, 0.0665, 0.0341, 0.0632, 0.0913, 0.1636, 0.0767, 0.1051,
         0.0193, 0.0267, 0.0516, 0.1421, 0.0416, 0.0237, 0.0133],
        [0.0467, 0.0423, 0.0830, 0.0373, 0.0633, 0.0837, 0.1456, 0.0625, 0.1075,
         0.0246, 0.0244, 0.0507, 0.1314, 0.0517, 0.0281, 0.0172],
        [0.0387, 0.0566, 0.0743, 0.0321, 0.0666, 0.0921, 0.1657, 0.0836, 0.0900,
         0.0235, 0.0281, 0.0426, 0.1235, 0.0438, 0.0217, 0.0172],
        [0.0433, 0.0471, 0.0621, 0.0367, 0.0701, 0.1037, 0.1215, 0.0724, 0.1288,
         0.0218, 0.0251, 0.0500, 0.1261, 0.0449, 0.0285, 0.0180],
        [0.0378, 0.0440, 0.0769, 0.0315, 0.0578, 0.0834, 0.1510, 0.0657, 0.1205,
         0.0208, 0.0253, 0.0551, 0.1387, 0.0450, 0.0276, 0.0187],
        [0.0493, 0.0509, 0.0816, 0.0431, 0.0534, 0.0785, 0.0935, 0.0841, 0.1245,
         0.0326, 0.0402, 0.0653, 0.0925, 0.0537, 0.0332, 0.0236],
        [0.0326, 0.0474, 0.0753, 0.0266, 0.0636, 0.0859, 0.1814, 0.0807, 0.0970,
         0.0152, 0.0225, 0.0385, 0.1557, 0.0418, 0.0221, 0.0138],
        [0.0412, 0.0533, 0.0782, 0.0347, 0.0589, 0.0989, 0.1385, 0.0819, 0.0974,
         0.0240, 0.0238, 0.0491, 0.1382, 0.0420, 0.0253, 0.0146],
        [0.0266, 0.0433, 0.0757, 0.0297, 0.0528, 0.0927, 0.1870, 0.0662, 0.1139,
         0.0203, 0.0260, 0.0445, 0.1426, 0.0384, 0.0260, 0.0144],
        [0.0253, 0.0368, 0.0599, 0.0294, 0.0746, 0.0996, 0.1794, 0.0673, 0.0988,
         0.0220, 0.0206, 0.0389, 0.1628, 0.0467, 0.0266, 0.0113],
        [0.0278, 0.0385, 0.0747, 0.0300, 0.0672, 0.1079, 0.1490, 0.0638, 0.0893,
         0.0218, 0.0247, 0.0439, 0.1627, 0.0594, 0.0247, 0.0147]])