65188
Test: public void testPOJOSubType() throws Exception { JavaType elem = SimpleType.construct(Point3D.class); Point3D p = MAPPER.readValue(aposToQuotes("{'x':1,'z':3,'y':2}"), elem); }
Code: public static CollectionType construct(Class<?> rawType, JavaType elemT) { return new CollectionType(rawType, null, _bogusSuperClass(rawType), null, elemT, null, null, false); }
[[0.03543561 0.07885617 0.07092836 0.07907867 0.02324415 0.06358439
 0.02817781 0.03175876 0.0370851  0.01894185 0.07049496 0.0810962
 0.04137948 0.0810962  0.04150501 0.0810962  0.08109619 0.04343595
 0.01170881]
[0.03905639 0.08132285 0.07637935 0.07562688 0.02672946 0.05991771
 0.03217746 0.04251138 0.03515605 0.01588436 0.05907552 0.07902211
 0.04124378 0.07902211 0.03709144 0.07902211 0.07902207 0.04847699
 0.01326195]
[0.03237624 0.09099433 0.07207896 0.09581999 0.01639798 0.06270088
 0.03195025 0.03272403 0.03820506 0.01347002 0.06185873 0.07894951
 0.04339492 0.07894951 0.03806648 0.07894951 0.0789495  0.04334617
 0.01081797]
[0.03078452 0.07335769 0.06447373 0.10646507 0.01740276 0.05362409
 0.02801073 0.03855354 0.04076224 0.01590821 0.07371771 0.08146484
 0.03818462 0.08146484 0.03807873 0.08146484 0.08146486 0.04549702
 0.00931998]
[0.02832149 0.07615449 0.0618103  0.11217092 0.01293714 0.07180918
 0.03223672 0.03111218 0.03947361 0.01418528 0.06207758 0.07828487
 0.04339642 0.07828487 0.04607454 0.07828487 0.0782849  0.04647412
 0.00862652]
[0.03529537 0.07249643 0.06746794 0.09368191 0.02150681 0.06542772
 0.03091134 0.03600955 0.03428634 0.01582832 0.07229754 0.07766837
 0.05149225 0.07766837 0.03885833 0.07766837 0.07766837 0.04328296
 0.01048373]
[0.02532579 0.07144295 0.0627244  0.10330116 0.01617365 0.06515072
 0.02768842 0.03021976 0.03108204 0.01200759 0.0664248  0.08737545
 0.0495303  0.08737545 0.03172506 0.08737545 0.08737543 0.047575
 0.0101266 ]
[0.03532344 0.07296447 0.06275971 0.07175378 0.02924987 0.06191289
 0.02923671 0.04320802 0.04242777 0.02167694 0.07624573 0.07594249
 0.04346769 0.07594249 0.03839031 0.07594249 0.07594246 0.05021044
 0.01740227]
[0.02294119 0.08219715 0.073217   0.07273038 0.01588177 0.06773943
 0.02554852 0.02935349 0.03596643 0.01447892 0.0829853  0.08524099
 0.04850749 0.08524099 0.04049439 0.08524099 0.08524099 0.03816379
 0.00883071]
[0.03059717 0.08371127 0.05991768 0.07209247 0.02345574 0.07534017
 0.03068983 0.03970712 0.04260842 0.02169486 0.07275185 0.07689861
 0.04835106 0.07689861 0.03499258 0.07689861 0.07689862 0.04384982
 0.01264553]
[0.02648793 0.08147188 0.06071642 0.09011367 0.01828116 0.06371398
 0.02851522 0.03215633 0.03145808 0.01602596 0.078491   0.08553594
 0.04213259 0.08553594 0.0338759  0.08553594 0.08553593 0.04443324
 0.00998289]
[0.03266333 0.07122792 0.06200479 0.06726786 0.01311741 0.05723365
 0.03736704 0.03716388 0.03609889 0.0149018  0.06683752 0.09132399
 0.04003699 0.09132399 0.03973464 0.09132399 0.09132397 0.04888171
 0.01016667]
[0.0232948  0.08745888 0.06503225 0.10768826 0.01408057 0.07500657
 0.02586542 0.03676222 0.04231993 0.01477621 0.07244296 0.07494559
 0.05118196 0.07494559 0.03398857 0.07494559 0.07494561 0.04321823
 0.00710076]
[0.03266333 0.07122792 0.06200479 0.06726786 0.01311741 0.05723365
 0.03736704 0.03716388 0.03609889 0.0149018  0.06683752 0.09132399
 0.04003699 0.09132399 0.03973464 0.09132399 0.09132397 0.04888171
 0.01016667]
[0.03061321 0.07054599 0.06066397 0.08394124 0.02285111 0.05565697
 0.03309677 0.04051636 0.03481019 0.02055018 0.07682999 0.08072989
 0.04454277 0.08072989 0.04147758 0.08072989 0.08072989 0.04685557
 0.01412848]
[0.03266333 0.07122792 0.06200479 0.06726786 0.01311741 0.05723365
 0.03736704 0.03716388 0.03609889 0.0149018  0.06683752 0.09132399
 0.04003699 0.09132399 0.03973464 0.09132399 0.09132397 0.04888171
 0.01016667]
[0.03266332 0.07122792 0.06200479 0.06726786 0.01311741 0.05723363
 0.03736704 0.03716387 0.03609888 0.0149018  0.06683752 0.09132399
 0.04003698 0.09132399 0.03973464 0.09132399 0.09132399 0.04888171
 0.01016667]
[0.03965792 0.06896771 0.0700306  0.06354108 0.02119595 0.0550221
 0.0289625  0.03642463 0.03811187 0.01488504 0.06522221 0.09106928
 0.04087004 0.09106928 0.03464966 0.09106928 0.09106927 0.04731249
 0.01086901]
[0.02909349 0.08322006 0.05972313 0.1108577  0.01817616 0.06297423
 0.0394491  0.04085612 0.05373818 0.01612475 0.06687789 0.07223111
 0.03905716 0.07223111 0.03582747 0.07223111 0.07223112 0.04467352
 0.01042656]]