67637
Test: public void test06() throws Throwable { if (debug) System.out.format("%n%s%n", "RegressionTest0.test06"); java.util.TimeZone timeZone0 = com.fasterxml.jackson.databind.util.StdDateFormat.DEFAULT_TIMEZONE; java.util.Locale locale1 = null; com.fasterxml.jackson.databind.util.StdDateFormat stdDateFormat3 = new com.fasterxml.jackson.databind.util.StdDateFormat(timeZone0, locale1, (java.lang.Boolean) true); java.lang.StringBuffer stringBuffer4 = null; try { stdDateFormat3._formatBCEYear(stringBuffer4, 0); } catch (java.lang.NullPointerException e) { } }
Code: protected void _formatBCEYear(StringBuffer buffer, int bceYearNoSign) { if (bceYearNoSign <= 1) { ; return; } final int isoYear = bceYearNoSign % 0; buffer.append('-'); pad4(buffer, isoYear); }
[[0.0392346  0.01935426 0.03287972 0.10291472 0.01279078 0.04204452
 0.04686166 0.07136628 0.00819769 0.141031   0.02549905 0.04686166
 0.01166586 0.0245002  0.00930201 0.02006824 0.01279078 0.04503028
 0.01775997 0.0346192  0.0264133  0.04140256 0.02255038 0.06004354
 0.07551572 0.00930201]
[0.04468304 0.01813816 0.0259249  0.07847574 0.01003291 0.04414537
 0.03900906 0.06579221 0.00668257 0.14896198 0.01965083 0.03900906
 0.01052811 0.02224094 0.01166817 0.01813235 0.01003291 0.06907503
 0.01675028 0.03317787 0.02324725 0.03174641 0.01830001 0.09352238
 0.08940425 0.01166817]
[0.04447956 0.01782972 0.03244068 0.08336925 0.01135319 0.06299077
 0.04474602 0.09019785 0.00925126 0.12919536 0.02635405 0.04474602
 0.01025428 0.02690592 0.00885567 0.0199546  0.01135319 0.04792783
 0.0140683  0.04242599 0.02720173 0.04641424 0.03006734 0.05231874
 0.0564427  0.00885567]
[0.04053657 0.02084019 0.03173161 0.09121648 0.01274438 0.05075158
 0.05243605 0.07062727 0.01039513 0.09817286 0.02737845 0.05243605
 0.01256302 0.02365871 0.01423637 0.02095817 0.01274438 0.0538628
 0.01646105 0.04576094 0.02987809 0.03266792 0.02639402 0.05861941
 0.07869209 0.01423637]
[0.04382622 0.01570034 0.02972372 0.07504517 0.01251492 0.04800686
 0.04117694 0.10190235 0.00976543 0.11530847 0.02474681 0.04117694
 0.01446113 0.02943654 0.00876038 0.02435733 0.01251492 0.05298717
 0.01487504 0.04072921 0.02419312 0.03682462 0.01920982 0.08227769
 0.07171849 0.00876038]
[0.03766309 0.01836465 0.03549001 0.09149835 0.01318308 0.04898774
 0.03898455 0.08679879 0.0105429  0.12305023 0.02405882 0.03898455
 0.0108587  0.02585758 0.01227044 0.02128142 0.01318308 0.05658654
 0.01684006 0.03695582 0.0269293  0.04506816 0.02495797 0.05918739
 0.07014636 0.01227044]
[0.06117558 0.02661063 0.03920512 0.06918965 0.01454666 0.05315036
 0.04936524 0.05239973 0.01421481 0.08355101 0.03774527 0.04936524
 0.01706825 0.03139032 0.01734214 0.02991863 0.01454666 0.05161621
 0.02537202 0.03925714 0.03241493 0.0398583  0.03148028 0.0575462
 0.04432744 0.01734214]
[0.03334445 0.01238624 0.02782948 0.10148955 0.00713959 0.0546375
 0.03975916 0.08856861 0.00511253 0.17903669 0.02115687 0.03975916
 0.00685446 0.02412708 0.0057787  0.01338378 0.00713959 0.04710621
 0.01255959 0.03834842 0.01918847 0.03927261 0.01633457 0.06459775
 0.08931024 0.0057787 ]
[0.05319244 0.0169235  0.0302925  0.08317908 0.01151867 0.04264465
 0.05476749 0.06208038 0.00703188 0.11425015 0.02911292 0.05476749
 0.00974859 0.02117575 0.01213926 0.01686504 0.01151867 0.06312461
 0.01585668 0.03551488 0.02457434 0.04088757 0.01944661 0.07281276
 0.08443481 0.01213926]
[0.042123   0.01654962 0.02913364 0.08209167 0.01039071 0.05435809
 0.0521847  0.06248729 0.00809277 0.12633333 0.02371595 0.0521847
 0.01103617 0.02331582 0.01370212 0.02037774 0.01039071 0.06711834
 0.01526621 0.03709124 0.03109089 0.03674056 0.02821353 0.0552751
 0.07703406 0.01370211]
[0.05256452 0.01745861 0.02827895 0.0881977  0.01082241 0.04760235
 0.05817138 0.07101198 0.00758898 0.12371736 0.02633547 0.05817138
 0.0091257  0.01800222 0.00789244 0.01667779 0.01082241 0.05480274
 0.01143401 0.04143188 0.02599192 0.03987362 0.02631453 0.07106964
 0.0687475  0.00789244]
[0.06117558 0.02661063 0.03920512 0.06918965 0.01454666 0.05315036
 0.04936524 0.05239973 0.01421481 0.08355101 0.03774527 0.04936524
 0.01706825 0.03139032 0.01734214 0.02991863 0.01454666 0.05161621
 0.02537202 0.03925714 0.03241493 0.0398583  0.03148028 0.0575462
 0.04432744 0.01734214]
[0.03836617 0.0138185  0.03018989 0.07997817 0.01118858 0.05061887
 0.05771241 0.08044702 0.00671058 0.12492073 0.0238484  0.05771241
 0.01156442 0.02049988 0.00701802 0.01843107 0.01118858 0.05011055
 0.01595049 0.0361672  0.02604094 0.03403723 0.02462647 0.07494015
 0.08689527 0.00701802]
[0.04234758 0.01481065 0.02984868 0.09542295 0.01058781 0.05818588
 0.04398222 0.08493339 0.00951735 0.14313117 0.02187348 0.04398222
 0.0118655  0.02670727 0.00987245 0.01682615 0.01058781 0.04751576
 0.01635692 0.04035983 0.02463852 0.03864261 0.02744959 0.06046654
 0.06021524 0.00987245]
[0.04434696 0.01865593 0.03101724 0.06398665 0.0152161  0.04883069
 0.05176585 0.0776041  0.00887528 0.109788   0.0251843  0.05176585
 0.01556218 0.02274454 0.01113479 0.01817733 0.0152161  0.05076008
 0.01818924 0.03370026 0.02572626 0.04342423 0.02324485 0.09007275
 0.0738757  0.01113479]
[0.03315281 0.01992855 0.03279185 0.089058   0.01152257 0.04565156
 0.04656655 0.08767237 0.00769168 0.11590005 0.02206268 0.04656655
 0.01427965 0.02282093 0.00909598 0.01787297 0.01152257 0.06169324
 0.02049832 0.03859343 0.02718915 0.0329804  0.02255695 0.06852181
 0.08471344 0.00909598]
[0.04382622 0.01570034 0.02972372 0.07504517 0.01251492 0.04800686
 0.04117694 0.10190235 0.00976543 0.11530847 0.02474681 0.04117694
 0.01446113 0.02943654 0.00876038 0.02435733 0.01251492 0.05298717
 0.01487504 0.04072921 0.02419312 0.03682462 0.01920982 0.08227769
 0.07171849 0.00876038]
[0.03909936 0.02292295 0.03490431 0.08109049 0.01387001 0.04941519
 0.03848563 0.07335795 0.00972571 0.1173017  0.03013301 0.03848563
 0.01673458 0.03067115 0.01187131 0.02375626 0.01387001 0.05758179
 0.01779959 0.0439633  0.02921034 0.03421207 0.03154619 0.06536142
 0.06275865 0.01187131]
[0.05265222 0.02739716 0.03465191 0.06258201 0.02022091 0.05858129
 0.03815664 0.07425731 0.01941541 0.06491119 0.03351685 0.03815664
 0.02097045 0.03631271 0.01650038 0.02824628 0.02022091 0.0538514
 0.02787786 0.04699138 0.03374654 0.05144267 0.03455769 0.05001116
 0.03827066 0.01650038]
[0.04652148 0.02157746 0.03041555 0.0753494  0.01478983 0.05608205
 0.04643597 0.07937957 0.0101051  0.10791749 0.03060913 0.04643597
 0.01335257 0.02370171 0.01143676 0.02161771 0.01478983 0.04222972
 0.0184014  0.04241168 0.02970441 0.05190531 0.02864826 0.05976456
 0.06498031 0.01143676]
[0.04563242 0.0176915  0.03819826 0.07018962 0.01512537 0.06367405
 0.04965032 0.07557986 0.00921297 0.0962097  0.03521859 0.04965032
 0.01513774 0.02315262 0.01186876 0.02591858 0.01512537 0.05460974
 0.02055186 0.03807325 0.03039468 0.03787193 0.02909526 0.0662472
 0.05405134 0.01186876]
[0.04020161 0.01980635 0.03717287 0.07410127 0.01490835 0.04700635
 0.04533834 0.08938275 0.01162741 0.10769837 0.03696487 0.04533834
 0.0131762  0.03158141 0.01221215 0.02415239 0.01490835 0.04953647
 0.01630348 0.04471998 0.02691055 0.04509318 0.02912621 0.05200651
 0.0585141  0.01221215]
[0.04489915 0.01374613 0.03025511 0.10334855 0.01218245 0.04741231
 0.05207076 0.08425826 0.00875875 0.1085414  0.02675704 0.05207076
 0.0107068  0.02331359 0.00989545 0.0192509  0.01218245 0.04752758
 0.01672594 0.03821003 0.02396015 0.03847472 0.01892219 0.07874057
 0.06789356 0.00989544]
[0.03729054 0.02161805 0.03161551 0.07762045 0.0152323  0.05522421
 0.04637446 0.08326156 0.01039586 0.10502083 0.02004945 0.04637446
 0.01473782 0.02699575 0.01412044 0.0199926  0.0152323  0.05371863
 0.02185718 0.0378081  0.02686266 0.03328926 0.03329898 0.05566983
 0.08221836 0.01412044]
[0.04475728 0.01797147 0.02934753 0.07890426 0.01017283 0.05095579
 0.04892108 0.07538619 0.00866292 0.12475591 0.02837473 0.04892108
 0.01314247 0.02129791 0.0072889  0.01977536 0.01017283 0.05029256
 0.01863367 0.03720059 0.02714055 0.03427409 0.03009862 0.09347335
 0.06278911 0.0072889 ]
[0.04434696 0.01865593 0.03101724 0.06398667 0.0152161  0.0488307
 0.05176584 0.07760408 0.00887529 0.10978797 0.0251843  0.05176584
 0.01556218 0.02274453 0.01113479 0.01817732 0.0152161  0.05076008
 0.01818924 0.03370027 0.02572626 0.04342421 0.02324485 0.09007277
 0.07387571 0.01113479]]