14908
Test: public void testValidate_Argument() throws OptionException { final Command option = CommandTest.buildLoginCommand(); final WriteableCommandLine commandLine = commandLine(option, list()); option.validate(commandLine); commandLine.addOption(option); try { option.validate(commandLine); fail("Missing a value"); } catch (OptionException moe) { } }
Code: public void addOption(Option option) { options.add(option); nameToOption.put(option.getPreferredName(), option); for (Iterator i = option.getTriggers().iterator(); i.hasNext();) { nameToOption.put(i.next(), option); } }
[[0.04432204 0.03555276 0.14431655 0.04543516 0.05671283 0.05564414
 0.10505392 0.04233097 0.04342167 0.04185472 0.0344038  0.02773613
 0.0530407  0.08549476 0.05671283 0.04891135 0.04233098 0.01836236
 0.01836236]
[0.03327429 0.02834372 0.21888891 0.02829546 0.05478295 0.05062293
 0.13860227 0.03294834 0.03678647 0.03817236 0.03260422 0.02655727
 0.03560321 0.08078755 0.05478295 0.04239065 0.03294834 0.01680405
 0.01680405]
[0.03107351 0.03054377 0.1835469  0.03593329 0.06539447 0.06759848
 0.09583628 0.03785425 0.04165935 0.03527098 0.03904723 0.02858372
 0.04380438 0.09026238 0.06539447 0.03960342 0.03785426 0.01536944
 0.01536944]
[0.0399719  0.02525829 0.14565529 0.04767226 0.05456736 0.07393776
 0.09337832 0.03565715 0.04096507 0.05080686 0.04256119 0.03253341
 0.04796628 0.08602816 0.05456736 0.05521021 0.03565716 0.01880298
 0.01880298]
[0.04464321 0.03818291 0.10995539 0.04122446 0.0629314  0.06365547
 0.08645105 0.04878565 0.0462404  0.04408099 0.04180428 0.03676533
 0.0540931  0.07394217 0.0629314  0.04832608 0.04878565 0.02360057
 0.02360057]
[0.04073284 0.03191276 0.15088399 0.03881168 0.07022735 0.05749722
 0.10340919 0.03446373 0.0463435  0.04762734 0.03627469 0.03329672
 0.04800954 0.0702362  0.07022735 0.05034634 0.03446373 0.0176179
 0.0176179 ]
[0.02425751 0.02187801 0.19411534 0.03914596 0.06108827 0.05670756
 0.13273367 0.03604535 0.04407001 0.03621395 0.03565851 0.02354816
 0.04682139 0.08340105 0.06108827 0.04015383 0.03604535 0.01351391
 0.01351391]
[0.02649752 0.02378594 0.18466476 0.02685067 0.06280606 0.05534477
 0.11297379 0.03127482 0.0474436  0.04801743 0.03732565 0.02794802
 0.0406044  0.09735207 0.06280606 0.05709878 0.03127482 0.01296544
 0.01296544]
[0.0430023  0.03326768 0.1609711  0.04164857 0.06626782 0.06585965
 0.09404482 0.03453804 0.04477914 0.03853916 0.04078041 0.02896909
 0.04719224 0.09204328 0.06626782 0.04418148 0.03453805 0.01155464
 0.01155464]
[0.03695125 0.02659231 0.1649451  0.03704426 0.05904795 0.05822961
 0.11461353 0.03936214 0.04064744 0.04692823 0.04039846 0.01937448
 0.05051116 0.09970267 0.05904795 0.04052532 0.03936215 0.013358
 0.013358  ]
[0.05030952 0.0409747  0.13138413 0.04419994 0.05480973 0.07633921
 0.07747295 0.04313318 0.04706396 0.04577466 0.04854158 0.03238526
 0.05597237 0.06146725 0.05480973 0.03756429 0.04313319 0.02733219
 0.02733219]
[0.04801518 0.03858818 0.12268856 0.05449463 0.05141578 0.06660265
 0.0751598  0.04158198 0.04618901 0.0351493  0.04343389 0.03899991
 0.05943344 0.07639506 0.05141578 0.06314652 0.04158198 0.02285417
 0.02285417]
[0.03932048 0.03154229 0.17942841 0.04053973 0.06517705 0.05909
 0.09823642 0.03474677 0.03819073 0.04405151 0.03842818 0.0262205
 0.04780752 0.07342537 0.06517705 0.04832048 0.03474678 0.01777536
 0.01777536]
[0.03017269 0.02519015 0.187187   0.02577477 0.06822158 0.04817561
 0.10727342 0.03845679 0.04643757 0.04052084 0.02996126 0.02034056
 0.05149595 0.08905505 0.06822158 0.06348158 0.03845679 0.01078841
 0.01078841]
[0.04464321 0.03818291 0.10995539 0.04122446 0.0629314  0.06365547
 0.08645105 0.04878565 0.0462404  0.04408099 0.04180428 0.03676533
 0.0540931  0.07394217 0.0629314  0.04832608 0.04878565 0.02360057
 0.02360057]
[0.03540707 0.02959082 0.20132026 0.02898138 0.05888665 0.04794866
 0.12167263 0.0458409  0.03686345 0.04318434 0.03030908 0.02425884
 0.03876216 0.0752328  0.05888665 0.04648236 0.0458409  0.01526552
 0.01526552]
[0.02649753 0.02378594 0.18466479 0.02685067 0.06280605 0.05534477
 0.11297379 0.03127482 0.04744361 0.04801745 0.03732566 0.02794802
 0.0406044  0.09735208 0.06280605 0.05709879 0.03127482 0.01296544
 0.01296544]
[0.03208952 0.0288383  0.14889418 0.03328579 0.0731279  0.05064312
 0.11801712 0.03862351 0.04240448 0.03886888 0.0351529  0.02800257
 0.04403304 0.09498671 0.0731279  0.04890661 0.03862352 0.01618694
 0.01618694]
[0.03208952 0.0288383  0.14889418 0.03328579 0.0731279  0.05064312
 0.11801712 0.03862351 0.04240448 0.03886888 0.0351529  0.02800257
 0.04403304 0.09498671 0.0731279  0.04890661 0.03862352 0.01618694
 0.01618694]]