18116
Test: public void testObjectTypePropertiesCount() throws Exception { ObjectType sup = registry.createAnonymousObjectType(); int nativeProperties = sup.getPropertiesCount(); sup.defineDeclaredProperty("a", DATE_TYPE, null); sup.defineDeclaredProperty("b", DATE_TYPE, null); ObjectType sub = registry.createObjectType(sup); }
Code: public final boolean defineDeclaredProperty(String propertyName,JSType type, Node propertyNode){boolean result = defineProperty(propertyName, type, false,propertyNode);;return result;}
[[0.05417121 0.04410721 0.13035339 0.07593921 0.10833452 0.05480328
 0.1060776  0.04967825 0.04273311 0.03438875 0.0876929  0.05480328
 0.09615302 0.06076428]
[0.05064517 0.03348303 0.15464646 0.06529317 0.13607958 0.05689961
 0.10494326 0.03592771 0.04216778 0.03927263 0.08369085 0.0568996
 0.09617978 0.04387141]
[0.03778008 0.03519395 0.20344144 0.06168569 0.14388147 0.04396093
 0.11591449 0.02970955 0.03877907 0.02946251 0.08950263 0.04396094
 0.08987315 0.03685414]
[0.04746266 0.04001826 0.14937967 0.07834409 0.14980939 0.05371986
 0.09524193 0.04034377 0.03806112 0.03454491 0.07552398 0.05371986
 0.08239912 0.06143141]
[0.04518814 0.0369199  0.16670442 0.06416006 0.1650587  0.04918213
 0.10138227 0.03191959 0.03444619 0.03080526 0.1045458  0.04918213
 0.07369298 0.04681243]
[0.03740204 0.03228904 0.17329822 0.0681312  0.11998449 0.05862155
 0.11657511 0.03029802 0.0392062  0.02875192 0.0962713  0.05862155
 0.09160113 0.04894822]
[0.03759435 0.02966955 0.1729503  0.06705034 0.1310443  0.05403055
 0.11332583 0.03967232 0.04419897 0.03553636 0.06866892 0.05403055
 0.10232802 0.04989965]
[0.03312769 0.03290172 0.16990577 0.0710825  0.14686085 0.05665459
 0.12289593 0.02759473 0.04379895 0.02853591 0.08987855 0.05665459
 0.07746062 0.04264762]
[0.05555009 0.03980922 0.16188626 0.06103383 0.1441391  0.04846364
 0.108763   0.03175202 0.04423355 0.02933116 0.07628982 0.04846364
 0.08353834 0.0667464 ]
[0.06010523 0.05074566 0.11958922 0.06749974 0.12871233 0.0681269
 0.09473313 0.04916771 0.03679557 0.05079041 0.07432158 0.0681269
 0.06850249 0.06278317]
[0.04528931 0.04977504 0.16626908 0.08062456 0.13222197 0.05571132
 0.10376659 0.03563244 0.03600513 0.0316762  0.0729331  0.05571132
 0.07579847 0.05858557]
[0.03740204 0.03228904 0.17329822 0.0681312  0.11998449 0.05862155
 0.11657511 0.03029802 0.0392062  0.02875192 0.0962713  0.05862155
 0.09160113 0.04894822]
[0.03695818 0.03954291 0.17507502 0.06915969 0.16691655 0.05073886
 0.08949745 0.02913901 0.03693301 0.02556172 0.115127   0.05073886
 0.06618487 0.04842687]
[0.04387148 0.0406306  0.1498716  0.08350714 0.14202002 0.052399
 0.08188146 0.03743701 0.04353612 0.0334837  0.09242058 0.052399
 0.10757896 0.03896338]]