68227
Test: @Test public void testIsValidBodyHtml() { String ok = "<p>Test <b><a href='http: String ok1 = "<p>Test <b><a href='http: String nok1 = "<p><script></script>Not <b>OK</b></p>"; String nok2 = "<p align=right>Test Not <b>OK</b></p>"; String nok3 = "<!-- comment --><p>Not OK</p>"; String nok4 = "<html><head>Foo</head><body><b>OK</b></body></html>"; String nok5 = "<p>Test <b><a href='http: String nok6 = "<p>Test <b><a href='http: String nok7 = "</div>What"; }
Code: public static boolean isValid(String bodyHtml, Whitelist whitelist) { return new Cleaner(whitelist).isValidBodyHtml(bodyHtml); }
tensor([[0.0441, 0.1387, 0.1061, 0.1527, 0.0947, 0.0508, 0.1633, 0.0627, 0.0490,
         0.0220, 0.0962, 0.0197],
        [0.0467, 0.1271, 0.1400, 0.1377, 0.0730, 0.0631, 0.1637, 0.0859, 0.0444,
         0.0203, 0.0751, 0.0231],
        [0.0299, 0.1148, 0.1534, 0.1725, 0.0584, 0.0415, 0.1744, 0.0758, 0.0496,
         0.0132, 0.1024, 0.0141],
        [0.0455, 0.1004, 0.1536, 0.1426, 0.0745, 0.0549, 0.1729, 0.0770, 0.0536,
         0.0220, 0.0822, 0.0208],
        [0.0286, 0.1095, 0.1590, 0.1636, 0.0667, 0.0390, 0.1901, 0.0769, 0.0469,
         0.0177, 0.0877, 0.0142],
        [0.0409, 0.1340, 0.1067, 0.1171, 0.0772, 0.0596, 0.1943, 0.0801, 0.0638,
         0.0243, 0.0804, 0.0216],
        [0.0266, 0.1397, 0.1169, 0.1896, 0.0464, 0.0424, 0.2180, 0.0565, 0.0389,
         0.0123, 0.1015, 0.0113],
        [0.0517, 0.1220, 0.1137, 0.1342, 0.0756, 0.0563, 0.1718, 0.0834, 0.0595,
         0.0288, 0.0735, 0.0294],
        [0.0288, 0.1422, 0.1320, 0.1314, 0.0830, 0.0360, 0.2206, 0.0619, 0.0409,
         0.0169, 0.0897, 0.0167],
        [0.0387, 0.1193, 0.1237, 0.1410, 0.0727, 0.0430, 0.2075, 0.0766, 0.0546,
         0.0244, 0.0767, 0.0218],
        [0.0374, 0.1061, 0.1397, 0.1764, 0.0522, 0.0558, 0.1721, 0.0767, 0.0462,
         0.0181, 0.1073, 0.0121],
        [0.0323, 0.1304, 0.1153, 0.1759, 0.0577, 0.0490, 0.1656, 0.0781, 0.0691,
         0.0181, 0.0915, 0.0170]])