67086
Test: public void testTokenBufferWithSequence() throws Exception { ObjectMapper m = new ObjectMapper(); JsonParser jp = createParserUsingReader("[ 32, [ 1 ], \"abc\", { \"a\" : true } ]"); TokenBuffer buf = m.readValue(jp, TokenBuffer.class); JsonParser bufParser = buf.asParser(); buf = m.readValue(jp, TokenBuffer.class); bufParser = buf.asParser(); buf = m.readValue(jp, TokenBuffer.class); String str = m.readValue(buf.asParser(), String.class); buf = m.readValue(jp, TokenBuffer.class); Map<?,?> map = m.readValue(buf.asParser(), Map.class); }
Code: public int getIntValue() throws IOException { final NumericNode node = (NumericNode) currentNumericNode(); return node.intValue(); }
[[0.0459983  0.02633522 0.10694878 0.09879532 0.02735326 0.07526179
 0.03875777 0.14625931 0.21544804 0.02983221 0.01551383 0.04442415
 0.05234316 0.05408289 0.02264595]
[0.03047583 0.0198575  0.13063963 0.095989   0.0265843  0.08132759
 0.04459802 0.15997133 0.2146972  0.02562548 0.01110465 0.04341735
 0.05068722 0.04874403 0.01628087]
[0.04670693 0.02202572 0.11436746 0.09230013 0.0276694  0.08546484
 0.04750814 0.13100782 0.1831131  0.03500397 0.01785434 0.05262864
 0.06231382 0.05769051 0.02434525]
[0.02806039 0.01361892 0.11409365 0.11386938 0.022291   0.09039907
 0.02493311 0.14363167 0.283248   0.02626573 0.00812945 0.03569607
 0.05012523 0.02940952 0.0162288 ]
[0.03223694 0.0163155  0.10687527 0.11904132 0.02309621 0.07849206
 0.03222644 0.14830397 0.2553449  0.02707307 0.01055974 0.03787421
 0.05119013 0.04630577 0.01506452]
[0.04666938 0.02146815 0.10574353 0.08053225 0.032824   0.08391999
 0.04617603 0.12489594 0.21530694 0.03925475 0.01868432 0.04502548
 0.052549   0.05877797 0.02817224]
[0.03932618 0.0160244  0.14019267 0.09206283 0.02750464 0.07815868
 0.02747733 0.16478576 0.21314567 0.03022389 0.00981984 0.03876958
 0.05750543 0.0501917  0.01481137]
[0.03713781 0.01941581 0.11319323 0.11523245 0.02604325 0.08441157
 0.0364447  0.14678505 0.23356214 0.02491908 0.01595866 0.04342943
 0.04327164 0.03997488 0.02022029]
[0.03018727 0.01999145 0.13173974 0.12881708 0.02725964 0.07629416
 0.02881382 0.15355766 0.21932134 0.02835072 0.01170878 0.032178
 0.04501155 0.05052393 0.01624485]
[0.05710656 0.03426169 0.10754504 0.08674686 0.03719175 0.06616385
 0.04816198 0.12764353 0.14128944 0.04782746 0.02868463 0.06268054
 0.06299772 0.06330897 0.02839009]
[0.02955383 0.02162527 0.1140102  0.11590841 0.02434125 0.08016817
 0.03524574 0.16685453 0.2188727  0.02392485 0.01159212 0.03452222
 0.05855663 0.05121985 0.01360423]
[0.04489351 0.02030671 0.10362759 0.10942899 0.03153132 0.06297651
 0.04036322 0.16407692 0.21151447 0.03050896 0.01320768 0.04440486
 0.04825595 0.05031894 0.02458439]
[0.02843899 0.01433065 0.1271317  0.08763681 0.02648154 0.06937192
 0.02794562 0.1601129  0.27266806 0.02864344 0.00945775 0.04417618
 0.03892548 0.04636656 0.01831239]
[0.04181901 0.02006627 0.12199955 0.1042441  0.03464466 0.07357305
 0.03258424 0.14636226 0.21152426 0.0362113  0.01607462 0.04187245
 0.04292046 0.05482181 0.021282  ]
[0.02908655 0.02141661 0.12693118 0.12146437 0.02598151 0.08843255
 0.02734748 0.15680826 0.20115393 0.02778774 0.01037086 0.03503197
 0.06748091 0.04233529 0.01837079]]