67632
Test: public void test04() throws Throwable { if (debug) System.out.format("%n%s%n", "RegressionTest0.test04"); java.util.TimeZone timeZone0 = com.fasterxml.jackson.databind.util.StdDateFormat.DEFAULT_TIMEZONE; java.util.Locale locale1 = null; com.fasterxml.jackson.databind.util.StdDateFormat stdDateFormat3 = new com.fasterxml.jackson.databind.util.StdDateFormat(timeZone0, locale1, (java.lang.Boolean) true); java.lang.StringBuffer stringBuffer4 = null; try { stdDateFormat3._formatBCEYear(stringBuffer4, (int) (short) 0); } catch (java.lang.NullPointerException e) { } }
Code: protected void _formatBCEYear(StringBuffer buffer, int bceYearNoSign) { if (bceYearNoSign <= 1) { ; return; } final int isoYear = bceYearNoSign + 0; buffer.append('-'); pad4(buffer, isoYear); }
[[0.03937067 0.01956072 0.03324378 0.10314572 0.01287997 0.04239584
 0.04751469 0.07197782 0.00828984 0.14147298 0.0257936  0.04751469
 0.01177791 0.02480853 0.00942066 0.02029612 0.01287997 0.04551207
 0.01792308 0.0348987  0.01877343 0.04184749 0.02277551 0.06076972
 0.07573586 0.00942066]
[0.04495956 0.01822898 0.02606108 0.07897381 0.0100895  0.04437767
 0.0391867  0.06614282 0.00671498 0.14989004 0.01974898 0.0391867
 0.01058408 0.02234692 0.0117225  0.018223   0.0100895  0.06942078
 0.01683524 0.03335731 0.01790462 0.03190375 0.01839379 0.09396759
 0.08996765 0.0117225 ]
[0.04474559 0.0180298  0.03276239 0.08384575 0.01144835 0.06361833
 0.04534796 0.09103272 0.0093623  0.13002038 0.02665656 0.04534796
 0.0103652  0.02723554 0.00896666 0.02016767 0.01144835 0.04842365
 0.01422199 0.04285596 0.01801229 0.04696345 0.03038833 0.05298135
 0.0567847  0.00896666]
[0.04089538 0.02104933 0.03204753 0.09200495 0.01286468 0.0512578
 0.05300758 0.07133431 0.01050398 0.09904943 0.02765632 0.05300758
 0.01268766 0.023905   0.01438857 0.02117089 0.01286468 0.05439719
 0.01662289 0.04621305 0.02040537 0.03299384 0.02666412 0.05924248
 0.07937683 0.01438857]
[0.04376118 0.01578989 0.02986769 0.07487936 0.01252724 0.04822151
 0.04153161 0.10229607 0.00981316 0.11520588 0.02489257 0.04153161
 0.01451149 0.02962649 0.00881577 0.02449819 0.01252724 0.05331295
 0.01492942 0.04087488 0.02088549 0.03705657 0.01928912 0.08293982
 0.07159903 0.00881577]
[0.03779293 0.01834559 0.0354759  0.09190194 0.01320223 0.04898585
 0.0388625  0.08682312 0.01052239 0.12350513 0.02402792 0.0388625
 0.01086153 0.02580075 0.01223909 0.02127232 0.01320223 0.0565532
 0.01683402 0.03697111 0.02629305 0.04500722 0.02494953 0.05905657
 0.07041235 0.01223909]
[0.06130611 0.02661606 0.03922267 0.06933515 0.01456024 0.05320386
 0.04931501 0.0524323  0.01421729 0.0836912  0.03775712 0.04931501
 0.01707652 0.03138561 0.01733589 0.02992896 0.01456024 0.05164232
 0.02537995 0.03928575 0.03183111 0.03987082 0.03147627 0.05751812
 0.04440051 0.01733589]
[0.03348055 0.01247423 0.02801511 0.10186886 0.00718243 0.05499367
 0.04008085 0.0891659  0.00515269 0.17975008 0.02131747 0.04008085
 0.00689984 0.02431714 0.0058234  0.01348549 0.00718243 0.04743106
 0.01264641 0.03860823 0.01345552 0.03957109 0.01645137 0.06508579
 0.08965611 0.0058234 ]
[0.05328982 0.01702635 0.03044991 0.08330254 0.01156062 0.04284849
 0.05520375 0.0623308  0.00707555 0.11449898 0.02930899 0.05520375
 0.00979882 0.02131213 0.01222705 0.01695944 0.01156062 0.06351285
 0.01594239 0.03567908 0.02010094 0.04111538 0.01954835 0.07334221
 0.08457418 0.01222705]
[0.0425345  0.01665893 0.02935306 0.08293124 0.01047645 0.05476915
 0.05246432 0.06294861 0.00814591 0.12757728 0.02387767 0.05246432
 0.01111819 0.02346114 0.01378147 0.02052627 0.01047645 0.06758919
 0.01537968 0.03736173 0.02351623 0.03698734 0.02840933 0.05560602
 0.07780407 0.01378147]
[0.0527918  0.01765974 0.02856653 0.08853756 0.01090161 0.04804151
 0.05903633 0.07168212 0.00768248 0.12431    0.02662886 0.05903633
 0.00921681 0.01822188 0.00799558 0.0168508  0.01090161 0.0554433
 0.01154762 0.04181017 0.01710733 0.04032459 0.02659588 0.0720646
 0.06904937 0.00799558]
[0.06130611 0.02661606 0.03922267 0.06933515 0.01456024 0.05320386
 0.04931501 0.0524323  0.01421729 0.0836912  0.03775712 0.04931501
 0.01707652 0.03138561 0.01733589 0.02992896 0.01456024 0.05164232
 0.02537995 0.03928575 0.03183111 0.03987082 0.03147627 0.05751812
 0.04440051 0.01733589]
[0.03834985 0.01394969 0.03045126 0.07980569 0.0112221  0.05105904
 0.05864468 0.08101626 0.00677669 0.12480404 0.02411786 0.05864468
 0.01166154 0.02077675 0.00711161 0.01863438 0.0112221  0.05062498
 0.01607035 0.03642581 0.01949473 0.0344441  0.02487788 0.07594934
 0.086753   0.00711161]
[0.04239067 0.01489825 0.03001187 0.09543691 0.01062299 0.05848704
 0.04435769 0.08539607 0.00958684 0.14324628 0.02201084 0.04435769
 0.01192859 0.02691006 0.0099455  0.01693293 0.01062299 0.04781342
 0.01643961 0.04056972 0.02038295 0.03889338 0.0276069  0.06093005
 0.06027524 0.0099455 ]
[0.04441998 0.0187309  0.03114045 0.06406971 0.01525823 0.04903649
 0.05208406 0.07788663 0.00891406 0.10996    0.02530402 0.05208406
 0.01562536 0.02285893 0.01119593 0.01824745 0.01525823 0.05099351
 0.01826415 0.03382085 0.02210968 0.04360414 0.02334254 0.09060504
 0.0739897  0.01119593]
[0.0331092  0.01999728 0.03288993 0.08884129 0.01153529 0.04571013
 0.04681589 0.08783382 0.00772049 0.11574791 0.02213887 0.04681589
 0.01430975 0.022919   0.00913795 0.01793143 0.01153529 0.06185851
 0.02054631 0.03865673 0.02576465 0.03308066 0.02261826 0.06879611
 0.08455138 0.00913795]
[0.04376118 0.01578989 0.02986769 0.07487936 0.01252724 0.04822151
 0.04153161 0.10229607 0.00981316 0.11520588 0.02489257 0.04153161
 0.01451149 0.02962649 0.00881577 0.02449819 0.01252724 0.05331295
 0.01492942 0.04087488 0.02088549 0.03705657 0.01928912 0.08293982
 0.07159903 0.00881577]
[0.03924103 0.02306255 0.03510814 0.08135338 0.01393095 0.04967819
 0.038759   0.07375368 0.00978628 0.1177282  0.03031659 0.038759
 0.01682865 0.03087784 0.01194973 0.0239034  0.01393095 0.05788861
 0.01789961 0.04421052 0.02414776 0.03441832 0.03174449 0.065795
 0.06297836 0.01194973]
[0.05308805 0.02749035 0.03477761 0.06310169 0.02034021 0.05880748
 0.03816992 0.07456693 0.01948347 0.06536644 0.0336464  0.03816992
 0.02106376 0.0364097  0.01653717 0.02837057 0.02034021 0.05394078
 0.0279594  0.04722025 0.02981744 0.05160202 0.03468449 0.05000669
 0.0385019  0.01653717]
[0.04654699 0.02170743 0.03057146 0.07533577 0.01484451 0.05639575
 0.0468777  0.07965824 0.01016912 0.10803273 0.03082573 0.0468777
 0.01343058 0.02386672 0.01152873 0.02172829 0.01484451 0.04251889
 0.01851564 0.04259483 0.02521531 0.05225817 0.02881717 0.06028288
 0.0650264  0.01152873]
[0.04370513 0.02190293 0.03497724 0.07629085 0.01422604 0.0531921
 0.03636021 0.06930758 0.01169662 0.13019711 0.03117385 0.03636021
 0.01404746 0.02576568 0.01255998 0.02396715 0.01422604 0.06175053
 0.01901753 0.03425197 0.02213185 0.04077164 0.026666   0.07319264
 0.05970168 0.01255998]
[0.04036958 0.01984882 0.03726717 0.07443098 0.01495764 0.04713974
 0.04539932 0.08964162 0.01165196 0.10812381 0.03705196 0.04539932
 0.01321475 0.0316429  0.01223449 0.02421032 0.01495764 0.04965545
 0.01634898 0.04483318 0.02412579 0.04520194 0.02920219 0.05209931
 0.0587566  0.01223449]
[0.04490364 0.01378535 0.03033285 0.1032946  0.01220203 0.04751605
 0.05233409 0.08451591 0.00879653 0.10854047 0.02685825 0.05233409
 0.01073117 0.02340702 0.00993834 0.01932182 0.01220203 0.04767985
 0.01676224 0.03830397 0.0217425  0.03861002 0.01898249 0.07908569
 0.06788073 0.00993834]
[0.03733349 0.02168244 0.03169356 0.07767911 0.01526328 0.05534364
 0.04655994 0.08346025 0.0104329  0.10509903 0.02010787 0.04655994
 0.01477953 0.02708817 0.01417516 0.02004696 0.01526328 0.05384437
 0.02191566 0.03789461 0.02467745 0.03339418 0.03339582 0.05585463
 0.08227951 0.01417516]
[0.04478442 0.01807762 0.0295031  0.07889642 0.0102042  0.0511729
 0.04935609 0.07574984 0.00871951 0.1248123  0.02854073 0.04935609
 0.01320725 0.02146001 0.00733992 0.01989758 0.0102042  0.05060132
 0.0187367  0.0373616  0.02288394 0.03447739 0.03025622 0.09423549
 0.06282524 0.00733992]
[0.04441998 0.01873089 0.03114045 0.06406973 0.01525822 0.0490365
 0.05208405 0.07788662 0.00891407 0.10995997 0.02530402 0.05208405
 0.01562536 0.02285893 0.01119593 0.01824745 0.01525822 0.0509935
 0.01826415 0.03382086 0.02210968 0.04360413 0.02334254 0.09060506
 0.0739897  0.01119593]]