63366
Test: public void testRepeatedName() throws IOException { StringWriter stringWriter = new StringWriter(); JsonWriter jsonWriter = new JsonWriter(stringWriter); jsonWriter.beginObject(); jsonWriter.name("a").value(true); jsonWriter.name("a").value(false); jsonWriter.endObject(); }
Code: public JsonWriter value(double value){;if (Double.isNaN(value) || Double.isInfinite(value)) {throw new IllegalArgumentException("Numeric values must be finite, but was " + value);};out.append(Double.toString(value));return this;}
[[0.02812162 0.0314051  0.21583432 0.04388012 0.08125937 0.03079399
 0.06042374 0.07695574 0.013648   0.02745252 0.02522857 0.05581145
 0.0275514  0.036596   0.0462115  0.01795924 0.03932537 0.02296289
 0.08694045 0.03163865]
[0.02567908 0.0381964  0.18864943 0.05838986 0.07243142 0.03314898
 0.07306662 0.09237576 0.01327146 0.02635437 0.02140727 0.04681471
 0.03747258 0.039489   0.0438304  0.01679062 0.04234131 0.02477117
 0.08093096 0.02458863]
[0.02358883 0.03111841 0.21024835 0.06209904 0.07337566 0.03257994
 0.07347192 0.08532299 0.01162934 0.02826038 0.01990663 0.05899227
 0.0323908  0.03463587 0.03806747 0.01569552 0.0328923  0.02751805
 0.08641127 0.02179499]
[0.02242069 0.04201239 0.20996681 0.05349838 0.05892751 0.04001774
 0.06588948 0.11283055 0.01243195 0.02579714 0.02365698 0.04723406
 0.02939052 0.03624445 0.03653106 0.01687783 0.03905213 0.01801633
 0.08816282 0.02104114]
[0.02323809 0.0235179  0.22091152 0.07152268 0.06019635 0.02534108
 0.08082737 0.0963978  0.01397483 0.03128095 0.02204551 0.06810189
 0.02747946 0.0333538  0.02245442 0.01584874 0.03610979 0.02428097
 0.08086821 0.02224867]
[0.02236856 0.04804032 0.18375869 0.06720355 0.06795356 0.02954589
 0.06550606 0.10211314 0.01170557 0.01951666 0.01976214 0.05599286
 0.0315642  0.04624737 0.04723139 0.01689794 0.03599111 0.02040515
 0.09039096 0.01780486]
[0.02427833 0.04002182 0.17689002 0.07050183 0.05968831 0.03071216
 0.0744525  0.09593145 0.01385148 0.03096496 0.0215942  0.06326617
 0.03458666 0.0358222  0.04565305 0.01748707 0.03333658 0.02066759
 0.08477453 0.02551907]
[0.02865582 0.04823088 0.21793991 0.05540549 0.0545253  0.03359232
 0.06379347 0.07333788 0.01462332 0.03171454 0.02259878 0.04444327
 0.03083103 0.04395026 0.03969319 0.01888088 0.03131676 0.02189288
 0.09867255 0.02590141]
[0.02703744 0.0360068  0.16258375 0.05481642 0.07546805 0.02660879
 0.06744178 0.11570405 0.01642954 0.02579005 0.02542646 0.06820761
 0.03917539 0.04118299 0.03469415 0.02097232 0.04107857 0.02777272
 0.07212654 0.02147656]
[0.01691153 0.04315576 0.22279328 0.04924424 0.06513403 0.03722567
 0.06436976 0.08149865 0.00991885 0.02098068 0.01939935 0.0460355
 0.02778311 0.04652259 0.03452522 0.01116254 0.03087281 0.02326226
 0.12702838 0.0221758 ]
[0.01932679 0.03482372 0.25171366 0.0434565  0.05940402 0.02865591
 0.07470151 0.0972959  0.01082584 0.02385534 0.01973271 0.04973221
 0.03477049 0.04350317 0.0333446  0.01170675 0.03054643 0.01737612
 0.09199585 0.02323257]
[0.01964846 0.03018033 0.20051241 0.05342566 0.07577023 0.03414058
 0.09090555 0.06980294 0.01523018 0.02632589 0.02367873 0.05781097
 0.03933442 0.04152772 0.03482055 0.01453991 0.03284787 0.02503373
 0.09080569 0.02365828]
[0.0236995  0.04482616 0.21998422 0.05519572 0.06974307 0.029403
 0.06850348 0.06921722 0.01153435 0.0257924  0.02107212 0.06430535
 0.0374291  0.03333869 0.03841795 0.01808896 0.03641323 0.02332203
 0.09233576 0.01737772]
[0.02390044 0.0384205  0.19397217 0.05111666 0.06570441 0.02814933
 0.07438212 0.08443543 0.01025637 0.02747947 0.02050953 0.0559784
 0.03591504 0.04286004 0.03997026 0.01890781 0.03847757 0.02173908
 0.10746012 0.02036527]
[0.02409124 0.03657202 0.21222928 0.05271854 0.05943409 0.03396619
 0.06970359 0.08524121 0.01271638 0.02633906 0.02022448 0.05500853
 0.03342566 0.04750592 0.03452961 0.01501885 0.03890783 0.02058867
 0.10140204 0.02037681]
[0.0219441  0.03082428 0.24518839 0.05130044 0.05849839 0.02807494
 0.06632085 0.10802853 0.01213089 0.02379083 0.02115856 0.04644923
 0.02851802 0.03315928 0.03613438 0.01748448 0.04170032 0.01743377
 0.08905883 0.02280151]
[0.01865482 0.03726064 0.26779443 0.06292037 0.04702935 0.0335757
 0.06591581 0.09455527 0.01031446 0.02268419 0.01713218 0.04192878
 0.02681744 0.03855303 0.03303793 0.01045362 0.02759806 0.01443927
 0.1062576  0.02307713]
[0.02680822 0.04448674 0.19370154 0.05171023 0.06747897 0.03160223
 0.07226567 0.08914007 0.01401965 0.02568173 0.02563021 0.05720881
 0.02845898 0.037482   0.03052134 0.0190121  0.0373237  0.02324305
 0.10061997 0.02360477]
[0.02644571 0.02827311 0.23492855 0.06273465 0.06101666 0.02958911
 0.08020383 0.07897278 0.01295489 0.02274286 0.02378941 0.06373748
 0.03641107 0.03491509 0.03499421 0.01604192 0.03513815 0.02934883
 0.07352547 0.01423624]
[0.02998544 0.03365268 0.20687681 0.0497684  0.05245432 0.02721142
 0.06884655 0.09613352 0.01506213 0.03285387 0.02547096 0.05150803
 0.03426956 0.03903538 0.0401725  0.0181416  0.03481776 0.02759882
 0.08980074 0.02633951]]