68849
Test: @Test public void testTextBean() { Document doc = Jsoup.parse("<p>One <span>two &amp;</span> three &amp;</p>"); Element p = doc.select("p").first(); Element span = doc.select("span").first(); TextNode spanText = (TextNode) span.childNode(0); TextNode tn = (TextNode) p.childNode(2); tn.text(" POW!"); tn.attr("text", "kablam &"); }
Code: public String html() { StringBuilder accum = new StringBuilder(); html(accum); return accum.toString().trim(); }
tensor([[0.0757, 0.0976, 0.0729, 0.0979, 0.0717, 0.1104, 0.0474, 0.0384, 0.1285,
         0.0490, 0.0829, 0.0961, 0.0316],
        [0.0709, 0.0829, 0.0641, 0.0995, 0.0863, 0.1394, 0.0483, 0.0304, 0.1519,
         0.0367, 0.0711, 0.0929, 0.0256],
        [0.0654, 0.1065, 0.0604, 0.1158, 0.0699, 0.1170, 0.0310, 0.0330, 0.1726,
         0.0333, 0.0835, 0.0900, 0.0216],
        [0.0675, 0.1018, 0.0715, 0.1031, 0.0792, 0.0947, 0.0560, 0.0385, 0.1452,
         0.0419, 0.0784, 0.0848, 0.0372],
        [0.0656, 0.0974, 0.0736, 0.1175, 0.0728, 0.1151, 0.0439, 0.0320, 0.1427,
         0.0299, 0.0829, 0.0955, 0.0312],
        [0.0701, 0.0893, 0.0657, 0.0930, 0.0654, 0.1046, 0.0455, 0.0400, 0.1715,
         0.0348, 0.0948, 0.0944, 0.0308],
        [0.0802, 0.0957, 0.0791, 0.0859, 0.0819, 0.1064, 0.0651, 0.0375, 0.1207,
         0.0470, 0.0871, 0.0753, 0.0382],
        [0.0608, 0.1122, 0.0594, 0.1070, 0.0641, 0.0929, 0.0489, 0.0399, 0.1666,
         0.0323, 0.0854, 0.0994, 0.0313],
        [0.0622, 0.0893, 0.0768, 0.1069, 0.0744, 0.1239, 0.0443, 0.0287, 0.1399,
         0.0280, 0.0848, 0.1190, 0.0220],
        [0.0556, 0.1021, 0.0806, 0.1039, 0.0615, 0.1200, 0.0542, 0.0304, 0.1204,
         0.0381, 0.0906, 0.1161, 0.0266],
        [0.0488, 0.1104, 0.0634, 0.0937, 0.0772, 0.1234, 0.0476, 0.0292, 0.1899,
         0.0324, 0.0711, 0.0873, 0.0258],
        [0.0717, 0.0913, 0.0727, 0.1113, 0.0808, 0.0918, 0.0526, 0.0373, 0.1233,
         0.0484, 0.0900, 0.0880, 0.0406],
        [0.0518, 0.0950, 0.0693, 0.1138, 0.0669, 0.1130, 0.0447, 0.0289, 0.1361,
         0.0354, 0.1076, 0.1121, 0.0254]])