62234
Test: public void testReadLine() throws Exception { ExtendedBufferedReader br = getBufferedReader(""); br = getBufferedReader("\n"); br = getBufferedReader("foo\n\nhello"); br = getBufferedReader("foo\n\nhello"); br = getBufferedReader("foo\rbaar\r\nfoo"); }
Code: public int read() throws IOException { int current = super.read(); if (current == '\r') { ; } lastChar = current; return lastChar; }
[[0.02725047 0.01554138 0.02437731 0.05830662 0.01628262 0.04489047
 0.01554138 0.03182275 0.01769268 0.0427238  0.07432387 0.0367078
 0.04054195 0.03781164 0.04489047 0.01565909 0.01348242 0.0856204
 0.01769268 0.23186836 0.03104681 0.0624426  0.01348242]
[0.01912726 0.01302435 0.01949469 0.06014667 0.01601329 0.04777362
 0.01302435 0.03015369 0.01610305 0.03475865 0.11064624 0.02808695
 0.04597772 0.04718954 0.04777362 0.0156156  0.0098495  0.09108143
 0.01610305 0.21800347 0.0314169  0.0587869  0.0098495 ]
[0.02608022 0.01100665 0.02103604 0.06584939 0.01555195 0.04367967
 0.01100665 0.03125146 0.01822623 0.0364929  0.08221938 0.02941685
 0.03658998 0.03959905 0.04367967 0.01501762 0.01149964 0.08813339
 0.01822623 0.24130532 0.03792417 0.06470797 0.01149964]
[0.01752131 0.00879143 0.01642012 0.07308739 0.01353667 0.05448496
 0.00879143 0.02373246 0.01627498 0.02509345 0.07824589 0.02588138
 0.02437682 0.02560829 0.05448496 0.01145732 0.00987478 0.07328755
 0.01627498 0.3358354  0.03093201 0.04613166 0.00987478]
[0.0204667  0.01064079 0.02788283 0.07647391 0.01381973 0.04621694
 0.01064079 0.02428026 0.0168853  0.02709316 0.08870851 0.03204664
 0.03948778 0.03831036 0.04621694 0.01163114 0.00907573 0.07265447
 0.0168853  0.27149245 0.03169968 0.05831479 0.00907573]
[0.03362418 0.01597227 0.02759089 0.05914185 0.02280478 0.05538832
 0.01597227 0.03942782 0.02805243 0.04420254 0.05773609 0.04099135
 0.03567203 0.04345708 0.05538832 0.01883525 0.01931786 0.07804351
 0.02805243 0.15558976 0.03852339 0.06689768 0.01931786]
[0.01912726 0.01302435 0.01949469 0.06014667 0.01601329 0.04777362
 0.01302435 0.03015369 0.01610305 0.03475865 0.11064624 0.02808695
 0.04597772 0.04718954 0.04777362 0.0156156  0.0098495  0.09108143
 0.01610305 0.21800347 0.0314169  0.0587869  0.0098495 ]
[0.02392961 0.01586183 0.02157083 0.07074527 0.01877161 0.05431432
 0.01586183 0.03309801 0.02083437 0.03360935 0.07934092 0.02911718
 0.03721616 0.03749213 0.05431432 0.01556699 0.01327361 0.09091485
 0.02083437 0.20623216 0.03387327 0.05995332 0.01327361]
[0.03776301 0.02273968 0.02973839 0.05728994 0.02440673 0.04323739
 0.02273968 0.03977128 0.03147874 0.04280291 0.08370584 0.04399911
 0.04246923 0.05339715 0.04323739 0.02362963 0.01864944 0.07785206
 0.03147874 0.10399584 0.04156098 0.06540745 0.01864943]
[0.02478504 0.01088701 0.01904921 0.05388969 0.01674268 0.05628183
 0.01088701 0.02341489 0.01565862 0.03129807 0.06845855 0.0300068
 0.03161756 0.03335033 0.05628183 0.0109477  0.0145486  0.07388708
 0.01565862 0.29992813 0.03078596 0.05708614 0.0145486 ]
[0.01403839 0.00618426 0.01786758 0.07769285 0.01251457 0.04464306
 0.00618426 0.01870222 0.01228695 0.01866803 0.0848083  0.01746786
 0.02322078 0.02541212 0.04464306 0.00645979 0.00623597 0.07878901
 0.01228695 0.3961699  0.01943582 0.05005228 0.00623596]
[0.02391999 0.01193184 0.01891332 0.06817018 0.01882616 0.04157674
 0.01193184 0.03021589 0.01836888 0.02934684 0.07960294 0.02351941
 0.03167415 0.02785144 0.04157674 0.01178658 0.01309837 0.08743012
 0.01836888 0.29642883 0.02906191 0.05330051 0.01309837]
[0.01350125 0.00685068 0.01942282 0.05915678 0.01337182 0.04894334
 0.00685068 0.02523501 0.01492986 0.02519138 0.07291248 0.02312212
 0.03078692 0.01760838 0.04894334 0.00793184 0.00937021 0.08410197
 0.01492987 0.37617093 0.02317411 0.0481239  0.00937021]
[0.02227029 0.01380009 0.02284429 0.07311001 0.01705202 0.04192731
 0.01380009 0.03025927 0.02534504 0.03532963 0.05645407 0.03065874
 0.04096706 0.03597229 0.04192731 0.01588072 0.01377308 0.09071925
 0.02534504 0.24643409 0.02720469 0.06515259 0.01377307]
[0.03362418 0.01597227 0.02759089 0.05914185 0.02280478 0.05538832
 0.01597227 0.03942782 0.02805243 0.04420254 0.05773609 0.04099135
 0.03567203 0.04345708 0.05538832 0.01883525 0.01931786 0.07804351
 0.02805243 0.15558976 0.03852339 0.06689768 0.01931786]
[0.01601947 0.0093221  0.02669105 0.07225288 0.01268984 0.06214735
 0.0093221  0.02021459 0.01462429 0.03328221 0.07310538 0.02524185
 0.03848086 0.02740898 0.06214735 0.01079229 0.00719116 0.07070702
 0.01462429 0.2843954  0.03305736 0.06909103 0.00719116]
[0.01938787 0.0143693  0.02432885 0.08112326 0.01690601 0.05682551
 0.0143693  0.03358541 0.01829188 0.03370362 0.07635804 0.03025768
 0.03419344 0.0350456  0.05682551 0.01560848 0.01189118 0.081883
 0.01829188 0.20828134 0.04436715 0.06221458 0.01189118]
[0.01867861 0.01064698 0.02153855 0.07541899 0.0141451  0.05056753
 0.01064698 0.03028843 0.02014812 0.02846698 0.06671686 0.03083915
 0.02630293 0.03745216 0.05056753 0.01297604 0.01548438 0.10457778
 0.02014812 0.25234064 0.02581545 0.06074825 0.01548438]
[0.03776301 0.02273968 0.02973839 0.05728994 0.02440673 0.04323739
 0.02273968 0.03977128 0.03147874 0.04280291 0.08370584 0.04399911
 0.04246923 0.05339715 0.04323739 0.02362963 0.01864944 0.07785206
 0.03147874 0.10399584 0.04156098 0.06540745 0.01864943]
[0.02194635 0.01359635 0.02098428 0.07201848 0.01452515 0.05439837
 0.01359635 0.03086939 0.01704803 0.0314306  0.09959298 0.02883787
 0.03362182 0.03840686 0.05439837 0.01366823 0.00971246 0.09248506
 0.01704803 0.2241918  0.03211625 0.05579446 0.00971246]
[0.018341   0.00922879 0.01974281 0.05642233 0.01710139 0.04481054
 0.00922879 0.02583885 0.01847718 0.02793001 0.06986775 0.02492392
 0.02976242 0.03218863 0.04481054 0.01082394 0.01182594 0.08123364
 0.01847718 0.33522868 0.02509183 0.0568179  0.01182594]
[0.02277356 0.0101912  0.0221501  0.05010807 0.01572387 0.04952752
 0.0101912  0.02688652 0.01615424 0.0359923  0.07816382 0.03564338
 0.03649152 0.03228921 0.04952752 0.01136323 0.00970921 0.07287407
 0.01615424 0.29899627 0.03260218 0.05677763 0.00970921]
[0.01938787 0.0143693  0.02432885 0.08112325 0.01690602 0.05682552
 0.0143693  0.0335854  0.01829188 0.03370362 0.07635804 0.03025767
 0.03419344 0.03504559 0.05682552 0.01560848 0.01189118 0.08188299
 0.01829188 0.20828132 0.04436715 0.06221459 0.01189118]]