69546
Test: @Test public void testIsValidBodyHtml() { String ok = "<p>Test <b><a href='http: String ok1 = "<p>Test <b><a href='http: String nok1 = "<p><script></script>Not <b>OK</b></p>"; String nok2 = "<p align=right>Test Not <b>OK</b></p>"; String nok3 = "<!-- comment --><p>Not OK</p>"; String nok4 = "<html><head>Foo</head><body><b>OK</b></body></html>"; String nok5 = "<p>Test <b><a href='http: String nok6 = "<p>Test <b><a href='http: String nok7 = "</div>What"; }
Code: public boolean isValid(Document dirtyDocument){;Document clean = Document.createShell(dirtyDocument.baseUri());int numDiscarded = copySafeNodes(dirtyDocument.body(), clean.body());return numDiscarded == 0;}
[[0.03659588 0.09027331 0.11690474 0.02737456 0.09742014 0.02308976
 0.06927224 0.1378868  0.02308976 0.02390109 0.07734979 0.13788676
 0.05744239 0.08151273]
[0.02539851 0.12745291 0.12642522 0.01876049 0.07595136 0.01991569
 0.07546483 0.13802896 0.01991569 0.01566575 0.10192736 0.13802898
 0.03842639 0.07863783]
[0.02149743 0.11253011 0.14708085 0.0190088  0.08402269 0.02540943
 0.06147113 0.12320966 0.02540943 0.01928018 0.10073298 0.12320965
 0.0422695  0.09486817]
[0.02980529 0.12653448 0.12342934 0.02383602 0.08201457 0.02584242
 0.09278592 0.11792678 0.02584242 0.01883323 0.07612289 0.11792676
 0.04508493 0.09401497]
[0.04158907 0.11241578 0.11807276 0.02674004 0.10429823 0.02498919
 0.06548101 0.12010254 0.02498919 0.03159995 0.06781492 0.12010252
 0.06197957 0.07982522]
[0.047331   0.09845284 0.10697824 0.04324887 0.09879911 0.03913205
 0.06914927 0.09510928 0.03913205 0.03226364 0.09911794 0.09510926
 0.05351948 0.08265691]
[0.0358819  0.10637678 0.10970393 0.02741029 0.08584522 0.02435542
 0.07035628 0.13620861 0.02435542 0.02110481 0.10197489 0.1362086
 0.0428026  0.07741521]
[0.03940462 0.10970373 0.1085555  0.03047478 0.08913119 0.02838431
 0.0772688  0.12571326 0.02838431 0.02388172 0.08080357 0.12571326
 0.05871135 0.07386958]
[0.047331   0.09845284 0.10697824 0.04324887 0.09879911 0.03913205
 0.06914927 0.09510928 0.03913205 0.03226364 0.09911794 0.09510926
 0.05351948 0.08265691]
[0.02746188 0.12857887 0.12920474 0.02337746 0.084108   0.01848795
 0.07377872 0.12879644 0.01848795 0.01878017 0.09235138 0.12879647
 0.04363144 0.08415848]
[0.03977658 0.12491523 0.12015741 0.02889677 0.08925123 0.02848807
 0.07229773 0.10969824 0.02848807 0.02502072 0.08427097 0.10969827
 0.04869562 0.09034514]
[0.03940462 0.10970373 0.1085555  0.03047478 0.08913119 0.02838431
 0.0772688  0.12571326 0.02838431 0.02388172 0.08080357 0.12571326
 0.05871135 0.07386958]
[0.01631899 0.13938868 0.10660565 0.01497138 0.07008325 0.01686819
 0.07017362 0.16404235 0.01686819 0.01234409 0.07819717 0.16404235
 0.04052793 0.08956814]
[0.03091636 0.09791837 0.11548817 0.0265974  0.08257982 0.02100219
 0.08754319 0.15360022 0.02100219 0.01495785 0.07360682 0.15360022
 0.04395728 0.07723001]]