99185
Test: public void testNormalUsage() { MockitoAnnotations.initMocks(this); String argForFinalCaptor = "Hello"; ArrayList<List<String>> argForGenericsCaptor = new ArrayList<List<String>>(); mockInterface.testMe(argForFinalCaptor, argForGenericsCaptor); Mockito.verify(mockInterface).testMe(finalCaptor.capture(), genericsCaptor.capture()); }
Code: public <T> T verify(T mock, VerificationMode mode) { if (mock == null) { reporter.nullPassedToVerify(); } else if (!mockUtil.isMock(mock)) { reporter.notAMockPassedToVerify(); } mockingProgress.verificationStarted(new MockAwareVerificationMode(mock, mode)); return mock; }
[[0.02769905 0.07268816 0.01815845 0.07499503 0.03984453 0.01785375
 0.04565202 0.03649649 0.074617   0.05835032 0.0438148  0.01492777
 0.03649649 0.02953243 0.01170612 0.04052371 0.074617   0.04550575
 0.03649649 0.03047454 0.01170612 0.03200214 0.02024631 0.01518745
 0.03042992 0.048272   0.01170612]
[0.02676337 0.07502957 0.01199761 0.092663   0.03997982 0.01563487
 0.04581015 0.04414668 0.07404466 0.0497297  0.03420211 0.01587822
 0.04414668 0.02105102 0.01017742 0.0515897  0.07404466 0.03873184
 0.04414668 0.02201428 0.01017742 0.02513137 0.02509093 0.01370266
 0.0296423  0.05429589 0.01017742]
[0.02515683 0.07533312 0.01451713 0.08004768 0.03609875 0.01696324
 0.05441444 0.03889411 0.07140829 0.04542387 0.04065589 0.01343754
 0.03889411 0.02586922 0.01100224 0.04866014 0.07140829 0.04480645
 0.03889411 0.0287382  0.01100224 0.0314562  0.03254167 0.01405251
 0.02921601 0.05010547 0.01100224]
[0.0290717  0.07781594 0.01407126 0.07753577 0.04269974 0.0169655
 0.04501505 0.04291063 0.0727485  0.04366365 0.03662618 0.01612968
 0.04291063 0.02392701 0.0095369  0.03857677 0.0727485  0.0504644
 0.04291063 0.02618032 0.0095369  0.03158749 0.02657011 0.01376843
 0.03335062 0.05314078 0.0095369 ]
[0.02133971 0.06025218 0.01255096 0.08195342 0.03717156 0.01395843
 0.04616817 0.0359696  0.08748607 0.04998505 0.03817289 0.01361115
 0.0359696  0.02376819 0.01040384 0.05411714 0.08748607 0.05761959
 0.0359696  0.0251659  0.01040384 0.03121326 0.0255259  0.013839
 0.03021797 0.04927702 0.01040384]
[0.02115789 0.06345744 0.01093723 0.08543326 0.0414325  0.01374344
 0.05978356 0.04177281 0.07968675 0.04643692 0.04146418 0.01146616
 0.04177281 0.02783049 0.0086816  0.04173755 0.07968675 0.05109167
 0.04177281 0.02387273 0.0086816  0.03375973 0.02199334 0.01183649
 0.03058384 0.05124483 0.0086816 ]
[0.02426519 0.08554062 0.01563785 0.07346943 0.03249104 0.01684325
 0.04671978 0.04357136 0.07648353 0.04434236 0.03773607 0.011582
 0.04357136 0.02280946 0.00921699 0.04922391 0.07648353 0.05033713
 0.04357136 0.02336182 0.00921699 0.03125469 0.02574719 0.01275283
 0.03452422 0.05002907 0.00921699]
[0.03130388 0.06428016 0.01701722 0.07079037 0.04298887 0.01781469
 0.04146338 0.04618827 0.05445931 0.04978649 0.03445006 0.02105745
 0.04618827 0.03117226 0.01694657 0.05497963 0.05445931 0.04543319
 0.04618827 0.02810356 0.01694657 0.02936762 0.02934839 0.01781609
 0.0365678  0.03793577 0.01694657]
[0.0171176  0.10114186 0.00835556 0.10169402 0.02039597 0.01167285
 0.04397957 0.03226624 0.09512598 0.05228143 0.03644548 0.00661363
 0.03226624 0.02442311 0.00509077 0.07700966 0.09512598 0.0376167
 0.03226624 0.02002505 0.00509077 0.03091667 0.01924605 0.0085887
 0.02231404 0.05783908 0.00509077]
[0.02650052 0.07575215 0.01457473 0.09131219 0.04088677 0.01520228
 0.05597419 0.03620877 0.07317984 0.04945176 0.0411561  0.01263418
 0.03620877 0.0249433  0.00846636 0.03981023 0.07317984 0.04475515
 0.03620877 0.02785337 0.00846636 0.0312353  0.02033627 0.01513543
 0.03820369 0.05389735 0.00846636]
[0.01680923 0.07305036 0.00998218 0.08881727 0.03048806 0.00973011
 0.04721454 0.03926264 0.09307342 0.04404461 0.04236768 0.01098912
 0.03926264 0.02164587 0.00823569 0.05104496 0.09307342 0.0443157
 0.03926264 0.01930417 0.00823569 0.03113422 0.02368842 0.01144298
 0.02739273 0.06789594 0.00823569]
[0.02104008 0.07632487 0.01250976 0.08109044 0.05434795 0.01118941
 0.04382663 0.04280455 0.09677    0.04114306 0.04062368 0.01355868
 0.04280455 0.02763945 0.00688156 0.04053784 0.09677    0.04289389
 0.04280455 0.02109974 0.00688156 0.02620962 0.01996511 0.01161662
 0.02539793 0.04638697 0.00688156]
[0.03130388 0.06428016 0.01701722 0.07079037 0.04298887 0.01781469
 0.04146338 0.04618827 0.05445931 0.04978649 0.03445006 0.02105745
 0.04618827 0.03117226 0.01694657 0.05497963 0.05445931 0.04543319
 0.04618827 0.02810356 0.01694657 0.02936762 0.02934839 0.01781609
 0.0365678  0.03793577 0.01694657]
[0.02435429 0.06757758 0.014526   0.07720925 0.03937326 0.01623153
 0.0489418  0.04327972 0.08503249 0.0469247  0.036911   0.01564735
 0.04327972 0.02635856 0.00992958 0.04774681 0.08503249 0.03630787
 0.04327972 0.02579437 0.00992958 0.0236848  0.02271991 0.01450356
 0.03468684 0.05080763 0.00992958]
[0.01998741 0.09093099 0.01364169 0.07504807 0.03915695 0.01586662
 0.05421466 0.04316144 0.07533599 0.04042905 0.03393918 0.01280002
 0.04316144 0.0209054  0.00968359 0.0519686  0.07533599 0.04700924
 0.04316144 0.02557369 0.00968359 0.03304015 0.0238921  0.01173374
 0.04128136 0.03937391 0.00968359]
[0.0223752  0.08799306 0.01359004 0.09203789 0.03405263 0.01295282
 0.04876278 0.03869615 0.07041311 0.05458888 0.03638059 0.01201845
 0.03869615 0.03086054 0.00833749 0.05064461 0.07041311 0.04972599
 0.03869615 0.02453348 0.00833749 0.02869271 0.01919947 0.01194973
 0.02992755 0.05778645 0.00833749]
[0.0171176  0.10114186 0.00835556 0.10169402 0.02039597 0.01167285
 0.04397957 0.03226624 0.09512598 0.05228143 0.03644548 0.00661363
 0.03226624 0.02442311 0.00509077 0.07700966 0.09512598 0.0376167
 0.03226624 0.02002505 0.00509077 0.03091667 0.01924605 0.0085887
 0.02231404 0.05783908 0.00509077]
[0.02321185 0.09969586 0.01645894 0.07669982 0.03106301 0.0143476
 0.04905435 0.04306562 0.07231892 0.05228726 0.0378707  0.0164084
 0.04306562 0.02148313 0.00975536 0.04763072 0.07231892 0.04182941
 0.04306562 0.02031092 0.00975536 0.02837067 0.0235451  0.00978283
 0.02847581 0.05837287 0.00975536]
[0.03130388 0.06428016 0.01701722 0.07079037 0.04298887 0.01781469
 0.04146338 0.04618827 0.05445931 0.04978649 0.03445006 0.02105745
 0.04618827 0.03117226 0.01694657 0.05497963 0.05445931 0.04543319
 0.04618827 0.02810356 0.01694657 0.02936762 0.02934839 0.01781609
 0.0365678  0.03793577 0.01694657]
[0.01966511 0.08576129 0.01183038 0.08781359 0.03023928 0.01367674
 0.0534766  0.03527221 0.0862591  0.04256403 0.04212752 0.01157258
 0.03527221 0.02700342 0.00986789 0.04237885 0.0862591  0.0447435
 0.03527221 0.02629885 0.00986789 0.02664007 0.02300361 0.01303522
 0.03086364 0.05936717 0.00986789]
[0.01998741 0.09093099 0.01364169 0.07504807 0.03915695 0.01586662
 0.05421466 0.04316144 0.07533599 0.04042905 0.03393918 0.01280002
 0.04316144 0.0209054  0.00968359 0.0519686  0.07533599 0.04700924
 0.04316144 0.02557369 0.00968359 0.03304015 0.0238921  0.01173374
 0.04128136 0.03937391 0.00968359]
[0.0249238  0.08274528 0.01567741 0.07081339 0.04109972 0.0146531
 0.04262426 0.03572476 0.07273534 0.04455781 0.04263897 0.0175167
 0.03572476 0.0267295  0.013238   0.04838373 0.07273534 0.04715591
 0.03572476 0.02381407 0.013238   0.03105209 0.0291713  0.01646211
 0.0319396  0.05568223 0.013238  ]
[0.01766703 0.07343394 0.01262063 0.08531371 0.03181991 0.01524595
 0.04464787 0.04320679 0.07607992 0.05020685 0.03217003 0.01309933
 0.04320679 0.02628522 0.01012065 0.0538992  0.07607992 0.0550338
 0.04320679 0.02598229 0.01012065 0.0425493  0.02313278 0.00914923
 0.0294453  0.04615546 0.01012065]
[0.02373228 0.07995841 0.01223259 0.08881989 0.03214272 0.01638771
 0.04046601 0.04319392 0.08179252 0.04490678 0.03268009 0.01379482
 0.04319392 0.02516522 0.01086276 0.05514656 0.08179252 0.03993241
 0.04319392 0.01955448 0.01086276 0.03055819 0.02254274 0.01191287
 0.03167954 0.05263171 0.01086275]
[0.01807546 0.0804814  0.01024106 0.09872505 0.03292597 0.01225987
 0.05426989 0.03351649 0.07572454 0.05587585 0.03609245 0.01081249
 0.03351649 0.02641369 0.0092776  0.06092483 0.07572454 0.04946611
 0.03351649 0.02326618 0.0092776  0.02903644 0.02651103 0.0113893
 0.02655535 0.05684621 0.0092776 ]
[0.02613062 0.06774782 0.01254426 0.07743341 0.0471714  0.01506447
 0.04785418 0.0506537  0.07794173 0.0366552  0.03393659 0.01479913
 0.0506537  0.02073423 0.00840763 0.04526326 0.07794173 0.05070347
 0.0506537  0.021402   0.00840763 0.02723091 0.02357102 0.01355016
 0.03549211 0.04964831 0.00840763]
[0.01998741 0.09093106 0.01364169 0.07504808 0.03915695 0.01586662
 0.05421467 0.04316144 0.07533598 0.04042906 0.03393917 0.01280003
 0.04316144 0.0209054  0.00968359 0.0519686  0.07533598 0.04700924
 0.04316144 0.0255737  0.00968359 0.03304015 0.0238921  0.01173374
 0.04128136 0.03937392 0.00968359]]