67090
Test: public void testNumberOverflowInt() throws IOException { try (TokenBuffer buf = new TokenBuffer(null, false)) { long big = 1L + Integer.MAX_VALUE; buf.writeNumber(big); try (JsonParser p = buf.asParser()) { try { p.getIntValue(); fail("Expected failure for `int` overflow"); } catch (InputCoercionException e) { verifyException(e, "Numeric value ("+big+") out of range of int"); } } } try (TokenBuffer buf = new TokenBuffer(null, false)) { long big = 1L + Integer.MAX_VALUE; buf.writeNumber(String.valueOf(big)); try (JsonParser p = buf.asParser()) { try { p.getIntValue(); fail("Expected failure for `int` overflow"); } catch (InputCoercionException e) { verifyException(e, "Numeric value ("+big+") out of range of int"); } } } }
Code: public int getIntValue() throws IOException { final NumericNode node = (NumericNode) currentNumericNode(); if (!node.canConvertToInt()) { reportOverflowInt(); } return node.intValue(); }
[[0.03499492 0.02056175 0.08288419 0.07710259 0.0201292  0.05460493
 0.02913654 0.11213624 0.17311049 0.0225266  0.01201497 0.03359959
 0.09513635 0.02828298 0.05460493 0.03579379 0.01664823 0.0394943
 0.04058916 0.01664823]
[0.02254908 0.01526592 0.10191159 0.07092221 0.01898384 0.05683531
 0.03216975 0.11947949 0.17301749 0.01898069 0.00849843 0.03190415
 0.1304733  0.02245651 0.05683531 0.02352512 0.01166965 0.03709961
 0.03575291 0.01166965]
[0.0349381  0.01680951 0.08705866 0.06958984 0.01994454 0.06079686
 0.03505231 0.09782954 0.14323221 0.02597883 0.01355127 0.03857901
 0.09636159 0.03660231 0.06079686 0.03964041 0.01763613 0.0454114
 0.04255456 0.01763613]
[0.02075944 0.01069008 0.09415919 0.088486   0.01567443 0.06268626
 0.01808935 0.11429672 0.24873218 0.01916305 0.00622436 0.02595782
 0.09270032 0.02129484 0.06268626 0.01752368 0.01145335 0.03629917
 0.02167005 0.01145335]
[0.02435987 0.01265326 0.08570002 0.09098385 0.01648322 0.05515704
 0.02352084 0.11387065 0.21438853 0.02010968 0.00832701 0.02776136
 0.10565083 0.02630959 0.05515704 0.0254837  0.0108222  0.03776249
 0.03467667 0.0108222 ]
[0.03611935 0.01689158 0.08365218 0.06294063 0.02494164 0.06217089
 0.03562721 0.09894123 0.1768949  0.03025511 0.01490793 0.03495731
 0.06166904 0.02975878 0.06217089 0.03915798 0.0212673  0.0410329
 0.0453759  0.0212673 ]
[0.02985795 0.01248052 0.11189769 0.07249839 0.0202139  0.0566589
 0.020576   0.13294418 0.17909858 0.02299966 0.00770344 0.02958176
 0.09699255 0.02544184 0.0566589  0.02118971 0.01085582 0.04358691
 0.03790748 0.01085582]
[0.02803167 0.01502894 0.09089956 0.08797383 0.01888214 0.06030579
 0.02686427 0.11481117 0.19444501 0.01867529 0.01228483 0.03241701
 0.08303837 0.03457771 0.06030579 0.0293661  0.0146553  0.03288959
 0.0298923  0.0146553 ]
[0.02352406 0.01579671 0.10709332 0.09972154 0.02005698 0.05541206
 0.02174844 0.11946322 0.18184748 0.02156235 0.00925558 0.02440544
 0.09758483 0.02619172 0.05541206 0.02446862 0.01201605 0.03426991
 0.03815359 0.01201605]
[0.04280087 0.0257491  0.08070759 0.06495416 0.02771714 0.04915518
 0.03608186 0.09545122 0.10655335 0.03572131 0.02159243 0.04684372
 0.09490235 0.04251749 0.04915518 0.04330457 0.02117348 0.0471339
 0.04731171 0.02117348]
[0.02246014 0.01683426 0.08960529 0.08835393 0.0177011  0.05690699
 0.02586822 0.12818821 0.17911853 0.01801276 0.00892412 0.02581323
 0.10794473 0.02811166 0.05690699 0.02782048 0.00990264 0.0435698
 0.03805432 0.00990264]
[0.03457963 0.01604031 0.08242066 0.08552679 0.02368869 0.04683148
 0.03050913 0.13059999 0.17409815 0.02362261 0.01032382 0.03397956
 0.0885818  0.03022164 0.04683148 0.02953673 0.01839855 0.03739269
 0.03841781 0.01839855]
[0.01659815 0.00736775 0.09239365 0.09218552 0.01453883 0.05171898
 0.01656451 0.11305627 0.31807655 0.01443584 0.00309147 0.0187989
 0.09987456 0.01460329 0.05171898 0.01155003 0.00725239 0.02291328
 0.02600865 0.00725239]
[0.02644344 0.01426988 0.11354899 0.07765895 0.01965681 0.06736451
 0.03476785 0.1138843  0.1582672  0.01902432 0.00978605 0.0292607
 0.0947639  0.02366878 0.06736451 0.02584297 0.01084513 0.04517797
 0.03755861 0.01084513]
[0.03611935 0.01689158 0.08365218 0.06294063 0.02494164 0.06217089
 0.03562721 0.09894123 0.1768949  0.03025511 0.01490793 0.03495731
 0.06166904 0.02975878 0.06217089 0.03915798 0.0212673  0.0410329
 0.0453759  0.0212673 ]
[0.02599063 0.01360465 0.09244309 0.08234923 0.02207281 0.054224
 0.02444735 0.12795074 0.21061301 0.01547747 0.00792573 0.02483309
 0.0994286  0.02552017 0.054224   0.02876908 0.00905403 0.04010128
 0.03191696 0.00905403]
[0.02245585 0.01670428 0.09934507 0.09406473 0.0193128  0.06443697
 0.02081647 0.12033306 0.16201241 0.02103646 0.00812832 0.02655086
 0.08813818 0.03361766 0.06443697 0.02833237 0.01354229 0.05098878
 0.0322042  0.01354229]
[0.02176702 0.01138815 0.10545252 0.07010797 0.0195551  0.05087722
 0.02109646 0.12904443 0.23589696 0.02178814 0.00737494 0.03365657
 0.08440509 0.02178763 0.05087722 0.02267633 0.01352054 0.03017421
 0.03503295 0.01352054]
[0.032486   0.01600101 0.09937409 0.0824694  0.02600795 0.05485148
 0.02494522 0.11570315 0.17505322 0.02793884 0.01275147 0.03237652
 0.08372904 0.02536876 0.05485148 0.02859507 0.01595909 0.03337402
 0.04220513 0.01595909]
[0.02245585 0.01670428 0.09934507 0.09406473 0.0193128  0.06443697
 0.02081647 0.12033306 0.16201241 0.02103646 0.00812832 0.02655086
 0.08813818 0.03361766 0.06443697 0.02833237 0.01354229 0.05098878
 0.0322042  0.01354229]]