99186
Test: public void testNormalUsage() { MockitoAnnotations.initMocks(this); String argForFinalCaptor = "Hello"; ArrayList<List<String>> argForGenericsCaptor = new ArrayList<List<String>>(); mockInterface.testMe(argForFinalCaptor, argForGenericsCaptor); Mockito.verify(mockInterface).testMe(finalCaptor.capture(), genericsCaptor.capture()); }
Code: public <T> T verify(T mock, VerificationMode mode) { if (mock == null) { reporter.nullPassedToVerify(); } else if (!mockUtil.isMock(mock)) { reporter.notAMockPassedToVerify(); } mockingProgress.verificationStarted(mode); return mock; }
[[0.02887467 0.07740954 0.01885468 0.0772404  0.04114719 0.01834865
 0.04770381 0.03894868 0.07787596 0.06027903 0.04541676 0.01543931
 0.03894868 0.0310025  0.01240057 0.04165665 0.07787596 0.04822184
 0.03894868 0.03145813 0.01240057 0.02568492 0.03183299 0.04962925
 0.01240057]
[0.02787277 0.07932229 0.01245665 0.095434   0.04135795 0.01610368
 0.04776284 0.04686868 0.07712264 0.05153599 0.03537378 0.01650647
 0.04686868 0.02200881 0.01076461 0.05302072 0.07712264 0.04076598
 0.04686868 0.02283815 0.01076461 0.02374639 0.03085419 0.05589414
 0.01076461]
[0.02652247 0.08051214 0.01530392 0.0832709  0.03761607 0.01762907
 0.05709567 0.04169973 0.07525013 0.04766282 0.042473   0.01410142
 0.04169973 0.02734033 0.01170287 0.0505323  0.07525013 0.04763589
 0.04169973 0.02999262 0.01170287 0.02869875 0.0308548  0.05204973
 0.01170286]
[0.03034019 0.08321451 0.01477037 0.08037903 0.04443951 0.01757751
 0.04725626 0.04608462 0.0763887  0.04549962 0.03838143 0.01680561
 0.04608462 0.02533485 0.01014115 0.03987835 0.0763887  0.05386509
 0.04608462 0.02728744 0.01014115 0.02347413 0.03514671 0.0548947
 0.01014115]
[0.02242029 0.06469578 0.01311678 0.08432305 0.03848898 0.01430934
 0.04813189 0.03893127 0.09126682 0.0521989  0.03972926 0.01415514
 0.03893127 0.02529686 0.01116864 0.05523449 0.09126682 0.06184053
 0.03893127 0.02600801 0.01116864 0.02514645 0.0317371  0.05033382
 0.01116864]
[0.02205771 0.06761474 0.01146483 0.08794779 0.04272022 0.01413425
 0.06202147 0.0446992  0.08296067 0.04840481 0.04292383 0.01197188
 0.0446992  0.02948209 0.0092153  0.04284149 0.08296067 0.05426989
 0.0446992  0.02456662 0.0092153  0.02533596 0.03202814 0.05254945
 0.0092153 ]
[0.02534273 0.09133922 0.01633998 0.07600134 0.03381133 0.01742779
 0.04883364 0.04660973 0.08008236 0.046446   0.0392965  0.01207712
 0.04660973 0.02398659 0.009789   0.05072173 0.08008236 0.05350584
 0.04660973 0.0243747  0.009789   0.02322839 0.03617768 0.05172856
 0.009789  ]
[0.03282304 0.06786923 0.01780677 0.07381111 0.0448797  0.0185388
 0.04341903 0.04894228 0.05703479 0.05220056 0.03600377 0.02197871
 0.04894228 0.03270757 0.01786793 0.05714561 0.05703479 0.04791088
 0.04894228 0.02934116 0.01786793 0.03124748 0.03827544 0.03954089
 0.01786792]
[0.01778208 0.10840723 0.00866404 0.1037127  0.02091249 0.0118559
 0.04567416 0.03468256 0.09925351 0.05389325 0.03743335 0.0068495
 0.03468256 0.0259393  0.00542031 0.07781143 0.09925351 0.0401686
 0.03468256 0.02059304 0.00542031 0.01936643 0.02325292 0.05886791
 0.00542031]
[0.0275971  0.0808915  0.01524273 0.09346458 0.04199048 0.0156172
 0.05803898 0.03876169 0.07670355 0.0513186  0.04256844 0.01304139
 0.03876169 0.02634589 0.00895487 0.04067553 0.07670355 0.04742548
 0.03876169 0.0288645  0.00895487 0.02490373 0.04008223 0.05537491
 0.00895487]
[0.01754885 0.07854579 0.01041947 0.09086366 0.03141671 0.00998948
 0.04896077 0.04244241 0.09701485 0.04575186 0.04396135 0.01144854
 0.04244241 0.02292834 0.00882792 0.05188646 0.09701485 0.0475286
 0.04244241 0.02002765 0.00882792 0.02296179 0.02869582 0.06922409
 0.00882792]
[0.02175447 0.08027878 0.0129091  0.08268595 0.05536585 0.01142171
 0.04535598 0.04526022 0.09977887 0.04223872 0.04174058 0.01390361
 0.04526022 0.02878788 0.00720982 0.04115964 0.09977887 0.04500017
 0.04526022 0.02153765 0.00720982 0.02534387 0.02629314 0.04725501
 0.00720982]
[0.03282304 0.06786923 0.01780677 0.07381111 0.0448797  0.0185388
 0.04341903 0.04894228 0.05703479 0.05220056 0.03600377 0.02197871
 0.04894228 0.03270757 0.01786793 0.05714561 0.05703479 0.04791088
 0.04894228 0.02934116 0.01786793 0.03124748 0.03827544 0.03954089
 0.01786792]
[0.02518112 0.07045515 0.0149988  0.07933177 0.04048527 0.01669597
 0.05050778 0.04514652 0.0880702  0.04839706 0.03802679 0.01614856
 0.04514652 0.02734049 0.01030364 0.0490133  0.0880702  0.03774703
 0.04514652 0.02657537 0.01030364 0.02845015 0.035939   0.05221551
 0.01030364]
[0.02086005 0.09717757 0.01429883 0.07785143 0.04075661 0.01641875
 0.05704497 0.04613006 0.07886299 0.04210257 0.03551316 0.01332299
 0.04613006 0.02199918 0.01028743 0.05366139 0.07886299 0.04984942
 0.04613006 0.026615   0.01028743 0.02134033 0.04339709 0.04081222
 0.01028743]
[0.02313188 0.09305563 0.01404795 0.09377518 0.03469295 0.01323137
 0.05026938 0.04098677 0.07295262 0.05620716 0.03736323 0.01233854
 0.04098677 0.03196075 0.00876344 0.05134501 0.07295262 0.05233215
 0.04098677 0.02514526 0.00876344 0.02601161 0.03104121 0.05889485
 0.00876344]
[0.01778208 0.10840723 0.00866404 0.1037127  0.02091249 0.0118559
 0.04567416 0.03468256 0.09925351 0.05389325 0.03743335 0.0068495
 0.03468256 0.0259393  0.00542031 0.07781143 0.09925351 0.0401686
 0.03468256 0.02059304 0.00542031 0.01936643 0.02325292 0.05886791
 0.00542031]
[0.02409593 0.10482761 0.01707883 0.07914361 0.0321378  0.01480712
 0.05091865 0.04535073 0.07522091 0.05409534 0.0392065  0.01700865
 0.04535073 0.02237458 0.01023505 0.04901463 0.07522091 0.04379047
 0.04535073 0.02104073 0.01023505 0.02354679 0.0296118  0.06010183
 0.01023505]
[0.03282304 0.06786923 0.01780677 0.07381111 0.0448797  0.0185388
 0.04341903 0.04894228 0.05703479 0.05220056 0.03600377 0.02197871
 0.04894228 0.03270757 0.01786793 0.05714561 0.05703479 0.04791088
 0.04894228 0.02934116 0.01786793 0.03124748 0.03827544 0.03954089
 0.01786792]
[0.02034154 0.09078865 0.01228593 0.09032483 0.03113503 0.01401825
 0.05534732 0.03742555 0.0895312  0.04397891 0.04357226 0.01202162
 0.03742555 0.02830831 0.01040681 0.04322717 0.0895312  0.04728178
 0.03742555 0.02705409 0.01040681 0.02488341 0.03222188 0.06064957
 0.01040681]
[0.02086005 0.09717757 0.01429883 0.07785143 0.04075661 0.01641875
 0.05704497 0.04613006 0.07886299 0.04210257 0.03551316 0.01332299
 0.04613006 0.02199918 0.01028743 0.05366139 0.07886299 0.04984942
 0.04613006 0.026615   0.01028743 0.02134033 0.04339709 0.04081222
 0.01028743]
[0.02811038 0.08867726 0.01105945 0.08840837 0.03998262 0.01372085
 0.04848687 0.04179017 0.07174714 0.05077814 0.04166882 0.01302579
 0.04179017 0.02411067 0.01043622 0.06091074 0.07174714 0.050271
 0.04179017 0.02354096 0.01043622 0.02840933 0.0323925  0.05627279
 0.01043621]
[0.01898191 0.08636142 0.01070005 0.10107939 0.0339446  0.01262643
 0.05646657 0.03605503 0.07896852 0.05816548 0.03735763 0.01127998
 0.03605503 0.02782167 0.00993439 0.0621335  0.07896852 0.05293648
 0.03605503 0.02400622 0.00993439 0.0242908  0.02773983 0.05820273
 0.00993439]
[0.02723776 0.07155607 0.0130465  0.08012093 0.04881223 0.01555995
 0.04982698 0.05361569 0.08127093 0.03814231 0.03523597 0.01536616
 0.05361569 0.02177038 0.00884154 0.04672149 0.08127093 0.05331363
 0.05361569 0.0222584  0.00884154 0.02267568 0.03713355 0.05130845
 0.00884154]
[0.02086005 0.09717765 0.01429883 0.07785144 0.0407566  0.01641875
 0.05704498 0.04613006 0.07886297 0.04210257 0.03551316 0.01332299
 0.04613006 0.02199917 0.01028743 0.05366137 0.07886297 0.04984941
 0.04613006 0.02661501 0.01028743 0.02134033 0.04339709 0.04081221
 0.01028743]]