67273
Test: public void test18() throws Throwable { if (debug) System.out.format("%n%s%n", "RegressionTest0.test18"); com.fasterxml.jackson.databind.util.StdDateFormat stdDateFormat0 = com.fasterxml.jackson.databind.util.StdDateFormat.instance; boolean boolean2 = stdDateFormat0.looksLikeISO8601("com.fasterxml.jackson.databind.deser.CreatorProperty[?]"); stdDateFormat0.setLenient(false); stdDateFormat0.setLenient(false); }
Code: public void setLenient(boolean enabled) { Boolean newValue = enabled; if (_lenient != newValue) { _lenient = newValue; _clearFormats(); } }
[[0.03955931 0.03215453 0.05873324 0.03616326 0.05400608 0.13929544
 0.09631851 0.0249719  0.04129312 0.10675848 0.05110286 0.0217562
 0.04379402 0.05400608 0.09954035 0.0249719  0.02445687 0.01685712
 0.01713035 0.01713035]
[0.03414838 0.02862364 0.0602577  0.03208464 0.05409108 0.12298143
 0.12370501 0.02689589 0.03750578 0.11276968 0.04947264 0.02017408
 0.03321084 0.05409108 0.11751819 0.02689589 0.01794648 0.01425833
 0.01668462 0.01668462]
[0.02844187 0.0228074  0.07799814 0.03477818 0.07026231 0.14816782
 0.09981407 0.0179547  0.02820176 0.1285989  0.03678896 0.01618471
 0.03829591 0.07026231 0.09840735 0.0179547  0.02881413 0.01552277
 0.01037201 0.01037201]
[0.03804653 0.03080079 0.05230916 0.03726203 0.06856574 0.10658198
 0.08895443 0.03045871 0.04023654 0.11281072 0.04939632 0.03034812
 0.0376691  0.06856574 0.0870702  0.03045871 0.02432924 0.02481725
 0.02065936 0.02065936]
[0.04081999 0.03525426 0.05568112 0.0370978  0.06144409 0.08532804
 0.12318377 0.0337934  0.03516921 0.07085466 0.05953587 0.0281857
 0.04356551 0.06144409 0.08917572 0.0337934  0.03207679 0.02893102
 0.02233274 0.02233274]
[0.03922093 0.02835672 0.0491623  0.03946983 0.06232376 0.11602269
 0.10738929 0.02548091 0.02940567 0.12158605 0.05309585 0.02263512
 0.03896054 0.06232376 0.10739117 0.02548091 0.02116695 0.02173203
 0.01439778 0.01439778]
[0.035404   0.02843186 0.04856877 0.03599031 0.06012176 0.14098942
 0.13537115 0.02061501 0.02843068 0.13310814 0.0478284  0.01573187
 0.0372379  0.06012176 0.09629051 0.02061501 0.01866208 0.01687865
 0.00980141 0.00980141]
[0.0476042  0.03841012 0.06001817 0.03625816 0.05172753 0.08853682
 0.07036307 0.03888255 0.04362443 0.10497171 0.06035103 0.03947698
 0.04810049 0.05172753 0.07956861 0.03888255 0.02715952 0.02865682
 0.02283983 0.02283983]
[0.02870372 0.0232675  0.06554206 0.03196789 0.0494919  0.15809852
 0.08888151 0.02272949 0.02910943 0.15212339 0.04421868 0.01502801
 0.04502159 0.0494919  0.10378029 0.02272949 0.02168705 0.02182318
 0.01315218 0.01315218]
[0.02431968 0.0181657  0.05346017 0.02533678 0.04996407 0.17355016
 0.14644757 0.01893154 0.0248847  0.1366898  0.03884148 0.00927447
 0.03481153 0.04996407 0.13069908 0.01893154 0.01616955 0.01415826
 0.00769994 0.00769994]
[0.03246    0.02595001 0.06312621 0.03587516 0.06723939 0.13352793
 0.10873443 0.027051   0.03062873 0.1362034  0.0389606  0.01737259
 0.04205773 0.06723939 0.07631182 0.027051   0.02191997 0.01976
 0.01426535 0.01426535]
[0.03009986 0.02021573 0.05862065 0.03187373 0.06446143 0.15523507
 0.12465759 0.02443264 0.02710002 0.11475667 0.04564308 0.01232979
 0.0426609  0.06446143 0.10006317 0.02443264 0.01917025 0.01626403
 0.01176063 0.01176063]
[0.0352846  0.02173973 0.06569909 0.02968613 0.06729715 0.11033519
 0.1087129  0.02514914 0.03052026 0.13724062 0.03811982 0.01802479
 0.04868621 0.06729715 0.09757514 0.02514914 0.02843122 0.02069094
 0.01218039 0.01218039]
[0.04081999 0.03525426 0.05568112 0.0370978  0.06144409 0.08532804
 0.12318377 0.0337934  0.03516921 0.07085466 0.05953587 0.0281857
 0.04356551 0.06144409 0.08917572 0.0337934  0.03207679 0.02893102
 0.02233274 0.02233274]
[0.03436829 0.02868677 0.05599656 0.02852906 0.05693543 0.11555496
 0.13874659 0.02773553 0.03997738 0.10657005 0.05777707 0.018138
 0.0370262  0.05693543 0.09958213 0.02773553 0.01919826 0.01883855
 0.0158341  0.0158341 ]
[0.0476042  0.03841012 0.06001817 0.03625816 0.05172753 0.08853682
 0.07036307 0.03888255 0.04362443 0.10497171 0.06035103 0.03947698
 0.04810049 0.05172753 0.07956861 0.03888255 0.02715952 0.02865682
 0.02283983 0.02283983]
[0.03196421 0.02228006 0.07086451 0.02967749 0.05448729 0.12456188
 0.1082216  0.0236075  0.03704893 0.11814161 0.04048345 0.01607333
 0.04706934 0.05448729 0.12222746 0.0236075  0.03218427 0.01841996
 0.01229615 0.01229615]
[0.03225313 0.02387147 0.06027353 0.03594925 0.06485137 0.11808704
 0.13516764 0.02547528 0.02267191 0.11891848 0.05404465 0.01805909
 0.0392585  0.06485137 0.10459128 0.02547528 0.01825973 0.01630053
 0.01082022 0.01082022]
[0.03111881 0.02777361 0.06150112 0.03812239 0.06897449 0.11327896
 0.08276978 0.02694463 0.03262509 0.11768171 0.05129112 0.02149978
 0.04393009 0.06897449 0.10546659 0.02694463 0.02814903 0.02220744
 0.01537309 0.01537309]
[0.03111881 0.02777361 0.06150112 0.03812239 0.06897449 0.11327896
 0.08276978 0.02694463 0.03262509 0.11768171 0.05129112 0.02149978
 0.04393009 0.06897449 0.10546659 0.02694463 0.02814903 0.02220744
 0.01537309 0.01537309]]