17863
Test: public void testMayBeString() { }
Code: static boolean mayBeString(Node n, boolean recurse) { if (recurse) { return anyResultsMatch(n, MAY_BE_STRING_PREDICATE); } else { return mayBeStringHelper(n); } }
[[0.08818635 0.09526964 0.03013313 0.06400904 0.09526964 0.01379212
 0.06008611 0.08707912 0.03599336 0.06008611 0.03058463 0.07542542
 0.01629636 0.01608963 0.04236184 0.06008611 0.03058463 0.06648747
 0.01608963 0.01608963]
[0.08604471 0.11228953 0.0247976  0.05804539 0.11228953 0.01136743
 0.05703509 0.08265232 0.03406143 0.05703509 0.03700931 0.0709731
 0.01083345 0.01059908 0.04612863 0.05703509 0.03700931 0.07359576
 0.01059908 0.01059908]
[0.08827543 0.09228559 0.028342   0.05551586 0.09228559 0.01728362
 0.05388508 0.0982177  0.04477191 0.05388508 0.04666243 0.06319936
 0.01302002 0.00813875 0.05091926 0.05388508 0.04666243 0.07648733
 0.00813875 0.00813875]
[0.09177931 0.09104136 0.02564532 0.08505827 0.09104136 0.0131417
 0.0575148  0.07787062 0.03480012 0.0575148  0.0353707  0.08290439
 0.01309286 0.01225888 0.04233011 0.0575148  0.0353707  0.0712322
 0.01225888 0.01225888]
[0.08604471 0.11228953 0.0247976  0.05804539 0.11228953 0.01136743
 0.05703509 0.08265232 0.03406143 0.05703509 0.03700931 0.0709731
 0.01083345 0.01059908 0.04612863 0.05703509 0.03700931 0.07359576
 0.01059908 0.01059908]
[0.09321188 0.10759883 0.02290498 0.05081888 0.10759883 0.01186042
 0.05756799 0.08170618 0.03707069 0.05756799 0.03446082 0.07067326
 0.01278212 0.00917824 0.05401155 0.05756799 0.03446082 0.08060203
 0.00917824 0.00917824]
[0.08353072 0.07816829 0.03624551 0.07444683 0.07816829 0.02061737
 0.05706558 0.06110881 0.04708032 0.05706558 0.04083315 0.06364869
 0.02022377 0.02011831 0.05770141 0.05706558 0.04083315 0.06584201
 0.02011831 0.02011831]
[0.12431683 0.09669129 0.02397491 0.07069057 0.09669129 0.00755522
 0.04459826 0.10274254 0.02841647 0.04459826 0.02381948 0.07840875
 0.00899944 0.00654059 0.05881458 0.04459826 0.02381948 0.10164254
 0.00654059 0.00654059]
[0.08707781 0.09081468 0.034097   0.06122615 0.09081468 0.0212483
 0.05372021 0.06394438 0.04443515 0.05372021 0.03954707 0.07933236
 0.02071126 0.01835678 0.04236756 0.05372021 0.03954707 0.06860551
 0.01835678 0.01835678]
[0.08353072 0.07816829 0.03624551 0.07444683 0.07816829 0.02061737
 0.05706558 0.06110881 0.04708032 0.05706558 0.04083315 0.06364869
 0.02022377 0.02011831 0.05770141 0.05706558 0.04083315 0.06584201
 0.02011831 0.02011831]
[0.10569953 0.09698851 0.02646489 0.07325584 0.09698851 0.01107657
 0.04611934 0.08518776 0.03890099 0.04611934 0.03023166 0.06476653
 0.01250381 0.01241596 0.05784593 0.04611934 0.03023167 0.09425193
 0.01241596 0.01241596]
[0.09992173 0.09517159 0.02804665 0.06673546 0.09517159 0.01268499
 0.05407301 0.0714018  0.0429653  0.05407301 0.03801857 0.07384457
 0.01485802 0.01180615 0.05005508 0.05407301 0.03801857 0.07546854
 0.01180616 0.01180616]
[0.09992026 0.08155774 0.03005691 0.06730713 0.08155774 0.01130567
 0.05998506 0.10095358 0.03419146 0.05998506 0.03855376 0.06106412
 0.01326208 0.01169261 0.04686408 0.05998506 0.03855375 0.07981867
 0.01169261 0.01169261]
[0.09531659 0.07933965 0.02822836 0.06270295 0.07933965 0.01397116
 0.0580119  0.08759139 0.04210114 0.0580119  0.04950884 0.07774828
 0.01236352 0.01250175 0.05430903 0.0580119  0.04950884 0.05642964
 0.01250175 0.01250175]
[0.08724414 0.09857996 0.03514753 0.07659538 0.09857996 0.01093515
 0.05140779 0.08174979 0.03852724 0.05140779 0.03499436 0.05640252
 0.01478503 0.0105869  0.0506433  0.05140779 0.03499436 0.09483721
 0.0105869  0.0105869 ]
[0.08353072 0.07816829 0.03624551 0.07444683 0.07816829 0.02061737
 0.05706558 0.06110881 0.04708032 0.05706558 0.04083315 0.06364869
 0.02022377 0.02011831 0.05770141 0.05706558 0.04083315 0.06584201
 0.02011831 0.02011831]
[0.10569953 0.09698851 0.02646489 0.07325584 0.09698851 0.01107657
 0.04611934 0.08518776 0.03890099 0.04611934 0.03023166 0.06476653
 0.01250381 0.01241596 0.05784593 0.04611934 0.03023167 0.09425193
 0.01241596 0.01241596]
[0.1185412  0.09814367 0.02730371 0.08022932 0.09814367 0.01173897
 0.05266003 0.10350884 0.03044895 0.05266003 0.0291071  0.07542291
 0.01092042 0.00845942 0.02937617 0.05266003 0.0291071  0.0746496
 0.00845942 0.00845942]
[0.09531659 0.07933965 0.02822836 0.06270295 0.07933965 0.01397116
 0.0580119  0.08759139 0.04210114 0.0580119  0.04950884 0.07774828
 0.01236352 0.01250175 0.05430903 0.0580119  0.04950884 0.05642964
 0.01250175 0.01250175]
[0.09531659 0.07933965 0.02822836 0.06270295 0.07933965 0.01397116
 0.0580119  0.08759139 0.04210114 0.0580119  0.04950884 0.07774828
 0.01236352 0.01250175 0.05430903 0.0580119  0.04950884 0.05642964
 0.01250175 0.01250175]]