100314
Test: public void testAddDays_int1() { MutableDateTime test = new MutableDateTime(2002, 6, 9, 5, 6, 7, 8); test.addDays(17); }
Code: public void addDays(final int days) { if (days != 0) { setMillis(getChronology().days().add(getMillis(), days)); } }
[[0.04850215 0.03942591 0.13942674 0.03037176 0.19289301 0.06623469
 0.1308945  0.1001088  0.02667698 0.02759295 0.06623467 0.05889009
 0.03073341 0.02100721 0.02100721]
[0.03449121 0.03167835 0.1182491  0.01781126 0.299652   0.06732576
 0.11586868 0.09326664 0.02306903 0.02474452 0.06732574 0.0463587
 0.01977409 0.02019246 0.02019246]
[0.04197435 0.03351844 0.12959728 0.02277502 0.21844919 0.07974205
 0.1194119  0.10457557 0.02252101 0.03317627 0.07974203 0.05127817
 0.02415523 0.01954174 0.01954174]
[0.03326309 0.02890398 0.11836656 0.0243581  0.18926758 0.07313214
 0.19178614 0.08945142 0.02059755 0.02560743 0.07313211 0.07385911
 0.02626137 0.01600673 0.01600673]
[0.0538457  0.04505935 0.10836041 0.02145296 0.21297222 0.06667911
 0.11991203 0.10832134 0.03403863 0.02718861 0.06667911 0.06166477
 0.0338948  0.01996545 0.01996545]
[0.05152912 0.04452389 0.11980328 0.02518239 0.14867356 0.07780022
 0.08941232 0.14034294 0.03562212 0.03399494 0.07780022 0.05927646
 0.03956383 0.02823736 0.02823736]
[0.02791963 0.02178173 0.11588925 0.01354838 0.32764557 0.06498057
 0.1597712  0.09410845 0.01146725 0.0255192  0.06498056 0.03870238
 0.01427861 0.00970357 0.00970357]
[0.04027495 0.03081775 0.12831548 0.02227106 0.2176376  0.07563668
 0.1441611  0.07830901 0.02377798 0.0374442  0.07563668 0.06288871
 0.02974418 0.01654231 0.01654231]
[0.03550272 0.02444115 0.11626644 0.0203244  0.2389482  0.08201146
 0.13961068 0.11814244 0.01504512 0.03028836 0.08201145 0.04821682
 0.02002836 0.01458124 0.01458124]
[0.04104635 0.04028517 0.11679615 0.0251658  0.20342037 0.07004403
 0.13838568 0.09386571 0.03232098 0.02801441 0.07004403 0.06267063
 0.02932434 0.02430817 0.02430817]
[0.05152912 0.04452389 0.11980328 0.02518239 0.14867356 0.07780022
 0.08941232 0.14034294 0.03562212 0.03399494 0.07780022 0.05927646
 0.03956383 0.02823736 0.02823736]
[0.0409858  0.03703152 0.11049598 0.02345487 0.21875668 0.09164145
 0.11754015 0.09779922 0.02252479 0.02955846 0.0916414  0.05778967
 0.02498492 0.01789752 0.01789752]
[0.0407703  0.02843058 0.12810633 0.02761254 0.19260913 0.06891133
 0.16438434 0.1181003  0.02094637 0.02283361 0.06891133 0.06075274
 0.0277062  0.01496244 0.01496244]
[0.03770384 0.03420946 0.12051557 0.02888752 0.1889104  0.08920952
 0.14382148 0.09750483 0.02668141 0.02664826 0.08920952 0.05522972
 0.02233262 0.01956794 0.01956794]
[0.03770384 0.03420946 0.12051557 0.02888752 0.1889104  0.08920952
 0.14382148 0.09750483 0.02668141 0.02664826 0.08920952 0.05522972
 0.02233262 0.01956794 0.01956794]]