69431
Test: @Test public void testGetSiblings() { Document doc = Jsoup.parse("<div><p>Hello<p id=1>there<p>this<p>is<p>an<p id=last>element</div>"); Element p = doc.getElementById("1"); }
Code: public Element nextElementSibling(){List<Element> siblings = parent().children();Integer index = indexInList(this, siblings);;if (siblings.size() > index+1)return siblings.get(index+-1);elsereturn null;}
[[0.06060955 0.02886216 0.0361919  0.09838656 0.03831418 0.05032191
 0.04743792 0.03831418 0.06554691 0.06015364 0.09342555 0.10174151
 0.05953402 0.16194674 0.05921331]
[0.06777945 0.03076881 0.03268848 0.09335147 0.0410901  0.05101087
 0.04365921 0.0410901  0.05569541 0.06367312 0.08835981 0.14052834
 0.05611206 0.14467071 0.04952201]
[0.04494895 0.02180882 0.0433075  0.10209691 0.03509125 0.04168778
 0.02964033 0.03509125 0.0446611  0.06088217 0.16707735 0.11566602
 0.04830817 0.15746246 0.05226991]
[0.04909841 0.02893369 0.05524042 0.0945366  0.04351221 0.03903097
 0.03596426 0.04351221 0.05160867 0.07283565 0.10404775 0.10977048
 0.06057621 0.16323474 0.04809772]
[0.06947391 0.04269992 0.05033601 0.07504819 0.05776577 0.06428482
 0.04229997 0.05776577 0.06327201 0.06353177 0.09624772 0.09431629
 0.06630639 0.10838033 0.0482711 ]
[0.05709137 0.02173918 0.03923465 0.08855997 0.03635472 0.03873842
 0.03501478 0.03635472 0.07047315 0.07144374 0.13342899 0.11023489
 0.04523804 0.16806528 0.04802803]
[0.04350986 0.02261296 0.04471682 0.08141443 0.04667187 0.04571003
 0.03844021 0.04667187 0.04750988 0.06101865 0.14405991 0.11077284
 0.06327318 0.15165035 0.05196711]
[0.06947391 0.04269992 0.05033601 0.07504819 0.05776577 0.06428482
 0.04229997 0.05776577 0.06327201 0.06353177 0.09624772 0.09431629
 0.06630639 0.10838033 0.0482711 ]
[0.0403602  0.01873037 0.03055928 0.10661903 0.03500617 0.04085272
 0.03289104 0.03500617 0.04635539 0.05115826 0.14176558 0.13285144
 0.05080016 0.19102007 0.04602411]
[0.05873298 0.02399848 0.03522286 0.08866659 0.03251229 0.0384873
 0.03397435 0.03251229 0.06257585 0.06236795 0.11850797 0.16663852
 0.05413993 0.14848149 0.04318121]
[0.05984794 0.02219973 0.04045136 0.10112648 0.04022348 0.04119551
 0.03210514 0.04022348 0.05805606 0.0836945  0.09980739 0.12306407
 0.05781302 0.149443   0.05074884]
[0.0667242  0.02617044 0.03877008 0.10961877 0.03610344 0.04838609
 0.03494645 0.03610344 0.05052392 0.06198094 0.09900738 0.13298154
 0.05022933 0.16400328 0.0444507 ]
[0.05060913 0.03330619 0.03383959 0.08244567 0.03840555 0.04828356
 0.03812734 0.03840555 0.06302119 0.06134246 0.12618731 0.10221679
 0.05276764 0.17589533 0.0551468 ]
[0.05221727 0.02662298 0.04391849 0.10661659 0.04297714 0.04144531
 0.04478228 0.04297714 0.06436936 0.07359563 0.09758376 0.09401944
 0.06300816 0.13487306 0.0709933 ]
[0.05165913 0.02392388 0.03934179 0.08875346 0.03357201 0.03883418
 0.02934464 0.03357201 0.0450208  0.0693342  0.13122319 0.135032
 0.06751601 0.16752127 0.04535153]]