69245
Test: public void test3001() throws Throwable { if (debug) System.out.format("%n%s%n", "RegressionTest6.test3001"); org.jsoup.nodes.Document.OutputSettings outputSettings2 = null; try { boolean boolean3 = org.jsoup.nodes.Attribute.shouldCollapseAttribute("org.jsoup.SerializationException: hi!=\"hi!\"=\"hi!=&quot;hi!&quot;\"=\"org.jsoup.SerializationException: org.jsoup.SerializationException: org.jsoup.SerializationException: hi!\"=\"hi!=&quot;hi!&quot;=&quot;hi!=&amp;quot;hi!&amp;quot;&quot;=&quot;org.jsoup.SerializationException: hi!&quot;\"", "", outputSettings2); } catch (java.lang.NullPointerException e) { } }
Code: public Attribute(String key, String val, Attributes parent) { Validate.notNull(key); key = key.trim(); Validate.notEmpty(key); this.key = key; this.val = val; this.parent = parent; }
[[0.038427   0.02625669 0.05036935 0.04871826 0.03405059 0.07378642
 0.04975799 0.05560695 0.07564616 0.01787366 0.02445799 0.09338094
 0.04632137 0.02603732 0.02445799 0.05722978 0.07141481 0.02445799
 0.03247467 0.06093114 0.02445799 0.02655651 0.0173285 ]
[0.0304674  0.02245559 0.04458165 0.0566494  0.03178585 0.0692625
 0.03944742 0.04678991 0.07604681 0.01659453 0.03168138 0.09322311
 0.03885938 0.01758579 0.03168138 0.063342   0.06905886 0.03168139
 0.04327055 0.07102548 0.03168139 0.02468193 0.01814632]
[0.03281366 0.02042904 0.04811542 0.05976268 0.03391997 0.0702439
 0.04078532 0.05543956 0.09974629 0.01561166 0.02262572 0.10690369
 0.04165057 0.02278721 0.02262572 0.05680507 0.07220214 0.02262572
 0.03501492 0.06170597 0.02262572 0.02372558 0.01183452]
[0.04051815 0.02339767 0.05250634 0.04616605 0.02891554 0.06746961
 0.03855212 0.06371722 0.08003505 0.0167756  0.02732224 0.08652696
 0.04108442 0.02210803 0.02732224 0.07379055 0.082776   0.02732224
 0.03746646 0.04927646 0.02732224 0.02370385 0.01592501]
[0.03538501 0.02891862 0.05725128 0.05505408 0.03097718 0.05817556
 0.03961422 0.06731082 0.07039321 0.01899309 0.03111881 0.09423074
 0.05048433 0.02101224 0.03111881 0.05401441 0.06500098 0.03111881
 0.02935934 0.05030817 0.03111881 0.02845579 0.02058571]
[0.03185152 0.0201971  0.05034959 0.05426531 0.04331985 0.07107909
 0.04001945 0.06732506 0.08603977 0.0187412  0.02436945 0.083851
 0.04109126 0.0235121  0.02436945 0.06161761 0.07498631 0.02436945
 0.03288683 0.05804384 0.02436944 0.02727401 0.01607129]
[0.03610082 0.0180598  0.04455215 0.05899436 0.02469102 0.08043434
 0.03271114 0.0734517  0.08867528 0.01485378 0.02176303 0.10783412
 0.04967189 0.01804659 0.02176303 0.06143598 0.06709152 0.02176303
 0.04137848 0.05236934 0.02176303 0.02751855 0.01507693]
[0.03850631 0.02585834 0.05111872 0.05538051 0.03546338 0.0736916
 0.03405985 0.0629915  0.06156259 0.02435483 0.03210568 0.07210703
 0.03909475 0.02328902 0.03210568 0.06727657 0.06336217 0.03210568
 0.03728208 0.05167884 0.03210568 0.03246111 0.022038  ]
[0.03454462 0.02077978 0.04282028 0.06883283 0.0344479  0.07017276
 0.04128442 0.05352595 0.06669253 0.01355184 0.02483956 0.11368253
 0.04397628 0.0194098  0.02483956 0.06508917 0.06464212 0.02483956
 0.03795195 0.07143366 0.02483956 0.02492845 0.01287489]
[0.02818163 0.02127195 0.04768055 0.0538536  0.03351579 0.07509913
 0.04154694 0.05294012 0.08843088 0.01583675 0.02354197 0.09558632
 0.0502175  0.01887778 0.02354197 0.07114084 0.08329744 0.02354196
 0.03093806 0.06396763 0.02354197 0.02267954 0.01076976]
[0.04145219 0.02900158 0.0441656  0.04902053 0.03156473 0.06568027
 0.04669606 0.04766195 0.04797808 0.02281141 0.03461174 0.07747262
 0.04451729 0.0308358  0.03461174 0.06742996 0.07320225 0.03461174
 0.03543207 0.04634462 0.03461173 0.0397663  0.02051971]
[0.03054535 0.02209818 0.04473751 0.0533393  0.0471663  0.08038199
 0.04107732 0.06854531 0.06081592 0.01443314 0.02434473 0.10458939
 0.04781693 0.01756503 0.02434473 0.06774756 0.07161643 0.02434473
 0.03834412 0.04650616 0.02434473 0.02687403 0.0184211 ]
[0.03317735 0.02481117 0.04654326 0.06145586 0.03401275 0.08021967
 0.03133946 0.05740102 0.11088727 0.01231541 0.02533642 0.0890624
 0.05778265 0.01946801 0.02533642 0.0536851  0.05657954 0.02533642
 0.03369035 0.0583915  0.02533642 0.02228441 0.01554712]
[0.0305133  0.02097633 0.04665542 0.07186951 0.03448734 0.07389322
 0.04193738 0.06826064 0.09942766 0.01849314 0.02434659 0.08165928
 0.0418896  0.01910012 0.02434659 0.06377513 0.06702131 0.02434659
 0.03734767 0.04888853 0.02434659 0.02286553 0.0135525 ]
[0.04145219 0.02900158 0.0441656  0.04902053 0.03156473 0.06568027
 0.04669606 0.04766195 0.04797808 0.02281141 0.03461174 0.07747262
 0.04451729 0.0308358  0.03461174 0.06742996 0.07320225 0.03461174
 0.03543207 0.04634462 0.03461173 0.0397663  0.02051971]
[0.0394031  0.01964546 0.04831005 0.04268739 0.04079698 0.07340321
 0.04827812 0.06089213 0.06133168 0.01755532 0.02167235 0.11015261
 0.04117266 0.02564634 0.02167235 0.06753277 0.0808742  0.02167235
 0.04423456 0.0471449  0.02167235 0.02884968 0.01539946]
[0.0257548  0.01926311 0.04264243 0.05679608 0.05240894 0.06061598
 0.04066816 0.05872631 0.06845146 0.01630459 0.02509375 0.10943636
 0.03972369 0.02214163 0.02509375 0.07003475 0.07268181 0.02509375
 0.03686916 0.06603763 0.02509375 0.02440521 0.01666286]
[0.04145219 0.02900158 0.0441656  0.04902053 0.03156473 0.06568027
 0.04669606 0.04766195 0.04797808 0.02281141 0.03461174 0.07747262
 0.04451729 0.0308358  0.03461174 0.06742996 0.07320225 0.03461174
 0.03543207 0.04634462 0.03461173 0.0397663  0.02051971]
[0.03841334 0.02351303 0.04990684 0.05840223 0.03784449 0.06401908
 0.03998372 0.06319609 0.06484967 0.01642034 0.02758854 0.09862141
 0.04287791 0.0234905  0.02758854 0.05728409 0.07448933 0.02758854
 0.03306017 0.05976295 0.02758854 0.02899722 0.01451348]
[0.03265367 0.02664439 0.04396665 0.06269085 0.03718259 0.06908545
 0.04329414 0.05727574 0.07829518 0.01779593 0.02718101 0.09254968
 0.03530302 0.02386352 0.02718101 0.0694067  0.06669659 0.02718101
 0.0375248  0.05566873 0.02718101 0.02503557 0.01634271]
[0.0414522  0.02900158 0.0441656  0.04902053 0.03156473 0.06568028
 0.04669606 0.04766195 0.04797808 0.02281141 0.03461174 0.07747262
 0.04451729 0.03083579 0.03461174 0.06742994 0.07320226 0.03461174
 0.03543207 0.04634462 0.03461174 0.0397663  0.02051971]
[0.02979477 0.02286107 0.04665222 0.07149778 0.02828301 0.06982315
 0.04402374 0.06081394 0.08015446 0.01493073 0.02597461 0.09333778
 0.04901341 0.01729877 0.02597461 0.07669366 0.06445789 0.02597461
 0.03229311 0.05863442 0.02597462 0.02460693 0.01093068]
[0.02823471 0.02473711 0.05101782 0.05174489 0.02837386 0.0749039
 0.04932664 0.06865923 0.06151868 0.0199138  0.0251075  0.09068854
 0.05119228 0.02745401 0.0251075  0.06473766 0.06629357 0.0251075
 0.03097288 0.06791031 0.0251075  0.02692702 0.0149632 ]]