65187
Test: public void testSimplePOJOType() throws Exception { JavaType elem = SimpleType.construct(Point.class); Point p = MAPPER.readValue(aposToQuotes("{'x':1,'y':2}"), elem); }
Code: public static CollectionType construct(Class<?> rawType, JavaType elemT) { return new CollectionType(rawType, null, _bogusSuperClass(rawType), null, elemT, null, null, false); }
tensor([[0.0354, 0.0789, 0.0709, 0.0791, 0.0232, 0.0636, 0.0282, 0.0318, 0.0371,
         0.0189, 0.0705, 0.0811, 0.0414, 0.0811, 0.0415, 0.0811, 0.0811, 0.0434,
         0.0117],
        [0.0391, 0.0813, 0.0764, 0.0756, 0.0267, 0.0599, 0.0322, 0.0425, 0.0352,
         0.0159, 0.0591, 0.0790, 0.0412, 0.0790, 0.0371, 0.0790, 0.0790, 0.0485,
         0.0133],
        [0.0324, 0.0910, 0.0721, 0.0958, 0.0164, 0.0627, 0.0320, 0.0327, 0.0382,
         0.0135, 0.0619, 0.0789, 0.0434, 0.0789, 0.0381, 0.0789, 0.0789, 0.0433,
         0.0108],
        [0.0308, 0.0734, 0.0645, 0.1065, 0.0174, 0.0536, 0.0280, 0.0386, 0.0408,
         0.0159, 0.0737, 0.0815, 0.0382, 0.0815, 0.0381, 0.0815, 0.0815, 0.0455,
         0.0093],
        [0.0283, 0.0762, 0.0618, 0.1122, 0.0129, 0.0718, 0.0322, 0.0311, 0.0395,
         0.0142, 0.0621, 0.0783, 0.0434, 0.0783, 0.0461, 0.0783, 0.0783, 0.0465,
         0.0086],
        [0.0353, 0.0725, 0.0675, 0.0937, 0.0215, 0.0654, 0.0309, 0.0360, 0.0343,
         0.0158, 0.0723, 0.0777, 0.0515, 0.0777, 0.0389, 0.0777, 0.0777, 0.0433,
         0.0105],
        [0.0253, 0.0714, 0.0627, 0.1033, 0.0162, 0.0652, 0.0277, 0.0302, 0.0311,
         0.0120, 0.0664, 0.0874, 0.0495, 0.0874, 0.0317, 0.0874, 0.0874, 0.0476,
         0.0101],
        [0.0353, 0.0730, 0.0628, 0.0718, 0.0292, 0.0619, 0.0292, 0.0432, 0.0424,
         0.0217, 0.0762, 0.0759, 0.0435, 0.0759, 0.0384, 0.0759, 0.0759, 0.0502,
         0.0174],
        [0.0229, 0.0822, 0.0732, 0.0727, 0.0159, 0.0677, 0.0255, 0.0294, 0.0360,
         0.0145, 0.0830, 0.0852, 0.0485, 0.0852, 0.0405, 0.0852, 0.0852, 0.0382,
         0.0088],
        [0.0306, 0.0837, 0.0599, 0.0721, 0.0235, 0.0753, 0.0307, 0.0397, 0.0426,
         0.0217, 0.0728, 0.0769, 0.0484, 0.0769, 0.0350, 0.0769, 0.0769, 0.0438,
         0.0126],
        [0.0265, 0.0815, 0.0607, 0.0901, 0.0183, 0.0637, 0.0285, 0.0322, 0.0315,
         0.0160, 0.0785, 0.0855, 0.0421, 0.0855, 0.0339, 0.0855, 0.0855, 0.0444,
         0.0100],
        [0.0327, 0.0712, 0.0620, 0.0673, 0.0131, 0.0572, 0.0374, 0.0372, 0.0361,
         0.0149, 0.0668, 0.0913, 0.0400, 0.0913, 0.0397, 0.0913, 0.0913, 0.0489,
         0.0102],
        [0.0233, 0.0875, 0.0650, 0.1077, 0.0141, 0.0750, 0.0259, 0.0368, 0.0423,
         0.0148, 0.0724, 0.0749, 0.0512, 0.0749, 0.0340, 0.0749, 0.0749, 0.0432,
         0.0071],
        [0.0327, 0.0712, 0.0620, 0.0673, 0.0131, 0.0572, 0.0374, 0.0372, 0.0361,
         0.0149, 0.0668, 0.0913, 0.0400, 0.0913, 0.0397, 0.0913, 0.0913, 0.0489,
         0.0102],
        [0.0306, 0.0705, 0.0607, 0.0839, 0.0229, 0.0557, 0.0331, 0.0405, 0.0348,
         0.0206, 0.0768, 0.0807, 0.0445, 0.0807, 0.0415, 0.0807, 0.0807, 0.0469,
         0.0141],
        [0.0327, 0.0712, 0.0620, 0.0673, 0.0131, 0.0572, 0.0374, 0.0372, 0.0361,
         0.0149, 0.0668, 0.0913, 0.0400, 0.0913, 0.0397, 0.0913, 0.0913, 0.0489,
         0.0102],
        [0.0327, 0.0712, 0.0620, 0.0673, 0.0131, 0.0572, 0.0374, 0.0372, 0.0361,
         0.0149, 0.0668, 0.0913, 0.0400, 0.0913, 0.0397, 0.0913, 0.0913, 0.0489,
         0.0102],
        [0.0397, 0.0690, 0.0700, 0.0635, 0.0212, 0.0550, 0.0290, 0.0364, 0.0381,
         0.0149, 0.0652, 0.0911, 0.0409, 0.0911, 0.0346, 0.0911, 0.0911, 0.0473,
         0.0109],
        [0.0291, 0.0832, 0.0597, 0.1109, 0.0182, 0.0630, 0.0394, 0.0409, 0.0537,
         0.0161, 0.0669, 0.0722, 0.0391, 0.0722, 0.0358, 0.0722, 0.0722, 0.0447,
         0.0104]])