99166
Test: public void shouldNotThrowNPEWhenIntegerPassedToEq() { mock.intArgumentMethod(100); verify(mock).intArgumentMethod(eq(new Integer(100))); }
Code: public static <T> T eq(T value) { return (T) reportMatcher(new Equals(value)).<T>returnFor((Class) value.getClass()); }
[[0.05947245 0.15427493 0.1334022  0.04001935 0.08625709 0.07826912
 0.06585051 0.0637907  0.06755842 0.07067247 0.05281846 0.10521752
 0.02239683]
[0.06173947 0.14242809 0.15001115 0.03430215 0.09459836 0.06431744
 0.08350954 0.05669132 0.07689886 0.06088396 0.04809455 0.10219219
 0.02433293]
[0.05655324 0.12927786 0.1487099  0.0256703  0.07860403 0.07399312
 0.08586795 0.06277673 0.06618945 0.05853054 0.04747496 0.14622091
 0.02013107]
[0.05335661 0.13464145 0.14185193 0.03081126 0.09881423 0.07136418
 0.07107019 0.06109732 0.06769508 0.07258661 0.0617447  0.11333187
 0.02163457]
[0.06409545 0.12797937 0.13998388 0.0327358  0.08798891 0.07693228
 0.08631389 0.06629524 0.07854451 0.06332612 0.0511627  0.1001606
 0.02448133]
[0.05526127 0.16399798 0.13592187 0.02683868 0.08856568 0.07445572
 0.07416464 0.06255345 0.06653323 0.07103445 0.05635598 0.10444228
 0.01987482]
[0.06058869 0.13093117 0.11747561 0.03347294 0.08422403 0.0729472
 0.08182451 0.07176664 0.08258502 0.07864711 0.04744422 0.10675479
 0.03133812]
[0.03990806 0.15853141 0.14988504 0.02343378 0.08158483 0.07846224
 0.06106535 0.06085002 0.05820337 0.08684448 0.0547564  0.1288796
 0.01759535]
[0.05822978 0.15232493 0.14599863 0.02949728 0.07190519 0.09997983
 0.07295004 0.05807557 0.05820998 0.07392205 0.05059645 0.1057886
 0.02252168]
[0.04245314 0.16573861 0.15371768 0.02073812 0.06994373 0.07344311
 0.07306033 0.05484778 0.06615997 0.08671127 0.05329189 0.1258128
 0.01408156]
[0.06383064 0.13414188 0.13683319 0.03232448 0.09135848 0.08213163
 0.07119624 0.0733164  0.06395698 0.07050058 0.04849395 0.11412498
 0.01779053]
[0.04932315 0.1278162  0.12975816 0.02976978 0.09169953 0.08829608
 0.09568182 0.07117993 0.06197608 0.07837457 0.05617054 0.10013517
 0.01981896]
[0.04449038 0.14711604 0.1677445  0.02942807 0.07153834 0.05716328
 0.07956701 0.08711743 0.0732396  0.06435541 0.05572307 0.10371857
 0.01879831]]