18104
Test: public void testRecordTypeGreatestSubType5() { RecordTypeBuilder builder = new RecordTypeBuilder(registry); builder.addProperty("a", STRING_TYPE, null); JSType recordType = builder.build(); U2U_CONSTRUCTOR_TYPE.defineDeclaredProperty("a", STRING_TYPE, null); }
Code: public final boolean defineDeclaredProperty(String propertyName,JSType type, Node propertyNode){boolean result = defineProperty(propertyName, type, false,propertyNode);;return result;}
tensor([[0.0542, 0.0441, 0.1304, 0.0759, 0.1083, 0.0548, 0.1061, 0.0497, 0.0427,
         0.0344, 0.0877, 0.0548, 0.0962, 0.0608],
        [0.0506, 0.0335, 0.1546, 0.0653, 0.1361, 0.0569, 0.1049, 0.0359, 0.0422,
         0.0393, 0.0837, 0.0569, 0.0962, 0.0439],
        [0.0378, 0.0352, 0.2034, 0.0617, 0.1439, 0.0440, 0.1159, 0.0297, 0.0388,
         0.0295, 0.0895, 0.0440, 0.0899, 0.0369],
        [0.0475, 0.0400, 0.1494, 0.0783, 0.1498, 0.0537, 0.0952, 0.0403, 0.0381,
         0.0345, 0.0755, 0.0537, 0.0824, 0.0614],
        [0.0452, 0.0369, 0.1667, 0.0642, 0.1651, 0.0492, 0.1014, 0.0319, 0.0344,
         0.0308, 0.1045, 0.0492, 0.0737, 0.0468],
        [0.0374, 0.0323, 0.1733, 0.0681, 0.1200, 0.0586, 0.1166, 0.0303, 0.0392,
         0.0288, 0.0963, 0.0586, 0.0916, 0.0489],
        [0.0376, 0.0297, 0.1730, 0.0671, 0.1310, 0.0540, 0.1133, 0.0397, 0.0442,
         0.0355, 0.0687, 0.0540, 0.1023, 0.0499],
        [0.0331, 0.0329, 0.1699, 0.0711, 0.1469, 0.0567, 0.1229, 0.0276, 0.0438,
         0.0285, 0.0899, 0.0567, 0.0775, 0.0426],
        [0.0556, 0.0398, 0.1619, 0.0610, 0.1441, 0.0485, 0.1088, 0.0318, 0.0442,
         0.0293, 0.0763, 0.0485, 0.0835, 0.0667],
        [0.0601, 0.0507, 0.1196, 0.0675, 0.1287, 0.0681, 0.0947, 0.0492, 0.0368,
         0.0508, 0.0743, 0.0681, 0.0685, 0.0628],
        [0.0453, 0.0498, 0.1663, 0.0806, 0.1322, 0.0557, 0.1038, 0.0356, 0.0360,
         0.0317, 0.0729, 0.0557, 0.0758, 0.0586],
        [0.0374, 0.0323, 0.1733, 0.0681, 0.1200, 0.0586, 0.1166, 0.0303, 0.0392,
         0.0288, 0.0963, 0.0586, 0.0916, 0.0489],
        [0.0370, 0.0395, 0.1751, 0.0692, 0.1669, 0.0507, 0.0895, 0.0291, 0.0369,
         0.0256, 0.1151, 0.0507, 0.0662, 0.0484],
        [0.0439, 0.0406, 0.1499, 0.0835, 0.1420, 0.0524, 0.0819, 0.0374, 0.0435,
         0.0335, 0.0924, 0.0524, 0.1076, 0.0390]])