62763
Test: public void testJsonValue() throws IOException { StringWriter stringWriter = new StringWriter(); JsonWriter jsonWriter = new JsonWriter(stringWriter); jsonWriter.beginObject(); jsonWriter.name("a"); jsonWriter.jsonValue("{\"b\":true}"); jsonWriter.name("c"); jsonWriter.value(1); jsonWriter.endObject(); }
Code: public JsonWriter jsonValue(String value) throws IOException { if (value == null) { return nullValue(); } writeDeferredName(); beforeValue(false); out.append(value); return this; }
[[0.04242735 0.05025154 0.06495069 0.05115684 0.10134652 0.0216436
 0.0554429  0.11424594 0.04317148 0.06724339 0.02292737 0.0554429
 0.0465535  0.0309817  0.01782999 0.03140324 0.02701792 0.05513152
 0.0465535  0.03644815 0.01782998]
[0.03705705 0.06170508 0.05599312 0.05939019 0.09180802 0.02433893
 0.0591557  0.13096464 0.04470941 0.0640738  0.02202851 0.0591557
 0.04052217 0.02777798 0.0213397  0.03632013 0.02486922 0.04510457
 0.04052218 0.03182423 0.02133969]
[0.03683344 0.04341044 0.07046301 0.06014693 0.09701382 0.02100142
 0.06215274 0.1210724  0.0498566  0.05840696 0.02116517 0.06215274
 0.04759132 0.02608955 0.0162128  0.04293929 0.02210716 0.05115078
 0.04759132 0.02642932 0.01621279]
[0.03967607 0.05564563 0.07303668 0.05015691 0.12748754 0.02063571
 0.06002352 0.11413664 0.04853875 0.05965369 0.01880619 0.06002352
 0.04641954 0.02454893 0.01534618 0.03123114 0.02167516 0.04135368
 0.04641954 0.02983882 0.01534618]
[0.02956523 0.06390198 0.04201379 0.06361374 0.15158024 0.01740426
 0.06402867 0.13193694 0.04351241 0.04745912 0.01829483 0.06402867
 0.04697402 0.02481719 0.01298156 0.02458072 0.01870965 0.04827959
 0.04697403 0.02636181 0.01298156]
[0.03398223 0.07406795 0.06673832 0.04798913 0.13235538 0.01788243
 0.05503276 0.13733135 0.0378606  0.0669882  0.01485983 0.05503276
 0.04783124 0.02441578 0.01213733 0.02710987 0.01916848 0.0384789
 0.04783124 0.03076895 0.01213733]
[0.04379543 0.05364318 0.06159765 0.04953251 0.07848721 0.02860676
 0.06555273 0.07606806 0.05163092 0.04798191 0.02927694 0.06555273
 0.05103788 0.03245068 0.02388916 0.04337724 0.03893475 0.04764526
 0.05103789 0.03601195 0.02388916]
[0.0290756  0.06860459 0.06639419 0.04304972 0.17257026 0.01670952
 0.05441831 0.16143379 0.05173144 0.06204798 0.01124074 0.05441831
 0.03787787 0.01965117 0.00860304 0.01974897 0.01307739 0.04131097
 0.03787787 0.02155531 0.00860304]
[0.03764257 0.05321777 0.06616773 0.05018692 0.09583649 0.02474413
 0.05880035 0.11861494 0.05679365 0.06507657 0.02140222 0.05880035
 0.04707716 0.02987386 0.01593035 0.03250968 0.01880723 0.05348667
 0.04707715 0.03202391 0.01593035]
[0.02584123 0.06388184 0.06453858 0.05589262 0.12361113 0.01800437
 0.05839924 0.14329171 0.05750202 0.06549803 0.01692637 0.05839924
 0.04197951 0.02509659 0.01235066 0.02589986 0.01727249 0.0445186
 0.04197951 0.02676567 0.01235066]
[0.03287338 0.05592817 0.05868861 0.05089879 0.11800633 0.02100238
 0.0657699  0.15150133 0.05206455 0.06376141 0.02131202 0.0657699
 0.03964583 0.02390855 0.01064721 0.03402824 0.01797781 0.03810036
 0.03964583 0.02782218 0.01064721]
[0.04379543 0.05364318 0.06159765 0.04953251 0.07848721 0.02860676
 0.06555273 0.07606806 0.05163092 0.04798191 0.02927694 0.06555273
 0.05103788 0.03245068 0.02388916 0.04337724 0.03893475 0.04764526
 0.05103789 0.03601195 0.02388916]
[0.03143717 0.05439048 0.04946316 0.05254085 0.12227671 0.02329296
 0.05808639 0.13183448 0.05160851 0.06290354 0.01882323 0.05808639
 0.0462209  0.02388751 0.01608974 0.03270854 0.0213308  0.0547189
 0.0462209  0.02798918 0.01608974]
[0.0393149  0.05729045 0.05282884 0.05071746 0.1261939  0.02243959
 0.0556878  0.10832381 0.04641687 0.05615828 0.02152688 0.0556878
 0.0545903  0.02913397 0.01490372 0.03638982 0.02063504 0.0462744
 0.0545903  0.03599218 0.01490372]
[0.02948008 0.0579038  0.06798974 0.03627638 0.12494031 0.02161838
 0.06538016 0.11149287 0.06114018 0.05020429 0.01882227 0.06538016
 0.06138441 0.02764549 0.01456987 0.03134722 0.01552186 0.03651874
 0.0613844  0.02642954 0.01456987]
[0.0404869  0.05557305 0.06959476 0.0531627  0.10795107 0.02277076
 0.06297612 0.10025148 0.04776058 0.04945987 0.02081045 0.06297612
 0.05006269 0.02570067 0.0177429  0.04302295 0.02537614 0.04824769
 0.05006269 0.02826751 0.0177429 ]
[0.04017686 0.06498052 0.06645751 0.0510143  0.109474   0.02112156
 0.0674362  0.12524213 0.04956449 0.05531704 0.01676269 0.0674362
 0.04769979 0.02419388 0.01592973 0.03112054 0.01797973 0.03417968
 0.04769979 0.03028359 0.01592973]
[0.03977746 0.05229057 0.05999033 0.0509068  0.0969145  0.02978779
 0.05962386 0.10726659 0.05734875 0.05152135 0.0244374  0.05962386
 0.04911497 0.0317171  0.02011988 0.03547552 0.0239228  0.04516392
 0.04911497 0.03576173 0.02011988]
[0.03143717 0.05439048 0.04946316 0.05254085 0.12227671 0.02329296
 0.05808639 0.13183448 0.05160851 0.06290354 0.01882323 0.05808639
 0.0462209  0.02388751 0.01608974 0.03270854 0.0213308  0.0547189
 0.0462209  0.02798918 0.01608974]
[0.0440734  0.05741391 0.06158884 0.04937477 0.10363704 0.02386316
 0.06628363 0.10675671 0.04480026 0.05723053 0.02276171 0.06628363
 0.05360655 0.02546697 0.0182879  0.04240092 0.0212035  0.03598765
 0.05360655 0.02708437 0.01828789]
[0.02948008 0.0579038  0.06798974 0.03627637 0.1249403  0.02161838
 0.06538016 0.11149285 0.06114017 0.05020429 0.01882227 0.06538016
 0.0613844  0.02764549 0.01456987 0.03134722 0.01552186 0.03651874
 0.0613844  0.02642954 0.01456987]]