16309
Test: public void testAutomaticUsage() throws Exception { HelpFormatter hf = new HelpFormatter(); Options options = null; String expected = "usage: app [-a]"; ByteArrayOutputStream out = new ByteArrayOutputStream(); PrintWriter pw = new PrintWriter(out); options = new Options().addOption("a", false, "aaaa aaaa aaaa aaaa aaaa"); hf.printUsage(pw, 60, "app", options); pw.flush(); out.reset(); expected = "usage: app [-a] [-b]"; options = new Options().addOption("a", false, "aaaa aaaa aaaa aaaa aaaa") .addOption("b", false, "bbb"); hf.printUsage(pw, 60, "app", options); pw.flush(); out.reset(); }
Code: private static void reset(){description = null;argName = "arg";longopt = null;;required = true;numberOfArgs = Option.UNINITIALIZED;;valuesep = (char) 0;}
tensor([[0.0675, 0.1027, 0.0361, 0.1205, 0.0286, 0.0912, 0.0286, 0.0465, 0.0286,
         0.0317, 0.0286, 0.0758, 0.0286, 0.1016, 0.0286, 0.0454, 0.1096],
        [0.0505, 0.1280, 0.0317, 0.1161, 0.0320, 0.0679, 0.0320, 0.0638, 0.0320,
         0.0362, 0.0320, 0.0674, 0.0320, 0.0938, 0.0320, 0.0443, 0.1081],
        [0.0463, 0.1150, 0.0302, 0.1205, 0.0286, 0.0750, 0.0286, 0.0595, 0.0286,
         0.0411, 0.0286, 0.0866, 0.0286, 0.1067, 0.0286, 0.0497, 0.0981],
        [0.0475, 0.1261, 0.0228, 0.1477, 0.0290, 0.0823, 0.0290, 0.0579, 0.0290,
         0.0294, 0.0290, 0.0748, 0.0290, 0.1029, 0.0290, 0.0330, 0.1015],
        [0.0626, 0.1170, 0.0420, 0.0758, 0.0422, 0.0725, 0.0422, 0.0676, 0.0422,
         0.0464, 0.0422, 0.0594, 0.0422, 0.0693, 0.0422, 0.0519, 0.0822],
        [0.0566, 0.1150, 0.0368, 0.1234, 0.0306, 0.0720, 0.0306, 0.0625, 0.0306,
         0.0380, 0.0306, 0.0816, 0.0306, 0.0961, 0.0306, 0.0453, 0.0891],
        [0.0626, 0.1170, 0.0420, 0.0758, 0.0422, 0.0725, 0.0422, 0.0676, 0.0422,
         0.0464, 0.0422, 0.0594, 0.0422, 0.0693, 0.0422, 0.0519, 0.0822],
        [0.0496, 0.1160, 0.0304, 0.1341, 0.0280, 0.0826, 0.0280, 0.0557, 0.0280,
         0.0356, 0.0280, 0.0771, 0.0280, 0.1087, 0.0280, 0.0448, 0.0971],
        [0.0626, 0.1170, 0.0420, 0.0758, 0.0422, 0.0725, 0.0422, 0.0676, 0.0422,
         0.0464, 0.0422, 0.0594, 0.0422, 0.0693, 0.0422, 0.0519, 0.0822],
        [0.0536, 0.1157, 0.0285, 0.1160, 0.0294, 0.0723, 0.0294, 0.0558, 0.0294,
         0.0446, 0.0294, 0.0668, 0.0294, 0.1141, 0.0294, 0.0496, 0.1066],
        [0.0626, 0.1170, 0.0420, 0.0758, 0.0422, 0.0725, 0.0422, 0.0676, 0.0422,
         0.0464, 0.0422, 0.0594, 0.0422, 0.0693, 0.0422, 0.0519, 0.0822],
        [0.0436, 0.1133, 0.0277, 0.1096, 0.0268, 0.1028, 0.0268, 0.0644, 0.0268,
         0.0393, 0.0268, 0.0810, 0.0268, 0.1177, 0.0268, 0.0425, 0.0975],
        [0.0626, 0.1170, 0.0420, 0.0758, 0.0422, 0.0725, 0.0422, 0.0676, 0.0422,
         0.0464, 0.0422, 0.0594, 0.0422, 0.0693, 0.0422, 0.0519, 0.0822],
        [0.0646, 0.1456, 0.0299, 0.1363, 0.0228, 0.0640, 0.0228, 0.0735, 0.0228,
         0.0351, 0.0228, 0.0714, 0.0228, 0.1108, 0.0228, 0.0405, 0.0913],
        [0.0626, 0.1170, 0.0420, 0.0758, 0.0422, 0.0725, 0.0422, 0.0676, 0.0422,
         0.0464, 0.0422, 0.0594, 0.0422, 0.0693, 0.0422, 0.0519, 0.0822],
        [0.0506, 0.1261, 0.0266, 0.1311, 0.0272, 0.0646, 0.0272, 0.0751, 0.0272,
         0.0326, 0.0272, 0.0949, 0.0272, 0.0990, 0.0272, 0.0457, 0.0906],
        [0.0599, 0.1000, 0.0326, 0.1033, 0.0283, 0.0924, 0.0283, 0.0637, 0.0283,
         0.0380, 0.0283, 0.0904, 0.0283, 0.1025, 0.0283, 0.0515, 0.0957]])