67635
Test: public void test06() throws Throwable { if (debug) System.out.format("%n%s%n", "RegressionTest0.test06"); java.util.TimeZone timeZone0 = com.fasterxml.jackson.databind.util.StdDateFormat.DEFAULT_TIMEZONE; java.util.Locale locale1 = null; com.fasterxml.jackson.databind.util.StdDateFormat stdDateFormat3 = new com.fasterxml.jackson.databind.util.StdDateFormat(timeZone0, locale1, (java.lang.Boolean) true); java.lang.StringBuffer stringBuffer4 = null; try { stdDateFormat3._formatBCEYear(stringBuffer4, 0); } catch (java.lang.NullPointerException e) { } }
Code: protected void _formatBCEYear(StringBuffer buffer, int bceYearNoSign) { if (bceYearNoSign <= 1) { ; return; } final int isoYear = bceYearNoSign / 0; buffer.append('-'); pad4(buffer, isoYear); }
[[0.03900868 0.01952227 0.03319183 0.10206956 0.01280703 0.04221456
 0.04757555 0.07168543 0.00827828 0.14012438 0.0257656  0.04757555
 0.01174225 0.02480708 0.00942171 0.02027013 0.01280703 0.04542404
 0.0178613  0.0347396  0.02346912 0.0417685  0.02271519 0.06073655
 0.07499713 0.00942171]
[0.04473109 0.01830315 0.02611743 0.0784758  0.01008103 0.04447047
 0.03948399 0.06624687 0.00675054 0.14907996 0.01983122 0.03948399
 0.01060179 0.02247978 0.01180211 0.01829823 0.01008103 0.0697041
 0.01689521 0.03338933 0.01743141 0.03204614 0.01845188 0.09452968
 0.08943166 0.0118021 ]
[0.04431003 0.01799763 0.03263935 0.08299561 0.01137874 0.06338385
 0.0454194  0.09059978 0.00935665 0.12883495 0.02661936 0.0454194
 0.01034037 0.02722921 0.00896841 0.02011513 0.01137874 0.04827318
 0.01419024 0.04270912 0.02239964 0.04692298 0.03030907 0.05300208
 0.05623872 0.00896841]
[0.04052888 0.02097704 0.0319256  0.09109107 0.01278472 0.05106714
 0.05303894 0.07108111 0.01048927 0.09819749 0.02757602 0.05303894
 0.01263733 0.02386465 0.0143831  0.02110948 0.01278472 0.05418137
 0.01655001 0.04602076 0.02500791 0.03287148 0.02659716 0.05920292
 0.07860979 0.0143831 ]
[0.04339291 0.01574985 0.02977106 0.07420442 0.01244723 0.04805088
 0.04152413 0.10188349 0.00978176 0.11429273 0.02483321 0.04152413
 0.01444845 0.02956936 0.00879784 0.02443763 0.01244723 0.05319698
 0.01486668 0.04070047 0.02521301 0.03698049 0.01921548 0.08288696
 0.07098577 0.00879784]
[0.03762159 0.01845769 0.03563856 0.09127625 0.01320473 0.04916862
 0.03929428 0.08708118 0.01060948 0.12287238 0.02418887 0.03929428
 0.01089434 0.02602983 0.01235821 0.02137138 0.01320473 0.05683832
 0.01690966 0.03706928 0.0242633  0.04531597 0.02506041 0.05958271
 0.0700358  0.01235821]
[0.06131829 0.02683094 0.03950029 0.0693576  0.01463441 0.05345897
 0.04995981 0.05276616 0.01433379 0.08386329 0.03804503 0.04995981
 0.01719481 0.03168446 0.01751591 0.03015332 0.01463441 0.05199557
 0.02557362 0.03951868 0.02559453 0.04017477 0.03177306 0.05814539
 0.04449715 0.01751591]
[0.03314918 0.0123613  0.02775811 0.10085078 0.00711519 0.05448684
 0.03972901 0.08834973 0.00510711 0.17796612 0.02112737 0.03972901
 0.00683645 0.02410224 0.0057717  0.01336527 0.00711519 0.04699893
 0.01253125 0.03825518 0.02273314 0.03921832 0.01630264 0.06450476
 0.08876347 0.0057717 ]
[0.05295925 0.01714271 0.03057592 0.08269683 0.01155334 0.04297119
 0.05589908 0.06236663 0.00712677 0.11391129 0.02956817 0.05589908
 0.00983807 0.02148144 0.01235371 0.01705044 0.01155334 0.06396107
 0.01601859 0.03576411 0.01787769 0.04133278 0.01963137 0.07411086
 0.0840026  0.01235371]
[0.04218953 0.01672409 0.02936434 0.08211471 0.01045179 0.05478383
 0.05291923 0.06300844 0.00817898 0.12650509 0.02395161 0.05291923
 0.01112669 0.02358625 0.01387818 0.0205531  0.01045179 0.06774802
 0.01539135 0.03741006 0.02420411 0.03711628 0.02848425 0.05595473
 0.07710619 0.01387817]
[0.05247177 0.01766001 0.02853458 0.08796539 0.0108632  0.0479496
 0.05920245 0.07155775 0.00768774 0.12360571 0.02662079 0.05920245
 0.00920506 0.01823256 0.00800607 0.01683485 0.0108632  0.05545197
 0.01153243 0.04172684 0.01907362 0.04031809 0.02657779 0.07221517
 0.06863472 0.00800607]
[0.06131829 0.02683094 0.03950029 0.0693576  0.01463441 0.05345897
 0.04995981 0.05276616 0.01433379 0.08386329 0.03804503 0.04995981
 0.01719481 0.03168446 0.01751591 0.03015332 0.01463441 0.05199557
 0.02557362 0.03951868 0.02559453 0.04017477 0.03177306 0.05814539
 0.04449715 0.01751591]
[0.03806186 0.01393251 0.0303978  0.07911792 0.01116229 0.05097064
 0.05881568 0.08079349 0.00676986 0.12382624 0.02411542 0.05881568
 0.01163918 0.02080322 0.00711992 0.01862937 0.01116229 0.05058715
 0.01603059 0.03632735 0.0224101  0.03445468 0.02485841 0.07604424
 0.08603425 0.00711992]
[0.0422244  0.014884   0.02997505 0.09501191 0.01059619 0.05840501
 0.04438515 0.0852903  0.00958566 0.14266577 0.02199462 0.04438515
 0.01191288 0.02691148 0.00994487 0.01692112 0.01059619 0.04777773
 0.01641536 0.04051343 0.02223781 0.03886963 0.02757742 0.06093592
 0.06003803 0.00994487]
[0.04443467 0.0187484  0.03116918 0.06408519 0.01526763 0.04908476
 0.05216083 0.07795194 0.00892319 0.1099941  0.02533239 0.05216083
 0.01564012 0.02288616 0.01121057 0.01826376 0.01526763 0.05104867
 0.01828169 0.03384867 0.02127203 0.04364628 0.02336545 0.09073315
 0.0740122  0.01121057]
[0.03306203 0.02007747 0.03300471 0.08860082 0.01155077 0.04578079
 0.04710468 0.08802548 0.00775403 0.11558342 0.02222775 0.04710468
 0.01434532 0.02303296 0.00918667 0.01799971 0.01155077 0.06205242
 0.02060284 0.03873222 0.02405736 0.03319795 0.02269017 0.06911522
 0.08437303 0.00918667]
[0.04339291 0.01574985 0.02977106 0.07420442 0.01244723 0.04805088
 0.04152413 0.10188349 0.00978176 0.11429273 0.02483321 0.04152413
 0.01444845 0.02956936 0.00879784 0.02443763 0.01244723 0.05319698
 0.01486668 0.04070047 0.02521301 0.03698049 0.01921548 0.08288696
 0.07098577 0.00879784]
[0.0391029  0.02312637 0.03518299 0.08098771 0.01390931 0.04971864
 0.03896607 0.07382734 0.00981683 0.11731759 0.03040067 0.03896607
 0.01685517 0.03101424 0.01199849 0.02397587 0.01390931 0.05793667
 0.01792773 0.04428044 0.0236196  0.03450825 0.03184818 0.06606807
 0.06273695 0.01199849]
[0.05308019 0.02761225 0.03492441 0.06309079 0.02038254 0.05904273
 0.03844957 0.07484354 0.01956795 0.06543413 0.03378087 0.03844957
 0.02113633 0.03659629 0.01662882 0.02846964 0.02038254 0.05426884
 0.02809597 0.04736423 0.02612407 0.05184565 0.03482953 0.05039386
 0.03857686 0.01662882]
[0.04635999 0.02168357 0.03052329 0.07500368 0.01480984 0.0563209
 0.04691255 0.0794643  0.01015962 0.10762881 0.03080903 0.04691255
 0.01341452 0.02385234 0.01152837 0.02169394 0.01480984 0.04249071
 0.0184971  0.04250943 0.02700974 0.05222216 0.02878354 0.06030104
 0.06477079 0.01152836]
[0.04102236 0.01865472 0.03117441 0.07283737 0.01424811 0.04800961
 0.04627806 0.09068508 0.00795944 0.11436119 0.02616522 0.04627806
 0.01418439 0.0265427  0.00780081 0.02024337 0.01424811 0.05993422
 0.01857165 0.04133134 0.02513525 0.03863856 0.02577016 0.06817762
 0.07394741 0.00780081]
[0.04012366 0.01981971 0.03717919 0.07393174 0.01489613 0.04699616
 0.0454155  0.08935669 0.01163575 0.10752104 0.03697975 0.0454155
 0.01317186 0.03161072 0.01222533 0.0241608  0.01489613 0.04955351
 0.01630094 0.04472791 0.02715122 0.04510809 0.02912849 0.05206565
 0.05840316 0.01222533]
[0.04482276 0.0138138  0.0303834  0.103018   0.01220591 0.04756986
 0.05260326 0.08471459 0.00883266 0.10832834 0.0269486  0.05260326
 0.01074465 0.02349311 0.00997944 0.01938417 0.01220591 0.04780165
 0.01678081 0.03836187 0.02051957 0.03872556 0.01903053 0.07941808
 0.06773084 0.00997944]
[0.03723623 0.02176935 0.03176212 0.07736515 0.01527233 0.05540211
 0.04691814 0.08361602 0.01049672 0.10467004 0.02018376 0.04691814
 0.01483086 0.02724026 0.01427786 0.02010852 0.01527233 0.05393597
 0.02197951 0.03795186 0.02335402 0.0335489  0.03352117 0.05614728
 0.08194343 0.01427786]
[0.04467259 0.01810271 0.02953103 0.07865832 0.01019731 0.05118243
 0.04953173 0.07579513 0.00873559 0.12448642 0.02857918 0.04953173
 0.01321617 0.02151643 0.00735596 0.01992917 0.01019731 0.05068015
 0.01875756 0.03737039 0.02262014 0.03452587 0.03028342 0.09452036
 0.06266692 0.00735596]
[0.04443466 0.0187484  0.03116918 0.06408519 0.01526763 0.04908477
 0.05216083 0.07795192 0.00892319 0.10999406 0.02533239 0.05216083
 0.01564012 0.02288615 0.01121057 0.01826376 0.01526763 0.05104866
 0.01828169 0.03384867 0.02127204 0.04364625 0.02336545 0.09073318
 0.0740122  0.01121057]]