68854
Test: @Test public void testClonesClassnames() { Document doc = Jsoup.parse("<div class='one two'></div>"); Element div = doc.select("div").first(); Set<String> classes = div.classNames(); Element copy = div.clone(); Set<String> copyClasses = copy.classNames(); copyClasses.add("three"); copyClasses.remove("one"); }
Code: public Element clone() { Element clone = (Element) super.clone(); clone.classNames(); return clone; }
tensor([[0.0565, 0.0256, 0.0628, 0.0847, 0.0256, 0.0552, 0.0361, 0.1218, 0.0770,
         0.2727, 0.0633, 0.0926, 0.0261],
        [0.0518, 0.0224, 0.0501, 0.0931, 0.0224, 0.0413, 0.0315, 0.1165, 0.0814,
         0.3304, 0.0623, 0.0759, 0.0207],
        [0.0451, 0.0173, 0.0542, 0.0918, 0.0173, 0.0509, 0.0307, 0.1390, 0.0895,
         0.2953, 0.0742, 0.0794, 0.0153],
        [0.0631, 0.0329, 0.0765, 0.1001, 0.0329, 0.0539, 0.0525, 0.1078, 0.0884,
         0.1952, 0.0728, 0.0883, 0.0355],
        [0.0518, 0.0224, 0.0501, 0.0931, 0.0224, 0.0413, 0.0315, 0.1165, 0.0814,
         0.3304, 0.0623, 0.0759, 0.0207],
        [0.0402, 0.0138, 0.0624, 0.0922, 0.0138, 0.0398, 0.0276, 0.1307, 0.0773,
         0.3413, 0.0534, 0.0902, 0.0173],
        [0.0677, 0.0411, 0.0655, 0.0781, 0.0411, 0.0650, 0.0566, 0.1209, 0.0884,
         0.1532, 0.0746, 0.1141, 0.0336],
        [0.0471, 0.0260, 0.0654, 0.0977, 0.0260, 0.0624, 0.0332, 0.1048, 0.0951,
         0.2760, 0.0598, 0.0845, 0.0218],
        [0.0480, 0.0171, 0.0533, 0.1042, 0.0171, 0.0532, 0.0390, 0.1319, 0.0803,
         0.2999, 0.0584, 0.0771, 0.0206],
        [0.0478, 0.0206, 0.0712, 0.0860, 0.0206, 0.0451, 0.0348, 0.1056, 0.1166,
         0.2941, 0.0551, 0.0808, 0.0216],
        [0.0398, 0.0176, 0.0619, 0.0818, 0.0176, 0.0543, 0.0392, 0.1424, 0.0751,
         0.3084, 0.0571, 0.0825, 0.0222],
        [0.0440, 0.0266, 0.0617, 0.0878, 0.0266, 0.0555, 0.0374, 0.1091, 0.1128,
         0.2858, 0.0564, 0.0772, 0.0191],
        [0.0449, 0.0248, 0.0774, 0.1079, 0.0248, 0.0371, 0.0398, 0.1439, 0.0880,
         0.1879, 0.0959, 0.1041, 0.0236]])