69430
Test: @Test public void testGetSiblings() { Document doc = Jsoup.parse("<div><p>Hello<p id=1>there<p>this<p>is<p>an<p id=last>element</div>"); Element p = doc.getElementById("1"); }
Code: public Element nextElementSibling(){List<Element> siblings = parent().children();Integer index = indexInList(this, siblings);;if (siblings.size() > index+-1)return siblings.get(index+0);elsereturn null;}
tensor([[0.0517, 0.0216, 0.0252, 0.0913, 0.0337, 0.0478, 0.0373, 0.0337, 0.0564,
         0.0518, 0.0882, 0.0799, 0.0561, 0.2799, 0.0454],
        [0.0548, 0.0205, 0.0187, 0.0722, 0.0334, 0.0447, 0.0312, 0.0334, 0.0473,
         0.0497, 0.0816, 0.0868, 0.0667, 0.3242, 0.0348],
        [0.0324, 0.0113, 0.0204, 0.0702, 0.0254, 0.0356, 0.0186, 0.0254, 0.0348,
         0.0398, 0.1650, 0.0624, 0.0442, 0.3828, 0.0318],
        [0.0413, 0.0210, 0.0369, 0.0816, 0.0393, 0.0365, 0.0300, 0.0393, 0.0471,
         0.0610, 0.1062, 0.0820, 0.0610, 0.2785, 0.0384],
        [0.0618, 0.0353, 0.0415, 0.0682, 0.0531, 0.0600, 0.0377, 0.0531, 0.0568,
         0.0564, 0.0921, 0.0816, 0.0598, 0.2002, 0.0425],
        [0.0441, 0.0136, 0.0211, 0.0710, 0.0282, 0.0338, 0.0249, 0.0282, 0.0578,
         0.0508, 0.1324, 0.0698, 0.0490, 0.3428, 0.0325],
        [0.0313, 0.0137, 0.0237, 0.0604, 0.0334, 0.0383, 0.0272, 0.0334, 0.0398,
         0.0456, 0.1389, 0.0652, 0.0458, 0.3705, 0.0328],
        [0.0618, 0.0353, 0.0415, 0.0682, 0.0531, 0.0600, 0.0377, 0.0531, 0.0568,
         0.0564, 0.0921, 0.0816, 0.0598, 0.2002, 0.0425],
        [0.0264, 0.0093, 0.0130, 0.0752, 0.0248, 0.0339, 0.0224, 0.0248, 0.0414,
         0.0357, 0.1479, 0.0637, 0.0427, 0.4102, 0.0285],
        [0.0476, 0.0157, 0.0216, 0.0723, 0.0290, 0.0340, 0.0285, 0.0290, 0.0546,
         0.0526, 0.1206, 0.1111, 0.0563, 0.2944, 0.0328],
        [0.0449, 0.0133, 0.0214, 0.0735, 0.0325, 0.0344, 0.0244, 0.0325, 0.0488,
         0.0639, 0.0956, 0.0701, 0.0552, 0.3571, 0.0326],
        [0.0563, 0.0181, 0.0240, 0.0960, 0.0310, 0.0474, 0.0271, 0.0310, 0.0456,
         0.0524, 0.1011, 0.0910, 0.0599, 0.2856, 0.0337],
        [0.0414, 0.0162, 0.0246, 0.0952, 0.0365, 0.0419, 0.0244, 0.0365, 0.0477,
         0.0520, 0.1161, 0.0703, 0.0525, 0.3112, 0.0337],
        [0.0540, 0.0221, 0.0255, 0.0622, 0.0353, 0.0532, 0.0384, 0.0353, 0.0542,
         0.0563, 0.1106, 0.0761, 0.0672, 0.2633, 0.0462],
        [0.0435, 0.0149, 0.0221, 0.0680, 0.0288, 0.0360, 0.0238, 0.0288, 0.0394,
         0.0528, 0.1380, 0.0818, 0.0417, 0.3468, 0.0335]])