63668
Test: public void testUtf8BOMHandling() throws Exception { ByteArrayOutputStream bytes = new ByteArrayOutputStream(); bytes.write(0xEF); bytes.write(0xBB); bytes.write(0xBF); bytes.write("[ 1 ]".getBytes("UTF-8")); JsonParser jp = JSON_FACTORY.createParser(bytes.toByteArray()); JsonLocation loc = jp.getTokenLocation(); jp.close(); }
Code: public JsonLocation getTokenLocation() { final Object src = _ioContext.getSourceReference(); return new JsonLocation(src, -1L, getTokenCharacterOffset(), getTokenLineNr(), getTokenColumnNr()); }
[[0.03796832 0.02847555 0.11867967 0.0554312  0.03110932 0.02940796
 0.21697356 0.0241972  0.04642146 0.04237904 0.01881775 0.03740235
 0.05566584 0.05916612 0.13129064 0.04938566 0.01722843]
[0.02998896 0.03494168 0.13771015 0.05370498 0.02917606 0.02452677
 0.20474678 0.02967161 0.03355328 0.04592279 0.0183743  0.0384539
 0.05844349 0.04540048 0.1559676  0.04653076 0.01288645]
[0.02474028 0.0303173  0.11731784 0.05180716 0.02077976 0.02230003
 0.29988456 0.0179622  0.03594066 0.04015283 0.01452436 0.0478925
 0.05724245 0.0483531  0.10884045 0.04749236 0.01445223]
[0.03848261 0.03546429 0.11022541 0.06244747 0.03780772 0.02291727
 0.16678704 0.03206305 0.03842638 0.04421309 0.02138786 0.04116241
 0.07014279 0.08205719 0.12246843 0.0520202  0.02192689]
[0.03339374 0.03279297 0.10439264 0.06242126 0.02291166 0.02364866
 0.26269287 0.02574182 0.03794719 0.04872255 0.01441519 0.03987781
 0.05765506 0.06325403 0.11526008 0.0428687  0.0120038 ]
[0.03187365 0.03486069 0.14749682 0.07280838 0.02327882 0.02187728
 0.2446315  0.02328582 0.03399488 0.03893647 0.01426554 0.03780117
 0.05659526 0.05302532 0.10474922 0.04732842 0.01319078]
[0.03544366 0.03485642 0.12998725 0.05424819 0.03202276 0.03115776
 0.20632376 0.0254009  0.0334273  0.04605298 0.01797359 0.03973725
 0.0678492  0.0520049  0.13042717 0.04945218 0.01363468]
[0.04941423 0.03370377 0.12468612 0.0532288  0.04153422 0.03185183
 0.12033154 0.04022693 0.05909269 0.05374866 0.023109   0.04601284
 0.07438938 0.06068014 0.1215909  0.04280291 0.02359601]
[0.0288403  0.03029603 0.10702989 0.05700356 0.02887838 0.02088482
 0.29631394 0.0198839  0.04066313 0.04823019 0.01658811 0.03759427
 0.0525168  0.04629865 0.11491708 0.03936467 0.01469623]
[0.02400601 0.03634671 0.11500086 0.05241372 0.02277858 0.02279302
 0.30400223 0.02380384 0.03530277 0.03391237 0.01401824 0.0373136
 0.05707306 0.05256139 0.1096433  0.04494463 0.01408578]
[0.03195014 0.03703242 0.14887597 0.06305887 0.02597659 0.02445549
 0.21320452 0.02512415 0.04333177 0.04509562 0.02017222 0.04582734
 0.06873287 0.0439158  0.0948815  0.05042306 0.01794161]
[0.02918532 0.03080784 0.11768292 0.08781435 0.03490108 0.02636798
 0.17776373 0.02708093 0.04100068 0.04932119 0.02146171 0.0375693
 0.06988207 0.05946945 0.11683521 0.05336149 0.01949473]
[0.0319684  0.02896391 0.12837267 0.05266318 0.03175409 0.03020303
 0.19283865 0.02438045 0.03847118 0.04198639 0.0207038  0.03974775
 0.0699313  0.05248917 0.14693883 0.05254877 0.01603842]
[0.03151763 0.03264509 0.11230119 0.05813258 0.02753681 0.02280791
 0.24889025 0.01672119 0.03042674 0.03734589 0.01314908 0.03304762
 0.06219009 0.05171634 0.16651604 0.04325728 0.01179828]
[0.03157781 0.0252009  0.15557505 0.05244518 0.02724364 0.02168841
 0.23934275 0.01890235 0.03601578 0.0359011  0.01225801 0.03558762
 0.06705765 0.06397492 0.12394554 0.04112692 0.01215633]
[0.03068698 0.03370796 0.13796607 0.06002292 0.02446594 0.03244483
 0.21737778 0.02506347 0.03946195 0.0519067  0.0147524  0.04420267
 0.04958777 0.05502851 0.1282628  0.04119471 0.01386651]
[0.02690655 0.03184545 0.14752364 0.06973387 0.02436402 0.02747324
 0.2000399  0.02439398 0.03826493 0.05893406 0.0150834  0.03668453
 0.06572527 0.05731707 0.11656102 0.04417092 0.01497814]]