17107
Test: public void testBuild() throws Exception { FunctionParamBuilder builder = new FunctionParamBuilder(registry); Node params = builder.build(); }
Code: public JSType build() { if (isEmpty) { return registry.getNativeObjectType(JSTypeNative.OBJECT_TYPE); } return new RecordType( registry, Collections.unmodifiableMap(properties)); }
tensor([[0.0366, 0.0876, 0.0163, 0.0538, 0.0991, 0.0509, 0.0538, 0.0409, 0.0764,
         0.0167, 0.0409, 0.0181, 0.0401, 0.0677, 0.2846, 0.0167],
        [0.0245, 0.1042, 0.0201, 0.0580, 0.0995, 0.0593, 0.0580, 0.0406, 0.0822,
         0.0132, 0.0406, 0.0189, 0.0320, 0.0565, 0.2792, 0.0132],
        [0.0290, 0.1064, 0.0208, 0.0490, 0.0904, 0.0561, 0.0490, 0.0393, 0.0797,
         0.0143, 0.0393, 0.0161, 0.0289, 0.0548, 0.3127, 0.0143],
        [0.0429, 0.0611, 0.0252, 0.0692, 0.0738, 0.0505, 0.0692, 0.0493, 0.0695,
         0.0244, 0.0493, 0.0239, 0.0469, 0.0705, 0.2499, 0.0244],
        [0.0172, 0.0990, 0.0110, 0.0470, 0.1010, 0.0411, 0.0470, 0.0233, 0.0613,
         0.0068, 0.0233, 0.0071, 0.0169, 0.0781, 0.4132, 0.0068],
        [0.0287, 0.0859, 0.0151, 0.0543, 0.1105, 0.0527, 0.0543, 0.0353, 0.0791,
         0.0174, 0.0353, 0.0172, 0.0333, 0.0817, 0.2818, 0.0174],
        [0.0429, 0.0611, 0.0252, 0.0692, 0.0738, 0.0505, 0.0692, 0.0493, 0.0695,
         0.0244, 0.0493, 0.0239, 0.0469, 0.0705, 0.2499, 0.0244],
        [0.0218, 0.0816, 0.0167, 0.0490, 0.0856, 0.0411, 0.0490, 0.0305, 0.0585,
         0.0131, 0.0305, 0.0126, 0.0290, 0.0696, 0.3983, 0.0131],
        [0.0247, 0.0996, 0.0180, 0.0708, 0.1034, 0.0524, 0.0708, 0.0452, 0.0623,
         0.0132, 0.0452, 0.0184, 0.0340, 0.0525, 0.2761, 0.0132],
        [0.0260, 0.0902, 0.0228, 0.0638, 0.0997, 0.0598, 0.0638, 0.0559, 0.0793,
         0.0139, 0.0559, 0.0146, 0.0398, 0.0575, 0.2430, 0.0139],
        [0.0218, 0.0816, 0.0167, 0.0490, 0.0856, 0.0411, 0.0490, 0.0305, 0.0585,
         0.0131, 0.0305, 0.0126, 0.0290, 0.0696, 0.3983, 0.0131],
        [0.0302, 0.0797, 0.0203, 0.0602, 0.0994, 0.0556, 0.0602, 0.0427, 0.0585,
         0.0171, 0.0427, 0.0190, 0.0345, 0.0453, 0.3175, 0.0171],
        [0.0285, 0.1029, 0.0179, 0.0567, 0.0838, 0.0492, 0.0567, 0.0375, 0.0787,
         0.0137, 0.0375, 0.0186, 0.0312, 0.0661, 0.3074, 0.0137],
        [0.0298, 0.0945, 0.0210, 0.0677, 0.0901, 0.0490, 0.0677, 0.0371, 0.0670,
         0.0192, 0.0371, 0.0200, 0.0314, 0.0627, 0.2864, 0.0192],
        [0.0277, 0.1198, 0.0185, 0.0431, 0.1093, 0.0523, 0.0431, 0.0359, 0.0705,
         0.0147, 0.0359, 0.0129, 0.0322, 0.0794, 0.2899, 0.0147],
        [0.0260, 0.0902, 0.0228, 0.0638, 0.0997, 0.0598, 0.0638, 0.0559, 0.0793,
         0.0139, 0.0559, 0.0146, 0.0398, 0.0575, 0.2430, 0.0139]])