66848
Test: public void testArrayNode() throws Exception { _verifyToStrings(MAPPER.readTree("[ 1, true, null, [ \"abc\",3], { } ]")); final ArrayNode n = MAPPER.createArrayNode().add(0.25).add(true); }
Code: public <T extends TreeNode> T readTree(JsonParser p) throws IOException { return (T) _bindAsTreeOrNull(p); }
[[0.06060532 0.05491708 0.04557588 0.11643253 0.03901394 0.06296152
 0.08013485 0.13793159 0.03331557 0.08854605 0.06765392 0.06326689
 0.12213019 0.02751467]
[0.04465902 0.06362393 0.04810483 0.13706213 0.02577353 0.06332167
 0.06174106 0.15585184 0.02334708 0.07979117 0.06403494 0.05342872
 0.16138016 0.01787996]
[0.0587967  0.04759649 0.04513874 0.11017558 0.03813451 0.06105218
 0.07329965 0.12684642 0.0325544  0.10600203 0.07567437 0.06232961
 0.132265   0.03013429]
[0.05081601 0.05948111 0.05059103 0.12219769 0.03078979 0.06426524
 0.06504346 0.15763947 0.03281517 0.10259347 0.06577039 0.05593557
 0.10954995 0.03251169]
[0.05156698 0.05491509 0.04497261 0.11943066 0.02974715 0.07231583
 0.07088088 0.16160437 0.04054657 0.08535603 0.06031572 0.05978597
 0.12517124 0.02339089]
[0.06573498 0.04501789 0.04492965 0.11571652 0.03762831 0.06575058
 0.0735614  0.12768063 0.03524578 0.07906131 0.07794996 0.0597645
 0.14598279 0.02597573]
[0.04566887 0.04926589 0.04940603 0.13444881 0.02283832 0.05432152
 0.06565715 0.18787299 0.03360053 0.09404706 0.07326598 0.05334062
 0.11165593 0.02461025]
[0.04163139 0.04742961 0.04123411 0.11563936 0.01994051 0.05676729
 0.0676959  0.2012218  0.02685926 0.10223224 0.06840314 0.05495956
 0.13611394 0.01987185]
[0.04802853 0.04673117 0.04927442 0.13652512 0.02887308 0.07074866
 0.06433173 0.18504849 0.02717016 0.08590809 0.06940014 0.05990959
 0.10979874 0.01825208]
[0.06393988 0.05680876 0.05405447 0.10065903 0.03428545 0.06703829
 0.07310735 0.11341399 0.04265011 0.1010256  0.0738183  0.08223769
 0.10105654 0.03590459]
[0.04234969 0.06266971 0.05921194 0.11484329 0.02361069 0.05756807
 0.07847719 0.15611166 0.03340558 0.08455382 0.0611833  0.05473108
 0.14820132 0.02308263]
[0.06140339 0.0529458  0.05258293 0.10934293 0.03175812 0.05824099
 0.0722743  0.1451071  0.03578885 0.09570261 0.06337566 0.05886691
 0.13583493 0.02677544]
[0.05557592 0.05291057 0.04680165 0.11316872 0.03124487 0.07246926
 0.06492656 0.12459204 0.03216223 0.08105397 0.08253913 0.06317259
 0.15474902 0.02463344]
[0.04033729 0.0552568  0.04863153 0.1227717  0.02853591 0.06944917
 0.05981197 0.1697945  0.03256461 0.10480867 0.08842871 0.06317149
 0.09393848 0.02249914]]