68234
Test: @Test public void testIsValidDocument() { String ok = "<html><head></head><body><p>Hello</p></body><html>"; String nok = "<html><head><script>woops</script><title>Hello</title></head><body><p>Hello</p></body><html>"; Whitelist relaxed = Whitelist.relaxed(); Cleaner cleaner = new Cleaner(relaxed); Document okDoc = Jsoup.parse(ok); }
Code: public boolean isValid(Document dirtyDocument) { Validate.notNull(dirtyDocument); Document clean = Document.createShell(dirtyDocument.baseUri()); int numDiscarded = copySafeNodes(dirtyDocument.body(), clean.body()); return numDiscarded == 0; }
[[0.02904512 0.07085398 0.09304034 0.02763835 0.04030697 0.04629356
 0.11214674 0.07739483 0.01837659 0.0627404  0.01806037 0.11038537
 0.01837659 0.01890874 0.01567269 0.03216025 0.11038533 0.04536293
 0.04013014 0.01272066]
[0.02121688 0.11158966 0.1032856  0.0223915  0.05223758 0.04667823
 0.1136217  0.06432036 0.01657692 0.05748218 0.01046681 0.11304972
 0.01657692 0.01293279 0.01108488 0.03471836 0.11304972 0.03223957
 0.03666873 0.00981191]
[0.01810295 0.09661727 0.12295009 0.03027147 0.05044193 0.04189125
 0.10923456 0.07167152 0.02143917 0.04710166 0.01336881 0.10281847
 0.02143917 0.01625486 0.0149233  0.03443862 0.10281846 0.03586658
 0.0381605  0.01018932]
[0.02707842 0.07667463 0.11708511 0.0325205  0.04572145 0.04791476
 0.09232187 0.05024137 0.0253881  0.05990477 0.01601443 0.10508004
 0.0253881  0.01846336 0.01967059 0.04002088 0.10508001 0.04109384
 0.03946607 0.01487166]
[0.03377529 0.07457871 0.10273805 0.02840614 0.05417783 0.04713717
 0.10152175 0.077214   0.02811244 0.05523598 0.01618929 0.08612572
 0.02811244 0.02068353 0.02152303 0.03888723 0.08612574 0.03616875
 0.04416396 0.01912294]
[0.02540644 0.08939503 0.09137625 0.03258637 0.04709128 0.05123182
 0.10423039 0.06167397 0.01602263 0.05460406 0.01488756 0.11431116
 0.01602263 0.01753853 0.01910751 0.03528246 0.1143112  0.04358393
 0.03828156 0.01305526]
[0.02467268 0.08453622 0.10186517 0.02676371 0.04954681 0.04153739
 0.10546497 0.07112384 0.014304   0.04652061 0.0134314  0.13270766
 0.014304   0.01222981 0.01173867 0.02950735 0.13270763 0.03319175
 0.0447074  0.0091389 ]
[0.03160617 0.08426093 0.09087916 0.03390338 0.04780486 0.04560096
 0.1171784  0.07933027 0.01912524 0.05809063 0.01665409 0.09261835
 0.01912524 0.02408307 0.01896781 0.0300248  0.09261834 0.04672161
 0.03724832 0.01415845]
[0.0382373  0.08044069 0.08540504 0.03246931 0.04224215 0.05136168
 0.08742038 0.07996686 0.03143124 0.05003537 0.02327428 0.07607937
 0.03143124 0.02612251 0.02622863 0.04179113 0.07607935 0.04340071
 0.05806999 0.01851278]
[0.01631814 0.10355619 0.10207535 0.02981855 0.03990117 0.04199589
 0.10678209 0.06183722 0.01925819 0.05427932 0.01134968 0.133015
 0.01925819 0.01404444 0.01076319 0.03130134 0.13301507 0.03429272
 0.02932557 0.0078127 ]
[0.019866   0.07907315 0.0974382  0.02851244 0.04248171 0.05035536
 0.10908226 0.06935598 0.01676857 0.04915146 0.0147529  0.12267008
 0.01676857 0.0144575  0.01451707 0.03176699 0.12267008 0.0512513
 0.03963532 0.009425  ]
[0.03103513 0.08780809 0.08510919 0.02984143 0.04312335 0.05412714
 0.10050804 0.07042914 0.02237921 0.05820441 0.01892761 0.09815718
 0.02237921 0.0188744  0.02187726 0.04095679 0.09815718 0.04647898
 0.03815444 0.0134719 ]
[0.0382373  0.08044069 0.08540504 0.03246931 0.04224215 0.05136168
 0.08742038 0.07996686 0.03143124 0.05003537 0.02327428 0.07607937
 0.03143124 0.02612251 0.02622863 0.04179113 0.07607935 0.04340071
 0.05806999 0.01851278]
[0.02268753 0.11118068 0.10482575 0.02953719 0.05634402 0.03958863
 0.11859749 0.07077825 0.01492229 0.0528566  0.0108118  0.10408542
 0.01492229 0.01524984 0.01265757 0.03651972 0.10408545 0.03683183
 0.03533454 0.00818316]
[0.02544162 0.0727927  0.10234501 0.02214104 0.0447546  0.05210349
 0.1038428  0.06460597 0.01683938 0.05296308 0.01258217 0.12588808
 0.01683938 0.01626777 0.01699657 0.03150145 0.12588805 0.03735863
 0.04742093 0.01142721]
[0.01909887 0.09768566 0.1131999  0.02279764 0.03796501 0.04768602
 0.11117175 0.07758202 0.01871026 0.05739878 0.01125411 0.11466795
 0.01871026 0.01233498 0.0153627  0.02762112 0.11466796 0.03651587
 0.03519659 0.0103725 ]
[0.03103513 0.08780809 0.08510919 0.02984143 0.04312335 0.05412714
 0.10050804 0.07042914 0.02237921 0.05820441 0.01892761 0.09815718
 0.02237921 0.0188744  0.02187726 0.04095679 0.09815718 0.04647898
 0.03815444 0.0134719 ]
[0.01396732 0.11514032 0.09245978 0.02176011 0.03691179 0.05446438
 0.12142415 0.05908496 0.01453741 0.04358237 0.00854943 0.14271903
 0.01453741 0.0106092  0.01048613 0.02305018 0.14271906 0.03440594
 0.03206915 0.00752188]
[0.02842587 0.10251053 0.07799312 0.03220712 0.04784331 0.04399608
 0.09233801 0.07299975 0.01725673 0.06306072 0.01579715 0.10977091
 0.01725673 0.01629385 0.01721538 0.0349308  0.10977092 0.03974129
 0.04769172 0.01290005]
[0.02119661 0.07822803 0.09911685 0.02792057 0.04718656 0.03727102
 0.09221083 0.06252921 0.01837557 0.05698035 0.01637155 0.13212162
 0.01837557 0.01405396 0.01131717 0.04418752 0.1321216  0.03611268
 0.04381717 0.01050555]]