62829
Test: public void testFieldAnnotationTakesPrecedenceOverRegisteredTypeAdapter() { Gson gson = new GsonBuilder() .registerTypeAdapter(Part.class, new TypeAdapter<Part>() { @Override public void write(JsonWriter out, Part part) throws IOException { throw new } @Override public Part read(JsonReader in) throws IOException { throw new } }).create(); String json = gson.toJson(new Gadget(new Part("screen"))); Gadget gadget = gson.fromJson("{'part':'screen'}", Gadget.class); }
Code: public void write(JsonWriter out, Boolean value) throws IOException { if (value == null) { out.nullValue(); return; } out.value(value); }
[[0.04048819 0.03348568 0.0417798  0.04118541 0.13779607 0.04495545
 0.09160394 0.02244747 0.059897   0.10973615 0.0385988  0.06217642
 0.02093525 0.059897   0.04108258 0.0407087  0.01854403 0.07613799
 0.01854403]
[0.03374627 0.02939675 0.03920088 0.05277428 0.11930379 0.04915383
 0.12004154 0.01887425 0.05854559 0.1122308  0.03982634 0.04890434
 0.01701003 0.05854559 0.04060161 0.03462333 0.01782818 0.09156434
 0.01782818]
[0.0397273  0.02579844 0.05018605 0.038675   0.13149339 0.04590708
 0.1151921  0.02256763 0.07164264 0.11076513 0.04243923 0.04722289
 0.01459616 0.07164264 0.0350574  0.03372652 0.01244187 0.07847664
 0.01244187]
[0.03787223 0.03347121 0.04930968 0.0405782  0.11967631 0.06183328
 0.08663963 0.0264504  0.06288856 0.10940303 0.0494313  0.06089758
 0.0260602  0.06288856 0.03880712 0.03289118 0.01537486 0.07015178
 0.01537486]
[0.04000882 0.02920339 0.04017515 0.04415851 0.11580092 0.04647452
 0.10299682 0.02252745 0.06843552 0.12414417 0.04150801 0.05645344
 0.02016615 0.06843552 0.03347543 0.03750771 0.0154191  0.07769024
 0.0154191 ]
[0.03839598 0.02745222 0.04361308 0.04369564 0.12602578 0.04536063
 0.11928461 0.02140331 0.06461139 0.11367217 0.04420739 0.05650699
 0.01799027 0.06461139 0.03568491 0.03548983 0.01588779 0.0702188
 0.01588779]
[0.02744927 0.02648808 0.04379701 0.04949044 0.12732476 0.05405205
 0.1342764  0.01740097 0.06582273 0.12251584 0.03750061 0.04261714
 0.0166303  0.06582273 0.03364382 0.03088229 0.01289352 0.07849842
 0.01289352]
[0.03205989 0.02550116 0.03757543 0.04708069 0.13024703 0.04253805
 0.12309988 0.01853486 0.05905245 0.13283499 0.03369482 0.06273075
 0.01383974 0.05905245 0.04245372 0.0371137  0.0124142  0.07776202
 0.0124142 ]
[0.04434714 0.0384666  0.0480481  0.04560485 0.09252034 0.04902232
 0.07897395 0.02934541 0.06865231 0.07672724 0.05117672 0.04806224
 0.02919924 0.06865231 0.04847845 0.04487695 0.02462907 0.08858769
 0.02462907]
[0.02557297 0.01951022 0.02963251 0.03428936 0.1763359  0.03380973
 0.14932007 0.01664131 0.05589587 0.14498843 0.04069813 0.05162683
 0.00974263 0.05589587 0.03328682 0.03480208 0.00847728 0.07099672
 0.00847728]
[0.03736822 0.03020243 0.0459654  0.04662285 0.11905491 0.04668017
 0.09361093 0.0258636  0.06351023 0.11667778 0.05229827 0.06302844
 0.02043827 0.06351023 0.04363714 0.03425866 0.01666188 0.06394865
 0.01666188]
[0.02465213 0.02642064 0.03574251 0.03311534 0.14797202 0.0487389
 0.11563529 0.01884764 0.06348303 0.13587463 0.05055991 0.06103636
 0.01601851 0.06348303 0.03077953 0.03102645 0.01301235 0.07058939
 0.01301235]
[0.03082483 0.023247   0.03636129 0.03871605 0.13287027 0.04440895
 0.10741371 0.02116026 0.06888282 0.14006835 0.04455818 0.05789986
 0.0191533  0.06888282 0.03181871 0.03121447 0.01066445 0.08119025
 0.01066445]
[0.04434714 0.0384666  0.0480481  0.04560485 0.09252034 0.04902232
 0.07897395 0.02934541 0.06865231 0.07672724 0.05117672 0.04806224
 0.02919924 0.06865231 0.04847845 0.04487695 0.02462907 0.08858769
 0.02462907]
[0.03284932 0.02402773 0.04323195 0.03520836 0.11997549 0.04441147
 0.10465771 0.02100003 0.07832202 0.12096199 0.05407794 0.06383733
 0.01679427 0.07832202 0.03677933 0.03202279 0.01293545 0.06764928
 0.01293545]
[0.03096794 0.02202728 0.03925565 0.0408478  0.14665982 0.03639524
 0.11917533 0.02124542 0.06119296 0.12777054 0.04805429 0.05687221
 0.01518109 0.06119296 0.04196128 0.03808048 0.01414661 0.06482658
 0.01414661]
[0.02935106 0.02703512 0.04170795 0.05092143 0.10740707 0.03505092
 0.12375614 0.02316345 0.07352741 0.11285509 0.05770539 0.05070185
 0.01846085 0.07352741 0.0369886  0.03264939 0.01591445 0.07336198
 0.01591445]
[0.02858037 0.02791667 0.04109298 0.04504811 0.12865902 0.03740868
 0.11011292 0.02109228 0.06908704 0.10910637 0.06549346 0.04696008
 0.01881621 0.06908704 0.03729647 0.03784159 0.01765302 0.07109471
 0.01765302]
[0.02935106 0.02703512 0.04170795 0.05092143 0.10740707 0.03505092
 0.12375614 0.02316345 0.07352741 0.11285509 0.05770539 0.05070185
 0.01846085 0.07352741 0.0369886  0.03264939 0.01591445 0.07336198
 0.01591445]]