99151
Test: @Test public void creates_instances_of_inner_classes() { }
Code: public <T> T newInstance(Class<T> cls) { if (outerClassInstance == null) { return noArgConstructor(cls); } return withOuterClass(cls); }
tensor([[0.0398, 0.1058, 0.0260, 0.1591, 0.0471, 0.0532, 0.1072, 0.0490, 0.0627,
         0.0213, 0.0532, 0.0438, 0.1095, 0.0170, 0.0438, 0.0445, 0.0170],
        [0.0368, 0.1084, 0.0163, 0.1701, 0.0417, 0.0646, 0.1019, 0.0451, 0.0460,
         0.0217, 0.0646, 0.0407, 0.1342, 0.0147, 0.0407, 0.0375, 0.0147],
        [0.0364, 0.1082, 0.0210, 0.1832, 0.0553, 0.0558, 0.1035, 0.0452, 0.0592,
         0.0195, 0.0558, 0.0423, 0.1040, 0.0159, 0.0423, 0.0365, 0.0159],
        [0.0349, 0.1060, 0.0205, 0.1814, 0.0436, 0.0635, 0.1113, 0.0415, 0.0519,
         0.0201, 0.0635, 0.0462, 0.0945, 0.0181, 0.0462, 0.0387, 0.0181],
        [0.0334, 0.1308, 0.0154, 0.1774, 0.0517, 0.0586, 0.0943, 0.0485, 0.0488,
         0.0146, 0.0586, 0.0430, 0.1257, 0.0126, 0.0430, 0.0312, 0.0126],
        [0.0447, 0.0925, 0.0243, 0.1304, 0.0597, 0.0667, 0.0777, 0.0598, 0.0490,
         0.0299, 0.0667, 0.0521, 0.0973, 0.0243, 0.0521, 0.0483, 0.0243],
        [0.0237, 0.1434, 0.0116, 0.2105, 0.0546, 0.0458, 0.1322, 0.0372, 0.0501,
         0.0091, 0.0458, 0.0310, 0.1252, 0.0072, 0.0310, 0.0342, 0.0072],
        [0.0372, 0.1077, 0.0217, 0.1534, 0.0540, 0.0446, 0.1206, 0.0479, 0.0583,
         0.0188, 0.0446, 0.0523, 0.1127, 0.0179, 0.0523, 0.0378, 0.0179],
        [0.0238, 0.1058, 0.0141, 0.1825, 0.0572, 0.0571, 0.1315, 0.0380, 0.0596,
         0.0155, 0.0571, 0.0388, 0.1200, 0.0119, 0.0388, 0.0363, 0.0119],
        [0.0293, 0.1105, 0.0174, 0.1474, 0.0487, 0.0627, 0.1340, 0.0301, 0.0558,
         0.0185, 0.0627, 0.0355, 0.1552, 0.0099, 0.0355, 0.0369, 0.0099],
        [0.0447, 0.0925, 0.0243, 0.1304, 0.0597, 0.0667, 0.0777, 0.0598, 0.0490,
         0.0299, 0.0667, 0.0521, 0.0973, 0.0243, 0.0521, 0.0483, 0.0243],
        [0.0261, 0.1203, 0.0147, 0.1954, 0.0504, 0.0503, 0.1084, 0.0414, 0.0511,
         0.0155, 0.0503, 0.0381, 0.1367, 0.0138, 0.0381, 0.0355, 0.0138],
        [0.0327, 0.1242, 0.0175, 0.1715, 0.0427, 0.0544, 0.1115, 0.0440, 0.0531,
         0.0186, 0.0544, 0.0454, 0.1225, 0.0106, 0.0454, 0.0407, 0.0106],
        [0.0289, 0.1311, 0.0197, 0.1510, 0.0464, 0.0622, 0.1090, 0.0365, 0.0491,
         0.0185, 0.0622, 0.0597, 0.1025, 0.0140, 0.0597, 0.0354, 0.0140],
        [0.0261, 0.1203, 0.0147, 0.1954, 0.0504, 0.0503, 0.1084, 0.0414, 0.0511,
         0.0155, 0.0503, 0.0381, 0.1367, 0.0138, 0.0381, 0.0355, 0.0138],
        [0.0429, 0.1034, 0.0200, 0.1545, 0.0463, 0.0582, 0.1107, 0.0352, 0.0568,
         0.0223, 0.0582, 0.0429, 0.1178, 0.0204, 0.0429, 0.0470, 0.0204],
        [0.0289, 0.1311, 0.0197, 0.1510, 0.0464, 0.0622, 0.1090, 0.0365, 0.0491,
         0.0185, 0.0622, 0.0597, 0.1025, 0.0140, 0.0597, 0.0354, 0.0140]])