64861
Test: public void testNoAutoCloseOutputStream() throws Exception { JsonFactory f = new JsonFactory(); f.disable(JsonGenerator.Feature.AUTO_CLOSE_TARGET); @SuppressWarnings("resource") MyStream output = new MyStream(); JsonGenerator jg = f.createGenerator(output, JsonEncoding.UTF8); jg.writeNumber(39); jg.close(); }
Code: public JsonGenerator disable(Feature f) { ; if (true) { ; } return this; }
[[0.0517964  0.06872702 0.08035409 0.18038934 0.06982949 0.02904711
 0.13969272 0.13456148 0.06982949 0.0290471  0.02223627 0.05709843
 0.04515481 0.02223627]
[0.04518123 0.05467854 0.07870217 0.21100736 0.06567126 0.0236754
 0.13045147 0.16720918 0.06567127 0.0236754  0.01884264 0.05444892
 0.04194257 0.01884264]
[0.04133528 0.05818368 0.0808619  0.2005734  0.0822749  0.02008025
 0.11920512 0.17071542 0.08227489 0.02008025 0.01646014 0.06188139
 0.02961326 0.01646014]
[0.03092078 0.04352209 0.06331519 0.2412158  0.08329847 0.01601811
 0.12125832 0.18380308 0.08329849 0.01601811 0.01752766 0.05575831
 0.02651795 0.01752766]
[0.05414225 0.08157064 0.0727279  0.14469486 0.08417913 0.03038077
 0.09362645 0.1561256  0.08417914 0.03038077 0.03013912 0.0626855
 0.04502874 0.03013912]
[0.03092148 0.05080038 0.07444166 0.21411404 0.09525689 0.01959944
 0.13694933 0.15122442 0.09525689 0.01959944 0.0116964  0.05956795
 0.0288753  0.0116964 ]
[0.02937194 0.03771797 0.05630233 0.23085281 0.0718116  0.0131745
 0.16937166 0.22004981 0.07181159 0.0131745  0.01059951 0.03931585
 0.02584641 0.01059951]
[0.03385612 0.05284189 0.06678191 0.19993395 0.08597305 0.02002471
 0.12898085 0.20623852 0.08597305 0.02002471 0.01458105 0.04141048
 0.02879867 0.01458105]
[0.05414225 0.08157064 0.0727279  0.14469486 0.08417913 0.03038077
 0.09362645 0.1561256  0.08417914 0.03038077 0.03013912 0.0626855
 0.04502874 0.03013912]
[0.03092148 0.05080038 0.07444166 0.21411404 0.09525689 0.01959944
 0.13694933 0.15122442 0.09525689 0.01959944 0.0116964  0.05956795
 0.0288753  0.0116964 ]
[0.03555015 0.04632189 0.08864222 0.16021132 0.08876075 0.02727853
 0.13662574 0.15177664 0.08876077 0.02727852 0.01922623 0.07689081
 0.03345015 0.01922623]
[0.03350311 0.06217325 0.06130581 0.23185766 0.06809213 0.02021115
 0.1365053  0.18180849 0.06809214 0.02021115 0.01852902 0.04819638
 0.03098537 0.01852902]
[0.05391002 0.05994877 0.0774681  0.17302647 0.08327642 0.02719925
 0.13052474 0.13991421 0.08327642 0.02719925 0.02270086 0.06536829
 0.03348626 0.02270086]
[0.03555015 0.04632189 0.08864222 0.16021134 0.08876076 0.02727853
 0.1366257  0.1517767  0.08876076 0.02727853 0.01922623 0.07689081
 0.03345015 0.01922623]]