65183
Test: public void testConstructorIntrospection() { Bean1005 bean = new Bean1005(13); SerializationConfig config = MAPPER.getSerializationConfig(); JavaType t = MAPPER.constructType(bean.getClass()); AnnotatedClass ac = AnnotatedClass.construct(t, config); }
Code: public static MapType construct(Class<?> rawType, JavaType keyT, JavaType valueT) { return new MapType(rawType, null, _bogusSuperClass(rawType), null, keyT, valueT, null, null, false); }
[[0.02784033 0.06533112 0.06499599 0.06746663 0.01837601 0.04934013
 0.05267364 0.04934013 0.02276164 0.02688411 0.02937495 0.0147484
 0.06732821 0.06740627 0.03252215 0.06740627 0.05267365 0.04262104
 0.06740625 0.06740625 0.03647488 0.00962197]
[0.03167979 0.06765235 0.06451662 0.06526752 0.02216361 0.04864113
 0.04337945 0.04864113 0.02402776 0.03646749 0.02865213 0.0129585
 0.06105009 0.06692742 0.0335071  0.06692742 0.04337946 0.04791405
 0.06692738 0.06692738 0.04122501 0.01116724]
[0.02509816 0.06511475 0.05922482 0.0885171  0.01618525 0.04831288
 0.05066574 0.04831288 0.01681526 0.03867986 0.02865538 0.01268781
 0.0766708  0.06429595 0.03020179 0.06429595 0.05066574 0.04452016
 0.06429595 0.06429595 0.03414693 0.00834093]
[0.02528714 0.0623645  0.05127691 0.09374271 0.014754   0.04435651
 0.04296377 0.04435651 0.01514582 0.03359161 0.03380806 0.01311973
 0.07926257 0.06930815 0.03175725 0.06930815 0.04296378 0.04663076
 0.06930819 0.06930819 0.03945215 0.00793351]
[0.02065272 0.06127025 0.04595593 0.0990731  0.01011968 0.05122749
 0.06573153 0.05122749 0.01228748 0.02688462 0.02964615 0.01058071
 0.07757355 0.06444605 0.03166775 0.06444605 0.06573153 0.03647536
 0.06444609 0.06444609 0.03919308 0.00691732]
[0.02908616 0.06166638 0.06405495 0.08219944 0.01794627 0.0537978
 0.03985424 0.0537978  0.01940941 0.03134757 0.02868665 0.01301164
 0.06816638 0.06655861 0.04225865 0.06655861 0.03985425 0.04239431
 0.06655862 0.06655862 0.03737887 0.00885476]
[0.02704293 0.07741977 0.07046418 0.06585966 0.02003668 0.0496796
 0.0479714  0.0496796  0.02203925 0.03414555 0.03426188 0.01109887
 0.07225356 0.06346253 0.03213026 0.06346253 0.04797139 0.04071619
 0.06346255 0.06346255 0.0338863  0.00949286]
[0.02908616 0.06166638 0.06405495 0.08219944 0.01794627 0.0537978
 0.03985424 0.0537978  0.01940941 0.03134757 0.02868665 0.01301164
 0.06816638 0.06655861 0.04225865 0.06655861 0.03985425 0.04239431
 0.06655862 0.06655862 0.03737887 0.00885476]
[0.02355524 0.07188827 0.05731524 0.08702232 0.02112175 0.04841819
 0.0440984  0.04841819 0.02142555 0.02658517 0.03375934 0.01600409
 0.07823034 0.06151369 0.03528114 0.06151369 0.0440984  0.04822475
 0.06151368 0.06151368 0.03848557 0.01001333]
[0.03015862 0.06264006 0.05446154 0.06201967 0.0250761  0.05270993
 0.04578578 0.05270993 0.02551327 0.03734956 0.03616418 0.0184409
 0.05131429 0.06524633 0.03699632 0.06524633 0.04578579 0.0436847
 0.06524631 0.06524631 0.04325764 0.01494645]
[0.01819531 0.0682811  0.05755948 0.06320829 0.01303479 0.05269909
 0.05069863 0.05269909 0.01590632 0.0252685  0.02818495 0.01137989
 0.0888989  0.07119824 0.03748021 0.07119824 0.05069864 0.04097179
 0.07119823 0.07119823 0.03259445 0.00744768]
[0.02337119 0.06565155 0.07434201 0.06138732 0.01837854 0.05543723
 0.04937468 0.05543723 0.02116648 0.03367024 0.0326391  0.01618738
 0.07032804 0.06247883 0.03547568 0.06247883 0.04937468 0.04119594
 0.06247884 0.06247884 0.03627555 0.01039182]
[0.02399051 0.06161048 0.05583976 0.06610475 0.01745631 0.0432841
 0.04357778 0.0432841  0.02243887 0.03614253 0.03137287 0.0146774
 0.0786325  0.06873149 0.03537036 0.06873149 0.04357778 0.06333109
 0.06873146 0.06873146 0.0339058  0.0104771 ]
[0.02308756 0.056341   0.05874599 0.05741309 0.00993543 0.04063884
 0.05192715 0.04063884 0.01755154 0.03130049 0.02655343 0.01102598
 0.09915806 0.07391994 0.02874969 0.07391994 0.05192713 0.05066163
 0.07391994 0.07391994 0.0406164  0.00804805]
[0.01764315 0.07064646 0.05257095 0.09433124 0.01120242 0.05517574
 0.05179871 0.05517574 0.01376924 0.03137697 0.03215661 0.01094124
 0.08153374 0.06245368 0.03735122 0.06245368 0.05179871 0.04101243
 0.06245369 0.06245369 0.0359738  0.00572697]
[0.02308756 0.056341   0.05874599 0.05741309 0.00993543 0.04063884
 0.05192715 0.04063884 0.01755154 0.03130049 0.02655343 0.01102598
 0.09915806 0.07391994 0.02874969 0.07391994 0.05192713 0.05066163
 0.07391994 0.07391994 0.0406164  0.00804805]
[0.02704293 0.07741977 0.07046418 0.06585966 0.02003668 0.0496796
 0.0479714  0.0496796  0.02203925 0.03414555 0.03426188 0.01109887
 0.07225356 0.06346253 0.03213026 0.06346253 0.04797139 0.04071619
 0.06346255 0.06346255 0.0338863  0.00949286]
[0.02287346 0.06242309 0.06020641 0.06169417 0.0157143  0.05590631
 0.04782662 0.05590631 0.01742073 0.03079993 0.0294227  0.01251066
 0.05468602 0.07528163 0.03330372 0.07528163 0.04782661 0.04101519
 0.07528164 0.07528164 0.04071984 0.00861734]
[0.02308756 0.056341   0.05874599 0.05741309 0.00993543 0.04063884
 0.05192715 0.04063884 0.01755154 0.03130049 0.02655343 0.01102598
 0.09915806 0.07391994 0.02874969 0.07391994 0.05192713 0.05066163
 0.07391994 0.07391994 0.0406164  0.00804805]
[0.02308756 0.056341   0.05874599 0.05741309 0.00993543 0.04063884
 0.05192715 0.04063884 0.01755154 0.03130049 0.02655343 0.01102598
 0.09915806 0.07391994 0.02874969 0.07391994 0.05192713 0.05066163
 0.07391994 0.07391994 0.0406164  0.00804805]
[0.02960371 0.05449044 0.05851449 0.05491808 0.01661435 0.0415119
 0.05834756 0.0415119  0.01706727 0.03098397 0.02925464 0.01137074
 0.07445483 0.07560906 0.03063489 0.07560906 0.05834756 0.04112338
 0.07560906 0.07560906 0.0398979  0.0089162 ]
[0.02254392 0.0669363  0.06791881 0.09237505 0.01437961 0.04897986
 0.04832787 0.04897986 0.02223399 0.03376804 0.04225036 0.01250599
 0.06633271 0.05865455 0.03047868 0.05865455 0.04832787 0.05441227
 0.05865455 0.05865455 0.03619901 0.00843159]]