68228
Test: @Test public void testIsValidDocument() { String ok = "<html><head></head><body><p>Hello</p></body><html>"; String nok = "<html><head><script>woops</script><title>Hello</title></head><body><p>Hello</p></body><html>"; Whitelist relaxed = Whitelist.relaxed(); Cleaner cleaner = new Cleaner(relaxed); Document okDoc = Jsoup.parse(ok); }
Code: public static boolean isValid(String bodyHtml, Whitelist whitelist) { return new Cleaner(whitelist).isValid(parseBodyFragment(bodyHtml, "")); }
[[0.04477234 0.13369334 0.11172153 0.14668947 0.09893077 0.05015695
 0.17525499 0.05961791 0.04926372 0.02258677 0.0622584  0.02599531
 0.01905847]
[0.04643115 0.12347367 0.14185409 0.13261548 0.07295435 0.06170874
 0.16670415 0.08203375 0.04395234 0.02006128 0.06125902 0.02468009
 0.02227186]
[0.03102554 0.11196943 0.17007516 0.16620877 0.06135122 0.04233276
 0.19568916 0.07203905 0.0494004  0.01345926 0.0555269  0.01719789
 0.01372444]
[0.04519895 0.09816821 0.16090734 0.13732933 0.07571317 0.054036
 0.1819351  0.07362336 0.05306595 0.02193402 0.05166223 0.02648233
 0.01994403]
[0.02867805 0.10628892 0.1696479  0.1567102  0.06881034 0.038496
 0.20613097 0.07270096 0.04654677 0.0175943  0.05440941 0.02043854
 0.01354767]
[0.04060273 0.12993486 0.108481   0.11284218 0.07748458 0.05827642
 0.20091107 0.07637814 0.06296772 0.02412877 0.05765122 0.02954566
 0.02079564]
[0.02828524 0.13817738 0.12919995 0.18470342 0.04916689 0.04320477
 0.24572128 0.05485987 0.04021045 0.01263235 0.04655588 0.01614078
 0.01114167]
[0.05100309 0.11832194 0.11516482 0.12940456 0.07539259 0.05502011
 0.17461634 0.07969598 0.05899906 0.02879117 0.05814429 0.02697762
 0.02846841]
[0.02899666 0.13912195 0.1412841  0.1283318  0.08565849 0.03571092
 0.23999473 0.05977273 0.04156951 0.01711718 0.04909122 0.01712652
 0.01622419]
[0.03806773 0.1160081  0.12858257 0.1355392  0.07329594 0.04170288
 0.21869934 0.0725677  0.05365857 0.02432947 0.05353392 0.02320032
 0.02081427]
[0.02585708 0.14001998 0.12598504 0.17401366 0.06927374 0.03978583
 0.22874217 0.05936511 0.03704374 0.01393231 0.05369135 0.01814131
 0.01414866]
[0.02860883 0.11638489 0.11573793 0.18055233 0.06505414 0.05715775
 0.20965883 0.06922838 0.04910418 0.01909507 0.05412951 0.02076656
 0.01452165]
[0.03324734 0.12745082 0.12238781 0.16845942 0.0598445  0.04913139
 0.17693554 0.07453296 0.06945935 0.01857577 0.05670599 0.02670413
 0.016565  ]]