68327
Test: @Test public void notClass() { Document doc = Jsoup.parse("<div class=left>One</div><div class=right id=1><p>Two</p></div>"); Elements el1 = doc.select("div:not(.left)"); }
Code: private Elements not() { tq.consume(":not"); String subQuery = tq.chompBalanced('(', ')'); Validate.notEmpty(subQuery, ":not(selector) subselect must not be empty"); return filterOut(root.getAllElements(), select(subQuery, root)); }
[[0.04234226 0.02135047 0.04598574 0.05277033 0.03362269 0.03046613
 0.10379591 0.01642994 0.05301274 0.02033163 0.06688794 0.03696419
 0.0334352  0.05888928 0.02279464 0.0287849  0.09256559 0.02790269
 0.04551841 0.10223995 0.05028395 0.01362528]
[0.0342536  0.01686474 0.05552454 0.05063803 0.03586986 0.02911231
 0.10782841 0.01858875 0.04169712 0.02135638 0.05161014 0.04611033
 0.03342055 0.06440274 0.02010583 0.02844258 0.09514332 0.03148901
 0.05508382 0.09245229 0.05922674 0.01077897]
[0.03106087 0.02267547 0.05810964 0.05076209 0.03285903 0.03687523
 0.11696656 0.01982245 0.04296314 0.02790095 0.05974592 0.03440562
 0.0268213  0.06380043 0.02433597 0.02928694 0.08852511 0.02789138
 0.05573335 0.09208182 0.04531261 0.01206412]
[0.03653089 0.02276484 0.05702289 0.05213192 0.03553581 0.04008008
 0.09701021 0.02480918 0.04475764 0.0249154  0.06958007 0.04237852
 0.0354396  0.05387887 0.02883921 0.0323185  0.07510859 0.03340304
 0.04814707 0.0788371  0.04886667 0.01764394]
[0.03236506 0.01971774 0.04891959 0.04792824 0.03672453 0.03963061
 0.11555343 0.01628994 0.05200636 0.02118981 0.06061435 0.03898905
 0.03498414 0.05195769 0.02637806 0.02616927 0.10788188 0.03004902
 0.04091285 0.09401971 0.04510067 0.01261794]
[0.03477369 0.01771528 0.04390818 0.04772975 0.04028496 0.03132305
 0.0933065  0.01876209 0.04736023 0.02683713 0.07288714 0.04329613
 0.03084726 0.05226923 0.02381346 0.03565176 0.10520764 0.02908626
 0.04230527 0.10746257 0.04346032 0.0117121 ]
[0.03798463 0.01589693 0.05090337 0.04173683 0.03576943 0.04271413
 0.09165271 0.01976113 0.04584637 0.02408987 0.07316158 0.04555552
 0.03165171 0.04760302 0.01870925 0.03684958 0.09778135 0.0268718
 0.04972523 0.11037723 0.04097794 0.01438039]
[0.04236881 0.02127109 0.05292629 0.03991494 0.03719603 0.0395155
 0.08331908 0.02841431 0.05643291 0.0277922  0.06811656 0.03832862
 0.03709432 0.04511805 0.03365386 0.03489926 0.07903635 0.03723582
 0.05588207 0.07424854 0.05029801 0.01693739]
[0.03029603 0.01913623 0.05208036 0.04490985 0.03394084 0.03382174
 0.11891916 0.01836854 0.04226685 0.01815805 0.06420891 0.03165085
 0.02344613 0.06571955 0.01751945 0.02739101 0.11118872 0.01968272
 0.05173126 0.12681137 0.04019354 0.00855879]
[0.02784845 0.01899937 0.0552635  0.04510105 0.03233328 0.04191861
 0.10162549 0.02264015 0.05376158 0.02924097 0.04810075 0.04909499
 0.03257474 0.0521092  0.02971388 0.03379696 0.10015821 0.03630731
 0.0534552  0.07533984 0.04634754 0.01426892]
[0.03746611 0.01775119 0.05199003 0.04536828 0.0298782  0.02931671
 0.10361142 0.01670452 0.0538138  0.0238882  0.05235911 0.03930156
 0.02979966 0.05195101 0.02334563 0.03019049 0.11309306 0.026504
 0.06072411 0.1050818  0.04417022 0.01369093]
[0.03631335 0.02327551 0.05136119 0.05285184 0.03461476 0.03702732
 0.10376421 0.02254065 0.04870325 0.02074235 0.06145222 0.04711512
 0.0325578  0.05553274 0.02687545 0.03210194 0.09859399 0.0296887
 0.04385595 0.08159222 0.04350097 0.01593849]
[0.03254323 0.02376305 0.0461472  0.04014614 0.03473569 0.03601217
 0.11018711 0.01756806 0.05004561 0.02576812 0.0615248  0.04190904
 0.02682553 0.05938926 0.01807896 0.02727327 0.10678141 0.03508357
 0.05798313 0.09242749 0.04455852 0.01124861]
[0.03894988 0.01663383 0.04691312 0.04901291 0.03633031 0.03458553
 0.08852801 0.01850326 0.05395838 0.02331718 0.06256726 0.04764012
 0.0337712  0.05990526 0.01751936 0.03918184 0.08433285 0.03523711
 0.05687373 0.11250542 0.03274132 0.01099213]
[0.03252023 0.02072684 0.04764226 0.04798959 0.03548606 0.03237588
 0.09915342 0.01430214 0.04651344 0.02555379 0.06219884 0.03817587
 0.03237359 0.06002649 0.02067657 0.03223956 0.10459712 0.03019856
 0.06165271 0.09929613 0.0437074  0.01259339]
[0.03295873 0.01699088 0.04592185 0.0428263  0.03316128 0.033442
 0.10021874 0.01802592 0.04493187 0.02274683 0.05695197 0.03132234
 0.0320941  0.06149441 0.02363488 0.03583781 0.11489148 0.0264069
 0.06080007 0.11545153 0.03622556 0.01366456]
[0.03882658 0.02213346 0.0409901  0.04166827 0.03983907 0.03459647
 0.09365819 0.01570713 0.04369111 0.02252647 0.05680162 0.03461313
 0.04349512 0.05831311 0.02642245 0.02882007 0.10124556 0.03065382
 0.05213374 0.11034929 0.05220722 0.01130802]
[0.03524564 0.01954191 0.0427788  0.03753272 0.02889716 0.0313152
 0.12490293 0.01657367 0.04160888 0.01755292 0.08940034 0.03968984
 0.02462238 0.05995744 0.02089388 0.02485643 0.11111627 0.02330155
 0.05116171 0.10547736 0.04354094 0.01003208]
[0.03197422 0.01845384 0.04757768 0.04190683 0.04063893 0.02990578
 0.1068955  0.02608373 0.04694409 0.02152918 0.07705586 0.03359257
 0.03845873 0.05475561 0.02155563 0.03287566 0.10130719 0.03655533
 0.04676442 0.08316483 0.04585113 0.01615327]
[0.03165317 0.02022784 0.04418828 0.04450995 0.03315225 0.03747199
 0.10446983 0.02208207 0.04771594 0.02579511 0.06323393 0.03683823
 0.02769997 0.06079013 0.02385999 0.03413132 0.09815961 0.02936928
 0.04356648 0.10764511 0.05233578 0.01110375]
[0.03368515 0.01841007 0.05805988 0.0454843  0.03040517 0.03234099
 0.12443013 0.01648641 0.05389828 0.02121117 0.0520704  0.0413624
 0.02641555 0.05336627 0.02295203 0.02665536 0.11713447 0.03093041
 0.05566277 0.09268885 0.03882439 0.00752551]
[0.03132926 0.01730721 0.05312857 0.05466086 0.03218366 0.03521901
 0.09816998 0.0179699  0.05651122 0.02191171 0.0465144  0.04280504
 0.03324866 0.04912694 0.0219716  0.04039185 0.08909831 0.04354117
 0.05596993 0.1014469  0.04598134 0.01151248]]