67113
Test: public void testObjectMapper() throws IOException { final String EXP_JSON = "{\"x\":2,\"y\":3}"; final MyPojo p = new MyPojo(2, 3); byte[] bytes = jdkSerialize(MAPPER); ObjectMapper mapper2 = jdkDeserialize(bytes); MyPojo p2 = mapper2.readValue(EXP_JSON, MyPojo.class); }
Code: public void serialize(Number value, JsonGenerator gen, SerializerProvider provider) throws IOException { gen.writeNumber(value.intValue()); }
tensor([[0.0622, 0.0525, 0.0523, 0.0578, 0.0796, 0.0534, 0.1905, 0.1103, 0.1348,
         0.0366, 0.1003, 0.0394, 0.0303],
        [0.0446, 0.0436, 0.0551, 0.0343, 0.0538, 0.0387, 0.2713, 0.1181, 0.1506,
         0.0300, 0.0993, 0.0312, 0.0293],
        [0.0627, 0.0456, 0.0428, 0.0398, 0.0660, 0.0361, 0.3008, 0.0983, 0.1219,
         0.0289, 0.1037, 0.0313, 0.0222],
        [0.0376, 0.0323, 0.0466, 0.0404, 0.0589, 0.0337, 0.2566, 0.1062, 0.1579,
         0.0329, 0.1417, 0.0324, 0.0227],
        [0.0553, 0.0463, 0.0593, 0.0450, 0.0644, 0.0439, 0.2272, 0.1125, 0.1449,
         0.0440, 0.0942, 0.0368, 0.0262],
        [0.0432, 0.0430, 0.0568, 0.0620, 0.0796, 0.0478, 0.2252, 0.1042, 0.1384,
         0.0385, 0.1034, 0.0323, 0.0257],
        [0.0461, 0.0369, 0.0595, 0.0563, 0.0745, 0.0431, 0.2380, 0.0943, 0.1462,
         0.0362, 0.1058, 0.0317, 0.0313],
        [0.0500, 0.0385, 0.0461, 0.0490, 0.0669, 0.0403, 0.2577, 0.0890, 0.1777,
         0.0329, 0.0988, 0.0295, 0.0235],
        [0.0397, 0.0414, 0.0482, 0.0452, 0.0605, 0.0365, 0.2642, 0.0935, 0.1725,
         0.0293, 0.1164, 0.0310, 0.0214],
        [0.0457, 0.0375, 0.0551, 0.0453, 0.0675, 0.0490, 0.2364, 0.1037, 0.1699,
         0.0316, 0.1062, 0.0315, 0.0207],
        [0.0608, 0.0539, 0.0648, 0.0660, 0.0881, 0.0406, 0.1893, 0.1015, 0.1052,
         0.0425, 0.1079, 0.0431, 0.0364],
        [0.0471, 0.0495, 0.0484, 0.0508, 0.0682, 0.0382, 0.2270, 0.1043, 0.1582,
         0.0306, 0.1109, 0.0348, 0.0321],
        [0.0397, 0.0392, 0.0504, 0.0416, 0.0530, 0.0456, 0.2507, 0.0965, 0.1653,
         0.0365, 0.1260, 0.0297, 0.0259]])