62738
Test: public void testBooleans() throws IOException { StringWriter stringWriter = new StringWriter(); JsonWriter jsonWriter = new JsonWriter(stringWriter); jsonWriter.beginArray(); jsonWriter.value(true); jsonWriter.value(false); jsonWriter.endArray(); }
Code: public JsonWriter value(String value) throws IOException { if (value == null) { return nullValue(); } writeDeferredName(); beforeValue(); string(value); return this; }
[[0.04264504 0.04983064 0.03956676 0.04974287 0.09964883 0.02253277
 0.0587599  0.11514106 0.04226493 0.0667233  0.02263527 0.0587599
 0.0471669  0.03171711 0.01858497 0.03132777 0.04403807 0.05559592
 0.0471669  0.03756608 0.01858497]
[0.03684386 0.05937843 0.02852426 0.05659478 0.09066186 0.02507193
 0.06207938 0.12981746 0.04288376 0.06221017 0.02162685 0.06207938
 0.0405023  0.02817788 0.02212314 0.03519579 0.04028605 0.06145484
 0.0405023  0.03186243 0.02212314]
[0.03635163 0.05200953 0.0314474  0.04331264 0.1045033  0.02034702
 0.07671069 0.10917279 0.05790776 0.05419855 0.01596382 0.07671069
 0.05099912 0.03342746 0.01218101 0.04476048 0.04284749 0.04661449
 0.05099911 0.02735399 0.012181  ]
[0.03999721 0.05537226 0.02718824 0.04896392 0.12646177 0.02152391
 0.06379198 0.11667952 0.04754031 0.05952168 0.01885317 0.06379198
 0.04752583 0.02544752 0.015992   0.03113185 0.03902128 0.05708019
 0.04752583 0.03059755 0.015992  ]
[0.02894908 0.06109548 0.02272793 0.06006357 0.14555445 0.01759326
 0.06552608 0.12919688 0.04131876 0.04582817 0.01775583 0.06552608
 0.04652474 0.02481804 0.01308452 0.02347486 0.0457661  0.05923827
 0.04652476 0.02634865 0.01308452]
[0.03363407 0.07187043 0.02853452 0.04616931 0.13014106 0.01850687
 0.05793094 0.1375126  0.0364903  0.06607473 0.01462047 0.05793094
 0.04810712 0.02497879 0.01248061 0.02670336 0.0359675  0.06042418
 0.04810712 0.03133452 0.01248061]
[0.04408321 0.05341846 0.03506106 0.0485437  0.07842122 0.02923308
 0.06861833 0.07622132 0.05069014 0.04768984 0.02895189 0.06861833
 0.05102893 0.0329344  0.02455481 0.04262433 0.03867401 0.06837358
 0.05102893 0.03667565 0.02455481]
[0.02916999 0.06706823 0.02193327 0.04143921 0.17206785 0.01760339
 0.05806323 0.16325396 0.0498264  0.0609773  0.01121507 0.05806323
 0.03821751 0.02062346 0.00902412 0.01947541 0.03350132 0.05877158
 0.03821751 0.02246387 0.00902412]
[0.03771216 0.05265752 0.03278758 0.04863453 0.09521382 0.0254707
 0.06160048 0.11827241 0.05476087 0.06437255 0.02101859 0.06160048
 0.04746968 0.03047581 0.01640378 0.03193977 0.03568475 0.06728696
 0.04746968 0.03276411 0.01640378]
[0.02607904 0.06315698 0.02287594 0.05367177 0.12338291 0.01916805
 0.06357577 0.14411879 0.05546652 0.06523652 0.01700513 0.06357577
 0.04267821 0.02639476 0.0131986  0.02542954 0.03639613 0.05447352
 0.04267821 0.02823922 0.0131986 ]
[0.03248888 0.05371223 0.03993161 0.04826574 0.11463696 0.02165747
 0.06942947 0.14850599 0.04883819 0.06185603 0.02055262 0.06942947
 0.03932726 0.02437103 0.01094074 0.03270705 0.03323317 0.05134824
 0.03932726 0.02849976 0.01094074]
[0.04408321 0.05341846 0.03506106 0.0485437  0.07842122 0.02923308
 0.06861833 0.07622132 0.05069014 0.04768984 0.02895189 0.06861833
 0.05102893 0.0329344  0.02455481 0.04262433 0.03867401 0.06837358
 0.05102893 0.03667565 0.02455481]
[0.03139791 0.05244257 0.02600445 0.05001634 0.11850652 0.02411557
 0.06066265 0.1299608  0.04919149 0.06114269 0.01856895 0.06066265
 0.04570862 0.02437159 0.01666114 0.03186602 0.0407901  0.06711087
 0.04570863 0.02844938 0.01666114]
[0.0381047  0.05556086 0.03918362 0.04824907 0.12190747 0.0224329
 0.05675487 0.10556008 0.0441668  0.05418179 0.0208344  0.05675487
 0.05351537 0.02902761 0.01501499 0.03487539 0.03861564 0.06098334
 0.05351536 0.03574589 0.01501499]
[0.02877501 0.05648245 0.03685594 0.03464098 0.12149338 0.02228156
 0.06988673 0.11015807 0.05739819 0.04951986 0.01817124 0.06988673
 0.06167099 0.02867007 0.01523511 0.03003226 0.04095672 0.04421503
 0.06167098 0.02676358 0.01523511]
[0.04024863 0.05510708 0.03322148 0.0515288  0.10689442 0.02350008
 0.06687643 0.09957658 0.04646914 0.04927465 0.02045786 0.06687643
 0.05029646 0.02617913 0.01852553 0.04239435 0.04744819 0.05738784
 0.05029646 0.02891498 0.01852553]
[0.03716623 0.05441091 0.02818969 0.0505464  0.11574499 0.02668205
 0.06398576 0.10995089 0.05222325 0.05777775 0.02334394 0.06398576
 0.04525592 0.0309713  0.01809731 0.03292351 0.04220635 0.05235743
 0.04525592 0.03082731 0.01809731]
[0.04260749 0.06595674 0.0269323  0.03914721 0.11576645 0.02453922
 0.0618986  0.1232243  0.04769126 0.04979825 0.02247511 0.0618986
 0.04621458 0.0274794  0.01529535 0.04104034 0.04345061 0.05140384
 0.0462146  0.03167042 0.01529534]
[0.03139791 0.05244257 0.02600445 0.05001634 0.11850652 0.02411557
 0.06066265 0.1299608  0.04919149 0.06114269 0.01856895 0.06066265
 0.04570862 0.02437159 0.01666114 0.03186602 0.0407901  0.06711087
 0.04570863 0.02844938 0.01666114]
[0.04457708 0.05716718 0.02621996 0.04849582 0.10259464 0.02455955
 0.06945269 0.10791241 0.04406751 0.05667066 0.02283762 0.06945269
 0.05399708 0.02595377 0.01886023 0.04175802 0.03622979 0.04855051
 0.05399708 0.02778536 0.01886023]
[0.02877501 0.05648244 0.03685594 0.03464097 0.12149337 0.02228157
 0.06988674 0.11015805 0.05739818 0.04951986 0.01817125 0.06988674
 0.06167099 0.02867007 0.01523512 0.03003227 0.04095673 0.04421505
 0.06167099 0.02676358 0.01523512]]