69372
Test: public void test062() throws Throwable { if (debug) System.out.format("%n%s%n", "RegressionTest0.test062"); org.jsoup.parser.CharacterReader characterReader1 = new org.jsoup.parser.CharacterReader("multipart/form-data"); int int3 = characterReader1.nextIndexOf((java.lang.CharSequence) ":contains()"); java.lang.String str4 = characterReader1.consumeDigitSequence(); char char5 = characterReader1.consume(); }
Code: public CharacterReader(Reader input, int sz) { Validate.notNull(input); Validate.isTrue(input.markSupported()); reader = input; charBuf = new char[sz > maxBufferLen ? maxBufferLen : sz]; bufferUp(); }
[[0.02948539 0.05386271 0.1214986  0.01698236 0.09798893 0.04773331
 0.02288084 0.0854577  0.034421   0.01909018 0.03916163 0.02753957
 0.01909018 0.01428983 0.0522805  0.04641476 0.02597676 0.04468374
 0.02597676 0.03074023 0.03356969 0.09647061 0.01440464]
[0.02516587 0.04477403 0.12108955 0.01309713 0.13593616 0.05004733
 0.02097601 0.1104937  0.03698915 0.01742122 0.03330556 0.02253374
 0.01742122 0.01165058 0.05872145 0.03315997 0.0168218  0.03756573
 0.0168218  0.02264363 0.03660547 0.10886213 0.0078968 ]
[0.02277271 0.04338727 0.11399032 0.01041188 0.11625749 0.04840611
 0.01989727 0.10801048 0.03145314 0.02067325 0.03525092 0.03038737
 0.02067325 0.01413044 0.05105992 0.04818528 0.01730333 0.05219753
 0.01730333 0.02781662 0.0315069  0.10501194 0.01391325]
[0.01946341 0.04177646 0.12082738 0.01286496 0.14409763 0.05087443
 0.01769332 0.11000518 0.04413329 0.01637223 0.03100951 0.02469091
 0.01637223 0.01035036 0.05083694 0.0354052  0.02411817 0.04976021
 0.02411817 0.02322643 0.04376655 0.07795941 0.01027762]
[0.0396282  0.04227006 0.08810525 0.01655526 0.09420448 0.0705893
 0.02738649 0.07984205 0.03391473 0.0203715  0.0462842  0.02770312
 0.0203715  0.01854679 0.05652703 0.05185904 0.02340708 0.04907484
 0.02340708 0.03619076 0.03842292 0.07905619 0.01628213]
[0.03473066 0.04084723 0.09600643 0.01629772 0.10463825 0.05922216
 0.02568094 0.0816948  0.0358455  0.02906659 0.05280889 0.03078822
 0.02906659 0.01888774 0.05000259 0.0480594  0.0259354  0.0430735
 0.0259354  0.02892056 0.03168105 0.07046855 0.02034183]
[0.03013338 0.05101839 0.09744455 0.01479612 0.11859846 0.04649417
 0.02411682 0.08366716 0.03734042 0.02251497 0.03812829 0.03135967
 0.02251497 0.01442722 0.05025782 0.05388603 0.02746273 0.04795341
 0.02746273 0.02280567 0.02803691 0.09746058 0.01211945]
[0.02042552 0.0374841  0.10649629 0.00914441 0.1573701  0.05942193
 0.01457859 0.11377268 0.03537683 0.0143629  0.03178741 0.027707
 0.0143629  0.00972092 0.05486167 0.03110714 0.01845794 0.04124397
 0.01845794 0.02024765 0.03485243 0.12061755 0.00814211]
[0.02538628 0.04502025 0.09436376 0.00885624 0.1471394  0.06280201
 0.02078291 0.11263639 0.02912297 0.01783963 0.0348649  0.02513492
 0.01783963 0.0099639  0.05365753 0.03941041 0.02558562 0.05515252
 0.02558562 0.0176393  0.0283277  0.09080093 0.01208725]
[0.03870077 0.04559543 0.07798119 0.02298917 0.10043725 0.04625832
 0.03078767 0.06906837 0.04062096 0.03282104 0.04301098 0.04431299
 0.03282104 0.01835414 0.04652249 0.05172282 0.02453801 0.05194641
 0.02453801 0.03387998 0.03722966 0.06628126 0.01958204]
[0.02954875 0.05136724 0.09489195 0.01971593 0.12226884 0.04998498
 0.02053688 0.09097313 0.02821798 0.02281868 0.03854044 0.0316617
 0.02281868 0.01497327 0.06515547 0.04691553 0.02033596 0.04631794
 0.02033596 0.02331266 0.03233106 0.08987457 0.01710239]
[0.02421711 0.04398701 0.10040912 0.0148217  0.14692035 0.06447709
 0.02080148 0.09853235 0.03608009 0.02449248 0.03356298 0.02855652
 0.02449248 0.01490316 0.04825848 0.04377592 0.02623103 0.04271034
 0.02623103 0.02094219 0.03197043 0.07203113 0.01159555]
[0.03870077 0.04559543 0.07798119 0.02298917 0.10043725 0.04625832
 0.03078767 0.06906837 0.04062096 0.03282104 0.04301098 0.04431299
 0.03282104 0.01835414 0.04652249 0.05172282 0.02453801 0.05194641
 0.02453801 0.03387998 0.03722966 0.06628126 0.01958204]
[0.02738494 0.04670632 0.10448804 0.01522505 0.1040062  0.05832802
 0.01941666 0.10471828 0.03667281 0.0211728  0.03506719 0.02779302
 0.0211728  0.0167981  0.06051196 0.04408578 0.02177224 0.04480589
 0.02177224 0.03492001 0.03058035 0.08628459 0.01631666]
[0.02864738 0.04734506 0.09192625 0.01698869 0.11256018 0.04172911
 0.02665631 0.09673326 0.03879706 0.0237428  0.03411519 0.02632738
 0.0237428  0.015409   0.05670933 0.04354351 0.02847866 0.04244909
 0.02847866 0.02558932 0.0371947  0.09581326 0.01702304]
[0.03093011 0.04405661 0.12101792 0.01333002 0.1238615  0.04778711
 0.02035614 0.0851315  0.04171872 0.01689528 0.03944188 0.02550011
 0.01689528 0.01020987 0.05761711 0.05514295 0.02105268 0.04685513
 0.02105268 0.01944289 0.03237636 0.09870814 0.01062002]
[0.02765758 0.05062556 0.11032049 0.01186209 0.11823553 0.06501335
 0.01850417 0.09514324 0.02673881 0.02168886 0.0469263  0.02364774
 0.02168886 0.01297139 0.05430942 0.05840915 0.02221328 0.04099501
 0.02221328 0.02451519 0.02938798 0.08727292 0.00965986]
[0.02364948 0.05220088 0.10784923 0.00987531 0.12451732 0.07373556
 0.01734087 0.09970618 0.03059347 0.01618206 0.03453371 0.02784011
 0.01618206 0.01135089 0.06144929 0.03906386 0.01795941 0.04411869
 0.01795941 0.02927332 0.03303322 0.09816192 0.01342375]
[0.02765758 0.05062556 0.11032049 0.01186209 0.11823553 0.06501335
 0.01850417 0.09514324 0.02673881 0.02168886 0.0469263  0.02364774
 0.02168886 0.01297139 0.05430942 0.05840915 0.02221328 0.04099501
 0.02221328 0.02451519 0.02938798 0.08727292 0.00965986]
[0.02992522 0.04463756 0.09569376 0.01780078 0.11548413 0.05134737
 0.02605732 0.09220607 0.03191157 0.02374327 0.04625224 0.03194007
 0.02374327 0.01570603 0.03915367 0.0520288  0.03022958 0.05978499
 0.03022958 0.02185836 0.02460789 0.07853597 0.01712252]
[0.02907477 0.04774299 0.08856608 0.01683211 0.11608733 0.04877666
 0.02392749 0.10189639 0.03721614 0.01939522 0.03804792 0.02757161
 0.01939522 0.01421144 0.05276331 0.04908701 0.02414844 0.05594639
 0.02414844 0.02269453 0.03944997 0.08996768 0.01305284]
[0.02412886 0.03904666 0.1156275  0.00894085 0.14108929 0.05101309
 0.01674469 0.11063705 0.02774683 0.01868596 0.03380138 0.02211951
 0.01868596 0.01073967 0.07042967 0.03876152 0.02027153 0.04407341
 0.02027153 0.01893554 0.02998866 0.11073954 0.00752129]
[0.02206156 0.04062509 0.11178207 0.01641372 0.12816945 0.06324384
 0.01874202 0.06952237 0.0376829  0.02066039 0.04193922 0.03244761
 0.02066039 0.0123998  0.04669131 0.04829242 0.02423285 0.05234533
 0.02423285 0.02230185 0.03384514 0.09841368 0.0132942 ]]