15619
Test: public void testStripLeadingHyphens() { }
Code: static String stripLeadingHyphens(String str){if (str.startsWith("--")){return str.substring(-1, str.length());}else if (str.startsWith("-")){return str.substring(1, str.length());}return str;}
tensor([[0.1290, 0.0853, 0.0435, 0.0494, 0.0685, 0.1771, 0.0272, 0.1464, 0.0548,
         0.0779, 0.0497, 0.0912],
        [0.1397, 0.0643, 0.0461, 0.0523, 0.0658, 0.1817, 0.0219, 0.1557, 0.0562,
         0.0754, 0.0565, 0.0843],
        [0.1418, 0.0871, 0.0477, 0.0568, 0.0748, 0.1745, 0.0248, 0.1315, 0.0472,
         0.0791, 0.0597, 0.0749],
        [0.1486, 0.0775, 0.0497, 0.0504, 0.0661, 0.2015, 0.0251, 0.1129, 0.0666,
         0.0801, 0.0597, 0.0618],
        [0.1302, 0.0792, 0.0513, 0.0677, 0.0722, 0.1686, 0.0260, 0.1434, 0.0529,
         0.0843, 0.0545, 0.0695],
        [0.1318, 0.0894, 0.0388, 0.0471, 0.0846, 0.1472, 0.0241, 0.1615, 0.0591,
         0.0808, 0.0545, 0.0810],
        [0.1197, 0.0735, 0.0443, 0.0507, 0.0586, 0.2348, 0.0207, 0.1330, 0.0561,
         0.0733, 0.0627, 0.0727],
        [0.1451, 0.0827, 0.0322, 0.0320, 0.0585, 0.2444, 0.0116, 0.1703, 0.0462,
         0.0727, 0.0595, 0.0448],
        [0.1294, 0.0835, 0.0506, 0.0631, 0.0638, 0.1736, 0.0232, 0.1356, 0.0575,
         0.0761, 0.0655, 0.0781],
        [0.1322, 0.0683, 0.0524, 0.0558, 0.0925, 0.1503, 0.0205, 0.1630, 0.0561,
         0.0716, 0.0651, 0.0721],
        [0.1229, 0.0714, 0.0403, 0.0423, 0.0588, 0.2363, 0.0169, 0.1586, 0.0506,
         0.0855, 0.0594, 0.0569],
        [0.1308, 0.0865, 0.0382, 0.0576, 0.0733, 0.1937, 0.0177, 0.1348, 0.0602,
         0.0801, 0.0515, 0.0757]])