69872
Test: public void testScriptTagInWhiteList() { Whitelist whitelist = Whitelist.relaxed(); whitelist.addTags( "script" ); }
Code: public boolean isValid(Document dirtyDocument) { ; Document clean = Document.createShell(dirtyDocument.baseUri()); int numDiscarded = copySafeNodes(dirtyDocument.body(), clean.body()); return numDiscarded == -1; }
[[0.03044963 0.07417452 0.09757355 0.02900797 0.04236227 0.01713664
 0.11743744 0.08114737 0.01927199 0.06566068 0.01891264 0.11584952
 0.01927199 0.01981498 0.01643373 0.03372852 0.11584948 0.04752621
 0.02503181 0.01335902]
[0.02240833 0.11995064 0.10813463 0.02332976 0.05385046 0.01011352
 0.12081684 0.06828967 0.01748333 0.06183079 0.01108172 0.11847603
 0.01748333 0.01359615 0.01160205 0.03625239 0.11847603 0.03410715
 0.02254368 0.01017353]
[0.01896093 0.10243744 0.12817106 0.03136372 0.05197765 0.01387137
 0.11482493 0.07568099 0.02248331 0.0500355  0.01406689 0.10706543
 0.02248331 0.017038   0.01559541 0.03606545 0.10706542 0.03774802
 0.02253617 0.010529  ]
[0.02829813 0.08032317 0.1219937  0.03386839 0.04756854 0.01732362
 0.09650365 0.05250523 0.02652283 0.06274381 0.01674616 0.1095192
 0.02652283 0.01929414 0.02054567 0.04175914 0.10951917 0.04296161
 0.02999283 0.01548812]
[0.03533371 0.0790422  0.10690758 0.02960247 0.05582766 0.01981752
 0.1068105  0.08130001 0.02937109 0.05849522 0.01702087 0.0898929
 0.02937109 0.02168972 0.02247097 0.0407926  0.08989291 0.03803354
 0.02848628 0.01984119]
[0.01724172 0.09711204 0.12722687 0.02862269 0.04990913 0.01076866
 0.08808361 0.06017317 0.01497371 0.06208264 0.01093626 0.14578171
 0.01497371 0.01153593 0.01083389 0.03266456 0.14578179 0.04307698
 0.02198253 0.00623841]
[0.02597475 0.0899403  0.10706405 0.02793936 0.05138548 0.01289692
 0.11190538 0.07525619 0.01504977 0.04960897 0.01424692 0.13957033
 0.01504977 0.01292259 0.01232099 0.03097861 0.1395703  0.03515124
 0.02364785 0.00952022]
[0.0328986  0.08795921 0.09434761 0.0351678  0.04946759 0.0161218
 0.12225982 0.08255967 0.01987831 0.06066959 0.01735859 0.09611548
 0.01987831 0.02505314 0.01970564 0.03119108 0.09611547 0.04871428
 0.02986719 0.01467079]
[0.04059446 0.08575176 0.0902724  0.03434044 0.04459923 0.02536473
 0.09275614 0.08495493 0.03329774 0.05330487 0.02474901 0.08047436
 0.03329774 0.02775533 0.02780439 0.04432051 0.08047434 0.04614007
 0.03015305 0.01959446]
[0.01709818 0.10992081 0.1057006  0.03079648 0.04081418 0.01146964
 0.11228561 0.06494852 0.02016604 0.05759953 0.01195857 0.13769682
 0.02016604 0.01469068 0.01118075 0.03256428 0.13769686 0.03593746
 0.01925472 0.00805423]
[0.02093789 0.08439024 0.10206725 0.02975181 0.04390858 0.01724862
 0.11544079 0.07330707 0.01767862 0.0525475  0.01569749 0.12795587
 0.01767862 0.01531227 0.01527232 0.03337634 0.12795587 0.05444068
 0.02519628 0.00983595]
[0.03248051 0.09272783 0.08884296 0.03103749 0.04462513 0.0175208
 0.1055114  0.07384469 0.02343546 0.06160866 0.01990558 0.10222362
 0.02343546 0.0197919  0.0228751  0.04274454 0.1022236  0.04878415
 0.03237696 0.01400421]
[0.04059446 0.08575176 0.0902724  0.03434044 0.04459923 0.02536473
 0.09275614 0.08495493 0.03329774 0.05330487 0.02474901 0.08047436
 0.03329774 0.02775533 0.02780439 0.04432051 0.08047434 0.04614007
 0.03015305 0.01959446]
[0.02373956 0.11732898 0.10930271 0.03057544 0.05808593 0.01260753
 0.12419607 0.07431926 0.01554384 0.05582426 0.01133422 0.10844731
 0.01554384 0.01590383 0.01318771 0.03797359 0.10844734 0.03869719
 0.02047743 0.00846394]
[0.02721613 0.07848072 0.10921028 0.02362357 0.04741217 0.01259228
 0.11136965 0.0693524  0.01799293 0.05712778 0.01351653 0.1340696
 0.01799293 0.01744172 0.01821813 0.0336695  0.13406956 0.040084
 0.0244021  0.01215797]
[0.02012733 0.10350364 0.11925333 0.02397425 0.03984014 0.01217611
 0.11757025 0.08186124 0.01970747 0.06084049 0.01189214 0.12084329
 0.01970747 0.01301093 0.01617311 0.02913755 0.1208433  0.03858973
 0.02005493 0.01089326]
[0.03248051 0.09272783 0.08884296 0.03103749 0.04462513 0.0175208
 0.1055114  0.07384469 0.02343546 0.06160866 0.01990558 0.10222362
 0.02343546 0.0197919  0.0228751  0.04274454 0.1022236  0.04878415
 0.03237696 0.01400421]
[0.01482146 0.12480241 0.09734769 0.02271238 0.03821683 0.00815805
 0.1307904  0.06326425 0.01536341 0.0471686  0.00917372 0.14998792
 0.01536341 0.01123029 0.01104506 0.02439563 0.14998794 0.03668734
 0.02165206 0.00783115]
[0.03581367 0.08091184 0.10364114 0.03010824 0.06152007 0.01749463
 0.10021348 0.07787401 0.02035539 0.06226535 0.0206806  0.09743202
 0.02035539 0.02037152 0.02290239 0.03903739 0.09743203 0.04757635
 0.02982527 0.01418921]
[0.02222422 0.08268941 0.1028327  0.02882431 0.04836881 0.01643436
 0.09633353 0.06571316 0.01914636 0.06026858 0.01721419 0.13673216
 0.01914636 0.0147353  0.01178759 0.04601021 0.13673212 0.03776941
 0.02620692 0.01083027]]