66915
Test: public void testGenericSignature1195() throws Exception { TypeFactory tf = TypeFactory.defaultInstance(); Method m; JavaType t; m = Generic1195.class.getMethod("getList"); t = tf.constructType(m.getGenericReturnType()); m = Generic1195.class.getMethod("getMap"); t = tf.constructType(m.getGenericReturnType()); m = Generic1195.class.getMethod("getGeneric"); t = tf.constructType(m.getGenericReturnType()); }
Code: public StringBuilder getGenericSignature(StringBuilder sb) { _classSignature(_class, sb, false); sb.append('<'); sb = _referencedType.getGenericSignature(sb); sb.append(">;"); return sb; }
[[0.04233541 0.04091125 0.08419604 0.04136746 0.05630798 0.10331642
 0.11279557 0.07421666 0.10696043 0.0266586  0.02662934 0.05202796
 0.13627975 0.0465743  0.03141593 0.01800691]
[0.03748862 0.04256478 0.07453728 0.03685639 0.06906629 0.09384594
 0.11798295 0.0681476  0.0985065  0.02322505 0.02532903 0.05383307
 0.16516784 0.04758759 0.02762223 0.01823889]
[0.03705803 0.0509442  0.07557505 0.03610954 0.0744305  0.0907442
 0.13242416 0.05996341 0.11060944 0.02802072 0.0259781  0.04297711
 0.14334577 0.04095541 0.03214759 0.01871671]
[0.02989869 0.04767437 0.08868331 0.02987562 0.04490456 0.11868298
 0.17134193 0.07808152 0.08696063 0.01793403 0.02981217 0.04604967
 0.13135514 0.03788211 0.02524455 0.0156188 ]
[0.0427278  0.0496463  0.09707983 0.04347706 0.06443934 0.08119515
 0.10046452 0.07104075 0.11291873 0.02700122 0.0353784  0.05811607
 0.11407568 0.04973037 0.02930843 0.02340036]
[0.03831557 0.0429802  0.06653532 0.03407662 0.06319255 0.09128644
 0.16362822 0.07668053 0.10511369 0.01925459 0.0266717  0.0515514
 0.14213064 0.04159001 0.02373224 0.01326029]
[0.0466997  0.04225399 0.08303262 0.0372924  0.06328996 0.08371803
 0.14560767 0.06249236 0.10748606 0.02456801 0.02442631 0.0506689
 0.13142994 0.05168758 0.02810835 0.01723813]
[0.03872979 0.05664654 0.07428249 0.03206173 0.06657207 0.09205422
 0.165721   0.08363072 0.08996194 0.02347726 0.0280956  0.04264003
 0.1234778  0.04379782 0.02167715 0.01717386]
[0.04329012 0.04708714 0.06210452 0.03669444 0.07005143 0.10373314
 0.12152848 0.07240555 0.12879497 0.02176895 0.0250793  0.04996078
 0.12613235 0.0449045  0.02846581 0.01799846]
[0.03782765 0.04399715 0.07692192 0.03152542 0.05782449 0.08344948
 0.15104826 0.0656537  0.1204703  0.02078872 0.02531333 0.055141
 0.13867961 0.04502859 0.02761437 0.0187161 ]
[0.04932728 0.05090255 0.0815641  0.04307705 0.05337785 0.07848307
 0.09349235 0.08406659 0.12454174 0.03260804 0.04022602 0.06530476
 0.09246848 0.05370013 0.03324698 0.02361301]
[0.03261957 0.04735068 0.07533573 0.02655302 0.06355851 0.08589584
 0.18139857 0.08074481 0.09699038 0.01516205 0.02249623 0.03850391
 0.1556838  0.04178184 0.02213109 0.013794  ]
[0.04116195 0.0533011  0.07816926 0.03468347 0.05886612 0.09888145
 0.13851912 0.08185452 0.09741817 0.02396809 0.02384905 0.04910143
 0.13824263 0.04204861 0.02534677 0.01458823]
[0.02655673 0.04331044 0.07569439 0.02965721 0.05281609 0.09271957
 0.18697026 0.06622081 0.11385785 0.020279   0.02601798 0.04446273
 0.14263156 0.03840233 0.02597439 0.01442868]
[0.0253484  0.03681985 0.05985297 0.02938111 0.07457059 0.09964579
 0.1793907  0.06728838 0.09875949 0.0220155  0.02059471 0.03890414
 0.16279666 0.04674546 0.02655392 0.01133234]
[0.02777043 0.03850539 0.07473292 0.03001671 0.06718311 0.10786976
 0.14904806 0.06378512 0.08926119 0.02176862 0.02465694 0.04389969
 0.16268007 0.05944171 0.02472115 0.01465918]]