99168
Test: public void shouldNotThrowNPEWhenIntegerPassedToSame() { mock.intArgumentMethod(100); verify(mock, never()).intArgumentMethod(same(new Integer(100))); }
Code: public static <T> T same(T value) { return (T) reportMatcher(new Same(value)).<T>returnFor((Class) value.getClass()); }
tensor([[0.0381, 0.1121, 0.0993, 0.0250, 0.2671, 0.0459, 0.0498, 0.0418, 0.0413,
         0.0446, 0.1529, 0.0662, 0.0160],
        [0.0405, 0.1052, 0.1210, 0.0223, 0.2567, 0.0391, 0.0686, 0.0381, 0.0484,
         0.0408, 0.1328, 0.0679, 0.0188],
        [0.0385, 0.0944, 0.1202, 0.0169, 0.2593, 0.0443, 0.0728, 0.0425, 0.0421,
         0.0405, 0.1213, 0.0907, 0.0164],
        [0.0377, 0.1021, 0.1129, 0.0218, 0.2363, 0.0453, 0.0583, 0.0438, 0.0451,
         0.0507, 0.1528, 0.0768, 0.0165],
        [0.0271, 0.1036, 0.1014, 0.0158, 0.3230, 0.0413, 0.0518, 0.0340, 0.0370,
         0.0363, 0.1373, 0.0804, 0.0110],
        [0.0351, 0.1143, 0.1023, 0.0170, 0.2827, 0.0427, 0.0567, 0.0419, 0.0400,
         0.0449, 0.1426, 0.0655, 0.0142],
        [0.0465, 0.1065, 0.0975, 0.0251, 0.1841, 0.0520, 0.0708, 0.0540, 0.0607,
         0.0612, 0.1356, 0.0806, 0.0256],
        [0.0247, 0.1122, 0.1122, 0.0140, 0.2942, 0.0403, 0.0468, 0.0362, 0.0329,
         0.0502, 0.1504, 0.0729, 0.0129],
        [0.0394, 0.1128, 0.1115, 0.0202, 0.2364, 0.0618, 0.0574, 0.0402, 0.0383,
         0.0510, 0.1437, 0.0711, 0.0165],
        [0.0258, 0.1132, 0.1094, 0.0125, 0.3047, 0.0412, 0.0527, 0.0338, 0.0389,
         0.0527, 0.1300, 0.0754, 0.0097],
        [0.0339, 0.1130, 0.1018, 0.0145, 0.3045, 0.0462, 0.0426, 0.0402, 0.0329,
         0.0416, 0.1441, 0.0732, 0.0116],
        [0.0347, 0.0969, 0.1015, 0.0212, 0.2356, 0.0588, 0.0770, 0.0504, 0.0421,
         0.0542, 0.1427, 0.0698, 0.0152],
        [0.0274, 0.1015, 0.1231, 0.0186, 0.2758, 0.0340, 0.0584, 0.0563, 0.0441,
         0.0399, 0.1435, 0.0643, 0.0131]])