68886
Test: public void testNewsHomepage() throws IOException { File in = getFile("/htmltests/news-com-au-home.html"); Document doc = Jsoup.parse(in, "UTF-8", "http: Element a = doc.select("a[href=/entertainment/horoscopes]").first();
Code: public String title() { Element titleEl = getElementsByTag("title").first(); return titleEl != null ? StringUtil.normaliseWhitespace(titleEl.text()).trim() : ""; }
[[0.04914237 0.06254621 0.03460687 0.06939666 0.02309571 0.12159911
 0.03116855 0.06294079 0.05456118 0.12159911 0.0273208  0.05503133
 0.08383008 0.04292897 0.04696782 0.09147941 0.02178504]
[0.05019783 0.05927759 0.03872473 0.06694802 0.02260132 0.12427692
 0.03434069 0.05910952 0.04989631 0.12427692 0.0277615  0.04251876
 0.06772717 0.04502305 0.03641183 0.13345784 0.01744996]
[0.04459374 0.06448842 0.03872056 0.0705527  0.01846827 0.13754557
 0.02457224 0.04907055 0.05224428 0.13754557 0.02715615 0.04063426
 0.09722854 0.05096089 0.03481723 0.09149886 0.0199021 ]
[0.05108559 0.07621852 0.03458918 0.079262   0.02701262 0.10394295
 0.042399   0.05022687 0.05916805 0.10394295 0.03569333 0.04214697
 0.06808016 0.04652461 0.04156507 0.10973629 0.02840579]
[0.04410635 0.07078334 0.03190201 0.07032318 0.02075234 0.13746652
 0.0267069  0.04876422 0.05135117 0.13746652 0.02027112 0.04248388
 0.09679878 0.03880848 0.03219725 0.11373354 0.01608436]
[0.04775107 0.07038121 0.03524687 0.08783448 0.01753522 0.11452308
 0.03527037 0.0523819  0.05340893 0.11452308 0.02519068 0.04914333
 0.07822291 0.04132102 0.04652721 0.10472877 0.0260099 ]
[0.05526517 0.06556773 0.03769378 0.06213091 0.03428919 0.09383841
 0.04573842 0.06339887 0.060606   0.09383841 0.04623007 0.04548417
 0.07621217 0.06060532 0.04695921 0.08512544 0.02701668]
[0.04091693 0.06719353 0.03218129 0.07363305 0.02527622 0.12068827
 0.0358359  0.06077547 0.04764957 0.12068827 0.02252867 0.05060375
 0.0904721  0.038494   0.03525516 0.11814404 0.01966381]
[0.03415311 0.07722255 0.03086536 0.06567695 0.01597647 0.1464634
 0.03332321 0.05612956 0.04977262 0.1464634  0.02092809 0.04355291
 0.09730044 0.03844284 0.0314893  0.09418561 0.01805419]
[0.04775107 0.07038121 0.03524687 0.08783448 0.01753522 0.11452308
 0.03527037 0.0523819  0.05340893 0.11452308 0.02519068 0.04914333
 0.07822291 0.04132102 0.04652721 0.10472877 0.0260099 ]
[0.03356323 0.0850957  0.02927518 0.07427286 0.0145909  0.13291469
 0.02744962 0.05440198 0.04585749 0.13291469 0.01394957 0.03555983
 0.09847394 0.04073301 0.02057601 0.14697322 0.01339799]
[0.04042074 0.05897259 0.04068555 0.0883598  0.02029713 0.12526678
 0.03498791 0.05812486 0.06469638 0.12526678 0.02205498 0.03766448
 0.09142984 0.03779198 0.03149622 0.10873383 0.01375016]
[0.0373143  0.08010591 0.03535104 0.08164079 0.01295528 0.14379787
 0.02316741 0.04455937 0.05048246 0.14379787 0.02143852 0.03696108
 0.08651597 0.03533873 0.03593448 0.11493416 0.01570484]
[0.03891998 0.07017425 0.03326676 0.07455147 0.01553201 0.13795048
 0.02721428 0.05328269 0.05343005 0.13795048 0.01759393 0.03789898
 0.09045871 0.04146972 0.0301193  0.12652692 0.01365998]
[0.0463115  0.05629509 0.03933077 0.07097844 0.02407489 0.11564337
 0.03563314 0.05691727 0.0583543  0.11564337 0.02931858 0.04719257
 0.10506845 0.0440903  0.03175983 0.09875018 0.02463799]
[0.04675119 0.07608879 0.02909485 0.07779019 0.02404206 0.12545404
 0.02836887 0.05710374 0.05802432 0.12545404 0.02255602 0.04341575
 0.08270103 0.043855   0.03911262 0.1019809  0.01820657]
[0.03457459 0.0633592  0.0381914  0.08469784 0.01891208 0.11693425
 0.03081272 0.05701892 0.07431044 0.11693425 0.02479115 0.03959124
 0.08876285 0.0433133  0.03131176 0.11805707 0.0184269 ]]