100360
Test: public void testAddMillis_int_dstOverlapWinter_addZero() { MutableDateTime test = new MutableDateTime(2011, 10, 30, 2, 30, 0, 0, DateTimeZone.forID("Europe/Berlin")); test.addHours(1); test.addMillis(0); }
Code: public void addMillis(final int millis) { if (millis != 0) { setMillis(getChronology().millis().add(getMillis(), millis)); } }
tensor([[0.0710, 0.0551, 0.0265, 0.0487, 0.1076, 0.0756, 0.1895, 0.1057, 0.0363,
         0.0352, 0.0756, 0.0594, 0.0616, 0.0261, 0.0261],
        [0.0645, 0.0479, 0.0243, 0.0370, 0.1643, 0.0738, 0.2086, 0.0888, 0.0321,
         0.0311, 0.0738, 0.0473, 0.0586, 0.0240, 0.0240],
        [0.0723, 0.0443, 0.0186, 0.0448, 0.1516, 0.0857, 0.1984, 0.0994, 0.0299,
         0.0283, 0.0857, 0.0504, 0.0509, 0.0199, 0.0199],
        [0.0468, 0.0370, 0.0288, 0.0383, 0.1343, 0.0792, 0.2682, 0.0862, 0.0264,
         0.0308, 0.0792, 0.0552, 0.0499, 0.0198, 0.0198],
        [0.0787, 0.0415, 0.0261, 0.0432, 0.1180, 0.0717, 0.1831, 0.1182, 0.0295,
         0.0391, 0.0717, 0.0672, 0.0653, 0.0234, 0.0234],
        [0.0700, 0.0588, 0.0325, 0.0361, 0.1255, 0.0866, 0.1240, 0.1201, 0.0450,
         0.0425, 0.0866, 0.0522, 0.0508, 0.0347, 0.0347],
        [0.0541, 0.0351, 0.0135, 0.0293, 0.1663, 0.0675, 0.2878, 0.1070, 0.0159,
         0.0280, 0.0675, 0.0424, 0.0611, 0.0122, 0.0122],
        [0.0560, 0.0404, 0.0184, 0.0424, 0.1596, 0.0660, 0.2421, 0.0813, 0.0263,
         0.0319, 0.0660, 0.0646, 0.0664, 0.0192, 0.0192],
        [0.0669, 0.0393, 0.0230, 0.0395, 0.1208, 0.0868, 0.2149, 0.1111, 0.0227,
         0.0355, 0.0868, 0.0630, 0.0510, 0.0194, 0.0194],
        [0.0597, 0.0517, 0.0227, 0.0391, 0.1229, 0.0783, 0.2000, 0.0944, 0.0446,
         0.0353, 0.0783, 0.0566, 0.0587, 0.0289, 0.0289],
        [0.0700, 0.0588, 0.0325, 0.0361, 0.1255, 0.0866, 0.1240, 0.1201, 0.0450,
         0.0425, 0.0866, 0.0522, 0.0508, 0.0347, 0.0347],
        [0.0600, 0.0423, 0.0222, 0.0388, 0.1083, 0.0668, 0.2485, 0.0963, 0.0392,
         0.0304, 0.0668, 0.0534, 0.0788, 0.0241, 0.0241],
        [0.0640, 0.0509, 0.0227, 0.0433, 0.1277, 0.0740, 0.1839, 0.0992, 0.0443,
         0.0339, 0.0740, 0.0461, 0.0811, 0.0274, 0.0274],
        [0.0548, 0.0458, 0.0212, 0.0438, 0.1029, 0.0895, 0.2003, 0.1050, 0.0343,
         0.0312, 0.0895, 0.0742, 0.0640, 0.0217, 0.0217],
        [0.0548, 0.0458, 0.0212, 0.0438, 0.1029, 0.0895, 0.2003, 0.1050, 0.0343,
         0.0312, 0.0895, 0.0742, 0.0640, 0.0217, 0.0217]])