66549
Test: public void testWithJsonParserSequenceSimple() throws IOException { TokenBuffer buf = new TokenBuffer(null, false); buf.writeStartArray(); buf.writeString("test"); JsonParser jp = createParserUsingReader("[ true, null ]"); JsonParserSequence seq = JsonParserSequence.createFlattened(buf.asParser(), jp); jp.close(); buf.close(); seq.close(); }
Code: public void writeString(String text) throws IOException { if (text == null) { writeNull(); } else { _appendValue(JsonToken.VALUE_STRING, text); } }
[[0.04332909 0.03501546 0.02727667 0.05315877 0.10284184 0.02233473
 0.057522   0.11676587 0.04456482 0.06841563 0.02329296 0.057522
 0.02627035 0.01840602 0.0631102  0.057522   0.10822736 0.03761227
 0.01840602 0.01840602]
[0.03472609 0.02951996 0.02809842 0.04910944 0.12473907 0.01865191
 0.05689602 0.11497034 0.03806819 0.05083432 0.01752063 0.05689602
 0.02164981 0.01746428 0.07496526 0.05689602 0.13089043 0.04317522
 0.01746428 0.01746428]
[0.03571948 0.02829845 0.02562275 0.05197543 0.09460829 0.02390719
 0.06703812 0.1031675  0.04582492 0.05313858 0.02116303 0.06703812
 0.01777975 0.0161016  0.08031489 0.06703812 0.1363371  0.03272355
 0.0161016  0.0161016 ]
[0.02655842 0.02639106 0.02775623 0.05125754 0.12790164 0.02047261
 0.05498978 0.13066018 0.04132199 0.06406647 0.01599834 0.05498978
 0.01601636 0.01405544 0.06532197 0.05498978 0.14229707 0.03684441
 0.01405544 0.01405544]
[0.02747541 0.02611108 0.02686049 0.0484905  0.13718621 0.01688217
 0.06313746 0.12262325 0.03782714 0.04328061 0.01679921 0.06313746
 0.01656936 0.01254336 0.07772199 0.06313746 0.14775042 0.02737973
 0.01254335 0.01254335]
[0.03218997 0.02555463 0.02577439 0.04724099 0.12383568 0.01838767
 0.05833877 0.13293663 0.03806439 0.06304783 0.01391988 0.05833877
 0.02167516 0.01233581 0.07077669 0.05833877 0.13634306 0.03822931
 0.01233581 0.01233581]
[0.04475964 0.03847372 0.03347736 0.04243183 0.08059369 0.02895139
 0.06528173 0.07796829 0.03803506 0.04943344 0.03025815 0.06528173
 0.0238301  0.02408418 0.07935719 0.06528173 0.10820179 0.05613065
 0.02408417 0.02408417]
[0.02383241 0.01843002 0.02044266 0.04329947 0.13853306 0.01600161
 0.0541277  0.1358811  0.0348316  0.04736611 0.00904303 0.0541277
 0.0134761  0.00813112 0.08991773 0.0541277  0.18505725 0.0371114
 0.00813112 0.00813112]
[0.03926335 0.03162469 0.02783185 0.04176792 0.09177709 0.0231625
 0.06314503 0.1263892  0.03849766 0.06308822 0.02048525 0.06314503
 0.02372954 0.01788887 0.06286539 0.06314503 0.12020531 0.04621028
 0.01788887 0.01788887]
[0.02296836 0.02455035 0.02348811 0.04505305 0.10781976 0.01750005
 0.05886687 0.12662393 0.04100028 0.05691971 0.01492908 0.05886687
 0.01526178 0.01207924 0.06470197 0.05886687 0.19273703 0.03360818
 0.01207925 0.01207925]
[0.03087536 0.02323744 0.02403843 0.05054677 0.10931363 0.02041433
 0.06515752 0.14135814 0.0449146  0.05899972 0.01962679 0.06515752
 0.01915666 0.01031962 0.05772278 0.06515752 0.13828939 0.03507452
 0.01031962 0.01031962]
[0.04475964 0.03847372 0.03347736 0.04243183 0.08059369 0.02895139
 0.06528173 0.07796829 0.03803506 0.04943344 0.03025815 0.06528173
 0.0238301  0.02408418 0.07935719 0.06528173 0.10820179 0.05613065
 0.02408417 0.02408417]
[0.04207376 0.03350445 0.02839953 0.04895984 0.11819816 0.02213097
 0.05642148 0.11092448 0.03609746 0.05300788 0.01810972 0.05642148
 0.0220031  0.01587043 0.07932948 0.05642148 0.13498327 0.03540218
 0.01587043 0.01587043]
[0.02938861 0.02662497 0.0292947  0.04905132 0.12425376 0.02232025
 0.06913222 0.1120146  0.04901142 0.05038489 0.01863301 0.06913222
 0.01706802 0.01518512 0.07339962 0.06913222 0.11202209 0.03358077
 0.01518512 0.01518512]
[0.03398467 0.02542435 0.02290481 0.05138942 0.11608618 0.02030016
 0.06140713 0.10737171 0.03669247 0.05459265 0.01802272 0.06140713
 0.02116108 0.01304957 0.07420725 0.06140713 0.15069656 0.04379585
 0.01304957 0.01304957]
[0.04475964 0.03847372 0.03347736 0.04243183 0.08059369 0.02895139
 0.06528173 0.07796829 0.03803506 0.04943344 0.03025815 0.06528173
 0.0238301  0.02408418 0.07935719 0.06528173 0.10820179 0.05613065
 0.02408417 0.02408417]
[0.03748591 0.03043337 0.03409746 0.05220393 0.08110976 0.0256389
 0.05908019 0.13260747 0.04244519 0.07730961 0.02240732 0.05908019
 0.02737375 0.01735722 0.06287367 0.05908019 0.10860506 0.03609631
 0.01735722 0.01735722]
[0.03752718 0.02755086 0.03049761 0.04922075 0.09565779 0.02000969
 0.06267367 0.13149622 0.03385415 0.05011484 0.01642774 0.06267367
 0.01981718 0.01783571 0.07261092 0.06267367 0.14723635 0.02645062
 0.0178357  0.0178357 ]
[0.02938861 0.02662497 0.0292947  0.04905132 0.12425376 0.02232025
 0.06913222 0.1120146  0.04901142 0.05038489 0.01863301 0.06913222
 0.01706802 0.01518512 0.07339962 0.06913222 0.11202209 0.03358077
 0.01518512 0.01518512]
[0.02938861 0.02662497 0.0292947  0.04905132 0.12425376 0.02232025
 0.06913222 0.1120146  0.04901142 0.05038489 0.01863301 0.06913222
 0.01706802 0.01518512 0.07339962 0.06913222 0.11202209 0.03358077
 0.01518512 0.01518512]]