67342
Test: public void testSchemaWithViews() throws Exception { ListingVisitor v = new ListingVisitor(); MAPPER.writerWithView(ViewBC.class) .acceptJsonFormatVisitor(POJO.class, v); v = new ListingVisitor(); MAPPER.writerWithView(ViewAB.class) .acceptJsonFormatVisitor(POJO.class, v); }
Code: public void acceptJsonFormatVisitor(JsonFormatVisitorWrapper visitor, JavaType typeHint){if (false) {;} else {Class<?> h = handledType();if (h == BigDecimal.class) {;} else {
[[0.04906395 0.04008983 0.04977222 0.0653096  0.08017351 0.04209235
 0.03399975 0.02370752 0.06916935 0.02025773 0.12463284 0.03107916
 0.03287112 0.05347341 0.07646395 0.04630204 0.02370752 0.06916936
 0.06866477]
[0.04080331 0.03495777 0.04862691 0.0538866  0.10033666 0.04955837
 0.02464491 0.02050946 0.08705732 0.01542579 0.13307707 0.03272147
 0.0245057  0.0489053  0.0595408  0.0497767  0.02050946 0.08705735
 0.06809907]
[0.03713635 0.03260712 0.05495488 0.06156853 0.07937145 0.04228991
 0.03493662 0.02546654 0.06863343 0.01707086 0.13982353 0.02985942
 0.02898865 0.05039803 0.06488769 0.06400355 0.02546655 0.06863344
 0.07390339]
[0.04620736 0.03455421 0.04134959 0.0620341  0.08260992 0.0415491
 0.034797   0.02445115 0.0852854  0.02224655 0.11608208 0.02649915
 0.02411359 0.0516968  0.07179185 0.05247077 0.02445114 0.0852854
 0.07252482]
[0.05223654 0.02961066 0.0432289  0.06201387 0.09439541 0.04041225
 0.03457371 0.02383379 0.0706085  0.01947016 0.10910529 0.03143013
 0.02362164 0.04788279 0.07831348 0.05750322 0.02383379 0.07060853
 0.08731727]
[0.04474714 0.04315534 0.0485004  0.0576743  0.08348328 0.04702511
 0.03282564 0.02952681 0.08264313 0.01937696 0.10053072 0.0300685
 0.03091966 0.04929857 0.0631754  0.04680624 0.02952681 0.08264315
 0.07807283]
[0.03916056 0.03735437 0.06154967 0.0569592  0.09555814 0.04586846
 0.02907526 0.01735042 0.078632   0.01586357 0.13004582 0.02805002
 0.02467333 0.0521358  0.07028165 0.04948417 0.01735042 0.078632
 0.07197515]
[0.04820656 0.03639154 0.04373702 0.0701289  0.08444674 0.04627687
 0.02963686 0.02861634 0.08766746 0.01716419 0.09606406 0.02990051
 0.02613412 0.04468488 0.05662473 0.04220385 0.02861634 0.08766749
 0.09583154]
[0.03868087 0.02901815 0.04775032 0.06133294 0.0919733  0.04426468
 0.03025024 0.02399456 0.08362774 0.01631146 0.12916796 0.02792118
 0.0232183  0.04611772 0.06193255 0.06611416 0.02399456 0.08362778
 0.07070164]
[0.03753365 0.02745009 0.05891023 0.05791811 0.08678976 0.03433818
 0.03599349 0.01991327 0.08694509 0.01682324 0.13707376 0.02841512
 0.02301598 0.04119097 0.07612535 0.06050291 0.01991327 0.08694509
 0.06420243]
[0.05007494 0.04592358 0.04743217 0.07722922 0.08137278 0.06042848
 0.04898356 0.03224548 0.06047736 0.02115123 0.08339322 0.03558962
 0.03742957 0.04132966 0.07449228 0.04817623 0.03224548 0.06047736
 0.06154777]
[0.05386793 0.04366655 0.03180413 0.05977333 0.0723755  0.06271283
 0.04336299 0.03002394 0.06730108 0.02551102 0.11528263 0.04428656
 0.03494198 0.03742529 0.06113587 0.05966958 0.03002394 0.06730111
 0.05953374]
[0.05130276 0.04388934 0.04205544 0.08394933 0.07349933 0.04566265
 0.03704914 0.02686408 0.07218205 0.02401612 0.09353584 0.0338014
 0.03278371 0.04173093 0.05868586 0.04742685 0.02686408 0.07218207
 0.09251909]
[0.05003598 0.04294068 0.04592109 0.07165823 0.0707508  0.0407182
 0.03745922 0.01743128 0.08461514 0.0164983  0.10616238 0.03308411
 0.03308646 0.04981384 0.07215256 0.04922642 0.01743128 0.08461515
 0.07639882]
[0.02921635 0.03026894 0.06144894 0.060224   0.09541258 0.04016228
 0.0348134  0.01901877 0.08625918 0.01331897 0.13232483 0.02998397
 0.0157454  0.05148211 0.07316547 0.05108749 0.01901878 0.08625921
 0.07078932]
[0.04653829 0.036656   0.0467306  0.06403091 0.09781359 0.04555266
 0.03908141 0.02689365 0.08343197 0.01574811 0.11588266 0.03139104
 0.02469802 0.04167154 0.05734064 0.04136837 0.02689364 0.083432
 0.07484499]
[0.04820656 0.03639154 0.04373702 0.07012891 0.08444674 0.04627687
 0.02963686 0.02861634 0.08766747 0.0171642  0.09606405 0.02990051
 0.02613412 0.04468487 0.05662472 0.04220384 0.02861634 0.08766749
 0.09583154]
[0.03868087 0.02901814 0.04775031 0.06133294 0.09197327 0.04426467
 0.03025024 0.02399456 0.08362774 0.01631146 0.12916799 0.02792118
 0.02321829 0.04611772 0.06193254 0.06611415 0.02399456 0.08362777
 0.07070163]
[0.04846955 0.0421339  0.03367608 0.06725407 0.07945649 0.0481706
 0.03845395 0.02985454 0.08065543 0.02632539 0.09733483 0.04026752
 0.03513502 0.04533502 0.05228876 0.04859821 0.02985453 0.08065544
 0.07608057]]