67452
Test: public void testExplicitMapType() throws Exception { JavaType key = SimpleType.construct(String.class); JavaType elem = SimpleType.construct(Point.class); JavaType t = MapType.construct(Map.class, key, elem); final String json = aposToQuotes("{'x':{'x':3,'y':5}}"); Map<String,Point> m = MAPPER.readValue(json, t); Object ob = m.values().iterator().next(); Point p = (Point) ob; }
Code: public static EnumSerializer construct(Class<?> enumClass, SerializationConfig config,BeanDescription beanDesc, JsonFormat.Value format){EnumValues v = EnumValues.constructFromName(config, (Class<Enum<?>>) enumClass);Boolean serializeAsIndex = _isShapeWrittenUsingIndex(enumClass, format, true);return new EnumSerializer(v, serializeAsIndex);}
[[0.02458774 0.07351798 0.02721187 0.08458889 0.03152846 0.02727532
 0.02005609 0.03335162 0.03180065 0.02864356 0.01396499 0.01547186
 0.0342811  0.02358216 0.05126286 0.01947766 0.01547186 0.08088115
 0.03166551 0.05382932 0.01240019 0.20210555 0.06304362]
[0.02671742 0.07039294 0.03066777 0.08603376 0.04588619 0.02715018
 0.01895814 0.03001377 0.03529048 0.02804982 0.01509733 0.01729119
 0.03370744 0.03252614 0.04402065 0.02011173 0.01729119 0.07975888
 0.02694657 0.0562595  0.01151482 0.17665449 0.06965961]
[0.01764194 0.06386672 0.02288583 0.09806921 0.03963388 0.03154937
 0.01863684 0.02337884 0.03269295 0.0222906  0.01077964 0.01246899
 0.0265445  0.02450854 0.04150173 0.01442032 0.01246899 0.08634779
 0.02363852 0.05392074 0.00916059 0.24968673 0.06390671]
[0.01893883 0.06095259 0.02396465 0.11273655 0.05118908 0.03231221
 0.01721352 0.0289936  0.03325331 0.02176699 0.010086   0.01376433
 0.03195316 0.02476192 0.03905002 0.01979003 0.01376433 0.07407108
 0.02200489 0.05595624 0.01017992 0.21429077 0.06900603]
[0.01687147 0.05660404 0.0245982  0.08784461 0.04502365 0.02795353
 0.01591535 0.03223    0.02950592 0.02714264 0.00948587 0.01468707
 0.02568856 0.0250249  0.04450433 0.01484876 0.01468707 0.06590468
 0.01882965 0.06655756 0.00881335 0.22311963 0.10415923]
[0.01700527 0.07260565 0.0262586  0.10521652 0.03415566 0.03741664
 0.01785692 0.02652534 0.03305845 0.02227549 0.01289579 0.01830466
 0.03066254 0.02395641 0.04732082 0.01870434 0.01830465 0.08650991
 0.03440078 0.06207442 0.01183947 0.17512035 0.0675313 ]
[0.01887417 0.0709395  0.02094945 0.10507917 0.03766344 0.03528937
 0.01890031 0.02423776 0.0263832  0.0253119  0.00942728 0.01375876
 0.02740156 0.01738887 0.04163768 0.01651732 0.01375876 0.07926507
 0.02170977 0.05937057 0.00913379 0.2170921  0.0899101 ]
[0.02175968 0.06218684 0.03237054 0.0870119  0.03896185 0.0365398
 0.01987519 0.02919924 0.03155107 0.02544112 0.01349224 0.02216641
 0.03887723 0.03102743 0.05157209 0.02490684 0.02216641 0.0934114
 0.03113127 0.06237795 0.01571548 0.15074217 0.0575158 ]
[0.0194839  0.08100895 0.02171681 0.10369771 0.03103055 0.02563328
 0.01728417 0.02408656 0.03265381 0.02427787 0.00993364 0.01342053
 0.02550732 0.02758246 0.04635023 0.01346543 0.01342053 0.09729904
 0.02229444 0.04934843 0.00782538 0.21201235 0.08066657]
[0.02351663 0.06886626 0.02982661 0.09902446 0.04178958 0.030961
 0.02159013 0.03205157 0.03149768 0.03047283 0.01173302 0.01854479
 0.02873501 0.03052077 0.04954236 0.02147945 0.01854479 0.0710515
 0.02061599 0.05419979 0.01251405 0.18533796 0.0675837 ]
[0.02172107 0.06576426 0.02694891 0.09068333 0.03854834 0.0245855
 0.01537227 0.03368018 0.02828278 0.02570954 0.01134531 0.01356196
 0.03332936 0.026367   0.04230236 0.01603232 0.01356196 0.07619673
 0.02628397 0.06526732 0.00871173 0.2261672  0.06957656]
[0.03129455 0.07187197 0.04622278 0.07570979 0.03151718 0.0334332
 0.02716063 0.02706657 0.04011723 0.03275768 0.01991717 0.02527959
 0.03663149 0.03901432 0.06010563 0.02441474 0.02527959 0.08542183
 0.0295322  0.04824439 0.01459702 0.10850405 0.06590637]
[0.01932466 0.06813081 0.02770683 0.0812749  0.04455049 0.03395289
 0.02097876 0.03717229 0.03530299 0.02812837 0.01519264 0.02002924
 0.0389387  0.02481572 0.05478198 0.02275181 0.02002924 0.06929038
 0.0247755  0.05868767 0.01379794 0.17057973 0.06980653]
[0.01381838 0.07415183 0.0174575  0.12455621 0.03872971 0.02173379
 0.01162649 0.02834332 0.02121452 0.0215814  0.00893528 0.00971286
 0.02332953 0.01964336 0.03590582 0.01073241 0.00971286 0.06572407
 0.02053948 0.06331484 0.00626386 0.29535726 0.05761519]
[0.02356577 0.08006009 0.033412   0.08651964 0.03685724 0.0344151
 0.02120327 0.02804271 0.03620594 0.02311756 0.01627668 0.01843783
 0.0343787  0.02724826 0.05093584 0.0231907  0.01843783 0.08287966
 0.02809673 0.0550002  0.0116199  0.15090716 0.07919113]
[0.01629504 0.07203719 0.02490414 0.09532484 0.03996254 0.02703696
 0.01533687 0.02554457 0.03134361 0.02355367 0.00845449 0.01322119
 0.03008817 0.0223753  0.03367503 0.01833853 0.01322119 0.07519762
 0.02073052 0.06921539 0.00851643 0.25932163 0.05630506]
[0.03129455 0.07187197 0.04622278 0.07570979 0.03151718 0.0334332
 0.02716063 0.02706657 0.04011723 0.03275768 0.01991717 0.02527959
 0.03663149 0.03901432 0.06010563 0.02441474 0.02527959 0.08542183
 0.0295322  0.04824439 0.01459702 0.10850405 0.06590637]
[0.02440705 0.06343263 0.02546734 0.09349971 0.04021806 0.02809137
 0.02166895 0.02627112 0.03084233 0.02515147 0.01098165 0.01416794
 0.02964976 0.03070169 0.03943757 0.01921449 0.01416794 0.10487324
 0.02590229 0.05735117 0.01124064 0.19018538 0.07307616]
[0.02220084 0.0633559  0.02727615 0.09422077 0.03933651 0.03009852
 0.02241419 0.04178033 0.03559556 0.03013044 0.01431389 0.01979314
 0.03670653 0.02579003 0.03703932 0.02051243 0.01979314 0.06385493
 0.02210379 0.05045078 0.01451434 0.17514953 0.09356897]
[0.02606135 0.07085846 0.03109379 0.07484986 0.04949425 0.03306329
 0.02026128 0.02711777 0.03717034 0.02452497 0.01413409 0.01462283
 0.03137564 0.03236945 0.04512577 0.02038242 0.01462283 0.0966881
 0.02329063 0.05540063 0.00996634 0.19175632 0.0557696 ]
[0.02193833 0.06803377 0.02318854 0.08130717 0.04285811 0.03666015
 0.01897623 0.03731732 0.02973595 0.02834689 0.01479758 0.01718169
 0.03293291 0.02557559 0.03938961 0.01524183 0.01718169 0.0752233
 0.02347444 0.04160904 0.01375639 0.23465675 0.06061672]
[0.01830012 0.05820999 0.03033389 0.0742887  0.03788577 0.02850305
 0.01825996 0.03469895 0.03232667 0.02448239 0.01189293 0.01398663
 0.02959631 0.02654408 0.04723298 0.01784686 0.01398663 0.06925613
 0.02128764 0.04441931 0.01055523 0.25185367 0.0842521 ]
[0.02272109 0.06265191 0.0300727  0.085802   0.04846238 0.03457107
 0.02634176 0.03448373 0.03570506 0.03241817 0.01453808 0.01944086
 0.03705433 0.03413259 0.04255249 0.01959239 0.01944086 0.08590941
 0.02431658 0.05920603 0.01748227 0.13836381 0.07474042]]