100544
Test: public void testSet_DateTimeFieldType_int2() { MutableDateTime test = new MutableDateTime(TEST_TIME1); try { test.set(null, 0); fail(); } catch (IllegalArgumentException ex) {} }
Code: public long set(long instant, int value) { long localInstant = iBase.getZone().convertUTCToLocal(instant); long difference = FieldUtils.safeSubtract(value, get(instant)); localInstant = getType().getField(iBase.withUTC()).add(localInstant, difference); return iBase.getZone().convertLocalToUTC(localInstant, false, instant); }
[[0.03334542 0.05397261 0.04953028 0.06623625 0.02027998 0.03744743
 0.04856534 0.05397261 0.01858106 0.02124357 0.0442255  0.05397261
 0.02528892 0.02124357 0.07816917 0.05108555 0.01858106 0.02124357
 0.08216313 0.04723345 0.03720468 0.02694408 0.0355993  0.03876566
 0.01510521]
[0.02454589 0.04949278 0.04875335 0.06130408 0.01446457 0.03775127
 0.06208422 0.04949278 0.00998302 0.01886427 0.07897175 0.04949278
 0.02644766 0.01886427 0.0827039  0.05120236 0.00998302 0.01886427
 0.11239965 0.03484304 0.03621424 0.02298339 0.02474573 0.04096988
 0.01457773]
[0.02433204 0.05064878 0.05586159 0.07007127 0.01399691 0.04672351
 0.05503355 0.05064878 0.01686525 0.02350894 0.05217604 0.05064878
 0.02492741 0.02350894 0.08344902 0.04539112 0.01686525 0.02350894
 0.09253652 0.03109214 0.03668995 0.023565   0.03065279 0.04287234
 0.01442521]
[0.0344766  0.0407097  0.05231551 0.06755926 0.02121685 0.0346147
 0.06068737 0.0407097  0.01727376 0.02590579 0.05031988 0.0407097
 0.02566155 0.02590579 0.08160386 0.05397658 0.01727376 0.02590579
 0.09269289 0.03855241 0.03994345 0.02249856 0.03379181 0.04212784
 0.01356684]
[0.02465309 0.0515115  0.04183206 0.07432414 0.0173245  0.05753214
 0.05844549 0.0515115  0.01499266 0.0207743  0.05617382 0.0515115
 0.02446701 0.0207743  0.07436389 0.04157344 0.01499266 0.0207743
 0.10920587 0.02909267 0.0401146  0.02596243 0.02574756 0.04000255
 0.01234202]
[0.03247368 0.05333968 0.04553421 0.06856333 0.01487604 0.0377434
 0.05591979 0.05333968 0.01584888 0.02322939 0.05745028 0.05333968
 0.02129287 0.02322939 0.08460981 0.04902933 0.01584888 0.02322939
 0.09296037 0.03491839 0.03950467 0.026444   0.02636638 0.0372688
 0.01363969]
[0.0345273  0.05366049 0.05387392 0.06198211 0.01628979 0.03589986
 0.05799617 0.05366049 0.01920491 0.02885661 0.04735737 0.05366049
 0.0294644  0.02885661 0.06965679 0.04551096 0.01920491 0.02885661
 0.07030251 0.03311636 0.03941171 0.02619509 0.02816984 0.04423167
 0.02005298]
[0.02454589 0.04949278 0.04875335 0.06130408 0.01446457 0.03775127
 0.06208422 0.04949278 0.00998302 0.01886427 0.07897175 0.04949278
 0.02644766 0.01886427 0.0827039  0.05120236 0.00998302 0.01886427
 0.11239965 0.03484304 0.03621424 0.02298339 0.02474573 0.04096988
 0.01457773]
[0.03195498 0.05584659 0.04140316 0.07032216 0.01807358 0.03793529
 0.05327141 0.05584659 0.01434354 0.02138525 0.05322051 0.05584659
 0.02353388 0.02138525 0.07144836 0.0527262  0.01434354 0.02138525
 0.09965251 0.03067875 0.04071022 0.02470626 0.03969135 0.03653123
 0.01375749]
[0.03951655 0.04872922 0.04730175 0.06691663 0.0238152  0.04235712
 0.04512406 0.04872922 0.02195977 0.03290561 0.05477095 0.04872922
 0.03085979 0.03290561 0.057427   0.04762952 0.02195977 0.03290561
 0.07215233 0.03323501 0.0434679  0.02565308 0.03016767 0.03129514
 0.01948624]
[0.03261002 0.04944803 0.04791842 0.06281903 0.01757543 0.03896755
 0.05625215 0.04944803 0.02114866 0.02688926 0.05520009 0.04944803
 0.02576826 0.02688926 0.07374707 0.04290903 0.02114866 0.02688926
 0.08150275 0.03583024 0.04233733 0.02896332 0.02992686 0.04118192
 0.01518125]
[0.02454589 0.04949278 0.04875335 0.06130408 0.01446457 0.03775127
 0.06208422 0.04949278 0.00998302 0.01886427 0.07897175 0.04949278
 0.02644766 0.01886427 0.0827039  0.05120236 0.00998302 0.01886427
 0.11239965 0.03484304 0.03621424 0.02298339 0.02474573 0.04096988
 0.01457773]
[0.02865228 0.05030757 0.05106467 0.05575997 0.01896684 0.03781654
 0.05245619 0.05030757 0.02058192 0.02539357 0.05478538 0.05030757
 0.02451616 0.02539357 0.07211205 0.04250532 0.02058192 0.02539357
 0.07952935 0.03516172 0.05425937 0.0292368  0.03521556 0.04709246
 0.01260205]
[0.03951655 0.04872922 0.04730175 0.06691663 0.0238152  0.04235712
 0.04512406 0.04872922 0.02195977 0.03290561 0.05477095 0.04872922
 0.03085979 0.03290561 0.057427   0.04762952 0.02195977 0.03290561
 0.07215233 0.03323501 0.0434679  0.02565308 0.03016767 0.03129514
 0.01948624]
[0.02816562 0.05114151 0.04403298 0.07432857 0.0161601  0.04507396
 0.05189991 0.05114151 0.02021834 0.02013948 0.06562892 0.05114151
 0.02194594 0.02013948 0.07205596 0.04328541 0.02021834 0.02013948
 0.09457888 0.03033239 0.04093347 0.02072033 0.03303927 0.0487801
 0.01475857]
[0.02818779 0.05124668 0.05340435 0.06148336 0.01738837 0.03850874
 0.06592237 0.05124668 0.01696231 0.02032973 0.05653026 0.05124668
 0.01808528 0.02032973 0.08167951 0.06160153 0.01696231 0.02032973
 0.072951   0.04203905 0.04115237 0.02445264 0.03055271 0.04481687
 0.01259   ]
[0.03195498 0.05584659 0.04140316 0.07032216 0.01807358 0.03793529
 0.05327141 0.05584659 0.01434354 0.02138525 0.05322051 0.05584659
 0.02353388 0.02138525 0.07144836 0.0527262  0.01434354 0.02138525
 0.09965251 0.03067875 0.04071022 0.02470626 0.03969135 0.03653123
 0.01375749]
[0.03951655 0.04872922 0.04730175 0.06691663 0.0238152  0.04235712
 0.04512406 0.04872922 0.02195977 0.03290561 0.05477095 0.04872922
 0.03085979 0.03290561 0.057427   0.04762952 0.02195977 0.03290561
 0.07215233 0.03323501 0.0434679  0.02565308 0.03016767 0.03129514
 0.01948624]
[0.03348456 0.05317429 0.04556096 0.06240361 0.01806394 0.04370968
 0.06683086 0.05317429 0.01669339 0.02252733 0.06466271 0.05317429
 0.02274728 0.02252733 0.07039272 0.04319395 0.01669339 0.02252733
 0.08700727 0.03591938 0.0408638  0.02507452 0.02487708 0.04141809
 0.01329799]
[0.0275714  0.05599504 0.04494883 0.05577881 0.01599987 0.03273058
 0.05424423 0.05599504 0.01557532 0.02434338 0.06912241 0.05599504
 0.02774056 0.02434338 0.07709282 0.04277172 0.01557532 0.02434338
 0.08806829 0.03855919 0.04160654 0.02654939 0.03524499 0.03415462
 0.0156498 ]
[0.02407657 0.06415064 0.05824053 0.05424487 0.01399675 0.03617188
 0.04886757 0.06415064 0.01315375 0.02364814 0.06146067 0.06415064
 0.02526889 0.02364814 0.0787354  0.04640555 0.01315375 0.02364814
 0.10044737 0.03146323 0.03464701 0.02079725 0.02609059 0.03608123
 0.01330091]
[0.03387631 0.05228556 0.05184697 0.06398451 0.01552135 0.03667501
 0.0604137  0.05228556 0.01523455 0.02097169 0.05599915 0.05228556
 0.02088148 0.02097169 0.09285402 0.04710808 0.01523455 0.02097169
 0.08221202 0.04333651 0.03832273 0.02434775 0.02989846 0.03850955
 0.01397164]
[0.02789651 0.04194705 0.04823415 0.07828315 0.01543459 0.04541184
 0.06979232 0.04194705 0.01564808 0.01809219 0.06553923 0.04194705
 0.02683581 0.01809219 0.0975713  0.03712317 0.01564808 0.01809219
 0.09901609 0.03554335 0.04266818 0.01911464 0.02762177 0.0424938
 0.01000624]
[0.02905304 0.04665379 0.05117461 0.08310573 0.01665422 0.03220836
 0.05848966 0.04665379 0.01528437 0.02162563 0.07515097 0.04665379
 0.02627826 0.02162563 0.08255336 0.04124539 0.01528437 0.02162563
 0.08983292 0.03622383 0.04011976 0.02182898 0.03181282 0.03771573
 0.01114527]
[0.02613684 0.04243134 0.04492469 0.07017992 0.01981737 0.03107851
 0.06653494 0.04243134 0.01471634 0.02356536 0.06967111 0.04243134
 0.0207703  0.02356536 0.08605835 0.05739094 0.01471634 0.02356536
 0.07955374 0.03649571 0.0569001  0.02269892 0.03356474 0.03645242
 0.01434859]]