69575
Test: public void test540() throws Throwable { if (debug) System.out.format("%n%s%n", "RegressionTest1.test540"); org.jsoup.select.NodeVisitor nodeVisitor0 = null; org.jsoup.select.NodeTraversor nodeTraversor1 = new org.jsoup.select.NodeTraversor(nodeVisitor0); org.jsoup.nodes.Node node2 = null; nodeTraversor1.traverse(node2); org.jsoup.nodes.Element[] elementArray4 = new org.jsoup.nodes.Element[] {}; org.jsoup.select.Elements elements5 = new org.jsoup.select.Elements(elementArray4); org.jsoup.select.Elements elements6 = new org.jsoup.select.Elements((java.util.Collection<org.jsoup.nodes.Element>) elements5); java.lang.String str7 = elements6.html(); org.jsoup.select.Elements elements9 = elements6.removeClass(":lt(0)"); elements6.clear(); org.jsoup.nodes.Document document12 = new org.jsoup.nodes.Document(""); org.jsoup.nodes.Document document14 = new org.jsoup.nodes.Document(""); document12.reparentChild((org.jsoup.nodes.Node) document14); org.jsoup.nodes.Document document17 = new org.jsoup.nodes.Document(""); org.jsoup.nodes.Document document19 = new org.jsoup.nodes.Document(""); document17.reparentChild((org.jsoup.nodes.Node) document19); org.jsoup.nodes.Node node21 = document12.doClone((org.jsoup.nodes.Node) document19); org.jsoup.nodes.Document document23 = new org.jsoup.nodes.Document(""); org.jsoup.nodes.Document document25 = new org.jsoup.nodes.Document(""); document23.reparentChild((org.jsoup.nodes.Node) document25); org.jsoup.nodes.Element element28 = document25.before(""); org.jsoup.nodes.Node node29 = document19.doClone((org.jsoup.nodes.Node) element28); boolean boolean30 = elements6.add(element28); boolean boolean32 = element28.hasAttr("[]=\"\""); try { nodeTraversor1.traverse((org.jsoup.nodes.Node) element28); } catch (java.lang.NullPointerException e) { } }
Code: protected Element doClone(Node parent){Element clone = (Element) super.doClone(parent);;clone.baseUri = baseUri;clone.childNodes = new NodeList(childNodes.size());;return clone;}
[[0.07509083 0.02068155 0.03127185 0.06475817 0.06111703 0.03975996
 0.11584918 0.038247   0.03975996 0.03461324 0.03975996 0.02444063
 0.04634464 0.368306  ]
[0.05975622 0.0231673  0.03081691 0.06369624 0.0541045  0.03717857
 0.13127361 0.04258893 0.03717857 0.04397418 0.03717857 0.02893405
 0.04260965 0.36754265]
[0.07546039 0.01467574 0.03755081 0.05675294 0.05784743 0.0363408
 0.11662856 0.04101897 0.0363408  0.03676277 0.0363408  0.02452514
 0.03947608 0.3902787 ]
[0.08463837 0.02017254 0.03464459 0.06881481 0.05570037 0.04380755
 0.13648367 0.03908008 0.04380755 0.04258119 0.04380755 0.0228857
 0.04366717 0.31990883]
[0.07676088 0.01274556 0.03021913 0.06242389 0.05337904 0.03199796
 0.13807483 0.03439374 0.03199795 0.03398938 0.03199795 0.02802787
 0.03825345 0.39573836]
[0.09846879 0.03873656 0.03394486 0.05501699 0.06876008 0.05874678
 0.11943406 0.07876362 0.05874678 0.04870187 0.05874678 0.03250477
 0.04422754 0.20520052]
[0.09001304 0.02499084 0.0451789  0.05607411 0.08269345 0.03641308
 0.10769866 0.0544533  0.03641308 0.044235   0.03641308 0.02843045
 0.04432186 0.31267112]
[0.07903832 0.03202765 0.02500619 0.08153104 0.05778483 0.03960594
 0.14152578 0.058087   0.03960593 0.04753542 0.03960593 0.03668217
 0.0451388  0.27682504]
[0.09846879 0.03873656 0.03394486 0.05501699 0.06876008 0.05874678
 0.11943406 0.07876362 0.05874678 0.04870187 0.05874678 0.03250477
 0.04422754 0.20520052]
[0.07993176 0.01557345 0.0348181  0.05416331 0.06678289 0.03661259
 0.1283654  0.04329307 0.03661259 0.03712026 0.03661259 0.02362081
 0.03621054 0.37028262]
[0.09846879 0.03873656 0.03394486 0.05501699 0.06876008 0.05874678
 0.11943406 0.07876362 0.05874678 0.04870187 0.05874678 0.03250477
 0.04422754 0.20520052]
[0.08530195 0.02360604 0.02805814 0.06319873 0.05334355 0.04228615
 0.1328338  0.06156718 0.04228615 0.03564955 0.04228615 0.03328509
 0.04064152 0.315656  ]
[0.07667126 0.02294858 0.05273141 0.06352584 0.06179955 0.0393892
 0.14824247 0.05458834 0.0393892  0.05590599 0.0393892  0.02778858
 0.04346242 0.27416795]
[0.0833919  0.02732323 0.0451911  0.06138955 0.07249879 0.04255475
 0.14428458 0.0508945  0.04255475 0.04240819 0.04255475 0.03460588
 0.04482181 0.2655262 ]]