66985
Test: public void testURIAsArray() throws Exception { final ObjectReader reader = MAPPER.readerFor(URI.class); final URI value = new URI("http: try { reader.without(DeserializationFeature.UNWRAP_SINGLE_VALUE_ARRAYS) .readValue("[\""+value.toString()+"\"]"); fail("Did not throw exception for single value array when UNWRAP_SINGLE_VALUE_ARRAYS is disabled"); } catch (JsonMappingException e) { verifyException(e, "out of START_ARRAY token"); } try { reader.with(DeserializationFeature.UNWRAP_SINGLE_VALUE_ARRAYS) .readValue("[\""+value.toString()+"\",\""+value.toString()+"\"]"); fail("Did not throw exception for single value array when there were multiple values"); } catch (JsonMappingException e) { verifyException(e, "more than a single value in the array"); } }
Code: public String toString() { return "(@JsonValue serializer for method " + _accessorMethod.getDeclaringClass() + "#" + _accessorMethod.getName() + ")"; }
[[0.04234324 0.05310474 0.05016177 0.06536331 0.04770001 0.08926728
 0.03925515 0.03818849 0.04425059 0.06118665 0.03451241 0.06382623
 0.03451241 0.064066   0.03451241 0.16004676 0.03451241 0.02320089
 0.01998922]
[0.04311701 0.04833945 0.05347435 0.07233971 0.04459696 0.0861968
 0.03689966 0.03823996 0.05031877 0.05654079 0.03732365 0.06022299
 0.03732365 0.07619263 0.03732365 0.14906706 0.03732365 0.01735055
 0.01780866]
[0.02756843 0.06040153 0.03806271 0.05764243 0.04199818 0.08535864
 0.03140797 0.028033   0.04263724 0.04945474 0.02739328 0.05481668
 0.02739328 0.07660522 0.02739328 0.26925796 0.02739328 0.01245631
 0.01472588]
[0.04155315 0.05797718 0.04028173 0.07077617 0.04730359 0.07382201
 0.03393345 0.03981021 0.04923552 0.05612101 0.04359931 0.05899218
 0.04359931 0.05433309 0.04359931 0.15223344 0.0435993  0.0249076
 0.02432241]
[0.02837131 0.05449303 0.0327877  0.06302477 0.03989372 0.0925719
 0.03020821 0.0417268  0.04166827 0.06533361 0.03961828 0.05441915
 0.03961828 0.04778728 0.03961828 0.21834548 0.03961827 0.01400738
 0.01688834]
[0.03205895 0.05858369 0.04208147 0.06713314 0.04398502 0.09289807
 0.0319779  0.04081494 0.0380872  0.05138319 0.02889294 0.06628335
 0.02889294 0.06303371 0.02889294 0.2303676  0.02889293 0.01328771
 0.01245235]
[0.02760347 0.05684359 0.03765027 0.07303844 0.04491512 0.08493979
 0.03131025 0.0383445  0.04276257 0.05658472 0.03875896 0.05796364
 0.03875896 0.05041549 0.03875896 0.21094674 0.03875896 0.01678402
 0.01486156]
[0.04171547 0.0613348  0.03500947 0.08146249 0.04695179 0.09175029
 0.04013017 0.03842659 0.0467841  0.04694682 0.02647511 0.06514367
 0.02647511 0.08484499 0.02647511 0.18456644 0.02647511 0.01618697
 0.01284555]
[0.02839106 0.05185965 0.04338396 0.07256632 0.04581877 0.10294712
 0.03314016 0.03705714 0.04152323 0.06192965 0.03571026 0.06017078
 0.03571026 0.06795008 0.03571026 0.18175475 0.03571026 0.01388457
 0.0147817 ]
[0.03114342 0.06923956 0.04876754 0.08039296 0.04426409 0.09761877
 0.02953828 0.02982406 0.04858324 0.04983551 0.02330113 0.06432204
 0.02330113 0.09385625 0.02330113 0.19330831 0.02330113 0.01391842
 0.01218306]
[0.0396989  0.06190167 0.04573252 0.05705552 0.04716341 0.08718709
 0.03134527 0.03506241 0.05259953 0.05626583 0.03387616 0.05566631
 0.03387616 0.07408951 0.03387616 0.18136024 0.03387615 0.0198225
 0.01954463]
[0.03236701 0.05395528 0.04454797 0.07300789 0.05077884 0.07808987
 0.0354879  0.03707597 0.03458111 0.05736518 0.03868274 0.04873455
 0.03868274 0.06258732 0.03868274 0.19568697 0.03868274 0.02092997
 0.02007323]
[0.0396989  0.06190167 0.04573252 0.05705552 0.04716341 0.08718709
 0.03134527 0.03506241 0.05259953 0.05626583 0.03387616 0.05566631
 0.03387616 0.07408951 0.03387616 0.18136024 0.03387615 0.0198225
 0.01954463]
[0.02582648 0.05086292 0.04753616 0.08840461 0.0344662  0.10084403
 0.03199316 0.03212928 0.04793845 0.06124058 0.03371306 0.05698668
 0.03371306 0.06087028 0.03371306 0.19754073 0.03371306 0.01243241
 0.01607577]
[0.0396989  0.06190167 0.04573252 0.05705552 0.04716341 0.08718709
 0.03134527 0.03506241 0.05259953 0.05626583 0.03387616 0.05566631
 0.03387616 0.07408951 0.03387616 0.18136024 0.03387615 0.0198225
 0.01954463]
[0.04180574 0.05353639 0.04444983 0.07742733 0.05101484 0.0719035
 0.03850106 0.04485881 0.0480174  0.05830644 0.03649855 0.06544399
 0.03649855 0.07086244 0.03649855 0.13526316 0.03649855 0.02963901
 0.02297582]
[0.0396989  0.06190167 0.04573253 0.05705553 0.04716341 0.0871871
 0.03134527 0.03506241 0.05259954 0.05626582 0.03387616 0.0556663
 0.03387616 0.07408953 0.03387616 0.18136021 0.03387615 0.0198225
 0.01954463]
[0.03114103 0.06574551 0.04401766 0.07143153 0.04119581 0.10001023
 0.0274999  0.03056488 0.0537848  0.06095946 0.03073767 0.06415091
 0.03073767 0.06815383 0.03073767 0.1869043  0.03073767 0.016382
 0.01510748]
[0.0290518  0.05315525 0.05481418 0.08245951 0.06570424 0.08849574
 0.03717977 0.03609397 0.05911566 0.06550527 0.03225309 0.05919615
 0.03225309 0.06914626 0.03225309 0.13816716 0.03225309 0.01553371
 0.01736901]]