15045
Test: public void testLongOptionalNArgValues() { String[] args = new String[] { "--hide", "house", "hair", "head" }; CommandLineParser parser = new PosixParser(); try { CommandLine cmd = parser.parse(opts,args); } catch (ParseException e) { fail("Cannot setUp() CommandLine: " + e.toString()); } }
Code: public String[] getOptionValues(String opt) { Option key = resolveOption( opt ); if (options.contains(key)) { return key.getValues(); } return null; }
[[0.04106532 0.02250506 0.06681544 0.02584138 0.05231276 0.10650174
 0.01940812 0.02568325 0.03452148 0.05454553 0.05751727 0.11044081
 0.05482196 0.05231276 0.04489225 0.06520263 0.01696217 0.04489225
 0.0867957  0.01696217]
[0.03306642 0.01595374 0.0707624  0.01569788 0.05607536 0.08786035
 0.01352503 0.02810014 0.02159525 0.06021978 0.06391308 0.11593799
 0.0455876  0.05607536 0.04954623 0.06833605 0.01482714 0.04954623
 0.11854686 0.01482714]
[0.02447213 0.01128661 0.07259119 0.01633167 0.06663572 0.08570796
 0.01300771 0.02203113 0.02451702 0.06828092 0.05217195 0.13772602
 0.03926135 0.06663572 0.04470007 0.08099179 0.01000486 0.04470008
 0.10894126 0.01000486]
[0.0373197  0.01870225 0.0506885  0.02110988 0.05230708 0.08858116
 0.02019341 0.03813139 0.02579172 0.07339355 0.058642   0.11007236
 0.05776788 0.05230708 0.05118279 0.07502243 0.01535979 0.05118278
 0.08688451 0.01535979]
[0.04177973 0.02713741 0.06624818 0.02015458 0.06121575 0.10175312
 0.02797558 0.03451221 0.03011249 0.05617367 0.04887266 0.07274064
 0.05282025 0.06121575 0.04886134 0.06184422 0.02253484 0.04886134
 0.09265131 0.02253484]
[0.03682544 0.01511032 0.06137926 0.01603496 0.06279439 0.08562186
 0.01794166 0.03163869 0.01863767 0.05984131 0.06384452 0.1196022
 0.05062185 0.06279439 0.05231456 0.06997377 0.01458063 0.05231457
 0.09354732 0.01458063]
[0.03151422 0.01802611 0.07553944 0.01831324 0.05439993 0.08204569
 0.01781807 0.02612883 0.02921294 0.06764103 0.07089798 0.12156762
 0.04634884 0.05439993 0.04520321 0.07277571 0.01130679 0.04520322
 0.10035039 0.01130679]
[0.04575297 0.03238332 0.07211283 0.01905863 0.04884638 0.10279509
 0.02595205 0.03712014 0.0226779  0.04559804 0.0547846  0.10071795
 0.07121362 0.04884638 0.04968305 0.05436771 0.02174198 0.04968306
 0.07492238 0.02174198]
[0.03825064 0.01926479 0.06016785 0.02063734 0.04801229 0.11358692
 0.01882461 0.02660506 0.02960387 0.06898664 0.06221853 0.12119362
 0.04621297 0.04801229 0.04434556 0.06025821 0.01381077 0.04434556
 0.10185167 0.01381077]
[0.03447604 0.01836211 0.07303253 0.02262598 0.05823522 0.08273929
 0.01848023 0.03152108 0.03011579 0.07153191 0.04689172 0.11158571
 0.04843722 0.05823522 0.04083593 0.06713632 0.01605645 0.04083593
 0.11280885 0.01605645]
[0.03009683 0.0150547  0.06932742 0.01569648 0.06464919 0.08324119
 0.01812123 0.01958773 0.02898441 0.05726131 0.05168063 0.12292457
 0.05420247 0.06464919 0.05006392 0.07945786 0.01148248 0.05006392
 0.10197205 0.01148248]
[0.0290859  0.01018262 0.08763647 0.01082402 0.05095418 0.10659456
 0.01053439 0.02188487 0.01763126 0.07282508 0.05737016 0.16018926
 0.04318888 0.05095418 0.03767368 0.06390649 0.00821122 0.03767368
 0.1144679  0.00821122]
[0.03800947 0.01408954 0.06995545 0.01507303 0.05890498 0.10730522
 0.01304597 0.02468341 0.02694446 0.06162209 0.06035038 0.09606272
 0.04904108 0.05890498 0.03710134 0.0803898  0.01433514 0.03710134
 0.12274444 0.01433514]
[0.04177973 0.02713741 0.06624818 0.02015458 0.06121575 0.10175312
 0.02797558 0.03451221 0.03011249 0.05617367 0.04887266 0.07274064
 0.05282025 0.06121575 0.04886134 0.06184422 0.02253484 0.04886134
 0.09265131 0.02253484]
[0.02900236 0.01850175 0.06332772 0.01602835 0.05161416 0.12001786
 0.01432496 0.02804404 0.02626297 0.05922308 0.06741846 0.12289713
 0.04943266 0.05161416 0.04297973 0.05695737 0.01440292 0.04297974
 0.11056772 0.01440292]
[0.04246251 0.02243916 0.05066147 0.01938708 0.04978685 0.10612604
 0.0171073  0.02732861 0.02475088 0.05996251 0.06310908 0.11145604
 0.05385775 0.04978685 0.05154925 0.07205427 0.01680132 0.05154925
 0.0930225  0.01680132]
[0.03045408 0.01615588 0.06198602 0.01612624 0.06416288 0.07795137
 0.02179196 0.02600647 0.01878957 0.052696   0.04344365 0.11443552
 0.06678765 0.06416288 0.06243621 0.06875405 0.01448723 0.06243621
 0.10244889 0.01448723]
[0.02900236 0.01850175 0.06332772 0.01602835 0.05161416 0.12001786
 0.01432496 0.02804404 0.02626297 0.05922308 0.06741846 0.12289713
 0.04943266 0.05161416 0.04297973 0.05695737 0.01440292 0.04297974
 0.11056772 0.01440292]
[0.041712   0.02083798 0.07339008 0.02842815 0.05496166 0.07869042
 0.02243131 0.02671745 0.03161447 0.06423315 0.06006835 0.11577592
 0.04543933 0.05496166 0.04874337 0.06942599 0.01755456 0.04874337
 0.07871625 0.01755456]
[0.03045408 0.01615588 0.06198602 0.01612624 0.06416288 0.07795137
 0.02179196 0.02600647 0.01878957 0.052696   0.04344365 0.11443552
 0.06678765 0.06416288 0.06243621 0.06875405 0.01448723 0.06243621
 0.10244889 0.01448723]]