100298
Test: public void testAddYears_int1() { MutableDateTime test = new MutableDateTime(2002, 6, 9, 5, 6, 7, 8); test.addYears(8); }
Code: public void addYears(final int years) { if (years != 0) { setMillis(getChronology().years().add(getMillis(), years)); } }
tensor([[0.0596, 0.0471, 0.0820, 0.0395, 0.0911, 0.0704, 0.1597, 0.0541, 0.0314,
         0.0313, 0.0704, 0.1632, 0.0534, 0.0234, 0.0234],
        [0.0519, 0.0406, 0.0673, 0.0290, 0.0923, 0.0690, 0.1692, 0.0648, 0.0278,
         0.0278, 0.0690, 0.2031, 0.0444, 0.0219, 0.0219],
        [0.0532, 0.0415, 0.0806, 0.0309, 0.0968, 0.0805, 0.1604, 0.0671, 0.0272,
         0.0254, 0.0805, 0.1687, 0.0515, 0.0179, 0.0179],
        [0.0366, 0.0301, 0.0853, 0.0288, 0.1212, 0.0691, 0.2104, 0.0643, 0.0214,
         0.0257, 0.0691, 0.1613, 0.0440, 0.0163, 0.0163],
        [0.0599, 0.0429, 0.0764, 0.0311, 0.0931, 0.0752, 0.1503, 0.0664, 0.0252,
         0.0300, 0.0752, 0.1823, 0.0497, 0.0211, 0.0211],
        [0.0618, 0.0524, 0.0669, 0.0313, 0.0802, 0.0820, 0.1087, 0.0756, 0.0407,
         0.0386, 0.0820, 0.1491, 0.0674, 0.0317, 0.0317],
        [0.0428, 0.0287, 0.0803, 0.0228, 0.1249, 0.0615, 0.2306, 0.0421, 0.0135,
         0.0251, 0.0615, 0.2069, 0.0382, 0.0105, 0.0105],
        [0.0575, 0.0430, 0.0875, 0.0332, 0.1136, 0.0707, 0.1701, 0.0553, 0.0264,
         0.0245, 0.0707, 0.1624, 0.0434, 0.0208, 0.0208],
        [0.0491, 0.0302, 0.0739, 0.0287, 0.1216, 0.0777, 0.1676, 0.0567, 0.0178,
         0.0305, 0.0777, 0.1925, 0.0440, 0.0159, 0.0159],
        [0.0509, 0.0455, 0.0733, 0.0328, 0.0992, 0.0716, 0.1708, 0.0486, 0.0385,
         0.0312, 0.0716, 0.1714, 0.0428, 0.0259, 0.0259],
        [0.0618, 0.0524, 0.0669, 0.0313, 0.0802, 0.0820, 0.1087, 0.0756, 0.0407,
         0.0386, 0.0820, 0.1491, 0.0674, 0.0317, 0.0317],
        [0.0509, 0.0382, 0.0687, 0.0302, 0.1022, 0.0761, 0.1802, 0.0514, 0.0222,
         0.0338, 0.0761, 0.1830, 0.0518, 0.0176, 0.0176],
        [0.0459, 0.0404, 0.0719, 0.0301, 0.1092, 0.0709, 0.1901, 0.0545, 0.0309,
         0.0346, 0.0709, 0.1654, 0.0480, 0.0186, 0.0186],
        [0.0437, 0.0374, 0.0955, 0.0345, 0.1197, 0.0812, 0.1618, 0.0583, 0.0284,
         0.0267, 0.0812, 0.1427, 0.0508, 0.0190, 0.0190],
        [0.0437, 0.0374, 0.0955, 0.0345, 0.1197, 0.0812, 0.1618, 0.0583, 0.0284,
         0.0267, 0.0812, 0.1427, 0.0508, 0.0190, 0.0190]])