65823
Test: public void testLowerCaseStrategyStandAlone() { for (Object[] pair : NAME_TRANSLATIONS) { String translatedJavaName = PropertyNamingStrategy.CAMEL_CASE_TO_LOWER_CASE_WITH_UNDERSCORES.nameForField(null, null, (String) pair[0]); } }
Code: if (!staticTyping && type.useStaticType()) { if (!type.isContainerType() || type.getContentType().getRawClass() != Object.class) { staticTyping = true; } }
[[0.1863124  0.01556322 0.01669877 0.16594905 0.06399562 0.1863124
 0.019703   0.0592207  0.06620877 0.01225021 0.06105416 0.06399562
 0.00770693 0.02564142 0.02927539 0.01005618 0.01005618]
[0.14499101 0.02914397 0.03300167 0.14139923 0.0542348  0.14499101
 0.03414506 0.04779172 0.06897628 0.02916232 0.08509523 0.0542348
 0.01447408 0.03724046 0.03944314 0.02083762 0.02083761]
[0.12972334 0.02447993 0.02807427 0.15162607 0.07536314 0.12972334
 0.02862416 0.04738483 0.07249587 0.02745795 0.07301645 0.07536314
 0.01572112 0.03716332 0.03438366 0.02469973 0.02469973]
[0.1501646  0.02282027 0.02549383 0.15529044 0.07278796 0.1501646
 0.02356759 0.0508379  0.04861258 0.01846711 0.08803479 0.07278796
 0.01116018 0.03335285 0.0405602  0.0179486  0.0179486 ]
[0.09627499 0.03779485 0.04719907 0.12150976 0.08208887 0.09627499
 0.04026373 0.04708172 0.06565745 0.03800942 0.0735087  0.08208887
 0.02659235 0.0457817  0.03977267 0.03005043 0.03005043]
[0.1863124  0.01556322 0.01669877 0.16594905 0.06399562 0.1863124
 0.019703   0.0592207  0.06620877 0.01225021 0.06105416 0.06399562
 0.00770693 0.02564142 0.02927539 0.01005618 0.01005618]
[0.14805889 0.02408458 0.03062536 0.11293598 0.07703661 0.14805889
 0.03083022 0.05536972 0.05937753 0.02604064 0.07545912 0.07703661
 0.01471913 0.04080049 0.04644544 0.01656042 0.01656042]
[0.16158453 0.02552822 0.03113697 0.12942262 0.08732427 0.16158453
 0.02657252 0.04098172 0.06066656 0.02096871 0.06316666 0.08732427
 0.01420906 0.03038885 0.03573819 0.01170117 0.01170117]
[0.1474134  0.02069074 0.02203633 0.1761959  0.07700825 0.1474134
 0.03072975 0.04685576 0.06325413 0.01817579 0.07272483 0.07700825
 0.01194007 0.02897471 0.03349381 0.01304243 0.01304243]
[0.14718363 0.02322938 0.02321177 0.13544726 0.08081535 0.14718363
 0.02644693 0.05159393 0.08917015 0.01579052 0.06908794 0.08081535
 0.01017197 0.03154004 0.03842816 0.01494203 0.01494203]
[0.12115906 0.02922756 0.03831388 0.10507435 0.0817889  0.12115906
 0.03504444 0.04466005 0.08086459 0.02805161 0.07870917 0.0817889
 0.01868339 0.03307104 0.05432893 0.02403751 0.02403751]
[0.09627499 0.03779485 0.04719907 0.12150976 0.08208887 0.09627499
 0.04026373 0.04708172 0.06565745 0.03800942 0.0735087  0.08208887
 0.02659235 0.0457817  0.03977267 0.03005043 0.03005043]
[0.14978567 0.02159558 0.02939669 0.14383864 0.07878647 0.14978567
 0.0312012  0.04508445 0.07508955 0.02295785 0.05679972 0.07878647
 0.01210042 0.0326781  0.03974304 0.01618525 0.01618525]
[0.12896657 0.03174912 0.04944576 0.09041579 0.06490285 0.12896657
 0.03902724 0.04456005 0.06534707 0.04867773 0.06929976 0.06490285
 0.02802536 0.04809197 0.04090674 0.02835726 0.02835726]
[0.14259893 0.02313315 0.03789249 0.13327576 0.0731355  0.14259893
 0.03165826 0.04166243 0.0869012  0.03030393 0.06456869 0.0731355
 0.01549007 0.03147953 0.03997365 0.01609601 0.016096  ]
[0.14269857 0.03367817 0.03081902 0.09477501 0.08533854 0.14269857
 0.03018886 0.04946892 0.06789943 0.0262108  0.0736911  0.08533854
 0.01689739 0.03278653 0.04968824 0.01891121 0.01891121]
[0.14269854 0.03367817 0.03081902 0.094775   0.08533854 0.14269854
 0.03018886 0.04946892 0.06789942 0.02621079 0.07369108 0.08533854
 0.01689739 0.03278653 0.04968823 0.01891122 0.01891121]]