67275
Test: public void test08() throws Throwable { if (debug) System.out.format("%n%s%n", "RegressionTest0.test08"); com.fasterxml.jackson.databind.type.PlaceholderForType placeholderForType1 = new com.fasterxml.jackson.databind.type.PlaceholderForType(0); java.lang.String str2 = placeholderForType1.buildCanonicalName(); boolean boolean3 = placeholderForType1.hasHandlers(); boolean boolean4 = placeholderForType1.isAbstract(); }
Code: protected String buildCanonicalName() { StringBuilder sb = new StringBuilder(); sb.append(_class.getName()); sb.append('<'); sb.append(_referencedType.toCanonical()); return sb.toString(); }
tensor([[0.0641, 0.0548, 0.1063, 0.0748, 0.0581, 0.0229, 0.0286, 0.0175, 0.0759,
         0.0630, 0.1362, 0.0551, 0.0469, 0.1809, 0.0149],
        [0.0639, 0.0504, 0.0846, 0.0709, 0.0607, 0.0224, 0.0299, 0.0190, 0.0855,
         0.0563, 0.1096, 0.0650, 0.0455, 0.2187, 0.0177],
        [0.0763, 0.0619, 0.0959, 0.0552, 0.0391, 0.0174, 0.0331, 0.0181, 0.0942,
         0.0647, 0.1136, 0.0484, 0.0523, 0.2130, 0.0168],
        [0.0848, 0.0627, 0.0686, 0.0768, 0.0577, 0.0287, 0.0377, 0.0245, 0.0859,
         0.0633, 0.1231, 0.0572, 0.0512, 0.1516, 0.0264],
        [0.0665, 0.0590, 0.1140, 0.0867, 0.0521, 0.0273, 0.0293, 0.0209, 0.0816,
         0.0580, 0.1132, 0.0557, 0.0538, 0.1596, 0.0222],
        [0.0675, 0.0701, 0.1046, 0.0675, 0.0512, 0.0235, 0.0277, 0.0211, 0.0822,
         0.0672, 0.1340, 0.0566, 0.0497, 0.1556, 0.0215],
        [0.0788, 0.0606, 0.0774, 0.0602, 0.0573, 0.0345, 0.0432, 0.0243, 0.0724,
         0.0658, 0.1332, 0.0558, 0.0568, 0.1539, 0.0257],
        [0.0731, 0.0629, 0.0703, 0.0757, 0.0446, 0.0247, 0.0299, 0.0240, 0.0868,
         0.0703, 0.0935, 0.0668, 0.0537, 0.2022, 0.0215],
        [0.0577, 0.0489, 0.0972, 0.0768, 0.0513, 0.0197, 0.0264, 0.0169, 0.0691,
         0.0611, 0.1163, 0.0562, 0.0544, 0.2331, 0.0150],
        [0.0646, 0.0611, 0.0977, 0.0913, 0.0485, 0.0199, 0.0249, 0.0195, 0.0823,
         0.0635, 0.1221, 0.0476, 0.0389, 0.2002, 0.0179],
        [0.0533, 0.0558, 0.0988, 0.0855, 0.0564, 0.0236, 0.0271, 0.0234, 0.0762,
         0.0661, 0.1384, 0.0500, 0.0498, 0.1751, 0.0206],
        [0.0564, 0.0620, 0.0985, 0.0803, 0.0522, 0.0163, 0.0214, 0.0173, 0.0764,
         0.0557, 0.1172, 0.0565, 0.0411, 0.2312, 0.0176],
        [0.0638, 0.0535, 0.0824, 0.0618, 0.0499, 0.0221, 0.0277, 0.0162, 0.0849,
         0.0486, 0.1187, 0.0587, 0.0391, 0.2562, 0.0166],
        [0.0625, 0.0548, 0.1114, 0.0790, 0.0601, 0.0207, 0.0253, 0.0165, 0.0779,
         0.0547, 0.1199, 0.0499, 0.0552, 0.1946, 0.0173],
        [0.0686, 0.0571, 0.1121, 0.0808, 0.0455, 0.0252, 0.0283, 0.0175, 0.0753,
         0.0629, 0.1038, 0.0563, 0.0683, 0.1809, 0.0174]])