62762
Test: public void testJsonValue() throws IOException { StringWriter stringWriter = new StringWriter(); JsonWriter jsonWriter = new JsonWriter(stringWriter); jsonWriter.beginObject(); jsonWriter.name("a"); jsonWriter.jsonValue("{\"b\":true}"); jsonWriter.name("c"); jsonWriter.value(1); jsonWriter.endObject(); }
Code: public JsonWriter jsonValue(String value) throws IOException { if (value == null) { return nullValue(); } writeDeferredName(); beforeValue(); out.append(value); return this; }
[[0.04168826 0.04930244 0.06412953 0.05008364 0.09934025 0.02135106
 0.05480637 0.11228932 0.04229693 0.06597807 0.02248348 0.05480637
 0.0457832  0.03050459 0.01759144 0.0308305  0.04324252 0.05420307
 0.0457832  0.03591431 0.01759143]
[0.03644796 0.06038449 0.05546335 0.05803274 0.09020297 0.02407453
 0.05869055 0.12875083 0.04373083 0.06278834 0.02162372 0.05869055
 0.03988926 0.02740837 0.02112975 0.03558092 0.04042807 0.04432827
 0.03988927 0.03133553 0.02112975]
[0.0363878  0.04284747 0.06976124 0.05930836 0.09574156 0.02077153
 0.06156701 0.11953548 0.04916378 0.05767426 0.02089441 0.06156701
 0.04704108 0.02580558 0.01604246 0.04236762 0.03375976 0.05053836
 0.04704108 0.02614164 0.01604246]
[0.03891091 0.05441509 0.07240828 0.04884188 0.12458141 0.02039459
 0.05957985 0.1122876  0.04730009 0.05836954 0.01842062 0.05957985
 0.04568321 0.02422771 0.01516366 0.03055228 0.03855076 0.04050993
 0.04568321 0.02937585 0.01516366]
[0.02873374 0.06151516 0.04137361 0.06093529 0.14617099 0.01713537
 0.06336013 0.12823017 0.04177417 0.04586774 0.01771724 0.06336013
 0.0458647  0.02432636 0.0127658  0.02365208 0.04596226 0.04678975
 0.04586471 0.02583481 0.0127658 ]
[0.03332692 0.07239804 0.06609268 0.04684068 0.12965891 0.01767321
 0.05455286 0.13494976 0.03696553 0.06565826 0.01455864 0.05455286
 0.04703748 0.02408149 0.0119818  0.02656546 0.0359661  0.03779651
 0.04703748 0.0303235  0.0119818 ]
[0.04379594 0.05360543 0.06170867 0.0494457  0.07844946 0.02863625
 0.06572872 0.07604592 0.05154642 0.04794209 0.02924288 0.06572872
 0.05101559 0.03246905 0.02392327 0.04330873 0.03881972 0.04760781
 0.05101559 0.03604078 0.02392327]
[0.02843345 0.06663255 0.06595811 0.04164438 0.16848297 0.01655854
 0.05411721 0.15820506 0.05005054 0.06034723 0.01097634 0.05411721
 0.0370976  0.01945311 0.00851515 0.01922511 0.03305512 0.04022057
 0.0370976  0.02129705 0.00851515]
[0.03699479 0.05223309 0.06532808 0.04915123 0.0941036  0.0243895
 0.05806988 0.11651497 0.05559276 0.06387048 0.02098966 0.05806988
 0.04629895 0.02941693 0.01570263 0.03188434 0.03534298 0.05250069
 0.04629895 0.03154402 0.01570263]
[0.02530788 0.0623225  0.06408194 0.05423721 0.12080927 0.01781586
 0.05804499 0.14024402 0.05584468 0.06398761 0.01656289 0.05804499
 0.04117038 0.0247744  0.01223046 0.02523529 0.03590383 0.0435425
 0.04117038 0.02643838 0.01223046]
[0.03233706 0.05485623 0.05807323 0.04986029 0.11587796 0.02075173
 0.06514919 0.14890471 0.05094783 0.06260274 0.02091222 0.06514919
 0.03901385 0.02359428 0.0105162  0.0333788  0.03359705 0.03747667
 0.03901385 0.0274707  0.0105162 ]
[0.04379594 0.05360543 0.06170867 0.0494457  0.07844946 0.02863625
 0.06572872 0.07604592 0.05154642 0.04794209 0.02924288 0.06572872
 0.05101559 0.03246905 0.02392327 0.04330873 0.03881972 0.04760781
 0.05101559 0.03604078 0.02392327]
[0.03085691 0.05294962 0.04896966 0.05099958 0.119179   0.02306097
 0.05762986 0.12900391 0.05010916 0.06135149 0.01842216 0.05762986
 0.04526212 0.02356604 0.01593023 0.0319185  0.04079077 0.05359015
 0.04526213 0.02758764 0.01593023]
[0.03848613 0.05608962 0.05217031 0.04946497 0.12345248 0.02210482
 0.05507603 0.10615568 0.04527241 0.05492438 0.02106706 0.05507603
 0.0535619  0.02867958 0.01470476 0.03554302 0.03909441 0.04540212
 0.0535619  0.03540761 0.01470476]
[0.02866043 0.05629046 0.06662813 0.03519613 0.1214237  0.02112741
 0.06412865 0.10851719 0.05922757 0.04885659 0.0182802  0.06412865
 0.05984139 0.02703411 0.01425934 0.03042291 0.04050269 0.03558887
 0.05984138 0.02578483 0.01425934]
[0.03949219 0.05417962 0.06869176 0.05158965 0.10521372 0.02238575
 0.06229182 0.09777127 0.04638302 0.04826609 0.02025266 0.06229182
 0.04893948 0.02519647 0.01748621 0.04189008 0.04636613 0.04714912
 0.04893947 0.02773745 0.01748621]
[0.0366526  0.05423655 0.05367607 0.05064626 0.11476721 0.02562023
 0.06096711 0.10743535 0.05216045 0.05743605 0.02300756 0.06096711
 0.04426283 0.0298696  0.01740733 0.0326976  0.04186732 0.0446841
 0.04426283 0.02996844 0.01740733]
[0.03900917 0.05127797 0.05909654 0.04978983 0.09490284 0.02929829
 0.05878874 0.10515025 0.05610228 0.05045832 0.02393745 0.05878874
 0.04818361 0.0311867  0.01981029 0.0347459  0.04195396 0.0443367
 0.04818361 0.03518857 0.01981029]
[0.03085691 0.05294962 0.04896966 0.05099958 0.119179   0.02306097
 0.05762986 0.12900391 0.05010916 0.06135149 0.01842216 0.05762986
 0.04526212 0.02356604 0.01593023 0.0319185  0.04079077 0.05359015
 0.04526213 0.02758764 0.01593023]
[0.0434255  0.05632244 0.06113074 0.04825339 0.10150322 0.02362848
 0.0659702  0.10516971 0.04380052 0.05605651 0.02237662 0.0659702
 0.05275764 0.02514625 0.01811864 0.04146859 0.03581556 0.03541595
 0.05275764 0.02679351 0.01811864]
[0.02866043 0.05629046 0.06662813 0.03519613 0.12142369 0.02112742
 0.06412865 0.10851717 0.05922757 0.04885659 0.0182802  0.06412865
 0.05984139 0.02703411 0.01425934 0.03042292 0.04050269 0.03558887
 0.05984139 0.02578483 0.01425934]]