66914
Test: public void testGenericSignature1195() throws Exception { TypeFactory tf = TypeFactory.defaultInstance(); Method m; JavaType t; m = Generic1195.class.getMethod("getList"); t = tf.constructType(m.getGenericReturnType()); m = Generic1195.class.getMethod("getMap"); t = tf.constructType(m.getGenericReturnType()); m = Generic1195.class.getMethod("getGeneric"); t = tf.constructType(m.getGenericReturnType()); }
Code: public StringBuilder getGenericSignature(StringBuilder sb) { _classSignature(_class, sb, false); sb.append('<'); sb = _referencedType.getGenericSignature(sb); sb.append(';'); return sb; }
[[0.0465361  0.04433881 0.09319764 0.04523966 0.06068012 0.11297667
 0.12627268 0.08010394 0.11712564 0.02919958 0.02919406 0.05695838
 0.0531617  0.05104554 0.03444167 0.0195278 ]
[0.04328956 0.04777362 0.08736487 0.04177226 0.07692597 0.10678926
 0.13998239 0.0764429  0.11263385 0.0263831  0.02889653 0.06181232
 0.04293022 0.05465534 0.03184961 0.02049821]
[0.04137791 0.05486817 0.08563507 0.03961049 0.0794877  0.10044205
 0.15359044 0.06462979 0.12258233 0.03065505 0.02861165 0.04756404
 0.04950289 0.04546463 0.03581442 0.02016336]
[0.03327577 0.05143458 0.10070607 0.03262004 0.04808673 0.1290535
 0.19792353 0.08376547 0.09603801 0.01963698 0.03310145 0.05037443
 0.03690288 0.0420523  0.02815563 0.01687264]
[0.04569843 0.05261498 0.10476146 0.04629595 0.06811988 0.08654008
 0.10876682 0.075303   0.1203977  0.02885629 0.03780187 0.06212916
 0.0531652  0.05329233 0.03138392 0.0248729 ]
[0.04241722 0.04616512 0.07591726 0.03721158 0.06729451 0.09996369
 0.19120683 0.08183774 0.11630025 0.02108672 0.02943994 0.05675027
 0.04730034 0.04604447 0.02665507 0.01440894]
[0.05100407 0.04618099 0.09061345 0.0407477  0.06921371 0.09147637
 0.15874466 0.06832176 0.11739998 0.02684073 0.0266747  0.05532738
 0.05147677 0.05644864 0.03068651 0.01884262]
[0.04252769 0.05964109 0.08303306 0.03452063 0.06974601 0.09854984
 0.18892495 0.08778219 0.0984114  0.02502155 0.03064494 0.04627216
 0.04569238 0.04738097 0.0237029  0.01814825]
[0.0470285  0.05111005 0.06746984 0.03985049 0.07602879 0.11263112
 0.13208811 0.07858689 0.13987577 0.02364102 0.02723645 0.05425847
 0.05097356 0.04876023 0.03091963 0.01954109]
[0.04203324 0.04721033 0.08730733 0.03436002 0.0619297  0.0916046
 0.17583586 0.07044753 0.13268837 0.02270135 0.0281078  0.06086901
 0.04401209 0.04980724 0.03086936 0.0202162 ]
[0.0513666  0.05301739 0.08493146 0.04486106 0.05559565 0.081733
 0.09734049 0.08756098 0.12969877 0.03395749 0.04189225 0.06800529
 0.05490343 0.05592233 0.03462198 0.02459189]
[0.03706012 0.05297343 0.08619754 0.02986797 0.07098777 0.09682593
 0.20902456 0.09024101 0.10966493 0.01712601 0.02549328 0.04350505
 0.04314957 0.04723695 0.02519165 0.01545427]
[0.03976271 0.05637147 0.10411534 0.0349739  0.05903767 0.10196516
 0.17487442 0.06499845 0.13545209 0.02181719 0.02754947 0.04044657
 0.04330498 0.04628144 0.02931842 0.01973068]
[0.02968034 0.04717144 0.08672708 0.03280258 0.05726856 0.10318652
 0.21954544 0.07195044 0.12742351 0.02242112 0.02897089 0.04949188
 0.03513523 0.04322119 0.02927093 0.01573283]
[0.02887295 0.04078002 0.06949898 0.03287289 0.08139654 0.111076
 0.21408862 0.0739958  0.11182486 0.02458228 0.02326348 0.04401366
 0.04800832 0.05263042 0.03046024 0.01263499]
[0.03174285 0.04264086 0.0863747  0.03347713 0.07357503 0.11945976
 0.17511693 0.07049505 0.09993267 0.02443499 0.02783443 0.04967158
 0.05366436 0.06701425 0.02834674 0.01621867]]