62842
Test: public void testLenientNansAndInfinities() throws IOException { JsonTreeWriter writer = new JsonTreeWriter(); writer.setLenient(true); writer.beginArray(); writer.value(Double.NaN); writer.value(Double.NEGATIVE_INFINITY); writer.value(Double.POSITIVE_INFINITY); writer.endArray(); }
Code: public JsonWriter value(Boolean value) throws IOException { if (value == null) { return nullValue(); } writeDeferredName(); beforeValue(); out.write(value ? "true" : "false"); return this; }
[[0.03269164 0.03802256 0.06365702 0.03769429 0.07581055 0.01747714
 0.04583852 0.08834781 0.03210516 0.0509237  0.01724498 0.04583852
 0.03625606 0.02446509 0.01442078 0.02395394 0.03370159 0.04411635
 0.05606873 0.06869183 0.03110765 0.04184768 0.03625606 0.02904161
 0.01442078]
[0.0281159  0.04534176 0.07555637 0.04322474 0.06919418 0.01911956
 0.0473245  0.09907082 0.03274849 0.04749555 0.01650777 0.0473245
 0.0309045  0.02149443 0.01686881 0.02687195 0.03075299 0.03828566
 0.05469013 0.06847812 0.02180311 0.04674162 0.0309045  0.02431121
 0.01686881]
[0.03019284 0.0446893  0.07578573 0.03776896 0.09320586 0.01799489
 0.04517075 0.08143823 0.03709    0.03745411 0.01865266 0.04517075
 0.03547782 0.02383058 0.01297635 0.02322311 0.03075004 0.03939207
 0.04447206 0.07144384 0.02660423 0.05137872 0.03547782 0.02738297
 0.01297635]
[0.029648   0.04056621 0.07813012 0.0352373  0.09237942 0.0164315
 0.04945651 0.08755948 0.03431936 0.04371399 0.01390536 0.04945651
 0.03571168 0.01932581 0.01219901 0.02284373 0.02840875 0.03986492
 0.05800957 0.06859174 0.01856295 0.05474491 0.03571168 0.0230225
 0.01219901]
[0.02100448 0.04350578 0.0799786  0.04233867 0.10400949 0.01307299
 0.04912395 0.09374627 0.02926133 0.03289316 0.012795   0.04912395
 0.03405241 0.01829627 0.00970214 0.01670129 0.03270112 0.04462006
 0.0629339  0.07201985 0.02433401 0.05061379 0.03405241 0.01941698
 0.00970214]
[0.02556134 0.05383909 0.0705934  0.03436667 0.09843899 0.01450352
 0.04590663 0.10536984 0.02719854 0.05009236 0.01106401 0.04590663
 0.03697657 0.01942506 0.00973901 0.0202242  0.02711889 0.04686721
 0.0554138  0.06692614 0.02120088 0.04225955 0.03697657 0.02429206
 0.00973901]
[0.03404508 0.04122923 0.07102199 0.03743208 0.06053844 0.02259573
 0.05310921 0.05884981 0.03909127 0.03680374 0.02233654 0.05310921
 0.03939405 0.02544685 0.01898583 0.03287276 0.02984873 0.05348654
 0.04519841 0.06750472 0.02773586 0.04264103 0.03939405 0.02834307
 0.01898583]
[0.02099906 0.04708877 0.07950323 0.02864479 0.12314869 0.0132417
 0.04415041 0.11840296 0.0344638  0.04303417 0.00803142 0.04415041
 0.02765914 0.01546251 0.0067629  0.01379113 0.0237381  0.03209171
 0.05604045 0.09521386 0.01543912 0.05777954 0.02765914 0.01674
 0.0067629 ]
[0.02832019 0.03912375 0.06282958 0.03547395 0.07099168 0.01956126
 0.04797448 0.08845936 0.03976063 0.04781562 0.01551434 0.04797448
 0.03584234 0.02323442 0.01260146 0.02358386 0.02655259 0.0419314
 0.06386739 0.08015368 0.02656774 0.0483836  0.03584234 0.0250384
 0.01260146]
[0.01886381 0.04504234 0.0809194  0.03748665 0.08857982 0.01435228
 0.04825215 0.1040057  0.03886814 0.04676558 0.01226276 0.04825215
 0.0310231  0.01961341 0.0099056  0.0180479  0.02596411 0.03594779
 0.05628218 0.08396754 0.02474081 0.0489023  0.0310231  0.02102572
 0.0099056 ]
[0.02510132 0.0411242  0.07615932 0.03680205 0.08809293 0.01694884
 0.05470415 0.1144442  0.03710532 0.04751266 0.01575688 0.05470415
 0.03041954 0.01900733 0.00855321 0.02504848 0.02553697 0.04279373
 0.05852286 0.05797481 0.01826636 0.04418819 0.03041954 0.02225979
 0.00855321]
[0.03404508 0.04122923 0.07102199 0.03743208 0.06053844 0.02259573
 0.05310921 0.05884981 0.03909127 0.03680374 0.02233654 0.05310921
 0.03939405 0.02544685 0.01898583 0.03287276 0.02984873 0.05348654
 0.04519841 0.06750472 0.02773586 0.04264103 0.03939405 0.02834307
 0.01898583]
[0.02264666 0.0368672  0.07546815 0.03482205 0.08363187 0.01782831
 0.04510522 0.09286667 0.03428132 0.04324322 0.01327573 0.04510522
 0.03273692 0.01784075 0.01231891 0.02257555 0.02894303 0.04088715
 0.062104   0.08643141 0.02121942 0.06397305 0.03273692 0.0207724
 0.01231891]
[0.02976381 0.04341405 0.06441943 0.03728339 0.09504357 0.01782728
 0.04557091 0.08270793 0.034133   0.04221129 0.01626058 0.04557091
 0.04207098 0.02302587 0.01198231 0.02706568 0.03011204 0.03920006
 0.06493501 0.05729312 0.02628334 0.0414668  0.04207098 0.02830528
 0.01198231]
[0.02232973 0.04383026 0.0852875  0.02686594 0.09427077 0.0173151
 0.05435813 0.08551138 0.04449461 0.03843862 0.01409695 0.05435813
 0.04789358 0.02228308 0.01184354 0.02329371 0.03178953 0.04051894
 0.05748702 0.0513711  0.0201358  0.03170073 0.04789358 0.02078878
 0.01184354]
[0.03028042 0.04142426 0.07776249 0.03843708 0.08031514 0.01789546
 0.05137972 0.07489368 0.03470808 0.03709744 0.0153337  0.05137972
 0.03797168 0.01985268 0.01415886 0.031801   0.03575788 0.04802874
 0.05131372 0.06384813 0.02779122 0.04448143 0.03797168 0.02195692
 0.01415886]
[0.02787523 0.04052837 0.07923937 0.03752265 0.08650838 0.02034866
 0.04902725 0.08294872 0.03884808 0.04311225 0.01751499 0.04902725
 0.03412124 0.02355624 0.01378696 0.02458183 0.03153672 0.04555519
 0.05632289 0.06210824 0.02016185 0.04452818 0.03412124 0.02333124
 0.01378696]
[0.03377444 0.04006926 0.0646923  0.04094614 0.0675469  0.01947752
 0.05345031 0.07552551 0.04053059 0.0385741  0.01633758 0.05345031
 0.03635012 0.02065012 0.01325951 0.0288334  0.03861426 0.03607151
 0.06299745 0.06581937 0.03366797 0.04498664 0.03635012 0.02476506
 0.0132595 ]
[0.02571325 0.04078759 0.07977717 0.04167834 0.07411414 0.01580466
 0.06151284 0.08858402 0.03894578 0.03171655 0.01281953 0.06151284
 0.03535953 0.01657359 0.01165126 0.02160861 0.02721455 0.04433066
 0.05705827 0.06410361 0.02631496 0.05589793 0.03535953 0.01990959
 0.01165126]
[0.02794429 0.05162083 0.08694567 0.03344215 0.05981389 0.0188639
 0.04929309 0.09550221 0.034978   0.04536922 0.01640015 0.04929309
 0.03560909 0.02469417 0.01339747 0.02405895 0.02933967 0.04365373
 0.05004602 0.06190144 0.02490566 0.04568128 0.03560909 0.02823947
 0.01339747]
[0.03180118 0.03584466 0.06800574 0.02912315 0.07405006 0.02173946
 0.05095963 0.07529974 0.03482331 0.03858988 0.01707938 0.05095963
 0.03999975 0.02105521 0.01740517 0.02954569 0.03450875 0.03903878
 0.06886564 0.06864468 0.02234982 0.04748136 0.03999975 0.02542443
 0.01740517]
[0.02847802 0.04524137 0.08688122 0.03907115 0.07345057 0.01834978
 0.05523118 0.07130392 0.03589861 0.04140034 0.01587539 0.05523118
 0.03840827 0.02209402 0.016072   0.02959124 0.03205127 0.0370079
 0.05089495 0.0590185  0.02860864 0.04309107 0.03840827 0.02226903
 0.016072  ]
[0.02264666 0.0368672  0.07546815 0.03482205 0.08363187 0.01782831
 0.04510522 0.09286667 0.03428132 0.04324322 0.01327573 0.04510522
 0.03273692 0.01784075 0.01231891 0.02257555 0.02894303 0.04088715
 0.062104   0.08643141 0.02121942 0.06397305 0.03273692 0.0207724
 0.01231891]
[0.03377917 0.04256748 0.07341509 0.03554649 0.07588825 0.0189634
 0.05463792 0.08171915 0.03235618 0.04193214 0.0171522  0.05463792
 0.04073235 0.01983004 0.01459436 0.03070381 0.0268331  0.04635682
 0.05834825 0.05603668 0.02224641 0.045015   0.04073235 0.02138099
 0.01459436]
[0.02232973 0.04383026 0.0852875  0.02686594 0.09427077 0.0173151
 0.05435814 0.08551136 0.0444946  0.03843862 0.01409695 0.05435814
 0.04789358 0.02228308 0.01184354 0.02329371 0.03178953 0.04051894
 0.05748702 0.05137109 0.02013579 0.03170074 0.04789358 0.02078878
 0.01184354]]