63994
Test: public void test013() throws Throwable { if (debug) System.out.format("%n%s%n", "RegressionTest0.test013"); char[] charArray0 = com.fasterxml.jackson.core.util.DefaultPrettyPrinter.Lf2SpacesIndenter.SPACES; try { java.math.BigDecimal bigDecimal3 = com.fasterxml.jackson.core.io.NumberInput.parseBigDecimal(charArray0, 2000, (-1974715411)); } catch (java.lang.StringIndexOutOfBoundsException e) { } }
Code: public static BigDecimal parseBigDecimal(String numStr) throws NumberFormatException { try { return new BigDecimal(numStr); } catch (NumberFormatException e) { throw _badBigDecimal(numStr); } }
[[0.03115941 0.08887158 0.07173593 0.0696914  0.07264213 0.0756117
 0.01901465 0.03910339 0.05846788 0.03910339 0.03399028 0.01588421
 0.0480618  0.01274134 0.03343873 0.07202709 0.08079669 0.03910338
 0.03158162 0.04149073 0.01274134 0.01274134]
[0.0326547  0.08153198 0.06442939 0.06754696 0.07525907 0.06680681
 0.01972519 0.05145684 0.05225622 0.05145684 0.03048402 0.01387576
 0.06185446 0.01437533 0.03368854 0.06172701 0.07582536 0.05145685
 0.02772951 0.0371085  0.01437533 0.01437533]
[0.02942999 0.07866583 0.06255645 0.08105374 0.08790983 0.07993243
 0.01791778 0.04406599 0.04181173 0.04406599 0.03823531 0.01526792
 0.04849514 0.01140706 0.02514958 0.08788631 0.06282941 0.04406599
 0.02784937 0.04859005 0.01140706 0.01140706]
[0.02662614 0.0807127  0.07021184 0.08451478 0.10743827 0.07848896
 0.0146406  0.04755617 0.04539431 0.04755617 0.03328832 0.01073506
 0.05627854 0.00927065 0.03092258 0.06944118 0.0651181  0.04755617
 0.02372101 0.03198719 0.00927065 0.00927065]
[0.02836282 0.07362882 0.0693113  0.07416814 0.08040395 0.06223539
 0.02022124 0.04814269 0.04506536 0.04814269 0.0357916  0.01349485
 0.04884225 0.01346928 0.0387172  0.08421357 0.06995802 0.04814269
 0.03167419 0.03907548 0.01346928 0.01346928]
[0.02090557 0.07215571 0.06003482 0.09940752 0.08508857 0.10624477
 0.01324204 0.04620083 0.04330267 0.04620083 0.03338857 0.01079873
 0.04586103 0.00930142 0.02497718 0.07773596 0.08093448 0.04620086
 0.0249537  0.03446186 0.00930142 0.00930142]
[0.02533593 0.0859116  0.06809941 0.07416081 0.09344792 0.07980283
 0.01766159 0.04584764 0.04903218 0.04584764 0.0323544  0.01535298
 0.0505198  0.0105811  0.02617159 0.07883585 0.06797533 0.04584764
 0.02691837 0.03913322 0.0105811  0.0105811 ]
[0.0343638  0.07578205 0.04634006 0.05982039 0.08991945 0.06224589
 0.02219923 0.04843982 0.0392691  0.04843982 0.04043803 0.02015989
 0.06169236 0.01816614 0.03682921 0.07364331 0.06230166 0.04843982
 0.03109208 0.04408561 0.01816614 0.01816614]
[0.02299112 0.08973754 0.07351106 0.10254335 0.08428453 0.09804881
 0.01513649 0.03541229 0.04420411 0.03541229 0.03367244 0.0140327
 0.04535188 0.00959869 0.02433928 0.07551989 0.07349375 0.03541229
 0.02891234 0.03918782 0.00959869 0.00959869]
[0.0343638  0.07578205 0.04634006 0.05982039 0.08991945 0.06224589
 0.02219923 0.04843982 0.0392691  0.04843982 0.04043803 0.02015989
 0.06169236 0.01816614 0.03682921 0.07364331 0.06230166 0.04843982
 0.03109208 0.04408561 0.01816614 0.01816614]
[0.02092429 0.09192877 0.06722152 0.0962473  0.09042701 0.08271854
 0.01966875 0.03768622 0.041973   0.03768622 0.03093161 0.01263626
 0.05143259 0.01049134 0.02683191 0.0838844  0.06656738 0.03768622
 0.02425484 0.04781916 0.01049134 0.01049134]
[0.02619988 0.07805406 0.05937411 0.07864651 0.07909444 0.09095265
 0.01728797 0.0464516  0.05459947 0.0464516  0.03683265 0.01714602
 0.05511303 0.01355921 0.02558012 0.06120399 0.0669506  0.04645159
 0.02944083 0.04349132 0.0135592  0.0135592 ]
[0.02618398 0.09179521 0.05359978 0.08438161 0.09908311 0.08483755
 0.01656977 0.03885188 0.05174308 0.03885188 0.02737911 0.01002037
 0.05691351 0.01182218 0.02946256 0.07348229 0.09174439 0.03885189
 0.02350642 0.02727511 0.01182218 0.01182218]
[0.02190776 0.08100206 0.07193561 0.06413435 0.09973095 0.09300192
 0.01304867 0.04654769 0.05102502 0.04654769 0.04502773 0.01222648
 0.06020573 0.01048695 0.02078591 0.07438417 0.05727945 0.0465477
 0.0278379  0.03536236 0.01048695 0.01048695]
[0.02245667 0.10100281 0.08098128 0.07056755 0.07262291 0.08769198
 0.01623131 0.04419402 0.05102327 0.04419402 0.03232507 0.01408844
 0.05669757 0.00989048 0.02687306 0.07247828 0.07139666 0.04419401
 0.02506009 0.03624958 0.00989048 0.00989048]
[0.03282027 0.08751234 0.07173458 0.07099824 0.07876785 0.08008327
 0.01702268 0.04360041 0.0547244  0.04360041 0.03540004 0.01502002
 0.05350262 0.01233199 0.02947707 0.06021162 0.06469917 0.0436004
 0.03501188 0.04521678 0.01233199 0.01233199]
[0.02717039 0.0825439  0.08051655 0.07255644 0.08561735 0.0895587
 0.01546846 0.03895416 0.05314782 0.03895416 0.0341669  0.01350708
 0.05337528 0.01516244 0.02785049 0.06139318 0.06893514 0.03895416
 0.02850737 0.0433352  0.01516244 0.01516244]
[0.0343638  0.07578205 0.04634006 0.05982039 0.08991945 0.06224589
 0.02219923 0.04843982 0.0392691  0.04843982 0.04043803 0.02015989
 0.06169236 0.01816614 0.03682921 0.07364331 0.06230166 0.04843982
 0.03109208 0.04408561 0.01816614 0.01816614]
[0.02365546 0.08244808 0.06101327 0.08372064 0.11123142 0.07816804
 0.0115793  0.05046898 0.0482532  0.05046898 0.03928368 0.0131857
 0.05005359 0.0091461  0.02346954 0.06931107 0.05778491 0.05046899
 0.02768692 0.04030992 0.0091461  0.0091461 ]
[0.01856061 0.08277068 0.076221   0.08167181 0.08595634 0.08370218
 0.01234767 0.0518912  0.05454402 0.0518912  0.03284026 0.01214158
 0.05568934 0.00926258 0.01974921 0.07117176 0.06716012 0.05189119
 0.02489512 0.03711699 0.00926258 0.00926258]
[0.02190776 0.08100204 0.07193559 0.06413437 0.09973094 0.09300192
 0.01304867 0.04654769 0.05102502 0.04654769 0.04502773 0.01222648
 0.06020575 0.01048695 0.0207859  0.07438417 0.05727945 0.04654769
 0.0278379  0.03536236 0.01048695 0.01048695]
[0.02190776 0.08100204 0.07193559 0.06413437 0.09973094 0.09300192
 0.01304867 0.04654769 0.05102502 0.04654769 0.04502773 0.01222648
 0.06020575 0.01048695 0.0207859  0.07438417 0.05727945 0.04654769
 0.0278379  0.03536236 0.01048695 0.01048695]]