29897
Test: public void testPrefixMapClearNothing() { Trie<String, Integer> trie = new PatriciaTrie<Integer>(); SortedMap<String, Integer> prefixMap = trie.prefixMap("And"); prefixMap.clear(); }
Code: public void clear() { Iterator<Map.Entry<K, V>> it = AbstractPatriciaTrie.this.entrySet().iterator(); Set<K> currentKeys = keySet(); while (it.hasNext()) { if (currentKeys.contains(it.next().getKey())) { it.remove(); } } }
[[0.03653745 0.02951629 0.04775398 0.04842019 0.03582765 0.02851473
 0.04253004 0.02297112 0.06540019 0.02571896 0.0633749  0.02297112
 0.03784809 0.08714736 0.07698254 0.04842019 0.09845465 0.06024891
 0.04842018 0.02643475 0.01550225 0.01550225 0.01550225]
[0.02892898 0.02473902 0.04263449 0.04807237 0.02923827 0.02789469
 0.03195363 0.02316387 0.08219691 0.02221101 0.05330887 0.02316387
 0.03236857 0.09678351 0.11754462 0.04807237 0.09588195 0.05391878
 0.04807235 0.02567283 0.01472634 0.01472634 0.01472634]
[0.0340339  0.02737386 0.04957289 0.04540506 0.03259395 0.02627663
 0.03485158 0.027784   0.07190384 0.03571162 0.06971031 0.027784
 0.02842123 0.09263645 0.07290364 0.04540506 0.09759711 0.06025077
 0.04540507 0.03075374 0.01454177 0.01454177 0.01454177]
[0.03632115 0.03141526 0.04063714 0.05520304 0.03369254 0.0356388
 0.03755964 0.030093   0.06966077 0.0329823  0.05985144 0.030093
 0.0389092  0.06366183 0.07778727 0.05520304 0.06297582 0.0579613
 0.05520305 0.0352287  0.01997389 0.01997389 0.01997389]
[0.03371074 0.02570635 0.04254119 0.05220203 0.03036069 0.02491487
 0.03604447 0.02368455 0.06022534 0.02309934 0.06094525 0.02368455
 0.03368052 0.08621714 0.10684315 0.05220203 0.11012013 0.05031751
 0.05220203 0.03244252 0.01295186 0.01295186 0.01295186]
[0.02148481 0.02127679 0.04692114 0.04854923 0.02656827 0.02798456
 0.03055861 0.02044776 0.0763424  0.02285473 0.08014815 0.02044776
 0.02806681 0.12275586 0.09475277 0.04854923 0.103379   0.05333932
 0.04854924 0.0235722  0.01115046 0.01115046 0.01115046]
[0.02916591 0.022912   0.04491971 0.05121782 0.03213225 0.02582659
 0.04515148 0.01910182 0.06953435 0.02156285 0.06138919 0.01910182
 0.0249153  0.09240416 0.09329835 0.05121782 0.10790886 0.07044228
 0.05121782 0.02786659 0.01290435 0.01290435 0.01290435]
[0.04220146 0.03410194 0.05327301 0.04610919 0.03901697 0.03797347
 0.04286998 0.03454231 0.05685531 0.03359004 0.05530085 0.03454231
 0.03432383 0.06496617 0.06264921 0.04610919 0.093108   0.04959625
 0.04610919 0.03183573 0.02030852 0.02030852 0.02030852]
[0.03424852 0.02731529 0.05079108 0.04368504 0.02620651 0.02545247
 0.04383576 0.02517742 0.07746906 0.01975524 0.06526401 0.02517742
 0.02848383 0.09825254 0.08377314 0.04368504 0.11361508 0.0623989
 0.04368506 0.02977761 0.01065033 0.01065033 0.01065033]
[0.03157181 0.02384987 0.0462705  0.05388555 0.02697675 0.02315447
 0.02930393 0.02245664 0.08100606 0.02895467 0.06445332 0.02245664
 0.03008796 0.10886167 0.08941523 0.05388555 0.10190155 0.04941008
 0.05388554 0.02419855 0.01133788 0.01133788 0.01133788]
[0.02363228 0.01791384 0.0434626  0.06358802 0.02448004 0.02077577
 0.03339485 0.01957047 0.06820527 0.01986165 0.06962439 0.01957047
 0.02335747 0.09731963 0.09513725 0.06358802 0.10782073 0.07050943
 0.06358808 0.0281347  0.00882168 0.00882168 0.00882168]
[0.04220146 0.03410194 0.05327301 0.04610919 0.03901697 0.03797347
 0.04286998 0.03454231 0.05685531 0.03359004 0.05530085 0.03454231
 0.03432383 0.06496617 0.06264921 0.04610919 0.093108   0.04959625
 0.04610919 0.03183573 0.02030852 0.02030852 0.02030852]
[0.03231792 0.02243553 0.04738849 0.05538185 0.03360739 0.01888514
 0.03396112 0.02241373 0.08403572 0.02099198 0.06345981 0.02241373
 0.03089982 0.10435455 0.09255529 0.05538185 0.09160045 0.06514575
 0.05538185 0.02481705 0.00752369 0.00752369 0.00752369]
[0.02753469 0.02405166 0.04459023 0.05679858 0.02679341 0.02551736
 0.03887356 0.02430938 0.07644883 0.02192407 0.06568243 0.02430938
 0.02734034 0.09865297 0.08776251 0.05679858 0.10290875 0.05902247
 0.05679858 0.02330532 0.01019229 0.01019229 0.01019229]
[0.03254205 0.02479983 0.05303453 0.05354383 0.03193258 0.03067319
 0.04058995 0.0192631  0.06803589 0.02031195 0.05837901 0.0192631
 0.02561169 0.09071882 0.09978984 0.05354383 0.10159172 0.05338074
 0.05354383 0.02510614 0.01478145 0.01478145 0.01478145]
[0.03632115 0.03141526 0.04063714 0.05520304 0.03369254 0.0356388
 0.03755964 0.030093   0.06966077 0.0329823  0.05985144 0.030093
 0.0389092  0.06366183 0.07778727 0.05520304 0.06297582 0.0579613
 0.05520305 0.0352287  0.01997389 0.01997389 0.01997389]
[0.02169745 0.01631582 0.03793423 0.04547123 0.02032297 0.01827164
 0.03176334 0.01696719 0.09055904 0.01730066 0.06117392 0.01696719
 0.02238743 0.1140112  0.13144563 0.04547123 0.12228567 0.07351347
 0.04547122 0.0297562  0.00697109 0.00697109 0.00697109]
[0.03120242 0.021389   0.05044667 0.04998603 0.02713787 0.02234547
 0.03893387 0.02297574 0.0797172  0.02524972 0.05675098 0.02297574
 0.03969039 0.09953047 0.11150472 0.04998603 0.08620177 0.05034785
 0.04998603 0.02642521 0.01240564 0.01240564 0.01240564]
[0.03632115 0.03141526 0.04063714 0.05520304 0.03369254 0.0356388
 0.03755964 0.030093   0.06966077 0.0329823  0.05985144 0.030093
 0.0389092  0.06366183 0.07778727 0.05520304 0.06297582 0.0579613
 0.05520305 0.0352287  0.01997389 0.01997389 0.01997389]
[0.0364868  0.02569575 0.05342634 0.05243093 0.02700957 0.02978364
 0.03524908 0.02635071 0.069915   0.02550036 0.05228035 0.02635071
 0.03250716 0.0806908  0.09390948 0.05243093 0.08470249 0.06438115
 0.05243095 0.02786529 0.01686749 0.01686749 0.01686749]
[0.02663155 0.02392107 0.04788381 0.06056632 0.0347102  0.02812275
 0.03511413 0.0232263  0.06154806 0.02109727 0.04721975 0.0232263
 0.03141315 0.10392702 0.10024451 0.06056632 0.10104963 0.04684839
 0.06056632 0.02187775 0.01341313 0.01341313 0.01341313]
[0.02663155 0.02392107 0.04788381 0.06056632 0.0347102  0.02812275
 0.03511413 0.0232263  0.06154806 0.02109727 0.04721975 0.0232263
 0.03141315 0.10392702 0.10024451 0.06056632 0.10104963 0.04684839
 0.06056632 0.02187775 0.01341313 0.01341313 0.01341313]
[0.02663155 0.02392107 0.04788381 0.06056632 0.0347102  0.02812275
 0.03511413 0.0232263  0.06154806 0.02109727 0.04721975 0.0232263
 0.03141315 0.10392702 0.10024451 0.06056632 0.10104963 0.04684839
 0.06056632 0.02187775 0.01341313 0.01341313 0.01341313]]