16327
Test: public void test013() throws Throwable { if (debug) System.out.format("%n%s%n", "RegressionTest0.test013"); org.apache.commons.cli.HelpFormatter helpFormatter0 = new org.apache.commons.cli.HelpFormatter(); int int4 = helpFormatter0.findWrapPos("", (int) '#', 1); java.lang.String str5 = helpFormatter0.getSyntaxPrefix(); int int6 = helpFormatter0.defaultLeftPad; java.io.PrintWriter printWriter7 = null; try { helpFormatter0.printWrapped(printWriter7, (int) (short) 0, ""); } catch (java.lang.NullPointerException e) { } }
Code: public void printWrapped(PrintWriter pw, int width, int nextLineTabStop, String text){StringBuffer sb = new StringBuffer(text.length());renderWrappedText(sb, width, nextLineTabStop, text);pw.println(sb.toString());}
[[0.05204508 0.0444893  0.02116011 0.065593   0.02911544 0.17812014
 0.02911544 0.02186163 0.06410457 0.06430885 0.03443395 0.03397324
 0.02492363 0.02993415 0.17812014 0.02186163 0.10683966]
[0.04149425 0.04191277 0.01875582 0.06128658 0.02020347 0.1858294
 0.02020347 0.01436018 0.05582011 0.0720842  0.02967231 0.03819216
 0.0200082  0.02029011 0.1858294  0.01436018 0.15969752]
[0.04091301 0.0434338  0.01664164 0.06083284 0.02183243 0.18158486
 0.02183243 0.01712509 0.05967833 0.07905218 0.0301313  0.03370914
 0.02122276 0.02435746 0.18158486 0.01712509 0.14894277]
[0.04788332 0.03767943 0.02385001 0.05332749 0.02500101 0.16948077
 0.02500101 0.01909962 0.06418715 0.08123389 0.03886193 0.04913673
 0.02134863 0.02820097 0.16948077 0.01909962 0.12712762]
[0.03984894 0.03837755 0.02105381 0.07132553 0.02499175 0.17740607
 0.02499175 0.02221107 0.0722219  0.05267536 0.02628656 0.03347221
 0.02105253 0.02492128 0.17740607 0.02221107 0.14954653]
[0.05236492 0.03727309 0.0178738  0.05236364 0.02399103 0.15862747
 0.02399103 0.01592254 0.06599291 0.0598741  0.03137953 0.04005814
 0.02738516 0.02579585 0.15862747 0.01592254 0.19255678]
[0.03984894 0.03837755 0.02105381 0.07132553 0.02499175 0.17740607
 0.02499175 0.02221107 0.0722219  0.05267536 0.02628656 0.03347221
 0.02105253 0.02492128 0.17740607 0.02221107 0.14954653]
[0.05129883 0.03886777 0.02025731 0.06790577 0.02454353 0.16133285
 0.02454353 0.01680195 0.06496973 0.09118631 0.02325958 0.03445768
 0.01655812 0.02140805 0.16133285 0.01680195 0.1644742 ]
[0.0528126  0.04152698 0.0196155  0.06484421 0.02620539 0.1833547
 0.02620539 0.01952427 0.05714177 0.0680659  0.02818629 0.03489735
 0.02263491 0.02572408 0.1833547  0.01952427 0.12638159]
[0.04580418 0.03498109 0.01656882 0.06838413 0.02163787 0.18772149
 0.02163787 0.0150259  0.05675498 0.06923188 0.02374401 0.03022149
 0.01751163 0.02210205 0.18772149 0.0150259  0.16592522]
[0.05034824 0.04148244 0.02736847 0.0696144  0.02855335 0.14681257
 0.02855335 0.01906194 0.0798665  0.06319938 0.02988199 0.03380177
 0.02618289 0.02782456 0.14681257 0.01906194 0.16157362]
[0.06159669 0.05237074 0.03504618 0.05602517 0.03553829 0.11828271
 0.03553829 0.02833127 0.07144665 0.06573196 0.04236108 0.0541088
 0.02957577 0.03278937 0.11828271 0.02833127 0.1346431 ]
[0.04803329 0.04751485 0.01879613 0.05593348 0.02602536 0.18357283
 0.02602536 0.01666041 0.07184236 0.05457099 0.03179689 0.03695795
 0.02922011 0.02957146 0.18357283 0.01666041 0.12324525]
[0.03824905 0.03889064 0.01707899 0.06347518 0.02090783 0.17138869
 0.02090783 0.01406595 0.06970306 0.07828121 0.02694986 0.03326647
 0.02501957 0.02549002 0.17138869 0.01406595 0.17087102]
[0.05236492 0.03727309 0.0178738  0.05236364 0.02399103 0.15862747
 0.02399103 0.01592254 0.06599291 0.0598741  0.03137953 0.04005814
 0.02738516 0.02579585 0.15862747 0.01592254 0.19255678]
[0.05129883 0.03886777 0.02025731 0.06790577 0.02454353 0.16133285
 0.02454353 0.01680195 0.06496973 0.09118631 0.02325958 0.03445768
 0.01655812 0.02140805 0.16133285 0.01680195 0.1644742 ]
[0.04788046 0.0301489  0.01828389 0.05741964 0.01936438 0.16127446
 0.01936438 0.01833425 0.06948431 0.07481125 0.0247204  0.03130541
 0.02307626 0.02324034 0.16127446 0.01833425 0.2016829 ]]