70052
Test: public void testHashcodeIsStableWithContentChanges() { Element root = new Element(Tag.valueOf("root"), ""); HashSet<Element> set = new HashSet<>(); set.add(root); root.appendChild(new Element(Tag.valueOf("a"), "")); }
Code: public Attributes add(String key, String value) { checkCapacity(size + 1); ; vals[size] = value; size++; return this; }
tensor([[0.0360, 0.0701, 0.0289, 0.0468, 0.0455, 0.0401, 0.0532, 0.1193, 0.0293,
         0.0466, 0.0204, 0.1375, 0.0230, 0.0322, 0.1816, 0.0403, 0.0328, 0.0165],
        [0.0293, 0.0669, 0.0216, 0.0460, 0.0495, 0.0344, 0.0640, 0.1237, 0.0267,
         0.0474, 0.0139, 0.1610, 0.0225, 0.0299, 0.1865, 0.0377, 0.0238, 0.0151],
        [0.0293, 0.0613, 0.0302, 0.0380, 0.0478, 0.0353, 0.0605, 0.1315, 0.0314,
         0.0478, 0.0193, 0.1433, 0.0285, 0.0288, 0.1738, 0.0446, 0.0328, 0.0158],
        [0.0293, 0.0633, 0.0228, 0.0427, 0.0530, 0.0411, 0.0501, 0.1446, 0.0245,
         0.0470, 0.0150, 0.1451, 0.0203, 0.0230, 0.2047, 0.0339, 0.0290, 0.0107],
        [0.0373, 0.0628, 0.0260, 0.0481, 0.0423, 0.0408, 0.0599, 0.1134, 0.0323,
         0.0445, 0.0171, 0.1518, 0.0251, 0.0251, 0.1932, 0.0383, 0.0271, 0.0149],
        [0.0303, 0.0576, 0.0195, 0.0452, 0.0442, 0.0328, 0.0571, 0.1287, 0.0253,
         0.0396, 0.0148, 0.1639, 0.0214, 0.0216, 0.2219, 0.0380, 0.0246, 0.0135],
        [0.0380, 0.0731, 0.0290, 0.0498, 0.0539, 0.0398, 0.0633, 0.1203, 0.0398,
         0.0564, 0.0213, 0.1132, 0.0317, 0.0245, 0.1482, 0.0434, 0.0323, 0.0220],
        [0.0345, 0.0707, 0.0259, 0.0467, 0.0421, 0.0379, 0.0653, 0.1150, 0.0349,
         0.0408, 0.0172, 0.1375, 0.0298, 0.0307, 0.1830, 0.0444, 0.0283, 0.0153],
        [0.0326, 0.0520, 0.0239, 0.0406, 0.0511, 0.0320, 0.0465, 0.1186, 0.0278,
         0.0490, 0.0175, 0.1620, 0.0237, 0.0230, 0.2146, 0.0387, 0.0306, 0.0160],
        [0.0242, 0.0593, 0.0206, 0.0347, 0.0484, 0.0334, 0.0464, 0.1248, 0.0276,
         0.0442, 0.0137, 0.1748, 0.0191, 0.0178, 0.2416, 0.0379, 0.0219, 0.0097],
        [0.0207, 0.0516, 0.0191, 0.0312, 0.0422, 0.0361, 0.0695, 0.1059, 0.0222,
         0.0400, 0.0134, 0.1783, 0.0184, 0.0239, 0.2582, 0.0409, 0.0201, 0.0083],
        [0.0336, 0.0670, 0.0280, 0.0460, 0.0415, 0.0391, 0.0493, 0.1286, 0.0259,
         0.0488, 0.0140, 0.1278, 0.0209, 0.0267, 0.2197, 0.0408, 0.0261, 0.0162],
        [0.0432, 0.0668, 0.0297, 0.0468, 0.0514, 0.0470, 0.0479, 0.1207, 0.0380,
         0.0621, 0.0270, 0.1002, 0.0356, 0.0318, 0.1407, 0.0473, 0.0430, 0.0210],
        [0.0261, 0.0591, 0.0191, 0.0390, 0.0439, 0.0385, 0.0496, 0.1363, 0.0276,
         0.0439, 0.0161, 0.1694, 0.0246, 0.0268, 0.2084, 0.0365, 0.0252, 0.0101],
        [0.0334, 0.0638, 0.0241, 0.0427, 0.0475, 0.0429, 0.0592, 0.1290, 0.0317,
         0.0571, 0.0155, 0.1361, 0.0224, 0.0230, 0.1941, 0.0342, 0.0262, 0.0170],
        [0.0230, 0.0635, 0.0222, 0.0332, 0.0447, 0.0309, 0.0507, 0.1436, 0.0321,
         0.0448, 0.0138, 0.1938, 0.0228, 0.0236, 0.1893, 0.0324, 0.0220, 0.0136],
        [0.0384, 0.0691, 0.0265, 0.0472, 0.0469, 0.0380, 0.0660, 0.1149, 0.0314,
         0.0552, 0.0189, 0.1518, 0.0224, 0.0201, 0.1652, 0.0459, 0.0249, 0.0172],
        [0.0258, 0.0707, 0.0200, 0.0462, 0.0473, 0.0307, 0.0654, 0.1418, 0.0282,
         0.0486, 0.0199, 0.1114, 0.0232, 0.0269, 0.1992, 0.0561, 0.0244, 0.0141]])