17156
Test: public void testRecordTypeGreatestSubType5() { RecordTypeBuilder builder = new RecordTypeBuilder(registry); builder.addProperty("a", STRING_TYPE, null); JSType recordType = builder.build(); U2U_CONSTRUCTOR_TYPE.defineDeclaredProperty("a", STRING_TYPE, null); }
Code: public JSType build() { if (isEmpty) { return registry.getNativeObjectType(JSTypeNative.OBJECT_TYPE); } return new RecordType( registry, Collections.unmodifiableMap(properties), isDeclared); }
tensor([[0.0481, 0.1263, 0.0203, 0.0602, 0.1293, 0.0672, 0.0602, 0.0525, 0.0922,
         0.0196, 0.0525, 0.0246, 0.0523, 0.0787, 0.0426, 0.0539, 0.0196],
        [0.0322, 0.1576, 0.0246, 0.0631, 0.1264, 0.0790, 0.0631, 0.0519, 0.0929,
         0.0153, 0.0519, 0.0245, 0.0418, 0.0655, 0.0401, 0.0549, 0.0153],
        [0.0400, 0.1647, 0.0252, 0.0559, 0.1207, 0.0772, 0.0559, 0.0512, 0.0947,
         0.0170, 0.0512, 0.0226, 0.0383, 0.0660, 0.0417, 0.0609, 0.0170],
        [0.0509, 0.0785, 0.0291, 0.0735, 0.0888, 0.0621, 0.0735, 0.0597, 0.0766,
         0.0272, 0.0597, 0.0296, 0.0553, 0.0795, 0.0642, 0.0646, 0.0272],
        [0.0271, 0.2186, 0.0149, 0.0551, 0.1521, 0.0595, 0.0551, 0.0356, 0.0762,
         0.0085, 0.0356, 0.0104, 0.0269, 0.0954, 0.0308, 0.0898, 0.0085],
        [0.0364, 0.1225, 0.0184, 0.0608, 0.1430, 0.0682, 0.0608, 0.0459, 0.0925,
         0.0202, 0.0459, 0.0223, 0.0422, 0.0929, 0.0437, 0.0640, 0.0202],
        [0.0509, 0.0785, 0.0291, 0.0735, 0.0888, 0.0621, 0.0735, 0.0597, 0.0766,
         0.0272, 0.0597, 0.0296, 0.0553, 0.0795, 0.0642, 0.0646, 0.0272],
        [0.0320, 0.1605, 0.0224, 0.0582, 0.1348, 0.0662, 0.0582, 0.0472, 0.0740,
         0.0162, 0.0472, 0.0193, 0.0433, 0.0861, 0.0408, 0.0774, 0.0162],
        [0.0326, 0.1443, 0.0219, 0.0772, 0.1292, 0.0660, 0.0772, 0.0566, 0.0703,
         0.0155, 0.0566, 0.0233, 0.0441, 0.0603, 0.0382, 0.0713, 0.0155],
        [0.0330, 0.1198, 0.0272, 0.0700, 0.1241, 0.0750, 0.0700, 0.0678, 0.0882,
         0.0158, 0.0678, 0.0184, 0.0501, 0.0659, 0.0365, 0.0546, 0.0158],
        [0.0320, 0.1605, 0.0224, 0.0582, 0.1348, 0.0662, 0.0582, 0.0472, 0.0740,
         0.0162, 0.0472, 0.0193, 0.0433, 0.0861, 0.0408, 0.0774, 0.0162],
        [0.0400, 0.1287, 0.0253, 0.0676, 0.1388, 0.0826, 0.0676, 0.0561, 0.0717,
         0.0200, 0.0561, 0.0266, 0.0460, 0.0557, 0.0392, 0.0580, 0.0200],
        [0.0391, 0.1551, 0.0221, 0.0646, 0.1080, 0.0661, 0.0646, 0.0488, 0.0935,
         0.0160, 0.0488, 0.0244, 0.0417, 0.0767, 0.0489, 0.0656, 0.0160],
        [0.0393, 0.1377, 0.0260, 0.0766, 0.1203, 0.0657, 0.0766, 0.0480, 0.0769,
         0.0223, 0.0480, 0.0263, 0.0419, 0.0735, 0.0371, 0.0615, 0.0223],
        [0.0353, 0.1578, 0.0175, 0.0682, 0.1264, 0.0727, 0.0682, 0.0509, 0.0730,
         0.0111, 0.0509, 0.0182, 0.0359, 0.0790, 0.0430, 0.0807, 0.0111],
        [0.0395, 0.1075, 0.0261, 0.0555, 0.1204, 0.0845, 0.0555, 0.0527, 0.0839,
         0.0197, 0.0527, 0.0203, 0.0418, 0.0986, 0.0572, 0.0645, 0.0197],
        [0.0330, 0.1198, 0.0272, 0.0700, 0.1241, 0.0750, 0.0700, 0.0678, 0.0882,
         0.0158, 0.0678, 0.0184, 0.0501, 0.0659, 0.0365, 0.0546, 0.0158]])