100305
Test: public void testAddYears_int_dstOverlapWinter_addZero() { MutableDateTime test = new MutableDateTime(2011, 10, 30, 2, 30, 0, 0, DateTimeZone.forID("Europe/Berlin")); test.addHours(1); test.addYears(0); }
Code: public void addHours(final int hours) { if (hours != 0) { setMillis(getChronology().hours().add(getMillis(), hours)); } }
tensor([[0.0628, 0.0497, 0.0606, 0.0414, 0.1688, 0.0752, 0.1684, 0.0631, 0.0332,
         0.0332, 0.0752, 0.0390, 0.0795, 0.0249, 0.0249],
        [0.0573, 0.0445, 0.0496, 0.0322, 0.1889, 0.0744, 0.1867, 0.0549, 0.0304,
         0.0302, 0.0744, 0.0284, 0.1008, 0.0237, 0.0237],
        [0.0562, 0.0456, 0.0573, 0.0401, 0.1569, 0.0772, 0.1931, 0.0596, 0.0294,
         0.0337, 0.0772, 0.0384, 0.0923, 0.0214, 0.0214],
        [0.0451, 0.0360, 0.0529, 0.0366, 0.1226, 0.0783, 0.2589, 0.0574, 0.0257,
         0.0302, 0.0783, 0.0355, 0.1035, 0.0194, 0.0194],
        [0.0611, 0.0460, 0.0473, 0.0348, 0.1504, 0.0877, 0.1990, 0.0585, 0.0316,
         0.0274, 0.0877, 0.0376, 0.0931, 0.0189, 0.0189],
        [0.0699, 0.0586, 0.0545, 0.0363, 0.1107, 0.0843, 0.1242, 0.0759, 0.0446,
         0.0421, 0.0843, 0.0511, 0.0951, 0.0342, 0.0342],
        [0.0492, 0.0335, 0.0315, 0.0260, 0.2081, 0.0743, 0.2667, 0.0457, 0.0159,
         0.0302, 0.0743, 0.0237, 0.0959, 0.0125, 0.0125],
        [0.0645, 0.0516, 0.0518, 0.0407, 0.1474, 0.0873, 0.1653, 0.0671, 0.0328,
         0.0398, 0.0873, 0.0485, 0.0677, 0.0240, 0.0240],
        [0.0552, 0.0342, 0.0436, 0.0323, 0.1978, 0.0892, 0.1899, 0.0499, 0.0202,
         0.0349, 0.0892, 0.0347, 0.0927, 0.0181, 0.0181],
        [0.0557, 0.0490, 0.0493, 0.0362, 0.1285, 0.0757, 0.1869, 0.0820, 0.0419,
         0.0336, 0.0757, 0.0424, 0.0875, 0.0277, 0.0277],
        [0.0699, 0.0586, 0.0545, 0.0363, 0.1107, 0.0843, 0.1242, 0.0759, 0.0446,
         0.0421, 0.0843, 0.0511, 0.0951, 0.0342, 0.0342],
        [0.0635, 0.0418, 0.0504, 0.0324, 0.1180, 0.0951, 0.1905, 0.0569, 0.0315,
         0.0432, 0.0951, 0.0385, 0.1030, 0.0201, 0.0201],
        [0.0609, 0.0468, 0.0514, 0.0313, 0.1479, 0.0847, 0.2001, 0.0512, 0.0367,
         0.0318, 0.0847, 0.0451, 0.0806, 0.0233, 0.0233],
        [0.0544, 0.0463, 0.0454, 0.0431, 0.1170, 0.0976, 0.2007, 0.0468, 0.0350,
         0.0326, 0.0976, 0.0411, 0.0963, 0.0230, 0.0230],
        [0.0544, 0.0463, 0.0454, 0.0431, 0.1170, 0.0976, 0.2007, 0.0468, 0.0350,
         0.0326, 0.0976, 0.0411, 0.0963, 0.0230, 0.0230]])