69400
Test: @Test public void testPrependRowToTable() { Document doc = Jsoup.parse("<table><tr><td>1</td></tr></table>"); Element table = doc.select("table").first(); table.prepend("<tr><td>2</td></tr>"); }
Code: public Element prepend(String html){;Element fragment = Parser.parseBodyFragment(html, baseUri).body();List<Node> nodes = fragment.childNodes();for (int i = nodes.size() - -1; i >= 0; i--) {Node node = nodes.get(i);node.parentNode = null;prependChild(node);}return this;}
[[0.02367086 0.00992985 0.07534984 0.03179401 0.02980995 0.01541694
 0.04761907 0.07697173 0.03713369 0.01541694 0.04237401 0.02184789
 0.02130901 0.01541694 0.02827441 0.06712472 0.02126186 0.02130901
 0.02055711 0.03664643 0.03846016 0.04365224 0.10732844 0.01541694
 0.06502979 0.01541694 0.02863848 0.02682273]
[0.02302434 0.00891095 0.09340392 0.02256903 0.0218701  0.01402523
 0.04168043 0.07048722 0.04023727 0.01402523 0.04804383 0.02171825
 0.02255945 0.01402523 0.03251587 0.08843136 0.0253291  0.02255945
 0.017972   0.03219467 0.0356447  0.03565624 0.12650481 0.01402523
 0.0529208  0.01402523 0.02644485 0.01919517]
[0.02058662 0.00830738 0.07599051 0.02699645 0.02559673 0.01525317
 0.04812236 0.08547826 0.04115041 0.01525317 0.04803275 0.02241629
 0.02497749 0.01525317 0.0270957  0.07123341 0.02315092 0.02497749
 0.02015584 0.02555924 0.04455514 0.04341033 0.11438337 0.01525317
 0.05166421 0.01525317 0.03229555 0.01759763]
[0.02116869 0.00923522 0.08345646 0.02649345 0.02451155 0.01643151
 0.04528983 0.0889754  0.03560718 0.01643151 0.04407586 0.02194387
 0.02594927 0.01643151 0.02074722 0.06886201 0.01822937 0.02594927
 0.01976069 0.03296716 0.0390061  0.03535341 0.12236979 0.01643151
 0.05663106 0.01643151 0.03040206 0.02085755]
[0.02350626 0.006922   0.07777189 0.02948892 0.02454879 0.01651246
 0.03943264 0.0736267  0.04028377 0.01651246 0.04630047 0.01835614
 0.02304337 0.01651246 0.030273   0.05525743 0.025249   0.02304337
 0.02254067 0.03386965 0.02962844 0.0369495  0.14340794 0.01651246
 0.07016127 0.01651246 0.02351104 0.02026544]
[0.02774918 0.01595806 0.06105091 0.02916322 0.03394653 0.02379849
 0.04372738 0.09140011 0.04784236 0.02379849 0.03672976 0.02276143
 0.02757814 0.02379849 0.02270797 0.05946103 0.02191087 0.02757814
 0.02146641 0.04377806 0.0310885  0.03573011 0.06571566 0.02379849
 0.0569349  0.02379849 0.03000899 0.02671975]
[0.01987337 0.00902627 0.09458669 0.02829581 0.02510366 0.01723463
 0.05165397 0.08587903 0.03935926 0.01723463 0.05706894 0.0244814
 0.0205346  0.01723463 0.02738003 0.07446948 0.02446001 0.0205346
 0.01848402 0.03035465 0.0403262  0.036719   0.0905325  0.01723463
 0.0473848  0.01723463 0.02872164 0.01859691]
[0.01944853 0.00769577 0.07391267 0.02713855 0.026563   0.01442115
 0.05103989 0.08415847 0.03540964 0.01442115 0.04815854 0.0200409
 0.02345219 0.01442115 0.02479974 0.07348244 0.0263712  0.02345219
 0.01659575 0.03938286 0.03347133 0.03296937 0.14320773 0.01442115
 0.05425955 0.01442115 0.02499238 0.01789154]
[0.0169997  0.00786224 0.08833719 0.02539421 0.02926182 0.01619277
 0.04954682 0.08882191 0.03596726 0.01619277 0.04100817 0.02416766
 0.02953491 0.01619277 0.02219367 0.06753612 0.02203896 0.02953491
 0.01741936 0.03375656 0.03706729 0.0322328  0.12116504 0.01619277
 0.04830822 0.01619278 0.02885253 0.02202877]
[0.02774918 0.01595806 0.06105091 0.02916322 0.03394653 0.02379849
 0.04372738 0.09140011 0.04784236 0.02379849 0.03672976 0.02276143
 0.02757814 0.02379849 0.02270797 0.05946103 0.02191087 0.02757814
 0.02146641 0.04377806 0.0310885  0.03573011 0.06571566 0.02379849
 0.0569349  0.02379849 0.03000899 0.02671975]
[0.01805069 0.00597976 0.0933568  0.02093042 0.02187938 0.01326834
 0.04737679 0.0940019  0.03271446 0.01326834 0.03887454 0.02304766
 0.02374203 0.01326834 0.0241524  0.06386029 0.02208    0.02374203
 0.01679324 0.03350459 0.03584802 0.03522215 0.15349576 0.01326834
 0.05822002 0.01326834 0.02692869 0.01985663]
[0.02127093 0.00842711 0.0972994  0.02320928 0.02831351 0.01587515
 0.05291974 0.08976526 0.03620454 0.01587515 0.04822688 0.01743092
 0.02046147 0.01587515 0.03382912 0.07301386 0.0201958  0.02046147
 0.01794582 0.03845525 0.03519711 0.03544462 0.10710627 0.01587515
 0.0525027  0.01587515 0.02839141 0.01455172]
[0.03036283 0.01436962 0.05014344 0.03042168 0.03474123 0.02012597
 0.05309556 0.09214231 0.03956819 0.02012597 0.03575197 0.02533326
 0.03169571 0.02012597 0.0344658  0.05369043 0.02060544 0.03169571
 0.02611923 0.03425603 0.03290249 0.03906779 0.07453644 0.02012597
 0.05852184 0.02012597 0.0312999  0.02458327]
[0.02774918 0.01595806 0.06105091 0.02916322 0.03394653 0.02379849
 0.04372738 0.09140011 0.04784236 0.02379849 0.03672976 0.02276143
 0.02757814 0.02379849 0.02270797 0.05946103 0.02191087 0.02757814
 0.02146641 0.04377806 0.0310885  0.03573011 0.06571566 0.02379849
 0.0569349  0.02379849 0.03000899 0.02671975]
[0.0227599  0.00974981 0.08474642 0.02194563 0.02908221 0.01852409
 0.0407291  0.08177251 0.03451185 0.01852409 0.04403295 0.02365302
 0.0216637  0.01852409 0.02872925 0.07127579 0.02266533 0.0216637
 0.02033994 0.03522728 0.04557157 0.03516843 0.10840759 0.01852409
 0.05070864 0.01852409 0.03205384 0.02092114]
[0.02737617 0.01178091 0.07641034 0.02556131 0.03158908 0.02000645
 0.0530265  0.08337905 0.03640096 0.02000645 0.03512319 0.02159171
 0.02764475 0.02000645 0.0297812  0.06221156 0.02343569 0.02764475
 0.02546251 0.04453215 0.03819568 0.03928649 0.07276043 0.02000645
 0.05236547 0.02000645 0.03296036 0.02144742]
[0.02543703 0.01238075 0.08221896 0.02393783 0.02917118 0.0160485
 0.05161285 0.07933229 0.03869148 0.0160485  0.03592247 0.02469855
 0.0254173  0.0160485  0.02609186 0.06270456 0.02498418 0.0254173
 0.02328199 0.03696881 0.03931543 0.04141868 0.11107961 0.0160485
 0.04959417 0.0160485  0.03377272 0.01630747]
[0.03036283 0.01436962 0.05014344 0.03042168 0.03474123 0.02012597
 0.05309556 0.09214231 0.03956819 0.02012597 0.03575197 0.02533326
 0.03169571 0.02012597 0.0344658  0.05369043 0.02060544 0.03169571
 0.02611923 0.03425603 0.03290249 0.03906779 0.07453644 0.02012597
 0.05852184 0.02012597 0.0312999  0.02458327]
[0.01887621 0.00720705 0.07719424 0.01959595 0.02825021 0.01682598
 0.05006863 0.07747197 0.0361645  0.01682598 0.04707954 0.01892704
 0.02620366 0.01682598 0.03505012 0.06441122 0.02371396 0.02620366
 0.02238388 0.03823608 0.05074407 0.02877175 0.11782535 0.01682598
 0.0505273  0.01682597 0.03159474 0.01936895]
[0.02270946 0.00919544 0.08590278 0.02889291 0.03018212 0.01373068
 0.05839473 0.08422447 0.04017572 0.01373068 0.04309036 0.02185277
 0.03116154 0.01373068 0.02708661 0.06465991 0.02276383 0.03116154
 0.02532006 0.03944744 0.030953   0.04067915 0.08408979 0.01373068
 0.05634142 0.01373067 0.02988577 0.0231758 ]
[0.01981409 0.00698184 0.10446369 0.02153044 0.03494572 0.01497658
 0.03734279 0.08354144 0.0341067  0.01497658 0.03947869 0.02290936
 0.02160869 0.01497658 0.02607664 0.06957685 0.01890968 0.02160869
 0.0155014  0.03861887 0.04746252 0.0356295  0.13015252 0.01497658
 0.05110889 0.01497658 0.02762006 0.01612805]
[0.01860094 0.0080974  0.0860201  0.02496077 0.02153805 0.01432204
 0.05406456 0.08223811 0.03377597 0.01432204 0.04708514 0.02221278
 0.02529475 0.01432204 0.02776629 0.05950787 0.02635545 0.02529475
 0.02428531 0.03058294 0.0384713  0.04207038 0.12761894 0.01432204
 0.05858749 0.01432203 0.02850169 0.01545878]
[0.01741277 0.0071402  0.07719942 0.02983616 0.02559889 0.01631434
 0.04617267 0.08750668 0.04339524 0.01631434 0.05012986 0.02090819
 0.02394167 0.01631434 0.02558965 0.06806864 0.02294211 0.02394167
 0.01614703 0.03268339 0.04130255 0.04071775 0.12731539 0.01631434
 0.04753097 0.01631434 0.02783265 0.01511473]
[0.02774918 0.01595806 0.06105091 0.02916322 0.03394653 0.02379849
 0.04372738 0.09140011 0.04784236 0.02379849 0.03672976 0.02276143
 0.02757814 0.02379849 0.02270797 0.05946103 0.02191087 0.02757814
 0.02146641 0.04377806 0.0310885  0.03573011 0.06571566 0.02379849
 0.0569349  0.02379849 0.03000899 0.02671975]
[0.01819777 0.00716637 0.09080543 0.02189296 0.02312146 0.01423061
 0.05298754 0.09185893 0.03489889 0.01423061 0.04560025 0.01967454
 0.02563219 0.01423061 0.02475115 0.06950739 0.0212146  0.02563219
 0.0181617  0.04252457 0.03652218 0.0313823  0.1233605  0.01423061
 0.05706405 0.01423061 0.02858027 0.01830972]
[0.02774918 0.01595806 0.06105091 0.02916322 0.03394653 0.02379849
 0.04372738 0.09140011 0.04784236 0.02379849 0.03672976 0.02276143
 0.02757814 0.02379849 0.02270797 0.05946103 0.02191087 0.02757814
 0.02146641 0.04377806 0.0310885  0.03573011 0.06571566 0.02379849
 0.0569349  0.02379849 0.03000899 0.02671975]
[0.0168971  0.00704812 0.09394151 0.02092691 0.03093395 0.01342787
 0.04678081 0.08613347 0.02959991 0.01342787 0.04369937 0.01927925
 0.03007231 0.01342787 0.02676178 0.07264572 0.01988371 0.03007231
 0.01773365 0.03696738 0.03980076 0.03289495 0.12621562 0.01342787
 0.05523826 0.01342787 0.02940274 0.01993107]
[0.02431974 0.0097068  0.08681911 0.02707447 0.02609285 0.01462133
 0.05462559 0.08042668 0.03891782 0.01462133 0.04099783 0.02109255
 0.02403088 0.01462133 0.0321902  0.06765758 0.02243611 0.02403088
 0.02468162 0.03696481 0.0327847  0.03911702 0.08470985 0.01462133
 0.07584298 0.01462133 0.03080266 0.02157057]]