68369
Test: @Test public void testAddNewHtml() { Document doc = Jsoup.parse("<div id=1><p>Hello</p></div>"); Element div = doc.getElementById("1"); div.append("<p>there</p><p>now</p>"); }
Code: public Element append(String html) { Validate.notNull(html); Element fragment = Parser.parseBodyFragmentRelaxed(html, baseUri()).body(); for (Node node : fragment.childNodes()) { node.parentNode = null; appendChild(node); } return this; }
[[0.02800002 0.01184171 0.05312448 0.05516156 0.04651441 0.01459233
 0.01184171 0.03523166 0.01820417 0.02858911 0.04451917 0.02428272
 0.02955142 0.1287159  0.02968955 0.05546034 0.04651441 0.04763371
 0.01820417 0.05847255 0.12692852 0.01393842 0.03194884 0.02710068
 0.01393842]
[0.02779046 0.01068733 0.04352846 0.04728428 0.05699592 0.01132686
 0.01068733 0.02628849 0.01693147 0.02556495 0.05779036 0.02049301
 0.02128096 0.1507614  0.02296741 0.05418336 0.05699592 0.04795471
 0.01693147 0.05095649 0.1423154  0.01235058 0.0347501  0.02083274
 0.01235058]
[0.02565462 0.0077953  0.04641235 0.05167394 0.06312175 0.01374467
 0.0077953  0.04256243 0.01427163 0.02205029 0.04256194 0.02280817
 0.01999186 0.15603696 0.02394975 0.03837754 0.06312175 0.0566589
 0.01427163 0.06019756 0.12492125 0.00960269 0.0390602  0.02375479
 0.00960268]
[0.01873377 0.00887871 0.03192405 0.06612695 0.05423609 0.01361335
 0.00887871 0.03433276 0.01652201 0.01769494 0.050299   0.02467575
 0.02542756 0.15245433 0.01825929 0.06553259 0.05423609 0.05483799
 0.01652201 0.05300438 0.13424276 0.01142576 0.03173579 0.02497958
 0.01142576]
[0.02962542 0.01422836 0.04351089 0.06248295 0.05218371 0.0171646
 0.01422836 0.03594133 0.0248694  0.02864961 0.04766933 0.02792653
 0.02759036 0.14069402 0.02487633 0.05374181 0.05218371 0.05439219
 0.0248694  0.06127788 0.06741579 0.01767348 0.03349996 0.02563111
 0.01767348]
[0.022981   0.01015869 0.04613318 0.05479074 0.05200988 0.01636332
 0.01015869 0.03031906 0.02026678 0.02136491 0.0523507  0.0275502
 0.02065106 0.1444839  0.02002662 0.06905125 0.05200988 0.0606654
 0.02026678 0.05787764 0.11138059 0.01212934 0.03057817 0.02430291
 0.01212934]
[0.02779046 0.01068733 0.04352846 0.04728428 0.05699592 0.01132686
 0.01068733 0.02628849 0.01693147 0.02556495 0.05779036 0.02049301
 0.02128096 0.1507614  0.02296741 0.05418336 0.05699592 0.04795471
 0.01693147 0.05095649 0.1423154  0.01235058 0.0347501  0.02083274
 0.01235058]
[0.02836893 0.00822033 0.04971127 0.04506426 0.0399927  0.01542581
 0.00822033 0.02919425 0.01987419 0.0308072  0.03780649 0.02177768
 0.02824295 0.16709314 0.02363995 0.06000205 0.0399927  0.04366994
 0.01987419 0.06038289 0.13973363 0.01713956 0.03008687 0.01853915
 0.01713956]
[0.03415941 0.01965885 0.03931835 0.05582934 0.04193093 0.02285737
 0.01965885 0.04179843 0.02928656 0.03343905 0.05824406 0.03099624
 0.03100725 0.08094647 0.03030293 0.05698688 0.04193093 0.05501694
 0.02928656 0.05561613 0.08204262 0.01754959 0.03812986 0.03645685
 0.01754959]
[0.0305062  0.01398177 0.03831799 0.05260714 0.05597572 0.01723321
 0.01398177 0.03573635 0.02216578 0.02255757 0.04966485 0.02219873
 0.0240645  0.11713938 0.02481882 0.04477604 0.05597572 0.05116288
 0.02216578 0.05671508 0.13558921 0.01655557 0.03305713 0.02649724
 0.01655557]
[0.02172749 0.00646062 0.04393472 0.05069844 0.05336396 0.01721819
 0.00646062 0.02812497 0.01545655 0.02765489 0.03777275 0.01866279
 0.02326254 0.20932572 0.0217001  0.05927674 0.05336396 0.05465235
 0.01545655 0.05341583 0.10691666 0.01357483 0.02743312 0.02051072
 0.01357483]
[0.02729275 0.00822936 0.03951108 0.04653085 0.06141812 0.01422105
 0.00822936 0.03050209 0.0181006  0.02716215 0.04638992 0.02277136
 0.0236835  0.15143408 0.01819436 0.04553338 0.06141812 0.05788752
 0.0181006  0.05800982 0.14486986 0.00917804 0.03217308 0.01998088
 0.00917804]
[0.02057516 0.0076327  0.03987616 0.04871969 0.05172284 0.01465299
 0.0076327  0.02744739 0.01614796 0.02195313 0.05011514 0.01898364
 0.02407795 0.16461076 0.01784472 0.05682393 0.05172284 0.07062322
 0.01614796 0.05293489 0.14201519 0.0106452  0.03358427 0.0228644
 0.0106452 ]
[0.02089027 0.00860728 0.0461197  0.05372423 0.05181507 0.01223885
 0.00860728 0.03078537 0.01949041 0.02165383 0.05208596 0.0256471
 0.02260935 0.1544332  0.02058899 0.0632593  0.05181507 0.05628006
 0.01949041 0.06097277 0.12368627 0.01108553 0.03095308 0.02207519
 0.01108553]
[0.02792899 0.01287069 0.04391094 0.05361327 0.04867409 0.01444586
 0.01287069 0.03373435 0.02225791 0.03025072 0.05442981 0.02669883
 0.02897327 0.11282133 0.02058348 0.04772297 0.04867409 0.05859593
 0.02225791 0.06893562 0.11952647 0.01614518 0.03500397 0.0229285
 0.01614518]
[0.0217071  0.0080114  0.04361923 0.04981586 0.06968829 0.0136842
 0.0080114  0.03412491 0.0148193  0.02049448 0.04777449 0.01968618
 0.02138902 0.14060426 0.02362219 0.04332791 0.06968829 0.05403332
 0.0148193  0.06329522 0.14197527 0.01347906 0.02777254 0.02107768
 0.01347906]
[0.02962542 0.01422836 0.04351089 0.06248295 0.05218371 0.0171646
 0.01422836 0.03594133 0.0248694  0.02864961 0.04766933 0.02792653
 0.02759036 0.14069402 0.02487633 0.05374181 0.05218371 0.05439219
 0.0248694  0.06127788 0.06741579 0.01767348 0.03349996 0.02563111
 0.01767348]
[0.02270002 0.00805667 0.04218126 0.04594268 0.05309413 0.01384495
 0.00805667 0.03235195 0.02180793 0.02250396 0.04519378 0.02224677
 0.02845697 0.1792061  0.02111041 0.04852011 0.05309413 0.05192446
 0.02180793 0.05670859 0.12907672 0.01097552 0.0297458  0.02041695
 0.01097552]
[0.03415941 0.01965885 0.03931835 0.05582934 0.04193093 0.02285737
 0.01965885 0.04179843 0.02928656 0.03343905 0.05824406 0.03099624
 0.03100725 0.08094647 0.03030293 0.05698688 0.04193093 0.05501694
 0.02928656 0.05561613 0.08204262 0.01754959 0.03812986 0.03645685
 0.01754959]
[0.02503512 0.01118488 0.04427749 0.05145881 0.04951065 0.01624038
 0.01118488 0.03239515 0.01653296 0.02124267 0.04564732 0.02140631
 0.03118718 0.15640569 0.03187077 0.04287629 0.04951065 0.04811034
 0.01653296 0.05109519 0.14135557 0.01450874 0.03379423 0.02212705
 0.01450873]
[0.02547691 0.00930324 0.04858579 0.05364903 0.05336092 0.01495516
 0.00930324 0.03111602 0.01887564 0.02650609 0.05683214 0.0255328
 0.02741996 0.12326203 0.02233379 0.03959309 0.05336092 0.06848855
 0.01887564 0.05638174 0.13554391 0.01327515 0.03252871 0.02216439
 0.01327515]
[0.01898494 0.00925491 0.03898926 0.04765651 0.05893301 0.01349872
 0.00925491 0.03115628 0.01826892 0.02201129 0.05416285 0.02287389
 0.02648851 0.12917171 0.02032995 0.05826403 0.05893301 0.05984782
 0.01826892 0.06934595 0.12582348 0.01219321 0.04439568 0.01969892
 0.01219321]
[0.0179409  0.00668517 0.05919253 0.05724376 0.04335614 0.00997867
 0.00668517 0.02923618 0.01804503 0.02343982 0.04337439 0.02365854
 0.02184271 0.17700838 0.01847237 0.0708866  0.04335614 0.04774255
 0.01804503 0.05774292 0.14063653 0.01146147 0.02462631 0.01788116
 0.01146147]
[0.03153277 0.01250239 0.03575151 0.05046201 0.05873474 0.01494939
 0.01250239 0.03670886 0.01834377 0.02940978 0.047097   0.02221803
 0.02779029 0.12636693 0.02159725 0.05132315 0.05873474 0.0655112
 0.01834377 0.06210622 0.10991123 0.01478849 0.0373116  0.02121396
 0.01478849]
[0.01898494 0.00925491 0.03898925 0.04765651 0.05893302 0.01349872
 0.00925491 0.03115629 0.01826892 0.02201129 0.05416285 0.02287389
 0.02648851 0.12917171 0.02032995 0.05826405 0.05893302 0.05984783
 0.01826892 0.06934596 0.1258235  0.01219321 0.04439567 0.01969892
 0.01219321]]