16305
Test: public void testAutomaticUsage() throws Exception { HelpFormatter hf = new HelpFormatter(); Options options = null; String expected = "usage: app [-a]"; ByteArrayOutputStream out = new ByteArrayOutputStream(); PrintWriter pw = new PrintWriter(out); options = new Options().addOption("a", false, "aaaa aaaa aaaa aaaa aaaa"); hf.printUsage(pw, 60, "app", options); pw.flush(); out.reset(); expected = "usage: app [-a] [-b]"; options = new Options().addOption("a", false, "aaaa aaaa aaaa aaaa aaaa") .addOption("b", false, "bbb"); hf.printUsage(pw, 60, "app", options); pw.flush(); out.reset(); }
Code: private static void reset(){description = null;argName = "arg";longopt = null;;required = false;numberOfArgs = Option.UNINITIALIZED;;valuesep = (char) 1;}
tensor([[0.0713, 0.1090, 0.0370, 0.1081, 0.0282, 0.0973, 0.0282, 0.0408, 0.0282,
         0.0338, 0.0282, 0.0764, 0.0282, 0.0875, 0.0282, 0.0427, 0.1269],
        [0.0550, 0.1405, 0.0345, 0.1166, 0.0321, 0.0761, 0.0321, 0.0580, 0.0321,
         0.0397, 0.0321, 0.0652, 0.0321, 0.0867, 0.0321, 0.0445, 0.0904],
        [0.0473, 0.1267, 0.0306, 0.1094, 0.0284, 0.0797, 0.0284, 0.0468, 0.0284,
         0.0449, 0.0284, 0.0728, 0.0284, 0.0867, 0.0284, 0.0438, 0.1405],
        [0.0512, 0.1419, 0.0236, 0.1428, 0.0290, 0.0929, 0.0290, 0.0496, 0.0290,
         0.0321, 0.0290, 0.0663, 0.0290, 0.0904, 0.0290, 0.0312, 0.1042],
        [0.0626, 0.1237, 0.0414, 0.0745, 0.0421, 0.0742, 0.0421, 0.0614, 0.0421,
         0.0481, 0.0421, 0.0701, 0.0421, 0.0637, 0.0421, 0.0478, 0.0801],
        [0.0580, 0.1212, 0.0366, 0.1141, 0.0310, 0.0761, 0.0310, 0.0557, 0.0310,
         0.0395, 0.0310, 0.0656, 0.0310, 0.0845, 0.0310, 0.0428, 0.1198],
        [0.0626, 0.1237, 0.0414, 0.0745, 0.0421, 0.0742, 0.0421, 0.0614, 0.0421,
         0.0481, 0.0421, 0.0701, 0.0421, 0.0637, 0.0421, 0.0478, 0.0801],
        [0.0523, 0.1254, 0.0322, 0.1267, 0.0284, 0.0899, 0.0284, 0.0487, 0.0284,
         0.0385, 0.0284, 0.0602, 0.0284, 0.0957, 0.0284, 0.0425, 0.1174],
        [0.0626, 0.1237, 0.0414, 0.0745, 0.0421, 0.0742, 0.0421, 0.0614, 0.0421,
         0.0481, 0.0421, 0.0701, 0.0421, 0.0637, 0.0421, 0.0478, 0.0801],
        [0.0558, 0.1252, 0.0297, 0.1097, 0.0281, 0.0799, 0.0281, 0.0490, 0.0281,
         0.0482, 0.0281, 0.0676, 0.0281, 0.0984, 0.0281, 0.0472, 0.1207],
        [0.0626, 0.1237, 0.0414, 0.0745, 0.0421, 0.0742, 0.0421, 0.0614, 0.0421,
         0.0481, 0.0421, 0.0701, 0.0421, 0.0637, 0.0421, 0.0478, 0.0801],
        [0.0755, 0.1136, 0.0278, 0.1182, 0.0310, 0.0693, 0.0310, 0.0435, 0.0310,
         0.0430, 0.0310, 0.0660, 0.0310, 0.0807, 0.0310, 0.0421, 0.1345],
        [0.0626, 0.1237, 0.0414, 0.0745, 0.0421, 0.0742, 0.0421, 0.0614, 0.0421,
         0.0481, 0.0421, 0.0701, 0.0421, 0.0637, 0.0421, 0.0478, 0.0801],
        [0.0684, 0.1565, 0.0308, 0.1268, 0.0225, 0.0674, 0.0225, 0.0617, 0.0225,
         0.0371, 0.0225, 0.0679, 0.0225, 0.0936, 0.0225, 0.0388, 0.1158],
        [0.0626, 0.1237, 0.0414, 0.0745, 0.0421, 0.0742, 0.0421, 0.0614, 0.0421,
         0.0481, 0.0421, 0.0701, 0.0421, 0.0637, 0.0421, 0.0478, 0.0801],
        [0.0535, 0.1349, 0.0273, 0.1193, 0.0266, 0.0694, 0.0266, 0.0582, 0.0266,
         0.0344, 0.0266, 0.0702, 0.0266, 0.0799, 0.0266, 0.0410, 0.1523],
        [0.0470, 0.1335, 0.0273, 0.1509, 0.0273, 0.0806, 0.0273, 0.0616, 0.0273,
         0.0387, 0.0273, 0.0555, 0.0273, 0.0802, 0.0273, 0.0336, 0.1272]])