69110
Test: public void test337() throws Throwable { if (debug) System.out.format("%n%s%n", "RegressionTest0.test337"); org.jsoup.nodes.Document document2 = org.jsoup.parser.Parser.parseBodyFragmentRelaxed("#document", "hi!"); java.lang.String str3 = document2.html(); org.jsoup.nodes.Document document4 = document2.normalise(); org.jsoup.nodes.Element element5 = document2.head(); org.jsoup.nodes.Element element7 = document2.addClass("hi!=\"\""); }
Code: public static Document parseBodyFragmentRelaxed(String bodyHtml, String baseUri) { Parser parser = new Parser(bodyHtml, baseUri, true); parser.relaxed = true; return parser.parse(); }
[[0.03121106 0.09744873 0.11966339 0.09024277 0.06727003 0.03973572
 0.06707419 0.0439923  0.01868986 0.0204041  0.01979034 0.01557741
 0.02284801 0.04403897 0.0823101  0.05676278 0.01979034 0.0212617
 0.03464243 0.07342783 0.01381794]
[0.03350295 0.09044251 0.12665689 0.08914237 0.05247974 0.04984551
 0.05044596 0.06077759 0.01910138 0.01491819 0.02169714 0.01453473
 0.01931327 0.04513248 0.0776685  0.05396132 0.02169714 0.02417908
 0.03182294 0.08628234 0.01639796]
[0.02879297 0.08336517 0.12419876 0.09238522 0.04029055 0.06098679
 0.06423131 0.05682598 0.01650317 0.01735736 0.01668106 0.01449792
 0.01633874 0.05312338 0.10184972 0.04566493 0.01668106 0.02699052
 0.03432481 0.07837498 0.01053562]
[0.0322429  0.10007419 0.10011315 0.09328698 0.05678715 0.04252749
 0.06952684 0.04945232 0.01721841 0.02174546 0.02228763 0.01678716
 0.01837486 0.05522721 0.08596196 0.05529242 0.02228763 0.01944908
 0.03955464 0.0703392  0.01146329]
[0.02126911 0.07610571 0.13028623 0.07305378 0.05272712 0.04716914
 0.05781497 0.05046344 0.01531585 0.01870983 0.01611581 0.01297411
 0.01831239 0.05289327 0.11791676 0.05142776 0.01611581 0.02114843
 0.03417108 0.10648073 0.00952861]
[0.0344207  0.10155065 0.11254424 0.07410019 0.05177894 0.03992821
 0.06162763 0.0500433  0.01765558 0.01867675 0.02337797 0.01474384
 0.01866839 0.05495884 0.08979078 0.0603782  0.02337797 0.02234676
 0.03469887 0.08258025 0.01275189]
[0.02898545 0.08770458 0.1109197  0.08645979 0.06300533 0.04658626
 0.06983501 0.05672757 0.01799908 0.02070988 0.02061068 0.01497218
 0.0224456  0.04752793 0.07836699 0.05980452 0.02061068 0.02467274
 0.03602362 0.0754562  0.01057617]
[0.03592029 0.08224446 0.11006074 0.06178998 0.05355693 0.05426471
 0.05174448 0.05467743 0.01911235 0.02604965 0.02976467 0.02048714
 0.02221103 0.03744925 0.08148678 0.05124983 0.02976467 0.0257512
 0.04174123 0.09090366 0.0197696 ]
[0.02748071 0.1013623  0.13178048 0.06309403 0.0471525  0.04353473
 0.06018022 0.06112162 0.01747701 0.01599011 0.01928692 0.01541725
 0.01617611 0.04400323 0.0990606  0.05780772 0.01928692 0.02223153
 0.0396314  0.08767988 0.0102447 ]
[0.03364379 0.07611953 0.10233672 0.09117021 0.05785425 0.04322604
 0.06461093 0.0717787  0.02336038 0.01642873 0.01877255 0.01448091
 0.01956162 0.05028713 0.09719713 0.04322955 0.01877255 0.02164952
 0.04177543 0.0789253  0.01481904]
[0.03857982 0.08994482 0.08792865 0.08199506 0.0509445  0.04607603
 0.05894837 0.04134759 0.02120421 0.02549602 0.03134632 0.01803043
 0.02551978 0.05370503 0.07237545 0.05894031 0.03134632 0.02711795
 0.04192398 0.07885766 0.01837169]
[0.02929156 0.08818137 0.1287277  0.07153833 0.05768587 0.05225205
 0.05319286 0.05372386 0.01727659 0.0166228  0.02337888 0.01896349
 0.01904521 0.05029652 0.08661165 0.05199063 0.02337888 0.0264981
 0.04122904 0.07456248 0.01555204]
[0.02883461 0.08098505 0.10655339 0.07518367 0.0620706  0.0364213
 0.06246223 0.06130709 0.01784448 0.01860343 0.01967615 0.01258557
 0.01909518 0.04779039 0.09307341 0.05850763 0.01967615 0.0238342
 0.04247437 0.1013189  0.01170223]
[0.02702125 0.11784239 0.10100451 0.08479621 0.04781403 0.04986581
 0.06006589 0.05005512 0.01763331 0.0239372  0.0199624  0.01599995
 0.02452336 0.04699788 0.09168631 0.05855191 0.0199624  0.02299249
 0.03780929 0.06776197 0.01371633]
[0.03233102 0.08337905 0.10238201 0.06658142 0.05695334 0.04848447
 0.07272036 0.04601881 0.02052681 0.02030342 0.02063375 0.0174384
 0.01872924 0.04423206 0.0918396  0.06702225 0.02063375 0.02489725
 0.0346985  0.09674662 0.01344794]
[0.02460241 0.0962978  0.13521719 0.0977921  0.05154204 0.04249985
 0.04887818 0.05943524 0.01287485 0.01772143 0.01263075 0.01071915
 0.01551001 0.05071991 0.09631798 0.06970608 0.01263076 0.01994587
 0.03205945 0.08258668 0.01031219]
[0.03857982 0.08994482 0.08792865 0.08199506 0.0509445  0.04607603
 0.05894837 0.04134759 0.02120421 0.02549602 0.03134632 0.01803043
 0.02551978 0.05370503 0.07237545 0.05894031 0.03134632 0.02711795
 0.04192398 0.07885766 0.01837169]
[0.02805878 0.08642907 0.11833486 0.09993457 0.05692031 0.04882442
 0.0626476  0.05358837 0.01605895 0.0173312  0.0208278  0.01647449
 0.0186068  0.04856136 0.08575043 0.05981193 0.0208278  0.02676308
 0.03683844 0.066076   0.01133373]
[0.02140141 0.09872935 0.1269328  0.07573473 0.06536575 0.04791353
 0.06261648 0.04157306 0.01628178 0.01893285 0.02090685 0.01276635
 0.01796753 0.04931225 0.10798661 0.05782407 0.02090685 0.01698563
 0.03111739 0.07733816 0.01140662]
[0.03151844 0.07179774 0.12924483 0.09983302 0.04443127 0.04676744
 0.05322808 0.05299858 0.01688812 0.01934879 0.02689375 0.01508869
 0.02251738 0.04481837 0.07643747 0.05965647 0.02689375 0.02345121
 0.03395787 0.08636145 0.01786729]
[0.02402411 0.09494771 0.10540183 0.08626276 0.04307582 0.04404379
 0.06035814 0.05631253 0.02218785 0.01727077 0.02113433 0.01343575
 0.0182468  0.04499208 0.09945291 0.05167548 0.02113433 0.03191215
 0.05090038 0.08085069 0.01237979]]