69550
Test: public void testScriptTagInWhiteList() { Whitelist whitelist = Whitelist.relaxed(); whitelist.addTags( "script" ); }
Code: public boolean isValid(Document dirtyDocument){;Document clean = Document.createShell(dirtyDocument.baseUri());int numDiscarded = copySafeNodes(dirtyDocument.body(), clean.body());return numDiscarded == 1;}
tensor([[0.0363, 0.0836, 0.1178, 0.0278, 0.0971, 0.0233, 0.0645, 0.1437, 0.0233,
         0.0232, 0.0702, 0.1437, 0.0553, 0.0901],
        [0.0257, 0.1157, 0.1339, 0.0193, 0.0746, 0.0203, 0.0703, 0.1455, 0.0203,
         0.0162, 0.0900, 0.1455, 0.0385, 0.0840],
        [0.0222, 0.1038, 0.1576, 0.0197, 0.0806, 0.0259, 0.0585, 0.1332, 0.0259,
         0.0198, 0.0892, 0.1332, 0.0418, 0.0885],
        [0.0317, 0.1180, 0.1349, 0.0257, 0.0832, 0.0276, 0.0889, 0.1213, 0.0276,
         0.0205, 0.0700, 0.1213, 0.0459, 0.0832],
        [0.0412, 0.1050, 0.1232, 0.0271, 0.1037, 0.0255, 0.0631, 0.1262, 0.0255,
         0.0317, 0.0629, 0.1262, 0.0593, 0.0794],
        [0.0478, 0.0936, 0.1145, 0.0440, 0.0988, 0.0407, 0.0695, 0.1008, 0.0407,
         0.0322, 0.0941, 0.1008, 0.0530, 0.0696],
        [0.0358, 0.0998, 0.1138, 0.0274, 0.0849, 0.0248, 0.0667, 0.1407, 0.0248,
         0.0212, 0.0912, 0.1407, 0.0421, 0.0858],
        [0.0398, 0.1040, 0.1116, 0.0306, 0.0889, 0.0286, 0.0740, 0.1312, 0.0286,
         0.0238, 0.0756, 0.1312, 0.0582, 0.0739],
        [0.0478, 0.0936, 0.1145, 0.0440, 0.0988, 0.0407, 0.0695, 0.1008, 0.0407,
         0.0322, 0.0941, 0.1008, 0.0530, 0.0696],
        [0.0272, 0.1140, 0.1332, 0.0247, 0.0799, 0.0193, 0.0680, 0.1339, 0.0193,
         0.0193, 0.0789, 0.1339, 0.0411, 0.1073],
        [0.0401, 0.1079, 0.1268, 0.0295, 0.0868, 0.0292, 0.0687, 0.1107, 0.0292,
         0.0256, 0.0735, 0.1107, 0.0477, 0.1137],
        [0.0398, 0.1040, 0.1116, 0.0306, 0.0889, 0.0286, 0.0740, 0.1312, 0.0286,
         0.0238, 0.0756, 0.1312, 0.0582, 0.0739],
        [0.0165, 0.1224, 0.1135, 0.0161, 0.0670, 0.0175, 0.0640, 0.1767, 0.0175,
         0.0127, 0.0675, 0.1767, 0.0398, 0.0920],
        [0.0316, 0.1083, 0.1207, 0.0263, 0.0635, 0.0237, 0.0670, 0.1405, 0.0237,
         0.0208, 0.0715, 0.1405, 0.0572, 0.1047]])