66943
Test: public void testJackson628() throws Exception { ObjectMapper mapper = new ObjectMapper(); mapper.enableDefaultTyping(DefaultTyping.NON_FINAL); ArrayList<Foo> data = new ArrayList<Foo>(); String json = mapper.writeValueAsString(data); List<?> output = mapper.readValue(json, List.class); }
Code: public boolean isEmpty(Object value) { Object delegateValue = convertValue(value); if (_delegateSerializer == null) { return (value == null); } return _delegateSerializer.isEmpty(delegateValue); }
[[0.03340526 0.0745549  0.05124662 0.0349301  0.0533276  0.02596988
 0.08449026 0.02158012 0.04219946 0.0909373  0.02264626 0.05018426
 0.01674472 0.0533276  0.03784885 0.03039234 0.05018426 0.05315938
 0.01615521 0.03784885 0.10271164 0.01615521]
[0.0231223  0.10859285 0.04141805 0.02734563 0.0651361  0.01799577
 0.11618504 0.01821777 0.03079716 0.08833487 0.01796618 0.03477967
 0.01169327 0.0651361  0.04041919 0.03381093 0.03477967 0.03287353
 0.01187006 0.04041919 0.12723666 0.01187006]
[0.0312489  0.08923358 0.0389508  0.02874863 0.07881127 0.02892066
 0.08902492 0.02396184 0.03729081 0.07932651 0.02336903 0.03959902
 0.01767642 0.07881127 0.03880744 0.03473006 0.03959902 0.04716913
 0.0140802  0.03880744 0.08775282 0.0140802 ]
[0.02908095 0.07615606 0.04641727 0.03033024 0.05720106 0.01912883
 0.11060543 0.02037543 0.03787708 0.0901711  0.02112922 0.04125013
 0.0133608  0.05720106 0.03696276 0.02997958 0.04125013 0.03580634
 0.01334661 0.03696276 0.14206053 0.01334661]
[0.03506972 0.07047483 0.05786739 0.03490005 0.06204229 0.02088621
 0.08615573 0.02945185 0.05095162 0.05965617 0.02659559 0.03622068
 0.0215684  0.06204229 0.03962117 0.0367045  0.03622068 0.03320337
 0.02097324 0.03962117 0.11879975 0.02097324]
[0.02822758 0.08870414 0.0369373  0.02397313 0.07019246 0.01904754
 0.12529488 0.02112862 0.0365828  0.0819172  0.01941372 0.04253054
 0.01324565 0.07019246 0.03441864 0.02912955 0.04253054 0.04171343
 0.01244981 0.03441864 0.11550158 0.01244981]
[0.02651085 0.0879778  0.04132885 0.0292029  0.06847176 0.01995388
 0.11584045 0.02120454 0.04365472 0.07546273 0.02256871 0.03756187
 0.01657442 0.06847176 0.03540401 0.03811474 0.03756187 0.04157969
 0.02105023 0.03540402 0.09505003 0.02105023]
[0.03953319 0.07560213 0.05920157 0.04069475 0.04897697 0.02672477
 0.07690784 0.03402323 0.04449977 0.08836241 0.02780747 0.04349922
 0.02436778 0.04897697 0.04421356 0.03092987 0.04349922 0.03853619
 0.02041883 0.04421357 0.07859191 0.02041882]
[0.0279898  0.0984229  0.05036973 0.02805517 0.06070361 0.01995229
 0.09639969 0.0220793  0.04182301 0.09133077 0.02378994 0.03929411
 0.01306102 0.06070361 0.0381299  0.03001422 0.03929411 0.02993874
 0.01266051 0.0381299  0.12519711 0.01266051]
[0.0194734  0.09734479 0.04116919 0.02045075 0.05305568 0.01449025
 0.14128663 0.01628103 0.03274153 0.11432707 0.01727995 0.03546464
 0.0072308  0.05305568 0.02640629 0.02471991 0.03546464 0.0385043
 0.00764464 0.0264063  0.16955802 0.00764464]
[0.02509668 0.09306738 0.04055196 0.03140451 0.06233545 0.02076625
 0.13141441 0.02084563 0.03035282 0.09931695 0.02078063 0.04153813
 0.01188457 0.06233545 0.03844005 0.02586691 0.04153813 0.03473889
 0.00783399 0.03844005 0.11361712 0.00783398]
[0.01726568 0.11095199 0.04314905 0.02672622 0.05702823 0.02001728
 0.13011852 0.01872464 0.03187884 0.09383129 0.01825465 0.04040705
 0.01101035 0.05702823 0.02926104 0.02846357 0.04040704 0.04674549
 0.01110253 0.02926104 0.12726483 0.01110253]
[0.02425889 0.10966319 0.04514218 0.03026884 0.06438321 0.02283173
 0.09970044 0.01633132 0.03220917 0.10742258 0.02219339 0.0429031
 0.01390174 0.06438321 0.02977598 0.02905476 0.0429031  0.03892679
 0.00935313 0.02977597 0.1152641  0.00935313]
[0.03506972 0.07047483 0.05786739 0.03490005 0.06204229 0.02088621
 0.08615573 0.02945185 0.05095162 0.05965617 0.02659559 0.03622068
 0.0215684  0.06204229 0.03962117 0.0367045  0.03622068 0.03320337
 0.02097324 0.03962117 0.11879975 0.02097324]
[0.02237229 0.09335002 0.05685189 0.02854137 0.05087008 0.02130725
 0.10932536 0.02230728 0.03355132 0.08766951 0.02527925 0.03871094
 0.01256504 0.05087008 0.03125725 0.02826052 0.03871094 0.04373217
 0.013579   0.03125725 0.1460522  0.013579  ]
[0.02917614 0.08627315 0.04828652 0.03259679 0.05588535 0.02207467
 0.09642611 0.02373678 0.03722898 0.08978424 0.02136488 0.04728194
 0.01496735 0.05588535 0.03765897 0.03583052 0.04728194 0.04433609
 0.01404812 0.03765897 0.108169   0.01404812]
[0.01726568 0.11095199 0.04314905 0.02672622 0.05702823 0.02001728
 0.13011852 0.01872464 0.03187884 0.09383129 0.01825465 0.04040705
 0.01101035 0.05702823 0.02926104 0.02846357 0.04040704 0.04674549
 0.01110253 0.02926104 0.12726483 0.01110253]
[0.02297088 0.09539463 0.05071447 0.02329363 0.05990654 0.01702083
 0.13219087 0.02077396 0.03494867 0.09855355 0.02140519 0.03717098
 0.01064603 0.05990654 0.04237051 0.02938442 0.03717097 0.03463451
 0.0092028  0.0423705  0.11076674 0.00920279]
[0.0222342  0.07272825 0.04051814 0.0253867  0.06491205 0.02352785
 0.10475881 0.0209495  0.0420287  0.08751199 0.01858389 0.0391916
 0.01367973 0.06491205 0.05080668 0.04025334 0.03919159 0.03449708
 0.01359417 0.05080668 0.1163329  0.01359417]
[0.02237229 0.09335002 0.05685189 0.02854137 0.05087008 0.02130725
 0.10932536 0.02230728 0.03355132 0.08766951 0.02527925 0.03871094
 0.01256504 0.05087008 0.03125725 0.02826052 0.03871094 0.04373217
 0.013579   0.03125725 0.1460522  0.013579  ]
[0.0273789  0.11205035 0.054098   0.02785111 0.05381623 0.01741159
 0.14684717 0.01833657 0.03283996 0.10030022 0.01688532 0.02995512
 0.01012231 0.05381623 0.03060218 0.02596324 0.02995512 0.03472301
 0.0136909  0.03060218 0.11906344 0.0136909 ]
[0.0222342  0.07272826 0.04051815 0.0253867  0.06491206 0.02352785
 0.10475878 0.0209495  0.0420287  0.08751197 0.01858389 0.03919159
 0.01367973 0.06491206 0.05080668 0.04025333 0.03919159 0.03449708
 0.01359417 0.05080668 0.1163329  0.01359417]]