68399
Test: @Test public void testClassDomMethods() { Document doc = Jsoup.parse("<div><span class='mellow yellow'>Hello <b>Yellow</b></span></div>"); List<Element> els = doc.getElementsByAttribute("class"); Element span = els.get(0); Set<String> classes = span.classNames(); }
Code: synchronized (tags) { Tag tag = tags.get(tagName); if (tag == null) { tag = new Tag(tagName); tag.setAncestor(defaultAncestor.tagName); tag.isBlock = false; tag.canContainBlock = true; } return tag; }
[[0.05571091 0.04662553 0.03460031 0.09102652 0.06818186 0.02251944
 0.02731679 0.07925651 0.02068238 0.03697729 0.01421811 0.03460031
 0.06818186 0.02251944 0.01395206 0.02400352 0.05403794 0.02084569
 0.02251944 0.04451554 0.05182087 0.02251944 0.02425832 0.01053013
 0.03362306 0.04442656 0.01053013]
[0.06381405 0.05664788 0.04273392 0.10114253 0.0620023  0.02141555
 0.01725223 0.08267231 0.02114864 0.03818224 0.01010995 0.04273392
 0.0620023  0.02141555 0.01193098 0.019596   0.0596064  0.02086663
 0.02141555 0.0380097  0.05122302 0.02141555 0.01873368 0.01127182
 0.02664924 0.04473627 0.01127182]
[0.04590059 0.04750094 0.050186   0.08584858 0.06452426 0.02501368
 0.02559537 0.05128507 0.02169474 0.03155557 0.01895429 0.050186
 0.06452426 0.02501368 0.0164036  0.02237025 0.05405618 0.02496717
 0.02501368 0.04418304 0.0483016  0.02501368 0.02129512 0.01736706
 0.03418148 0.04169707 0.01736706]
[0.05838376 0.0491078  0.04695877 0.11154296 0.07117284 0.01777004
 0.01941083 0.0801959  0.0177183  0.03732121 0.01211945 0.04695877
 0.07117284 0.01777004 0.01198479 0.02098984 0.06150951 0.01816422
 0.01777004 0.03923111 0.0537616  0.01777004 0.01947458 0.00882853
 0.03433862 0.02974506 0.00882853]
[0.06052514 0.04920413 0.04533692 0.10906097 0.06874384 0.01834941
 0.02232786 0.06913856 0.02103439 0.03952478 0.01366836 0.04533692
 0.06874384 0.01834941 0.01360823 0.01844064 0.05636783 0.01800274
 0.01834941 0.04707646 0.06044669 0.01834941 0.01736941 0.01191815
 0.0289062  0.02990214 0.01191815]
[0.05016835 0.04252155 0.03910663 0.0553003  0.056769   0.02827946
 0.02870943 0.07495083 0.02499843 0.03787077 0.0213622  0.03910663
 0.056769   0.02827946 0.0159472  0.0340748  0.05386675 0.02411806
 0.02827946 0.04488753 0.05280465 0.02827946 0.02360611 0.01678479
 0.037254   0.03912042 0.01678479]
[0.0680942  0.06927229 0.05050232 0.14973912 0.06041417 0.01455659
 0.01553384 0.08452058 0.01419668 0.03323102 0.00819299 0.05050232
 0.06041417 0.01455659 0.01029781 0.01882704 0.05474177 0.01601592
 0.01455659 0.035218   0.05342744 0.01455659 0.015811   0.00813125
 0.02952103 0.0270374  0.00813125]
[0.05924986 0.07361966 0.04380847 0.12621619 0.07535633 0.01423288
 0.01343243 0.1007674  0.01265655 0.03298383 0.00652175 0.04380847
 0.07535633 0.01423288 0.00702479 0.01459615 0.07374301 0.01555566
 0.01423288 0.03523944 0.05006724 0.01423288 0.01716688 0.00642208
 0.02335963 0.02969429 0.00642208]
[0.06242827 0.05435374 0.05261606 0.09345709 0.06250928 0.0164802
 0.01545777 0.07692918 0.01934029 0.04471989 0.01353926 0.05261606
 0.06250928 0.0164802  0.01521482 0.01869089 0.0609841  0.02144951
 0.0164802  0.04394356 0.05132508 0.0164802  0.01809809 0.01000441
 0.03201506 0.04187309 0.01000441]
[0.07342744 0.06234087 0.04542235 0.12623547 0.06482131 0.01626006
 0.01584522 0.08372733 0.01401045 0.03677817 0.00984611 0.04542235
 0.06482131 0.01626006 0.01042254 0.01405261 0.06294204 0.02255852
 0.01626006 0.02991448 0.06122002 0.01626006 0.01683395 0.00902995
 0.02559477 0.03066253 0.00902995]
[0.07171564 0.05331948 0.05175164 0.10263078 0.07141548 0.01398313
 0.02511772 0.09514353 0.01773809 0.03868434 0.012672   0.05175164
 0.07141548 0.01398313 0.00860655 0.01644676 0.051918   0.01916634
 0.01398313 0.03327057 0.05168574 0.01398313 0.02041101 0.00774824
 0.02587784 0.03783241 0.00774824]
[0.04590059 0.04750094 0.050186   0.08584858 0.06452426 0.02501368
 0.02559537 0.05128507 0.02169474 0.03155557 0.01895429 0.050186
 0.06452426 0.02501368 0.0164036  0.02237025 0.05405618 0.02496717
 0.02501368 0.04418304 0.0483016  0.02501368 0.02129512 0.01736706
 0.03418148 0.04169707 0.01736706]
[0.06052514 0.04920413 0.04533692 0.10906097 0.06874384 0.01834941
 0.02232786 0.06913856 0.02103439 0.03952478 0.01366836 0.04533692
 0.06874384 0.01834941 0.01360823 0.01844064 0.05636783 0.01800274
 0.01834941 0.04707646 0.06044669 0.01834941 0.01736941 0.01191815
 0.0289062  0.02990214 0.01191815]
[0.05016835 0.04252155 0.03910663 0.0553003  0.056769   0.02827946
 0.02870943 0.07495083 0.02499843 0.03787077 0.0213622  0.03910663
 0.056769   0.02827946 0.0159472  0.0340748  0.05386675 0.02411806
 0.02827946 0.04488753 0.05280465 0.02827946 0.02360611 0.01678479
 0.037254   0.03912042 0.01678479]
[0.05768345 0.05332338 0.0481158  0.10084049 0.05638775 0.0191138
 0.02308668 0.0801917  0.01855364 0.04148582 0.01301466 0.0481158
 0.05638775 0.0191138  0.01534097 0.02131068 0.05550085 0.02241142
 0.0191138  0.04097706 0.04937338 0.0191138  0.0213994  0.01368233
 0.03432865 0.0383508  0.01368233]
[0.05341308 0.06083193 0.04850272 0.09670388 0.07238811 0.01726022
 0.01959978 0.06979926 0.01914773 0.03728064 0.01271562 0.04850272
 0.07238811 0.01726022 0.01358491 0.02206284 0.06703986 0.02046018
 0.01726022 0.03728559 0.04965484 0.01726022 0.01763765 0.01258052
 0.03251503 0.03428353 0.01258053]
[0.05432369 0.05187567 0.05570638 0.0941781  0.05922309 0.01661295
 0.01902981 0.09826323 0.01626872 0.03605808 0.01249236 0.05570638
 0.05922309 0.01661295 0.01078149 0.01977756 0.06171293 0.02099745
 0.01661295 0.04159948 0.05892013 0.01661295 0.02137765 0.00902947
 0.03056511 0.03740891 0.00902947]
[0.06545904 0.05899397 0.0511624  0.08693519 0.05441469 0.02209358
 0.01933609 0.07732057 0.02082785 0.03867855 0.01265087 0.0511624
 0.05441469 0.02209358 0.01348484 0.02259442 0.05007741 0.02011859
 0.02209358 0.0401451  0.0513075  0.02209358 0.02072154 0.0139618
 0.03524563 0.03865073 0.0139618 ]
[0.05016835 0.04252155 0.03910663 0.0553003  0.056769   0.02827946
 0.02870943 0.07495083 0.02499843 0.03787077 0.0213622  0.03910663
 0.056769   0.02827946 0.0159472  0.0340748  0.05386675 0.02411806
 0.02827946 0.04488753 0.05280465 0.02827946 0.02360611 0.01678479
 0.037254   0.03912042 0.01678479]
[0.05729661 0.04422568 0.04018699 0.05764514 0.0739903  0.02530601
 0.02353401 0.05931508 0.02137901 0.03834001 0.01768963 0.04018699
 0.0739903  0.02530601 0.01695556 0.02365656 0.06009582 0.02468536
 0.02530601 0.05121165 0.03712687 0.02530601 0.02419277 0.01618247
 0.03340009 0.0473066  0.01618247]
[0.05762516 0.05369967 0.04284416 0.08355467 0.0661975  0.01912473
 0.02183182 0.08432381 0.02021763 0.04069687 0.01406556 0.04284416
 0.0661975  0.01912473 0.01545796 0.02186143 0.05496438 0.02334691
 0.01912473 0.03419651 0.05389386 0.01912473 0.02419817 0.01525472
 0.0293132  0.04166071 0.01525473]
[0.05016835 0.04252155 0.03910663 0.0553003  0.056769   0.02827946
 0.02870943 0.07495083 0.02499843 0.03787077 0.0213622  0.03910663
 0.056769   0.02827946 0.0159472  0.0340748  0.05386675 0.02411806
 0.02827946 0.04488753 0.05280465 0.02827946 0.02360611 0.01678479
 0.037254   0.03912042 0.01678479]
[0.05581683 0.05700676 0.04971518 0.09452994 0.05968567 0.01849625
 0.01628269 0.08279466 0.01892397 0.0389106  0.01643846 0.04971518
 0.05968567 0.01849625 0.01459977 0.01856009 0.06906963 0.01890108
 0.01849625 0.0419072  0.0453936  0.01849625 0.02389602 0.01034467
 0.03281576 0.04067688 0.01034467]
[0.0647596  0.0441615  0.05373959 0.0752692  0.06217779 0.01878063
 0.01869238 0.08002457 0.02128126 0.03592699 0.0129615  0.05373959
 0.06217779 0.01878063 0.01160783 0.01790841 0.05794163 0.02112862
 0.01878063 0.04588851 0.05098766 0.01878063 0.02802579 0.01153911
 0.04537464 0.03802437 0.01153911]
[0.06437433 0.05957528 0.04123342 0.1170552  0.06732674 0.01913519
 0.01707214 0.07767278 0.01943488 0.03527433 0.01111735 0.04123342
 0.06732674 0.01913519 0.01136049 0.01499857 0.0693804  0.01621889
 0.01913519 0.04351979 0.04718331 0.01913519 0.01508762 0.01112842
 0.02752998 0.03722681 0.01112842]
[0.06703115 0.05309447 0.04277058 0.09809684 0.06587347 0.01799052
 0.02078554 0.0765724  0.01929304 0.03752787 0.0128612  0.04277058
 0.06587347 0.01799052 0.01191706 0.0172299  0.06031448 0.02249188
 0.01799052 0.03957077 0.0540828  0.01799052 0.02197602 0.01117416
 0.03162462 0.04393146 0.01117416]
[0.06475961 0.04416151 0.0537396  0.0752692  0.0621778  0.01878063
 0.01869238 0.08002456 0.02128126 0.03592699 0.0129615  0.0537396
 0.0621778  0.01878063 0.01160783 0.01790841 0.05794163 0.02112862
 0.01878063 0.04588852 0.05098767 0.01878063 0.02802579 0.01153911
 0.04537464 0.03802437 0.01153911]]