16260
Test: public void test075() throws Throwable { if (debug) System.out.format("%n%s%n", "RegressionTest0.test075"); org.apache.commons.cli.OptionGroup optionGroup0 = new org.apache.commons.cli.OptionGroup(); optionGroup0.setRequired(false); boolean boolean3 = optionGroup0.isRequired(); org.apache.commons.cli.Option option5 = org.apache.commons.cli.OptionBuilder.create('4'); char char6 = option5.getValueSeparator(); java.lang.String str7 = option5.toString(); org.apache.commons.cli.OptionGroup optionGroup8 = new org.apache.commons.cli.OptionGroup(); option5.setType((java.lang.Object) optionGroup8); org.apache.commons.cli.AlreadySelectedException alreadySelectedException10 = new org.apache.commons.cli.AlreadySelectedException(optionGroup0, option5); org.apache.commons.cli.Option option11 = alreadySelectedException10.getOption(); org.apache.commons.cli.OptionGroup optionGroup12 = alreadySelectedException10.getOptionGroup(); org.apache.commons.cli.OptionGroup optionGroup13 = alreadySelectedException10.getOptionGroup(); org.apache.commons.cli.Option option15 = org.apache.commons.cli.OptionBuilder.create('a'); option15.setLongOpt(""); option15.setArgs((int) (byte) 1); int int20 = option15.getArgs(); org.apache.commons.cli.MissingArgumentException missingArgumentException21 = new org.apache.commons.cli.MissingArgumentException(option15); optionGroup13.setSelected(option15); org.apache.commons.cli.Option option24 = org.apache.commons.cli.OptionBuilder.create('4'); java.lang.String str26 = option24.getValue(0); option24.setLongOpt("hi!"); java.lang.String str30 = option24.getValue("[ option: 4 [ARG...] :: null ]"); char char31 = option24.getValueSeparator(); org.apache.commons.cli.OptionGroup optionGroup32 = optionGroup13.addOption(option24); java.lang.String str33 = option24.getValue(); }
Code: public void setSelected(Option option){if (option == null){;return;}if (selected == null || selected.equals(option.getOpt())){;}else{throw new AlreadySelectedException(this, option);}}
[[0.0525176  0.0441175  0.03692134 0.03801792 0.07474346 0.07908637
 0.04701712 0.02793936 0.07908637 0.05647682 0.05690112 0.2141231
 0.02557974 0.06398641 0.10348578]
[0.04218955 0.04173386 0.02749216 0.01797261 0.11664444 0.05766078
 0.03563447 0.03018567 0.05766078 0.04653542 0.05944574 0.21190466
 0.02018176 0.06953242 0.16522565]
[0.0444871  0.03418894 0.03479265 0.03532796 0.09718715 0.07574952
 0.04887404 0.02491221 0.07574953 0.04667684 0.05567504 0.22029895
 0.02461896 0.06125046 0.12021066]
[0.04694147 0.04046118 0.04191317 0.02474015 0.08609038 0.07608124
 0.04711613 0.02956501 0.07608125 0.0513327  0.05488265 0.23702192
 0.02114284 0.05378486 0.112845  ]
[0.03287877 0.03556329 0.03094264 0.02580644 0.115604   0.05677703
 0.04017307 0.02656982 0.05677703 0.04117001 0.06405405 0.27078295
 0.02200161 0.04970583 0.13119352]
[0.02968664 0.03561939 0.02450413 0.02192368 0.10019414 0.07048131
 0.0358497  0.01947056 0.07048129 0.03327369 0.05874557 0.2907285
 0.02040886 0.05195174 0.13668077]
[0.04988464 0.03597916 0.03347999 0.03370699 0.11750131 0.08077231
 0.04632531 0.0377914  0.08077231 0.04642067 0.05042117 0.16541174
 0.03047771 0.08297235 0.10808288]
[0.04244755 0.037092   0.03128218 0.02884186 0.09679841 0.07056997
 0.04271922 0.03247472 0.07056996 0.04415824 0.04991094 0.2410779
 0.02376351 0.06339626 0.12489726]
[0.02968664 0.03561939 0.02450413 0.02192368 0.10019414 0.07048131
 0.0358497  0.01947056 0.07048129 0.03327369 0.05874557 0.2907285
 0.02040886 0.05195174 0.13668077]
[0.04826058 0.03919521 0.04179129 0.03058824 0.09323181 0.07481612
 0.04902365 0.03501239 0.07481612 0.04318301 0.05696283 0.20840739
 0.03501694 0.07124688 0.09844748]
[0.04462947 0.03635426 0.03121449 0.02345793 0.11175617 0.06571696
 0.04369233 0.02808022 0.06571697 0.04645872 0.06092105 0.2254404
 0.02327715 0.06440406 0.12887987]
[0.04547133 0.04244097 0.02885155 0.03386246 0.0997996  0.0787787
 0.0438386  0.02952627 0.07877871 0.05535115 0.06472455 0.1836868
 0.03257679 0.06634115 0.11597137]
[0.04898949 0.04712584 0.02768986 0.02975287 0.12049753 0.08041084
 0.04179963 0.02990342 0.08041084 0.05365165 0.04691586 0.17727192
 0.03046254 0.0719349  0.11318287]
[0.04373006 0.04182834 0.03023558 0.03349618 0.11397076 0.06896158
 0.0419542  0.02534364 0.06896158 0.04635309 0.06286044 0.2188552
 0.02732952 0.06370209 0.11241768]
[0.03596137 0.03658947 0.03297998 0.02938556 0.0968635  0.06318188
 0.0452104  0.02381946 0.06318188 0.04467184 0.06214529 0.2700696
 0.02228167 0.05081442 0.12284365]]