62288
Test: public void testSerializeNonstreamingTypeAdapterFollowedByStreamingTypeAdapter() { Gson gson = new GsonBuilder() .registerTypeAdapter(Foo.class, newSerializer("serializer")) .registerTypeAdapter(Foo.class, newDeserializer("deserializer")) .registerTypeAdapter(Foo.class, newTypeAdapter("type adapter")) .create(); }
Code: public <T2> TypeAdapter<T2> create(Gson gson, TypeToken<T2> typeToken) { final Class<? super T2> requestedType = typeToken.getRawType(); if (!clazz.isAssignableFrom(requestedType)) { return null; } return (TypeAdapter<T2>) typeAdapter; }
[[0.03488404 0.02828689 0.04980438 0.06536791 0.04078916 0.05714421
 0.07022312 0.04606554 0.02794097 0.03045797 0.04545818 0.02598115
 0.01784562 0.02192118 0.03125563 0.09398266 0.03391295 0.04606554
 0.03833587 0.07362469 0.01476496 0.03833587 0.01727721 0.03550936
 0.01476496]
[0.03144063 0.03097915 0.04846278 0.06469101 0.04443194 0.06709678
 0.07208977 0.04613067 0.02554101 0.02643175 0.05193437 0.02345923
 0.02093551 0.02425329 0.02618775 0.08045869 0.02884472 0.04613067
 0.0395361  0.07652256 0.01498679 0.0395361  0.02146543 0.03346652
 0.01498678]
[0.03090852 0.02712383 0.06201288 0.0706023  0.04440643 0.06612454
 0.0599589  0.04482573 0.0224084  0.03228634 0.04992457 0.02460505
 0.01769739 0.02569321 0.02672886 0.08337991 0.02804435 0.04482573
 0.0431769  0.07317406 0.01214563 0.0431769  0.0197582  0.03486567
 0.01214563]
[0.02902857 0.02872827 0.04259893 0.07361336 0.04667816 0.06556799
 0.06793233 0.05175905 0.02565435 0.02178792 0.04117727 0.02618175
 0.01679869 0.01743137 0.02336359 0.08956982 0.02719486 0.05175905
 0.03447619 0.09450173 0.01668226 0.03447619 0.01945879 0.03689721
 0.01668227]
[0.02588201 0.02806149 0.04735657 0.08029862 0.04389265 0.0559978
 0.05146216 0.05138004 0.02799904 0.02717194 0.0454845  0.02663635
 0.01770545 0.02725286 0.02113552 0.09503777 0.02979121 0.05138004
 0.04440951 0.07920092 0.01118979 0.04440951 0.020914   0.03476039
 0.01118979]
[0.02571026 0.02582988 0.04894176 0.08114304 0.04489984 0.05961085
 0.05585885 0.04829029 0.02416365 0.02685039 0.05475804 0.02092785
 0.02157079 0.02435911 0.02549464 0.10066505 0.03209964 0.04829029
 0.0432436  0.06887028 0.0102048  0.0432436  0.01736478 0.03740395
 0.01020481]
[0.03282166 0.02555791 0.04512458 0.06339688 0.04203539 0.06153072
 0.06456576 0.05509724 0.032676   0.02745625 0.04465209 0.02492359
 0.01764014 0.02084663 0.02748859 0.09052683 0.02712296 0.05509724
 0.03514086 0.0879714  0.01794851 0.03514086 0.01875903 0.02853039
 0.0179485 ]
[0.03471942 0.0321629  0.04559746 0.06468509 0.04099917 0.05636763
 0.06419091 0.05303068 0.03397908 0.03505141 0.05231016 0.0231784
 0.02298724 0.02877779 0.03060868 0.06016417 0.02486965 0.05303068
 0.04032207 0.07590662 0.01914365 0.04032207 0.01804934 0.03040211
 0.01914365]
[0.03150275 0.0233565  0.04244968 0.06880447 0.05870692 0.06823791
 0.06520311 0.05080529 0.02075301 0.02801577 0.04767173 0.02008975
 0.01645125 0.02444237 0.02445902 0.1060167  0.02615716 0.05080529
 0.0457423  0.0652798  0.01015039 0.0457423  0.01536849 0.0336377
 0.01015039]
[0.0338117  0.02356232 0.05151352 0.07720453 0.04971639 0.06473014
 0.07203367 0.04429097 0.02459227 0.02408345 0.05336528 0.02282586
 0.01503035 0.02268869 0.02649653 0.10146527 0.02455553 0.04429097
 0.03413929 0.07911952 0.0127187  0.03413929 0.01906865 0.03183838
 0.0127187 ]
[0.03522228 0.02862895 0.04653864 0.07346286 0.04422299 0.05765457
 0.06499323 0.04846806 0.03458554 0.02525394 0.05004504 0.0248911
 0.01543396 0.02022988 0.0217033  0.10366885 0.0279684  0.04846806
 0.03718162 0.07066496 0.01475041 0.03718162 0.02383919 0.03019213
 0.01475041]
[0.02519864 0.02825358 0.04195082 0.09248274 0.04177584 0.0547763
 0.05902283 0.05507653 0.02477921 0.02569519 0.04391138 0.01877473
 0.01540989 0.01934185 0.02222177 0.11987744 0.02910061 0.05507653
 0.03870198 0.07945712 0.00823495 0.03870198 0.02160588 0.03233724
 0.00823495]
[0.03145013 0.02433914 0.04488232 0.09143441 0.0393193  0.05908622
 0.07639869 0.04310592 0.02381426 0.03011089 0.05363251 0.02579009
 0.01478867 0.01767258 0.02946733 0.0954421  0.03986629 0.04310592
 0.03504366 0.07786545 0.01012722 0.03504366 0.01523536 0.03285068
 0.01012722]
[0.03841986 0.03621436 0.05249545 0.05956334 0.03634217 0.05565357
 0.05978373 0.04175821 0.0323061  0.03083643 0.04555693 0.02489347
 0.02758325 0.03138392 0.02526692 0.08472146 0.03278321 0.04175821
 0.04186058 0.06287053 0.01843585 0.04186058 0.02564922 0.0335668
 0.01843585]
[0.03115286 0.02965505 0.0467833  0.09670248 0.04545443 0.06909946
 0.04895986 0.04509648 0.0247347  0.02786254 0.04537955 0.02370261
 0.01579621 0.02278502 0.01916546 0.10520549 0.03282034 0.04509648
 0.03489784 0.07699288 0.0125627  0.03489784 0.02087908 0.03175472
 0.0125627 ]
[0.02151713 0.01896215 0.04626217 0.1301277  0.05195858 0.07960157
 0.0662089  0.04575346 0.01648147 0.02092284 0.04661695 0.01608996
 0.00883444 0.01688295 0.02237622 0.12151607 0.02342519 0.04575346
 0.02837361 0.08481873 0.00698799 0.02837361 0.01533511 0.02983172
 0.00698799]
[0.02655438 0.02646869 0.04263132 0.07414026 0.05121815 0.05935026
 0.06016839 0.05102595 0.02837749 0.03630737 0.04875904 0.03058049
 0.01579456 0.02303186 0.02252044 0.0877347  0.03129445 0.05102595
 0.04423563 0.06309333 0.01174477 0.04423563 0.0202805  0.03768164
 0.01174476]
[0.03471942 0.0321629  0.04559746 0.06468509 0.04099917 0.05636763
 0.06419091 0.05303068 0.03397908 0.03505141 0.05231016 0.0231784
 0.02298724 0.02877779 0.03060868 0.06016417 0.02486965 0.05303068
 0.04032207 0.07590662 0.01914365 0.04032207 0.01804934 0.03040211
 0.01914365]
[0.02243756 0.02484467 0.06008333 0.09024969 0.05750185 0.0634996
 0.07790211 0.042011   0.02036935 0.0197831  0.06003758 0.0213784
 0.01572274 0.02182301 0.02056758 0.09373692 0.02391269 0.042011
 0.03289417 0.08360106 0.01160721 0.03289417 0.01961599 0.02990801
 0.01160721]
[0.032866   0.02986478 0.04223618 0.0794758  0.04543367 0.06121971
 0.06458638 0.04580864 0.028316   0.03302793 0.05389009 0.03408519
 0.01552645 0.02112674 0.02515104 0.09228177 0.02803296 0.04580864
 0.03909375 0.0626059  0.01443347 0.03909375 0.02193702 0.02966468
 0.01443347]
[0.02494518 0.02142612 0.04030653 0.06722286 0.044201   0.07666272
 0.04527577 0.05609953 0.02192649 0.02932582 0.04476363 0.02346366
 0.01700775 0.02168696 0.01974077 0.0945124  0.03026576 0.05609953
 0.05216622 0.08494215 0.01245831 0.05216622 0.01741922 0.03345715
 0.01245831]
[0.02243756 0.02484467 0.06008333 0.09024969 0.05750185 0.0634996
 0.07790211 0.042011   0.02036935 0.0197831  0.06003758 0.0213784
 0.01572274 0.02182301 0.02056758 0.09373692 0.02391269 0.042011
 0.03289417 0.08360106 0.01160721 0.03289417 0.01961599 0.02990801
 0.01160721]
[0.03248305 0.034075   0.04497919 0.07803038 0.05387353 0.06071414
 0.05991109 0.04978905 0.02433922 0.02571195 0.05580752 0.02394005
 0.0173576  0.03333448 0.02559322 0.06372765 0.02315453 0.04978905
 0.04280113 0.07485084 0.01558885 0.04280113 0.02018191 0.03157663
 0.01558885]
[0.03044657 0.01971639 0.04804023 0.07206445 0.0431825  0.05476782
 0.05636213 0.0623679  0.02401058 0.03110602 0.04567433 0.02371932
 0.0147343  0.02129569 0.02507676 0.11299878 0.02691565 0.0623679
 0.04380807 0.06572343 0.01070337 0.04380807 0.01993683 0.03046954
 0.01070337]
[0.02494518 0.02142612 0.04030654 0.06722285 0.04420099 0.07666269
 0.04527576 0.05609953 0.02192649 0.02932583 0.04476363 0.02346366
 0.01700776 0.02168696 0.01974077 0.09451239 0.03026576 0.05609953
 0.05216621 0.08494215 0.01245831 0.05216621 0.01741923 0.03345714
 0.01245831]]