69577
Test: public void test326() throws Throwable { if (debug) System.out.format("%n%s%n", "RegressionTest0.test326"); org.jsoup.nodes.Document document2 = new org.jsoup.nodes.Document(""); org.jsoup.nodes.Document document4 = new org.jsoup.nodes.Document(""); document2.reparentChild((org.jsoup.nodes.Node) document4); org.jsoup.nodes.Document document7 = new org.jsoup.nodes.Document(""); org.jsoup.nodes.Document document9 = new org.jsoup.nodes.Document(""); document7.reparentChild((org.jsoup.nodes.Node) document9); org.jsoup.nodes.Node node11 = document2.doClone((org.jsoup.nodes.Node) document9); org.jsoup.nodes.Document document13 = new org.jsoup.nodes.Document(""); org.jsoup.nodes.Document document15 = new org.jsoup.nodes.Document(""); document13.reparentChild((org.jsoup.nodes.Node) document15); org.jsoup.nodes.Element element18 = document15.before(""); org.jsoup.nodes.Node node19 = document9.doClone((org.jsoup.nodes.Node) element18); java.util.List<org.jsoup.nodes.Node> nodeList21 = org.jsoup.parser.Parser.parseFragment("data-", (org.jsoup.nodes.Element) document9, "org.jsoup.SerializationException"); }
Code: protected Element doClone(Node parent){Element clone = (Element) super.doClone(parent);clone.attributes = attributes != null ? attributes.clone() : null;clone.baseUri = baseUri;;;return clone;}
[[0.04692771 0.01328537 0.02107157 0.04363608 0.04136292 0.02624286
 0.07610853 0.04092305 0.02624286 0.13430066 0.02098991 0.02980653
 0.05744143 0.01798443 0.0324958  0.04428237 0.02624286 0.06914043
 0.23151462]
[0.03684488 0.01455581 0.02037374 0.04185968 0.03579002 0.02408962
 0.08418258 0.03448279 0.02408962 0.16896412 0.02153822 0.03039699
 0.06292137 0.01796681 0.03334987 0.044544   0.02408962 0.05346015
 0.22650015]
[0.0477869  0.00933953 0.02423784 0.03659384 0.03733083 0.02336879
 0.07474317 0.0572837  0.02336879 0.14176174 0.0174776  0.02688201
 0.05206895 0.01874321 0.03011961 0.05386715 0.02336879 0.05389912
 0.24775839]
[0.05490944 0.01323606 0.02331492 0.04635962 0.03756754 0.02916361
 0.09028344 0.04308251 0.02916361 0.12682326 0.02925374 0.03702892
 0.04482645 0.01809651 0.03728237 0.04793783 0.02916361 0.05392415
 0.20858239]
[0.04683031 0.0079358  0.01986841 0.04101485 0.03526292 0.02071056
 0.08807147 0.04911626 0.02071056 0.16814521 0.01613093 0.02236028
 0.05184437 0.01417494 0.02837166 0.05393456 0.02071056 0.05380242
 0.24100384]
[0.06344113 0.02498882 0.02233509 0.03641511 0.04557798 0.03877952
 0.07794258 0.04668188 0.03877952 0.09655772 0.03857818 0.03674453
 0.05836197 0.02868572 0.04023185 0.06027346 0.03877951 0.0734597
 0.13338575]
[0.05549423 0.01567616 0.02928722 0.03643868 0.05419718 0.02329983
 0.06827854 0.06288823 0.02329983 0.1208044  0.02352171 0.03399738
 0.05525587 0.0238637  0.04059491 0.05292198 0.02329983 0.06213263
 0.19474772]
[0.07225417 0.01445872 0.02268391 0.03732052 0.03814016 0.03072455
 0.08170963 0.05218555 0.03072455 0.13715598 0.02566944 0.03596884
 0.05679776 0.01932158 0.03548002 0.05339585 0.03072455 0.05872472
 0.16655943]
[0.06344113 0.02498882 0.02233509 0.03641511 0.04557798 0.03877952
 0.07794258 0.04668188 0.03877952 0.09655772 0.03857818 0.03674453
 0.05836197 0.02868572 0.04023185 0.06027346 0.03877951 0.0734597
 0.13338575]
[0.03939142 0.01471124 0.02750414 0.04313881 0.04844514 0.02240492
 0.08269039 0.05385435 0.02240492 0.13405535 0.01887708 0.03015395
 0.05733566 0.01972128 0.02966876 0.04684008 0.02240492 0.05408589
 0.23231174]
[0.04800227 0.00871268 0.02864363 0.03702009 0.03861013 0.02401068
 0.08048096 0.0637151  0.02401068 0.11887228 0.01373108 0.02330579
 0.05814981 0.01732245 0.02129661 0.05181172 0.02401068 0.0477887
 0.27050465]
[0.03813255 0.01465954 0.02997781 0.04528511 0.03893074 0.03076875
 0.09598    0.04249909 0.03076875 0.12850834 0.02026501 0.02874533
 0.06347781 0.02227631 0.03226176 0.04786146 0.03076875 0.05902175
 0.19981104]
[0.03505263 0.00796763 0.01762126 0.04395136 0.03730332 0.02098552
 0.08042452 0.03973665 0.02098552 0.13056384 0.02478109 0.02451656
 0.04845411 0.01355349 0.04020444 0.04709192 0.02098552 0.0435655
 0.3022551 ]
[0.05620302 0.0138475  0.02514942 0.0309248  0.04219679 0.02970368
 0.07138986 0.05023166 0.02970368 0.12764066 0.01854171 0.03863147
 0.05137923 0.02488874 0.02555131 0.05585386 0.02970367 0.05749807
 0.22096086]
[0.04387078 0.01703624 0.02119121 0.04165155 0.03307599 0.03102003
 0.09269978 0.04341813 0.03102003 0.14036132 0.0249462  0.03636368
 0.07166191 0.02065809 0.02899619 0.04569899 0.03102003 0.05938625
 0.1859236 ]
[0.05132029 0.01310475 0.02127149 0.04252808 0.03493017 0.02675877
 0.08003762 0.04624486 0.02675877 0.15772593 0.02489362 0.02887517
 0.05952821 0.01640587 0.03212795 0.06296696 0.02675877 0.054326
 0.1934367 ]
[0.06344113 0.02498882 0.0223351  0.03641511 0.04557798 0.03877952
 0.07794258 0.04668187 0.03877952 0.09655769 0.03857818 0.03674453
 0.05836197 0.02868572 0.04023185 0.06027346 0.03877952 0.07345968
 0.13338578]
[0.05399522 0.02073162 0.02979661 0.04694782 0.04441994 0.02914013
 0.06887498 0.04744678 0.02914013 0.1305673  0.02571167 0.0308266
 0.06632802 0.02406332 0.02815378 0.05342685 0.02914013 0.05972475
 0.18156433]
[0.051024   0.01688603 0.02941953 0.04023059 0.04799069 0.02717519
 0.09079477 0.04798427 0.02717519 0.12649098 0.02479978 0.03985583
 0.05640833 0.02419058 0.03883539 0.05757561 0.02717519 0.06001962
 0.16596842]]