67110
Test: public void testConfigs() throws IOException { byte[] base = jdkSerialize(MAPPER.getDeserializationConfig().getBaseSettings()); DeserializationConfig origDC = MAPPER.getDeserializationConfig(); SerializationConfig origSC = MAPPER.getSerializationConfig(); byte[] dcBytes = jdkSerialize(origDC); byte[] scBytes = jdkSerialize(origSC); DeserializationConfig dc = jdkDeserialize(dcBytes); SerializationConfig sc = jdkDeserialize(scBytes); }
Code: public void serialize(Number value, JsonGenerator gen, SerializerProvider provider) throws IOException { gen.writeNumber(value.intValue()); }
[[0.06224465 0.05250408 0.05226028 0.05780818 0.07955115 0.05335586
 0.19049907 0.1102872  0.13481444 0.0366195  0.10030529 0.03944252
 0.03030775]
[0.04458027 0.04362465 0.05507114 0.03434989 0.0538303  0.03867951
 0.27126348 0.11812779 0.15062961 0.02998654 0.09931051 0.03121235
 0.02933395]
[0.06272407 0.04555374 0.04281648 0.03977709 0.0659615  0.03608743
 0.3008423  0.09829467 0.1218857  0.02891105 0.10370985 0.03126816
 0.02216794]
[0.03764105 0.03229949 0.04662459 0.04039704 0.05886342 0.03365996
 0.25659537 0.10623516 0.15793096 0.03292478 0.14168076 0.03244589
 0.02270148]
[0.05534149 0.04628855 0.05934236 0.04501391 0.06435534 0.04390202
 0.22715011 0.112498   0.14491153 0.04401949 0.09419392 0.03681029
 0.02617299]
[0.04316371 0.04297975 0.05676962 0.06198774 0.07961908 0.04781628
 0.22516942 0.10415803 0.1384461  0.03846168 0.10342953 0.03233002
 0.02566901]
[0.0461306  0.03688553 0.05950781 0.05630099 0.07453266 0.04310315
 0.23801331 0.09433602 0.14616126 0.0361687  0.10582165 0.03170701
 0.03133127]
[0.05000683 0.0385327  0.04605412 0.04903233 0.06685319 0.0402838
 0.25774264 0.08897379 0.17774744 0.03293974 0.09882681 0.02953155
 0.02347506]
[0.03967756 0.04140323 0.04824967 0.04521351 0.06053722 0.03647217
 0.26415718 0.09353387 0.17254981 0.02929918 0.11642794 0.03103423
 0.02144441]
[0.0456785  0.037491   0.05513413 0.04533075 0.06745543 0.04901347
 0.23635626 0.10367332 0.16992009 0.03155652 0.10620545 0.0315166
 0.02066846]
[0.06076721 0.05392106 0.06475124 0.06596667 0.08810011 0.04055188
 0.18931323 0.10151008 0.10515647 0.04251556 0.10792474 0.04309909
 0.03642268]
[0.04705711 0.04952751 0.04836279 0.05078941 0.06815694 0.03820832
 0.2270004  0.10433418 0.15818936 0.03059856 0.11088665 0.03477675
 0.03211206]
[0.03966936 0.03917238 0.05043969 0.04160104 0.05302826 0.0455994
 0.2506551  0.09649941 0.16525377 0.03647414 0.12595445 0.02970528
 0.02594767]]