70245
Test: public void testBadFactoryImplementation() { try { context.createPath("foo/bar"); fail("should fail with JXPathException caused by JXPathAbstractFactoryException"); } catch (JXPathException e) { } }
Code: public NodePointer createPath(JXPathContext context){NodePointer newParent = parent.createPath(context);if (isAttribute()) {return newParent.createAttribute(context, getName());}else {if (newParent instanceof PropertyOwnerPointer) {PropertyOwnerPointer pop = (PropertyOwnerPointer) newParent;;}return newParent.createChild(context, getName(), getIndex());}}
[[0.03043728 0.02209752 0.05016065 0.10076378 0.08673738 0.01915801
 0.0524354  0.03388065 0.0888824  0.04903006 0.05166987 0.03380305
 0.01665705 0.01419029 0.05075974 0.06125044 0.0377195  0.01915801
 0.01751762 0.06080313 0.02327899 0.05672968 0.02287947]
[0.02186168 0.01794047 0.03997739 0.09254722 0.10108247 0.02014971
 0.05112203 0.0334528  0.07553846 0.06618939 0.04154029 0.02367696
 0.01904102 0.01581216 0.06409315 0.07381297 0.03665787 0.02014971
 0.01556518 0.07413195 0.02051319 0.05251729 0.02262662]
[0.03364705 0.02175978 0.05101121 0.10392468 0.09412889 0.0273972
 0.05223542 0.0281081  0.07700101 0.03733541 0.045851   0.02281657
 0.01962358 0.01613761 0.05797448 0.06891917 0.03650113 0.02739721
 0.01879441 0.05813643 0.02226732 0.05384983 0.02518248]
[0.02709089 0.02286536 0.04280609 0.10812368 0.08906437 0.02133914
 0.04567189 0.02592707 0.0879209  0.04246671 0.04430353 0.02940376
 0.01949235 0.01500371 0.06848075 0.07630927 0.03660291 0.02133914
 0.01532942 0.06060416 0.02658941 0.04598029 0.02728524]
[0.02116868 0.01631166 0.03316922 0.09079846 0.09866849 0.01831645
 0.06786035 0.03029475 0.09054708 0.04634364 0.0450399  0.02874964
 0.01792988 0.01717733 0.06081508 0.07750365 0.03935256 0.01831645
 0.01437422 0.06610267 0.02365093 0.05508353 0.02242535]
[0.03959876 0.02576686 0.04105682 0.08454035 0.06128532 0.03187998
 0.05072379 0.03317691 0.06891507 0.04703304 0.04842999 0.03966088
 0.024883   0.02237378 0.0585664  0.06321573 0.03529499 0.03187998
 0.01936992 0.04893704 0.03001617 0.06100259 0.0323926 ]
[0.03085028 0.01758254 0.04472543 0.09575181 0.08153012 0.02290907
 0.05289349 0.02547901 0.08472556 0.0452299  0.0493952  0.03372308
 0.01929429 0.0163313  0.06313433 0.07787465 0.03964378 0.02290907
 0.0153743  0.06248583 0.01871301 0.05713765 0.0223063 ]
[0.02495028 0.01704785 0.03454197 0.09901878 0.09054526 0.01809948
 0.05702515 0.03531823 0.10258731 0.0483935  0.04968702 0.02334323
 0.02087798 0.012612   0.06484748 0.07396239 0.03439518 0.01809948
 0.01315808 0.06356034 0.01561382 0.05663792 0.02567727]
[0.02498725 0.02281477 0.03679955 0.09865952 0.08686048 0.02157401
 0.05423085 0.02792568 0.09576149 0.03866138 0.05579557 0.02494109
 0.01720043 0.01594797 0.056364   0.08146956 0.03514823 0.02157401
 0.01517912 0.06328414 0.02030139 0.06096386 0.02355566]
[0.02854805 0.01670259 0.03703263 0.09425554 0.0962409  0.01601622
 0.05633821 0.03374369 0.09910852 0.04223717 0.04961139 0.0254865
 0.0190339  0.01549035 0.06295253 0.07941343 0.02554926 0.01601622
 0.0137866  0.06828949 0.0219272  0.05598055 0.02623916]
[0.0260338  0.01703958 0.04077305 0.08602203 0.10681912 0.02833012
 0.05489133 0.03479514 0.08789548 0.04355777 0.04413704 0.02403687
 0.01578563 0.01777807 0.0512148  0.07483387 0.03816386 0.02833012
 0.01607924 0.05831718 0.02528496 0.05534039 0.02454054]
[0.01981954 0.0165349  0.03718364 0.11274807 0.11088073 0.01873181
 0.0497964  0.03266327 0.08682207 0.0430826  0.04553585 0.02327539
 0.02151318 0.01320613 0.06048736 0.08170579 0.03513222 0.01873181
 0.01360488 0.05716144 0.0218324  0.05521709 0.02433338]
[0.02627236 0.01836412 0.03565105 0.10178573 0.09556296 0.02014134
 0.04059567 0.03449778 0.09577703 0.04537781 0.04672815 0.02757134
 0.02102208 0.0161585  0.06884529 0.08253128 0.0359986  0.02014134
 0.01456697 0.05999609 0.02200151 0.04867766 0.0217353 ]
[0.02143715 0.01514952 0.03654382 0.10626047 0.10298802 0.01648922
 0.05001776 0.03347253 0.0985145  0.05589461 0.03965857 0.0241698
 0.01148477 0.01294002 0.06513414 0.08356585 0.03670637 0.01648922
 0.01016116 0.05636941 0.01933024 0.06977664 0.01744628]
[0.02571643 0.01786409 0.03576379 0.07715403 0.08889682 0.02061045
 0.05947004 0.03144153 0.09570288 0.04589254 0.0646909  0.03086738
 0.01738807 0.01806067 0.05205382 0.07620333 0.03723713 0.02061045
 0.01392923 0.06425255 0.02856522 0.04941017 0.02821847]
[0.02343748 0.01883709 0.03958228 0.08743069 0.09465951 0.02248421
 0.04817575 0.03168899 0.11202756 0.03894553 0.0634595  0.02648885
 0.02165418 0.01908506 0.0622521  0.06822383 0.03062709 0.02248421
 0.01281887 0.06904348 0.02129933 0.04239609 0.02289835]
[0.02500441 0.01827298 0.03431412 0.09472872 0.09661776 0.02215299
 0.06678271 0.03379783 0.08636117 0.04696443 0.0451738  0.02276681
 0.02246277 0.01533861 0.06624089 0.07629063 0.03879543 0.02215299
 0.01335028 0.06228403 0.01873912 0.04757573 0.02383175]
[0.03959876 0.02576686 0.04105682 0.08454035 0.06128532 0.03187998
 0.05072379 0.03317691 0.06891507 0.04703304 0.04842999 0.03966088
 0.024883   0.02237378 0.0585664  0.06321573 0.03529499 0.03187998
 0.01936992 0.04893704 0.03001617 0.06100259 0.0323926 ]
[0.02681347 0.02032406 0.03552173 0.11349183 0.0999668  0.01727809
 0.05727859 0.0293359  0.08011207 0.04347484 0.04755162 0.02719367
 0.01553421 0.01250986 0.05492029 0.0828356  0.03895662 0.01727809
 0.01231854 0.06616442 0.01917542 0.05999967 0.02196461]
[0.03141911 0.02389093 0.03536119 0.06812214 0.09690198 0.02123247
 0.06305195 0.03663032 0.09121257 0.0382979  0.0497697  0.03501759
 0.01802063 0.0143039  0.04604539 0.07601765 0.04642911 0.02123247
 0.01795406 0.06342623 0.02698062 0.05195299 0.02672908]
[0.02697187 0.01931807 0.03360704 0.10035339 0.1003679  0.01872131
 0.06602794 0.02966956 0.09200955 0.04614628 0.03965226 0.02860878
 0.01535695 0.01204352 0.06319225 0.07865278 0.03074096 0.01872131
 0.01756047 0.06333597 0.02299743 0.04915569 0.02678869]
[0.02768935 0.01928456 0.0426191  0.08796133 0.10824575 0.01906495
 0.05603727 0.03786814 0.08009569 0.04891584 0.03881964 0.02540953
 0.01438463 0.0148159  0.06504128 0.06920275 0.04154518 0.01906495
 0.01514911 0.06924044 0.02382277 0.0551461  0.02057571]
[0.02624917 0.0220929  0.03835656 0.07870148 0.09060781 0.02137487
 0.05102547 0.03210038 0.10944366 0.0488511  0.05515526 0.03044774
 0.0210013  0.0175005  0.05004758 0.07288197 0.03970501 0.02137487
 0.01357888 0.06161648 0.02664294 0.04912345 0.02212055]]