17945
Test: public void testGetArrayStringValue() { }
Code: private static String getStringValue(double value) { long longValue = (long) value; if (longValue == value) { return Long.toString(longValue); } else { return Double.toString(value); } }
[[0.04516204 0.06870933 0.04048377 0.02410625 0.0356218  0.04926876
 0.06693712 0.03275363 0.01915478 0.01661654 0.02208642 0.10480598
 0.02145941 0.04102921 0.0356218  0.04926876 0.03328683 0.02636236
 0.01376397 0.05364431 0.04926876 0.03328683 0.08977342 0.01376397
 0.01376397]
[0.03288852 0.08319712 0.05182154 0.02555881 0.03308634 0.05245982
 0.04326888 0.03737391 0.02155702 0.01770562 0.01940063 0.09066599
 0.02344321 0.04340729 0.03308634 0.05245982 0.03113244 0.03123293
 0.01466306 0.04773606 0.05245982 0.03113244 0.10093622 0.01466306
 0.01466306]
[0.03676385 0.09402508 0.04021436 0.0248103  0.04243994 0.04447416
 0.04588853 0.04095932 0.02324991 0.01639451 0.02081856 0.09895039
 0.02137328 0.04416478 0.04243994 0.04447416 0.03364217 0.02923411
 0.01164784 0.05969816 0.04447416 0.03364217 0.08292465 0.01164784
 0.01164783]
[0.02860648 0.08732578 0.04650337 0.01810149 0.04759098 0.0495919
 0.04823394 0.04138811 0.02153053 0.01632239 0.0192034  0.08330262
 0.02056734 0.05080529 0.04759098 0.0495919  0.03272548 0.02499198
 0.0100309  0.05497988 0.0495919  0.03272548 0.09863608 0.0100309
 0.0100309 ]
[0.04143525 0.09372456 0.04938285 0.02230544 0.03861935 0.04454248
 0.05202696 0.03024339 0.02200278 0.01546594 0.01827433 0.0861882
 0.01987263 0.04551706 0.03861935 0.04454248 0.03502964 0.0275035
 0.01149048 0.05230441 0.04454248 0.03502964 0.10835581 0.01149048
 0.01149048]
[0.03905544 0.07410902 0.05106508 0.02798849 0.0378536  0.04830762
 0.05538148 0.03339257 0.02725313 0.021536   0.02113191 0.05744883
 0.02522726 0.03639632 0.0378536  0.04830762 0.03859102 0.03523913
 0.01778925 0.05831482 0.04830762 0.03859102 0.08528066 0.01778925
 0.01778925]
[0.03939696 0.10606849 0.05296813 0.01761765 0.04071873 0.04636548
 0.05078715 0.0343278  0.01742602 0.01387269 0.01827511 0.08658093
 0.01502148 0.04787894 0.04071873 0.04636548 0.03442819 0.02224496
 0.0115222  0.05552151 0.04636548 0.03442819 0.09805533 0.0115222
 0.0115222 ]
[0.04477406 0.07869377 0.05378545 0.02027596 0.04471063 0.04290668
 0.0537285  0.03655006 0.01973178 0.01518202 0.02209798 0.09737952
 0.02009108 0.04528023 0.04471063 0.04290668 0.03506824 0.02681927
 0.01030591 0.0550928  0.04290668 0.03506824 0.09132202 0.01030591
 0.01030591]
[0.04365388 0.08355086 0.04350022 0.02787653 0.04033045 0.03839518
 0.04510773 0.03478786 0.02937363 0.02230768 0.02635985 0.07994147
 0.02502229 0.04171745 0.04033045 0.03839518 0.03939594 0.03707893
 0.01717464 0.04660736 0.03839518 0.03939594 0.08695199 0.01717464
 0.01717464]
[0.03707634 0.09284206 0.04334999 0.02394344 0.03529477 0.04851793
 0.04773461 0.03760558 0.0225234  0.02099963 0.02256929 0.10498301
 0.02465103 0.04293332 0.03529477 0.04851793 0.03170884 0.0322989
 0.01246175 0.04465457 0.04851793 0.03170884 0.08488861 0.01246175
 0.01246174]
[0.03606016 0.10379398 0.04363324 0.02224438 0.04262319 0.03633138
 0.05068736 0.03536982 0.02236792 0.01229705 0.02155984 0.10650815
 0.01923468 0.05515674 0.04262319 0.03633138 0.03239451 0.03239944
 0.00849718 0.05399378 0.03633138 0.03239451 0.10017243 0.00849718
 0.00849718]
[0.03813502 0.11160509 0.04631009 0.01971003 0.02838438 0.03774499
 0.05913389 0.03025627 0.01501577 0.00873114 0.01734673 0.10901975
 0.01294855 0.04132121 0.02838438 0.03774499 0.02555105 0.02783986
 0.00591621 0.08634307 0.03774499 0.02555105 0.13742904 0.00591621
 0.00591621]
[0.03563867 0.09061849 0.05821734 0.02199613 0.04816162 0.03787518
 0.04804301 0.03571529 0.02814194 0.01829736 0.02471471 0.08174482
 0.0272705  0.05480218 0.04816162 0.03787518 0.03538419 0.02810765
 0.01193978 0.04507159 0.03787518 0.03538419 0.08508382 0.01193978
 0.01193978]
[0.03603689 0.09573977 0.0530243  0.01640621 0.03988036 0.04113159
 0.05728077 0.03282295 0.01860971 0.01265364 0.0186016  0.10177381
 0.01484106 0.04656622 0.03988036 0.04113159 0.0297835  0.02602294
 0.00871647 0.057384   0.04113159 0.0297835  0.12336428 0.00871647
 0.00871647]
[0.04143525 0.09372456 0.04938285 0.02230544 0.03861935 0.04454248
 0.05202696 0.03024339 0.02200278 0.01546594 0.01827433 0.0861882
 0.01987263 0.04551706 0.03861935 0.04454248 0.03502964 0.0275035
 0.01149048 0.05230441 0.04454248 0.03502964 0.10835581 0.01149048
 0.01149048]
[0.03905544 0.07410902 0.05106508 0.02798849 0.0378536  0.04830762
 0.05538148 0.03339257 0.02725313 0.021536   0.02113191 0.05744883
 0.02522726 0.03639632 0.0378536  0.04830762 0.03859102 0.03523913
 0.01778925 0.05831482 0.04830762 0.03859102 0.08528066 0.01778925
 0.01778925]
[0.03861962 0.09094037 0.05017756 0.02391157 0.03587324 0.03719052
 0.06135257 0.039846   0.02011258 0.01465434 0.01881362 0.08796038
 0.01601511 0.04236821 0.03587324 0.03719052 0.0307722  0.02979244
 0.01036708 0.0729825  0.03719052 0.0307722  0.11648948 0.01036708
 0.01036708]
[0.04053244 0.10525419 0.05049812 0.01859679 0.04062429 0.03773228
 0.05193835 0.03340251 0.02636267 0.01650046 0.02642356 0.08797544
 0.03217905 0.0556947  0.04062429 0.03773228 0.03919514 0.03176104
 0.00900416 0.04525412 0.03773228 0.03919514 0.07777841 0.00900416
 0.00900416]
[0.03571318 0.08650139 0.04448851 0.0184667  0.03044474 0.04881992
 0.03929253 0.03257329 0.02045206 0.01710532 0.02235222 0.09057357
 0.01976654 0.04085219 0.03044474 0.04881992 0.04903783 0.03193859
 0.01115462 0.0648783  0.04881992 0.04903783 0.09615687 0.01115462
 0.01115462]
[0.0336547  0.07983141 0.04974816 0.02253919 0.04619387 0.04489191
 0.05426213 0.03671637 0.01880001 0.01497949 0.01794312 0.0819423
 0.01904649 0.04238904 0.04619387 0.04489191 0.0348224  0.03033355
 0.00968302 0.0591134  0.04489191 0.0348224  0.11294332 0.00968302
 0.00968302]
[0.03905544 0.07410902 0.05106508 0.02798849 0.0378536  0.04830762
 0.05538148 0.03339257 0.02725313 0.021536   0.02113191 0.05744883
 0.02522726 0.03639632 0.0378536  0.04830762 0.03859102 0.03523913
 0.01778925 0.05831482 0.04830762 0.03859102 0.08528066 0.01778925
 0.01778925]
[0.03861962 0.09094037 0.05017756 0.02391157 0.03587324 0.03719052
 0.06135257 0.039846   0.02011258 0.01465434 0.01881362 0.08796038
 0.01601511 0.04236821 0.03587324 0.03719052 0.0307722  0.02979244
 0.01036708 0.0729825  0.03719052 0.0307722  0.11648948 0.01036708
 0.01036708]
[0.03561635 0.09332915 0.04596243 0.02106579 0.04202172 0.03663459
 0.04982815 0.03943885 0.02194292 0.01900744 0.01898765 0.08870514
 0.01994876 0.04938558 0.04202172 0.03663459 0.03147387 0.02698492
 0.01142975 0.0624456  0.03663459 0.03147387 0.11616709 0.01142975
 0.01142975]
[0.03571318 0.08650139 0.04448851 0.0184667  0.03044474 0.04881992
 0.03929253 0.03257329 0.02045206 0.01710532 0.02235222 0.09057357
 0.01976654 0.04085219 0.03044474 0.04881992 0.04903783 0.03193859
 0.01115462 0.0648783  0.04881992 0.04903783 0.09615687 0.01115462
 0.01115462]
[0.03571318 0.08650137 0.04448852 0.01846671 0.03044474 0.04881993
 0.03929254 0.03257328 0.02045205 0.01710532 0.02235222 0.09057356
 0.01976654 0.04085219 0.03044474 0.04881993 0.04903784 0.03193859
 0.01115462 0.06487829 0.04881993 0.04903784 0.09615687 0.01115462
 0.01115462]]