15622
Test: public void testStripLeadingHyphens() { }
Code: static String stripLeadingHyphens(String str){if (str.startsWith("--")){return str.substring(0, str.length());}else if (str.startsWith("-")){return str.substring(-1, str.length());}return str;}
tensor([[0.1353, 0.0903, 0.0455, 0.0520, 0.0717, 0.0302, 0.0286, 0.1545, 0.0578,
         0.1858, 0.0526, 0.0957],
        [0.1455, 0.0685, 0.0478, 0.0551, 0.0686, 0.0291, 0.0228, 0.1652, 0.0596,
         0.1894, 0.0606, 0.0879],
        [0.1482, 0.0933, 0.0496, 0.0604, 0.0779, 0.0298, 0.0260, 0.1392, 0.0501,
         0.1826, 0.0643, 0.0786],
        [0.1555, 0.0828, 0.0518, 0.0532, 0.0690, 0.0323, 0.0263, 0.1198, 0.0705,
         0.2101, 0.0641, 0.0647],
        [0.1361, 0.0846, 0.0531, 0.0719, 0.0750, 0.0362, 0.0273, 0.1522, 0.0563,
         0.1759, 0.0586, 0.0728],
        [0.1290, 0.0940, 0.0520, 0.0490, 0.0711, 0.0273, 0.0183, 0.1501, 0.0695,
         0.2118, 0.0606, 0.0672],
        [0.1244, 0.0781, 0.0459, 0.0535, 0.0608, 0.0288, 0.0215, 0.1402, 0.0593,
         0.2449, 0.0671, 0.0756],
        [0.1509, 0.0904, 0.0334, 0.0343, 0.0605, 0.0162, 0.0120, 0.1827, 0.0497,
         0.2571, 0.0655, 0.0472],
        [0.1339, 0.0891, 0.0521, 0.0667, 0.0659, 0.0333, 0.0240, 0.1429, 0.0607,
         0.1803, 0.0702, 0.0808],
        [0.1380, 0.0953, 0.0405, 0.0497, 0.0882, 0.0321, 0.0252, 0.1708, 0.0627,
         0.1545, 0.0580, 0.0850],
        [0.1297, 0.0780, 0.0420, 0.0455, 0.0613, 0.0272, 0.0177, 0.1719, 0.0545,
         0.2471, 0.0652, 0.0598],
        [0.1371, 0.0925, 0.0401, 0.0611, 0.0769, 0.0274, 0.0186, 0.1433, 0.0641,
         0.2038, 0.0551, 0.0800]])