67338
Test: public void testPOJOBean() throws IOException { ObjectMapper mapper = new ObjectMapper(); ObjectNode n = mapper.getNodeFactory().objectNode(); n.set("pojo", mapper.getNodeFactory().pojoNode(new Bean())); StringWriter sw = new StringWriter(); JsonGenerator jg = mapper.getFactory().createGenerator(sw); mapper.writeTree(jg, n); Map<String,Object> result = (Map<String,Object>) mapper.readValue(sw.toString(), Map.class); Map<String,Object> bean = (Map<String,Object>) result.get("pojo"); jg.close(); }
Code: public void writeTree(TreeNode node){if (node == null) {writeNull();return;}if (_objectCodec == null) {;} else {;}}
tensor([[0.0671, 0.0575, 0.1114, 0.0475, 0.0656, 0.0983, 0.0324, 0.1130, 0.0962,
         0.0983, 0.0324, 0.0373, 0.0803, 0.0626],
        [0.0581, 0.0560, 0.1302, 0.0455, 0.0634, 0.0804, 0.0292, 0.1411, 0.0989,
         0.0804, 0.0292, 0.0364, 0.1003, 0.0509],
        [0.0683, 0.0537, 0.1189, 0.0498, 0.0762, 0.0826, 0.0341, 0.1263, 0.0891,
         0.0826, 0.0341, 0.0345, 0.0859, 0.0641],
        [0.0575, 0.0513, 0.1116, 0.0496, 0.0716, 0.0942, 0.0287, 0.1048, 0.1071,
         0.0942, 0.0287, 0.0285, 0.1031, 0.0690],
        [0.0553, 0.0469, 0.1138, 0.0491, 0.0668, 0.0971, 0.0286, 0.1205, 0.0994,
         0.0971, 0.0286, 0.0382, 0.0914, 0.0674],
        [0.0429, 0.0504, 0.1266, 0.0470, 0.0612, 0.1028, 0.0276, 0.1083, 0.1101,
         0.1028, 0.0276, 0.0337, 0.1023, 0.0569],
        [0.0579, 0.0439, 0.1170, 0.0512, 0.0634, 0.1036, 0.0337, 0.1096, 0.0954,
         0.1036, 0.0337, 0.0384, 0.0881, 0.0606],
        [0.0576, 0.0511, 0.1165, 0.0486, 0.0609, 0.0755, 0.0375, 0.1238, 0.0991,
         0.0755, 0.0375, 0.0504, 0.1042, 0.0618],
        [0.0610, 0.0591, 0.1346, 0.0546, 0.0655, 0.0851, 0.0272, 0.1045, 0.1050,
         0.0851, 0.0272, 0.0366, 0.0967, 0.0579],
        [0.0429, 0.0504, 0.1266, 0.0470, 0.0612, 0.1028, 0.0276, 0.1083, 0.1101,
         0.1028, 0.0276, 0.0337, 0.1023, 0.0569],
        [0.0579, 0.0439, 0.1170, 0.0512, 0.0634, 0.1036, 0.0337, 0.1096, 0.0954,
         0.1036, 0.0337, 0.0384, 0.0881, 0.0606],
        [0.0702, 0.0566, 0.1207, 0.0413, 0.0684, 0.0744, 0.0370, 0.1146, 0.0901,
         0.0744, 0.0370, 0.0484, 0.1036, 0.0633],
        [0.0595, 0.0472, 0.1276, 0.0472, 0.0604, 0.0889, 0.0292, 0.1098, 0.1037,
         0.0889, 0.0292, 0.0431, 0.1026, 0.0626],
        [0.0624, 0.0482, 0.1280, 0.0422, 0.0564, 0.0923, 0.0288, 0.1123, 0.0809,
         0.0923, 0.0288, 0.0349, 0.1303, 0.0621]])