68226
Test: @Test public void testIsValidBodyHtml() { String ok = "<p>Test <b><a href='http: String ok1 = "<p>Test <b><a href='http: String nok1 = "<p><script></script>Not <b>OK</b></p>"; String nok2 = "<p align=right>Test Not <b>OK</b></p>"; String nok3 = "<!-- comment --><p>Not OK</p>"; String nok4 = "<html><head>Foo</head><body><b>OK</b></body></html>"; String nok5 = "<p>Test <b><a href='http: String nok6 = "<p>Test <b><a href='http: String nok7 = "</div>What"; }
Code: public static boolean isValid(String bodyHtml, Whitelist whitelist) { return new Cleaner(whitelist).isValid(parseBodyFragment(bodyHtml, "")); }
tensor([[0.0448, 0.1337, 0.1117, 0.1467, 0.0989, 0.0502, 0.1753, 0.0596, 0.0493,
         0.0226, 0.0623, 0.0260, 0.0191],
        [0.0464, 0.1235, 0.1419, 0.1326, 0.0730, 0.0617, 0.1667, 0.0820, 0.0440,
         0.0201, 0.0613, 0.0247, 0.0223],
        [0.0310, 0.1120, 0.1701, 0.1662, 0.0614, 0.0423, 0.1957, 0.0720, 0.0494,
         0.0135, 0.0555, 0.0172, 0.0137],
        [0.0452, 0.0982, 0.1609, 0.1373, 0.0757, 0.0540, 0.1819, 0.0736, 0.0531,
         0.0219, 0.0517, 0.0265, 0.0199],
        [0.0287, 0.1063, 0.1696, 0.1567, 0.0688, 0.0385, 0.2061, 0.0727, 0.0465,
         0.0176, 0.0544, 0.0204, 0.0135],
        [0.0406, 0.1299, 0.1085, 0.1128, 0.0775, 0.0583, 0.2009, 0.0764, 0.0630,
         0.0241, 0.0577, 0.0295, 0.0208],
        [0.0283, 0.1382, 0.1292, 0.1847, 0.0492, 0.0432, 0.2457, 0.0549, 0.0402,
         0.0126, 0.0466, 0.0161, 0.0111],
        [0.0510, 0.1183, 0.1152, 0.1294, 0.0754, 0.0550, 0.1746, 0.0797, 0.0590,
         0.0288, 0.0581, 0.0270, 0.0285],
        [0.0290, 0.1391, 0.1413, 0.1283, 0.0857, 0.0357, 0.2400, 0.0598, 0.0416,
         0.0171, 0.0491, 0.0171, 0.0162],
        [0.0381, 0.1160, 0.1286, 0.1355, 0.0733, 0.0417, 0.2187, 0.0726, 0.0537,
         0.0243, 0.0535, 0.0232, 0.0208],
        [0.0259, 0.1400, 0.1260, 0.1740, 0.0693, 0.0398, 0.2287, 0.0594, 0.0370,
         0.0139, 0.0537, 0.0181, 0.0141],
        [0.0286, 0.1164, 0.1157, 0.1806, 0.0651, 0.0572, 0.2097, 0.0692, 0.0491,
         0.0191, 0.0541, 0.0208, 0.0145],
        [0.0332, 0.1275, 0.1224, 0.1685, 0.0598, 0.0491, 0.1769, 0.0745, 0.0695,
         0.0186, 0.0567, 0.0267, 0.0166]])