68123
Test: @Test public void testSpaceAfterTag() { Document doc = Jsoup.parse("<div > <a name=\"top\"></a ><p id=1 >Hello</p></div>"); }
Code: public static Evaluator parse(String query) { QueryParser p = new QueryParser(query); return p.parse(); }
[[0.06305512 0.16839655 0.04506878 0.03791763 0.06630321 0.07258029
 0.07622863 0.09343852 0.03894182 0.0325961  0.06501915 0.06797474
 0.14812893 0.02435054]
[0.06623723 0.15985984 0.0458881  0.04700464 0.05569454 0.09788665
 0.074187   0.09696415 0.04277055 0.02790316 0.05222602 0.06138957
 0.14416993 0.0278187 ]
[0.04738112 0.18267006 0.0411588  0.03238159 0.06211551 0.08732403
 0.07891382 0.1176571  0.03463168 0.02626641 0.07471493 0.07566983
 0.1268335  0.01228163]
[0.04627252 0.1941783  0.03534131 0.02488407 0.06218205 0.09698822
 0.07997346 0.12507153 0.03366103 0.02177755 0.06006323 0.06832957
 0.1366054  0.01467181]
[0.05662712 0.16058642 0.03035928 0.0380687  0.05756551 0.0870131
 0.06896032 0.0964299  0.0517347  0.0341863  0.07270902 0.07537366
 0.15088986 0.01949609]
[0.06034449 0.13180137 0.04400387 0.04454354 0.06042993 0.08336032
 0.08211181 0.11263375 0.04961875 0.0356484  0.05948048 0.07123359
 0.13321769 0.03157197]
[0.0566534  0.16464812 0.04492477 0.03699733 0.06219703 0.08541518
 0.08305033 0.10436088 0.03873122 0.02648626 0.06733628 0.06698484
 0.13315406 0.02906033]
[0.06751727 0.13474603 0.04426073 0.04355524 0.06837268 0.07117899
 0.07224429 0.1213512  0.04088953 0.03447847 0.0724373  0.07734501
 0.13141835 0.02020492]
[0.06531768 0.14460978 0.03891076 0.05130779 0.05885103 0.06639326
 0.07862548 0.12049939 0.05203156 0.03032472 0.06856161 0.07029457
 0.12403859 0.03023375]
[0.05420227 0.1559391  0.03709444 0.04335236 0.05233552 0.08527812
 0.07692114 0.09387927 0.0444552  0.03671525 0.06307442 0.07589711
 0.155178   0.02567778]
[0.05768716 0.16561885 0.03792575 0.03794874 0.07064661 0.08262904
 0.07998741 0.10547175 0.03801167 0.03095403 0.06858815 0.07397661
 0.12964973 0.02090446]
[0.04592568 0.18533957 0.03665522 0.03214171 0.05822903 0.07214188
 0.07757728 0.11034885 0.04382329 0.02828668 0.06917799 0.06970476
 0.14998233 0.02066577]
[0.0558755  0.17308046 0.04093087 0.02889858 0.05022402 0.08712317
 0.0843095  0.1065554  0.03987621 0.02801244 0.06074164 0.06922553
 0.14895368 0.02619303]
[0.04631184 0.16318242 0.03912354 0.03302862 0.05911044 0.09146912
 0.08776692 0.09935862 0.03888529 0.0258091  0.06919292 0.09318292
 0.1325667  0.02101154]]