17574
Test: public void testNoResolvedType() throws Exception { }
Code: public final boolean isEmptyType() { return isNoType() || isNoObjectType() || isNoResolvedType(); }
tensor([[0.0579, 0.0466, 0.1434, 0.2316, 0.0782, 0.0638, 0.0581, 0.0565, 0.1070,
         0.0565, 0.0754, 0.0249],
        [0.0561, 0.0373, 0.1669, 0.2216, 0.0937, 0.0815, 0.0685, 0.0494, 0.0819,
         0.0494, 0.0751, 0.0185],
        [0.0395, 0.0372, 0.2095, 0.2355, 0.0961, 0.0643, 0.0458, 0.0477, 0.0994,
         0.0477, 0.0593, 0.0181],
        [0.0513, 0.0402, 0.1651, 0.2126, 0.0869, 0.0692, 0.0781, 0.0492, 0.0955,
         0.0492, 0.0802, 0.0225],
        [0.0652, 0.0639, 0.1458, 0.1657, 0.1029, 0.0752, 0.0674, 0.0571, 0.0876,
         0.0571, 0.0755, 0.0366],
        [0.0380, 0.0353, 0.1894, 0.2610, 0.0770, 0.0547, 0.0554, 0.0451, 0.0984,
         0.0451, 0.0797, 0.0210],
        [0.0435, 0.0320, 0.2085, 0.2106, 0.0880, 0.0512, 0.0474, 0.0644, 0.1016,
         0.0644, 0.0759, 0.0129],
        [0.0463, 0.0434, 0.1801, 0.1896, 0.1205, 0.0674, 0.0579, 0.0545, 0.0887,
         0.0545, 0.0821, 0.0153],
        [0.0523, 0.0403, 0.2173, 0.2055, 0.0938, 0.0610, 0.0523, 0.0473, 0.1001,
         0.0473, 0.0637, 0.0190],
        [0.0463, 0.0434, 0.1801, 0.1896, 0.1205, 0.0674, 0.0579, 0.0545, 0.0887,
         0.0545, 0.0821, 0.0153],
        [0.0504, 0.0409, 0.2138, 0.1885, 0.0783, 0.0591, 0.0616, 0.0607, 0.0869,
         0.0607, 0.0775, 0.0215],
        [0.0414, 0.0368, 0.1493, 0.2099, 0.0982, 0.0881, 0.0689, 0.0565, 0.0902,
         0.0565, 0.0826, 0.0215]])