99100
Test: public void shouldAllowStubbingMocksConfiguredWithRETURNS_MOCKS() { IMethods mock = mock(IMethods.class, RETURNS_MOCKS); when(mock.objectReturningMethodNoArgs()).thenReturn(null); }
Code: public static <T> T mock(Class<T> classToMock, MockSettings mockSettings) { return MOCKITO_CORE.mock(classToMock, mockSettings); }
tensor([[0.0471, 0.1355, 0.1195, 0.0310, 0.1042, 0.0170, 0.2347, 0.0887, 0.0598,
         0.0514, 0.0456, 0.0462, 0.0194],
        [0.0465, 0.1182, 0.1341, 0.0256, 0.0942, 0.0146, 0.2658, 0.0781, 0.0758,
         0.0435, 0.0388, 0.0439, 0.0210],
        [0.0445, 0.1073, 0.1337, 0.0197, 0.0781, 0.0130, 0.2903, 0.0847, 0.0801,
         0.0492, 0.0354, 0.0458, 0.0182],
        [0.0431, 0.1151, 0.1262, 0.0249, 0.1010, 0.0144, 0.2609, 0.0848, 0.0648,
         0.0499, 0.0414, 0.0549, 0.0186],
        [0.0396, 0.1501, 0.1255, 0.0343, 0.0761, 0.0129, 0.2551, 0.0697, 0.0618,
         0.0568, 0.0441, 0.0550, 0.0188],
        [0.0377, 0.1580, 0.1113, 0.0232, 0.1181, 0.0136, 0.2323, 0.0822, 0.0578,
         0.0650, 0.0343, 0.0535, 0.0129],
        [0.0437, 0.1204, 0.1159, 0.0350, 0.0843, 0.0169, 0.2302, 0.0835, 0.0840,
         0.0560, 0.0440, 0.0630, 0.0229],
        [0.0443, 0.1168, 0.1178, 0.0263, 0.0958, 0.0146, 0.2707, 0.0843, 0.0599,
         0.0599, 0.0371, 0.0540, 0.0185],
        [0.0547, 0.1220, 0.1107, 0.0298, 0.0814, 0.0189, 0.2076, 0.0968, 0.0790,
         0.0641, 0.0469, 0.0588, 0.0293],
        [0.0292, 0.1279, 0.1262, 0.0167, 0.1029, 0.0106, 0.3349, 0.0744, 0.0524,
         0.0432, 0.0285, 0.0386, 0.0146],
        [0.0279, 0.1133, 0.1328, 0.0217, 0.0878, 0.0085, 0.3284, 0.0793, 0.0655,
         0.0455, 0.0277, 0.0447, 0.0170],
        [0.0289, 0.1276, 0.1364, 0.0166, 0.1001, 0.0094, 0.3177, 0.0829, 0.0510,
         0.0431, 0.0270, 0.0471, 0.0123],
        [0.0364, 0.1264, 0.1480, 0.0244, 0.0918, 0.0133, 0.2202, 0.0806, 0.0702,
         0.0728, 0.0376, 0.0620, 0.0162]])