68852
Test: @Test public void testClonesDeclarations() { Document doc = Jsoup.parse("<!DOCTYPE html><html><head><title>Doctype test"); Document clone = doc.clone(); }
Code: public Element clone() { Element clone = (Element) super.clone(); clone.classNames = null; return clone; }
[[0.05925126 0.02861165 0.07294308 0.07962281 0.02861165 0.05406276
 0.03732165 0.13268167 0.07622325 0.0856301  0.03732165 0.12496296
 0.06528467 0.09209042 0.02538042]
[0.06079344 0.0299425  0.07035205 0.08981737 0.0299425  0.04214448
 0.03675281 0.14330599 0.08602279 0.07905389 0.03675281 0.12393177
 0.0694368  0.08082344 0.02092738]
[0.05062575 0.02083681 0.06801645 0.0880806  0.02083681 0.05003853
 0.03347947 0.16605282 0.0913825  0.06604329 0.03347947 0.13172753
 0.0807244  0.08314451 0.01553107]
[0.05822679 0.03090267 0.07241399 0.0898486  0.03090267 0.04906761
 0.04830359 0.09982927 0.08111853 0.0837772  0.04830358 0.12684089
 0.06750356 0.0806797  0.03228136]
[0.06079344 0.0299425  0.07035205 0.08981737 0.0299425  0.04214448
 0.03675281 0.14330599 0.08602279 0.07905389 0.03675281 0.12393177
 0.0694368  0.08082344 0.02092738]
[0.04847006 0.019905   0.09822721 0.08375933 0.019905   0.03720637
 0.03204119 0.16778919 0.07785681 0.06826802 0.03204119 0.14840153
 0.06113934 0.08867198 0.01631779]
[0.06160413 0.03799889 0.06054444 0.06977044 0.03799889 0.05845942
 0.05113236 0.1105615  0.08009805 0.07947767 0.05113236 0.10064392
 0.06765489 0.10268389 0.03023922]
[0.0484822  0.02784431 0.07086371 0.09433532 0.02784431 0.06110658
 0.0344496  0.11036627 0.09435964 0.09161229 0.03444959 0.13717784
 0.0615578  0.08392851 0.02162205]
[0.05108405 0.01925569 0.06255417 0.09600092 0.01925569 0.05052024
 0.04115142 0.14306909 0.07871168 0.08676313 0.04115142 0.15406859
 0.05984807 0.07661074 0.01995509]
[0.05019619 0.0259362  0.08746115 0.07467496 0.0259362  0.05389119
 0.03147912 0.13502316 0.10958851 0.08025905 0.03147911 0.1246787
 0.05974265 0.08909626 0.02055755]
[0.06160413 0.03799889 0.06054444 0.06977044 0.03799889 0.05845942
 0.05113236 0.1105615  0.08009805 0.07947767 0.05113236 0.10064392
 0.06765489 0.10268389 0.03023922]
[0.05893862 0.0302018  0.08894125 0.07899972 0.0302018  0.0499868
 0.0377918  0.12081794 0.08593151 0.08968034 0.0377918  0.11153736
 0.06924182 0.08481102 0.02512645]
[0.0410694  0.02008216 0.0752099  0.07446308 0.02008216 0.05035688
 0.03979614 0.16169867 0.07366225 0.08813089 0.03979614 0.15529092
 0.06062663 0.07903247 0.02070232]
[0.04785094 0.03134814 0.07396915 0.08038729 0.03134814 0.05253375
 0.03857379 0.11860113 0.10784415 0.09379232 0.03857379 0.13256413
 0.05967462 0.0746811  0.01825755]
[0.04219293 0.02373223 0.07465372 0.0961789  0.02373223 0.03374138
 0.03682209 0.13483271 0.08051194 0.06811211 0.03682209 0.14404692
 0.0886084  0.09472443 0.02128785]]