67356
Test: public void testFieldIntrospection() { SerializationConfig config = MAPPER.getSerializationConfig(); JavaType t = MAPPER.constructType(FieldBean.class); AnnotatedClass ac = AnnotatedClass.construct(t, config); for (AnnotatedField f : ac.fields()) { String fname = f.getName(); if (!"bar".equals(fname) && !"props".equals(fname)) { fail("Unexpected field name '"+fname+"'"); } } }
Code: public static CollectionType construct(Class<?> rawType, JavaType elemT){return new CollectionType(rawType, null,_bogusSuperClass(rawType), null, elemT,null, null, false);}
tensor([[0.0437, 0.1044, 0.0849, 0.1088, 0.0289, 0.0772, 0.0506, 0.0231, 0.0879,
         0.0611, 0.1078, 0.0361, 0.1078, 0.0775],
        [0.0487, 0.1067, 0.0926, 0.1068, 0.0349, 0.0748, 0.0526, 0.0200, 0.0755,
         0.0552, 0.1075, 0.0293, 0.1075, 0.0878],
        [0.0402, 0.1166, 0.0881, 0.1280, 0.0209, 0.0778, 0.0421, 0.0169, 0.0783,
         0.0667, 0.1026, 0.0279, 0.1026, 0.0913],
        [0.0389, 0.0970, 0.0800, 0.1476, 0.0229, 0.0684, 0.0425, 0.0202, 0.0947,
         0.0570, 0.1079, 0.0308, 0.1079, 0.0842],
        [0.0361, 0.1008, 0.0775, 0.1544, 0.0169, 0.0907, 0.0369, 0.0182, 0.0799,
         0.0654, 0.1046, 0.0293, 0.1046, 0.0847],
        [0.0452, 0.0976, 0.0841, 0.1324, 0.0281, 0.0835, 0.0428, 0.0202, 0.0940,
         0.0511, 0.1058, 0.0304, 0.1058, 0.0791],
        [0.0530, 0.1033, 0.0818, 0.0962, 0.0296, 0.0889, 0.0508, 0.0243, 0.0852,
         0.0633, 0.0944, 0.0444, 0.0944, 0.0904],
        [0.0390, 0.1089, 0.0731, 0.1000, 0.0305, 0.0934, 0.0420, 0.0272, 0.0930,
         0.0555, 0.1028, 0.0402, 0.1028, 0.0915],
        [0.0334, 0.1062, 0.0747, 0.1226, 0.0235, 0.0799, 0.0488, 0.0202, 0.0988,
         0.0522, 0.1125, 0.0336, 0.1125, 0.0811],
        [0.0424, 0.0938, 0.0861, 0.1648, 0.0248, 0.0751, 0.0361, 0.0182, 0.0922,
         0.0640, 0.0953, 0.0292, 0.0953, 0.0826],
        [0.0419, 0.0993, 0.0782, 0.0994, 0.0177, 0.0737, 0.0459, 0.0198, 0.0899,
         0.0622, 0.1296, 0.0310, 0.1296, 0.0818],
        [0.0367, 0.1005, 0.0885, 0.0984, 0.0229, 0.0802, 0.0441, 0.0198, 0.0910,
         0.0614, 0.1140, 0.0272, 0.1140, 0.1011],
        [0.0419, 0.0993, 0.0782, 0.0994, 0.0177, 0.0737, 0.0459, 0.0198, 0.0899,
         0.0622, 0.1296, 0.0310, 0.1296, 0.0818],
        [0.0460, 0.1131, 0.0929, 0.1423, 0.0233, 0.0697, 0.0495, 0.0194, 0.0902,
         0.0576, 0.0871, 0.0274, 0.0871, 0.0944]])