16306
Test: public void test13666() throws Exception { Options options = new Options(); Option dir = OptionBuilder.withDescription( "dir" ).hasArg().create( 'd' ); options.addOption( dir ); final PrintStream oldSystemOut = System.out; try { final ByteArrayOutputStream bytes = new ByteArrayOutputStream(); final PrintStream print = new PrintStream(bytes); print.println(); final String eol = bytes.toString(); bytes.reset(); System.setOut(new PrintStream(bytes)); HelpFormatter formatter = new HelpFormatter(); formatter.printHelp( "dir", options ); } finally { System.setOut(oldSystemOut); } }
Code: private static void reset(){description = null;argName = "arg";longopt = null;;required = false;numberOfArgs = Option.UNINITIALIZED;;valuesep = (char) 1;}
[[0.07125142 0.10898446 0.03698934 0.10810274 0.02821167 0.09733856
 0.02821167 0.04076901 0.02821167 0.03383671 0.02821167 0.07640745
 0.02821167 0.08747885 0.02821167 0.042674   0.12689744]
[0.05503411 0.14046636 0.03454472 0.11662386 0.03212549 0.07609276
 0.03212549 0.05799628 0.03212549 0.03971523 0.03212549 0.0651916
 0.03212549 0.08667438 0.03212549 0.04454437 0.09036336]
[0.04730752 0.12669334 0.03063864 0.10937989 0.02844769 0.07973421
 0.02844769 0.0468353  0.02844769 0.04491756 0.02844769 0.07283828
 0.02844769 0.08670447 0.02844769 0.04376205 0.14050251]
[0.05124156 0.14191595 0.02359127 0.14280042 0.02896493 0.09287987
 0.02896493 0.04956365 0.02896493 0.03214024 0.02896493 0.06629097
 0.02896493 0.09037969 0.02896493 0.03124292 0.10416394]
[0.06261303 0.12372576 0.04142442 0.07449599 0.04206435 0.07416853
 0.04206435 0.06139416 0.04206435 0.04814227 0.04206435 0.07010273
 0.04206435 0.0636984  0.04206435 0.04778828 0.08006035]
[0.05798982 0.12124569 0.03660389 0.11413572 0.03100479 0.07611247
 0.03100479 0.05570363 0.03100479 0.0395322  0.03100479 0.06561288
 0.03100479 0.08448507 0.03100479 0.04276362 0.11978623]
[0.06261303 0.12372576 0.04142442 0.07449599 0.04206435 0.07416853
 0.04206435 0.06139416 0.04206435 0.04814227 0.04206435 0.07010273
 0.04206435 0.0636984  0.04206435 0.04778828 0.08006035]
[0.05228722 0.12537251 0.03216677 0.12673563 0.02840119 0.08987908
 0.02840119 0.04874588 0.02840119 0.03847591 0.02840119 0.06024354
 0.02840119 0.09573901 0.02840119 0.04251084 0.11743636]
[0.06261303 0.12372576 0.04142442 0.07449599 0.04206435 0.07416853
 0.04206435 0.06139416 0.04206435 0.04814227 0.04206435 0.07010273
 0.04206435 0.0636984  0.04206435 0.04778828 0.08006035]
[0.05579892 0.1252318  0.02973321 0.10966136 0.028089   0.07992612
 0.028089   0.04904553 0.028089   0.0482205  0.028089   0.06759001
 0.028089   0.09837583 0.028089   0.04718755 0.12069518]
[0.06261303 0.12372576 0.04142442 0.07449599 0.04206435 0.07416853
 0.04206435 0.06139416 0.04206435 0.04814227 0.04206435 0.07010273
 0.04206435 0.0636984  0.04206435 0.04778828 0.08006035]
[0.0755189  0.11359833 0.02777524 0.11823893 0.03097123 0.0693222
 0.03097123 0.04349484 0.03097123 0.04295143 0.03097123 0.06595187
 0.03097123 0.08070906 0.03097123 0.04211823 0.13449359]
[0.06261303 0.12372576 0.04142442 0.07449599 0.04206435 0.07416853
 0.04206435 0.06139416 0.04206435 0.04814227 0.04206435 0.07010273
 0.04206435 0.0636984  0.04206435 0.04778828 0.08006035]
[0.06843697 0.15653291 0.03079516 0.12679972 0.02252113 0.06741472
 0.02252113 0.06173575 0.02252113 0.03712448 0.02252113 0.06788407
 0.02252113 0.09362589 0.02252113 0.0387574  0.11576615]
[0.06261303 0.12372576 0.04142442 0.07449599 0.04206435 0.07416853
 0.04206435 0.06139416 0.04206435 0.04814227 0.04206435 0.07010273
 0.04206435 0.0636984  0.04206435 0.04778828 0.08006035]
[0.05346806 0.13494185 0.02732542 0.11930865 0.02660525 0.06940433
 0.02660525 0.05817787 0.02660525 0.03438506 0.02660525 0.07019622
 0.02660525 0.07990735 0.02660525 0.04095989 0.15229377]
[0.04699811 0.13353471 0.02732459 0.15094791 0.02729192 0.08057328
 0.02729192 0.06164085 0.02729192 0.03869187 0.02729192 0.05548131
 0.02729192 0.0802261  0.02729192 0.03359136 0.12723829]]