67091
Test: public void testNumberOverflowLong() throws IOException { try (TokenBuffer buf = new TokenBuffer(null, false)) { BigInteger big = BigInteger.valueOf(Long.MAX_VALUE).add(BigInteger.ONE); buf.writeNumber(big); try (JsonParser p = buf.asParser()) { try { p.getLongValue(); fail("Expected failure for `long` overflow"); } catch (InputCoercionException e) { verifyException(e, "Numeric value ("+big+") out of range of long"); } } } }
Code: public long getLongValue() throws IOException { final NumericNode node = (NumericNode) currentNumericNode(); return node.longValue(); }
tensor([[0.0439, 0.0682, 0.0675, 0.0939, 0.0262, 0.0722, 0.0370, 0.1394, 0.2040,
         0.0285, 0.0148, 0.0424, 0.0500, 0.0902, 0.0217],
        [0.0265, 0.0469, 0.0751, 0.1017, 0.0254, 0.0852, 0.0279, 0.1783, 0.2331,
         0.0208, 0.0084, 0.0299, 0.0385, 0.0831, 0.0190],
        [0.0370, 0.0479, 0.0816, 0.1054, 0.0242, 0.0893, 0.0306, 0.1246, 0.2515,
         0.0231, 0.0115, 0.0443, 0.0436, 0.0688, 0.0166],
        [0.0269, 0.0470, 0.0606, 0.1099, 0.0212, 0.0857, 0.0238, 0.1392, 0.2794,
         0.0251, 0.0078, 0.0341, 0.0479, 0.0759, 0.0154],
        [0.0298, 0.0542, 0.0677, 0.1106, 0.0209, 0.0708, 0.0295, 0.1381, 0.2459,
         0.0249, 0.0099, 0.0347, 0.0470, 0.1023, 0.0137],
        [0.0455, 0.0662, 0.0632, 0.0780, 0.0324, 0.0844, 0.0451, 0.1197, 0.2007,
         0.0384, 0.0178, 0.0438, 0.0509, 0.0859, 0.0280],
        [0.0405, 0.0533, 0.0634, 0.0940, 0.0285, 0.0811, 0.0283, 0.1675, 0.2147,
         0.0311, 0.0100, 0.0398, 0.0592, 0.0733, 0.0153],
        [0.0353, 0.0496, 0.0703, 0.1095, 0.0248, 0.0803, 0.0347, 0.1395, 0.2217,
         0.0237, 0.0152, 0.0413, 0.0411, 0.0939, 0.0192],
        [0.0296, 0.0532, 0.0777, 0.1262, 0.0265, 0.0742, 0.0281, 0.1506, 0.2169,
         0.0277, 0.0115, 0.0315, 0.0440, 0.0865, 0.0158],
        [0.0545, 0.0670, 0.0893, 0.0829, 0.0359, 0.0642, 0.0460, 0.1223, 0.1332,
         0.0459, 0.0271, 0.0601, 0.0603, 0.0841, 0.0273],
        [0.0283, 0.0523, 0.0612, 0.1110, 0.0234, 0.0771, 0.0338, 0.1597, 0.2086,
         0.0229, 0.0111, 0.0331, 0.0562, 0.1081, 0.0131],
        [0.0419, 0.0549, 0.0730, 0.1024, 0.0293, 0.0584, 0.0375, 0.1542, 0.2002,
         0.0285, 0.0124, 0.0414, 0.0451, 0.0979, 0.0228],
        [0.0280, 0.0610, 0.0662, 0.0864, 0.0261, 0.0684, 0.0276, 0.1578, 0.2685,
         0.0282, 0.0093, 0.0436, 0.0384, 0.0724, 0.0181],
        [0.0395, 0.0498, 0.0747, 0.0899, 0.0241, 0.0907, 0.0268, 0.1680, 0.2418,
         0.0249, 0.0072, 0.0373, 0.0426, 0.0669, 0.0159],
        [0.0286, 0.0465, 0.0754, 0.1194, 0.0256, 0.0874, 0.0269, 0.1543, 0.1971,
         0.0274, 0.0102, 0.0345, 0.0665, 0.0823, 0.0181]])