67333
Test: public void testPOJOString() throws Exception { ObjectMapper mapper = new ObjectMapper(); ObjectNode n = mapper.getNodeFactory().objectNode(); n.set("pojo", mapper.getNodeFactory().pojoNode("abc")); StringWriter sw = new StringWriter(); JsonGenerator jg = mapper.getFactory().createGenerator(sw); mapper.writeTree(jg, n); Map<String,Object> result = (Map<String,Object>) mapper.readValue(sw.toString(), Map.class); jg.close(); }
Code: public void writeTree(TreeNode node){if (node == null) {;return;}if (_objectCodec == null) {_append(JsonToken.VALUE_EMBEDDED_OBJECT, node);} else {;}}
[[0.05481994 0.04655468 0.09467148 0.04002536 0.05553335 0.08140185
 0.02702749 0.11031754 0.08030564 0.08140184 0.02702749 0.06766685
 0.11298069 0.06809722 0.05216854]
[0.04811069 0.04718298 0.10450319 0.03696903 0.05142162 0.06603824
 0.0241298  0.10524243 0.08171236 0.06603824 0.0241298  0.05292299
 0.169598   0.08009708 0.04190361]
[0.05519319 0.04318171 0.09770733 0.04073493 0.06267678 0.06758026
 0.02756781 0.10553021 0.07248634 0.06758027 0.02756781 0.0607977
 0.14814606 0.07092325 0.05232638]
[0.04792489 0.04263753 0.09314321 0.04142287 0.05990078 0.07854658
 0.02389714 0.0973658  0.08925436 0.07854658 0.02389713 0.06518786
 0.11429273 0.08637898 0.0576035 ]
[0.04802551 0.04026799 0.09979275 0.04290016 0.05859568 0.0840226
 0.02475327 0.10897077 0.08563033 0.0840226  0.02475327 0.06743742
 0.09156248 0.08078113 0.05848406]
[0.03461698 0.04210365 0.09673148 0.03671299 0.04674466 0.08173525
 0.02213952 0.09014765 0.08969598 0.08173524 0.02213952 0.05099271
 0.18286757 0.07648133 0.04515554]
[0.04798602 0.03640555 0.09625693 0.04210939 0.05205593 0.08557567
 0.02781104 0.09862772 0.07896301 0.08557566 0.02781104 0.05273399
 0.1458344  0.07211127 0.05014242]
[0.05288002 0.0493135  0.09448373 0.03735916 0.05142093 0.07006422
 0.02860808 0.09629097 0.07180257 0.07006422 0.02860808 0.06015072
 0.15680054 0.08047536 0.05167793]
[0.05058586 0.04948499 0.10992084 0.04466964 0.05355246 0.07030361
 0.02240951 0.08377449 0.08665463 0.07030361 0.02240951 0.06104264
 0.14865768 0.07858969 0.04764084]
[0.03461698 0.04210365 0.09673148 0.03671299 0.04674466 0.08173525
 0.02213952 0.09014765 0.08969598 0.08173524 0.02213952 0.05099271
 0.18286757 0.07648133 0.04515554]
[0.04798602 0.03640555 0.09625693 0.04210939 0.05205593 0.08557567
 0.02781104 0.09862772 0.07896301 0.08557566 0.02781104 0.05273399
 0.1458344  0.07211127 0.05014242]
[0.05590092 0.03980616 0.09498113 0.04593798 0.05448193 0.0751996
 0.02611064 0.09154774 0.08187588 0.07519959 0.02611064 0.06452069
 0.1283032  0.08963098 0.05039294]
[0.05992202 0.04721472 0.10838824 0.03449688 0.05117256 0.08093649
 0.02699991 0.09325277 0.07170613 0.08093649 0.02699991 0.0587775
 0.12384324 0.07567333 0.0596798 ]
[0.04758088 0.03787074 0.10069662 0.0375141  0.04783199 0.07066876
 0.02322325 0.09054254 0.08252297 0.07066876 0.02322325 0.05836372
 0.17908789 0.08033394 0.04987059]
[0.04749108 0.03649851 0.0992569  0.0323942  0.04349619 0.07089435
 0.02208845 0.11719338 0.06193037 0.07089435 0.02208845 0.05908766
 0.16756096 0.10170321 0.04742195]]