99180
Test: public void shouldScreamWhenCallingRealMethodOnInterface() throws Throwable { Invocation invocationOnInterface = new InvocationBuilder().toInvocation(); try { invocationOnInterface.callRealMethod(); fail(); } catch(MockitoException e) {} }
Code: public Object callRealMethod() throws Throwable { if (this.getMethod().getDeclaringClass().isInterface()) { new Reporter().cannotCallRealMethodOnInterface(); } return realMethod.invoke(mock, rawArguments); }
tensor([[0.0467, 0.0360, 0.0728, 0.1134, 0.1136, 0.0585, 0.1255, 0.0234, 0.0585,
         0.0238, 0.0318, 0.0191, 0.0509, 0.1337, 0.0733, 0.0191],
        [0.0412, 0.0294, 0.0575, 0.1458, 0.1045, 0.0744, 0.1314, 0.0155, 0.0744,
         0.0194, 0.0263, 0.0144, 0.0505, 0.1334, 0.0676, 0.0144],
        [0.0474, 0.0413, 0.0677, 0.1010, 0.1010, 0.0669, 0.1266, 0.0210, 0.0669,
         0.0241, 0.0315, 0.0203, 0.0538, 0.1246, 0.0857, 0.0203],
        [0.0286, 0.0263, 0.0577, 0.1453, 0.0951, 0.0632, 0.1276, 0.0125, 0.0632,
         0.0148, 0.0252, 0.0127, 0.0457, 0.1630, 0.1065, 0.0127],
        [0.0378, 0.0396, 0.0691, 0.1158, 0.0873, 0.0737, 0.0952, 0.0237, 0.0737,
         0.0272, 0.0395, 0.0335, 0.0493, 0.1226, 0.0786, 0.0335],
        [0.0527, 0.0314, 0.0772, 0.0957, 0.0924, 0.0734, 0.0923, 0.0262, 0.0734,
         0.0311, 0.0397, 0.0277, 0.0622, 0.1148, 0.0821, 0.0277],
        [0.0290, 0.0226, 0.0710, 0.1733, 0.1052, 0.0508, 0.1598, 0.0088, 0.0508,
         0.0108, 0.0226, 0.0082, 0.0376, 0.1477, 0.0935, 0.0082],
        [0.0378, 0.0294, 0.0555, 0.1426, 0.1125, 0.0622, 0.1201, 0.0175, 0.0622,
         0.0182, 0.0292, 0.0192, 0.0542, 0.1572, 0.0633, 0.0192],
        [0.0527, 0.0314, 0.0772, 0.0957, 0.0924, 0.0734, 0.0923, 0.0262, 0.0734,
         0.0311, 0.0397, 0.0277, 0.0622, 0.1148, 0.0821, 0.0277],
        [0.0362, 0.0277, 0.0814, 0.1305, 0.1042, 0.0605, 0.1258, 0.0166, 0.0605,
         0.0241, 0.0274, 0.0179, 0.0507, 0.1340, 0.0846, 0.0179],
        [0.0354, 0.0313, 0.0618, 0.1231, 0.1244, 0.0614, 0.1327, 0.0205, 0.0614,
         0.0221, 0.0284, 0.0185, 0.0550, 0.1295, 0.0757, 0.0185],
        [0.0313, 0.0302, 0.0582, 0.1330, 0.1099, 0.0658, 0.1177, 0.0133, 0.0658,
         0.0175, 0.0378, 0.0149, 0.0642, 0.1451, 0.0804, 0.0149],
        [0.0314, 0.0294, 0.0675, 0.1236, 0.1215, 0.0568, 0.1323, 0.0135, 0.0568,
         0.0189, 0.0262, 0.0158, 0.0463, 0.1481, 0.0959, 0.0158],
        [0.0389, 0.0319, 0.0604, 0.1223, 0.0963, 0.0710, 0.1243, 0.0181, 0.0710,
         0.0196, 0.0292, 0.0155, 0.0564, 0.1545, 0.0750, 0.0155],
        [0.0350, 0.0346, 0.0704, 0.1433, 0.1108, 0.0477, 0.1108, 0.0157, 0.0477,
         0.0221, 0.0412, 0.0153, 0.0472, 0.1580, 0.0849, 0.0153],
        [0.0313, 0.0302, 0.0582, 0.1330, 0.1099, 0.0658, 0.1177, 0.0133, 0.0658,
         0.0175, 0.0378, 0.0149, 0.0642, 0.1451, 0.0804, 0.0149]])