17640
Test: public void testRestrictedTypeGivenToBoolean() { UnionType nullableStringValue = (UnionType) createNullableType(STRING_TYPE); UnionType nullableStringObject = (UnionType) createNullableType(STRING_OBJECT_TYPE); }
Code: public JSType getRestrictedTypeGivenToBooleanOutcome(boolean outcome) { BooleanLiteralSet literals = getPossibleToBooleanOutcomes(); if (literals.contains(outcome)) { return this; } else { return getNativeType(JSTypeNative.NO_TYPE); } }
[[0.03325017 0.07837646 0.15847737 0.01908261 0.05005756 0.03151926
 0.07741036 0.021287   0.06204864 0.09020722 0.02872098 0.05005756
 0.03729984 0.03059252 0.01541891 0.04458503 0.05005755 0.03729984
 0.05341328 0.01541891 0.01541891]
[0.02221346 0.08845288 0.18362531 0.01326786 0.05654803 0.02697289
 0.07858696 0.02303392 0.04738032 0.09164041 0.02990136 0.05654803
 0.03730089 0.02578496 0.01261569 0.04432007 0.05654804 0.03730089
 0.04272663 0.01261569 0.01261569]
[0.03123232 0.09260322 0.15591878 0.01899076 0.0493471  0.02755947
 0.08117545 0.02417259 0.04656541 0.10417029 0.02938604 0.0493471
 0.03900891 0.02639904 0.01289682 0.05337832 0.04934709 0.03900892
 0.0436988  0.01289682 0.01289682]
[0.01667889 0.08269168 0.22408468 0.01076346 0.0686731  0.01498712
 0.08080777 0.0153362  0.04791164 0.09591809 0.02547538 0.0686731
 0.03239825 0.01642192 0.00929264 0.03651216 0.06867309 0.03239826
 0.03371723 0.00929264 0.00929264]
[0.03551135 0.04874735 0.11615858 0.02077158 0.06004063 0.03319255
 0.09554663 0.02969676 0.06087576 0.0607735  0.0343588  0.06004063
 0.04048381 0.03031649 0.02070009 0.05487916 0.06004064 0.04048381
 0.0559817  0.02070009 0.02070009]
[0.02406874 0.0776958  0.19778138 0.01416684 0.05803152 0.02721204
 0.07654073 0.02025125 0.05247649 0.07317412 0.03752415 0.05803152
 0.03653168 0.02039006 0.01073966 0.05106385 0.05803152 0.03653168
 0.04827759 0.01073966 0.01073966]
[0.02505517 0.07351623 0.19610178 0.01156724 0.05793019 0.02065093
 0.09045534 0.0228987  0.04619305 0.10176234 0.03019816 0.05793019
 0.03361681 0.0237137  0.00990856 0.04693098 0.05793016 0.03361681
 0.0402067  0.00990856 0.00990856]
[0.03993391 0.05921733 0.1138258  0.02250939 0.04612545 0.03642394
 0.08210743 0.03340425 0.06376733 0.08859732 0.03088406 0.04612545
 0.04402656 0.0408783  0.01981858 0.04856119 0.04612546 0.04402657
 0.05400448 0.01981858 0.01981858]
[0.02385767 0.09960224 0.16281164 0.01714699 0.0602265  0.02124203
 0.06484725 0.02382957 0.04962893 0.10136823 0.03420881 0.0602265
 0.03788177 0.02310658 0.01191652 0.0366023  0.06022651 0.03788177
 0.04955514 0.01191652 0.01191652]
[0.01798188 0.09290221 0.27914932 0.00990404 0.05248284 0.01258562
 0.06688743 0.01533422 0.04888058 0.10687494 0.02977049 0.05248284
 0.02460184 0.01788327 0.00745483 0.04595958 0.05248283 0.02460184
 0.02686971 0.00745483 0.00745483]
[0.02176635 0.07593542 0.18094707 0.01290133 0.054253   0.02010208
 0.07964961 0.01922949 0.05923565 0.09379551 0.04054684 0.054253
 0.03515018 0.02300346 0.01048893 0.06068126 0.05425298 0.03515018
 0.0476798  0.01048893 0.01048893]
[0.03551135 0.04874735 0.11615858 0.02077158 0.06004063 0.03319255
 0.09554663 0.02969676 0.06087576 0.0607735  0.0343588  0.06004063
 0.04048381 0.03031649 0.02070009 0.05487916 0.06004064 0.04048381
 0.0559817  0.02070009 0.02070009]
[0.02247125 0.08070373 0.20928696 0.01535845 0.0518483  0.02152264
 0.08794283 0.02245189 0.04893653 0.08757137 0.02177929 0.0518483
 0.03126627 0.02193732 0.01380725 0.05382422 0.0518483  0.03126627
 0.04671428 0.01380725 0.01380725]
[0.03405921 0.09931587 0.1365186  0.01618012 0.06054511 0.02389827
 0.0744836  0.0198688  0.05246645 0.08225109 0.02921719 0.06054511
 0.04056771 0.02244362 0.01553711 0.04556314 0.06054508 0.04056771
 0.05435198 0.01553711 0.01553711]
[0.02247485 0.0756312  0.13741174 0.01534688 0.05988431 0.01958947
 0.08897633 0.02055383 0.05442576 0.08720198 0.04332582 0.05988431
 0.04970015 0.02174722 0.01278436 0.05240405 0.05988432 0.04970014
 0.04350459 0.01278436 0.01278436]
[0.02609684 0.08780446 0.18677618 0.01318403 0.0539978  0.02440866
 0.08328875 0.01884086 0.05235218 0.08355384 0.03208394 0.0539978
 0.0358224  0.02441101 0.01102423 0.04992946 0.0539978  0.0358224
 0.05055883 0.01102423 0.01102423]
[0.03551135 0.04874735 0.11615858 0.02077158 0.06004063 0.03319255
 0.09554663 0.02969676 0.06087576 0.0607735  0.0343588  0.06004063
 0.04048381 0.03031649 0.02070009 0.05487916 0.06004064 0.04048381
 0.0559817  0.02070009 0.02070009]
[0.02247125 0.08070373 0.20928696 0.01535845 0.0518483  0.02152264
 0.08794283 0.02245189 0.04893653 0.08757137 0.02177929 0.0518483
 0.03126627 0.02193732 0.01380725 0.05382422 0.0518483  0.03126627
 0.04671428 0.01380725 0.01380725]
[0.02588608 0.08027934 0.21022744 0.01357477 0.05618229 0.02402161
 0.08127619 0.015052   0.05436558 0.08198768 0.02794986 0.05618229
 0.03678325 0.02156242 0.01087011 0.03906845 0.05618229 0.03678324
 0.05002483 0.01087011 0.0108701 ]
[0.02247485 0.0756312  0.13741174 0.01534688 0.05988431 0.01958947
 0.08897633 0.02055383 0.05442576 0.08720198 0.04332582 0.05988431
 0.04970015 0.02174722 0.01278436 0.05240405 0.05988432 0.04970014
 0.04350459 0.01278436 0.01278436]
[0.02247485 0.07563122 0.1374117  0.01534688 0.05988431 0.01958947
 0.08897635 0.02055383 0.05442575 0.08720197 0.04332581 0.05988431
 0.04970014 0.02174721 0.01278436 0.05240404 0.05988431 0.04970014
 0.0435046  0.01278436 0.01278436]]