67146
Test: public void testSimpleArrayRecovery() throws Exception { final String JSON = aposToQuotes("[{'a':3},{'a':27,'foo':[1,2],'b':{'x':3}} ,{'a':1,'b':2} ]"); MappingIterator<Bean> it = MAPPER.readerFor(Bean.class).readValues(JSON); Bean bean = it.nextValue(); try { it.nextValue(); } catch (JsonMappingException e) { verifyException(e, "Unrecognized field \"foo\""); } bean = it.nextValue(); it.close(); }
Code: public void close() throws IOException { if (_parser != null) { _parser.close(); } }
tensor([[0.0646, 0.0521, 0.0726, 0.1544, 0.0330, 0.0845, 0.1741, 0.0890, 0.0351,
         0.0349, 0.0845, 0.0670, 0.0272, 0.0272],
        [0.0537, 0.0440, 0.0648, 0.1957, 0.0271, 0.0803, 0.1766, 0.1079, 0.0307,
         0.0271, 0.0803, 0.0619, 0.0250, 0.0250],
        [0.0592, 0.0411, 0.0737, 0.2072, 0.0316, 0.0936, 0.1717, 0.0897, 0.0272,
         0.0229, 0.0936, 0.0522, 0.0182, 0.0182],
        [0.0429, 0.0392, 0.0573, 0.2248, 0.0243, 0.0880, 0.1914, 0.0988, 0.0306,
         0.0268, 0.0880, 0.0516, 0.0182, 0.0182],
        [0.0511, 0.0400, 0.0774, 0.1993, 0.0267, 0.0818, 0.2061, 0.1020, 0.0295,
         0.0224, 0.0818, 0.0456, 0.0181, 0.0181],
        [0.0660, 0.0564, 0.0760, 0.1196, 0.0421, 0.0929, 0.1154, 0.1272, 0.0444,
         0.0453, 0.0929, 0.0519, 0.0349, 0.0349],
        [0.0430, 0.0305, 0.0566, 0.2567, 0.0234, 0.0752, 0.2367, 0.1011, 0.0150,
         0.0167, 0.0752, 0.0458, 0.0121, 0.0121],
        [0.0712, 0.0455, 0.0597, 0.1673, 0.0361, 0.0991, 0.1610, 0.0936, 0.0341,
         0.0291, 0.0991, 0.0563, 0.0239, 0.0239],
        [0.0521, 0.0337, 0.0587, 0.1945, 0.0268, 0.0991, 0.1897, 0.1027, 0.0203,
         0.0270, 0.0991, 0.0586, 0.0189, 0.0189],
        [0.0469, 0.0352, 0.0604, 0.1683, 0.0300, 0.0940, 0.2161, 0.1124, 0.0251,
         0.0304, 0.0940, 0.0568, 0.0152, 0.0152],
        [0.0660, 0.0564, 0.0760, 0.1196, 0.0421, 0.0929, 0.1154, 0.1272, 0.0444,
         0.0453, 0.0929, 0.0519, 0.0349, 0.0349],
        [0.0480, 0.0419, 0.0577, 0.2073, 0.0288, 0.0790, 0.1879, 0.1071, 0.0300,
         0.0268, 0.0790, 0.0626, 0.0220, 0.0220],
        [0.0463, 0.0412, 0.0672, 0.1964, 0.0336, 0.1009, 0.1748, 0.0778, 0.0318,
         0.0296, 0.1009, 0.0542, 0.0226, 0.0226],
        [0.0463, 0.0412, 0.0672, 0.1964, 0.0336, 0.1009, 0.1748, 0.0778, 0.0318,
         0.0296, 0.1009, 0.0542, 0.0226, 0.0226]])