68883
Test: public void testGoogleSearchIpod() throws IOException { File in = getFile("/htmltests/google-ipod.html"); Document doc = Jsoup.parse(in, "UTF-8", "http: Elements results = doc.select("h3.r > a"); }
Code: public String title() { Element titleEl = getElementsByTag("title").first(); return titleEl != null ? titleEl.text().trim() : ""; }
tensor([[0.0499, 0.0635, 0.0352, 0.0701, 0.0235, 0.1235, 0.0316, 0.0639, 0.0553,
         0.1235, 0.0277, 0.0559, 0.0854, 0.0289, 0.0475, 0.0926, 0.0220],
        [0.0513, 0.0605, 0.0395, 0.0688, 0.0231, 0.1271, 0.0351, 0.0605, 0.0510,
         0.1271, 0.0284, 0.0434, 0.0691, 0.0229, 0.0373, 0.1369, 0.0179],
        [0.0461, 0.0665, 0.0399, 0.0732, 0.0190, 0.1422, 0.0254, 0.0507, 0.0540,
         0.1422, 0.0281, 0.0419, 0.1002, 0.0189, 0.0361, 0.0949, 0.0206],
        [0.0523, 0.0782, 0.0355, 0.0808, 0.0277, 0.1065, 0.0434, 0.0514, 0.0606,
         0.1065, 0.0365, 0.0432, 0.0698, 0.0244, 0.0425, 0.1119, 0.0290],
        [0.0449, 0.0721, 0.0325, 0.0716, 0.0211, 0.1400, 0.0272, 0.0497, 0.0523,
         0.1400, 0.0206, 0.0433, 0.0986, 0.0210, 0.0328, 0.1158, 0.0164],
        [0.0486, 0.0716, 0.0358, 0.0895, 0.0178, 0.1165, 0.0359, 0.0533, 0.0544,
         0.1165, 0.0257, 0.0500, 0.0795, 0.0242, 0.0474, 0.1067, 0.0265],
        [0.0573, 0.0679, 0.0391, 0.0643, 0.0355, 0.0972, 0.0474, 0.0657, 0.0628,
         0.0972, 0.0479, 0.0471, 0.0790, 0.0268, 0.0486, 0.0881, 0.0280],
        [0.0417, 0.0686, 0.0328, 0.0749, 0.0258, 0.1231, 0.0365, 0.0620, 0.0486,
         0.1231, 0.0229, 0.0516, 0.0923, 0.0196, 0.0359, 0.1203, 0.0200],
        [0.0347, 0.0785, 0.0314, 0.0668, 0.0162, 0.1490, 0.0339, 0.0571, 0.0506,
         0.1490, 0.0213, 0.0443, 0.0989, 0.0220, 0.0320, 0.0958, 0.0184],
        [0.0486, 0.0716, 0.0358, 0.0895, 0.0178, 0.1165, 0.0359, 0.0533, 0.0544,
         0.1165, 0.0257, 0.0500, 0.0795, 0.0242, 0.0474, 0.1067, 0.0265],
        [0.0345, 0.0874, 0.0300, 0.0769, 0.0150, 0.1368, 0.0283, 0.0561, 0.0472,
         0.1368, 0.0144, 0.0365, 0.1010, 0.0117, 0.0212, 0.1522, 0.0138],
        [0.0412, 0.0600, 0.0414, 0.0905, 0.0206, 0.1276, 0.0357, 0.0593, 0.0660,
         0.1276, 0.0225, 0.0383, 0.0929, 0.0190, 0.0322, 0.1112, 0.0141],
        [0.0380, 0.0814, 0.0359, 0.0835, 0.0132, 0.1464, 0.0236, 0.0454, 0.0514,
         0.1464, 0.0219, 0.0376, 0.0879, 0.0174, 0.0367, 0.1174, 0.0160],
        [0.0417, 0.0652, 0.0393, 0.0666, 0.0231, 0.1216, 0.0343, 0.0782, 0.0597,
         0.1216, 0.0259, 0.0554, 0.0850, 0.0230, 0.0314, 0.1100, 0.0180],
        [0.0473, 0.0575, 0.0402, 0.0722, 0.0246, 0.1181, 0.0363, 0.0581, 0.0596,
         0.1181, 0.0299, 0.0482, 0.1075, 0.0243, 0.0324, 0.1006, 0.0251],
        [0.0481, 0.0782, 0.0299, 0.0803, 0.0247, 0.1290, 0.0292, 0.0588, 0.0598,
         0.1290, 0.0232, 0.0446, 0.0849, 0.0162, 0.0403, 0.1052, 0.0188],
        [0.0355, 0.0651, 0.0391, 0.0877, 0.0194, 0.1201, 0.0317, 0.0586, 0.0765,
         0.1201, 0.0255, 0.0406, 0.0908, 0.0160, 0.0323, 0.1219, 0.0190]])