69550
Test: public void testScriptTagInWhiteList() { Whitelist whitelist = Whitelist.relaxed(); whitelist.addTags( "script" ); }
Code: public boolean isValid(Document dirtyDocument){;Document clean = Document.createShell(dirtyDocument.baseUri());int numDiscarded = copySafeNodes(dirtyDocument.body(), clean.body());return numDiscarded == 1;}
[[0.0362841  0.08363324 0.11780563 0.02783339 0.09714674 0.02326968
 0.06446418 0.14373067 0.02326968 0.02324689 0.07018758 0.14373061
 0.05526979 0.09012781]
[0.02569991 0.11572388 0.13393736 0.01929731 0.07459341 0.02030677
 0.07034093 0.14549567 0.02030677 0.01624922 0.09001978 0.14549567
 0.03852107 0.08401226]
[0.02216714 0.10382598 0.15762633 0.0196843  0.08061289 0.02592513
 0.05854555 0.13320707 0.02592513 0.01975538 0.08921809 0.13320707
 0.04180005 0.08849998]
[0.03167222 0.11803761 0.13486055 0.02572441 0.08317588 0.02764602
 0.08892754 0.12134106 0.02764602 0.02047697 0.07000312 0.12134104
 0.0459324  0.08321517]
[0.0411941  0.10501134 0.12316503 0.02713641 0.10367255 0.02547905
 0.06308647 0.12623964 0.02547905 0.03166927 0.06291737 0.12623963
 0.05933128 0.07937885]
[0.04777728 0.09360907 0.11449938 0.04399028 0.0987724  0.04066597
 0.06945517 0.10083902 0.04066597 0.03219938 0.09406052 0.10083899
 0.05297696 0.06964955]
[0.03583357 0.09984794 0.11381481 0.02740158 0.08491351 0.0248362
 0.06668948 0.14074221 0.0248362  0.021201   0.09120612 0.14074218
 0.0421312  0.08580398]
[0.03980992 0.1039518  0.1115779  0.03064621 0.08892529 0.02856026
 0.07404355 0.1311911  0.02856026 0.02380852 0.07563843 0.1311911
 0.05815074 0.07394491]
[0.04777728 0.09360907 0.11449938 0.04399028 0.0987724  0.04066597
 0.06945517 0.10083902 0.04066597 0.03219938 0.09406052 0.10083899
 0.05297696 0.06964955]
[0.02721559 0.11400601 0.13323507 0.02469987 0.07985307 0.01927387
 0.06799896 0.1339218  0.01927387 0.01933025 0.07889061 0.13392183
 0.04111201 0.10726714]
[0.04008111 0.10786679 0.12682971 0.02945117 0.08679113 0.02921734
 0.06867811 0.11069431 0.02921734 0.02561812 0.07347228 0.11069433
 0.04772902 0.11365929]
[0.03980992 0.1039518  0.1115779  0.03064621 0.08892529 0.02856026
 0.07404355 0.1311911  0.02856026 0.02380852 0.07563843 0.1311911
 0.05815074 0.07394491]
[0.01653688 0.12243325 0.11352997 0.01609875 0.06695489 0.01754571
 0.06398426 0.17670518 0.01754571 0.01270772 0.06749004 0.17670518
 0.03979551 0.09196695]
[0.03157265 0.10829818 0.12071817 0.02629413 0.06354397 0.02373634
 0.06696263 0.14047551 0.02373634 0.02081053 0.07152966 0.14047551
 0.05716975 0.10467659]]