18418
Test: public void testIssue724() { CompilerOptions options = createCompilerOptions(); CompilationLevel.ADVANCED_OPTIMIZATIONS .setOptionsForCompilationLevel(options); String code = "isFunction = function(functionToCheck) {" + " var getType = {};" + " return functionToCheck && " + " getType.toString.apply(functionToCheck) === " + " '[object Function]';" + "};"; String result = "isFunction=function(a){var b={};" + "return a&&\"[object Function]\"===b.b.a(a)}"; test(options, code, result); }
Code: public boolean apply(Node n){if (n.isName()) {return n.getString().equals("eval")|| (!fnName.isEmpty()&& n.getString().equals(fnName))|| (!fnRecursionName.isEmpty()&& n.getString().equals(fnRecursionName));}return false;}
tensor([[0.0462, 0.1136, 0.2459, 0.0215, 0.0431, 0.1372, 0.1103, 0.0661, 0.0394,
         0.0686, 0.0708, 0.0374],
        [0.0326, 0.1708, 0.2559, 0.0136, 0.0301, 0.1471, 0.1091, 0.0513, 0.0399,
         0.0519, 0.0629, 0.0347],
        [0.0382, 0.1561, 0.2378, 0.0195, 0.0397, 0.1462, 0.1024, 0.0580, 0.0386,
         0.0695, 0.0626, 0.0315],
        [0.0460, 0.1227, 0.2367, 0.0219, 0.0441, 0.1324, 0.1032, 0.0653, 0.0521,
         0.0649, 0.0724, 0.0384],
        [0.0419, 0.1426, 0.2620, 0.0216, 0.0425, 0.1089, 0.1019, 0.0557, 0.0476,
         0.0654, 0.0692, 0.0406],
        [0.0356, 0.1177, 0.2767, 0.0185, 0.0324, 0.1359, 0.0966, 0.0655, 0.0402,
         0.0737, 0.0707, 0.0365],
        [0.0545, 0.1185, 0.3068, 0.0147, 0.0498, 0.1032, 0.1141, 0.0596, 0.0322,
         0.0565, 0.0601, 0.0299],
        [0.0364, 0.1416, 0.2528, 0.0198, 0.0434, 0.1340, 0.0881, 0.0629, 0.0376,
         0.0621, 0.0756, 0.0456],
        [0.0446, 0.1417, 0.2373, 0.0216, 0.0509, 0.1291, 0.1001, 0.0487, 0.0470,
         0.0661, 0.0695, 0.0432],
        [0.0461, 0.1099, 0.2736, 0.0258, 0.0439, 0.1089, 0.1061, 0.0669, 0.0365,
         0.0612, 0.0702, 0.0509],
        [0.0435, 0.1323, 0.2425, 0.0255, 0.0444, 0.1210, 0.1105, 0.0596, 0.0396,
         0.0687, 0.0709, 0.0414],
        [0.0517, 0.1679, 0.1964, 0.0247, 0.0486, 0.1114, 0.1005, 0.0609, 0.0425,
         0.0715, 0.0779, 0.0460]])