60953
Test: public void testMultiLineComment() throws IOException { final StringWriter sw = new StringWriter(); final CSVPrinter printer = new CSVPrinter(sw, CSVFormat.DEFAULT.withCommentStart('#')); printer.printComment("This is a comment\non multiple lines"); printer.close(); }
Code: public CSVPrinter(final Appendable out, final CSVFormat format) throws IOException { Assertions.notNull(out, "out"); Assertions.notNull(format, "format"); this.out = out; this.format = format; this.format.validate(); }
[[0.03894379 0.05654117 0.04801343 0.0391086  0.03121366 0.01562534
 0.06273134 0.09251723 0.0200448  0.05158548 0.03669186 0.04691174
 0.03982379 0.04376414 0.06163533 0.02448248 0.03190278 0.05537095
 0.02448248 0.04868613 0.11340544 0.01651805]
[0.03736208 0.05100655 0.05561492 0.04800776 0.03067857 0.01711503
 0.059208   0.10531807 0.0255364  0.05881857 0.04107454 0.04704345
 0.03735086 0.04115622 0.04993027 0.02874498 0.03810658 0.05332945
 0.02874498 0.04071729 0.08673641 0.018399  ]
[0.03315154 0.0548363  0.04651524 0.04314103 0.03004172 0.01379249
 0.05906256 0.10581289 0.02276961 0.06132779 0.04456899 0.03444164
 0.03666996 0.04034512 0.06095529 0.02802911 0.03399212 0.05028783
 0.02802911 0.03780575 0.11951044 0.01491345]
[0.03779131 0.05889176 0.05791312 0.03916777 0.02905434 0.01639919
 0.05867605 0.08418176 0.02474506 0.05753379 0.04142562 0.04203567
 0.02987773 0.04469389 0.04972433 0.02535644 0.04197435 0.0569702
 0.02535644 0.0380159  0.12572977 0.01448557]
[0.03802408 0.05999437 0.04821944 0.04075274 0.02442005 0.01202429
 0.05451111 0.10855348 0.02157025 0.05542016 0.03904326 0.03220975
 0.02961989 0.03958764 0.04925495 0.0296177  0.03247122 0.04419359
 0.0296177  0.03000397 0.16949597 0.0113944 ]
[0.03171814 0.05142336 0.04936764 0.04287505 0.02697473 0.01194183
 0.06610899 0.11952211 0.01924028 0.07299266 0.0454034  0.04332121
 0.02996628 0.03482416 0.04098031 0.02335906 0.02887962 0.05432528
 0.02335906 0.03034813 0.14083016 0.0122386 ]
[0.02745021 0.0551274  0.03756385 0.03574083 0.02398877 0.01078434
 0.07238051 0.12324118 0.01555585 0.05641057 0.0477384  0.03680259
 0.02870838 0.03476107 0.05023547 0.01984558 0.0312178  0.05833751
 0.01984558 0.02488514 0.18017602 0.00920292]
[0.02874955 0.05224583 0.05275604 0.05063976 0.0227815  0.01236125
 0.06405633 0.1495707  0.016506   0.06011623 0.04434033 0.03919036
 0.0261779  0.03368796 0.04854356 0.02482766 0.02584307 0.04735167
 0.02482766 0.03278773 0.13029853 0.01234037]
[0.0328146  0.04904057 0.04152233 0.04525179 0.02688533 0.01288415
 0.06362901 0.12851085 0.01660623 0.05030521 0.04172695 0.03842072
 0.03900722 0.04146683 0.05229051 0.02507916 0.03156943 0.05227132
 0.02507916 0.03100415 0.14329736 0.01133713]
[0.0405782  0.05681281 0.05728449 0.04108893 0.03957938 0.02110204
 0.06213604 0.0731898  0.02615244 0.05861621 0.04729008 0.03911968
 0.03607018 0.03900073 0.04901534 0.0334817  0.03232034 0.05232253
 0.03348169 0.04259948 0.09703311 0.02172479]
[0.03667469 0.06051882 0.0487492  0.04444741 0.04210029 0.0190261
 0.05313682 0.09198493 0.0243137  0.0702014  0.03793776 0.03944597
 0.039283   0.03678068 0.05722972 0.02690591 0.03025632 0.05321019
 0.02690591 0.03790599 0.10851678 0.01446846]
[0.03267455 0.05939241 0.04078159 0.04162466 0.0245869  0.01035383
 0.06166492 0.14068641 0.0212979  0.04915839 0.04505831 0.03602728
 0.03133132 0.02895197 0.05127406 0.02301284 0.03174613 0.04485949
 0.02301285 0.03054458 0.16283196 0.00912773]
[0.03431168 0.05998224 0.04539166 0.04237258 0.03522752 0.01401712
 0.06060856 0.10529944 0.02090252 0.05281136 0.04219782 0.03969447
 0.03270549 0.04456361 0.05444837 0.02889574 0.0309369  0.05341654
 0.02889573 0.03799446 0.11776698 0.01755923]
[0.03293475 0.05354115 0.0527362  0.03972356 0.02792216 0.01718242
 0.05555515 0.127048   0.02194782 0.05702718 0.03358357 0.04276206
 0.03424165 0.04545811 0.05540687 0.03526267 0.03055299 0.05342001
 0.03526267 0.03164308 0.09943046 0.01735748]
[0.04057103 0.05136882 0.04880111 0.03928542 0.03149672 0.01359534
 0.06423632 0.1139846  0.01984128 0.06114931 0.04937545 0.04223276
 0.03572986 0.03545643 0.04734166 0.02470015 0.03639727 0.04122433
 0.02470015 0.02594666 0.13829575 0.0142696 ]
[0.04517737 0.05613869 0.06314994 0.04892059 0.03791603 0.02354327
 0.04645325 0.06786906 0.02749212 0.04703107 0.04406533 0.03891404
 0.04408801 0.03705051 0.05553959 0.03630744 0.03512251 0.05643296
 0.03630745 0.0380846  0.09321728 0.02117893]
[0.03904602 0.05303639 0.04895631 0.04597736 0.03391228 0.01535294
 0.07075541 0.10555249 0.02371675 0.04690797 0.04060643 0.0394931
 0.03260804 0.04324561 0.05742655 0.02377991 0.02970167 0.0446073
 0.02377991 0.04908888 0.11576727 0.01668142]
[0.03544675 0.05654575 0.0533882  0.03623624 0.0304493  0.01083933
 0.05564821 0.13657732 0.01534847 0.04675166 0.03769567 0.03832576
 0.03399621 0.04439592 0.05541074 0.03518958 0.03403825 0.0516617
 0.03518958 0.0336595  0.10880817 0.01439768]
[0.04517737 0.05613869 0.06314994 0.04892059 0.03791603 0.02354327
 0.04645325 0.06786906 0.02749212 0.04703107 0.04406533 0.03891404
 0.04408801 0.03705051 0.05553959 0.03630744 0.03512251 0.05643296
 0.03630745 0.0380846  0.09321728 0.02117893]
[0.02862141 0.05661458 0.03962506 0.03989251 0.02540637 0.01116858
 0.05842512 0.13009034 0.0195406  0.06565326 0.03808315 0.03646103
 0.02641998 0.04398954 0.05394883 0.02777299 0.03276587 0.05481367
 0.02777299 0.03059706 0.14228626 0.01005082]
[0.04449013 0.05285843 0.05847294 0.04122923 0.0260309  0.01725638
 0.0704032  0.09998463 0.02568009 0.06022082 0.04056523 0.04699109
 0.03654329 0.02656992 0.05352972 0.0243967  0.02718691 0.05031668
 0.0243967  0.0398971  0.11219425 0.02078574]
[0.03062859 0.04808935 0.04635493 0.0500908  0.0268318  0.01598606
 0.05069434 0.12982398 0.02241902 0.0677134  0.03802778 0.05211291
 0.03403627 0.04871079 0.05387053 0.02650121 0.02945784 0.04863445
 0.02650121 0.02434072 0.11407224 0.01510177]]