15621
Test: public void testStripLeadingHyphens() { }
Code: static String stripLeadingHyphens(String str){if (str.startsWith("--")){return str.substring(0, str.length());}else if (str.startsWith("-")){return str.substring(0, str.length());}return str;}
tensor([[0.1623, 0.1042, 0.0554, 0.0612, 0.0871, 0.0363, 0.0344, 0.1804, 0.0674,
         0.0363, 0.0605, 0.1147],
        [0.1755, 0.0800, 0.0581, 0.0654, 0.0826, 0.0351, 0.0275, 0.1943, 0.0702,
         0.0351, 0.0702, 0.1060],
        [0.1776, 0.1074, 0.0599, 0.0704, 0.0938, 0.0355, 0.0310, 0.1635, 0.0586,
         0.0355, 0.0734, 0.0936],
        [0.1928, 0.0969, 0.0649, 0.0644, 0.0862, 0.0401, 0.0326, 0.1430, 0.0847,
         0.0401, 0.0741, 0.0800],
        [0.1601, 0.0965, 0.0633, 0.0827, 0.0890, 0.0425, 0.0320, 0.1751, 0.0646,
         0.0425, 0.0661, 0.0854],
        [0.1600, 0.1131, 0.0650, 0.0600, 0.0881, 0.0338, 0.0227, 0.1831, 0.0846,
         0.0338, 0.0728, 0.0829],
        [0.1608, 0.0977, 0.0596, 0.0675, 0.0789, 0.0373, 0.0278, 0.1776, 0.0747,
         0.0373, 0.0832, 0.0978],
        [0.2044, 0.1149, 0.0453, 0.0447, 0.0825, 0.0219, 0.0164, 0.2379, 0.0645,
         0.0219, 0.0825, 0.0629],
        [0.1594, 0.1021, 0.0624, 0.0773, 0.0786, 0.0393, 0.0285, 0.1663, 0.0705,
         0.0393, 0.0800, 0.0962],
        [0.1600, 0.1131, 0.0650, 0.0600, 0.0881, 0.0338, 0.0227, 0.1831, 0.0846,
         0.0338, 0.0728, 0.0829],
        [0.1721, 0.0936, 0.0578, 0.0573, 0.0840, 0.0369, 0.0238, 0.2113, 0.0685,
         0.0369, 0.0773, 0.0804],
        [0.1713, 0.1086, 0.0500, 0.0736, 0.0961, 0.0337, 0.0230, 0.1717, 0.0762,
         0.0337, 0.0646, 0.0974]])