17215
Test: public void testSupAndInfOfReturnTypes() { FunctionType retString = new FunctionBuilder(registry) .withParamsNode(registry.createParameters()) .withInferredReturnType(STRING_TYPE).build(); FunctionType retNumber = new FunctionBuilder(registry) .withParamsNode(registry.createParameters()) .withReturnType(NUMBER_TYPE).build(); }
Code: public FunctionBuilder withReturnType(JSType returnType, boolean inferred) { this.returnType = returnType; this.inferredReturnType = inferred; return this; }
[[0.05195607 0.03333831 0.06322663 0.08365028 0.11994527 0.04253089
 0.07893388 0.07302529 0.03330829 0.12026118 0.05863789 0.03330829
 0.07723298 0.0583723  0.04802274 0.02424971]
[0.04025853 0.04028535 0.05927864 0.10580422 0.15586649 0.05131298
 0.07842224 0.06506723 0.03477369 0.09588505 0.04571696 0.03477369
 0.08524634 0.05891324 0.03169611 0.01669932]
[0.04170807 0.02754521 0.0679317  0.09948421 0.15794255 0.03831337
 0.07692859 0.0727063  0.02896289 0.12176654 0.04729925 0.02896289
 0.08150152 0.05381507 0.0359952  0.01913672]
[0.03551495 0.03358242 0.04585543 0.09168507 0.1653004  0.03507019
 0.08596335 0.06274131 0.04280868 0.11081722 0.04575407 0.04280868
 0.07987752 0.06373374 0.04117252 0.01731448]
[0.03751186 0.03296713 0.05793994 0.09610422 0.18373072 0.03979555
 0.10090705 0.0592844  0.02946681 0.10154735 0.03895615 0.02946681
 0.08274442 0.0640735  0.02693028 0.01857378]
[0.043736   0.02755875 0.04914154 0.11810823 0.14062673 0.03791825
 0.11059504 0.05330262 0.02685685 0.12983795 0.05021051 0.02685685
 0.07563725 0.05868485 0.03514042 0.01578817]
[0.05252621 0.02631936 0.07398814 0.09645263 0.11053272 0.058876
 0.08878624 0.05152149 0.04392462 0.08807331 0.05426025 0.04392462
 0.07547766 0.05988405 0.0448387  0.03061402]
[0.03862917 0.02414351 0.05973062 0.09124466 0.17020005 0.04249779
 0.09127109 0.06369536 0.0330238  0.11193901 0.04726975 0.0330238
 0.07923397 0.05808664 0.03378467 0.02222606]
[0.05396058 0.03227814 0.08417503 0.07580391 0.10579588 0.06391062
 0.06502586 0.06910439 0.0459144  0.08897655 0.05936261 0.0459144
 0.06548341 0.06000281 0.05686091 0.02743054]
[0.04464312 0.03570779 0.06641451 0.09172612 0.12472197 0.04938752
 0.08201914 0.08006044 0.04012322 0.09534302 0.04832131 0.04012322
 0.07682443 0.07361948 0.03416732 0.01679737]
[0.04558036 0.0238057  0.04649942 0.10313407 0.1816659  0.03330478
 0.10051203 0.06029826 0.02478199 0.09454627 0.05543457 0.02478199
 0.07574188 0.07509591 0.03466205 0.02015486]
[0.05396058 0.03227814 0.08417503 0.07580391 0.10579588 0.06391062
 0.06502586 0.06910439 0.0459144  0.08897655 0.05936261 0.0459144
 0.06548341 0.06000281 0.05686091 0.02743054]
[0.04461484 0.02863978 0.06650423 0.0965948  0.14339484 0.04155324
 0.09042477 0.06723432 0.03397869 0.10143399 0.05267284 0.03397869
 0.0763087  0.05854828 0.04006292 0.02405512]
[0.03633991 0.02208367 0.07623811 0.10925201 0.1749573  0.03676628
 0.07554915 0.0655578  0.03580248 0.10652502 0.04205903 0.03580248
 0.0766789  0.05198704 0.03392518 0.02047563]
[0.05447968 0.02859182 0.07268828 0.09237527 0.1276185  0.04965974
 0.09090549 0.06843033 0.03189477 0.09976187 0.05800321 0.03189477
 0.06936558 0.06543747 0.03493566 0.02395758]
[0.03715513 0.02896388 0.0621263  0.08850154 0.12688705 0.04470273
 0.09962892 0.07412499 0.03404764 0.10220286 0.04867433 0.03404764
 0.07929929 0.08234545 0.03605232 0.02123997]]