67128
Test: public void testConfigs() throws IOException { byte[] base = jdkSerialize(MAPPER.getDeserializationConfig().getBaseSettings()); DeserializationConfig origDC = MAPPER.getDeserializationConfig(); SerializationConfig origSC = MAPPER.getSerializationConfig(); byte[] dcBytes = jdkSerialize(origDC); byte[] scBytes = jdkSerialize(origSC); DeserializationConfig dc = jdkDeserialize(dcBytes); SerializationConfig sc = jdkDeserialize(scBytes); }
Code: public void serialize(Object value, JsonGenerator g, SerializerProvider provider) throws IOException { g.writeFieldName((String) value); }
tensor([[0.0445, 0.0376, 0.1060, 0.0411, 0.0566, 0.0469, 0.1340, 0.0780, 0.0954,
         0.0265, 0.0728, 0.1309, 0.1078, 0.0219],
        [0.0319, 0.0316, 0.0882, 0.0245, 0.0382, 0.0404, 0.1881, 0.0834, 0.1070,
         0.0219, 0.0730, 0.1637, 0.0866, 0.0215],
        [0.0502, 0.0385, 0.0975, 0.0462, 0.0672, 0.0542, 0.1529, 0.0708, 0.0974,
         0.0330, 0.0584, 0.1341, 0.0745, 0.0252],
        [0.0258, 0.0223, 0.1149, 0.0278, 0.0405, 0.0447, 0.1732, 0.0722, 0.1080,
         0.0229, 0.0988, 0.1513, 0.0819, 0.0158],
        [0.0399, 0.0332, 0.1246, 0.0325, 0.0466, 0.0370, 0.1668, 0.0821, 0.1051,
         0.0313, 0.0670, 0.1311, 0.0841, 0.0187],
        [0.0262, 0.0309, 0.0937, 0.0359, 0.0413, 0.0377, 0.1652, 0.0704, 0.1117,
         0.0192, 0.0831, 0.1698, 0.0965, 0.0184],
        [0.0316, 0.0253, 0.1159, 0.0384, 0.0509, 0.0501, 0.1616, 0.0643, 0.0998,
         0.0248, 0.0727, 0.1577, 0.0854, 0.0215],
        [0.0334, 0.0257, 0.1247, 0.0327, 0.0447, 0.0313, 0.1723, 0.0595, 0.1187,
         0.0220, 0.0659, 0.1685, 0.0849, 0.0157],
        [0.0283, 0.0299, 0.0961, 0.0316, 0.0423, 0.0335, 0.1773, 0.0643, 0.1202,
         0.0214, 0.0855, 0.1832, 0.0709, 0.0156],
        [0.0337, 0.0276, 0.1057, 0.0334, 0.0498, 0.0345, 0.1753, 0.0767, 0.1254,
         0.0232, 0.0779, 0.1394, 0.0822, 0.0152],
        [0.0466, 0.0412, 0.1183, 0.0510, 0.0679, 0.0624, 0.1485, 0.0791, 0.0809,
         0.0323, 0.0812, 0.0967, 0.0663, 0.0276],
        [0.0420, 0.0305, 0.0973, 0.0344, 0.0439, 0.0422, 0.1993, 0.0844, 0.1006,
         0.0321, 0.0808, 0.1167, 0.0761, 0.0196],
        [0.0394, 0.0433, 0.0986, 0.0403, 0.0539, 0.0536, 0.1498, 0.0701, 0.0935,
         0.0239, 0.0828, 0.1409, 0.0927, 0.0173],
        [0.0289, 0.0283, 0.1082, 0.0302, 0.0385, 0.0421, 0.1881, 0.0712, 0.1208,
         0.0260, 0.0887, 0.1437, 0.0668, 0.0184]])