99101
Test: public void shouldAllowStubbingMocksConfiguredWithRETURNS_MOCKS() { IMethods mock = mock(IMethods.class, RETURNS_MOCKS); when(mock.objectReturningMethodNoArgs()).thenReturn(null); }
Code: public static <T> T mock(Class<T> classToMock, MockSettings mockSettings) { return MOCKITO_CORE.mock(classToMock, mockSettings, true); }
[[0.04146955 0.12515588 0.11124817 0.0270756  0.09138024 0.01519666
 0.1993362  0.08001935 0.05597818 0.04572324 0.03951959 0.03845574
 0.11162318 0.01781844]
[0.04165979 0.10877582 0.12561253 0.02287814 0.08490643 0.01324785
 0.23396794 0.07172655 0.0712419  0.03927387 0.03476108 0.03426298
 0.09818989 0.01949528]
[0.03970003 0.09761947 0.12488075 0.01735715 0.06882795 0.01200545
 0.24588774 0.07729843 0.07573237 0.04377702 0.0313139  0.04127461
 0.10732932 0.0169958 ]
[0.03748758 0.10310492 0.11510351 0.02162945 0.08814549 0.01283962
 0.2153943  0.07590396 0.05977135 0.04367428 0.03494393 0.04646728
 0.12886935 0.016665  ]
[0.03604756 0.14079641 0.1186491  0.03036309 0.06874596 0.01199523
 0.2241307  0.06517111 0.058782   0.05139415 0.03916538 0.04889026
 0.08824673 0.01762237]
[0.03249295 0.14564636 0.10485555 0.0200162  0.10329998 0.012238
 0.19158038 0.07347662 0.05482218 0.05652943 0.028766   0.03772382
 0.12691519 0.0116374 ]
[0.03940444 0.11073209 0.10758357 0.03142956 0.0764152  0.01544004
 0.20558093 0.07702965 0.07871187 0.05079525 0.03969529 0.04216059
 0.10381813 0.02120334]
[0.03945753 0.10823321 0.11016843 0.0234753  0.08557342 0.013338
 0.23287174 0.07780802 0.05626375 0.05407041 0.03288661 0.03667797
 0.11206874 0.01710694]
[0.04775554 0.10986018 0.10073867 0.02575378 0.07161161 0.01653508
 0.17372191 0.08696595 0.07338329 0.05540417 0.04022846 0.06388357
 0.1077411  0.02641669]
[0.02552212 0.11722858 0.1177756  0.01433766 0.08903344 0.00954696
 0.27196965 0.06746604 0.04924919 0.03716522 0.02413106 0.0333437
 0.12970121 0.01352954]
[0.02408157 0.10412817 0.12368023 0.01841042 0.07589067 0.00751055
 0.26559696 0.07066825 0.06121625 0.03944917 0.02314438 0.03987412
 0.1307307  0.01561855]
[0.03155749 0.10882999 0.11134241 0.02132754 0.09159964 0.00923175
 0.24985737 0.08637011 0.04932256 0.04647064 0.03302106 0.0404037
 0.11007422 0.01059152]
[0.04359308 0.11361857 0.10473449 0.02060467 0.08702826 0.01732788
 0.2029247  0.08228695 0.06314892 0.04672842 0.03111291 0.0457373
 0.1227558  0.0183981 ]
[0.03044455 0.11355286 0.1380689  0.02076704 0.07952175 0.01153754
 0.17972893 0.07132214 0.06553526 0.06281918 0.03121845 0.052283
 0.12848516 0.01471524]]