68885
Test: public void testYahooJp() throws IOException { File in = getFile("/htmltests/yahoo-jp.html"); Document doc = Jsoup.parse(in, "UTF-8", "http: Element a = doc.select("a[href=t/2322m2]").first(); }
Code: public String title() { Element titleEl = getElementsByTag("title").first(); return titleEl != null ? titleEl.text().trim() : ""; }
[[0.04986823 0.06351594 0.03521045 0.07009738 0.02349812 0.12353092
 0.03160822 0.06385069 0.05532703 0.12353092 0.027683   0.0559282
 0.08536702 0.02886318 0.04752538 0.09255947 0.02203586]
[0.05131812 0.06054579 0.03949803 0.06875724 0.02305647 0.12710783
 0.03509418 0.06045537 0.05104681 0.12710783 0.02843785 0.04343279
 0.06913176 0.02293614 0.03727449 0.1369     0.0178993 ]
[0.04608449 0.06648219 0.03991479 0.07323442 0.01903649 0.14219607
 0.02541893 0.05069654 0.05401319 0.14219607 0.0281122  0.04192399
 0.10018663 0.01893483 0.03607358 0.09486389 0.02063169]
[0.05226556 0.0781846  0.0354749  0.0807703  0.02771106 0.10647646
 0.04336374 0.05141007 0.06057685 0.10647646 0.03646061 0.04317448
 0.06984673 0.02440153 0.0424851  0.11192188 0.02899964]
[0.04492453 0.07211763 0.03250444 0.07159683 0.02114311 0.14002928
 0.02720207 0.04966883 0.05229792 0.14002928 0.02064226 0.04328299
 0.09862869 0.0209607  0.03278799 0.11580607 0.01637734]
[0.04859746 0.07158953 0.03583937 0.08954371 0.0178343  0.11651025
 0.03589723 0.05332308 0.05437132 0.11651025 0.02566086 0.0499842
 0.07954361 0.02416385 0.04741238 0.10671171 0.0265069 ]
[0.05726241 0.06794475 0.03907047 0.06432658 0.03554999 0.09722769
 0.04737706 0.06568971 0.06278682 0.09722769 0.04789122 0.04712811
 0.07899211 0.02676345 0.04863828 0.08814257 0.02798106]
[0.04170483 0.06857743 0.03283763 0.07494967 0.02579855 0.12312048
 0.03653463 0.0619617  0.04856559 0.12312048 0.02294856 0.05164115
 0.09234513 0.01963104 0.03591674 0.12032199 0.02002442]
[0.03474201 0.07851583 0.03138387 0.06684297 0.01624548 0.14895424
 0.03389985 0.05709385 0.05062509 0.14895424 0.02129306 0.04428951
 0.09892608 0.02197694 0.03203958 0.09584442 0.01837299]
[0.04859746 0.07158953 0.03583937 0.08954371 0.0178343  0.11651025
 0.03589723 0.05332308 0.05437132 0.11651025 0.02566086 0.0499842
 0.07954361 0.02416385 0.04741238 0.10671171 0.0265069 ]
[0.03451037 0.08741371 0.03003533 0.07694525 0.0149674  0.1368367
 0.02827376 0.05608602 0.04723308 0.1368367  0.01439163 0.03650891
 0.10100506 0.01169077 0.02124392 0.15217689 0.01384448]
[0.04116135 0.05998415 0.041354   0.09052355 0.02063191 0.1276423
 0.03567601 0.05926366 0.06595032 0.1276423  0.02250628 0.03831685
 0.09288627 0.01896955 0.03220777 0.11121993 0.01406377]
[0.03798154 0.08138642 0.03591053 0.08347019 0.0131665  0.14637709
 0.02360686 0.04538289 0.05142541 0.14637709 0.02189431 0.03758006
 0.087883   0.01743291 0.03668624 0.11739501 0.01604397]
[0.04171371 0.06520942 0.03934489 0.06659327 0.02311075 0.12164527
 0.03428986 0.07818548 0.0596537  0.12164527 0.02588327 0.05536399
 0.08497317 0.02302672 0.0313698  0.10998312 0.01800827]
[0.04725961 0.05752965 0.04022587 0.07223427 0.02462316 0.11806271
 0.0363368  0.05810335 0.05955526 0.11806271 0.02990826 0.04821216
 0.10751116 0.02431066 0.03236196 0.10060331 0.02509914]
[0.04806186 0.07815615 0.02986746 0.08031884 0.02466152 0.12900339
 0.02921624 0.05875738 0.05976463 0.12900339 0.02324476 0.04458571
 0.08485011 0.01624918 0.04032231 0.10515703 0.01878002]
[0.03550398 0.06505729 0.03908186 0.08765993 0.01935813 0.12009957
 0.03171543 0.0585996  0.07650605 0.12009957 0.02553437 0.04059891
 0.09082902 0.01604792 0.03232645 0.12194526 0.01903667]]