100322
Test: public void testAddWeekyears_int1() { MutableDateTime test = new MutableDateTime(2002, 6, 9, 5, 6, 7, 8); test.addWeekyears(-1); }
Code: public void addWeekyears(final int weekyears) { if (weekyears != 0) { setMillis(getChronology().weekyears().add(getMillis(), weekyears)); } }
tensor([[0.0612, 0.0495, 0.0831, 0.0388, 0.0174, 0.0812, 0.1650, 0.1483, 0.0334,
         0.0342, 0.0812, 0.1280, 0.0267, 0.0260, 0.0260],
        [0.0505, 0.0426, 0.1195, 0.0273, 0.0133, 0.0811, 0.1669, 0.1369, 0.0301,
         0.0311, 0.0811, 0.1533, 0.0164, 0.0250, 0.0250],
        [0.0569, 0.0359, 0.0954, 0.0325, 0.0136, 0.0932, 0.1628, 0.1536, 0.0339,
         0.0326, 0.0932, 0.1310, 0.0203, 0.0225, 0.0225],
        [0.0390, 0.0338, 0.0828, 0.0287, 0.0118, 0.0848, 0.2248, 0.1660, 0.0241,
         0.0298, 0.0848, 0.1316, 0.0205, 0.0187, 0.0187],
        [0.0543, 0.0476, 0.1029, 0.0336, 0.0151, 0.0826, 0.1642, 0.1574, 0.0347,
         0.0359, 0.0826, 0.1276, 0.0207, 0.0204, 0.0204],
        [0.0629, 0.0542, 0.0941, 0.0310, 0.0229, 0.0927, 0.1095, 0.1158, 0.0431,
         0.0411, 0.0927, 0.1361, 0.0358, 0.0340, 0.0340],
        [0.0413, 0.0306, 0.1158, 0.0208, 0.0074, 0.0825, 0.2314, 0.1434, 0.0155,
         0.0328, 0.0825, 0.1589, 0.0114, 0.0128, 0.0128],
        [0.0527, 0.0390, 0.1115, 0.0356, 0.0140, 0.0820, 0.1972, 0.1362, 0.0286,
         0.0355, 0.0820, 0.1126, 0.0227, 0.0252, 0.0252],
        [0.0469, 0.0312, 0.1117, 0.0271, 0.0110, 0.0971, 0.1765, 0.1556, 0.0189,
         0.0364, 0.0971, 0.1356, 0.0189, 0.0179, 0.0179],
        [0.0520, 0.0492, 0.0894, 0.0325, 0.0166, 0.0825, 0.1750, 0.1409, 0.0403,
         0.0341, 0.0825, 0.1207, 0.0260, 0.0291, 0.0291],
        [0.0629, 0.0542, 0.0941, 0.0310, 0.0229, 0.0927, 0.1095, 0.1158, 0.0431,
         0.0411, 0.0927, 0.1361, 0.0358, 0.0340, 0.0340],
        [0.0463, 0.0314, 0.0998, 0.0299, 0.0127, 0.0859, 0.1904, 0.1626, 0.0197,
         0.0276, 0.0859, 0.1539, 0.0184, 0.0178, 0.0178],
        [0.0516, 0.0368, 0.1091, 0.0281, 0.0088, 0.0798, 0.1705, 0.1751, 0.0252,
         0.0331, 0.0798, 0.1551, 0.0151, 0.0159, 0.0159],
        [0.0464, 0.0411, 0.0835, 0.0360, 0.0184, 0.0993, 0.1747, 0.1537, 0.0317,
         0.0308, 0.0993, 0.1083, 0.0322, 0.0223, 0.0223],
        [0.0464, 0.0411, 0.0835, 0.0360, 0.0184, 0.0993, 0.1747, 0.1537, 0.0317,
         0.0308, 0.0993, 0.1083, 0.0322, 0.0223, 0.0223]])