68824
Test: @Test public void testSpanContents() { Document doc = Jsoup.parse("<span>Hello <div>there</div> <span>now</span></span>"); }
Code: public String html() { StringBuilder accum = new StringBuilder(); html(accum); return getOutputSettings().prettyPrint() ? accum.toString().trim() : accum.toString(); }
tensor([[0.0389, 0.0482, 0.0364, 0.0638, 0.0439, 0.0573, 0.0252, 0.0188, 0.0534,
         0.0255, 0.0443, 0.0369, 0.0581, 0.1981, 0.0409, 0.1912, 0.0192],
        [0.0366, 0.0402, 0.0342, 0.0663, 0.0560, 0.0715, 0.0243, 0.0157, 0.0616,
         0.0198, 0.0384, 0.0346, 0.0435, 0.2151, 0.0293, 0.1967, 0.0160],
        [0.0318, 0.0475, 0.0331, 0.0785, 0.0451, 0.0659, 0.0162, 0.0181, 0.0652,
         0.0175, 0.0446, 0.0429, 0.0658, 0.1948, 0.0261, 0.1934, 0.0135],
        [0.0432, 0.0587, 0.0441, 0.0760, 0.0567, 0.0607, 0.0362, 0.0231, 0.0794,
         0.0265, 0.0488, 0.0429, 0.0521, 0.1578, 0.0362, 0.1319, 0.0257],
        [0.0341, 0.0465, 0.0392, 0.0804, 0.0473, 0.0591, 0.0252, 0.0177, 0.0607,
         0.0157, 0.0452, 0.0432, 0.0576, 0.1914, 0.0262, 0.1903, 0.0201],
        [0.0399, 0.0445, 0.0359, 0.0617, 0.0413, 0.0570, 0.0246, 0.0226, 0.0729,
         0.0176, 0.0544, 0.0494, 0.0601, 0.1851, 0.0375, 0.1767, 0.0186],
        [0.0480, 0.0565, 0.0484, 0.0564, 0.0537, 0.0649, 0.0404, 0.0227, 0.0673,
         0.0287, 0.0531, 0.0573, 0.0649, 0.1370, 0.0416, 0.1351, 0.0240],
        [0.0332, 0.0505, 0.0294, 0.0711, 0.0414, 0.0469, 0.0256, 0.0203, 0.0653,
         0.0169, 0.0470, 0.0418, 0.0538, 0.2082, 0.0424, 0.1863, 0.0199],
        [0.0307, 0.0402, 0.0393, 0.0717, 0.0471, 0.0620, 0.0227, 0.0145, 0.0533,
         0.0131, 0.0485, 0.0434, 0.0541, 0.2245, 0.0211, 0.2003, 0.0137],
        [0.0294, 0.0519, 0.0449, 0.0693, 0.0381, 0.0684, 0.0306, 0.0161, 0.0580,
         0.0208, 0.0515, 0.0351, 0.0595, 0.1978, 0.0271, 0.1857, 0.0158],
        [0.0254, 0.0448, 0.0319, 0.0598, 0.0479, 0.0603, 0.0254, 0.0146, 0.0676,
         0.0167, 0.0351, 0.0320, 0.0552, 0.2605, 0.0258, 0.1812, 0.0159],
        [0.0355, 0.0408, 0.0310, 0.0816, 0.0515, 0.0543, 0.0237, 0.0122, 0.0580,
         0.0138, 0.0358, 0.0333, 0.0490, 0.2292, 0.0323, 0.2034, 0.0145],
        [0.0255, 0.0434, 0.0282, 0.0835, 0.0458, 0.0514, 0.0177, 0.0124, 0.0429,
         0.0141, 0.0375, 0.0381, 0.0457, 0.2320, 0.0327, 0.2339, 0.0151],
        [0.0340, 0.0473, 0.0352, 0.0687, 0.0495, 0.0539, 0.0244, 0.0166, 0.0466,
         0.0192, 0.0386, 0.0350, 0.0598, 0.2390, 0.0319, 0.1839, 0.0163],
        [0.0388, 0.0432, 0.0491, 0.0690, 0.0485, 0.0610, 0.0311, 0.0206, 0.0589,
         0.0202, 0.0486, 0.0382, 0.0739, 0.1822, 0.0289, 0.1652, 0.0227],
        [0.0326, 0.0562, 0.0323, 0.0760, 0.0497, 0.0603, 0.0225, 0.0208, 0.0878,
         0.0197, 0.0373, 0.0434, 0.0504, 0.1634, 0.0449, 0.1820, 0.0207],
        [0.0264, 0.0482, 0.0369, 0.0770, 0.0422, 0.0629, 0.0248, 0.0148, 0.0589,
         0.0184, 0.0603, 0.0368, 0.0619, 0.1939, 0.0270, 0.1934, 0.0161]])