70094
Test: public void testCreatePathDeclareVariableSetCollectionElement() { }
Code: public Object getValue() { if (node.getNodeType() == Node.COMMENT_NODE) { String text = ((Comment) node).getData(); return text == null ? "" : text.trim(); } return stringValue(node); }
[[0.02968359 0.02295743 0.04378705 0.04173989 0.08023081 0.00790966
 0.0462041  0.03866291 0.04173989 0.03780512 0.05563539 0.01881546
 0.07642859 0.04252346 0.03293475 0.05563539 0.0462041  0.03328682
 0.0508     0.02908707 0.02829537 0.04386161 0.01311994 0.03293475
 0.03659698 0.01311994]
[0.02629277 0.01827201 0.05472983 0.056126   0.08025519 0.00600735
 0.04287843 0.04329269 0.056126   0.0426724  0.04776021 0.01885982
 0.08111076 0.03835682 0.0321629  0.04776021 0.04287843 0.02475053
 0.04937015 0.02813204 0.0193891  0.03909618 0.01035231 0.0321629
 0.05085265 0.01035231]
[0.02450956 0.01953954 0.04654841 0.04580234 0.08401097 0.00648314
 0.04464501 0.03810708 0.04580234 0.04282166 0.05635873 0.02169956
 0.09987743 0.03684973 0.0338442  0.05635873 0.04464501 0.02833936
 0.04840746 0.02729839 0.02320047 0.03269136 0.01236294 0.0338442
 0.03358943 0.01236294]
[0.03261084 0.01942022 0.05451968 0.05191878 0.05623289 0.00946804
 0.03501195 0.0387196  0.05191878 0.04781222 0.03826976 0.02712551
 0.08564248 0.04693342 0.03759766 0.03826976 0.03501195 0.02668359
 0.04266427 0.0405021  0.0266974  0.04276212 0.01838812 0.03759766
 0.03983308 0.01838812]
[0.01906486 0.01458562 0.04151759 0.04115922 0.10789885 0.00329434
 0.03867586 0.04161137 0.04115922 0.04297687 0.06515005 0.01501216
 0.10193092 0.0507211  0.02517866 0.06515005 0.03867586 0.02170845
 0.04988436 0.02458931 0.01427226 0.04327647 0.00626189 0.02517866
 0.05480418 0.00626188]
[0.02932981 0.02020917 0.05464821 0.05052868 0.07143015 0.00625579
 0.04072187 0.04030492 0.05052868 0.04082038 0.03975759 0.0193103
 0.1035579  0.04358234 0.03887296 0.03975759 0.04072187 0.02093965
 0.04987505 0.02929502 0.02176557 0.05097259 0.01118215 0.03887296
 0.03557665 0.01118215]
[0.01710317 0.01844962 0.05675821 0.04469033 0.09419863 0.00463249
 0.0422253  0.04485694 0.04469033 0.04644607 0.05311967 0.0177676
 0.10980783 0.04318801 0.028191   0.05311967 0.0422253  0.02103684
 0.05027993 0.02013216 0.02278943 0.03812084 0.00913013 0.028191
 0.03971941 0.00913013]
[0.02242533 0.02424076 0.05192843 0.0504273  0.07314919 0.00794419
 0.04394474 0.0567774  0.0504273  0.03825187 0.03939712 0.02095381
 0.08950824 0.04702851 0.02881656 0.03939712 0.04394474 0.03167243
 0.06378496 0.02619678 0.01977921 0.04078459 0.01136369 0.02881656
 0.03767543 0.01136369]
[0.03261084 0.01942022 0.05451968 0.05191878 0.05623289 0.00946804
 0.03501195 0.0387196  0.05191878 0.04781222 0.03826976 0.02712551
 0.08564248 0.04693342 0.03759766 0.03826976 0.03501195 0.02668359
 0.04266427 0.0405021  0.0266974  0.04276212 0.01838812 0.03759766
 0.03983308 0.01838812]
[0.03104861 0.02159894 0.05586387 0.04738121 0.09016553 0.00627034
 0.03973662 0.04372605 0.04738121 0.03562743 0.04922658 0.02099591
 0.07903323 0.04683489 0.03156215 0.04922658 0.03973662 0.02563761
 0.03986481 0.02892305 0.02346997 0.04743188 0.01192854 0.03156215
 0.04383766 0.01192854]
[0.0231116  0.01796307 0.0458338  0.04284666 0.09498724 0.00676244
 0.04126461 0.0364658  0.04284666 0.04192889 0.05818141 0.01913944
 0.08023274 0.04026302 0.03180256 0.05818141 0.04126461 0.0289817
 0.0493633  0.03022016 0.01674296 0.03981723 0.01242712 0.03180256
 0.05514189 0.01242712]
[0.03471408 0.02281282 0.04897393 0.03964023 0.07692659 0.01243119
 0.03906782 0.04019208 0.03964023 0.04109336 0.04453989 0.02890661
 0.07794743 0.04381543 0.03818525 0.04453989 0.03906782 0.02856795
 0.04755415 0.03156007 0.02971896 0.03594637 0.01711809 0.03818525
 0.04173646 0.01711809]
[0.02414551 0.02141291 0.06146239 0.03518361 0.09612472 0.00618474
 0.04671046 0.04388691 0.03518361 0.04956821 0.04720405 0.01728033
 0.08318917 0.05110735 0.03058877 0.04720405 0.04671046 0.01959879
 0.05070733 0.02606161 0.01923202 0.0386009  0.01009767 0.03058877
 0.05186804 0.01009767]
[0.02763819 0.01817155 0.06132509 0.04892445 0.08901545 0.00708098
 0.03622268 0.04005806 0.04892445 0.04667933 0.04959548 0.01689325
 0.08177824 0.04235711 0.0316004  0.04959548 0.03622268 0.02617338
 0.04929217 0.03077107 0.02384844 0.03691372 0.01336561 0.0316004
 0.04258675 0.01336561]
[0.02041841 0.01928633 0.05832696 0.04147606 0.08320747 0.00523467
 0.03847473 0.04077012 0.04147606 0.04364543 0.05434669 0.02005711
 0.10212468 0.04262054 0.02937707 0.05434669 0.03847473 0.02509062
 0.0547375  0.02284857 0.01930796 0.0503286  0.01128744 0.02937707
 0.04207105 0.01128744]
[0.0231116  0.01796307 0.0458338  0.04284666 0.09498724 0.00676244
 0.04126461 0.0364658  0.04284666 0.04192889 0.05818141 0.01913944
 0.08023274 0.04026302 0.03180256 0.05818141 0.04126461 0.0289817
 0.0493633  0.03022016 0.01674296 0.03981723 0.01242712 0.03180256
 0.05514189 0.01242712]
[0.01710317 0.01844962 0.05675821 0.04469033 0.09419863 0.00463249
 0.0422253  0.04485694 0.04469033 0.04644607 0.05311967 0.0177676
 0.10980783 0.04318801 0.028191   0.05311967 0.0422253  0.02103684
 0.05027993 0.02013216 0.02278943 0.03812084 0.00913013 0.028191
 0.03971941 0.00913013]
[0.02506798 0.01988624 0.04464053 0.05813672 0.07794651 0.00741123
 0.03948629 0.03923147 0.05813672 0.03615081 0.04718803 0.02198684
 0.08543502 0.05020849 0.04054316 0.04718803 0.03948629 0.0231274
 0.05536195 0.0266395  0.02035711 0.04267035 0.00890541 0.04054316
 0.03535935 0.0089054 ]
[0.02438552 0.01761285 0.04306586 0.05717748 0.08377015 0.00399813
 0.03013363 0.04147623 0.05717748 0.05077845 0.05272073 0.01540088
 0.10000035 0.04077893 0.03340749 0.05272073 0.03013363 0.02372061
 0.05467669 0.02489629 0.02461367 0.04783301 0.01086674 0.03340749
 0.03438016 0.01086674]
[0.02117649 0.0195247  0.04251841 0.04125072 0.07905529 0.00457446
 0.04739979 0.03468675 0.04125072 0.03611982 0.05512834 0.01914778
 0.0940915  0.04868448 0.04397304 0.05512834 0.04739979 0.02496175
 0.05589426 0.0247329  0.01614191 0.03857875 0.00964593 0.04397304
 0.04531512 0.00964593]
[0.03008559 0.01986104 0.04416782 0.04744104 0.07198333 0.00728852
 0.03673678 0.03286478 0.04744104 0.03601763 0.05159593 0.02332286
 0.08638476 0.03438787 0.03786646 0.05159593 0.03673678 0.03029738
 0.06628823 0.03269801 0.02095661 0.03784616 0.01629751 0.03786646
 0.04567404 0.01629751]
[0.02680693 0.02249693 0.04748899 0.05119481 0.0874984  0.00660893
 0.04812204 0.04028009 0.05119481 0.03780179 0.05017262 0.01619439
 0.09048306 0.04925673 0.03261168 0.05017262 0.04812204 0.02601374
 0.05078978 0.02330825 0.01914178 0.04005966 0.00954908 0.03261168
 0.0324701  0.00954908]
[0.02129515 0.021282   0.04044379 0.05111467 0.0813904  0.00562919
 0.03659602 0.05028225 0.05111467 0.03903189 0.05112347 0.01886384
 0.08797695 0.03736478 0.04546501 0.05112347 0.03659602 0.02447186
 0.05516181 0.02943961 0.01901986 0.03699468 0.01117374 0.04546501
 0.0404061  0.01117374]
[0.02041841 0.01928633 0.05832696 0.04147606 0.08320747 0.00523467
 0.03847473 0.04077012 0.04147606 0.04364543 0.05434669 0.02005711
 0.10212468 0.04262054 0.02937707 0.05434669 0.03847473 0.02509062
 0.0547375  0.02284857 0.01930796 0.0503286  0.01128744 0.02937707
 0.04207105 0.01128744]
[0.02514487 0.02225541 0.04866262 0.05000874 0.0876247  0.00857897
 0.03324227 0.04473671 0.05000874 0.04157314 0.04910535 0.02171547
 0.08213527 0.04745711 0.03385437 0.04910535 0.03324227 0.02538139
 0.05102959 0.02723953 0.02175184 0.04323968 0.01076856 0.03385437
 0.04751515 0.01076856]
[0.02129515 0.021282   0.04044379 0.05111468 0.0813904  0.00562919
 0.03659602 0.05028227 0.05111468 0.0390319  0.05112348 0.01886384
 0.08797693 0.03736478 0.04546501 0.05112348 0.03659602 0.02447186
 0.05516182 0.02943961 0.01901986 0.03699467 0.01117374 0.04546501
 0.0404061  0.01117374]]