69868
Test: @Test public void testIsValidBodyHtml() { String ok = "<p>Test <b><a href='http: String ok1 = "<p>Test <b><a href='http: String nok1 = "<p><script></script>Not <b>OK</b></p>"; String nok2 = "<p align=right>Test Not <b>OK</b></p>"; String nok3 = "<!-- comment --><p>Not OK</p>"; String nok4 = "<html><head>Foo</head><body><b>OK</b></body></html>"; String nok5 = "<p>Test <b><a href='http: String nok6 = "<p>Test <b><a href='http: String nok7 = "</div>What"; }
Code: public boolean isValid(Document dirtyDocument) { ; Document clean = Document.createShell(dirtyDocument.baseUri()); int numDiscarded = copySafeNodes(dirtyDocument.body(), clean.body()); return numDiscarded == -1 == false; }
[[0.02692943 0.06512775 0.08644574 0.0258023  0.03793891 0.01517746
 0.1032705  0.07181087 0.01707427 0.05756283 0.01663218 0.10302036
 0.01707427 0.01748803 0.01454803 0.0298878  0.10302032 0.04189661
 0.057702   0.04189661 0.0377754  0.01191833]
[0.02003941 0.10526533 0.09761327 0.02116887 0.04942144 0.00910763
 0.10726494 0.06072836 0.01565849 0.05422178 0.00988423 0.1068337
 0.01565849 0.01221901 0.01047632 0.03281768 0.1068337  0.03044679
 0.05560924 0.03044679 0.03900527 0.00927927]
[0.01713898 0.09143758 0.11642011 0.02866916 0.04777995 0.0125334
 0.10340628 0.06783783 0.02029676 0.04457381 0.01265512 0.09736104
 0.02029676 0.01538895 0.01412964 0.03260494 0.09736104 0.0339516
 0.05051265 0.0339516  0.03204202 0.00965077]
[0.02539261 0.07103179 0.11142574 0.03101759 0.04382247 0.01561183
 0.08647035 0.04710991 0.02384695 0.05554751 0.01497108 0.09984983
 0.02384695 0.01731781 0.01849484 0.03781676 0.0998498  0.03846075
 0.04197047 0.03846075 0.0435001  0.01418408]
[0.03159413 0.06888574 0.09659299 0.02666978 0.05140806 0.01770467
 0.09444724 0.07177888 0.02632998 0.0510595  0.01507127 0.08074115
 0.02632998 0.01930336 0.02017182 0.0362807  0.08074117 0.033665
 0.0526796  0.033665   0.04685119 0.01802873]
[0.0156439  0.08663695 0.11688626 0.02647923 0.04678751 0.00984572
 0.07925107 0.05456268 0.01365393 0.05535637 0.00984283 0.13427821
 0.01365393 0.01046962 0.00988985 0.02989559 0.13427828 0.03893796
 0.04096729 0.03893796 0.02795169 0.00579323]
[0.02357874 0.08025087 0.09744951 0.02571199 0.04779224 0.0117565
 0.1002905  0.06775448 0.01367499 0.04409713 0.01277509 0.12690392
 0.01367499 0.01166057 0.01123939 0.02824804 0.1269039  0.03160167
 0.04322641 0.03160167 0.04101621 0.00879123]
[0.02952098 0.07798804 0.08558346 0.03201115 0.04547618 0.01446198
 0.10862904 0.07413761 0.01794539 0.05368318 0.01548898 0.08732778
 0.01794539 0.02253583 0.01782321 0.02821762 0.08732776 0.04340717
 0.04344898 0.04340717 0.04022052 0.01341259]
[0.03571738 0.07434972 0.08066771 0.03062199 0.04001196 0.0223324
 0.08177872 0.07456575 0.02951925 0.04632307 0.02165084 0.07172684
 0.02951925 0.02435056 0.02459231 0.03914204 0.07172682 0.04039724
 0.05634879 0.04039724 0.04683396 0.01742623]
[0.0155148  0.09833846 0.09715631 0.02838845 0.03802097 0.01042567
 0.10149147 0.05877984 0.01831119 0.05154577 0.01078533 0.12660855
 0.01831119 0.01335516 0.01024152 0.02978012 0.1266086  0.03260404
 0.0421839  0.03260404 0.03150549 0.00743924]
[0.01828359 0.07172091 0.090307   0.02654123 0.03996569 0.01503204
 0.0999191  0.06362194 0.01542758 0.04449011 0.01342875 0.11423582
 0.01542758 0.01323098 0.01338884 0.02934158 0.11423582 0.04674358
 0.06107647 0.04674358 0.03806569 0.00877213]
[0.02920404 0.08147054 0.08040814 0.02835071 0.04128488 0.01576548
 0.09412877 0.06608503 0.02103932 0.05380405 0.01767647 0.09306949
 0.02103932 0.01770719 0.02061581 0.03870712 0.09306948 0.0435409
 0.04726638 0.0435409  0.03941647 0.01280957]
[0.03571738 0.07434972 0.08066771 0.03062199 0.04001196 0.0223324
 0.08177872 0.07456575 0.02951925 0.04632307 0.02165084 0.07172684
 0.02951925 0.02435056 0.02459231 0.03914204 0.07172682 0.04039724
 0.05634879 0.04039724 0.04683396 0.01742623]
[0.02122736 0.10344921 0.09830189 0.02782843 0.0532229  0.01135056
 0.11090709 0.06607275 0.01400274 0.04915505 0.01010372 0.09765604
 0.01400274 0.0142992  0.01187588 0.03430831 0.09765606 0.03437002
 0.0490701  0.03437002 0.03905626 0.00771374]
[0.02428751 0.06791608 0.09840634 0.02129586 0.04392039 0.0111842
 0.09840019 0.06105592 0.01612956 0.04934747 0.01186507 0.12172128
 0.01612956 0.01542852 0.01613256 0.03014751 0.12172125 0.03535551
 0.05357732 0.03535551 0.03954272 0.01107964]
[0.01800949 0.09131172 0.10680397 0.02157068 0.03604298 0.0108823
 0.10423811 0.07301088 0.01765789 0.05362026 0.01056617 0.10812664
 0.01765789 0.01161455 0.01451068 0.02600386 0.10812666 0.03427841
 0.05195068 0.03427841 0.03990254 0.00983523]
[0.02920404 0.08147054 0.08040814 0.02835071 0.04128488 0.01576548
 0.09412877 0.06608503 0.02103932 0.05380405 0.01767647 0.09306949
 0.02103932 0.01770719 0.02061581 0.03870712 0.09306948 0.0435409
 0.04726638 0.0435409  0.03941647 0.01280957]
[0.01363337 0.11248569 0.09022035 0.02122564 0.03599352 0.00753386
 0.11859377 0.0576935  0.01418746 0.04257489 0.00834882 0.13925193
 0.01418746 0.0103545  0.01023232 0.02249665 0.13925195 0.03358996
 0.04150281 0.03358996 0.02571524 0.00733638]
[0.02439474 0.06991889 0.1061673  0.02300814 0.03794853 0.01483445
 0.09473982 0.05683789 0.02004908 0.05186446 0.01219587 0.10992707
 0.02004908 0.01488342 0.01605173 0.03401448 0.10992709 0.04027884
 0.05242623 0.04027884 0.03866135 0.01154275]
[0.01363337 0.11248569 0.09022035 0.02122564 0.03599352 0.00753386
 0.11859377 0.0576935  0.01418746 0.04257489 0.00834882 0.13925193
 0.01418746 0.0103545  0.01023232 0.02249665 0.13925195 0.03358996
 0.04150281 0.03358996 0.02571524 0.00733638]
[0.02945763 0.07537385 0.09334245 0.02773234 0.04274203 0.01754056
 0.08571629 0.06619667 0.02645741 0.04951489 0.01790332 0.08474676
 0.02645741 0.0243839  0.01877653 0.03497547 0.08474676 0.03951057
 0.04433315 0.03951057 0.05344866 0.01713284]
[0.01971745 0.07209244 0.09330206 0.02642721 0.04501181 0.01476307
 0.08612776 0.05801143 0.01721472 0.05247219 0.01517957 0.12471713
 0.01721472 0.01307322 0.01060656 0.04142718 0.12471713 0.03368773
 0.04874947 0.03368773 0.04184027 0.00995916]]