16268
Test: public void test5() throws Throwable { if (debug) System.out.format("%n%s%n", "RegressionTest0.test5"); java.lang.String str1 = org.apache.commons.cli.Util.stripLeadingAndTrailingQuotes("hi!"); }
Code: static String stripLeadingAndTrailingQuotes(String str){if (str.startsWith("\"")){;}int length = str.length();if (str.endsWith("\"")){str = str.substring(0, length - 1);}return str;}
[[0.12921193 0.07223158 0.07809512 0.04553226 0.06502946 0.06008529
 0.03127074 0.04323024 0.06502945 0.03127075 0.0290161  0.0600853
 0.16560817 0.0328776  0.09142609]
[0.13899717 0.05514349 0.08585702 0.04841851 0.06752253 0.0635253
 0.03224171 0.03947528 0.06752253 0.03224171 0.02780615 0.06352531
 0.16383421 0.02986461 0.08402441]
[0.12890294 0.07244134 0.08305988 0.03667708 0.06542338 0.07071584
 0.02829549 0.03536541 0.06542338 0.02829549 0.02236494 0.07071584
 0.18146044 0.02758209 0.08327646]
[0.1418199  0.06172884 0.10773748 0.04484605 0.06057723 0.05915648
 0.03968278 0.0427417  0.06057723 0.03968278 0.02951116 0.05915649
 0.15673938 0.03737865 0.05866385]
[0.13156307 0.07031806 0.11076115 0.0453542  0.06378059 0.05875551
 0.04075037 0.04298745 0.06378059 0.04075037 0.0259562  0.0587555
 0.15452313 0.03551676 0.05644708]
[0.1601652  0.08027895 0.0753496  0.04828999 0.05390725 0.05513213
 0.02703631 0.03750438 0.05390725 0.02703631 0.02644607 0.05513213
 0.2055337  0.02614297 0.06813781]
[0.11691617 0.06149702 0.08859918 0.04891663 0.07272166 0.06676458
 0.04133226 0.05567978 0.07272166 0.04133226 0.03179055 0.06676459
 0.11028107 0.04592956 0.07875302]
[0.12081365 0.06607708 0.09528336 0.04627511 0.05950791 0.06541355
 0.03047424 0.04105258 0.0595079  0.03047424 0.02675064 0.06541355
 0.19476447 0.02758006 0.07061164]
[0.13156307 0.07031806 0.11076115 0.0453542  0.06378059 0.05875551
 0.04075037 0.04298745 0.06378059 0.04075037 0.0259562  0.0587555
 0.15452313 0.03551676 0.05644708]
[0.11691617 0.06149702 0.08859918 0.04891663 0.07272166 0.06676458
 0.04133226 0.05567978 0.07272166 0.04133226 0.03179055 0.06676459
 0.11028107 0.04592956 0.07875302]
[0.12554157 0.07226933 0.10689591 0.04294829 0.06821478 0.05951317
 0.02599466 0.04154794 0.06821477 0.02599466 0.0266014  0.05951316
 0.18597402 0.02792484 0.06285147]
[0.1601652  0.08027895 0.0753496  0.04828999 0.05390725 0.05513213
 0.02703631 0.03750438 0.05390725 0.02703631 0.02644607 0.05513213
 0.2055337  0.02614297 0.06813781]
[0.10770421 0.06646495 0.07663307 0.05297749 0.0743117  0.07353561
 0.03762487 0.06098191 0.0743117  0.03762487 0.03022138 0.07353561
 0.12075029 0.04002058 0.07330175]
[0.11760508 0.07851791 0.09402601 0.04479211 0.0529777  0.06116661
 0.02756612 0.03867384 0.0529777  0.02756612 0.02702788 0.06116661
 0.21146935 0.02318572 0.08128124]
[0.14197692 0.07626399 0.10040847 0.05576907 0.06592813 0.0621551
 0.02799934 0.040912   0.06592813 0.02799934 0.02694755 0.0621551
 0.13450287 0.03534043 0.07571353]]