67394
Test: public void testObjectReader() throws IOException { ObjectReader origReader = MAPPER.readerFor(MyPojo.class); final String JSON = "{\"x\":1,\"y\":2}"; MyPojo p1 = origReader.readValue(JSON); byte[] bytes = jdkSerialize(origReader); ObjectReader reader2 = jdkDeserialize(bytes); MyPojo p2 = reader2.readValue(JSON); }
Code: public void serialize(Object value, JsonGenerator g, SerializerProvider provider){switch (_typeId) {case TYPE_DATE:provider.defaultSerializeDateKey((Date)value, g);break;case TYPE_CALENDAR:provider.defaultSerializeDateKey(((Calendar) value).getTimeInMillis(), g);break;case TYPE_CLASS:;break;case TYPE_ENUM:{String str = provider.isEnabled(SerializationFeature.WRITE_ENUMS_USING_TO_STRING)? value.toString() : ((Enum<?>) value).name();;}break;case TYPE_TO_STRING:default:g.writeFieldName(value.toString());}}
[[0.02801331 0.02376867 0.06710386 0.02583993 0.03559513 0.02945559
 0.08379483 0.02570579 0.04625044 0.07546511 0.02718321 0.01203058
 0.04409003 0.05272041 0.01203058 0.01383319 0.02289723 0.01995388
 0.0181951  0.13862179 0.0925552  0.02958708 0.0335811  0.01702662
 0.02470126]
[0.02172736 0.02240224 0.06316546 0.01665439 0.02558694 0.02590673
 0.11657804 0.01655372 0.03774852 0.06515259 0.01745322 0.0086523
 0.04070575 0.05973411 0.0086523  0.009161   0.02133081 0.01265702
 0.02035044 0.22334176 0.07652538 0.02376505 0.028423   0.01550566
 0.0222663 ]
[0.03126362 0.02452572 0.06239493 0.02759877 0.04116593 0.03291918
 0.08759549 0.01813521 0.03755946 0.07609597 0.03048311 0.01410679
 0.03583791 0.04985126 0.01410679 0.01511514 0.02845812 0.01864638
 0.01715847 0.15612873 0.07984056 0.02338003 0.0312696  0.02096618
 0.02539665]
[0.01777264 0.01545389 0.07972392 0.01911416 0.02787039 0.03046581
 0.11751551 0.01662666 0.03643783 0.06716657 0.02229184 0.01027828
 0.04234009 0.04693647 0.01027828 0.01245278 0.01847586 0.01490509
 0.01689482 0.17571875 0.10936517 0.01983172 0.03156447 0.01560352
 0.02491553]
[0.02509353 0.02131442 0.08153747 0.02029629 0.02884616 0.02258126
 0.09740193 0.02214029 0.04047797 0.07211637 0.02551916 0.01031292
 0.03916038 0.04999558 0.01031292 0.01328545 0.02026398 0.01402055
 0.01879134 0.18803418 0.08302823 0.0219144  0.03283367 0.01578375
 0.02493787]
[0.01683816 0.02051311 0.06312577 0.02334868 0.02670544 0.02388999
 0.10150983 0.0210954  0.03735963 0.08861179 0.02887319 0.01018998
 0.05427887 0.05490599 0.01018998 0.01184053 0.02564435 0.0152776
 0.01671218 0.17012942 0.0869648  0.02940262 0.02535812 0.01543458
 0.02180004]
[0.02094528 0.01725969 0.0799384  0.02416522 0.03251803 0.03091508
 0.09520081 0.01584074 0.03470593 0.09803626 0.01732683 0.00890507
 0.04115751 0.04758541 0.00890507 0.00983302 0.01795479 0.01284513
 0.01968643 0.19684224 0.08175708 0.01883429 0.02696484 0.01584262
 0.02603428]
[0.02423505 0.02291817 0.08548576 0.02271353 0.03375049 0.02917376
 0.08699522 0.02013072 0.03892047 0.07904977 0.02447615 0.01120814
 0.03849474 0.06082817 0.01120814 0.00996024 0.02248557 0.01491246
 0.01792672 0.17822744 0.0697971  0.02240736 0.02982526 0.01556889
 0.02930065]
[0.01780687 0.01564689 0.09616396 0.01932752 0.0268147  0.01967972
 0.12080191 0.01442478 0.03777488 0.08364961 0.01991686 0.00698986
 0.04268812 0.05357883 0.00698986 0.00714602 0.01790714 0.01437565
 0.01423433 0.19032916 0.08956498 0.0213633  0.02745913 0.0115086
 0.0238574 ]
[0.02143815 0.01824168 0.09965478 0.02640346 0.03038447 0.02125532
 0.09816854 0.02037682 0.04370463 0.0859166  0.02253379 0.00983446
 0.04777973 0.05139713 0.00983446 0.0090616  0.01859053 0.01732943
 0.01802375 0.17195703 0.07188434 0.01885884 0.02466628 0.0149749
 0.02772923]
[0.02563759 0.02439865 0.06128421 0.02528312 0.03333962 0.03024611
 0.1039391  0.01838858 0.04183572 0.06007873 0.02451633 0.01420514
 0.03606617 0.05027641 0.01420514 0.01547705 0.02112892 0.0195177
 0.02319248 0.18159579 0.08059186 0.02038961 0.0331644  0.01526013
 0.02598139]
[0.03249682 0.02231047 0.06824104 0.02601727 0.03651883 0.026731
 0.08449595 0.0214047  0.04762977 0.06536711 0.02787576 0.01456791
 0.05529802 0.05169897 0.01456791 0.01600907 0.0180479  0.02062802
 0.01957213 0.1545403  0.07418484 0.02273761 0.03271378 0.02027948
 0.02606531]
[0.02496568 0.02193332 0.07412369 0.02398968 0.03645875 0.03871326
 0.09921895 0.02010737 0.03622008 0.07122573 0.02634716 0.01213367
 0.0473735  0.04881664 0.01213367 0.0124784  0.02279012 0.01896562
 0.0217278  0.14975615 0.08476981 0.02027471 0.02861879 0.01901031
 0.02784714]
[0.02301911 0.0244421  0.06394186 0.02348907 0.0365458  0.03054027
 0.08139206 0.01848595 0.04267988 0.08447199 0.02838056 0.01338482
 0.0454175  0.05782481 0.01338482 0.01242484 0.02006451 0.01484263
 0.02066511 0.16474715 0.08878006 0.01802246 0.02912993 0.02067142
 0.0232513 ]
[0.03249682 0.02231047 0.06824104 0.02601727 0.03651883 0.026731
 0.08449595 0.0214047  0.04762977 0.06536711 0.02787576 0.01456791
 0.05529802 0.05169897 0.01456791 0.01600907 0.0180479  0.02062802
 0.01957213 0.1545403  0.07418484 0.02273761 0.03271378 0.02027948
 0.02606531]
[0.02251854 0.01661088 0.07648396 0.02060831 0.02818012 0.02373712
 0.10788165 0.01783535 0.04223188 0.07354543 0.02233015 0.00981956
 0.0454315  0.05329099 0.00981956 0.01205348 0.01923737 0.01563316
 0.01735068 0.19177066 0.08916891 0.01864603 0.02915347 0.01507563
 0.02158562]
[0.02243785 0.02343897 0.05951886 0.02352375 0.03104804 0.03006934
 0.09372231 0.01843534 0.03971053 0.08082446 0.02263873 0.01390989
 0.04370178 0.05487236 0.01390989 0.01511373 0.02323721 0.02090009
 0.02020873 0.16501537 0.08005096 0.02713264 0.02942386 0.02071569
 0.02643963]
[0.01906941 0.02001036 0.10192171 0.02169872 0.02804518 0.02981909
 0.09281134 0.01581507 0.03391466 0.08935183 0.01898337 0.00970722
 0.04137724 0.04635364 0.00970722 0.01046401 0.01673961 0.01421331
 0.01511905 0.17755248 0.09727092 0.02278399 0.02612817 0.01619646
 0.02494597]
[0.03337751 0.02810284 0.06271888 0.03037794 0.04022716 0.03671462
 0.07895912 0.02518606 0.05040712 0.04923316 0.0297432  0.02110265
 0.04416628 0.0486711  0.02110265 0.02124061 0.02624643 0.01839471
 0.02892846 0.11302203 0.06449648 0.03000206 0.0373722  0.02783028
 0.03237649]
[0.02540623 0.01811915 0.07107475 0.02010511 0.02647184 0.03512846
 0.09464158 0.0175565  0.03302959 0.08771046 0.02164493 0.01004223
 0.04261551 0.05974128 0.01004223 0.0101895  0.01849861 0.0135629
 0.01349293 0.19019394 0.08325873 0.02577237 0.03062667 0.01603118
 0.02504335]
[0.02033636 0.01676704 0.07686585 0.02396135 0.03430071 0.02042826
 0.12152897 0.0176794  0.04048773 0.06184556 0.02622966 0.01141448
 0.04301118 0.03985943 0.01141448 0.0114159  0.01815545 0.01635663
 0.01946456 0.15626024 0.11975957 0.02349004 0.03165606 0.01469522
 0.02261576]
[0.02911586 0.02361759 0.08152209 0.02054123 0.03036609 0.03568992
 0.0879777  0.02291827 0.05016632 0.05950194 0.02467259 0.01271472
 0.03847181 0.05063782 0.01271472 0.01412417 0.02135003 0.02377426
 0.02335216 0.14879517 0.08034229 0.02173424 0.0348459  0.01964801
 0.03140509]
[0.0218038  0.01841088 0.07575549 0.02396776 0.02842648 0.02906196
 0.10200278 0.01832139 0.04144084 0.06745905 0.0251908  0.0106791
 0.04384692 0.05352087 0.0106791  0.01097946 0.02021191 0.01484371
 0.01619095 0.17421326 0.09536019 0.02815248 0.03165697 0.01438072
 0.02344313]
[0.02124855 0.01419914 0.08766932 0.01679398 0.02732564 0.02416399
 0.1090796  0.01403025 0.03075585 0.07215728 0.02238667 0.00947843
 0.04651559 0.05288311 0.00947843 0.0084563  0.01935871 0.01352724
 0.0129339  0.20713125 0.10452642 0.01834862 0.02474829 0.01261063
 0.02019282]
[0.02176148 0.01726737 0.08542959 0.02271063 0.03194163 0.01903722
 0.1106687  0.01675337 0.0338404  0.07478898 0.0240493  0.00899296
 0.0453264  0.04838685 0.00899296 0.01018306 0.01718984 0.01247939
 0.0181262  0.19816971 0.085673   0.0213202  0.02811716 0.01641394
 0.02237969]]