17462
Test: public void testCanInlineReferenceToFunction32() { helperCanInlineReferenceToFunction(CanInlineResult.NO, "function foo(a){return true;}; " + "function x() { foo.apply(this, [1]); }", "foo", INLINE_DIRECT); }
Code: public boolean apply(Node n) { if (n.isName()) { return n.getString().equals("eval") || (!fnName.isEmpty() && n.getString().equals(fnName)) || (!fnRecursionName.isEmpty() && n.getString().equals(fnRecursionName)); } return false; }
[[0.02775399 0.06456552 0.13781816 0.04252703 0.04166966 0.0752846
 0.02817095 0.04166966 0.03112024 0.05857223 0.02902789 0.05828005
 0.01844265 0.03356062 0.02902789 0.06239001 0.01844265 0.10556871
 0.01284537 0.03112024 0.03929653 0.01284536]
[0.02025195 0.10490216 0.15750986 0.0331447  0.05087838 0.07518982
 0.01896905 0.05087838 0.0334593  0.04596224 0.02516782 0.05515902
 0.01381667 0.02929076 0.02516782 0.05507022 0.01381667 0.09927969
 0.00951145 0.0334593  0.0396033  0.00951145]
[0.02299954 0.08660967 0.13258359 0.04001584 0.04185805 0.08073136
 0.02597776 0.04185805 0.03424691 0.05340535 0.02668208 0.06012095
 0.0173961  0.02917197 0.02668208 0.05806751 0.0173961  0.11530872
 0.00999715 0.03424691 0.03464717 0.00999714]
[0.02402473 0.09603798 0.13076222 0.03616866 0.04190972 0.07228525
 0.02269302 0.04190972 0.03118056 0.05789271 0.03264709 0.05172313
 0.01986355 0.0294153  0.03264709 0.07022124 0.01986355 0.09406542
 0.01427728 0.03118055 0.03495394 0.01427728]
[0.03053597 0.06593693 0.11522734 0.0337992  0.05021973 0.05244404
 0.03025018 0.05021973 0.03499585 0.05302291 0.02724693 0.06301874
 0.02683029 0.03889606 0.02724693 0.05331234 0.02683029 0.10470753
 0.01752789 0.03499585 0.0452074  0.01752789]
[0.01582688 0.08495162 0.19357438 0.02831576 0.04040966 0.09190548
 0.02116217 0.04040966 0.02129219 0.04695779 0.03672691 0.05955507
 0.00879447 0.02022877 0.03672691 0.07372923 0.00879447 0.10531027
 0.00590582 0.02129219 0.03222446 0.00590582]
[0.02468989 0.0821676  0.15095858 0.03622431 0.04731947 0.07341362
 0.02590385 0.04731947 0.0287433  0.05342516 0.02934508 0.04966471
 0.01848721 0.0411491  0.02934508 0.06138751 0.01848721 0.09079563
 0.01139676 0.02874329 0.0396364  0.01139676]
[0.03053597 0.06593693 0.11522734 0.0337992  0.05021973 0.05244404
 0.03025018 0.05021973 0.03499585 0.05302291 0.02724693 0.06301874
 0.02683029 0.03889606 0.02724693 0.05331234 0.02683029 0.10470753
 0.01752789 0.03499585 0.0452074  0.01752789]
[0.01805514 0.07965942 0.18795031 0.03700501 0.03974154 0.07159868
 0.01954482 0.03974154 0.02545077 0.04992732 0.02268249 0.07220677
 0.01326257 0.02672219 0.02268249 0.06159839 0.01326257 0.11122014
 0.01066566 0.02545077 0.04090578 0.01066566]
[0.02101276 0.06662437 0.15717243 0.04042811 0.03863565 0.07927659
 0.02394616 0.03863565 0.03296777 0.04631188 0.03076016 0.06078086
 0.01943336 0.03252901 0.03076016 0.05129097 0.01943336 0.11492658
 0.01211696 0.03296777 0.03787242 0.01211696]
[0.01994414 0.06894052 0.1646614  0.03390477 0.05968715 0.09141825
 0.02693718 0.05968715 0.02976136 0.04608134 0.02549576 0.05735073
 0.01775032 0.02595739 0.02549576 0.04921456 0.01775032 0.09699968
 0.00695399 0.02976137 0.03929287 0.00695399]
[0.02154405 0.08133572 0.14681403 0.03987962 0.03585031 0.06294758
 0.02687439 0.03585031 0.0282371  0.0445945  0.03000559 0.06827896
 0.01992911 0.02469116 0.03000559 0.06928652 0.01992911 0.10791627
 0.016097   0.0282371  0.04559902 0.01609699]
[0.02109091 0.09759513 0.14594023 0.03787546 0.04530715 0.06610569
 0.02216843 0.04530715 0.0269799  0.05009725 0.02708883 0.06017656
 0.01470952 0.02447446 0.02708883 0.06394513 0.01470952 0.1105499
 0.01432473 0.0269799  0.04316068 0.01432473]
[0.03157421 0.08033147 0.12866141 0.04228558 0.03875969 0.06040239
 0.03194829 0.03875969 0.03879195 0.03952121 0.02607351 0.05247271
 0.02419841 0.03520946 0.02607351 0.06519349 0.02419842 0.10963655
 0.01279958 0.03879195 0.04151697 0.01279958]
[0.01994414 0.06894052 0.1646614  0.03390477 0.05968715 0.09141825
 0.02693718 0.05968715 0.02976136 0.04608134 0.02549576 0.05735073
 0.01775032 0.02595739 0.02549576 0.04921456 0.01775032 0.09699968
 0.00695399 0.02976137 0.03929287 0.00695399]
[0.02149532 0.07525847 0.15362991 0.03861779 0.04542038 0.09246419
 0.02547104 0.04542038 0.02859024 0.05992409 0.0292896  0.05905609
 0.01586388 0.03113029 0.0292896  0.04983485 0.01586388 0.1002425
 0.00836962 0.02859023 0.03780803 0.00836962]
[0.02109091 0.09759513 0.14594023 0.03787546 0.04530715 0.06610569
 0.02216843 0.04530715 0.0269799  0.05009725 0.02708883 0.06017656
 0.01470952 0.02447446 0.02708883 0.06394513 0.01470952 0.1105499
 0.01432473 0.0269799  0.04316068 0.01432473]
[0.02185185 0.09649124 0.1414717  0.03837755 0.04095783 0.09771706
 0.02954781 0.04095783 0.02930738 0.04671529 0.02787333 0.05565331
 0.01828205 0.02739464 0.02787333 0.05768277 0.01828205 0.10080671
 0.00840919 0.02930738 0.03663056 0.00840919]
[0.02122275 0.07703292 0.12165557 0.03639257 0.04937898 0.08077102
 0.0251728  0.04937898 0.04485895 0.05839383 0.02850698 0.07105819
 0.01753654 0.0345384  0.02850698 0.04031178 0.01753654 0.08582234
 0.01087491 0.04485894 0.04531509 0.01087491]
[0.01805514 0.07965942 0.18795031 0.03700501 0.03974154 0.07159868
 0.01954482 0.03974154 0.02545077 0.04992732 0.02268249 0.07220677
 0.01326257 0.02672219 0.02268249 0.06159839 0.01326257 0.11122014
 0.01066566 0.02545077 0.04090578 0.01066566]
[0.03014541 0.07659801 0.10863794 0.04405759 0.04451228 0.06322337
 0.02695438 0.04451228 0.03605493 0.0446257  0.03111538 0.05142387
 0.02508648 0.03152172 0.03111538 0.05910076 0.02508648 0.09961779
 0.01778958 0.03605493 0.05497617 0.01778958]
[0.02122275 0.07703295 0.12165554 0.03639258 0.04937898 0.08077101
 0.0251728  0.04937898 0.04485895 0.05839383 0.02850698 0.0710582
 0.01753654 0.0345384  0.02850698 0.04031178 0.01753654 0.08582234
 0.01087492 0.04485895 0.04531509 0.01087492]]