68220
Test: @Test public void testClonesClassnames() { Document doc = Jsoup.parse("<div class='one two'></div>"); Element div = doc.select("div").first(); Set<String> classes = div.classNames(); Element copy = div.clone(); Set<String> copyClasses = copy.classNames(); copyClasses.add("three"); copyClasses.remove("one"); }
Code: public Attributes add(String key, String value) { checkCapacity(size + 1); keys[size] = key; vals[size] = value; size++; return this; }
[[0.033094   0.06315657 0.02597208 0.04358884 0.0420206  0.0375846
 0.04744027 0.11078471 0.02689043 0.04360554 0.02922531 0.02103495
 0.04902482 0.12911785 0.02103495 0.02901871 0.16603246 0.03683043
 0.02971756 0.01482528]
[0.02710218 0.06024905 0.01953093 0.04288515 0.04622373 0.03236552
 0.05696573 0.11495975 0.02429468 0.04427738 0.01957949 0.02071432
 0.0522216  0.15184325 0.02071432 0.0269447  0.16953263 0.03436793
 0.02160637 0.01362128]
[0.02623961 0.05383037 0.02631987 0.03483368 0.04382627 0.0324969
 0.05197238 0.11948347 0.02786678 0.04419349 0.03128051 0.02539092
 0.06094322 0.1332422  0.02539092 0.0252477  0.15508555 0.03969981
 0.0288319  0.01382446]
[0.02709861 0.05735728 0.02060068 0.04006895 0.04971913 0.0388782
 0.04501721 0.13513088 0.02258939 0.04427563 0.02238057 0.01862469
 0.04634186 0.13722722 0.01862469 0.02083667 0.18819834 0.03104507
 0.02632231 0.00966257]
[0.03377292 0.05584527 0.02309741 0.04395552 0.03860857 0.03790716
 0.05237319 0.1035676  0.02917685 0.04141494 0.02521937 0.02280398
 0.06085917 0.14142334 0.02280398 0.02234957 0.17295069 0.03442935
 0.02430727 0.01313385]
[0.02755242 0.05130031 0.01736651 0.04181878 0.04094085 0.03069632
 0.05017013 0.1190636  0.02295159 0.03716528 0.02182717 0.01954573
 0.0581769  0.15440601 0.01954573 0.0191412  0.20014307 0.03412431
 0.02205846 0.01200562]
[0.03409374 0.06521679 0.02587545 0.04530979 0.04908887 0.0362374
 0.05568746 0.10898417 0.03564554 0.05169792 0.03099714 0.02842271
 0.05952702 0.10319898 0.02842271 0.02192754 0.13225815 0.03912336
 0.02878917 0.01949606]
[0.03130494 0.0634649  0.02328241 0.04269224 0.03843125 0.03478127
 0.05828978 0.10503444 0.0316512  0.03731472 0.02614511 0.02701673
 0.05469117 0.12639992 0.02701673 0.02753299 0.16552639 0.04017471
 0.0255399  0.01370917]
[0.0296911  0.0462148  0.02115296 0.03757451 0.04766238 0.02970242
 0.04076007 0.10943191 0.02493298 0.04569178 0.02773502 0.02146924
 0.05503297 0.15236887 0.02146924 0.02035511 0.19266686 0.03487086
 0.02711339 0.01410352]
[0.02205903 0.05247331 0.01834224 0.0320416  0.0452053  0.03154222
 0.04058754 0.1148321  0.02512371 0.04159651 0.02229886 0.01739976
 0.0579756  0.16562839 0.01739976 0.01588206 0.21713173 0.03417689
 0.01971873 0.00858463]
[0.02236974 0.05673058 0.01989535 0.03941814 0.03537011 0.03467057
 0.05336737 0.12511633 0.02201463 0.04748372 0.0212063  0.01728857
 0.05872742 0.1528122  0.01728857 0.01796729 0.19446872 0.02700634
 0.02564598 0.01115205]
[0.03875687 0.0592099  0.02637844 0.04233728 0.04619135 0.04245402
 0.04217745 0.1081612  0.03388876 0.05629157 0.03796823 0.03167446
 0.06042077 0.0904735  0.03167446 0.02838442 0.1245935  0.04223782
 0.03811569 0.01861033]
[0.03153257 0.05876132 0.02287918 0.03865199 0.03415842 0.03637103
 0.04875647 0.11434112 0.02572038 0.04343353 0.0266766  0.01734429
 0.05406249 0.14685489 0.01734429 0.02161045 0.18564925 0.03764584
 0.02587751 0.0123283 ]
[0.03061595 0.05990678 0.02514346 0.04266366 0.03875532 0.03678478
 0.04377227 0.11917344 0.0235429  0.04568328 0.02610763 0.01904714
 0.05168949 0.12014979 0.01904714 0.02389237 0.19921517 0.03682769
 0.02347585 0.01450582]
[0.03875687 0.0592099  0.02637844 0.04233728 0.04619135 0.04245402
 0.04217745 0.1081612  0.03388876 0.05629157 0.03796823 0.03167446
 0.06042077 0.0904735  0.03167446 0.02838442 0.1245935  0.04223782
 0.03811569 0.01861033]
[0.02373849 0.0523048  0.01700923 0.03650381 0.04042975 0.03631778
 0.04325521 0.12642138 0.02499688 0.04140486 0.02095684 0.02231684
 0.0570004  0.16004395 0.02231684 0.02374002 0.18692008 0.03291383
 0.02237543 0.0090336 ]
[0.03098866 0.05820572 0.02214069 0.03975774 0.04439463 0.04036717
 0.05376722 0.12000914 0.0292219  0.05367499 0.02555106 0.02075703
 0.04163039 0.12831604 0.02075703 0.02107036 0.17829958 0.0315867
 0.02396761 0.01553632]
[0.02067065 0.05585631 0.01957001 0.03053351 0.04174723 0.02903983
 0.04412541 0.13324593 0.028754   0.04208958 0.02089374 0.02043521
 0.05520069 0.18447194 0.02043521 0.02080398 0.17133693 0.02937327
 0.01951246 0.01190407]
[0.03508852 0.06241928 0.024047   0.04388709 0.04368505 0.03550777
 0.05912282 0.10631835 0.02871653 0.0516911  0.02905224 0.02053138
 0.04731128 0.14267428 0.02053138 0.01827788 0.15093414 0.04209322
 0.02259399 0.01551669]
[0.02372153 0.06304064 0.01802979 0.04283963 0.04347274 0.02853153
 0.05781705 0.13116595 0.02581908 0.04544023 0.03005903 0.0211086
 0.05448475 0.1037119  0.0211086  0.02417126 0.17988914 0.05089922
 0.0220958  0.01259356]]