99153
Test: public void shouldMatchCaptureArgumentsWhenArgsCountDoesNOTMatch() throws Exception { mock.varargs(); Invocation invocation = getLastInvocation(); InvocationMatcher invocationMatcher = new InvocationMatcher(invocation, (List) asList(new LocalizedMatcher(AnyVararg.ANY_VARARG))); invocationMatcher.captureArgumentsFrom(invocation); }
Code: public void captureArgumentsFrom(Invocation i) { int k = 0; for (Matcher m : matchers) { if (m instanceof CapturesArguments) { ((CapturesArguments) m).captureFrom(i.getArguments()[k]); } k++; } }
[[0.03199174 0.02638163 0.06370184 0.03507595 0.04670919 0.01943381
 0.0283205  0.02038854 0.04552223 0.02964079 0.1181495  0.05270219
 0.03121937 0.03338997 0.04670919 0.08664502 0.03582229 0.01521101
 0.03888468 0.04670919 0.01967961 0.03868358 0.01451726 0.0454764
 0.01451725 0.01451725]
[0.02459838 0.02261435 0.08262582 0.03127873 0.04811637 0.0126955
 0.02302124 0.02091613 0.03953351 0.02548331 0.16257861 0.05055193
 0.02282064 0.02863965 0.04811637 0.08265067 0.02809388 0.01688043
 0.03724746 0.04811637 0.01567451 0.03636588 0.01442744 0.04809793
 0.01442744 0.01442744]
[0.03475301 0.02313433 0.06645036 0.0340676  0.04518818 0.01585167
 0.02945101 0.02351113 0.05215381 0.0266953  0.13946827 0.04764031
 0.02415647 0.03026534 0.04518818 0.09788918 0.02663512 0.01819721
 0.03261897 0.04518818 0.01747575 0.03786929 0.01483496 0.0416465
 0.01483495 0.01483495]
[0.03069482 0.0243251  0.06232244 0.02700851 0.0566299  0.01511808
 0.03024588 0.01940257 0.038112   0.02590707 0.13136359 0.04829744
 0.02977625 0.03079575 0.0566299  0.08935797 0.03433942 0.01593338
 0.04155894 0.0566299  0.01468441 0.04014379 0.01273135 0.0425289
 0.01273135 0.01273135]
[0.03357139 0.0293398  0.05641795 0.03608529 0.05448654 0.01602828
 0.02846988 0.02797151 0.04394189 0.03287651 0.08068784 0.05478457
 0.0276127  0.03446107 0.05448654 0.05775263 0.03027793 0.02486044
 0.04377652 0.05448654 0.02311365 0.04409732 0.01913023 0.05302254
 0.01913023 0.01913023]
[0.02138782 0.01914997 0.08981482 0.03321818 0.05069812 0.01503098
 0.02764752 0.01802281 0.04500224 0.02367472 0.11036436 0.04108137
 0.02402047 0.0281638  0.05069812 0.12355004 0.02946199 0.01722791
 0.03185937 0.05069812 0.01684433 0.050216   0.01070662 0.05004704
 0.01070662 0.01070662]
[0.03245837 0.02597765 0.06758615 0.03387613 0.04680877 0.01430937
 0.0279469  0.02052426 0.04482814 0.02533879 0.12252188 0.0574153
 0.02571215 0.03044493 0.04680877 0.08401123 0.03471346 0.01813106
 0.04039863 0.04680877 0.01902444 0.0391941  0.01206211 0.05897436
 0.01206211 0.01206211]
[0.03695081 0.03041453 0.0508589  0.03166801 0.04311604 0.02211971
 0.03198864 0.0310345  0.05720984 0.03430974 0.07802949 0.04505904
 0.03196759 0.0330786  0.04311604 0.08206511 0.02805796 0.02163892
 0.04539365 0.04311604 0.02616725 0.04845329 0.01844328 0.04885643
 0.01844328 0.01844328]
[0.02988881 0.02219206 0.05899887 0.03156436 0.05125298 0.01648724
 0.02858468 0.01813542 0.05037376 0.03383614 0.11669134 0.04341977
 0.02763676 0.03174882 0.05125298 0.09930819 0.03240261 0.02003577
 0.03845753 0.05125298 0.0160524  0.03994058 0.01373128 0.04929205
 0.01373128 0.01373128]
[0.03029566 0.0248907  0.06364315 0.03548934 0.05812427 0.01415518
 0.02250783 0.02024039 0.04702944 0.02820986 0.13310538 0.05235462
 0.01893351 0.02924584 0.05812427 0.09379626 0.02877209 0.01530704
 0.03075177 0.05812427 0.01581196 0.04245584 0.00923017 0.0509408
 0.00923017 0.00923017]
[0.03043908 0.02969768 0.05379538 0.03306259 0.05147787 0.01615366
 0.0254131  0.01877308 0.05512193 0.02875979 0.11562733 0.05131685
 0.02356558 0.03226685 0.05147787 0.08395255 0.03165503 0.01613655
 0.03873076 0.05147787 0.02409037 0.03971818 0.0153765  0.05116058
 0.0153765  0.0153765 ]
[0.02888154 0.02509526 0.08226222 0.03128141 0.04527157 0.01451666
 0.02033002 0.01777351 0.03894941 0.02440612 0.13926956 0.05841162
 0.02210276 0.0351309  0.04527157 0.08962678 0.02828369 0.01882069
 0.03214873 0.04527157 0.02123366 0.04090451 0.01375532 0.05349024
 0.01375532 0.01375532]
[0.032006   0.02535574 0.06634042 0.02743834 0.05172317 0.01980535
 0.02746037 0.02497582 0.04576085 0.03192671 0.12852137 0.04696836
 0.02259984 0.03068564 0.05172317 0.07536274 0.02687994 0.01669846
 0.04267445 0.05172317 0.02727785 0.03349063 0.01761272 0.03976347
 0.01761271 0.01761271]
[0.02171417 0.01782817 0.08178909 0.03555488 0.04940351 0.01352526
 0.02284477 0.02428262 0.04285589 0.02825724 0.15009692 0.04806551
 0.02452534 0.03302483 0.04940351 0.08095445 0.03080962 0.0146983
 0.03616449 0.04940351 0.01423229 0.04291969 0.01274598 0.0494079
 0.01274598 0.01274598]
[0.03357139 0.0293398  0.05641795 0.03608529 0.05448654 0.01602828
 0.02846988 0.02797151 0.04394189 0.03287651 0.08068784 0.05478457
 0.0276127  0.03446107 0.05448654 0.05775263 0.03027793 0.02486044
 0.04377652 0.05448654 0.02311365 0.04409732 0.01913023 0.05302254
 0.01913023 0.01913023]
[0.02021394 0.01610301 0.0814108  0.02428705 0.04978306 0.00966549
 0.01635592 0.01644525 0.05011055 0.0237475  0.1930973  0.05926576
 0.01659031 0.0250413  0.04978306 0.11669779 0.02635291 0.01453965
 0.02582633 0.04978306 0.01118936 0.03400613 0.00733567 0.04769751
 0.00733566 0.00733566]
[0.02569973 0.02010467 0.07209184 0.03364141 0.05667978 0.01176098
 0.02680764 0.02107556 0.04082382 0.02565822 0.1299692  0.04697539
 0.02150698 0.03063158 0.05667978 0.10926734 0.02929527 0.01925872
 0.03449114 0.05667978 0.01464522 0.0416482  0.01117304 0.04108868
 0.01117304 0.01117304]
[0.02543944 0.02300189 0.07634272 0.02416242 0.04943188 0.01480335
 0.02222229 0.02006624 0.03638977 0.03308743 0.13550541 0.0634092
 0.02463202 0.03237704 0.04943188 0.08564864 0.02750388 0.01646597
 0.03457096 0.04943188 0.01692303 0.04155183 0.01426885 0.05479423
 0.01426885 0.01426885]
[0.02809935 0.02070913 0.0731945  0.02861315 0.05213332 0.01367456
 0.02142483 0.02020799 0.04804517 0.02578036 0.14313067 0.050696
 0.02415529 0.02535236 0.05213332 0.09911744 0.02744494 0.01691106
 0.03438727 0.05213332 0.01621618 0.03969556 0.01234562 0.04970737
 0.01234562 0.01234562]
[0.03357139 0.0293398  0.05641795 0.03608529 0.05448654 0.01602828
 0.02846988 0.02797151 0.04394189 0.03287651 0.08068784 0.05478457
 0.0276127  0.03446107 0.05448654 0.05775263 0.03027793 0.02486044
 0.04377652 0.05448654 0.02311365 0.04409732 0.01913023 0.05302254
 0.01913023 0.01913023]
[0.02618767 0.02421909 0.05874939 0.03256938 0.04975005 0.01513177
 0.02774191 0.02390809 0.0385653  0.03266053 0.10602449 0.06134547
 0.02563444 0.0353805  0.04975005 0.09125688 0.02933682 0.01656298
 0.04510999 0.04975005 0.02616137 0.04009912 0.01547298 0.04768567
 0.01547298 0.01547298]
[0.02688089 0.02139539 0.06930006 0.03097541 0.05517147 0.01283669
 0.02705004 0.02146073 0.04125784 0.02880583 0.14531484 0.0479419
 0.02213269 0.02458909 0.05517147 0.0956319  0.02915889 0.01651348
 0.03819543 0.05517147 0.01311734 0.03508653 0.01351225 0.04630382
 0.01351225 0.01351225]
[0.02328394 0.02177003 0.06943731 0.028197   0.06159212 0.01755152
 0.0231862  0.0212451  0.05073113 0.02956316 0.12033986 0.04690402
 0.022236   0.0330167  0.06159212 0.09024294 0.03192486 0.01602389
 0.03273215 0.06159212 0.01651832 0.03201207 0.01316978 0.04879815
 0.01316978 0.01316978]
[0.02537187 0.02358027 0.07981803 0.04086275 0.05302982 0.01393351
 0.02054596 0.02183262 0.0520241  0.02693974 0.12860365 0.05270021
 0.02170355 0.02800164 0.05302982 0.08686069 0.02978033 0.01759424
 0.03250957 0.05302982 0.0168652  0.03979285 0.01182486 0.04611521
 0.01182485 0.01182485]
[0.02328393 0.02177003 0.06943731 0.02819701 0.06159212 0.01755151
 0.0231862  0.0212451  0.05073112 0.02956316 0.12033983 0.04690403
 0.022236   0.0330167  0.06159212 0.09024292 0.03192486 0.01602389
 0.03273215 0.06159212 0.01651832 0.03201207 0.01316978 0.04879816
 0.01316978 0.01316978]
[0.02328393 0.02177003 0.06943731 0.02819701 0.06159212 0.01755151
 0.0231862  0.0212451  0.05073112 0.02956316 0.12033983 0.04690403
 0.022236   0.0330167  0.06159212 0.09024292 0.03192486 0.01602389
 0.03273215 0.06159212 0.01651832 0.03201207 0.01316978 0.04879816
 0.01316978 0.01316978]]