67130
Test: public void testObjectWriter() throws IOException { ObjectWriter origWriter = MAPPER.writer(); final String EXP_JSON = "{\"x\":2,\"y\":3}"; final MyPojo p = new MyPojo(2, 3); byte[] bytes = jdkSerialize(origWriter); ObjectWriter writer2 = jdkDeserialize(bytes); }
Code: public void serialize(Object value, JsonGenerator g, SerializerProvider provider) throws IOException { g.writeFieldName((String) value); }
[[0.04445641 0.03764743 0.10598011 0.04109983 0.05659692 0.0469408
 0.13399568 0.07796427 0.09541908 0.026459   0.07282721 0.13089412
 0.10781296 0.02190614]
[0.03187376 0.03161499 0.08820653 0.02452695 0.03824591 0.0403984
 0.18813026 0.08339877 0.10699186 0.02188735 0.07295121 0.16371903
 0.08656956 0.02148539]
[0.05016613 0.03854704 0.09745723 0.0461917  0.06720491 0.05418926
 0.15286626 0.07077068 0.09739862 0.0329503  0.05835784 0.13412522
 0.07453519 0.02523958]
[0.02583079 0.02232816 0.11486567 0.02775433 0.04045645 0.04471023
 0.17316952 0.0722185  0.10804571 0.02285822 0.09875136 0.15129383
 0.0819444  0.01577277]
[0.03990436 0.03320265 0.12463111 0.03251871 0.04658258 0.03699557
 0.16677704 0.08213617 0.1050626  0.03134982 0.0669807  0.13106292
 0.08413453 0.01866118]
[0.02618117 0.0308672  0.09368195 0.03585609 0.04127444 0.03774702
 0.16521288 0.07040267 0.11173651 0.01920459 0.0831441  0.16981183
 0.09649197 0.0183876 ]
[0.03156884 0.02529372 0.11586351 0.03838792 0.05087206 0.05013002
 0.16158426 0.06425226 0.09980734 0.02484183 0.07274453 0.15773393
 0.08540575 0.02151398]
[0.0333962  0.02572522 0.12471708 0.03274595 0.04465045 0.03126086
 0.17232767 0.05945214 0.11873586 0.02198227 0.06593842 0.16851044
 0.08489212 0.01566532]
[0.02825917 0.02987083 0.09605294 0.03161643 0.04234435 0.03347114
 0.1772951  0.06426653 0.12024722 0.02137675 0.08553632 0.18317446
 0.07087081 0.01561791]
[0.03368387 0.02762685 0.10568989 0.03340038 0.04980689 0.03447153
 0.17530344 0.07670923 0.12539312 0.02318358 0.07794605 0.13937417
 0.08221997 0.01519104]
[0.04656106 0.04118328 0.11826046 0.0510352  0.06789187 0.06244671
 0.14851578 0.07905214 0.08090651 0.03232498 0.08118356 0.09672603
 0.06629618 0.02761618]
[0.04201312 0.03052426 0.09727511 0.03444179 0.04391224 0.04217293
 0.199305   0.08435573 0.1006389  0.03206474 0.08084622 0.11672939
 0.07607435 0.01964622]
[0.03938793 0.04328876 0.09855132 0.04026547 0.05386306 0.05357327
 0.149798   0.0701433  0.09347206 0.02393775 0.08280572 0.1408591
 0.09270898 0.01734528]
[0.02894709 0.02826825 0.10816285 0.03020301 0.03853637 0.04212868
 0.18813103 0.07115524 0.12082836 0.02599496 0.08871844 0.14374289
 0.06678155 0.01840126]]