18351
Test: public void testIsFunctionExpression2() { Node root = parse("function foo() {}"); Node functionNode = root.getFirstChild(); }
Code: private void parse(AbstractCompiler compiler){try {ParserRunner.ParseResult result = ParserRunner.parse(sourceFile, sourceFile.getCode(),compiler.getParserConfig(),compiler.getDefaultErrorReporter(),logger_);;compiler.setOldParseTree(sourceFile.getName(), result.oldAst);} catch (IOException e) {compiler.report(JSError.make(AbstractCompiler.READ_ERROR, sourceFile.getName()));}if (root == null || compiler.hasHaltingErrors()) {;} else {compiler.prepareAst(root);}root.setStaticSourceFile(sourceFile);}
[[0.05247952 0.0271551  0.05481089 0.04370894 0.018158   0.021816
 0.02062645 0.04301304 0.02142657 0.0581618  0.03018823 0.06849366
 0.06824774 0.04718674 0.0294505  0.0844437  0.04048412 0.02503981
 0.03567201 0.07363465 0.02185589 0.04710261 0.06684409]
[0.04018196 0.0259158  0.0419057  0.04651223 0.02330124 0.02519527
 0.02376821 0.05661676 0.01900478 0.05782253 0.02572073 0.05368283
 0.09509785 0.03530591 0.01934951 0.07722836 0.0369404  0.03015498
 0.03638086 0.07106221 0.01688685 0.04573891 0.09622612]
[0.04280493 0.02578469 0.05971362 0.05254292 0.01803767 0.01947751
 0.02167016 0.04830437 0.02296225 0.05638047 0.02766742 0.06845362
 0.08648712 0.0513828  0.0277906  0.07704325 0.04201346 0.02965875
 0.03472245 0.05564538 0.01948345 0.04337909 0.06859402]
[0.03852497 0.02406214 0.05573709 0.0381832  0.02203862 0.02450443
 0.02400445 0.04737735 0.02117383 0.05520301 0.02528656 0.0665916
 0.06668942 0.05056646 0.02402315 0.09097035 0.03640264 0.0247284
 0.03673504 0.08303493 0.01449126 0.0488229  0.08084818]
[0.04361199 0.02423166 0.05828657 0.03990134 0.02111284 0.02751802
 0.02175535 0.05208116 0.02220993 0.05611622 0.01993658 0.06328581
 0.08121242 0.04542655 0.02214853 0.07743275 0.04620726 0.02902979
 0.04840063 0.06424934 0.01265328 0.04666377 0.07652821]
[0.04283845 0.03170101 0.0446472  0.0535899  0.02233359 0.02901074
 0.02092963 0.04600627 0.02299403 0.04377839 0.0321719  0.06329228
 0.05621287 0.05003988 0.02370578 0.09196983 0.04214449 0.03490838
 0.03810734 0.07008532 0.01515746 0.06028166 0.06409357]
[0.0477533  0.03127359 0.06567629 0.04907711 0.02790994 0.02306333
 0.03201589 0.03755514 0.0268941  0.03993296 0.03446623 0.04923214
 0.06575982 0.05763465 0.03264643 0.07187799 0.04182575 0.03099809
 0.03064262 0.07203381 0.02164247 0.04465772 0.0654306 ]
[0.03873153 0.0235333  0.06634201 0.04840336 0.01971252 0.02255356
 0.02774542 0.04127187 0.01960956 0.05476253 0.02074104 0.06908639
 0.06175954 0.05353688 0.03174999 0.07469156 0.04329503 0.03172656
 0.0475626  0.07708167 0.01994757 0.05151386 0.05464162]
[0.03995959 0.02242457 0.07311523 0.05074781 0.02123227 0.02270856
 0.02114199 0.03555467 0.02156995 0.04444491 0.03102076 0.06396523
 0.07119442 0.05171969 0.02843059 0.08002394 0.04577023 0.0362462
 0.04216978 0.06809665 0.01957741 0.05762368 0.05126194]
[0.05407421 0.02646842 0.05131782 0.04660326 0.02119878 0.02278176
 0.02075678 0.06030779 0.02941523 0.04564015 0.03409614 0.05364978
 0.07683257 0.04488583 0.02373506 0.07635041 0.05240515 0.03251296
 0.03874638 0.0724185  0.01790849 0.04338941 0.05450504]
[0.04019416 0.02178622 0.05335926 0.05436454 0.02545336 0.02059388
 0.01886178 0.04697881 0.02103962 0.05569132 0.02989957 0.05975251
 0.08083697 0.04970334 0.02315559 0.0779025  0.04522625 0.02585716
 0.04130283 0.07768173 0.01672805 0.04837532 0.06525527]
[0.04782527 0.02788773 0.05512798 0.04598691 0.02086523 0.02260308
 0.02670146 0.03806739 0.02161775 0.06115144 0.02830321 0.06092439
 0.07912915 0.04985458 0.03015153 0.07209198 0.04520535 0.02901737
 0.03082652 0.06245856 0.02131105 0.05053163 0.07236049]
[0.0397293  0.02284125 0.06496264 0.04153585 0.02516063 0.02249515
 0.02256009 0.0500806  0.03008254 0.04386888 0.02907003 0.04751262
 0.07228477 0.05191145 0.02793743 0.09030059 0.04022641 0.02942786
 0.0344538  0.081923   0.01726233 0.04247779 0.07189494]
[0.0404423  0.0274875  0.0552728  0.0514247  0.01670406 0.02224206
 0.02028866 0.04624669 0.02486267 0.05638565 0.02871479 0.06080486
 0.07929358 0.05211677 0.02631301 0.08492994 0.04545255 0.02612249
 0.0345635  0.05573615 0.02253597 0.04585653 0.07620279]
[0.04033717 0.02307453 0.0489511  0.05357693 0.01975923 0.02415049
 0.01853406 0.06049248 0.02409125 0.04584624 0.02971239 0.06185035
 0.08683494 0.04343481 0.02686378 0.08403182 0.04953798 0.03167387
 0.03527778 0.0536712  0.01830045 0.04184279 0.0781544 ]
[0.05185732 0.02170204 0.05706926 0.05060408 0.01909435 0.02126073
 0.01865691 0.04875864 0.01961537 0.04361483 0.0382547  0.06550263
 0.06287502 0.05416524 0.02800099 0.09221439 0.04159352 0.02543407
 0.03715429 0.06704767 0.01908438 0.0481476  0.06829196]
[0.04610733 0.02353322 0.0457228  0.04816571 0.01886007 0.02446132
 0.02120196 0.05450545 0.01490445 0.06482785 0.02146968 0.06395067
 0.08378293 0.04770583 0.01951751 0.07659677 0.04732262 0.0224882
 0.03861928 0.0886564  0.01579831 0.04630434 0.06549727]
[0.04839089 0.02401606 0.05532114 0.0392708  0.02043157 0.02426654
 0.02690311 0.04772287 0.02596778 0.05116042 0.02568327 0.06875676
 0.06893733 0.05141951 0.02524303 0.08623919 0.04525424 0.0260418
 0.03532983 0.06392244 0.02360502 0.04048605 0.07563035]
[0.05646831 0.02185848 0.06557128 0.04905202 0.01854029 0.02292445
 0.02252486 0.0551597  0.02290886 0.05482006 0.02957314 0.06153177
 0.07190255 0.04977155 0.02680049 0.06407531 0.0413415  0.02926568
 0.03631912 0.07250482 0.0233562  0.04006875 0.06366085]
[0.04246879 0.02138433 0.06627041 0.05369867 0.0186997  0.02323388
 0.01999528 0.03265977 0.02085031 0.05289008 0.03233372 0.06447598
 0.07728577 0.04763655 0.03183157 0.08111775 0.0431536  0.02409897
 0.03783042 0.08032986 0.01621719 0.04871868 0.06281873]
[0.05387935 0.02837442 0.04803168 0.05028782 0.01933013 0.02287051
 0.0222065  0.04553425 0.02457102 0.04326804 0.033957   0.04992824
 0.07115431 0.04884227 0.02950451 0.07465404 0.03787154 0.03695233
 0.04052196 0.06629771 0.02410863 0.05335668 0.07449712]
[0.04125987 0.02222324 0.05305652 0.0507495  0.02249599 0.0309012
 0.02043987 0.05267373 0.02086871 0.05875888 0.0273193  0.06137212
 0.07025821 0.04747781 0.02324665 0.07443867 0.04282898 0.03101838
 0.04197209 0.06732804 0.01998643 0.05099621 0.0683296 ]
[0.047624   0.02173142 0.04529016 0.04260623 0.02100369 0.02556908
 0.01754688 0.04874751 0.01890156 0.0604156  0.02588388 0.06948335
 0.07879974 0.05162337 0.01864759 0.06635158 0.04223888 0.02369769
 0.03632624 0.07892732 0.01624842 0.05743641 0.08489939]]