15603
Test: public void testMultipleArgValues() { String[] result = _cmdline.getOptionValues("e"); String[] values = new String[] { "one", "two" }; }
Code: public String[] getOptionValues(String opt){;String key = opt;if (names.containsKey(opt)){;}if (options.containsKey(key)){return ((Option) options.get(key)).getValues();}return null;}
tensor([[0.0687, 0.0389, 0.1115, 0.1709, 0.0316, 0.0443, 0.0734, 0.0915, 0.1449,
         0.0960, 0.0657, 0.0627],
        [0.0560, 0.0275, 0.1134, 0.1663, 0.0221, 0.0485, 0.0627, 0.0983, 0.1883,
         0.1180, 0.0552, 0.0437],
        [0.0378, 0.0182, 0.1123, 0.1995, 0.0197, 0.0361, 0.0573, 0.0992, 0.2069,
         0.0983, 0.0656, 0.0491],
        [0.0610, 0.0334, 0.1161, 0.1530, 0.0316, 0.0432, 0.0818, 0.0837, 0.1651,
         0.1114, 0.0663, 0.0535],
        [0.0485, 0.0273, 0.1135, 0.1537, 0.0271, 0.0407, 0.0625, 0.0968, 0.1904,
         0.1212, 0.0598, 0.0586],
        [0.0770, 0.0541, 0.1230, 0.0943, 0.0423, 0.0643, 0.0899, 0.0793, 0.1285,
         0.1093, 0.0845, 0.0534],
        [0.0656, 0.0339, 0.0959, 0.1434, 0.0372, 0.0414, 0.0756, 0.0984, 0.1899,
         0.1085, 0.0568, 0.0535],
        [0.0889, 0.0416, 0.1037, 0.1331, 0.0360, 0.0478, 0.0656, 0.0953, 0.1419,
         0.1179, 0.0748, 0.0535],
        [0.0686, 0.0350, 0.1131, 0.1373, 0.0322, 0.0428, 0.0769, 0.1024, 0.1539,
         0.1197, 0.0681, 0.0499],
        [0.0736, 0.0425, 0.1159, 0.1386, 0.0285, 0.0517, 0.0720, 0.0981, 0.1473,
         0.1132, 0.0584, 0.0602],
        [0.0578, 0.0273, 0.1010, 0.1666, 0.0287, 0.0562, 0.0588, 0.1077, 0.1683,
         0.1146, 0.0617, 0.0512],
        [0.0557, 0.0185, 0.1180, 0.1576, 0.0314, 0.0364, 0.0696, 0.0916, 0.2038,
         0.1163, 0.0534, 0.0475]])