17243
Test: public void testApplyIsIgnore() { testSame("var goog;" + "goog.foo = function(a, opt) {};" + "var bar = function(){goog.foo.apply(this, 1)};" + "goog.foo(1);"); }
Code: public boolean apply(JSType type) { if (!type.restrictByNotNullOrUndefined().isSubtype( typeRegistry.getNativeType(OBJECT_TYPE))) { reportWarning(THIS_TYPE_NON_OBJECT, type.toString()); return false; } return true; }
[[0.04121393 0.09316128 0.15394112 0.04406068 0.06460862 0.11207373
 0.03644096 0.06330819 0.06460862 0.04730132 0.06045175 0.04654993
 0.05874164 0.0196724  0.04654993 0.02764346 0.01967239]
[0.02644544 0.12319694 0.16980654 0.04404006 0.07512974 0.10125364
 0.03438627 0.04654482 0.07512974 0.03947921 0.0678992  0.04642723
 0.0534327  0.01366669 0.04642723 0.02306781 0.01366669]
[0.03499044 0.11296507 0.17579293 0.04221553 0.06672432 0.11271967
 0.04069633 0.04928099 0.06672432 0.03894877 0.06308901 0.04172688
 0.05946519 0.01621527 0.04172688 0.02050309 0.01621527]
[0.03761642 0.11769067 0.11578193 0.05617273 0.06866295 0.11073395
 0.03142837 0.05726578 0.06866295 0.04976728 0.07284484 0.04949646
 0.05850378 0.01334281 0.04949646 0.02918982 0.01334281]
[0.04525116 0.09475476 0.09811887 0.05841061 0.07687882 0.07739328
 0.04444328 0.06523307 0.07687882 0.04952876 0.05832827 0.05153898
 0.06664883 0.02644913 0.05153898 0.03215526 0.02644913]
[0.02284079 0.10687697 0.23505867 0.04305308 0.06562214 0.13536437
 0.03221207 0.04106125 0.06562214 0.0279313  0.0706496  0.03118444
 0.04859384 0.00935107 0.03118444 0.02404273 0.00935107]
[0.02872423 0.10695218 0.11858585 0.0473289  0.07765135 0.09836594
 0.0404259  0.05937973 0.07765135 0.0557429  0.06481481 0.05408058
 0.0572236  0.01510635 0.05408058 0.02877949 0.01510635]
[0.03977359 0.0722637  0.1375709  0.05070931 0.06335056 0.1058636
 0.04776257 0.07491428 0.06335056 0.05840296 0.05570414 0.04362077
 0.0615874  0.02487406 0.04362077 0.03175684 0.02487406]
[0.04525116 0.09475476 0.09811887 0.05841061 0.07687882 0.07739328
 0.04444328 0.06523307 0.07687882 0.04952876 0.05832827 0.05153898
 0.06664883 0.02644913 0.05153898 0.03215526 0.02644913]
[0.0280188  0.11701395 0.11838427 0.04365559 0.0759454  0.10542291
 0.04710441 0.0442664  0.0759454  0.04813675 0.06887379 0.04526227
 0.06496763 0.02067881 0.04526227 0.03038254 0.02067881]
[0.04363188 0.12907322 0.12394746 0.05112809 0.06180779 0.10485928
 0.04209352 0.05740088 0.06180779 0.04574788 0.07939438 0.04272734
 0.05218208 0.01686881 0.04272734 0.02773346 0.01686881]
[0.0277893  0.11292791 0.18829723 0.0394182  0.06410548 0.10830454
 0.03976586 0.0474998  0.06410548 0.04243086 0.06890587 0.03866801
 0.06369424 0.01707192 0.03866801 0.02127543 0.01707192]
[0.04303553 0.11004153 0.09924965 0.04643365 0.06255031 0.09007505
 0.04830896 0.05557165 0.06255031 0.05497242 0.05994217 0.0511332
 0.07812354 0.02506551 0.0511332  0.03674786 0.02506551]
[0.02739511 0.09316279 0.10141373 0.05014516 0.07410785 0.10653681
 0.04506271 0.05103527 0.07410785 0.06537589 0.05931311 0.06090253
 0.06161961 0.0157691  0.06090253 0.03738091 0.0157691 ]
[0.0277893  0.11292791 0.18829723 0.0394182  0.06410548 0.10830454
 0.03976586 0.0474998  0.06410548 0.04243086 0.06890587 0.03866801
 0.06369424 0.01707192 0.03866801 0.02127543 0.01707192]
[0.0320135  0.14324136 0.14866537 0.04791624 0.06891021 0.10872211
 0.03337537 0.04120379 0.06891021 0.04151112 0.06337637 0.0434449
 0.05537441 0.01408379 0.0434449  0.03172262 0.01408379]
[0.02739511 0.0931628  0.10141373 0.05014516 0.07410785 0.10653678
 0.04506271 0.05103527 0.07410785 0.06537588 0.05931309 0.06090252
 0.06161962 0.0157691  0.06090252 0.03738091 0.0157691 ]]