69864
Test: @Test public void testIsValidDocument() { String ok = "<html><head></head><body><p>Hello</p></body><html>"; String nok = "<html><head><script>woops</script><title>Hello</title></head><body><p>Hello</p></body><html>"; Whitelist relaxed = Whitelist.relaxed(); Cleaner cleaner = new Cleaner(relaxed); Document okDoc = Jsoup.parse(ok); }
Code: public boolean isValid(Document dirtyDocument) { ; Document clean = Document.createShell(dirtyDocument.baseUri()); int numDiscarded = copySafeNodes(dirtyDocument.body(), clean.body()); return false; }
tensor([[0.0356, 0.0853, 0.1147, 0.0344, 0.0511, 0.0201, 0.1356, 0.0951, 0.0227,
         0.0752, 0.0218, 0.1374, 0.0227, 0.0231, 0.0193, 0.0397, 0.0501, 0.0160],
        [0.0258, 0.1346, 0.1261, 0.0274, 0.0642, 0.0118, 0.1377, 0.0780, 0.0202,
         0.0693, 0.0127, 0.1379, 0.0202, 0.0158, 0.0135, 0.0424, 0.0503, 0.0120],
        [0.0219, 0.1162, 0.1487, 0.0367, 0.0613, 0.0160, 0.1317, 0.0863, 0.0259,
         0.0566, 0.0161, 0.1244, 0.0259, 0.0196, 0.0180, 0.0416, 0.0409, 0.0124],
        [0.0325, 0.0913, 0.1423, 0.0396, 0.0559, 0.0200, 0.1108, 0.0604, 0.0305,
         0.0714, 0.0192, 0.1276, 0.0305, 0.0222, 0.0237, 0.0484, 0.0556, 0.0181],
        [0.0395, 0.0871, 0.1202, 0.0332, 0.0634, 0.0221, 0.1186, 0.0902, 0.0329,
         0.0645, 0.0189, 0.1007, 0.0329, 0.0242, 0.0252, 0.0454, 0.0587, 0.0224],
        [0.0209, 0.1146, 0.1572, 0.0358, 0.0636, 0.0132, 0.1053, 0.0729, 0.0183,
         0.0732, 0.0131, 0.1809, 0.0183, 0.0140, 0.0133, 0.0401, 0.0375, 0.0078],
        [0.0307, 0.1052, 0.1269, 0.0334, 0.0618, 0.0153, 0.1313, 0.0885, 0.0178,
         0.0579, 0.0167, 0.1653, 0.0178, 0.0152, 0.0146, 0.0368, 0.0534, 0.0114],
        [0.0378, 0.1003, 0.1090, 0.0407, 0.0576, 0.0185, 0.1396, 0.0948, 0.0229,
         0.0691, 0.0199, 0.1112, 0.0229, 0.0288, 0.0227, 0.0360, 0.0512, 0.0170],
        [0.0452, 0.0949, 0.1013, 0.0385, 0.0501, 0.0283, 0.1035, 0.0946, 0.0372,
         0.0591, 0.0275, 0.0902, 0.0372, 0.0309, 0.0311, 0.0495, 0.0591, 0.0219],
        [0.0202, 0.1259, 0.1282, 0.0376, 0.0509, 0.0136, 0.1315, 0.0763, 0.0238,
         0.0660, 0.0139, 0.1671, 0.0238, 0.0174, 0.0135, 0.0391, 0.0413, 0.0099],
        [0.0250, 0.0988, 0.1232, 0.0361, 0.0541, 0.0206, 0.1370, 0.0872, 0.0211,
         0.0614, 0.0185, 0.1555, 0.0211, 0.0182, 0.0183, 0.0401, 0.0520, 0.0119],
        [0.0378, 0.1054, 0.1041, 0.0367, 0.0535, 0.0204, 0.1218, 0.0855, 0.0272,
         0.0696, 0.0229, 0.1205, 0.0272, 0.0229, 0.0267, 0.0501, 0.0510, 0.0166],
        [0.0452, 0.0949, 0.1013, 0.0385, 0.0501, 0.0283, 0.1035, 0.0946, 0.0372,
         0.0591, 0.0275, 0.0902, 0.0372, 0.0309, 0.0311, 0.0495, 0.0591, 0.0219],
        [0.0271, 0.1332, 0.1250, 0.0351, 0.0669, 0.0144, 0.1417, 0.0846, 0.0178,
         0.0633, 0.0129, 0.1241, 0.0178, 0.0182, 0.0151, 0.0435, 0.0496, 0.0097],
        [0.0322, 0.0893, 0.1309, 0.0283, 0.0589, 0.0148, 0.1302, 0.0807, 0.0214,
         0.0648, 0.0157, 0.1623, 0.0214, 0.0204, 0.0214, 0.0400, 0.0524, 0.0148],
        [0.0233, 0.1187, 0.1383, 0.0279, 0.0466, 0.0141, 0.1353, 0.0946, 0.0229,
         0.0697, 0.0137, 0.1401, 0.0229, 0.0151, 0.0188, 0.0337, 0.0517, 0.0127],
        [0.0373, 0.0964, 0.1171, 0.0347, 0.0529, 0.0221, 0.1089, 0.0840, 0.0333,
         0.0635, 0.0227, 0.1067, 0.0333, 0.0308, 0.0236, 0.0439, 0.0673, 0.0213],
        [0.0259, 0.0941, 0.1233, 0.0350, 0.0599, 0.0195, 0.1133, 0.0760, 0.0227,
         0.0685, 0.0199, 0.1651, 0.0227, 0.0172, 0.0140, 0.0546, 0.0552, 0.0132]])