67271
Test: public void test8() throws Throwable { if (debug) System.out.format("%n%s%n", "RegressionTest0.test8"); com.fasterxml.jackson.databind.deser.std.JsonLocationInstantiator jsonLocationInstantiator0 = new com.fasterxml.jackson.databind.deser.std.JsonLocationInstantiator(); boolean boolean1 = jsonLocationInstantiator0.canCreateFromObjectWith(); com.fasterxml.jackson.databind.introspect.AnnotatedWithParams annotatedWithParams2 = jsonLocationInstantiator0.getWithArgsCreator(); boolean boolean3 = jsonLocationInstantiator0.canInstantiate(); }
Code: public boolean canInstantiate() { return canCreateUsingDefault() || canCreateUsingDelegate() || canCreateUsingArrayDelegate() || canCreateFromObjectWith() || canCreateFromString() || canCreateFromInt() || canCreateFromLong() || canCreateFromDouble() || canCreateFromBoolean(); }
[[0.03065806 0.07289828 0.07922472 0.0444451  0.03418082 0.17276196
 0.031342   0.05759045 0.031342   0.01820607 0.031342   0.09326304
 0.031342   0.01434665 0.031342   0.01464787 0.031342   0.02337518
 0.031342   0.03562401 0.03134201 0.04419905 0.01384273]
[0.02042358 0.10334133 0.08469823 0.05285407 0.03422893 0.19639723
 0.02606272 0.04562473 0.02606272 0.01169731 0.02606272 0.12712193
 0.02606272 0.00934717 0.02606272 0.00874725 0.02606271 0.02001971
 0.02606271 0.03408483 0.02606272 0.03309841 0.00981355]
[0.02559199 0.09303293 0.07514887 0.03566348 0.03584386 0.1628674
 0.03190761 0.04726953 0.03190761 0.01739054 0.03190761 0.08433941
 0.03190761 0.01229954 0.03190761 0.01505667 0.03190761 0.02710433
 0.03190761 0.05010819 0.03190762 0.04945502 0.01356737]
[0.03207672 0.0669229  0.07839311 0.05469993 0.0365073  0.13398048
 0.02912585 0.05209113 0.02912585 0.0198401  0.02912585 0.12019215
 0.02912585 0.01532998 0.02912585 0.01615348 0.02912585 0.02905282
 0.02912585 0.04530026 0.02912585 0.04766484 0.01878803]
[0.02075717 0.09642596 0.07999137 0.04421835 0.02951197 0.19940487
 0.0254966  0.05278278 0.0254966  0.01338708 0.0254966  0.12982368
 0.0254966  0.00867332 0.0254966  0.01218029 0.0254966  0.0276419
 0.0254966  0.03144512 0.0254966  0.03785    0.01193341]
[0.02904079 0.08012952 0.0713     0.03832521 0.02876007 0.19293097
 0.03410682 0.05738383 0.03410682 0.01376983 0.03410682 0.09502599
 0.03410682 0.01334088 0.03410682 0.0112654  0.03410681 0.02897102
 0.03410681 0.02462175 0.03410682 0.0314061  0.01087405]
[0.02362535 0.08337961 0.08617678 0.06917375 0.03511845 0.15690418
 0.0298025  0.05624771 0.0298025  0.01487383 0.0298025  0.10901882
 0.0298025  0.01004823 0.0298025  0.0125064  0.0298025  0.0269482
 0.0298025  0.03435384 0.02980251 0.03504001 0.00816485]
[0.02243682 0.08124898 0.09019841 0.04207097 0.03191634 0.14211534
 0.03172062 0.04831779 0.03172062 0.01746044 0.03172062 0.13667467
 0.03172062 0.01075135 0.03172062 0.01384431 0.03172062 0.02147025
 0.03172062 0.03799113 0.03172062 0.04086594 0.00887224]
[0.02362535 0.08337961 0.08617678 0.06917375 0.03511845 0.15690418
 0.0298025  0.05624771 0.0298025  0.01487383 0.0298025  0.10901882
 0.0298025  0.01004823 0.0298025  0.0125064  0.0298025  0.0269482
 0.0298025  0.03435384 0.02980251 0.03504001 0.00816485]
[0.02606362 0.11099716 0.07991375 0.04557134 0.03428474 0.12438143
 0.02948622 0.04611972 0.02948622 0.02099984 0.02948622 0.12240789
 0.02948622 0.01363262 0.02948622 0.01541366 0.02948621 0.02627756
 0.02948621 0.03589637 0.02948623 0.04852363 0.01362695]
[0.02362535 0.08337961 0.08617678 0.06917375 0.03511845 0.15690418
 0.0298025  0.05624771 0.0298025  0.01487383 0.0298025  0.10901882
 0.0298025  0.01004823 0.0298025  0.0125064  0.0298025  0.0269482
 0.0298025  0.03435384 0.02980251 0.03504001 0.00816485]
[0.02927321 0.08047076 0.06849998 0.05446401 0.0323807  0.16504544
 0.03211248 0.05116271 0.03211248 0.01600191 0.03211248 0.0941667
 0.03211248 0.01638748 0.03211248 0.01600433 0.03211249 0.03468452
 0.03211249 0.0293754  0.03211249 0.04220761 0.0129753 ]
[0.02362535 0.08337961 0.08617678 0.06917375 0.03511845 0.15690418
 0.0298025  0.05624771 0.0298025  0.01487383 0.0298025  0.10901882
 0.0298025  0.01004823 0.0298025  0.0125064  0.0298025  0.0269482
 0.0298025  0.03435384 0.02980251 0.03504001 0.00816485]
[0.02450055 0.10631485 0.06442115 0.05529067 0.02956558 0.17563826
 0.02908609 0.05009808 0.02908609 0.0164431  0.02908609 0.09484881
 0.02908609 0.01302799 0.02908609 0.014877   0.02908609 0.02522332
 0.02908609 0.04370058 0.0290861  0.03656297 0.01679835]
[0.02362535 0.08337961 0.08617678 0.06917375 0.03511845 0.15690418
 0.0298025  0.05624771 0.0298025  0.01487383 0.0298025  0.10901882
 0.0298025  0.01004823 0.0298025  0.0125064  0.0298025  0.0269482
 0.0298025  0.03435384 0.02980251 0.03504001 0.00816485]
[0.02479953 0.09981304 0.08250594 0.04201415 0.03068624 0.19233464
 0.02748676 0.04747346 0.02748676 0.01613513 0.02748676 0.0978643
 0.02748676 0.01545261 0.02748676 0.01310219 0.02748676 0.02589566
 0.02748676 0.04157009 0.02748677 0.03836754 0.01209136]
[0.02362535 0.08337961 0.08617678 0.06917375 0.03511845 0.15690418
 0.0298025  0.05624771 0.0298025  0.01487383 0.0298025  0.10901882
 0.0298025  0.01004823 0.0298025  0.0125064  0.0298025  0.0269482
 0.0298025  0.03435384 0.02980251 0.03504001 0.00816485]
[0.0268265  0.09445528 0.06827363 0.04113257 0.0363991  0.1687913
 0.03151542 0.04889255 0.03151542 0.01475363 0.03151542 0.10899286
 0.03151542 0.01188762 0.03151542 0.01528218 0.03151543 0.02879137
 0.03151543 0.03415828 0.03151544 0.03857316 0.01066653]
[0.02362535 0.08337961 0.08617678 0.06917375 0.03511845 0.15690418
 0.0298025  0.05624771 0.0298025  0.01487383 0.0298025  0.10901882
 0.0298025  0.01004823 0.0298025  0.0125064  0.0298025  0.0269482
 0.0298025  0.03435384 0.02980251 0.03504001 0.00816485]
[0.02524843 0.09792528 0.08160276 0.03974389 0.03651991 0.18974252
 0.02802905 0.05527048 0.02802905 0.0138602  0.02802905 0.10056014
 0.02802905 0.01246989 0.02802905 0.00976181 0.02802904 0.02430666
 0.02802904 0.03857999 0.02802905 0.03822028 0.01195541]
[0.02362534 0.08337959 0.08617677 0.06917378 0.03511845 0.15690418
 0.02980249 0.0562477  0.02980249 0.01487383 0.02980249 0.10901885
 0.02980249 0.01004823 0.02980249 0.0125064  0.02980249 0.0269482
 0.02980249 0.03435384 0.0298025  0.03504001 0.00816485]
[0.01941479 0.09660114 0.09789145 0.04779573 0.02715162 0.19618803
 0.02607021 0.05149346 0.02607021 0.01208492 0.02607021 0.12163346
 0.02607021 0.00822121 0.02607021 0.01216704 0.02607021 0.02314628
 0.02607021 0.0348745  0.02607021 0.03397164 0.00880306]
[0.02217738 0.08153129 0.09982797 0.0498927  0.04638321 0.13407682
 0.02896087 0.04362904 0.02896087 0.0179219  0.02896087 0.1102143
 0.02896087 0.01589746 0.02896087 0.0126442  0.02896087 0.0272122
 0.02896087 0.0490375  0.02896088 0.04678811 0.01107895]]