100314
Test: public void testAddDays_int1() { MutableDateTime test = new MutableDateTime(2002, 6, 9, 5, 6, 7, 8); test.addDays(17); }
Code: public void addDays(final int days) { if (days != 0) { setMillis(getChronology().days().add(getMillis(), days)); } }
tensor([[0.0485, 0.0394, 0.1394, 0.0304, 0.1929, 0.0662, 0.1309, 0.1001, 0.0267,
         0.0276, 0.0662, 0.0589, 0.0307, 0.0210, 0.0210],
        [0.0345, 0.0317, 0.1182, 0.0178, 0.2997, 0.0673, 0.1159, 0.0933, 0.0231,
         0.0247, 0.0673, 0.0464, 0.0198, 0.0202, 0.0202],
        [0.0420, 0.0335, 0.1296, 0.0228, 0.2184, 0.0797, 0.1194, 0.1046, 0.0225,
         0.0332, 0.0797, 0.0513, 0.0242, 0.0195, 0.0195],
        [0.0333, 0.0289, 0.1184, 0.0244, 0.1893, 0.0731, 0.1918, 0.0895, 0.0206,
         0.0256, 0.0731, 0.0739, 0.0263, 0.0160, 0.0160],
        [0.0538, 0.0451, 0.1084, 0.0215, 0.2130, 0.0667, 0.1199, 0.1083, 0.0340,
         0.0272, 0.0667, 0.0617, 0.0339, 0.0200, 0.0200],
        [0.0515, 0.0445, 0.1198, 0.0252, 0.1487, 0.0778, 0.0894, 0.1403, 0.0356,
         0.0340, 0.0778, 0.0593, 0.0396, 0.0282, 0.0282],
        [0.0279, 0.0218, 0.1159, 0.0135, 0.3276, 0.0650, 0.1598, 0.0941, 0.0115,
         0.0255, 0.0650, 0.0387, 0.0143, 0.0097, 0.0097],
        [0.0403, 0.0308, 0.1283, 0.0223, 0.2176, 0.0756, 0.1442, 0.0783, 0.0238,
         0.0374, 0.0756, 0.0629, 0.0297, 0.0165, 0.0165],
        [0.0355, 0.0244, 0.1163, 0.0203, 0.2389, 0.0820, 0.1396, 0.1181, 0.0150,
         0.0303, 0.0820, 0.0482, 0.0200, 0.0146, 0.0146],
        [0.0410, 0.0403, 0.1168, 0.0252, 0.2034, 0.0700, 0.1384, 0.0939, 0.0323,
         0.0280, 0.0700, 0.0627, 0.0293, 0.0243, 0.0243],
        [0.0515, 0.0445, 0.1198, 0.0252, 0.1487, 0.0778, 0.0894, 0.1403, 0.0356,
         0.0340, 0.0778, 0.0593, 0.0396, 0.0282, 0.0282],
        [0.0410, 0.0370, 0.1105, 0.0235, 0.2188, 0.0916, 0.1175, 0.0978, 0.0225,
         0.0296, 0.0916, 0.0578, 0.0250, 0.0179, 0.0179],
        [0.0408, 0.0284, 0.1281, 0.0276, 0.1926, 0.0689, 0.1644, 0.1181, 0.0209,
         0.0228, 0.0689, 0.0608, 0.0277, 0.0150, 0.0150],
        [0.0377, 0.0342, 0.1205, 0.0289, 0.1889, 0.0892, 0.1438, 0.0975, 0.0267,
         0.0266, 0.0892, 0.0552, 0.0223, 0.0196, 0.0196],
        [0.0377, 0.0342, 0.1205, 0.0289, 0.1889, 0.0892, 0.1438, 0.0975, 0.0267,
         0.0266, 0.0892, 0.0552, 0.0223, 0.0196, 0.0196]])