69548
Test: public void testScriptTagInWhiteList() { Whitelist whitelist = Whitelist.relaxed(); whitelist.addTags( "script" ); }
Code: public boolean isValid(Document dirtyDocument){;Document clean = Document.createShell(dirtyDocument.baseUri());int numDiscarded = copySafeNodes(dirtyDocument.body(), clean.body());return numDiscarded == 0;}
tensor([[0.0366, 0.0903, 0.1169, 0.0274, 0.0974, 0.0231, 0.0693, 0.1379, 0.0231,
         0.0239, 0.0773, 0.1379, 0.0574, 0.0815],
        [0.0254, 0.1275, 0.1264, 0.0188, 0.0760, 0.0199, 0.0755, 0.1380, 0.0199,
         0.0157, 0.1019, 0.1380, 0.0384, 0.0786],
        [0.0215, 0.1125, 0.1471, 0.0190, 0.0840, 0.0254, 0.0615, 0.1232, 0.0254,
         0.0193, 0.1007, 0.1232, 0.0423, 0.0949],
        [0.0298, 0.1265, 0.1234, 0.0238, 0.0820, 0.0258, 0.0928, 0.1179, 0.0258,
         0.0188, 0.0761, 0.1179, 0.0451, 0.0940],
        [0.0416, 0.1124, 0.1181, 0.0267, 0.1043, 0.0250, 0.0655, 0.1201, 0.0250,
         0.0316, 0.0678, 0.1201, 0.0620, 0.0798],
        [0.0473, 0.0985, 0.1070, 0.0432, 0.0988, 0.0391, 0.0691, 0.0951, 0.0391,
         0.0323, 0.0991, 0.0951, 0.0535, 0.0827],
        [0.0359, 0.1064, 0.1097, 0.0274, 0.0858, 0.0244, 0.0704, 0.1362, 0.0244,
         0.0211, 0.1020, 0.1362, 0.0428, 0.0774],
        [0.0394, 0.1097, 0.1086, 0.0305, 0.0891, 0.0284, 0.0773, 0.1257, 0.0284,
         0.0239, 0.0808, 0.1257, 0.0587, 0.0739],
        [0.0473, 0.0985, 0.1070, 0.0432, 0.0988, 0.0391, 0.0691, 0.0951, 0.0391,
         0.0323, 0.0991, 0.0951, 0.0535, 0.0827],
        [0.0275, 0.1286, 0.1292, 0.0234, 0.0841, 0.0185, 0.0738, 0.1288, 0.0185,
         0.0188, 0.0924, 0.1288, 0.0436, 0.0842],
        [0.0398, 0.1249, 0.1202, 0.0289, 0.0893, 0.0285, 0.0723, 0.1097, 0.0285,
         0.0250, 0.0843, 0.1097, 0.0487, 0.0903],
        [0.0394, 0.1097, 0.1086, 0.0305, 0.0891, 0.0284, 0.0773, 0.1257, 0.0284,
         0.0239, 0.0808, 0.1257, 0.0587, 0.0739],
        [0.0163, 0.1394, 0.1066, 0.0150, 0.0701, 0.0169, 0.0702, 0.1640, 0.0169,
         0.0123, 0.0782, 0.1640, 0.0405, 0.0896],
        [0.0309, 0.0979, 0.1155, 0.0266, 0.0826, 0.0210, 0.0875, 0.1536, 0.0210,
         0.0150, 0.0736, 0.1536, 0.0440, 0.0772]])