16343
Test: public void test13666() throws Exception { Options options = new Options(); Option dir = OptionBuilder.withDescription( "dir" ).hasArg().create( 'd' ); options.addOption( dir ); final PrintStream oldSystemOut = System.out; try { final ByteArrayOutputStream bytes = new ByteArrayOutputStream(); final PrintStream print = new PrintStream(bytes); print.println(); final String eol = bytes.toString(); bytes.reset(); System.setOut(new PrintStream(bytes)); HelpFormatter formatter = new HelpFormatter(); formatter.printHelp( "dir", options ); } finally { System.setOut(oldSystemOut); } }
Code: private static void reset(){description = null;argName = null;longopt = null;type = null;required = false;;optionalArg = false;valuesep = (char) 0;}
[[0.06075608 0.09263969 0.03212659 0.10200883 0.02506009 0.08242302
 0.02506009 0.05356494 0.02506009 0.04468787 0.02506009 0.02073395
 0.02506009 0.13200694 0.02506009 0.06147871 0.02506009 0.03910511
 0.10304765]
[0.04578691 0.11644269 0.02876193 0.1017685  0.02806065 0.06236111
 0.02806065 0.04559054 0.02806065 0.04179383 0.02806065 0.02318056
 0.02806065 0.14129797 0.02806065 0.05643016 0.02806065 0.03885292
 0.1013083 ]
[0.04024905 0.10611    0.02610479 0.09560888 0.02434044 0.06727766
 0.02434044 0.05642978 0.02434044 0.0302668  0.02434044 0.01708375
 0.02434044 0.19296637 0.02434044 0.06272978 0.02434043 0.03853354
 0.09625665]
[0.04330966 0.11860351 0.02018635 0.12454396 0.02503094 0.07756344
 0.02503094 0.04737547 0.02503094 0.03288393 0.02503094 0.01823982
 0.02503094 0.1617286  0.02503094 0.05307397 0.02503094 0.02742868
 0.09984601]
[0.05595415 0.10723403 0.03729704 0.0672144  0.03764777 0.06545754
 0.03764777 0.04893556 0.03764777 0.05526861 0.03764777 0.03163501
 0.03764777 0.08469532 0.03764777 0.06203945 0.03764777 0.04473467
 0.07599989]
[0.05051205 0.10441734 0.03224168 0.10354924 0.02711714 0.06548454
 0.02711714 0.03883208 0.02711714 0.0363249  0.02711714 0.0235258
 0.02711714 0.16149455 0.02711714 0.07172418 0.02711713 0.03847367
 0.08360006]
[0.05595415 0.10723403 0.03729704 0.0672144  0.03764777 0.06545754
 0.03764777 0.04893556 0.03764777 0.05526861 0.03764777 0.03163501
 0.03764777 0.08469532 0.03764777 0.06203945 0.03764777 0.04473467
 0.07599989]
[0.0469605  0.12251034 0.03086346 0.09485259 0.02683469 0.08020554
 0.02683469 0.04679545 0.02683469 0.03898056 0.02683469 0.02486311
 0.02683469 0.1282617  0.02683469 0.06392168 0.02683469 0.04132207
 0.09262021]
[0.05595415 0.10723403 0.03729704 0.0672144  0.03764777 0.06545754
 0.03764777 0.04893556 0.03764777 0.05526861 0.03764777 0.03163501
 0.03764777 0.08469532 0.03764777 0.06203945 0.03764777 0.04473467
 0.07599989]
[0.04438286 0.0840004  0.02999848 0.11059517 0.02448194 0.0862661
 0.02448194 0.04993863 0.02448194 0.03685212 0.02448194 0.01798935
 0.02448194 0.19194518 0.02448194 0.05192455 0.02448194 0.03457193
 0.09016167]
[0.05595415 0.10723403 0.03729704 0.0672144  0.03764777 0.06545754
 0.03764777 0.04893556 0.03764777 0.05526861 0.03764777 0.03163501
 0.03764777 0.08469532 0.03764777 0.06203945 0.03764777 0.04473467
 0.07599989]
[0.04578286 0.11350334 0.02786411 0.10955112 0.02769374 0.06488217
 0.02769374 0.04724737 0.02769374 0.03516077 0.02769374 0.02224714
 0.02769374 0.1586294  0.02769374 0.06479951 0.02769374 0.03278141
 0.08369457]
[0.05595415 0.10723403 0.03729704 0.0672144  0.03764777 0.06545754
 0.03764777 0.04893556 0.03764777 0.05526861 0.03764777 0.03163501
 0.03764777 0.08469532 0.03764777 0.06203945 0.03764777 0.04473467
 0.07599989]
[0.05031687 0.10808396 0.03912677 0.10913103 0.02997057 0.05367734
 0.02997057 0.04057866 0.02997057 0.03654107 0.02997057 0.02503176
 0.02997057 0.1363197  0.02997057 0.05795449 0.02997056 0.05530754
 0.0781368 ]
[0.05595415 0.10723403 0.03729704 0.0672144  0.03764777 0.06545754
 0.03764777 0.04893556 0.03764777 0.05526861 0.03764777 0.03163501
 0.03764777 0.08469532 0.03764777 0.06203945 0.03764777 0.04473467
 0.07599989]
[0.03557611 0.1059874  0.02846902 0.09506759 0.0259301  0.07986299
 0.0259301  0.05261973 0.0259301  0.0354101  0.0259301  0.0181938
 0.0259301  0.17933378 0.0259301  0.06038767 0.0259301  0.02794445
 0.09963667]
[0.05595415 0.10723403 0.03729704 0.06721438 0.03764777 0.06545752
 0.03764777 0.04893556 0.03764777 0.05526859 0.03764777 0.031635
 0.03764777 0.08469532 0.03764777 0.06203944 0.03764777 0.04473466
 0.07599985]
[0.0447249  0.11264646 0.02296143 0.10246601 0.02254878 0.05790433
 0.02254878 0.05286889 0.02254878 0.02823388 0.02254878 0.01466044
 0.02254878 0.21855366 0.02254878 0.06563608 0.02254878 0.03528431
 0.08621813]
[0.05473293 0.09232198 0.02880713 0.08967952 0.02489446 0.08616807
 0.02489446 0.06491828 0.02489446 0.0356161  0.02489446 0.01802931
 0.02489446 0.15248537 0.02489446 0.06587469 0.02489446 0.04471068
 0.09239465]]