69226
Test: public void test1381() throws Throwable { if (debug) System.out.format("%n%s%n", "RegressionTest2.test1381"); org.jsoup.nodes.Attribute attribute2 = org.jsoup.nodes.Attribute.createFromEncoded("hi!", "hi!"); java.lang.String str3 = attribute2.getKey(); org.jsoup.helper.Validate.notNull((java.lang.Object) attribute2, "org.jsoup.SerializationException: hi!"); org.jsoup.nodes.Attributes attributes6 = null; attribute2.parent = attributes6; java.lang.String str8 = attribute2.toString(); boolean boolean9 = attribute2.isDataAttribute(); }
Code: public Attribute(String key, String val, Attributes parent) { Validate.notNull(key); this.key = key.trim(); Validate.notEmpty(key); this.val = val; this.parent = parent; }
[[0.04273188 0.02901651 0.05528065 0.05395444 0.03875722 0.08341031
 0.05572822 0.06340273 0.08201418 0.0289581  0.02729793 0.10167804
 0.05146315 0.07862768 0.02729793 0.03636407 0.06780066 0.02729794
 0.02930601 0.01961247]
[0.03442335 0.025072   0.04958666 0.06279285 0.03698229 0.07962511
 0.04482929 0.05436316 0.08327862 0.01993312 0.035758   0.10273156
 0.04327096 0.0769733  0.035758   0.04963654 0.08050515 0.03575801
 0.02771384 0.02100827]
[0.03637811 0.02240877 0.05234516 0.06516357 0.03906428 0.07982379
 0.04566269 0.06375241 0.10651445 0.02527872 0.02526391 0.11432552
 0.04579332 0.07904969 0.02526391 0.03957768 0.06921358 0.02526391
 0.02640555 0.01345105]
[0.046079   0.02632791 0.05898429 0.05201194 0.03409165 0.07823236
 0.04396069 0.07528396 0.08740574 0.02527268 0.03095643 0.09537434
 0.04628183 0.09265494 0.03095643 0.04292272 0.05678159 0.03095643
 0.02681796 0.01864707]
[0.03957415 0.03203231 0.0634486  0.06055237 0.0355319  0.06579196
 0.04457591 0.07739453 0.07671648 0.02361204 0.03494775 0.10278078
 0.05591638 0.07216937 0.03494775 0.03313389 0.05668336 0.03494776
 0.03171231 0.02353044]
[0.03534737 0.0224422  0.05541656 0.05969047 0.0501809  0.08134463
 0.04511536 0.07812639 0.09302646 0.02615695 0.02727212 0.09120983
 0.04565473 0.08301498 0.02727212 0.03705977 0.06564897 0.02727212
 0.03034194 0.01840613]
[0.04022266 0.0198087  0.04866207 0.06362881 0.02859188 0.09214656
 0.03651576 0.08541353 0.09447523 0.02013395 0.02456409 0.1150161
 0.05450176 0.07430463 0.02456409 0.04654583 0.05859967 0.02456409
 0.03037953 0.01736107]
[0.04409227 0.02933659 0.05769783 0.06248096 0.04128841 0.08489875
 0.03891851 0.07359351 0.0689279  0.02649308 0.03682941 0.08105164
 0.04430228 0.07177648 0.03682941 0.04295996 0.05937777 0.0368294
 0.03679816 0.02551762]
[0.03861064 0.02288844 0.04679267 0.07576881 0.04004807 0.08042126
 0.04682643 0.06226327 0.07182215 0.0217596  0.0279636  0.12275913
 0.04843012 0.07155258 0.0279636  0.04282337 0.08103859 0.0279636
 0.02754477 0.01475933]
[0.03428176 0.02329154 0.05149031 0.07868534 0.04018467 0.08506919
 0.04735095 0.07970204 0.10747677 0.02152562 0.02754508 0.08883221
 0.0463308  0.07448535 0.02754508 0.04238083 0.0551291  0.02754508
 0.02553351 0.01561469]
[0.04731427 0.03291278 0.04988893 0.05577354 0.03668713 0.07607009
 0.05356883 0.05559664 0.05395966 0.03482614 0.03985034 0.0873515
 0.05071872 0.08329634 0.03985034 0.04078288 0.05301807 0.03985034
 0.04497396 0.02370956]
[0.03422657 0.02437994 0.04925718 0.05870136 0.05487412 0.09253285
 0.04600338 0.07984913 0.06572833 0.01974558 0.02724809 0.11410119
 0.05266731 0.07893509 0.02724809 0.04367231 0.0524262  0.02724809
 0.0299021  0.02125303]
[0.03683583 0.02731083 0.05057248 0.06656885 0.03888309 0.09037288
 0.0345889  0.06568113 0.11792995 0.02179228 0.02827153 0.09520718
 0.0625775  0.06183176 0.02827153 0.03782855 0.06510286 0.02827153
 0.02449971 0.01760158]
[0.02893995 0.02137879 0.0468218  0.06271173 0.06167472 0.07007992
 0.04619412 0.06907092 0.07436635 0.02468713 0.02856577 0.11958392
 0.0438908  0.08090977 0.02856577 0.04246476 0.07500567 0.02856577
 0.02716615 0.01935617]
[0.04731427 0.03291278 0.04988893 0.05577354 0.03668713 0.07607009
 0.05356883 0.05559664 0.05395966 0.03482614 0.03985034 0.0873515
 0.05071872 0.08329634 0.03985034 0.04078288 0.05301807 0.03985034
 0.04497396 0.02370956]
[0.04293274 0.02613817 0.05437393 0.06394042 0.04367242 0.07257994
 0.04500558 0.072964   0.06998243 0.0261217  0.03096561 0.10677399
 0.04768846 0.08194236 0.03096561 0.03732792 0.06684106 0.03096561
 0.03224429 0.01657383]
[0.03709767 0.02992795 0.04914992 0.06983867 0.04346666 0.07946146
 0.04955854 0.06711709 0.085887   0.0268638  0.03092192 0.10162457
 0.03967021 0.07446998 0.03092192 0.04284458 0.06325355 0.03092192
 0.02806131 0.01894123]
[0.04731427 0.03291278 0.04988893 0.05577354 0.03668713 0.07607009
 0.05356883 0.05559664 0.05395966 0.03482614 0.03985034 0.0873515
 0.05071872 0.08329634 0.03985034 0.04078288 0.05301807 0.03985034
 0.04497396 0.02370956]
[0.03391488 0.02545569 0.05174369 0.0790091  0.03400363 0.08247356
 0.05094248 0.07322497 0.08653771 0.01982007 0.02985292 0.1012677
 0.05454458 0.07203959 0.02985292 0.03760793 0.06741738 0.02985292
 0.02748947 0.01294884]
[0.03149551 0.02741705 0.05639643 0.05769926 0.03262236 0.08597799
 0.05593514 0.07951744 0.0672898  0.03061648 0.02832527 0.09941785
 0.05711748 0.0740768  0.02832527 0.03501085 0.07717197 0.02832527
 0.0300814  0.01718039]]