18510
Test: public void test3() throws Throwable { if (debug) System.out.format("%n%s%n", "RegressionTest0.test3"); boolean boolean1 = com.google.javascript.jscomp.CodeConsumer.isNegativeZero((double) 13); }
Code: static boolean isNegativeZero(double x) { return x >= 0.0 == (Math.copySign(-1, x) == +0.0); }
tensor([[0.1182, 0.1140, 0.1209, 0.0736, 0.0839, 0.0392, 0.0795, 0.0369, 0.0247,
         0.0495, 0.0441, 0.0736, 0.0495, 0.0704, 0.0220],
        [0.1158, 0.1332, 0.1316, 0.0632, 0.0784, 0.0489, 0.1098, 0.0259, 0.0176,
         0.0423, 0.0450, 0.0632, 0.0423, 0.0685, 0.0143],
        [0.1123, 0.1043, 0.1009, 0.0975, 0.0896, 0.0412, 0.0751, 0.0289, 0.0236,
         0.0505, 0.0432, 0.0975, 0.0505, 0.0661, 0.0187],
        [0.1200, 0.1060, 0.1131, 0.0903, 0.0621, 0.0413, 0.0846, 0.0324, 0.0228,
         0.0548, 0.0461, 0.0903, 0.0548, 0.0653, 0.0161],
        [0.1105, 0.0943, 0.1071, 0.0985, 0.0778, 0.0516, 0.0786, 0.0344, 0.0301,
         0.0475, 0.0472, 0.0985, 0.0475, 0.0499, 0.0267],
        [0.1261, 0.1217, 0.1203, 0.0920, 0.0546, 0.0369, 0.0904, 0.0273, 0.0296,
         0.0474, 0.0494, 0.0920, 0.0474, 0.0502, 0.0148],
        [0.0904, 0.0876, 0.1076, 0.0872, 0.0663, 0.0510, 0.0849, 0.0390, 0.0357,
         0.0563, 0.0486, 0.0872, 0.0563, 0.0743, 0.0277],
        [0.1049, 0.1129, 0.1297, 0.0772, 0.0769, 0.0488, 0.1092, 0.0384, 0.0214,
         0.0379, 0.0442, 0.0772, 0.0379, 0.0675, 0.0157],
        [0.1298, 0.1277, 0.1122, 0.0766, 0.0681, 0.0386, 0.1008, 0.0321, 0.0252,
         0.0483, 0.0389, 0.0766, 0.0483, 0.0597, 0.0171],
        [0.1365, 0.1532, 0.1165, 0.0735, 0.0640, 0.0356, 0.1070, 0.0252, 0.0170,
         0.0508, 0.0339, 0.0735, 0.0508, 0.0499, 0.0127],
        [0.1227, 0.1136, 0.1029, 0.0857, 0.0661, 0.0446, 0.0942, 0.0282, 0.0280,
         0.0488, 0.0459, 0.0857, 0.0488, 0.0652, 0.0197],
        [0.1200, 0.1060, 0.1131, 0.0903, 0.0621, 0.0413, 0.0846, 0.0324, 0.0228,
         0.0548, 0.0461, 0.0903, 0.0548, 0.0653, 0.0161],
        [0.1365, 0.1532, 0.1165, 0.0735, 0.0640, 0.0356, 0.1070, 0.0252, 0.0170,
         0.0508, 0.0339, 0.0735, 0.0508, 0.0499, 0.0127],
        [0.1282, 0.0930, 0.1143, 0.0693, 0.0542, 0.0534, 0.0820, 0.0368, 0.0333,
         0.0650, 0.0492, 0.0693, 0.0650, 0.0729, 0.0141],
        [0.1215, 0.0981, 0.1088, 0.0619, 0.0745, 0.0625, 0.1140, 0.0315, 0.0328,
         0.0494, 0.0419, 0.0619, 0.0494, 0.0758, 0.0160]])