100352
Test: public void testAddSeconds_int_dstOverlapWinter_addZero() { MutableDateTime test = new MutableDateTime(2011, 10, 30, 2, 30, 0, 0, DateTimeZone.forID("Europe/Berlin")); test.addHours(1); test.addSeconds(0); }
Code: public void addSeconds(final int seconds) { if (seconds != 0) { setMillis(getChronology().seconds().add(getMillis(), seconds)); } }
[[0.06014297 0.04818868 0.02649168 0.03877471 0.0816745  0.07651719
 0.16173808 0.1381591  0.03236378 0.032857   0.07651719 0.07414873
 0.10278501 0.02482072 0.02482072]
[0.04657499 0.03944415 0.02291775 0.02512417 0.08515287 0.07562927
 0.15409398 0.18039326 0.02790884 0.028951   0.07562925 0.08867671
 0.10301529 0.02324423 0.02324423]
[0.04242779 0.03859486 0.02651586 0.0269434  0.08302299 0.07745405
 0.18874007 0.15473656 0.02268685 0.02936768 0.07745409 0.09311809
 0.10644999 0.01624387 0.01624387]
[0.0366409  0.03149777 0.02275015 0.02721287 0.08256397 0.07833835
 0.21112062 0.15206805 0.02245037 0.0277214  0.07833832 0.09296431
 0.10156935 0.01738178 0.01738178]
[0.04684553 0.03336474 0.0259022  0.02620067 0.0778897  0.08999085
 0.18208808 0.13930434 0.02627592 0.03274522 0.08999088 0.09922758
 0.09148999 0.01934214 0.01934214]
[0.05964248 0.05119663 0.03714184 0.02953154 0.08915957 0.08619013
 0.10399818 0.11841223 0.04054664 0.03860738 0.08619014 0.08594266
 0.10956419 0.03193821 0.03193821]
[0.03898488 0.02765242 0.01835483 0.02010922 0.08533017 0.06802984
 0.2146081  0.17885214 0.01356919 0.02730617 0.06802982 0.09367178
 0.12355009 0.01097565 0.01097565]
[0.06248882 0.03792881 0.03140629 0.02912311 0.07971393 0.07459696
 0.16756782 0.12693137 0.02996082 0.03449293 0.07459697 0.09684878
 0.10620898 0.02406719 0.02406719]
[0.04522104 0.02963326 0.02362923 0.02615845 0.09115064 0.08944791
 0.16714242 0.15631463 0.01790266 0.03378858 0.0894479  0.09786554
 0.09871578 0.01679097 0.01679097]
[0.04689334 0.04541728 0.02946516 0.02896761 0.0852818  0.07795296
 0.15799063 0.14817269 0.03671741 0.03152604 0.07795296 0.08289888
 0.09635679 0.02720324 0.02720324]
[0.05964248 0.05119663 0.03714184 0.02953154 0.08915957 0.08619013
 0.10399818 0.11841223 0.04054664 0.03860738 0.08619014 0.08594266
 0.10956419 0.03193821 0.03193821]
[0.04189557 0.0360548  0.0296723  0.02555044 0.07767595 0.08302937
 0.14175421 0.14498511 0.0248141  0.03586211 0.08302932 0.10615785
 0.12368346 0.0229177  0.0229177 ]
[0.04959551 0.03550588 0.02696327 0.02255899 0.07527955 0.09163999
 0.14322402 0.16216844 0.03165859 0.02773931 0.09163999 0.09052201
 0.10513511 0.02318464 0.02318465]
[0.04223725 0.03760426 0.02860356 0.03268207 0.09362079 0.09268389
 0.15952316 0.12220068 0.02907669 0.02849478 0.09268389 0.07811282
 0.12105674 0.02070969 0.02070969]
[0.04223725 0.03760426 0.02860356 0.03268207 0.09362079 0.09268389
 0.15952316 0.12220068 0.02907669 0.02849478 0.09268389 0.07811282
 0.12105674 0.02070969 0.02070969]]