15594
Test: public void test103() throws Throwable { if (debug) System.out.format("%n%s%n", "RegressionTest0.test103"); org.apache.commons.cli2.builder.GroupBuilder groupBuilder0 = null; org.apache.commons.cli2.builder.DefaultOptionBuilder defaultOptionBuilder4 = new org.apache.commons.cli2.builder.DefaultOptionBuilder("<hi!1> [<hi!2> [<hi!3> [<hi!4> [<hi!5> [<hi!6> [<hi!7> [<hi!8> [<hi!9> [<hi!10>]]]]]]]]]", "-", true); org.apache.commons.cli2.builder.DefaultOptionBuilder defaultOptionBuilder6 = defaultOptionBuilder4.withLongName("<hi!1> [<hi!2> [<hi!3> [<hi!4> [<hi!5> [<hi!6> [<hi!7> [<hi!8> [<hi!9> [<hi!10>]]]]]]]]]"); org.apache.commons.cli2.builder.DefaultOptionBuilder defaultOptionBuilder8 = defaultOptionBuilder4.withLongName(""); org.apache.commons.cli2.builder.ArgumentBuilder argumentBuilder9 = new org.apache.commons.cli2.builder.ArgumentBuilder(); org.apache.commons.cli2.builder.ArgumentBuilder argumentBuilder11 = argumentBuilder9.withSubsequentSeparator('#'); org.apache.commons.cli2.builder.ArgumentBuilder argumentBuilder13 = argumentBuilder11.withMinimum((int) (short) 0); org.apache.commons.cli2.builder.ArgumentBuilder argumentBuilder14 = argumentBuilder11.reset(); org.apache.commons.cli2.Argument argument15 = argumentBuilder11.create(); org.apache.commons.cli2.builder.PatternBuilder patternBuilder16 = new org.apache.commons.cli2.builder.PatternBuilder(groupBuilder0, defaultOptionBuilder4, argumentBuilder11); org.apache.commons.cli2.builder.ArgumentBuilder argumentBuilder18 = argumentBuilder11.withInitialSeparator(' '); org.apache.commons.cli2.Argument argument19 = argumentBuilder11.create(); }
Code: public PatternBuilder( final GroupBuilder gbuilder, final DefaultOptionBuilder obuilder, final ArgumentBuilder abuilder) { this.gbuilder = gbuilder; this.obuilder = obuilder; this.abuilder = abuilder; }
[[0.0302425  0.06858212 0.0249988  0.0394005  0.04467234 0.0249988
 0.06384136 0.01436795 0.0249988  0.02588577 0.02919162 0.04581752
 0.21057808 0.01937985 0.03512738 0.05244029 0.01937985 0.09849562
 0.05016631 0.01937985 0.04396754 0.01408718]
[0.0309954  0.08516873 0.02334051 0.03440671 0.04845677 0.02334051
 0.07454873 0.01477909 0.02334051 0.02585757 0.03768716 0.05118212
 0.15449783 0.01880063 0.04001069 0.04775479 0.01880063 0.11191627
 0.05242391 0.01880063 0.05142422 0.01246657]
[0.02782608 0.07177293 0.01908219 0.03658247 0.04398539 0.01908219
 0.05262024 0.01253425 0.01908219 0.0199079  0.02373733 0.0519251
 0.2508686  0.02145169 0.03874647 0.0538211  0.02145169 0.0981615
 0.04689787 0.02145169 0.03902162 0.00998954]
[0.03290331 0.07170697 0.02744827 0.03237065 0.05452255 0.02744827
 0.0744483  0.01414775 0.02744827 0.02457282 0.02638654 0.05136747
 0.19245717 0.01807295 0.03113445 0.05526724 0.01807295 0.08250578
 0.05634565 0.01807295 0.05013513 0.01316446]
[0.02034424 0.0775122  0.02108698 0.03806641 0.05425067 0.02108698
 0.07544963 0.01310884 0.02108698 0.02437268 0.02823434 0.04890307
 0.19002971 0.02122822 0.04039244 0.04915239 0.02122821 0.10242081
 0.04959285 0.02122821 0.04985878 0.01136544]
[0.02782608 0.07177293 0.01908219 0.03658247 0.04398539 0.01908219
 0.05262024 0.01253425 0.01908219 0.0199079  0.02373733 0.0519251
 0.2508686  0.02145169 0.03874647 0.0538211  0.02145169 0.0981615
 0.04689787 0.02145169 0.03902162 0.00998954]
[0.0302155  0.08765726 0.02109259 0.04024526 0.04391809 0.02109259
 0.07069396 0.01320262 0.02109259 0.02162053 0.02767402 0.05630098
 0.20267864 0.01855132 0.03879423 0.05475923 0.01855132 0.09209937
 0.04359037 0.01855132 0.04561621 0.01200202]
[0.0280876  0.07692565 0.02242948 0.03882033 0.04220641 0.02242948
 0.07527518 0.01417907 0.02242948 0.02042841 0.0270867  0.04688342
 0.21238974 0.01973548 0.03717456 0.05286044 0.01973548 0.09748871
 0.04233266 0.01973548 0.04968943 0.0116768 ]
[0.02782608 0.07177293 0.01908219 0.03658247 0.04398539 0.01908219
 0.05262024 0.01253425 0.01908219 0.0199079  0.02373733 0.0519251
 0.2508686  0.02145169 0.03874647 0.0538211  0.02145169 0.0981615
 0.04689787 0.02145169 0.03902162 0.00998954]
[0.02749391 0.10520136 0.0213993  0.03698949 0.05683767 0.0213993
 0.05345377 0.01520426 0.0213993  0.02307159 0.0273606  0.04050927
 0.22366111 0.02185298 0.0394991  0.05147417 0.02185298 0.08032957
 0.04268344 0.02185298 0.03536955 0.01110434]
[0.02771005 0.07610787 0.02346734 0.0322378  0.04572375 0.02346734
 0.07000846 0.01301157 0.02346734 0.02471083 0.03482707 0.0598547
 0.22443776 0.02030644 0.0317335  0.05162329 0.02030644 0.07868244
 0.04409596 0.02030644 0.04409385 0.00981971]
[0.03384417 0.08541737 0.0332914  0.04259447 0.04251678 0.0332914
 0.0669803  0.02382639 0.0332914  0.02773717 0.03668866 0.05594726
 0.1113179  0.02824487 0.04757719 0.05561314 0.02824486 0.08120404
 0.03921389 0.02824486 0.04543026 0.0194822 ]
[0.03321077 0.07228933 0.02997323 0.0337093  0.05622634 0.02997323
 0.06368905 0.01677144 0.02997323 0.02879683 0.02767842 0.05528818
 0.1420178  0.02218352 0.04093015 0.05535124 0.02218352 0.0916089
 0.05781505 0.02218352 0.05230127 0.01584561]
[0.03873208 0.07850209 0.03262959 0.04725109 0.0590364  0.03262959
 0.06559865 0.02574494 0.03262959 0.03006766 0.03474839 0.0438454
 0.09775198 0.03214216 0.04359175 0.0451338  0.03214216 0.08499253
 0.04535487 0.03214216 0.04632605 0.01900709]
[0.02415052 0.07146904 0.02216003 0.03684112 0.04043026 0.02216003
 0.0726645  0.0126293  0.02216003 0.02077388 0.02798787 0.04631506
 0.24477383 0.01873427 0.0315316  0.06005084 0.01873427 0.09084755
 0.04529653 0.01873427 0.04241213 0.00914319]
[0.03187046 0.08080678 0.0274644  0.03939109 0.04734875 0.0274644
 0.06393932 0.01742436 0.0274644  0.02532328 0.03087075 0.04426134
 0.1711804  0.02359744 0.04208548 0.0491147  0.02359744 0.09166901
 0.05181269 0.02359744 0.04524767 0.01446843]
[0.03873208 0.07850209 0.03262959 0.04725109 0.0590364  0.03262959
 0.06559865 0.02574494 0.03262959 0.03006766 0.03474839 0.0438454
 0.09775198 0.03214216 0.04359175 0.0451338  0.03214216 0.08499253
 0.04535487 0.03214216 0.04632605 0.01900709]
[0.02427019 0.09292911 0.02227649 0.03725496 0.05093872 0.02227649
 0.07648625 0.01372473 0.02227649 0.02159248 0.02683987 0.05601154
 0.21480204 0.01693122 0.03184972 0.04853867 0.01693122 0.08234568
 0.04956643 0.01693122 0.04597749 0.00924892]
[0.02697896 0.07650977 0.02493956 0.03881409 0.06377128 0.02493956
 0.06902888 0.01687706 0.02493956 0.02823656 0.02977746 0.0478294
 0.18520951 0.02139146 0.03451791 0.04834007 0.02139146 0.08540092
 0.05186968 0.02139146 0.04490635 0.01293903]
[0.03873208 0.07850209 0.03262959 0.04725109 0.0590364  0.03262959
 0.06559865 0.02574494 0.03262959 0.03006766 0.03474839 0.0438454
 0.09775198 0.03214216 0.04359175 0.0451338  0.03214216 0.08499253
 0.04535487 0.03214216 0.04632605 0.01900709]
[0.02276048 0.0838732  0.01925061 0.03053065 0.05270606 0.01925061
 0.07236738 0.01199841 0.01925061 0.02560493 0.02665524 0.04717663
 0.24576458 0.0194448  0.03085468 0.05746691 0.0194448  0.08765015
 0.04001874 0.0194448  0.03868128 0.00980445]
[0.02310619 0.07707085 0.02119653 0.03740647 0.06003458 0.02119653
 0.06757016 0.01322617 0.02119653 0.02411308 0.02678917 0.0634231
 0.19076589 0.02133287 0.04097364 0.0379715  0.02133287 0.09614888
 0.05495172 0.02133287 0.04540689 0.01345353]]