69434
Test: @Test public void testGetSiblings() { Document doc = Jsoup.parse("<div><p>Hello<p id=1>there<p>this<p>is<p>an<p id=last>element</div>"); Element p = doc.getElementById("1"); }
Code: public Element previousElementSibling(){List<Element> siblings = parent().children();Integer index = indexInList(this, siblings);;if (index > 1)return siblings.get(index-1);elsereturn null;}
tensor([[0.0679, 0.0313, 0.0665, 0.1128, 0.0433, 0.0581, 0.0520, 0.0433, 0.0736,
         0.0675, 0.0688, 0.1115, 0.0763, 0.0627, 0.0645],
        [0.0737, 0.0317, 0.0655, 0.1002, 0.0448, 0.0568, 0.0459, 0.0448, 0.0615,
         0.0685, 0.0792, 0.1423, 0.0756, 0.0578, 0.0518],
        [0.0530, 0.0255, 0.0533, 0.0933, 0.0575, 0.0646, 0.0456, 0.0575, 0.0569,
         0.0773, 0.0788, 0.1150, 0.0912, 0.0690, 0.0614],
        [0.0562, 0.0311, 0.0544, 0.1094, 0.0514, 0.0468, 0.0410, 0.0514, 0.0612,
         0.0832, 0.0853, 0.1195, 0.0884, 0.0669, 0.0538],
        [0.0717, 0.0432, 0.0752, 0.0779, 0.0601, 0.0672, 0.0437, 0.0601, 0.0655,
         0.0655, 0.0743, 0.0966, 0.0813, 0.0678, 0.0497],
        [0.0657, 0.0232, 0.0725, 0.1034, 0.0419, 0.0468, 0.0391, 0.0419, 0.0831,
         0.0797, 0.0757, 0.1181, 0.0872, 0.0691, 0.0527],
        [0.0489, 0.0234, 0.0772, 0.0928, 0.0523, 0.0555, 0.0428, 0.0523, 0.0577,
         0.0698, 0.0821, 0.1132, 0.1111, 0.0660, 0.0548],
        [0.0717, 0.0432, 0.0752, 0.0779, 0.0601, 0.0672, 0.0437, 0.0601, 0.0655,
         0.0655, 0.0743, 0.0966, 0.0813, 0.0678, 0.0497],
        [0.0485, 0.0200, 0.0641, 0.1327, 0.0437, 0.0552, 0.0402, 0.0437, 0.0652,
         0.0634, 0.0657, 0.1397, 0.0889, 0.0752, 0.0539],
        [0.0686, 0.0259, 0.0647, 0.1038, 0.0395, 0.0465, 0.0402, 0.0395, 0.0753,
         0.0740, 0.0687, 0.1809, 0.0618, 0.0614, 0.0492],
        [0.0629, 0.0368, 0.0693, 0.1068, 0.0437, 0.0525, 0.0397, 0.0437, 0.0781,
         0.0734, 0.0801, 0.1201, 0.0799, 0.0565, 0.0566],
        [0.0772, 0.0280, 0.0592, 0.1287, 0.0420, 0.0597, 0.0390, 0.0420, 0.0601,
         0.0717, 0.0657, 0.1418, 0.0746, 0.0610, 0.0492],
        [0.0645, 0.0285, 0.0629, 0.0971, 0.0646, 0.0519, 0.0437, 0.0646, 0.0538,
         0.0759, 0.0785, 0.0979, 0.1019, 0.0609, 0.0533],
        [0.0531, 0.0250, 0.0756, 0.1316, 0.0515, 0.0585, 0.0381, 0.0515, 0.0648,
         0.0626, 0.0681, 0.0862, 0.0993, 0.0720, 0.0620],
        [0.0631, 0.0260, 0.0660, 0.1043, 0.0413, 0.0494, 0.0353, 0.0413, 0.0559,
         0.0813, 0.0743, 0.1454, 0.0953, 0.0686, 0.0525]])