18405
Test: public void testGetNameReferenceCount() { }
Code: private void parse(AbstractCompiler compiler){try {ParserRunner.ParseResult result = ParserRunner.parse(sourceFile, sourceFile.getCode(),compiler.getParserConfig(),compiler.getDefaultErrorReporter(),logger_);root = result.ast;compiler.setOldParseTree(sourceFile.getName(), result.oldAst);} catch (IOException e) {compiler.report(JSError.make(AbstractCompiler.READ_ERROR, sourceFile.getName()));}if (root == null || compiler.hasHaltingErrors()) {;} else {compiler.prepareAst(root);};}
[[0.04734858 0.0244526  0.04946296 0.03905837 0.01642135 0.01940479
 0.01852832 0.03812053 0.04644933 0.01852832 0.02746414 0.05256168
 0.02701286 0.06064551 0.06136043 0.04233699 0.0262783  0.07561252
 0.03616684 0.02232106 0.0322372  0.065368   0.01980838 0.0417368
 0.0913142 ]
[0.03622224 0.02337755 0.03772776 0.04287696 0.02088476 0.02319997
 0.02148305 0.05310347 0.04745946 0.02148305 0.03053095 0.05188556
 0.023743   0.0504528  0.08720939 0.03245765 0.01752638 0.07066435
 0.03395089 0.0278983  0.03252198 0.0662858  0.01508607 0.04290032
 0.08906825]
[0.03860392 0.02323275 0.05392996 0.04659248 0.01629998 0.01715758
 0.01938315 0.04217096 0.04179551 0.01938315 0.02307942 0.05089071
 0.02454556 0.05990512 0.07714739 0.04609766 0.02475526 0.068394
 0.03715659 0.02621522 0.03142383 0.04879743 0.01770991 0.03784611
 0.10748634]
[0.03434178 0.02143959 0.04962411 0.03484159 0.0195217  0.02238817
 0.02142904 0.04347611 0.04676655 0.02142904 0.02592496 0.04899388
 0.02288702 0.06146527 0.06027483 0.04578124 0.02164327 0.08242724
 0.03305883 0.02245665 0.03247186 0.07657942 0.01282995 0.04502874
 0.09291919]
[0.03949711 0.02199923 0.05285422 0.03684207 0.01908439 0.02546139
 0.01986231 0.04840324 0.05020162 0.01986231 0.01968823 0.0508302
 0.01833656 0.05889732 0.07437738 0.0418505  0.0202179  0.07094324
 0.04246383 0.02684177 0.0436138  0.05942776 0.01142324 0.0435008
 0.08351958]
[0.03958746 0.0292949  0.04124776 0.04943381 0.020637   0.02675063
 0.01932403 0.04240295 0.0410185  0.01932403 0.02282559 0.04044436
 0.02970195 0.05832743 0.05190649 0.04620435 0.02188428 0.08490136
 0.03886732 0.03219297 0.03522238 0.06461432 0.01401237 0.05554784
 0.07432593]
[0.04285783 0.0280548  0.05901446 0.0439275  0.0250728  0.0206698
 0.02873114 0.03358342 0.04008655 0.02873114 0.03551932 0.03583929
 0.03089524 0.04403603 0.05896062 0.0516935  0.02926072 0.0644484
 0.03745238 0.02778121 0.02753545 0.06442921 0.01941984 0.03993748
 0.08206185]
[0.0345737  0.02098847 0.05898804 0.0437838  0.01756528 0.020401
 0.02491842 0.0375444  0.04571437 0.02491842 0.02474136 0.04868345
 0.01875347 0.0627778  0.0553137  0.04819475 0.0285483  0.06742805
 0.03893025 0.02870131 0.04220435 0.07028976 0.01776404 0.04702501
 0.07124852]
[0.05066959 0.01992998 0.04403735 0.03926398 0.0167769  0.02268565
 0.01713341 0.04721136 0.04401702 0.01713341 0.02059119 0.03575379
 0.02341474 0.0663667  0.0601862  0.03827869 0.02261513 0.0727793
 0.04381852 0.02779747 0.04102644 0.0627705  0.01622772 0.04004941
 0.10946555]
[0.04285783 0.0280548  0.05901446 0.0439275  0.0250728  0.0206698
 0.02873114 0.03358342 0.04008655 0.02873114 0.03551932 0.03583929
 0.03089524 0.04403603 0.05896062 0.0516935  0.02926072 0.0644484
 0.03745238 0.02778121 0.02753545 0.06442921 0.01941984 0.03993748
 0.08206185]
[0.03470673 0.01809049 0.04865726 0.05307099 0.01850469 0.0207269
 0.01600249 0.03914934 0.05235228 0.01600249 0.02359932 0.05019769
 0.02175904 0.0673319  0.06921646 0.04615275 0.01994382 0.06883375
 0.03727479 0.02151078 0.03595028 0.06330018 0.01548144 0.04168943
 0.10049471]
[0.04909455 0.02399253 0.04652548 0.04210154 0.01922441 0.02055063
 0.01879209 0.05431583 0.04570091 0.01879209 0.03019401 0.04138682
 0.03085179 0.04835173 0.06955172 0.04057271 0.02145507 0.06910976
 0.04737272 0.02933703 0.03518995 0.06529123 0.01625901 0.03907508
 0.07691134]
[0.03593948 0.01949487 0.04771699 0.04905794 0.02274967 0.01857837
 0.01695417 0.04254862 0.04789893 0.01695417 0.03246288 0.04971436
 0.02687916 0.05411046 0.07263397 0.04479173 0.02077579 0.07012393
 0.04064891 0.02332202 0.03682052 0.07030085 0.01492824 0.04377577
 0.08081815]
[0.04278246 0.02498347 0.04934005 0.04132259 0.01864705 0.02028481
 0.02393318 0.03421348 0.04571978 0.02393318 0.02913361 0.05465496
 0.02540085 0.05485216 0.07101018 0.04471793 0.02702431 0.06471333
 0.04055543 0.02606009 0.02754215 0.05613427 0.01903903 0.04544457
 0.08855718]
[0.03612936 0.02076841 0.05907996 0.03775675 0.0228826  0.02044722
 0.02051054 0.04550964 0.05134907 0.02051054 0.02998284 0.0398952
 0.02642513 0.04317708 0.06570872 0.0471886  0.02540279 0.08210335
 0.03656991 0.02674797 0.0313368  0.07445169 0.01569953 0.03860329
 0.08176305]
[0.03619328 0.02461539 0.04961662 0.04651475 0.01493338 0.02019772
 0.01818986 0.04227885 0.04945299 0.01818986 0.02511347 0.05049213
 0.02598334 0.05574755 0.07192865 0.04717154 0.02365226 0.0766727
 0.04122059 0.02365138 0.03082616 0.05085865 0.02003211 0.04202188
 0.09444485]
[0.03583958 0.02044911 0.04350258 0.04692522 0.01757585 0.02112731
 0.01640538 0.05244261 0.04649441 0.01640538 0.02483196 0.04066058
 0.02602851 0.05364679 0.07608483 0.03819721 0.02373993 0.07421004
 0.04339664 0.02773004 0.03147839 0.04672796 0.01633872 0.03638132
 0.12337956]
[0.04683766 0.01960083 0.05154484 0.04570221 0.01724606 0.01920119
 0.01685032 0.0440338  0.04339964 0.01685032 0.02721153 0.03939246
 0.03455024 0.05915506 0.05678545 0.04891939 0.02528963 0.0832825
 0.03756474 0.02297044 0.03355829 0.06055028 0.01723732 0.04348185
 0.08878399]
[0.04099342 0.02092452 0.04064981 0.04270034 0.01677477 0.02167255
 0.01883246 0.04824011 0.04569233 0.01883246 0.02218384 0.05766771
 0.01904362 0.05661856 0.07440897 0.04231242 0.0173302  0.06794078
 0.0419897  0.01993722 0.0343605  0.07848799 0.01405626 0.04098223
 0.09736719]
[0.04343911 0.02163658 0.04985709 0.03561395 0.0183074  0.02200506
 0.02427169 0.04370638 0.04954113 0.02427169 0.0316591  0.04597926
 0.0233437  0.06313645 0.06274704 0.04655838 0.02274672 0.07801194
 0.04111888 0.02370917 0.03157631 0.05857313 0.02106666 0.03713371
 0.07998945]
[0.05129302 0.01986468 0.0595724  0.04464882 0.01684973 0.0208844
 0.02048852 0.0502808  0.04300404 0.02048852 0.02700355 0.04981777
 0.02692488 0.0560741  0.06542229 0.04528505 0.02438111 0.05833017
 0.03764316 0.02664912 0.032994   0.06609246 0.02120832 0.03652892
 0.07827021]
[0.03805145 0.01911977 0.05947694 0.04745626 0.01676779 0.02042368
 0.01783401 0.02872066 0.04094868 0.01783401 0.02448608 0.04748967
 0.02861311 0.05638137 0.06848691 0.04238836 0.02835535 0.07189968
 0.03808462 0.02131432 0.03403734 0.0705003  0.01459054 0.04260423
 0.1041349 ]
[0.04762524 0.0250981  0.04249079 0.04467496 0.01709155 0.0203052
 0.01966082 0.0404838  0.04849182 0.01966082 0.02996329 0.03828714
 0.03010192 0.0444081  0.06308685 0.04327924 0.02614768 0.06619789
 0.0336032  0.03276701 0.03579107 0.05897906 0.02129494 0.04744552
 0.10306399]
[0.03653446 0.01970596 0.04701818 0.04519146 0.01990607 0.0275293
 0.01815088 0.04700642 0.05652952 0.01815088 0.02654018 0.05199194
 0.02433737 0.05483574 0.06246134 0.0421465  0.02064452 0.06611394
 0.03810588 0.02764423 0.03711667 0.06008266 0.01767763 0.04558341
 0.08899484]
[0.04518847 0.01833675 0.05510645 0.03818988 0.0181713  0.02174078
 0.02137507 0.04465188 0.04586519 0.02137507 0.02520132 0.05990665
 0.0208394  0.05061911 0.06682838 0.04408254 0.02539252 0.07014702
 0.0338105  0.02742764 0.03101624 0.07229252 0.01305562 0.04554107
 0.0838386 ]]