67274
Test: public void test08() throws Throwable { if (debug) System.out.format("%n%s%n", "RegressionTest0.test08"); com.fasterxml.jackson.databind.type.PlaceholderForType placeholderForType1 = new com.fasterxml.jackson.databind.type.PlaceholderForType(0); java.lang.String str2 = placeholderForType1.buildCanonicalName(); boolean boolean3 = placeholderForType1.hasHandlers(); boolean boolean4 = placeholderForType1.isAbstract(); }
Code: protected String buildCanonicalName() { StringBuilder sb = new StringBuilder(); sb.append(_class.getName()); sb.append('<'); sb.append(_referencedType.toCanonical()); sb.append('>'); return sb.toString(); }
[[0.06097522 0.05207686 0.10117585 0.07095229 0.05516765 0.0217072
 0.0272128  0.01664014 0.07224934 0.0598415  0.12942004 0.05239301
 0.04961715 0.04452319 0.17192177 0.01412596]
[0.06106718 0.04822881 0.08086906 0.0677874  0.05800134 0.02143376
 0.02860402 0.01819884 0.08169904 0.05382122 0.10481189 0.06213344
 0.04383506 0.04352887 0.20909683 0.01688324]
[0.0724457  0.05826125 0.0908955  0.05138398 0.03646379 0.01625671
 0.03095778 0.01700493 0.08947363 0.06062417 0.10652968 0.04572339
 0.05906959 0.04898603 0.20021385 0.01570997]
[0.07938437 0.05869753 0.06424619 0.07208377 0.05412599 0.02688957
 0.03530785 0.02291548 0.0804413  0.05935756 0.11540709 0.05360564
 0.06270222 0.04798511 0.14211486 0.02473551]
[0.06285737 0.055649   0.10790885 0.08112183 0.04882422 0.0256277
 0.0275538  0.01964763 0.07726248 0.05458391 0.10634749 0.05253103
 0.05847232 0.05059658 0.15018241 0.02083336]
[0.06373027 0.06612368 0.09876317 0.06328757 0.04800991 0.02205129
 0.02610297 0.01984932 0.07760183 0.0633668  0.12596497 0.05335528
 0.05839108 0.04674206 0.14645073 0.0202091 ]
[0.07365683 0.05691013 0.07248755 0.0568001  0.05411927 0.0324746
 0.04068666 0.02284899 0.06770617 0.06171287 0.12527587 0.05227774
 0.06042494 0.05342984 0.14497703 0.02421142]
[0.06968234 0.06002585 0.06701685 0.07247008 0.0426706  0.02365345
 0.0285508  0.02289198 0.08272958 0.06707446 0.08933035 0.06371642
 0.04512125 0.05136624 0.19312403 0.0205757 ]
[0.05472037 0.04635271 0.09214301 0.07282065 0.0486212  0.01868718
 0.02501769 0.01603944 0.06552303 0.05798946 0.11025387 0.05331093
 0.0516499  0.05159439 0.22106177 0.01421442]
[0.06104522 0.05781801 0.09236044 0.08679708 0.04610004 0.01888487
 0.02356718 0.01843769 0.07770644 0.06006858 0.11571924 0.04499985
 0.05287748 0.03688281 0.1897464  0.01698864]
[0.05043919 0.0524287  0.09330396 0.07966941 0.05262308 0.02208194
 0.02536612 0.02197415 0.07210702 0.06216054 0.12976885 0.04709219
 0.06055114 0.04664051 0.16458377 0.01920946]
[0.05395815 0.05929366 0.09424084 0.0763954  0.04964968 0.01551651
 0.02044519 0.01648059 0.07308619 0.05313349 0.11175756 0.05393855
 0.04564934 0.03917246 0.22054619 0.01673621]
[0.06015354 0.04886564 0.09237292 0.08280094 0.05028325 0.02202986
 0.02637024 0.01801125 0.10128973 0.05278485 0.1077027  0.05251852
 0.04853549 0.04457643 0.17439182 0.01731288]
[0.06106025 0.05110565 0.07893543 0.05806162 0.04693495 0.02089766
 0.02615186 0.01535236 0.08145801 0.04615235 0.11236842 0.05602586
 0.04901308 0.03711482 0.24378914 0.01557853]
[0.0599118  0.05228271 0.10663014 0.07486281 0.05697879 0.01965963
 0.02413483 0.01576828 0.07467902 0.05216698 0.11401364 0.04768405
 0.04686758 0.05263209 0.18530056 0.01642711]
[0.06506503 0.05412343 0.1062878  0.07636618 0.04305343 0.02384218
 0.02676726 0.01656448 0.0714213  0.05952695 0.09816051 0.05340837
 0.05312309 0.06466185 0.17121486 0.01641324]]