64180
Test: public void testShortQuotedDirectChars() throws IOException { final int COUNT = 400; CharsToNameCanonicalizer symbols = CharsToNameCanonicalizer.createRoot(1); for (int i = 0; i < COUNT; ++i) { String id = String.format("\\u%04x", i); char[] ch = id.toCharArray(); symbols.findSymbol(ch, 0, ch.length, symbols.calcHash(id)); } }
Code: public int calcHash(int q1){int hash = q1 ^ _seed;; hash ^= (hash >>> 12);return hash;}
tensor([[0.0357, 0.0187, 0.0686, 0.0370, 0.1021, 0.0237, 0.1230, 0.0462, 0.0395,
         0.1021, 0.0277, 0.1008, 0.0295, 0.1121, 0.1333],
        [0.0241, 0.0139, 0.0875, 0.0274, 0.0892, 0.0202, 0.1305, 0.0382, 0.0348,
         0.0892, 0.0308, 0.1024, 0.0336, 0.0998, 0.1786],
        [0.0424, 0.0161, 0.0623, 0.0432, 0.0972, 0.0305, 0.0894, 0.0382, 0.0446,
         0.0972, 0.0316, 0.0797, 0.0355, 0.1000, 0.1922],
        [0.0281, 0.0094, 0.0594, 0.0270, 0.0902, 0.0240, 0.0987, 0.0311, 0.0367,
         0.0902, 0.0271, 0.1260, 0.0234, 0.1226, 0.2060],
        [0.0384, 0.0202, 0.0662, 0.0400, 0.0970, 0.0273, 0.1116, 0.0451, 0.0425,
         0.0970, 0.0338, 0.0938, 0.0381, 0.0870, 0.1621],
        [0.0453, 0.0259, 0.0709, 0.0492, 0.0860, 0.0403, 0.1046, 0.0506, 0.0539,
         0.0860, 0.0444, 0.0978, 0.0435, 0.0955, 0.1060],
        [0.0216, 0.0076, 0.0606, 0.0192, 0.1038, 0.0160, 0.1289, 0.0345, 0.0304,
         0.1038, 0.0174, 0.1082, 0.0215, 0.1027, 0.2238],
        [0.0312, 0.0102, 0.0699, 0.0286, 0.0868, 0.0208, 0.1211, 0.0372, 0.0401,
         0.0868, 0.0240, 0.1013, 0.0341, 0.1071, 0.2010],
        [0.0247, 0.0142, 0.0684, 0.0232, 0.1018, 0.0248, 0.1060, 0.0480, 0.0317,
         0.1018, 0.0336, 0.0907, 0.0328, 0.0969, 0.2016],
        [0.0384, 0.0202, 0.0662, 0.0400, 0.0970, 0.0273, 0.1116, 0.0451, 0.0425,
         0.0970, 0.0338, 0.0938, 0.0381, 0.0870, 0.1621],
        [0.0367, 0.0151, 0.0597, 0.0398, 0.0892, 0.0223, 0.0948, 0.0373, 0.0376,
         0.0892, 0.0329, 0.1098, 0.0239, 0.1116, 0.2002],
        [0.0313, 0.0127, 0.0690, 0.0273, 0.0947, 0.0202, 0.1426, 0.0368, 0.0344,
         0.0947, 0.0284, 0.1009, 0.0286, 0.1062, 0.1722],
        [0.0298, 0.0131, 0.0679, 0.0304, 0.0857, 0.0242, 0.1020, 0.0332, 0.0334,
         0.0857, 0.0298, 0.0962, 0.0298, 0.1071, 0.2316],
        [0.0213, 0.0113, 0.0731, 0.0192, 0.1058, 0.0210, 0.1146, 0.0378, 0.0276,
         0.1058, 0.0300, 0.0907, 0.0251, 0.1031, 0.2137],
        [0.0247, 0.0139, 0.0795, 0.0283, 0.1016, 0.0216, 0.1451, 0.0435, 0.0314,
         0.1016, 0.0256, 0.0863, 0.0312, 0.1223, 0.1432]])