63993
Test: public void test013() throws Throwable { if (debug) System.out.format("%n%s%n", "RegressionTest0.test013"); char[] charArray0 = com.fasterxml.jackson.core.util.DefaultPrettyPrinter.Lf2SpacesIndenter.SPACES; try { java.math.BigDecimal bigDecimal3 = com.fasterxml.jackson.core.io.NumberInput.parseBigDecimal(charArray0, 2000, (-1974715411)); } catch (java.lang.StringIndexOutOfBoundsException e) { } }
Code: public static BigDecimal parseBigDecimal(String numStr) throws NumberFormatException { return new BigDecimal(numStr); }
tensor([[0.0539, 0.1528, 0.1236, 0.1213, 0.1255, 0.1313, 0.0328, 0.0671, 0.0588,
         0.0275, 0.0834, 0.0219],
        [0.0559, 0.1420, 0.1117, 0.1143, 0.1297, 0.1147, 0.0344, 0.0909, 0.0524,
         0.0239, 0.1051, 0.0252],
        [0.0495, 0.1308, 0.1042, 0.1390, 0.1474, 0.1354, 0.0298, 0.0727, 0.0643,
         0.0257, 0.0823, 0.0190],
        [0.0428, 0.1309, 0.1137, 0.1350, 0.1738, 0.1261, 0.0237, 0.0776, 0.0537,
         0.0173, 0.0902, 0.0150],
        [0.0498, 0.1304, 0.1230, 0.1279, 0.1420, 0.1087, 0.0358, 0.0864, 0.0630,
         0.0236, 0.0854, 0.0240],
        [0.0347, 0.1207, 0.1002, 0.1627, 0.1417, 0.1751, 0.0222, 0.0780, 0.0557,
         0.0179, 0.0756, 0.0156],
        [0.0419, 0.1457, 0.1149, 0.1201, 0.1565, 0.1321, 0.0297, 0.0788, 0.0540,
         0.0255, 0.0830, 0.0178],
        [0.0592, 0.1321, 0.0803, 0.1013, 0.1560, 0.1067, 0.0387, 0.0856, 0.0693,
         0.0344, 0.1048, 0.0317],
        [0.0342, 0.1515, 0.1103, 0.1552, 0.1479, 0.1342, 0.0324, 0.0624, 0.0504,
         0.0206, 0.0834, 0.0173],
        [0.0440, 0.1320, 0.0995, 0.1284, 0.1328, 0.1502, 0.0292, 0.0798, 0.0619,
         0.0286, 0.0905, 0.0232],
        [0.0437, 0.1515, 0.0888, 0.1421, 0.1639, 0.1416, 0.0274, 0.0638, 0.0455,
         0.0166, 0.0955, 0.0195],
        [0.0349, 0.1335, 0.1176, 0.0999, 0.1625, 0.1479, 0.0212, 0.0780, 0.0728,
         0.0195, 0.0948, 0.0173]])