66843
Test: public void testValueAsStringWithoutDefaultTyping() throws Exception { Foo foo = new Foo("baz"); String json = MAPPER.writeValueAsString(foo); JsonNode jsonNode = MAPPER.readTree(json); }
Code: public <T extends TreeNode> T readTree(JsonParser p) throws IOException { return (T) _bindAsTree(p); }
tensor([[0.0657, 0.0633, 0.0460, 0.1225, 0.0429, 0.0682, 0.0861, 0.1546, 0.0343,
         0.0890, 0.0725, 0.0704, 0.0563, 0.0283],
        [0.0494, 0.0769, 0.0487, 0.1452, 0.0289, 0.0721, 0.0675, 0.1743, 0.0245,
         0.0804, 0.0692, 0.0616, 0.0824, 0.0188],
        [0.0646, 0.0543, 0.0461, 0.1176, 0.0415, 0.0663, 0.0806, 0.1386, 0.0344,
         0.1069, 0.0804, 0.0694, 0.0683, 0.0310],
        [0.0532, 0.0649, 0.0508, 0.1287, 0.0322, 0.0683, 0.0684, 0.1672, 0.0335,
         0.1026, 0.0688, 0.0598, 0.0684, 0.0331],
        [0.0546, 0.0617, 0.0451, 0.1260, 0.0315, 0.0784, 0.0760, 0.1742, 0.0415,
         0.0853, 0.0635, 0.0651, 0.0730, 0.0240],
        [0.0732, 0.0528, 0.0458, 0.1248, 0.0421, 0.0739, 0.0817, 0.1406, 0.0368,
         0.0807, 0.0838, 0.0676, 0.0693, 0.0269],
        [0.0474, 0.0542, 0.0491, 0.1385, 0.0241, 0.0583, 0.0695, 0.2038, 0.0339,
         0.0935, 0.0764, 0.0571, 0.0695, 0.0248],
        [0.0447, 0.0544, 0.0415, 0.1225, 0.0216, 0.0620, 0.0733, 0.2232, 0.0274,
         0.1024, 0.0720, 0.0607, 0.0740, 0.0204],
        [0.0507, 0.0511, 0.0491, 0.1403, 0.0303, 0.0750, 0.0673, 0.1967, 0.0275,
         0.0857, 0.0722, 0.0640, 0.0716, 0.0186],
        [0.0656, 0.0600, 0.0539, 0.1031, 0.0354, 0.0696, 0.0746, 0.1172, 0.0432,
         0.1002, 0.0762, 0.0856, 0.0791, 0.0362],
        [0.0462, 0.0749, 0.0602, 0.1249, 0.0262, 0.0646, 0.0857, 0.1786, 0.0346,
         0.0864, 0.0678, 0.0619, 0.0642, 0.0239],
        [0.0674, 0.0617, 0.0532, 0.1168, 0.0346, 0.0639, 0.0788, 0.1622, 0.0370,
         0.0963, 0.0686, 0.0658, 0.0656, 0.0280],
        [0.0572, 0.0503, 0.0541, 0.1254, 0.0355, 0.0771, 0.0875, 0.1536, 0.0371,
         0.0934, 0.0711, 0.0599, 0.0726, 0.0251],
        [0.0417, 0.0580, 0.0487, 0.1248, 0.0293, 0.0723, 0.0616, 0.1757, 0.0329,
         0.1046, 0.0903, 0.0656, 0.0718, 0.0226]])