67272
Test: public void test8() throws Throwable { if (debug) System.out.format("%n%s%n", "RegressionTest0.test8"); com.fasterxml.jackson.databind.deser.std.JsonLocationInstantiator jsonLocationInstantiator0 = new com.fasterxml.jackson.databind.deser.std.JsonLocationInstantiator(); boolean boolean1 = jsonLocationInstantiator0.canCreateFromObjectWith(); com.fasterxml.jackson.databind.introspect.AnnotatedWithParams annotatedWithParams2 = jsonLocationInstantiator0.getWithArgsCreator(); boolean boolean3 = jsonLocationInstantiator0.canInstantiate(); }
Code: public boolean canInstantiate() { return canCreateUsingDefault() || canCreateUsingDelegate() || canCreateFromObjectWith() || canCreateFromString() || canCreateFromInt() || canCreateFromLong() || canCreateFromDouble() || canCreateFromBoolean(); }
[[0.03227538 0.07603882 0.08359773 0.04749836 0.0360715  0.17958605
 0.03331882 0.06013522 0.03331882 0.09743977 0.03331882 0.01510427
 0.03331882 0.01545733 0.03331882 0.02476782 0.03331882 0.03778788
 0.03331882 0.04628011 0.01472802]
[0.02125683 0.10563255 0.08868681 0.05622397 0.03600733 0.2006727
 0.02766158 0.04703786 0.02766158 0.1300701  0.02766158 0.00973232
 0.02766158 0.00917887 0.02766158 0.02113796 0.02766158 0.03593147
 0.02766158 0.03441219 0.01038795]
[0.02692913 0.09701949 0.07928112 0.03798557 0.0377751  0.1697017
 0.03384817 0.04948831 0.03384817 0.0880468  0.03384817 0.01292605
 0.03384817 0.01588258 0.03384817 0.02864625 0.03384817 0.05300936
 0.03384817 0.05194379 0.01442752]
[0.03381    0.06984425 0.08259866 0.05823335 0.03840449 0.13951732
 0.0308493  0.05462833 0.0308493  0.12534967 0.0308493  0.01611832
 0.0308493  0.01705025 0.0308493  0.03072773 0.0308493  0.04794363
 0.0308493  0.04991411 0.01991478]
[0.02174142 0.09915091 0.08358961 0.0468758  0.03081512 0.2047857
 0.02692688 0.05468964 0.02692688 0.13405985 0.02692688 0.00907311
 0.02692688 0.01278844 0.02692688 0.02910284 0.02692688 0.03306171
 0.02692688 0.03915319 0.01262448]
[0.03045714 0.08322909 0.07508333 0.04092978 0.03023417 0.20033139
 0.0363155  0.05963793 0.0363155  0.0988252  0.0363155  0.01393742
 0.0363155  0.01186958 0.0363155  0.03073274 0.0363155  0.02602467
 0.0363155  0.03292586 0.01157315]
[0.02479076 0.08633303 0.09042859 0.07362106 0.03694288 0.1622254
 0.03154263 0.05841832 0.03154263 0.1129368  0.03154263 0.01048837
 0.03154263 0.01316252 0.03154263 0.02840422 0.03154262 0.03633666
 0.03154262 0.03649625 0.00861677]
[0.02351299 0.08426713 0.09543477 0.04524127 0.03360631 0.14681382
 0.03404317 0.05026966 0.03404317 0.14156231 0.03404317 0.01128977
 0.03404317 0.01453312 0.03404317 0.02272362 0.03404317 0.04041981
 0.03404317 0.04261767 0.00940553]
[0.02479076 0.08633303 0.09042859 0.07362106 0.03694288 0.1622254
 0.03154263 0.05841832 0.03154263 0.1129368  0.03154263 0.01048837
 0.03154263 0.01316252 0.03154263 0.02840422 0.03154262 0.03633666
 0.03154262 0.03649625 0.00861677]
[0.0307188  0.08370647 0.07192283 0.05812835 0.03402277 0.17138532
 0.03413181 0.05337043 0.03413181 0.0981841  0.03413181 0.01709366
 0.03413181 0.01683035 0.03413181 0.03684825 0.03413182 0.03103505
 0.03413182 0.04407087 0.01376011]
[0.02479076 0.08633303 0.09042859 0.07362106 0.03694288 0.1622254
 0.03154263 0.05841832 0.03154263 0.1129368  0.03154263 0.01048837
 0.03154263 0.01316252 0.03154263 0.02840422 0.03154262 0.03633666
 0.03154262 0.03649625 0.00861677]
[0.02573064 0.11034416 0.06764162 0.05873763 0.03104257 0.18232524
 0.03074639 0.05237232 0.03074639 0.09850912 0.03074639 0.01366545
 0.03074639 0.01565501 0.03074639 0.02662642 0.03074639 0.04609834
 0.03074639 0.03823085 0.01779593]
[0.02479076 0.08633303 0.09042859 0.07362106 0.03694288 0.1622254
 0.03154263 0.05841832 0.03154263 0.1129368  0.03154263 0.01048837
 0.03154263 0.01316252 0.03154263 0.02840422 0.03154262 0.03633666
 0.03154262 0.03649625 0.00861677]
[0.02595022 0.10301799 0.08640508 0.04481233 0.0322015  0.19831318
 0.02921733 0.04938507 0.02921733 0.10120513 0.02921733 0.0161724
 0.02921733 0.01377469 0.02921733 0.02742624 0.02921733 0.04395867
 0.02921733 0.04005098 0.01280515]
[0.02479076 0.08633303 0.09042859 0.07362106 0.03694288 0.1622254
 0.03154263 0.05841832 0.03154263 0.1129368  0.03154263 0.01048837
 0.03154263 0.01316252 0.03154263 0.02840422 0.03154262 0.03633666
 0.03154262 0.03649625 0.00861677]
[0.02818873 0.09770899 0.0713115  0.04405419 0.03846757 0.17429864
 0.03364753 0.05080304 0.03364753 0.11260059 0.03364753 0.01248265
 0.03364753 0.01621718 0.03364753 0.03058834 0.03364754 0.0361746
 0.03364754 0.04020502 0.0113662 ]
[0.02479076 0.08633303 0.09042859 0.07362106 0.03694288 0.1622254
 0.03154263 0.05841832 0.03154263 0.1129368  0.03154263 0.01048837
 0.03154263 0.01316252 0.03154263 0.02840422 0.03154262 0.03633666
 0.03154262 0.03649625 0.00861677]
[0.02645407 0.10058443 0.0857741  0.0423951  0.03829839 0.19474758
 0.02982266 0.05723221 0.02982266 0.10365394 0.02982266 0.01305756
 0.02982266 0.01024694 0.02982266 0.02578804 0.02982266 0.04070583
 0.02982266 0.03961691 0.01268626]
[0.02479076 0.08633303 0.09042859 0.07362106 0.03694288 0.1622254
 0.03154263 0.05841832 0.03154263 0.1129368  0.03154263 0.01048837
 0.03154263 0.01316252 0.03154263 0.02840422 0.03154262 0.03633666
 0.03154262 0.03649625 0.00861677]
[0.02029747 0.0991698  0.1024105  0.05062938 0.0283084  0.20151351
 0.02755256 0.05315593 0.02755256 0.12497899 0.02755256 0.00858732
 0.02755256 0.01272889 0.02755256 0.02433978 0.02755257 0.03666876
 0.02755257 0.03506019 0.00928309]
[0.02319495 0.08488917 0.10499179 0.05281483 0.04869436 0.13988495
 0.03059676 0.04557282 0.03059676 0.11489756 0.03059676 0.01661789
 0.03059676 0.01326381 0.03059676 0.02868817 0.03059676 0.05162383
 0.03059676 0.04899563 0.01169298]]