63451
Test: public void testStrings() throws IOException { StringWriter stringWriter = new StringWriter(); JsonWriter jsonWriter = new JsonWriter(stringWriter); jsonWriter.beginArray(); jsonWriter.value("a"); jsonWriter.value("a\""); jsonWriter.value("\""); jsonWriter.value(":"); jsonWriter.value(","); jsonWriter.value("\b"); jsonWriter.value("\f"); jsonWriter.value("\n"); jsonWriter.value("\r"); jsonWriter.value("\t"); jsonWriter.value(" "); jsonWriter.value("\\"); jsonWriter.value("{"); jsonWriter.value("}"); jsonWriter.value("["); jsonWriter.value("]"); jsonWriter.value("\0"); jsonWriter.value("\u0019"); jsonWriter.endArray(); }
Code: public JsonWriter value(String value) throws IOException { if (false) { return nullValue(); } writeDeferredName(); ; string(value); return this; }
[[0.04874363 0.05748183 0.04599512 0.05815325 0.11561483 0.02515326
 0.06481738 0.13136822 0.03480396 0.06481738 0.05362245 0.03580704
 0.02072956 0.03599091 0.02729365 0.06303717 0.05362245 0.04221828
 0.02072955]
[0.04188894 0.069216   0.03325767 0.06646849 0.10361128 0.02774932
 0.06775446 0.14793438 0.03527115 0.06775446 0.04586373 0.0315518
 0.02436802 0.04080762 0.02017362 0.07006346 0.04586374 0.03603385
 0.02436801]
[0.04129379 0.06122018 0.03693449 0.05117502 0.12332156 0.02278753
 0.08331686 0.12755951 0.02552258 0.08331686 0.05858139 0.03753632
 0.01359131 0.05269662 0.02475205 0.05340166 0.0585814  0.03081957
 0.01359131]
[0.04547635 0.06370766 0.0313177  0.05732845 0.14591792 0.02372505
 0.06912881 0.13098532 0.0372651  0.06912881 0.05327918 0.02820821
 0.01764215 0.03576141 0.02188622 0.06406724 0.05327918 0.03425303
 0.01764215]
[0.03236502 0.069835   0.0259544  0.06945926 0.16570452 0.01909673
 0.07031953 0.14443201 0.03158457 0.07031953 0.05146495 0.02720896
 0.0142409  0.02686082 0.02037453 0.06617211 0.05146497 0.02890131
 0.01424089]
[0.03763914 0.08136605 0.03218748 0.05253249 0.14619723 0.02018435
 0.06257333 0.15285236 0.0401196  0.06257333 0.05333651 0.02742334
 0.01366206 0.02996704 0.01910252 0.06679281 0.05333652 0.03449181
 0.01366206]
[0.04933961 0.06027532 0.03995478 0.0554416  0.08826318 0.0323487
 0.07457571 0.08560244 0.0402012  0.07457571 0.05740424 0.03663307
 0.02705322 0.04858311 0.02770802 0.07689436 0.05740425 0.04068824
 0.02705322]
[0.03351827 0.07937039 0.02605855 0.04990939 0.19910961 0.01912751
 0.06217491 0.18589178 0.02473955 0.06217491 0.04363063 0.02250755
 0.00985427 0.02282092 0.01472196 0.06619101 0.04363064 0.0247139
 0.00985427]
[0.0355073  0.06467718 0.03388682 0.06364903 0.16051655 0.02247013
 0.06419753 0.16050214 0.02657689 0.06419753 0.05165782 0.03139904
 0.01388454 0.03076458 0.01930075 0.05564418 0.05165783 0.03562567
 0.01388454]
[0.04933961 0.06027532 0.03995478 0.0554416  0.08826318 0.0323487
 0.07457571 0.08560244 0.0402012  0.07457571 0.05740424 0.03663307
 0.02705322 0.04858311 0.02770802 0.07689436 0.05740425 0.04068824
 0.02705322]
[0.03552397 0.06087916 0.03032701 0.05860985 0.13705263 0.0265847
 0.06645761 0.14844373 0.03513523 0.06645761 0.05208885 0.02715197
 0.01836452 0.03671243 0.02161353 0.0763628  0.05208885 0.03178104
 0.01836452]
[0.04313303 0.06285498 0.04487209 0.05562537 0.13844165 0.02463213
 0.06115    0.11885495 0.03276114 0.06115    0.05990369 0.0319787
 0.01636218 0.03991622 0.02509961 0.06749403 0.0599037  0.03950435
 0.01636218]
[0.03324013 0.06527357 0.04342339 0.04057506 0.14067976 0.0248802
 0.07631385 0.12628253 0.02670173 0.07631385 0.06996375 0.03189213
 0.0168615  0.03510379 0.02492546 0.05053052 0.06996375 0.03021349
 0.0168615 ]
[0.04579801 0.06279016 0.03809026 0.05944221 0.12189071 0.02621168
 0.0734825  0.11335795 0.03166217 0.0734825  0.05690773 0.02940313
 0.02053673 0.04846941 0.02408575 0.06454123 0.05690774 0.03240347
 0.02053673]
[0.03241519 0.05474031 0.03535648 0.06330474 0.1443731  0.0204665
 0.08534419 0.14111954 0.03175061 0.08534419 0.05995376 0.02603596
 0.01097801 0.04072606 0.01982217 0.0491106  0.05995376 0.02822679
 0.01097801]
[0.04814024 0.07617623 0.03115781 0.04560681 0.13259643 0.02718563
 0.06783688 0.13970876 0.03003443 0.06783688 0.05237937 0.03070395
 0.0170008  0.04767087 0.02269355 0.05829921 0.05237938 0.03559196
 0.01700079]
[0.03552397 0.06087916 0.030327   0.05860985 0.13705263 0.0265847
 0.0664576  0.14844371 0.03513522 0.0664576  0.05208885 0.02715197
 0.01836452 0.03671243 0.02161353 0.0763628  0.05208885 0.03178104
 0.01836451]
[0.04992842 0.0650973  0.02977658 0.05602381 0.11754338 0.02700697
 0.07493921 0.12094301 0.03394165 0.07493921 0.06074183 0.02883801
 0.02069479 0.04810385 0.02534008 0.05404722 0.06074183 0.03065812
 0.02069479]
[0.03324013 0.06527357 0.04342339 0.04057506 0.14067975 0.0248802
 0.07631386 0.12628251 0.02670173 0.07631386 0.06996375 0.03189214
 0.01686151 0.03510381 0.02492546 0.05053052 0.06996376 0.03021349
 0.01686151]]