67530
Test: public void testCustomEnumKeySerializerWithPolymorphic() throws IOException { SimpleModule simpleModule = new SimpleModule(); simpleModule.addDeserializer(SuperTypeEnum.class, new JsonDeserializer<SuperTypeEnum>() { @Override public SuperTypeEnum deserialize(JsonParser p, DeserializationContext deserializationContext) throws IOException { return SuperTypeEnum.valueOf(p.getText()); } }); ObjectMapper mapper = new ObjectMapper() .registerModule(simpleModule); SuperType superType = mapper.readValue("{\"someMap\": {\"FOO\": \"bar\"}}", SuperType.class); }
Code: public final void serialize(JsonGenerator gen, SerializerProvider ctxt){if (_value == null) {;} else if (_value instanceof JsonSerializable) {;} else {gen.writeObject(_value);}}
[[0.04256729 0.03550073 0.03569111 0.15740089 0.03649429 0.13327244
 0.02351861 0.03026409 0.06425693 0.02148348 0.0221952  0.05526676
 0.11576837 0.03026409 0.0205932  0.05073455 0.0221952  0.05526677
 0.04726598]
[0.03909393 0.02670748 0.02986743 0.14432704 0.03067668 0.18020362
 0.02570842 0.031302   0.05688376 0.01683661 0.01984708 0.0566229
 0.12789322 0.031302   0.0231356  0.04014364 0.01984708 0.05662291
 0.04297857]
[0.03056138 0.0288363  0.02883642 0.1890966  0.02618343 0.20062041
 0.02136838 0.03095565 0.04274261 0.01535398 0.01840696 0.05517373
 0.10321233 0.03095565 0.02162595 0.0373552  0.01840695 0.05517374
 0.04513427]
[0.0327972  0.03422507 0.03585662 0.1309834  0.02478643 0.15147933
 0.02531474 0.03315247 0.04871649 0.02190322 0.02881286 0.0645926
 0.13336322 0.03315247 0.0280588  0.0364615  0.02881286 0.0645926
 0.04293818]
[0.02910722 0.03603502 0.02893303 0.16747946 0.03226398 0.1525338
 0.02055185 0.03233534 0.05975944 0.01771589 0.02188924 0.05998036
 0.12005883 0.03233534 0.02321902 0.04392821 0.02188923 0.05998037
 0.04000445]
[0.03274741 0.03169681 0.02547899 0.16792192 0.03118338 0.18668939
 0.02134534 0.03204905 0.04455519 0.01719348 0.0278484  0.06368732
 0.09903883 0.03204905 0.02112053 0.04360759 0.02784839 0.06368732
 0.03025164]
[0.03170949 0.03447051 0.03431652 0.13652304 0.02700931 0.15907378
 0.025533   0.03396204 0.06541909 0.01821037 0.02274186 0.06072734
 0.12229335 0.03396204 0.02741867 0.03769086 0.02274186 0.06072734
 0.04546957]
[0.03345611 0.02466907 0.0295205  0.14030485 0.02818188 0.17580664
 0.02143157 0.02815534 0.05145008 0.01965013 0.02619074 0.05522333
 0.14065224 0.02815534 0.01817364 0.04067774 0.02619074 0.05522332
 0.05688677]
[0.02320266 0.02340133 0.02781425 0.19116096 0.01785398 0.2198444
 0.01607954 0.02458269 0.05510733 0.01486817 0.01875944 0.05293874
 0.12655452 0.02458269 0.01899948 0.03438456 0.01875944 0.05293876
 0.03816709]
[0.03114854 0.02671678 0.02360583 0.17925225 0.02347063 0.19351797
 0.02053406 0.02395765 0.05608913 0.01829039 0.02038779 0.04836285
 0.13898754 0.02395765 0.01757762 0.03837507 0.02038778 0.04836287
 0.04701762]
[0.04118639 0.02895682 0.03289725 0.13623147 0.03061492 0.1917721
 0.0246049  0.03243601 0.04427191 0.02186801 0.02784742 0.0627304
 0.09892688 0.03243601 0.02216476 0.04381387 0.02784741 0.06273042
 0.03666306]
[0.03371126 0.03409901 0.02615481 0.17704087 0.02325312 0.16515876
 0.02487993 0.03463837 0.05178409 0.01705168 0.02303995 0.06392629
 0.10802214 0.03463837 0.02006085 0.03748683 0.02303995 0.06392632
 0.03808732]
[0.02304504 0.02054752 0.01891769 0.19759034 0.02055615 0.21705206
 0.01770075 0.02368181 0.04249492 0.0085827  0.0172232  0.07000345
 0.1347604  0.02368181 0.01721412 0.02607019 0.01722321 0.07000352
 0.03365116]
[0.03345611 0.02466907 0.0295205  0.14030485 0.02818188 0.17580664
 0.02143157 0.02815534 0.05145008 0.01965013 0.02619074 0.05522333
 0.14065224 0.02815534 0.01817364 0.04067774 0.02619074 0.05522332
 0.05688677]
[0.03298056 0.03190114 0.03125932 0.16812466 0.02591289 0.14486246
 0.02098816 0.02758549 0.06698831 0.01901356 0.01809123 0.07494025
 0.11356384 0.02758549 0.02237546 0.04376104 0.01809123 0.07494026
 0.03703467]
[0.03689303 0.03521395 0.02744128 0.16177425 0.02672609 0.14815658
 0.02271348 0.03440448 0.05365663 0.01746584 0.01945455 0.06901736
 0.11516985 0.03440448 0.01956001 0.04560586 0.01945455 0.06901737
 0.04387038]
[0.04118639 0.02895682 0.03289725 0.13623147 0.03061493 0.1917721
 0.0246049  0.03243601 0.0442719  0.02186801 0.02784741 0.0627304
 0.09892689 0.03243601 0.02216476 0.04381387 0.02784742 0.06273042
 0.03666306]
[0.03371126 0.03409901 0.02615481 0.1770409  0.02325312 0.16515878
 0.02487993 0.03463838 0.0517841  0.01705168 0.02303995 0.06392631
 0.10802215 0.03463838 0.02006085 0.03748684 0.02303995 0.06392633
 0.03808732]
[0.03561859 0.02467373 0.02810323 0.16122463 0.02687608 0.17328042
 0.01753191 0.04218889 0.04819271 0.01606692 0.02030895 0.06562684
 0.10901412 0.04218889 0.0215726  0.04204091 0.02030895 0.06562686
 0.03955475]]