68888
Test: public void testSmhBizArticle() throws IOException { File in = getFile("/htmltests/smh-biz-article-1.html"); Document doc = Jsoup.parse(in, "UTF-8", "http: Elements articleBody = doc.select(".articleBody > *"); }
Code: public String title() { Element titleEl = getElementsByTag("title").first(); return titleEl != null ? StringUtil.normaliseWhitespace(titleEl.text()).trim() : ""; }
tensor([[0.0491, 0.0625, 0.0346, 0.0694, 0.0231, 0.1216, 0.0312, 0.0629, 0.0546,
         0.1216, 0.0273, 0.0550, 0.0838, 0.0429, 0.0470, 0.0915, 0.0218],
        [0.0502, 0.0593, 0.0387, 0.0669, 0.0226, 0.1243, 0.0343, 0.0591, 0.0499,
         0.1243, 0.0278, 0.0425, 0.0677, 0.0450, 0.0364, 0.1335, 0.0174],
        [0.0446, 0.0645, 0.0387, 0.0706, 0.0185, 0.1375, 0.0246, 0.0491, 0.0522,
         0.1375, 0.0272, 0.0406, 0.0972, 0.0510, 0.0348, 0.0915, 0.0199],
        [0.0511, 0.0762, 0.0346, 0.0793, 0.0270, 0.1039, 0.0424, 0.0502, 0.0592,
         0.1039, 0.0357, 0.0421, 0.0681, 0.0465, 0.0416, 0.1097, 0.0284],
        [0.0441, 0.0708, 0.0319, 0.0703, 0.0208, 0.1375, 0.0267, 0.0488, 0.0514,
         0.1375, 0.0203, 0.0425, 0.0968, 0.0388, 0.0322, 0.1137, 0.0161],
        [0.0478, 0.0704, 0.0352, 0.0878, 0.0175, 0.1145, 0.0353, 0.0524, 0.0534,
         0.1145, 0.0252, 0.0491, 0.0782, 0.0413, 0.0465, 0.1047, 0.0260],
        [0.0553, 0.0656, 0.0377, 0.0621, 0.0343, 0.0938, 0.0457, 0.0634, 0.0606,
         0.0938, 0.0462, 0.0455, 0.0762, 0.0606, 0.0470, 0.0851, 0.0270],
        [0.0409, 0.0672, 0.0322, 0.0736, 0.0253, 0.1207, 0.0358, 0.0608, 0.0476,
         0.1207, 0.0225, 0.0506, 0.0905, 0.0385, 0.0353, 0.1181, 0.0197],
        [0.0342, 0.0772, 0.0309, 0.0657, 0.0160, 0.1465, 0.0333, 0.0561, 0.0498,
         0.1465, 0.0209, 0.0436, 0.0973, 0.0384, 0.0315, 0.0942, 0.0181],
        [0.0478, 0.0704, 0.0352, 0.0878, 0.0175, 0.1145, 0.0353, 0.0524, 0.0534,
         0.1145, 0.0252, 0.0491, 0.0782, 0.0413, 0.0465, 0.1047, 0.0260],
        [0.0336, 0.0851, 0.0293, 0.0743, 0.0146, 0.1329, 0.0274, 0.0544, 0.0459,
         0.1329, 0.0139, 0.0356, 0.0985, 0.0407, 0.0206, 0.1470, 0.0134],
        [0.0404, 0.0590, 0.0407, 0.0884, 0.0203, 0.1253, 0.0350, 0.0581, 0.0647,
         0.1253, 0.0221, 0.0377, 0.0914, 0.0378, 0.0315, 0.1087, 0.0138],
        [0.0373, 0.0801, 0.0354, 0.0816, 0.0130, 0.1438, 0.0232, 0.0446, 0.0505,
         0.1438, 0.0214, 0.0370, 0.0865, 0.0353, 0.0359, 0.1149, 0.0157],
        [0.0389, 0.0702, 0.0333, 0.0746, 0.0155, 0.1380, 0.0272, 0.0533, 0.0534,
         0.1380, 0.0176, 0.0379, 0.0905, 0.0415, 0.0301, 0.1265, 0.0137],
        [0.0463, 0.0563, 0.0393, 0.0710, 0.0241, 0.1156, 0.0356, 0.0569, 0.0584,
         0.1156, 0.0293, 0.0472, 0.1051, 0.0441, 0.0318, 0.0988, 0.0246],
        [0.0468, 0.0761, 0.0291, 0.0778, 0.0240, 0.1255, 0.0284, 0.0571, 0.0580,
         0.1255, 0.0226, 0.0434, 0.0827, 0.0439, 0.0391, 0.1020, 0.0182],
        [0.0346, 0.0634, 0.0382, 0.0847, 0.0189, 0.1169, 0.0308, 0.0570, 0.0743,
         0.1169, 0.0248, 0.0396, 0.0888, 0.0433, 0.0313, 0.1181, 0.0184]])