63973
Test: public void test02() throws Throwable { if (debug) System.out.format("%n%s%n", "RegressionTest0.test02"); com.fasterxml.jackson.core.JsonParser[] jsonParserArray0 = new com.fasterxml.jackson.core.JsonParser[] {}; try { com.fasterxml.jackson.core.util.JsonParserSequence jsonParserSequence1 = new com.fasterxml.jackson.core.util.JsonParserSequence(jsonParserArray0); } catch (java.lang.ArrayIndexOutOfBoundsException e) { } }
Code: protected JsonParserSequence(JsonParser[] parsers) { super(parsers[0]); _suppressNextToken = delegate.hasCurrentToken(); _parsers = parsers; _nextParser = 1; }
tensor([[0.0918, 0.2092, 0.0879, 0.1045, 0.0538, 0.0653, 0.0405, 0.0495, 0.0556,
         0.0405, 0.0289, 0.0841, 0.0405, 0.0272, 0.0209],
        [0.1069, 0.1813, 0.0843, 0.1017, 0.0581, 0.0691, 0.0312, 0.0747, 0.0581,
         0.0312, 0.0381, 0.0806, 0.0312, 0.0262, 0.0274],
        [0.0805, 0.1768, 0.1008, 0.0901, 0.0614, 0.0730, 0.0388, 0.0636, 0.0650,
         0.0388, 0.0342, 0.0797, 0.0388, 0.0316, 0.0268],
        [0.1098, 0.1325, 0.0729, 0.0909, 0.0615, 0.0823, 0.0462, 0.0718, 0.0644,
         0.0462, 0.0357, 0.0762, 0.0462, 0.0316, 0.0318],
        [0.0879, 0.2285, 0.0964, 0.0819, 0.0471, 0.0821, 0.0354, 0.0545, 0.0665,
         0.0354, 0.0310, 0.0823, 0.0354, 0.0180, 0.0177],
        [0.0827, 0.1414, 0.0881, 0.1007, 0.0614, 0.0826, 0.0478, 0.0595, 0.0569,
         0.0478, 0.0450, 0.0713, 0.0478, 0.0321, 0.0348],
        [0.0944, 0.1427, 0.0761, 0.0703, 0.0661, 0.0700, 0.0509, 0.0661, 0.0642,
         0.0509, 0.0446, 0.0855, 0.0509, 0.0370, 0.0302],
        [0.0767, 0.2696, 0.0975, 0.1042, 0.0491, 0.0683, 0.0274, 0.0500, 0.0529,
         0.0274, 0.0244, 0.0819, 0.0274, 0.0209, 0.0221],
        [0.0757, 0.2217, 0.0751, 0.1069, 0.0521, 0.0844, 0.0365, 0.0563, 0.0640,
         0.0365, 0.0282, 0.0873, 0.0365, 0.0192, 0.0196],
        [0.0944, 0.1427, 0.0761, 0.0703, 0.0661, 0.0700, 0.0509, 0.0661, 0.0642,
         0.0509, 0.0446, 0.0855, 0.0509, 0.0370, 0.0302],
        [0.0939, 0.2268, 0.0870, 0.0907, 0.0435, 0.0834, 0.0359, 0.0609, 0.0500,
         0.0359, 0.0298, 0.0896, 0.0359, 0.0183, 0.0182],
        [0.1047, 0.1623, 0.0979, 0.1136, 0.0563, 0.0657, 0.0375, 0.0623, 0.0508,
         0.0375, 0.0406, 0.0748, 0.0375, 0.0315, 0.0268],
        [0.0944, 0.1427, 0.0761, 0.0703, 0.0661, 0.0700, 0.0509, 0.0661, 0.0642,
         0.0509, 0.0446, 0.0855, 0.0509, 0.0370, 0.0302],
        [0.0788, 0.1996, 0.0945, 0.0871, 0.0574, 0.0846, 0.0366, 0.0555, 0.0674,
         0.0366, 0.0297, 0.0907, 0.0366, 0.0227, 0.0222],
        [0.0891, 0.1702, 0.0839, 0.1087, 0.0560, 0.0917, 0.0375, 0.0567, 0.0566,
         0.0375, 0.0304, 0.0963, 0.0375, 0.0247, 0.0232]])