17573
Test: public void testNoResolvedType() throws Exception { }
Code: public final boolean isEmptyType() { return isNoType() || isNoObjectType() || isNoResolvedType() || (registry.getNativeFunctionType( JSTypeNative.LEAST_FUNCTION_TYPE) == this); }
tensor([[0.0387, 0.0309, 0.0972, 0.1569, 0.0508, 0.0425, 0.0389, 0.0371, 0.0700,
         0.0371, 0.0296, 0.0371, 0.0620, 0.0766, 0.0612, 0.1169, 0.0163],
        [0.0380, 0.0251, 0.1161, 0.1538, 0.0621, 0.0552, 0.0470, 0.0329, 0.0546,
         0.0329, 0.0217, 0.0329, 0.0565, 0.0761, 0.0566, 0.1260, 0.0124],
        [0.0284, 0.0260, 0.1565, 0.1752, 0.0652, 0.0450, 0.0330, 0.0326, 0.0677,
         0.0326, 0.0252, 0.0326, 0.0589, 0.0673, 0.0433, 0.0981, 0.0125],
        [0.0341, 0.0266, 0.1102, 0.1419, 0.0571, 0.0459, 0.0519, 0.0324, 0.0629,
         0.0324, 0.0331, 0.0324, 0.0480, 0.0742, 0.0630, 0.1390, 0.0148],
        [0.0433, 0.0424, 0.0998, 0.1130, 0.0660, 0.0503, 0.0455, 0.0373, 0.0571,
         0.0373, 0.0378, 0.0373, 0.0664, 0.0773, 0.0472, 0.1178, 0.0239],
        [0.0259, 0.0238, 0.1350, 0.1851, 0.0506, 0.0375, 0.0383, 0.0300, 0.0650,
         0.0300, 0.0254, 0.0300, 0.0443, 0.0804, 0.0500, 0.1351, 0.0139],
        [0.0299, 0.0212, 0.1491, 0.1500, 0.0551, 0.0343, 0.0325, 0.0410, 0.0645,
         0.0410, 0.0312, 0.0410, 0.0495, 0.0768, 0.0505, 0.1239, 0.0084],
        [0.0309, 0.0288, 0.1220, 0.1279, 0.0789, 0.0449, 0.0389, 0.0360, 0.0585,
         0.0360, 0.0310, 0.0360, 0.0629, 0.0755, 0.0520, 0.1299, 0.0101],
        [0.0347, 0.0264, 0.1535, 0.1437, 0.0590, 0.0404, 0.0358, 0.0304, 0.0635,
         0.0304, 0.0223, 0.0304, 0.0611, 0.0774, 0.0451, 0.1336, 0.0123],
        [0.0309, 0.0288, 0.1220, 0.1279, 0.0789, 0.0449, 0.0389, 0.0360, 0.0585,
         0.0360, 0.0310, 0.0360, 0.0629, 0.0755, 0.0520, 0.1299, 0.0101],
        [0.0343, 0.0279, 0.1095, 0.1561, 0.0500, 0.0460, 0.0318, 0.0340, 0.0622,
         0.0340, 0.0234, 0.0340, 0.0552, 0.0941, 0.0465, 0.1473, 0.0135],
        [0.0309, 0.0288, 0.1220, 0.1279, 0.0789, 0.0449, 0.0389, 0.0360, 0.0585,
         0.0360, 0.0310, 0.0360, 0.0629, 0.0755, 0.0520, 0.1299, 0.0101],
        [0.0330, 0.0246, 0.1198, 0.1608, 0.0637, 0.0470, 0.0442, 0.0283, 0.0679,
         0.0283, 0.0309, 0.0283, 0.0515, 0.0768, 0.0602, 0.1186, 0.0163],
        [0.0343, 0.0292, 0.1227, 0.1266, 0.0765, 0.0454, 0.0501, 0.0349, 0.0658,
         0.0349, 0.0332, 0.0349, 0.0592, 0.0758, 0.0440, 0.1166, 0.0159],
        [0.0209, 0.0191, 0.1798, 0.1523, 0.0525, 0.0343, 0.0335, 0.0343, 0.0630,
         0.0343, 0.0209, 0.0343, 0.0496, 0.0683, 0.0520, 0.1400, 0.0108],
        [0.0337, 0.0289, 0.1571, 0.1072, 0.0572, 0.0358, 0.0422, 0.0448, 0.0556,
         0.0448, 0.0351, 0.0448, 0.0515, 0.0797, 0.0491, 0.1190, 0.0135],
        [0.0286, 0.0253, 0.1038, 0.1455, 0.0665, 0.0604, 0.0477, 0.0384, 0.0612,
         0.0384, 0.0281, 0.0384, 0.0568, 0.0659, 0.0490, 0.1315, 0.0146]])