62614
Test: public void testInterfaceInstantiation() { UnsafeAllocator unsafeAllocator = UnsafeAllocator.create(); try { unsafeAllocator.newInstance(Interface.class); fail(); } catch (Exception e) { } }
Code: public <T> T newInstance(Class<T> c) throws Exception { return (T) allocateInstance.invoke(unsafe, c); }
[[0.05219173 0.14204013 0.03398385 0.20639028 0.0760034  0.12220748
 0.04094242 0.07157111 0.05768351 0.05570207 0.06831585 0.0502978
 0.02267043]
[0.04795638 0.14647442 0.02110861 0.21390423 0.06466138 0.1399551
 0.03323241 0.0881803  0.05294363 0.05291156 0.07334943 0.04540407
 0.01991845]
[0.04416076 0.13554268 0.02547977 0.21639177 0.08929781 0.13996212
 0.0302507  0.07037914 0.0514463  0.05211861 0.07952992 0.04581366
 0.01962676]
[0.04296796 0.13797571 0.02533609 0.2167259  0.09921589 0.10308073
 0.04092514 0.08342408 0.05744956 0.0468654  0.07636389 0.04636914
 0.02330049]
[0.04665839 0.14266165 0.02243387 0.2124348  0.07622463 0.1232612
 0.03299135 0.08902773 0.05110479 0.05566794 0.0722599  0.05615435
 0.01911932]
[0.03329353 0.13565528 0.01603613 0.2525124  0.07363234 0.1635519
 0.0270528  0.07915898 0.05421747 0.04458933 0.07289009 0.03186044
 0.01554924]
[0.03683304 0.18679127 0.02238016 0.23639849 0.06880122 0.1260675
 0.02994414 0.07817501 0.04929088 0.0410938  0.05986989 0.04704856
 0.01730606]
[0.05949907 0.12209652 0.03235071 0.17447059 0.06610744 0.10692956
 0.0376486  0.08770205 0.06951562 0.07863844 0.07142609 0.06142196
 0.03219331]
[0.03431631 0.16072422 0.01920797 0.25090718 0.08156113 0.12813038
 0.02739047 0.06731984 0.04978239 0.04477451 0.0740552  0.04339308
 0.01843724]
[0.05309518 0.1519644  0.02730931 0.20582391 0.07511599 0.12684831
 0.03321327 0.07839081 0.05430456 0.0514864  0.06708233 0.05291615
 0.02244942]
[0.04456089 0.14444898 0.02817921 0.18959348 0.06976795 0.13415349
 0.0357052  0.08998813 0.05744842 0.05797061 0.07332806 0.05406511
 0.02079049]
[0.04667684 0.14187978 0.0267046  0.21606363 0.0774485  0.1414653
 0.03524886 0.07170662 0.0507443  0.04385313 0.07495848 0.05092589
 0.02232404]
[0.03552968 0.1675502  0.02440934 0.18352106 0.06561446 0.15052317
 0.03381018 0.07953893 0.07419559 0.05690628 0.06534538 0.04537205
 0.01768368]]