63296
Test: public void test008() throws Throwable { if (debug) System.out.format("%n%s%n", "RegressionTest0.test008"); com.google.gson.Gson gson0 = new com.google.gson.Gson(); com.google.gson.TypeAdapter<com.google.gson.JsonPrimitive> jsonPrimitiveTypeAdapter1 = null; java.lang.Class<com.google.gson.JsonPrimitive> jsonPrimitiveClass2 = null; com.google.gson.internal.bind.ArrayTypeAdapter<com.google.gson.JsonPrimitive> jsonPrimitiveArrayTypeAdapter3 = new com.google.gson.internal.bind.ArrayTypeAdapter<com.google.gson.JsonPrimitive>(gson0, jsonPrimitiveTypeAdapter1, jsonPrimitiveClass2); boolean boolean4 = gson0.serializeNulls(); com.google.gson.TypeAdapter<com.google.gson.JsonSyntaxException> jsonSyntaxExceptionTypeAdapter5 = null; com.google.gson.JsonPrimitive jsonPrimitive7 = new com.google.gson.JsonPrimitive((java.lang.Number) 1); boolean boolean8 = jsonPrimitive7.getAsBoolean(); boolean boolean9 = jsonPrimitive7.isNumber(); java.lang.Class<?> wildcardClass10 = jsonPrimitive7.getClass(); com.google.gson.internal.bind.TypeAdapterRuntimeTypeWrapper<com.google.gson.JsonSyntaxException> jsonSyntaxExceptionTypeAdapterRuntimeTypeWrapper11 = new com.google.gson.internal.bind.TypeAdapterRuntimeTypeWrapper<com.google.gson.JsonSyntaxException>(gson0, jsonSyntaxExceptionTypeAdapter5, (java.lang.reflect.Type) wildcardClass10); com.google.gson.stream.JsonReader jsonReader12 = null; try { com.google.gson.JsonSyntaxException jsonSyntaxException13 = jsonSyntaxExceptionTypeAdapterRuntimeTypeWrapper11.read(jsonReader12); } catch (java.lang.NullPointerException e) { } }
Code: public Number read(JsonReader in){if (in.peek() == JsonToken.NULL) {in.nextNull();return null;}try {int intValue = in.nextInt();return (byte) intValue;} catch (NumberFormatException e) {throw new JsonSyntaxException(e);}}
[[0.02707467 0.02297227 0.03668543 0.10666639 0.04348421 0.04155909
 0.05477007 0.03926396 0.03981267 0.06175882 0.01508369 0.01729243
 0.07621653 0.13016044 0.01516652 0.02718203 0.06628396 0.0680938
 0.08019952 0.01337782 0.01689572]
[0.02753579 0.02084523 0.04151808 0.09408803 0.04208769 0.03639525
 0.05134893 0.0395368  0.03234607 0.07561979 0.01367519 0.02067403
 0.09889991 0.11289711 0.01507633 0.01855076 0.07130289 0.0576381
 0.101322   0.01361634 0.01502567]
[0.01952124 0.01644524 0.03648715 0.09378368 0.03379023 0.03340232
 0.07870751 0.04686032 0.02778332 0.05668956 0.01201972 0.01649313
 0.08267214 0.1634393  0.01964579 0.02119851 0.07804418 0.05591012
 0.08313555 0.01098573 0.01298522]
[0.02631423 0.01751932 0.04049087 0.11043932 0.04123162 0.03109479
 0.06341206 0.05207724 0.03880813 0.07293434 0.01194507 0.01788495
 0.07113953 0.13244282 0.01197924 0.02385971 0.05672776 0.06440508
 0.08754926 0.01304132 0.01470332]
[0.02030983 0.01764077 0.04266435 0.08842328 0.03823304 0.03890245
 0.06215325 0.03904469 0.03616912 0.06128017 0.01304533 0.01846719
 0.10496208 0.14270143 0.01370993 0.02134584 0.07120049 0.05783388
 0.08541112 0.01140971 0.01509208]
[0.01378791 0.01929083 0.03421215 0.07515652 0.03389541 0.03295112
 0.06779285 0.0327161  0.03465272 0.0576102  0.00755582 0.0147104
 0.11957341 0.1601055  0.01100252 0.01496699 0.06716808 0.05815841
 0.12576067 0.00942941 0.00950295]
[0.02304564 0.0162545  0.03638532 0.09255335 0.03355839 0.03468828
 0.07753532 0.04286046 0.0309278  0.06616595 0.0116639  0.01754176
 0.08945826 0.15914825 0.01382709 0.02277782 0.05856793 0.05990727
 0.09046298 0.00918855 0.01348118]
[0.01649442 0.0193358  0.03064564 0.10529061 0.03712565 0.02996092
 0.06160475 0.04310008 0.02749047 0.06517547 0.00889562 0.01402219
 0.09523969 0.16630843 0.0122971  0.01869054 0.08642841 0.06051798
 0.08038836 0.00869346 0.01229442]
[0.02693284 0.02384589 0.04529318 0.09220286 0.04919901 0.04024305
 0.05008975 0.04040817 0.03854444 0.05270944 0.01731367 0.0235243
 0.07067592 0.11676098 0.02110984 0.03035114 0.06567942 0.05580444
 0.09747901 0.01932741 0.02250525]
[0.01794297 0.01372749 0.03393177 0.08562551 0.03656501 0.03080747
 0.07476407 0.04265223 0.03183778 0.07047293 0.01009063 0.0138002
 0.10219602 0.17835324 0.01108659 0.01734838 0.06839846 0.05324951
 0.08827427 0.00906451 0.00981097]
[0.02305863 0.02027404 0.03279177 0.07812671 0.03815109 0.04304736
 0.06428993 0.0408052  0.02896449 0.06701986 0.0112292  0.0185786
 0.0945063  0.16534047 0.01286548 0.02415461 0.07595159 0.05598807
 0.07760576 0.01149044 0.01576045]
[0.03609616 0.02187783 0.03599623 0.09036802 0.04417799 0.04038719
 0.04662621 0.04521951 0.03988368 0.06276508 0.02187523 0.03032009
 0.05946006 0.0964999  0.01923261 0.03297003 0.06985847 0.06277216
 0.10191216 0.0170622  0.02463924]
[0.01671975 0.01601621 0.02926457 0.09851761 0.02762073 0.02955927
 0.0702444  0.04467842 0.03032311 0.06604622 0.0072375  0.01203352
 0.14092912 0.15117389 0.01341418 0.01595901 0.07681888 0.05276709
 0.08416491 0.00732118 0.00919036]
[0.02635644 0.01794401 0.04058263 0.09177043 0.04619279 0.03679663
 0.059571   0.0411583  0.03794463 0.0667081  0.01470572 0.02342916
 0.08242831 0.12987886 0.0153785  0.02353515 0.06348281 0.06420839
 0.08050527 0.0169354  0.02048749]
[0.0223334  0.01826808 0.04191517 0.08245849 0.03483089 0.03438151
 0.06698611 0.04006245 0.04493812 0.06257152 0.01192025 0.01860791
 0.1072268  0.13280872 0.01111772 0.02440563 0.06122544 0.05823728
 0.10476916 0.00947569 0.01145966]
[0.01861518 0.01615961 0.04400488 0.09602717 0.04209752 0.03294106
 0.05882765 0.0467852  0.03289275 0.06409734 0.01069223 0.01374803
 0.08788041 0.15443702 0.01721373 0.02181843 0.06540088 0.05872536
 0.0913237  0.01226243 0.01404932]
[0.02762749 0.02065144 0.03949505 0.1022343  0.03830063 0.03744928
 0.06549792 0.0576597  0.04015166 0.07829366 0.01473717 0.02164049
 0.08955129 0.12367042 0.01277533 0.02365562 0.05079478 0.05311755
 0.07221684 0.01278019 0.01769921]
[0.02369593 0.02204742 0.0389805  0.08239435 0.04281522 0.03252419
 0.05677009 0.04230098 0.03498498 0.07046383 0.01502347 0.01818532
 0.08560524 0.14763641 0.01592744 0.0236275  0.05706772 0.05871726
 0.10163477 0.01313194 0.01646541]
[0.02717851 0.02016915 0.04366001 0.08868968 0.04428471 0.03335681
 0.06347086 0.04971503 0.03306459 0.06791303 0.01512765 0.0150801
 0.06560066 0.12261759 0.0189692  0.0365624  0.07499145 0.07739771
 0.07183807 0.01380004 0.01651279]
[0.02481096 0.02438705 0.04380738 0.0879796  0.03727845 0.03988602
 0.06154887 0.03930825 0.03224719 0.06052714 0.0109941  0.01925015
 0.08899093 0.13146758 0.01364112 0.02102165 0.05562143 0.05728121
 0.11627401 0.01531096 0.0183659 ]
[0.03031104 0.01850039 0.04152965 0.07862295 0.04322646 0.0511566
 0.06543082 0.04282583 0.04126536 0.05779752 0.01756093 0.02466759
 0.07719009 0.10958157 0.02223051 0.03209411 0.05558856 0.06312975
 0.08902077 0.01697146 0.02129808]]