99151
Test: @Test public void creates_instances_of_inner_classes() { }
Code: public <T> T newInstance(Class<T> cls) { if (outerClassInstance == null) { return noArgConstructor(cls); } return withOuterClass(cls); }
[[0.03976549 0.10582126 0.02600194 0.15907082 0.04711461 0.05320573
 0.10720469 0.04900981 0.06267049 0.02132121 0.05320573 0.04378607
 0.10952559 0.01698293 0.04378607 0.04454465 0.01698293]
[0.03683206 0.10841293 0.01634432 0.17011699 0.04168462 0.06464463
 0.10193895 0.0451257  0.04599637 0.02172123 0.06464463 0.04072061
 0.13416451 0.01472709 0.04072061 0.03747768 0.01472709]
[0.03644939 0.10823551 0.02103474 0.18318573 0.05527705 0.05577099
 0.10349149 0.04519482 0.05923271 0.01952446 0.05577099 0.04228641
 0.1040241  0.01585432 0.04228641 0.03652649 0.01585432]
[0.03492963 0.1059977  0.02053253 0.1813733  0.04360494 0.06352694
 0.1112746  0.04153411 0.05186317 0.02009353 0.06352694 0.04619891
 0.09448229 0.01805695 0.04619891 0.03874858 0.01805695]
[0.03340963 0.13075383 0.01536964 0.17737305 0.05166581 0.05861766
 0.0942952  0.04846068 0.0488229  0.01460643 0.05861766 0.04295877
 0.12572807 0.0125663  0.04295877 0.03122927 0.0125663 ]
[0.04470804 0.092491   0.02425086 0.13042934 0.05968441 0.066715
 0.07767996 0.05982774 0.04902871 0.02992702 0.066715   0.05212803
 0.09729291 0.02434764 0.05212803 0.04829865 0.02434763]
[0.02372327 0.14335711 0.01156482 0.21051519 0.05464498 0.0458277
 0.13224977 0.03722648 0.05010263 0.00914593 0.0458277  0.03099433
 0.12522069 0.00718111 0.03099433 0.03424285 0.00718111]
[0.03723428 0.10771937 0.02165416 0.15344465 0.05404917 0.04457981
 0.12064604 0.0479143  0.05833506 0.01880603 0.04457981 0.0523271
 0.11273934 0.01792898 0.0523271  0.03778582 0.01792898]
[0.02377279 0.10577877 0.01411541 0.18248326 0.0572324  0.05709773
 0.13146463 0.03797934 0.05962691 0.01551553 0.05709773 0.03884643
 0.12002635 0.01189595 0.03884643 0.03632446 0.01189595]
[0.02931442 0.11051115 0.01735162 0.14744154 0.04874638 0.06270616
 0.13397884 0.030146   0.05579626 0.01853746 0.06270616 0.03548661
 0.15517172 0.00987745 0.03548661 0.03686409 0.00987745]
[0.04470804 0.092491   0.02425086 0.13042934 0.05968441 0.066715
 0.07767996 0.05982774 0.04902871 0.02992702 0.066715   0.05212803
 0.09729291 0.02434764 0.05212803 0.04829865 0.02434763]
[0.02614938 0.12030347 0.0147009  0.19542257 0.05035313 0.050289
 0.1083868  0.04139478 0.05107008 0.01548525 0.050289   0.03810791
 0.13674763 0.01382396 0.03810791 0.0355443  0.01382396]
[0.03272817 0.12421334 0.01747485 0.17151798 0.04274045 0.05435997
 0.11148465 0.04401923 0.05314273 0.01862597 0.05435997 0.04544726
 0.12248057 0.01064609 0.04544726 0.04066541 0.01064609]
[0.02892949 0.13108365 0.01973049 0.15102303 0.04642892 0.06221953
 0.10898502 0.03647739 0.04910167 0.0185349  0.06221953 0.05967728
 0.102529   0.01397386 0.05967728 0.03543507 0.01397386]
[0.02614938 0.12030347 0.0147009  0.19542257 0.05035313 0.050289
 0.1083868  0.04139478 0.05107008 0.01548525 0.050289   0.03810791
 0.13674763 0.01382396 0.03810791 0.0355443  0.01382396]
[0.04288141 0.1034045  0.02003776 0.15454729 0.04627535 0.05820224
 0.11072262 0.03516065 0.05682431 0.0223178  0.05820224 0.04286186
 0.11783814 0.02040762 0.04286186 0.04704671 0.02040762]
[0.02892948 0.13108373 0.01973048 0.15102303 0.04642891 0.06221952
 0.10898498 0.03647739 0.04910165 0.0185349  0.06221952 0.05967727
 0.10252899 0.01397385 0.05967727 0.03543506 0.01397385]]