99098
Test: public void shouldAllowStubbingMocksConfiguredWithRETURNS_MOCKS() { IMethods mock = mock(IMethods.class, RETURNS_MOCKS); when(mock.objectReturningMethodNoArgs()).thenReturn(null); }
Code: public <T> T mock(Class<T> classToMock, MockSettings mockSettings, boolean shouldResetOngoingStubbing) { mockingProgress.validateState(); if (shouldResetOngoingStubbing) { mockingProgress.resetOngoingStubbing(); } return mockUtil.createMock(classToMock, (MockSettingsImpl) mockSettings); }
[[0.02905323 0.08634124 0.01858661 0.06340425 0.01098644 0.12901023
 0.02507266 0.06735422 0.03215841 0.04385529 0.03630123 0.07883281
 0.0567109  0.04385529 0.05476255 0.0134981  0.03260608 0.0453386
 0.09173885 0.02703493 0.0134981 ]
[0.02482634 0.08498576 0.01063115 0.04205327 0.00795634 0.13803959
 0.02342746 0.10169706 0.02424207 0.0525576  0.03546253 0.0687985
 0.06014337 0.0525576  0.0414877  0.01159169 0.0272777  0.04445609
 0.11243021 0.0237862  0.01159169]
[0.02487741 0.08222124 0.01434684 0.05880238 0.00881234 0.13002369
 0.02858392 0.08029243 0.02689148 0.04338431 0.03757899 0.07037011
 0.0579503  0.04338431 0.05269319 0.01161291 0.02926582 0.05241441
 0.10549566 0.02938535 0.01161291]
[0.0226748  0.08166637 0.01781904 0.04246179 0.00790826 0.1284202
 0.02811694 0.09414573 0.02836724 0.04104387 0.04000426 0.0771243
 0.04374204 0.04104387 0.04271223 0.01186274 0.03186119 0.05297266
 0.12412035 0.03006937 0.01186274]
[0.02098397 0.07728764 0.01295327 0.06845125 0.00846864 0.11472534
 0.02274853 0.06416062 0.02581166 0.04074048 0.04180681 0.08610984
 0.06903247 0.04074048 0.04719647 0.00811284 0.03706049 0.03849807
 0.13854209 0.02845618 0.00811284]
[0.02525702 0.07439697 0.01978645 0.04955344 0.01024134 0.12782788
 0.02616683 0.07970021 0.03156889 0.05575205 0.03561786 0.06645238
 0.0477006  0.05575205 0.04583698 0.01454259 0.0330168  0.03956019
 0.11038034 0.03634653 0.01454259]
[0.01997121 0.0776509  0.01344843 0.05836535 0.00627512 0.1441575
 0.02386014 0.07706896 0.02872732 0.03485982 0.04203876 0.07914979
 0.05079628 0.03485982 0.0423213  0.00719055 0.02992139 0.0518495
 0.14110385 0.02919349 0.00719055]
[0.01777111 0.08606132 0.011435   0.04580969 0.00495499 0.1553762
 0.01716665 0.09045035 0.02842164 0.04565547 0.03469111 0.06633569
 0.06863882 0.04565547 0.0347788  0.0084911  0.02967832 0.04166508
 0.13443302 0.02403905 0.0084911 ]
[0.02286637 0.08199526 0.01377907 0.05962066 0.00841861 0.14226356
 0.02540997 0.07885902 0.02878683 0.03646272 0.04440368 0.07261506
 0.04264325 0.03646272 0.05327304 0.01386986 0.02541209 0.05560268
 0.10896212 0.03442346 0.01386986]
[0.0323476  0.07169538 0.01717727 0.04894198 0.01125922 0.11112306
 0.0405554  0.06950841 0.03003436 0.05348217 0.04235502 0.0555182
 0.05703777 0.05348217 0.04685553 0.01862242 0.0370351  0.05193905
 0.10006708 0.03234035 0.01862242]
[0.01615427 0.08215502 0.00926289 0.04759634 0.00495095 0.15621391
 0.0206519  0.07623816 0.02699356 0.03878278 0.03410462 0.08019191
 0.06238879 0.03878278 0.03806663 0.00912924 0.02878452 0.04994269
 0.1455927  0.02488705 0.00912924]
[0.01406948 0.10211774 0.00677743 0.04994662 0.00298722 0.185036
 0.01371962 0.08151288 0.02563759 0.03313779 0.03219125 0.08065972
 0.05876232 0.03313779 0.03199556 0.00493436 0.01875396 0.03656356
 0.16547719 0.01764753 0.00493436]
[0.03015623 0.07439823 0.01502302 0.06106254 0.01058095 0.13487881
 0.02843291 0.07463616 0.03421206 0.0374865  0.03302112 0.05917148
 0.05188745 0.0374865  0.04783855 0.01129411 0.03826211 0.05735332
 0.1181559  0.03336798 0.01129411]
[0.0323476  0.07169538 0.01717727 0.04894198 0.01125922 0.11112306
 0.0405554  0.06950841 0.03003436 0.05348217 0.04235502 0.0555182
 0.05703777 0.05348217 0.04685553 0.01862242 0.0370351  0.05193905
 0.10006708 0.03234035 0.01862242]
[0.02255207 0.08950032 0.01353451 0.06276461 0.00557638 0.15843502
 0.01944601 0.05618883 0.0299913  0.03945956 0.03237627 0.07311703
 0.05958489 0.03945956 0.04136684 0.00798412 0.02866807 0.0538183
 0.13129532 0.02689691 0.00798412]
[0.01893334 0.0957128  0.01318124 0.05137831 0.00744164 0.10878532
 0.03165496 0.0678793  0.03353807 0.04544633 0.0326148  0.07236369
 0.06301644 0.04544633 0.03592331 0.0099346  0.04042277 0.04861298
 0.13592513 0.03185413 0.0099346 ]
[0.0180136  0.09224574 0.00984966 0.06169984 0.00711786 0.16661403
 0.02040747 0.08161086 0.02401217 0.03900213 0.03899416 0.07185202
 0.05799216 0.03900213 0.04571778 0.01049642 0.0255034  0.04953921
 0.10877585 0.02105713 0.01049642]
[0.02038117 0.0867394  0.01292674 0.05042356 0.00647996 0.14272816
 0.02051768 0.07605814 0.0315865  0.03998989 0.03597807 0.07729287
 0.05134638 0.03998989 0.04132432 0.01145512 0.02640222 0.05521995
 0.13600627 0.02569858 0.01145512]
[0.0280481  0.08380225 0.01962543 0.05191813 0.01251796 0.09071295
 0.02685335 0.07788701 0.02985479 0.0552615  0.03601725 0.08809416
 0.05902163 0.0552615  0.04816128 0.01395065 0.03801624 0.03643896
 0.10133217 0.03327407 0.01395065]
[0.01691994 0.09389357 0.00984199 0.0597278  0.0058428  0.16675891
 0.01884861 0.07522738 0.02796344 0.03556339 0.03383036 0.07277456
 0.05608067 0.03556339 0.0459173  0.00832806 0.02645521 0.03655983
 0.13858134 0.02699337 0.00832806]
[0.01893334 0.09571285 0.01318124 0.05137828 0.00744164 0.10878532
 0.03165497 0.06787932 0.03353807 0.04544632 0.03261479 0.07236367
 0.06301643 0.04544632 0.03592331 0.00993459 0.04042276 0.04861298
 0.13592507 0.03185413 0.00993459]]