67173
Test: public void testPOJOBean() throws IOException { ObjectMapper mapper = new ObjectMapper(); ObjectNode n = mapper.getNodeFactory().objectNode(); n.set("pojo", mapper.getNodeFactory().pojoNode(new Bean())); StringWriter sw = new StringWriter(); JsonGenerator jg = mapper.getFactory().createGenerator(sw); mapper.writeTree(jg, n); Map<String,Object> result = (Map<String,Object>) mapper.readValue(sw.toString(), Map.class); Map<String,Object> bean = (Map<String,Object>) result.get("pojo"); jg.close(); }
Code: public JsonNode set(String fieldName, JsonNode value) { if (value == null) { value = nullNode(); } _children.put(fieldName, value); return this; }
[[0.03683983 0.02512391 0.06700788 0.06872217 0.02512391 0.04698142
 0.04350742 0.09872815 0.03920971 0.05970965 0.02053403 0.04350742
 0.10951133 0.02282206 0.03862055 0.01446798 0.06069197 0.09434663
 0.03985028 0.03022559 0.01446798]
[0.02881207 0.02659689 0.08510865 0.07978037 0.02659689 0.04287566
 0.04839952 0.11237469 0.04723304 0.04799039 0.01765191 0.04839952
 0.08475421 0.02361078 0.0375627  0.01451329 0.0629528  0.07856528
 0.0441151  0.027593   0.01451329]
[0.03218087 0.02492968 0.06404413 0.07574758 0.02492968 0.05085985
 0.04537065 0.10314412 0.0448136  0.06297006 0.01670103 0.04537065
 0.11109819 0.02548887 0.04221449 0.00957632 0.06270143 0.0894842
 0.0393     0.01949834 0.00957631]
[0.02755286 0.02537454 0.06154435 0.08870043 0.02537454 0.0589232
 0.03874236 0.09670919 0.04826963 0.05854944 0.01402899 0.03874236
 0.13046554 0.02393683 0.04871401 0.0118652  0.0526172  0.08587704
 0.03255405 0.0195931  0.0118652 ]
[0.02881207 0.02659689 0.08510865 0.07978037 0.02659689 0.04287566
 0.04839952 0.11237469 0.04723304 0.04799039 0.01765191 0.04839952
 0.08475421 0.02361078 0.0375627  0.01451329 0.0629528  0.07856528
 0.0441151  0.027593   0.01451329]
[0.03503643 0.02806596 0.07702057 0.07147595 0.02806596 0.04727563
 0.04687848 0.09776828 0.04545919 0.05382535 0.01680342 0.04687848
 0.10479286 0.02586916 0.04433227 0.0125782  0.06198034 0.07830304
 0.03962797 0.02538429 0.0125782 ]
[0.03884833 0.03124028 0.07641271 0.08629125 0.03124028 0.04598355
 0.05404575 0.06801508 0.04779163 0.04350751 0.02677543 0.05404575
 0.07815114 0.03196058 0.04497546 0.02039871 0.06506488 0.05776507
 0.04580876 0.03127917 0.02039871]
[0.02403512 0.02174516 0.07260376 0.08212703 0.02174516 0.04051011
 0.03522858 0.12980232 0.04859455 0.05486988 0.00946693 0.03522858
 0.14749417 0.01749314 0.05027938 0.00600574 0.04801667 0.10258629
 0.03070201 0.01545967 0.00600574]
[0.0307105  0.02537292 0.06444294 0.06220421 0.02537292 0.04376492
 0.04335829 0.09773448 0.0499994  0.05450547 0.01818633 0.04335829
 0.12927343 0.02439716 0.04965628 0.01223562 0.0626428  0.08770522
 0.03788397 0.02495918 0.01223562]
[0.02174361 0.02011984 0.0704262  0.07128513 0.02011984 0.05153553
 0.04149684 0.12137983 0.05260879 0.05653579 0.01436921 0.04149684
 0.13265178 0.02157475 0.03913064 0.00918263 0.04856496 0.10128713
 0.03480827 0.02049981 0.00918263]
[0.02911267 0.0263963  0.06459914 0.06104484 0.0263963  0.04740559
 0.0531826  0.1355682  0.0491007  0.05779283 0.01945712 0.0531826
 0.09229206 0.01804712 0.04205547 0.00895122 0.05808601 0.08994091
 0.03494443 0.02349266 0.00895122]
[0.03884833 0.03124028 0.07641271 0.08629125 0.03124028 0.04598355
 0.05404575 0.06801508 0.04779163 0.04350751 0.02677543 0.05404575
 0.07815114 0.03196058 0.04497546 0.02039871 0.06506488 0.05776507
 0.04580876 0.03127917 0.02039871]
[0.02947114 0.02684579 0.06160847 0.07651377 0.02684579 0.04456669
 0.04153739 0.10549572 0.04562252 0.05109865 0.01723773 0.04153739
 0.13025847 0.02463022 0.04675594 0.01423102 0.05679688 0.07945877
 0.0437069  0.02154966 0.01423101]
[0.04210156 0.041606   0.05977124 0.07445423 0.041606   0.04678427
 0.04429651 0.09255134 0.0364396  0.04835989 0.0275143  0.04429651
 0.0758761  0.0339701  0.03960877 0.01984971 0.06254248 0.06243743
 0.04559438 0.04048981 0.01984971]
[0.03253531 0.02702883 0.06415854 0.07470234 0.02702883 0.04433241
 0.04948648 0.09943407 0.04785933 0.04962403 0.01846186 0.04948648
 0.11384547 0.02371794 0.05095535 0.01191838 0.0535634  0.07991235
 0.04616722 0.02386304 0.01191838]
[0.02833595 0.0352545  0.06311992 0.06329685 0.0352545  0.0362945
 0.05156824 0.10469225 0.06300146 0.0472969  0.01846482 0.05156824
 0.12193279 0.02331438 0.04171848 0.01212161 0.05235111 0.05893957
 0.05574297 0.02360931 0.01212161]
[0.0317955  0.03019072 0.07742961 0.06557214 0.03019072 0.05361212
 0.0509054  0.09618242 0.0386852  0.05098388 0.02017937 0.0509054
 0.10529543 0.02569384 0.04440581 0.01223093 0.06495447 0.07003517
 0.04046749 0.02805337 0.01223093]
[0.03180919 0.02793537 0.06136164 0.07257695 0.02793537 0.04286486
 0.05024431 0.09532434 0.04779088 0.05860814 0.02022289 0.05024431
 0.11443365 0.02601065 0.04577482 0.01159641 0.05053872 0.08263934
 0.04426493 0.02622678 0.01159641]
[0.02581755 0.02497737 0.07232321 0.07245839 0.02497737 0.04782681
 0.04266367 0.11151947 0.04685885 0.0548596  0.01589748 0.04266367
 0.10591553 0.02476427 0.04347116 0.01208828 0.06256124 0.09540046
 0.03882335 0.02204389 0.01208828]
[0.03931774 0.02729969 0.07520803 0.07584035 0.02729969 0.04789278
 0.05270545 0.0954088  0.04328298 0.05428986 0.02079654 0.05270545
 0.09170506 0.02326476 0.04294487 0.01534641 0.06229461 0.06551771
 0.04841406 0.02311877 0.01534641]
[0.02833595 0.03525451 0.06311994 0.06329685 0.03525451 0.0362945
 0.05156824 0.10469224 0.06300146 0.0472969  0.01846482 0.05156824
 0.12193277 0.02331438 0.04171847 0.01212161 0.05235111 0.05893957
 0.05574298 0.02360931 0.01212161]]