69052
Test: public void test12() throws Throwable { if (debug) System.out.format("%n%s%n", "RegressionTest0.test12"); org.jsoup.helper.W3CDom w3CDom0 = new org.jsoup.helper.W3CDom(); org.jsoup.nodes.Document document3 = org.jsoup.parser.Parser.parse("hi!", ""); org.jsoup.nodes.Document.OutputSettings outputSettings4 = document3.outputSettings(); java.util.List<org.jsoup.nodes.Node> nodeList5 = document3.siblingNodes(); org.jsoup.nodes.Document.QuirksMode quirksMode6 = document3.quirksMode(); org.w3c.dom.Document document7 = w3CDom0.fromJsoup(document3); org.jsoup.helper.W3CDom.W3CBuilder w3CBuilder8 = new org.jsoup.helper.W3CDom.W3CBuilder(document7); org.jsoup.nodes.DataNode dataNode11 = new org.jsoup.nodes.DataNode("hi!", ""); org.jsoup.nodes.Node node13 = dataNode11.removeAttr("&lt;hi!&gt;&lt;/hi!&gt;"); w3CBuilder8.tail((org.jsoup.nodes.Node) dataNode11, 32); org.jsoup.nodes.Document document18 = org.jsoup.parser.Parser.parse(":eq(52)", "hi!"); org.jsoup.nodes.Element element19 = document18.body(); org.jsoup.select.Elements elements20 = document18.parents(); java.lang.Object obj21 = null; boolean boolean22 = document18.equals(obj21); try { w3CBuilder8.head((org.jsoup.nodes.Node) document18, (int) '#'); } catch (java.util.EmptyStackException e) { } }
Code: public void tail(org.jsoup.nodes.Node source, int depth) { if (source instanceof org.jsoup.nodes.Element && dest.getParentNode() instanceof Element) { dest = (Element) dest.getParentNode(); } namespacesStack.pop(); }
[[0.03931486 0.03172011 0.08509043 0.0547912  0.02499708 0.01761189
 0.05178095 0.10590611 0.08620802 0.0182717  0.07103473 0.02507763
 0.02526691 0.0182717  0.02885051 0.05178095 0.03045828 0.02469686
 0.08858674 0.05185277 0.01661066 0.03520929 0.01661066]
[0.03149724 0.02695356 0.09660059 0.05167975 0.01690099 0.01616249
 0.05242392 0.10440712 0.12198514 0.01984581 0.0514149  0.01930713
 0.02086747 0.01984581 0.02710375 0.05242392 0.02102386 0.02523442
 0.10393997 0.0630217  0.01605576 0.02524898 0.01605576]
[0.03796175 0.02880581 0.08233427 0.05009851 0.01993111 0.01858015
 0.05226896 0.0953591  0.09408578 0.02460634 0.06161375 0.02475869
 0.0216738  0.02460634 0.03324992 0.05226896 0.02143847 0.02796665
 0.10024557 0.05884597 0.01692091 0.03545837 0.01692091]
[0.03364859 0.02807145 0.08031871 0.05292524 0.01828516 0.01628165
 0.05720748 0.12348776 0.07753645 0.0173365  0.07564435 0.02332605
 0.02060672 0.0173365  0.02660045 0.05720748 0.02527604 0.02158557
 0.10058893 0.05920246 0.0158883  0.03574981 0.0158883 ]
[0.02619311 0.02236255 0.09030274 0.06093083 0.01962532 0.01548737
 0.05499965 0.15085803 0.08272441 0.02069812 0.04538096 0.0221777
 0.02294034 0.02069812 0.03276048 0.05499965 0.03116685 0.02211535
 0.0784289  0.07142098 0.01231262 0.02910331 0.01231262]
[0.0352259  0.02891288 0.08642795 0.04667997 0.01408821 0.01752223
 0.06315449 0.10791185 0.08684586 0.01761979 0.06669462 0.02584858
 0.01922888 0.01761979 0.03270486 0.06315449 0.02835838 0.0227274
 0.10183807 0.05673633 0.01321981 0.03425992 0.01321981]
[0.04144565 0.03561227 0.07265714 0.04240897 0.02048096 0.02323652
 0.06030115 0.07221491 0.08977468 0.02994056 0.05982677 0.03514463
 0.02850015 0.02994056 0.031732   0.06030115 0.02771205 0.034217
 0.07168552 0.05101781 0.02227258 0.03730436 0.02227258]
[0.0259733  0.0190256  0.0963696  0.06099773 0.01313773 0.01032329
 0.05027649 0.14483121 0.10934874 0.01678238 0.07320213 0.01301424
 0.01416189 0.01678238 0.02398716 0.05027649 0.02372338 0.01995351
 0.10273643 0.07758374 0.0078738  0.02176506 0.0078738 ]
[0.03183962 0.02684076 0.09044746 0.05824905 0.02235639 0.01467086
 0.05300794 0.09463313 0.10036597 0.01957299 0.07588592 0.02229604
 0.02044353 0.01957299 0.03005166 0.05300794 0.02882939 0.02587759
 0.08904388 0.05478945 0.01814429 0.03192884 0.01814429]
[0.03325408 0.02688055 0.08205148 0.05853751 0.0197616  0.01954944
 0.05287548 0.10636351 0.07862931 0.01924612 0.08365829 0.01858982
 0.02514485 0.01924612 0.02240218 0.05287548 0.03076858 0.02520733
 0.09493349 0.06817155 0.01566223 0.03052883 0.01566223]
[0.03069397 0.02345064 0.08504023 0.07740624 0.01984598 0.01274586
 0.06101651 0.11497737 0.09463061 0.02253222 0.0657945  0.01943589
 0.01701343 0.02253222 0.03358    0.06101651 0.02341618 0.01896916
 0.08476332 0.06596355 0.00841783 0.02833996 0.00841783]
[0.03175981 0.02763806 0.07948808 0.05656436 0.01763315 0.01679939
 0.05662465 0.0956062  0.09903807 0.02250315 0.0706108  0.02075395
 0.02531815 0.02250315 0.03127417 0.05662465 0.02662107 0.02723761
 0.09251197 0.05409206 0.01847613 0.03184522 0.01847613]
[0.02947124 0.02440279 0.07832719 0.05467288 0.01777802 0.01301208
 0.05805413 0.13733356 0.08857393 0.01817301 0.06536845 0.02347142
 0.02148358 0.01817301 0.02923237 0.05805413 0.02561712 0.01727246
 0.11107439 0.06287182 0.00926799 0.02904644 0.00926799]
[0.03325408 0.02688055 0.08205148 0.05853751 0.0197616  0.01954944
 0.05287548 0.10636351 0.07862931 0.01924612 0.08365829 0.01858982
 0.02514485 0.01924612 0.02240218 0.05287548 0.03076858 0.02520733
 0.09493349 0.06817155 0.01566223 0.03052883 0.01566223]
[0.03396828 0.02458509 0.07031736 0.05715643 0.02314735 0.01834073
 0.06358589 0.10972958 0.08186576 0.02096229 0.06787112 0.0254871
 0.02450754 0.02096229 0.03884555 0.06358589 0.02556202 0.03057115
 0.0884869  0.04937096 0.01610473 0.02888128 0.01610473]
[0.04144565 0.03561227 0.07265714 0.04240897 0.02048096 0.02323652
 0.06030115 0.07221491 0.08977468 0.02994056 0.05982677 0.03514463
 0.02850015 0.02994056 0.031732   0.06030115 0.02771205 0.034217
 0.07168552 0.05101781 0.02227258 0.03730436 0.02227258]
[0.02490887 0.01839242 0.09736408 0.05305054 0.01679531 0.01386157
 0.05683783 0.1338567  0.10908661 0.01595617 0.0556348  0.01955534
 0.01867066 0.01595617 0.02744282 0.05683783 0.02399317 0.02379004
 0.09964542 0.07594459 0.00990414 0.02261078 0.00990414]
[0.04478714 0.03614297 0.0674728  0.05363013 0.02738774 0.02534216
 0.0486953  0.09876551 0.07941926 0.02562066 0.05260332 0.0377291
 0.02700189 0.02562066 0.03142357 0.0486953  0.02846786 0.03658991
 0.08114878 0.04134039 0.02149519 0.03912521 0.02149519]
[0.0330217  0.02887036 0.07401192 0.05828968 0.02085445 0.01634942
 0.06225662 0.10418427 0.09504002 0.02515529 0.05582089 0.02615552
 0.02531257 0.02515529 0.0321003  0.06225662 0.03572721 0.02353292
 0.07594329 0.05170374 0.01445736 0.03934319 0.01445736]
[0.03760827 0.02798105 0.0634469  0.05625569 0.02223267 0.02025699
 0.05136414 0.10344627 0.08871652 0.02297265 0.0738047  0.02793992
 0.02661222 0.02297265 0.02846945 0.05136414 0.02405823 0.02764678
 0.09721406 0.05488146 0.01767247 0.0354103  0.01767247]
[0.03007223 0.02654683 0.08321935 0.06160218 0.02337048 0.01467156
 0.06370021 0.11307563 0.08447699 0.01900248 0.04299039 0.0240849
 0.02320226 0.01900248 0.03625252 0.06370021 0.02880481 0.02571751
 0.09580529 0.05203657 0.01436267 0.03993968 0.01436267]
[0.03223899 0.02143934 0.09327166 0.05224444 0.01856326 0.01498028
 0.05414449 0.12308007 0.09162615 0.01641724 0.06453099 0.02076608
 0.0193237  0.01641724 0.02717866 0.05414449 0.02238718 0.02172698
 0.12319808 0.06106405 0.01249918 0.02625826 0.01249918]
[0.03007223 0.02654683 0.08321935 0.06160218 0.02337048 0.01467156
 0.06370021 0.11307563 0.08447699 0.01900248 0.04299039 0.0240849
 0.02320226 0.01900248 0.03625252 0.06370021 0.02880481 0.02571751
 0.09580529 0.05203657 0.01436267 0.03993968 0.01436267]]