67631
Test: public void test06() throws Throwable { if (debug) System.out.format("%n%s%n", "RegressionTest0.test06"); java.util.TimeZone timeZone0 = com.fasterxml.jackson.databind.util.StdDateFormat.DEFAULT_TIMEZONE; java.util.Locale locale1 = null; com.fasterxml.jackson.databind.util.StdDateFormat stdDateFormat3 = new com.fasterxml.jackson.databind.util.StdDateFormat(timeZone0, locale1, (java.lang.Boolean) true); java.lang.StringBuffer stringBuffer4 = null; try { stdDateFormat3._formatBCEYear(stringBuffer4, 0); } catch (java.lang.NullPointerException e) { } }
Code: protected void _formatBCEYear(StringBuffer buffer, int bceYearNoSign) { if (bceYearNoSign <= 1) { ; return; } final int isoYear = bceYearNoSign - 0; buffer.append('-'); pad4(buffer, isoYear); }
[[0.03632896 0.01858355 0.0316337  0.09469419 0.0120567  0.03990804
 0.04572377 0.06781219 0.0078936  0.13036233 0.02459083 0.04572377
 0.01114232 0.02374793 0.00902395 0.01933474 0.0120567  0.04324392
 0.01692744 0.03281353 0.07824108 0.03976936 0.02157903 0.05805989
 0.06972454 0.00902395]
[0.04148107 0.01735492 0.0246517  0.07255275 0.00944648 0.04196764
 0.03775093 0.0624406  0.0064195  0.13813756 0.01880808 0.03775093
 0.00999507 0.02141024 0.01126301 0.01735271 0.00944648 0.06609488
 0.01600057 0.03142444 0.07632156 0.03041442 0.01745799 0.09003989
 0.08275352 0.01126301]
[0.04125222 0.01712783 0.03089556 0.07717996 0.01070211 0.06000894
 0.04361682 0.08552435 0.00893291 0.12015246 0.02535957 0.04361682
 0.00982431 0.02602216 0.00858068 0.01910034 0.01070211 0.04577514
 0.01348802 0.04046377 0.07643385 0.04476685 0.02877977 0.05073749
 0.05237532 0.00858068]
[0.03755841 0.01993215 0.03028537 0.08403657 0.01199729 0.0484619
 0.05129539 0.06750587 0.01005671 0.09115164 0.0262642  0.05129539
 0.0119794  0.02285166 0.01385164 0.02010553 0.01199729 0.05136046
 0.01565916 0.04358707 0.07878673 0.03119601 0.0253759  0.05694397
 0.07261263 0.01385164]
[0.04173446 0.01509803 0.02855011 0.07139243 0.01195785 0.04608806
 0.03975336 0.09774873 0.00938041 0.10989425 0.02380345 0.03975336
 0.0138645  0.02833599 0.00843137 0.02342542 0.01195785 0.0509851
 0.01426469 0.03905383 0.06457048 0.03544046 0.01843343 0.0793725
 0.06827849 0.00843137]
[0.03419587 0.01741283 0.03344673 0.08228423 0.01220537 0.04600973
 0.03769588 0.08127376 0.01008231 0.11144687 0.02286505 0.03769588
 0.01016951 0.02478643 0.01180143 0.0200619  0.01220537 0.053426
 0.0158647  0.03455929 0.09212808 0.04285937 0.02350781 0.05674224
 0.06347188 0.01180143]
[0.0572377  0.02532774 0.03723511 0.0647537  0.01375654 0.05023081
 0.04749049 0.0496904  0.01353304 0.07849178 0.03589096 0.04749049
 0.01620532 0.0299701  0.01658812 0.02844091 0.01375654 0.0489974
 0.02412586 0.03719208 0.08229691 0.0379     0.03004999 0.05510553
 0.04165427 0.01658812]
[0.030325   0.0117982  0.0263362  0.09180131 0.0066882  0.05158763
 0.03843065 0.08390871 0.00492443 0.16257648 0.02029919 0.03843065
 0.00648178 0.02324758 0.00555628 0.01284286 0.0066882  0.04473015
 0.01192906 0.0363479  0.08335508 0.03768571 0.01556977 0.06194609
 0.08095659 0.00555628]
[0.0484277  0.01581838 0.02816182 0.07556359 0.01060612 0.03954372
 0.05178228 0.05730136 0.00657802 0.10424296 0.02732126 0.05178228
 0.00906048 0.01983692 0.01142666 0.01571747 0.01060612 0.05902886
 0.01476035 0.03290058 0.09658462 0.03809939 0.01808273 0.06855504
 0.07678462 0.01142666]
[0.03900608 0.01581866 0.02759251 0.07566243 0.0097705  0.05146694
 0.05049346 0.05926943 0.00773831 0.11689278 0.02262069 0.05049346
 0.01046277 0.02236797 0.01320212 0.01934636 0.0097705  0.06389461
 0.01447279 0.0352127  0.08495993 0.03507918 0.02687848 0.05315622
 0.07116903 0.01320212]
[0.04834787 0.01666417 0.02680786 0.08092246 0.01011056 0.04490931
 0.05646393 0.067067   0.00727292 0.11407131 0.02508883 0.05646393
 0.00864281 0.01724219 0.00759223 0.01582664 0.01011056 0.05235341
 0.01082631 0.03906891 0.08158332 0.0380187  0.0250119  0.06868563
 0.06325494 0.00759223]
[0.0572377  0.02532774 0.03723511 0.0647537  0.01375654 0.05023081
 0.04749049 0.0496904  0.01353304 0.07849178 0.03589096 0.04749049
 0.01620532 0.0299701  0.01658812 0.02844091 0.01375654 0.0489974
 0.02412586 0.03719208 0.08229691 0.0379     0.03004999 0.05510553
 0.04165427 0.01658812]
[0.03533589 0.01312262 0.02859674 0.07326166 0.01041534 0.04795326
 0.05591535 0.0758346  0.00637957 0.11487074 0.02277169 0.05591535
 0.01094551 0.01970492 0.00674243 0.01758469 0.01041534 0.04769876
 0.01505614 0.03410131 0.08288001 0.03256483 0.02343718 0.07202555
 0.07972812 0.00674243]
[0.039071   0.01415594 0.02843872 0.08747654 0.00993392 0.05532254
 0.04281903 0.08091009 0.009186   0.13184956 0.02096061 0.04281903
 0.01129295 0.02583023 0.0095353  0.01613148 0.00993392 0.04552782
 0.01553864 0.03838046 0.07800602 0.0370848  0.02620197 0.05851059
 0.05554747 0.00953529]
[0.04108757 0.01762213 0.02928755 0.05911371 0.01422794 0.04619792
 0.0497376  0.07308038 0.00840724 0.10165191 0.02393003 0.0497376
 0.01470476 0.02165954 0.01064277 0.01714783 0.01422794 0.04817187
 0.01719523 0.03171972 0.08198904 0.04105931 0.02198951 0.08638044
 0.06838769 0.01064277]
[0.02890116 0.01877197 0.03066739 0.07617021 0.01045575 0.04154501
 0.04517135 0.08050743 0.00727877 0.10104171 0.02078363 0.04517135
 0.01316875 0.02178183 0.00872429 0.01678874 0.01045575 0.05741252
 0.01897416 0.03532493 0.11209819 0.03086764 0.02100482 0.06510444
 0.07310391 0.00872429]
[0.04173446 0.01509803 0.02855011 0.07139243 0.01195785 0.04608806
 0.03975336 0.09774873 0.00938041 0.10989425 0.02380345 0.03975336
 0.0138645  0.02833599 0.00843137 0.02342542 0.01195785 0.0509851
 0.01426469 0.03905383 0.06457048 0.03544046 0.01843343 0.0793725
 0.06827849 0.00843137]
[0.03706651 0.02209483 0.03358724 0.07667553 0.0132176  0.04738605
 0.03734622 0.07037979 0.00938306 0.11121246 0.02904489 0.03734622
 0.01607961 0.02969121 0.01148188 0.02291392 0.0132176  0.05521961
 0.0171027  0.04224323 0.0697437  0.03296272 0.03044637 0.06322889
 0.05944624 0.01148188]
[0.0505851  0.02640127 0.03338765 0.06012406 0.01945574 0.05643578
 0.03683917 0.07152403 0.01870845 0.06241175 0.03228923 0.03683917
 0.02019505 0.03500858 0.01591213 0.02720269 0.01945574 0.05194987
 0.02687242 0.04524205 0.06925322 0.04958206 0.033296   0.04829744
 0.03681921 0.01591213]
[0.04344174 0.02059467 0.02892723 0.07015402 0.01398638 0.05343672
 0.0449321  0.0750116  0.00965674 0.10098486 0.02933653 0.0449321
 0.01273526 0.02270604 0.01100292 0.02055903 0.01398638 0.04043756
 0.0175761  0.04020713 0.07901174 0.04969283 0.02732963 0.0576397
 0.06071806 0.01100291]
[0.03827113 0.02407146 0.03197027 0.06181447 0.01771914 0.05242709
 0.04709752 0.0669339  0.01479659 0.08052495 0.02774426 0.04709752
 0.01675019 0.02758495 0.01413404 0.02376785 0.01771914 0.04880512
 0.02188487 0.04402955 0.06973197 0.04602497 0.03584028 0.05161217
 0.05751256 0.01413404]
[0.0377194  0.01892813 0.03539973 0.06935382 0.01409901 0.04464308
 0.04363819 0.08484444 0.01111514 0.10125844 0.03525887 0.04363819
 0.01250386 0.03023441 0.01170359 0.02302895 0.01409901 0.04723089
 0.01549042 0.04258905 0.07603148 0.04299048 0.02771907 0.04986075
 0.05491801 0.01170359]
[0.04049022 0.01277639 0.02803458 0.09255422 0.01117064 0.043751
 0.04955034 0.07848781 0.00826942 0.09776446 0.02511928 0.04955034
 0.0098895  0.02193924 0.00934467 0.01805359 0.01117064 0.0443422
 0.01543136 0.03536317 0.09850884 0.03601702 0.01765078 0.07439603
 0.06102958 0.00934467]
[0.03385867 0.02037681 0.02949459 0.06989466 0.01408519 0.05119947
 0.04460885 0.07754651 0.00991401 0.09454581 0.01887371 0.04460885
 0.01385028 0.02567326 0.0135496  0.01874645 0.01408519 0.04998495
 0.02047678 0.0351426  0.09625496 0.03148703 0.03134261 0.05283303
 0.0740165  0.0135496 ]
[0.04186765 0.01719398 0.02800648 0.07358616 0.00961734 0.04841433
 0.04739159 0.07179682 0.00830994 0.11662392 0.02714077 0.04739159
 0.01252228 0.02052242 0.0070056  0.01894158 0.00961734 0.04816383
 0.0177993  0.03535524 0.0752151  0.03279474 0.02871538 0.09027358
 0.05872744 0.0070056 ]
[0.04108758 0.01762212 0.02928755 0.05911372 0.01422794 0.04619793
 0.0497376  0.07308036 0.00840724 0.10165188 0.02393003 0.0497376
 0.01470476 0.02165953 0.01064277 0.01714782 0.01422794 0.04817186
 0.01719523 0.03171972 0.08198907 0.0410593  0.0219895  0.08638046
 0.06838769 0.01064277]]