16344
Test: public void testGetMatchingOpts() { Options options = new Options(); options.addOption(OptionBuilder.withLongOpt("version").create()); options.addOption(OptionBuilder.withLongOpt("verbose").create()); }
Code: public List<String> getMatchingOptions(String opt){;List<String> matchingOpts = new ArrayList<String>();for (String longOpt : longOpts.keySet()){if (longOpt.startsWith(opt)){;}}return matchingOpts;}
tensor([[0.0693, 0.0621, 0.1286, 0.0445, 0.0978, 0.0441, 0.0344, 0.0621, 0.0428,
         0.0734, 0.0673, 0.1184, 0.1222, 0.0329],
        [0.0702, 0.0631, 0.1145, 0.0452, 0.0796, 0.0647, 0.0345, 0.0558, 0.0421,
         0.0921, 0.0617, 0.1098, 0.1264, 0.0404],
        [0.0516, 0.0525, 0.1340, 0.0417, 0.0980, 0.0612, 0.0374, 0.0618, 0.0413,
         0.0990, 0.0470, 0.1101, 0.1252, 0.0393],
        [0.0677, 0.0574, 0.1277, 0.0440, 0.0796, 0.0505, 0.0382, 0.0584, 0.0487,
         0.0983, 0.0485, 0.1162, 0.1321, 0.0327],
        [0.0751, 0.0625, 0.1269, 0.0478, 0.0965, 0.0596, 0.0425, 0.0546, 0.0379,
         0.0820, 0.0616, 0.1064, 0.1033, 0.0431],
        [0.0788, 0.0603, 0.0878, 0.0507, 0.0805, 0.0645, 0.0369, 0.0575, 0.0603,
         0.0872, 0.0661, 0.1010, 0.1226, 0.0457],
        [0.0639, 0.0472, 0.1322, 0.0429, 0.0892, 0.0509, 0.0412, 0.0585, 0.0375,
         0.0733, 0.0754, 0.1226, 0.1277, 0.0375],
        [0.0653, 0.0553, 0.1153, 0.0432, 0.1019, 0.0471, 0.0384, 0.0577, 0.0408,
         0.0691, 0.0644, 0.1333, 0.1308, 0.0374],
        [0.0594, 0.0552, 0.1325, 0.0540, 0.0843, 0.0477, 0.0378, 0.0528, 0.0403,
         0.0858, 0.0476, 0.1166, 0.1498, 0.0363],
        [0.0773, 0.0522, 0.1130, 0.0520, 0.0856, 0.0440, 0.0411, 0.0639, 0.0555,
         0.0953, 0.0643, 0.1058, 0.1195, 0.0305],
        [0.0683, 0.0568, 0.1322, 0.0523, 0.0841, 0.0522, 0.0345, 0.0585, 0.0405,
         0.0983, 0.0462, 0.1111, 0.1279, 0.0370],
        [0.0643, 0.0519, 0.1275, 0.0393, 0.0836, 0.0563, 0.0344, 0.0581, 0.0294,
         0.1164, 0.0516, 0.1229, 0.1279, 0.0364],
        [0.0766, 0.0537, 0.0902, 0.0490, 0.0740, 0.0633, 0.0596, 0.0763, 0.0422,
         0.0788, 0.0621, 0.1059, 0.1246, 0.0436],
        [0.0678, 0.0608, 0.1167, 0.0517, 0.0881, 0.0514, 0.0360, 0.0613, 0.0408,
         0.0951, 0.0656, 0.0965, 0.1231, 0.0452]])