16309
Test: public void testAutomaticUsage() throws Exception { HelpFormatter hf = new HelpFormatter(); Options options = null; String expected = "usage: app [-a]"; ByteArrayOutputStream out = new ByteArrayOutputStream(); PrintWriter pw = new PrintWriter(out); options = new Options().addOption("a", false, "aaaa aaaa aaaa aaaa aaaa"); hf.printUsage(pw, 60, "app", options); pw.flush(); out.reset(); expected = "usage: app [-a] [-b]"; options = new Options().addOption("a", false, "aaaa aaaa aaaa aaaa aaaa") .addOption("b", false, "bbb"); hf.printUsage(pw, 60, "app", options); pw.flush(); out.reset(); }
Code: private static void reset(){description = null;argName = "arg";longopt = null;;required = true;numberOfArgs = Option.UNINITIALIZED;;valuesep = (char) 0;}
[[0.06751925 0.10274162 0.0361259  0.12046351 0.02857483 0.09118096
 0.02857483 0.04646537 0.02857483 0.03169058 0.02857483 0.07582481
 0.02857483 0.10155681 0.02857483 0.04542048 0.10956173]
[0.05045137 0.12795117 0.03171017 0.11611564 0.03203841 0.06791986
 0.03203841 0.06383209 0.03203841 0.03620068 0.03203841 0.06736971
 0.03203841 0.09380189 0.03203841 0.04431634 0.10810065]
[0.04627007 0.11497784 0.03016652 0.12053935 0.02855395 0.07500757
 0.02855395 0.05946827 0.02855395 0.04114459 0.02855395 0.08658168
 0.02855395 0.10670163 0.02855395 0.04972236 0.09809656]
[0.04746607 0.12606953 0.02284265 0.14770441 0.02903391 0.0822719
 0.02903391 0.05785577 0.02903391 0.02938646 0.02903391 0.07476666
 0.02903391 0.10285734 0.02903391 0.03303755 0.1015383 ]
[0.06264027 0.11703825 0.04200484 0.07582477 0.04219783 0.07253607
 0.04219783 0.06758165 0.04219783 0.04640736 0.04219783 0.05936768
 0.04219783 0.06930066 0.04219783 0.05191159 0.08219991]
[0.05663687 0.11498071 0.03677996 0.12336477 0.03059922 0.07199576
 0.03059922 0.06251032 0.03059922 0.0379911  0.03059922 0.08159394
 0.03059922 0.09612385 0.03059922 0.04529035 0.08913702]
[0.06264027 0.11703825 0.04200484 0.07582477 0.04219783 0.07253607
 0.04219783 0.06758165 0.04219783 0.04640736 0.04219783 0.05936768
 0.04219783 0.06930066 0.04219783 0.05191159 0.08219991]
[0.04956268 0.11598524 0.03043977 0.13407823 0.02804683 0.08264486
 0.02804683 0.05571374 0.02804683 0.03562952 0.02804683 0.07710911
 0.02804683 0.10865669 0.02804683 0.04484381 0.09705534]
[0.06264027 0.11703825 0.04200484 0.07582477 0.04219783 0.07253607
 0.04219783 0.06758165 0.04219783 0.04640736 0.04219783 0.05936768
 0.04219783 0.06930066 0.04219783 0.05191159 0.08219991]
[0.05358167 0.1157478  0.02854258 0.11602619 0.02938512 0.07228774
 0.02938512 0.05576418 0.02938512 0.04456525 0.02938512 0.06682356
 0.02938512 0.11414412 0.02938512 0.04962097 0.1065852 ]
[0.06264027 0.11703825 0.04200484 0.07582477 0.04219783 0.07253607
 0.04219783 0.06758165 0.04219783 0.04640736 0.04219783 0.05936768
 0.04219783 0.06930066 0.04219783 0.05191159 0.08219991]
[0.04362193 0.11331619 0.02765249 0.10961001 0.02677528 0.10281187
 0.02677528 0.06435966 0.02677528 0.03928398 0.02677528 0.08103241
 0.02677528 0.11767817 0.02677528 0.04251486 0.09746683]
[0.06264027 0.11703825 0.04200484 0.07582477 0.04219783 0.07253607
 0.04219783 0.06758165 0.04219783 0.04640736 0.04219783 0.05936768
 0.04219783 0.06930066 0.04219783 0.05191159 0.08219991]
[0.06456027 0.1456143  0.02993648 0.13627414 0.02282447 0.06402001
 0.02282447 0.07354009 0.02282447 0.03512774 0.02282447 0.07137708
 0.02282447 0.11075195 0.02282447 0.04054703 0.09130415]
[0.06264027 0.11703825 0.04200484 0.07582477 0.04219783 0.07253607
 0.04219783 0.06758165 0.04219783 0.04640736 0.04219783 0.05936768
 0.04219783 0.06930066 0.04219783 0.05191159 0.08219991]
[0.05058303 0.12609115 0.02656421 0.1311084  0.02718057 0.06462713
 0.02718057 0.0750796  0.02718057 0.03261349 0.02718057 0.09490821
 0.02718057 0.09901205 0.02718057 0.04574034 0.09058893]
[0.0598886  0.10002252 0.0325998  0.10326196 0.02834641 0.09238186
 0.02834641 0.06371064 0.02834641 0.03799408 0.02834641 0.09042133
 0.02834641 0.10248558 0.02834641 0.05150273 0.09565243]]