100356
Test: public void testAddMillis_int_dstOverlapSummer_addZero() { MutableDateTime test = new MutableDateTime(2011, 10, 30, 2, 30, 0, 0, DateTimeZone.forID("Europe/Berlin")); test.addMillis(0); }
Code: public void addMillis(final int millis) { if (millis != 0) { setMillis(getChronology().millis().add(getMillis(), millis)); } }
[[0.07101455 0.05506118 0.02654859 0.04870917 0.10760561 0.07559918
 0.18947178 0.10569382 0.0363333  0.03522748 0.07559916 0.05941152
 0.0615641  0.02608027 0.02608027]
[0.06450082 0.04787266 0.02430294 0.03696795 0.16432548 0.07376772
 0.20860241 0.08882407 0.03208045 0.03105094 0.07376769 0.04725222
 0.05860571 0.02403946 0.02403946]
[0.07231177 0.04426817 0.01864229 0.04482349 0.1516321  0.0856787
 0.19839832 0.09940007 0.02986935 0.02829464 0.08567869 0.05040983
 0.05085659 0.019868   0.019868  ]
[0.04676861 0.03701251 0.02878354 0.03829895 0.13425747 0.07923397
 0.26815623 0.08617488 0.02642291 0.03083616 0.07923395 0.05520861
 0.04992186 0.01984515 0.01984515]
[0.07866291 0.04153712 0.02611266 0.0431639  0.11800492 0.07172339
 0.18308397 0.1181566  0.02946295 0.03914247 0.07172337 0.06723382
 0.06528607 0.02335295 0.02335295]
[0.07000591 0.05881703 0.03248627 0.03611413 0.12548563 0.08658437
 0.123987   0.1201129  0.04500702 0.04251965 0.08658438 0.05219133
 0.05075911 0.03467263 0.03467263]
[0.05409505 0.0351027  0.01353293 0.0293127  0.16629139 0.06753743
 0.28775066 0.10698116 0.01593851 0.02803863 0.06753741 0.04236471
 0.06114691 0.01218493 0.01218493]
[0.05595859 0.04042502 0.01836586 0.04236728 0.15962997 0.06604759
 0.2421423  0.0812609  0.02630274 0.03187722 0.06604759 0.06464663
 0.06644731 0.01924048 0.01924048]
[0.0669089  0.03929689 0.02303711 0.03952535 0.12075528 0.08677154
 0.21486807 0.11111026 0.02266118 0.03545004 0.08677154 0.06297299
 0.05100038 0.01943523 0.01943523]
[0.05970086 0.05167233 0.02270113 0.03907939 0.12287985 0.07826685
 0.20004708 0.09439459 0.04464024 0.03527971 0.07826685 0.05664152
 0.05867415 0.02887774 0.02887774]
[0.07000591 0.05881703 0.03248627 0.03611413 0.12548563 0.08658437
 0.123987   0.1201129  0.04500702 0.04251965 0.08658438 0.05219133
 0.05075911 0.03467263 0.03467263]
[0.05995116 0.04229302 0.02222268 0.03884168 0.10830159 0.06676766
 0.24853012 0.09634572 0.03917871 0.03040957 0.06676764 0.05341616
 0.07880838 0.02408294 0.02408294]
[0.06398544 0.05090228 0.02266911 0.04333013 0.12773347 0.07397147
 0.18387239 0.09917924 0.04432901 0.03393285 0.07397147 0.04613844
 0.0811331  0.0274258  0.0274258 ]
[0.0548397  0.04576578 0.02120622 0.04380086 0.10290234 0.08946507
 0.20034721 0.10496418 0.03429203 0.03121727 0.08946507 0.07422698
 0.06404098 0.02173319 0.02173319]
[0.0548397  0.04576578 0.02120622 0.04380086 0.10290234 0.08946507
 0.20034721 0.10496418 0.03429203 0.03121727 0.08946507 0.07422698
 0.06404098 0.02173319 0.02173319]]