66914
Test: public void testGenericSignature1195() throws Exception { TypeFactory tf = TypeFactory.defaultInstance(); Method m; JavaType t; m = Generic1195.class.getMethod("getList"); t = tf.constructType(m.getGenericReturnType()); m = Generic1195.class.getMethod("getMap"); t = tf.constructType(m.getGenericReturnType()); m = Generic1195.class.getMethod("getGeneric"); t = tf.constructType(m.getGenericReturnType()); }
Code: public StringBuilder getGenericSignature(StringBuilder sb) { _classSignature(_class, sb, false); sb.append('<'); sb = _referencedType.getGenericSignature(sb); sb.append(';'); return sb; }
tensor([[0.0465, 0.0443, 0.0932, 0.0452, 0.0607, 0.1130, 0.1263, 0.0801, 0.1171,
         0.0292, 0.0292, 0.0570, 0.0532, 0.0510, 0.0344, 0.0195],
        [0.0433, 0.0478, 0.0874, 0.0418, 0.0769, 0.1068, 0.1400, 0.0764, 0.1126,
         0.0264, 0.0289, 0.0618, 0.0429, 0.0547, 0.0318, 0.0205],
        [0.0414, 0.0549, 0.0856, 0.0396, 0.0795, 0.1004, 0.1536, 0.0646, 0.1226,
         0.0307, 0.0286, 0.0476, 0.0495, 0.0455, 0.0358, 0.0202],
        [0.0333, 0.0514, 0.1007, 0.0326, 0.0481, 0.1291, 0.1979, 0.0838, 0.0960,
         0.0196, 0.0331, 0.0504, 0.0369, 0.0421, 0.0282, 0.0169],
        [0.0457, 0.0526, 0.1048, 0.0463, 0.0681, 0.0865, 0.1088, 0.0753, 0.1204,
         0.0289, 0.0378, 0.0621, 0.0532, 0.0533, 0.0314, 0.0249],
        [0.0424, 0.0462, 0.0759, 0.0372, 0.0673, 0.1000, 0.1912, 0.0818, 0.1163,
         0.0211, 0.0294, 0.0568, 0.0473, 0.0460, 0.0267, 0.0144],
        [0.0510, 0.0462, 0.0906, 0.0407, 0.0692, 0.0915, 0.1587, 0.0683, 0.1174,
         0.0268, 0.0267, 0.0553, 0.0515, 0.0564, 0.0307, 0.0188],
        [0.0425, 0.0596, 0.0830, 0.0345, 0.0697, 0.0985, 0.1889, 0.0878, 0.0984,
         0.0250, 0.0306, 0.0463, 0.0457, 0.0474, 0.0237, 0.0181],
        [0.0470, 0.0511, 0.0675, 0.0399, 0.0760, 0.1126, 0.1321, 0.0786, 0.1399,
         0.0236, 0.0272, 0.0543, 0.0510, 0.0488, 0.0309, 0.0195],
        [0.0420, 0.0472, 0.0873, 0.0344, 0.0619, 0.0916, 0.1758, 0.0704, 0.1327,
         0.0227, 0.0281, 0.0609, 0.0440, 0.0498, 0.0309, 0.0202],
        [0.0514, 0.0530, 0.0849, 0.0449, 0.0556, 0.0817, 0.0973, 0.0876, 0.1297,
         0.0340, 0.0419, 0.0680, 0.0549, 0.0559, 0.0346, 0.0246],
        [0.0371, 0.0530, 0.0862, 0.0299, 0.0710, 0.0968, 0.2090, 0.0902, 0.1097,
         0.0171, 0.0255, 0.0435, 0.0431, 0.0472, 0.0252, 0.0155],
        [0.0398, 0.0564, 0.1041, 0.0350, 0.0590, 0.1020, 0.1749, 0.0650, 0.1355,
         0.0218, 0.0275, 0.0404, 0.0433, 0.0463, 0.0293, 0.0197],
        [0.0297, 0.0472, 0.0867, 0.0328, 0.0573, 0.1032, 0.2195, 0.0720, 0.1274,
         0.0224, 0.0290, 0.0495, 0.0351, 0.0432, 0.0293, 0.0157],
        [0.0289, 0.0408, 0.0695, 0.0329, 0.0814, 0.1111, 0.2141, 0.0740, 0.1118,
         0.0246, 0.0233, 0.0440, 0.0480, 0.0526, 0.0305, 0.0126],
        [0.0317, 0.0426, 0.0864, 0.0335, 0.0736, 0.1195, 0.1751, 0.0705, 0.0999,
         0.0244, 0.0278, 0.0497, 0.0537, 0.0670, 0.0283, 0.0162]])