68554
Test: @Test public void testWrap() { Document doc = Jsoup.parse("<div><p>Hello</p><p>There</p></div>"); Element p = doc.select("p").first(); p.wrap("<div class='head'></div>"); Element ret = p.wrap("<div><div class=foo></div><p>What?</p></div>"); }
Code: public static Evaluator parse(String query) { try { QueryParser p = new QueryParser(query); return p.parse(); } catch (IllegalArgumentException e) { throw new Selector.SelectorParseException(e.getMessage()); } }
[[0.03591155 0.09823093 0.02528595 0.02188176 0.0379568  0.0426667
 0.06893984 0.0426667  0.04396816 0.05268866 0.02226331 0.01847247
 0.03703339 0.0388777  0.084777   0.01415934 0.03927059 0.02675374
 0.09394415 0.0426667  0.03654546 0.01847247 0.02824793 0.01415934
 0.01415934]
[0.03782928 0.0903635  0.02643202 0.02660551 0.03160543 0.05480543
 0.06210379 0.05480543 0.04205998 0.05561842 0.02442082 0.01589489
 0.02973318 0.03498536 0.08178628 0.01566067 0.03911036 0.02669506
 0.08790404 0.05480543 0.03180911 0.01589489 0.02774985 0.01566067
 0.01566067]
[0.02800007 0.10830238 0.02424262 0.0191493  0.03677538 0.05188321
 0.07521866 0.05188321 0.04674712 0.06935658 0.02047921 0.01551132
 0.04411252 0.04475196 0.07504083 0.00727809 0.03386022 0.0231667
 0.0862482  0.05188321 0.03101896 0.01551132 0.02502275 0.00727809
 0.00727809]
[0.02883805 0.11559183 0.02232753 0.01531979 0.037872   0.0568034
 0.06267423 0.0568034  0.04909133 0.07878451 0.02071058 0.01338907
 0.03727336 0.04220449 0.08371951 0.00881722 0.02776123 0.02272474
 0.07729504 0.0568034  0.02710611 0.01338907 0.02706569 0.00881722
 0.00881721]
[0.03275134 0.09222654 0.01769977 0.0218944  0.03304929 0.04947454
 0.0652437  0.04947454 0.03970291 0.05612967 0.02989746 0.01980099
 0.04207042 0.04359326 0.08721322 0.01116632 0.03804097 0.02767204
 0.09172545 0.04947454 0.03335455 0.01980099 0.02621042 0.01116632
 0.01116631]
[0.0361491  0.07742736 0.02713531 0.02627719 0.03581897 0.04789787
 0.04241646 0.04789787 0.04879373 0.06905356 0.02963161 0.02165042
 0.03551739 0.0429386  0.07869352 0.01851946 0.039065   0.03924778
 0.06567906 0.04789787 0.03256657 0.02165042 0.03103602 0.01851946
 0.01851946]
[0.02965711 0.10702349 0.02238154 0.01961633 0.04024997 0.04015728
 0.05949546 0.04015728 0.04809649 0.04611844 0.02714864 0.01837108
 0.04266796 0.04313079 0.10278153 0.0114729  0.03241865 0.02626555
 0.09970789 0.04015728 0.03806961 0.01837108 0.02353782 0.0114729
 0.0114729 ]
[0.0361491  0.07742736 0.02713531 0.02627719 0.03581897 0.04789787
 0.04241646 0.04789787 0.04879373 0.06905356 0.02963161 0.02165042
 0.03551739 0.0429386  0.07869352 0.01851946 0.039065   0.03924778
 0.06567906 0.04789787 0.03256657 0.02165042 0.03103602 0.01851946
 0.01851946]
[0.03313822 0.0962947  0.02628198 0.02163913 0.03637756 0.04994828
 0.05838262 0.04994828 0.04857326 0.06104977 0.02265538 0.01549308
 0.03938626 0.03917886 0.077879   0.01699541 0.03787696 0.02902416
 0.07693245 0.04994828 0.03468218 0.01549308 0.02883025 0.01699541
 0.01699541]
[0.03972893 0.07937104 0.02601357 0.02565088 0.04025643 0.04197665
 0.06578561 0.04197665 0.04254678 0.07133164 0.02406383 0.02028967
 0.04263156 0.04553001 0.07740158 0.01190351 0.04260658 0.02540902
 0.0923478  0.04197665 0.02645308 0.02028967 0.03065183 0.01190351
 0.01190351]
[0.03957982 0.08762851 0.02357817 0.03109057 0.03566134 0.04023203
 0.04658969 0.04023203 0.04764406 0.07301722 0.03152911 0.01837555
 0.04154567 0.04259568 0.07516278 0.01832051 0.03590904 0.04102312
 0.06771868 0.04023203 0.03164689 0.01837555 0.03567097 0.01832051
 0.01832051]
[0.0312652  0.09005573 0.02131743 0.02502343 0.03021268 0.04939804
 0.0723725  0.04939804 0.04440276 0.05399446 0.02562532 0.02115441
 0.03635439 0.04378511 0.08947553 0.0148571  0.03292368 0.02344488
 0.08447738 0.04939804 0.03644938 0.02115441 0.0237459  0.0148571
 0.01485709]
[0.03462931 0.09810072 0.02287447 0.02261774 0.04198234 0.04860382
 0.0607245  0.04860382 0.04750657 0.06344983 0.02268593 0.0185899
 0.04106883 0.04420909 0.07736185 0.01238715 0.03654211 0.02888277
 0.07447889 0.04860382 0.03537662 0.0185899  0.02735572 0.01238715
 0.01238715]
[0.02752157 0.11020772 0.02213337 0.01921745 0.03475931 0.04267887
 0.06125556 0.04267887 0.04630956 0.06657068 0.02622796 0.01698004
 0.04164938 0.04186641 0.0899363  0.01226073 0.03686607 0.02564135
 0.09124267 0.04267887 0.03230124 0.01698004 0.02751455 0.01226073
 0.01226073]
[0.03484244 0.10501897 0.0258933  0.01770442 0.03077668 0.05181262
 0.05930994 0.05181262 0.05153804 0.06697231 0.0247238  0.01730251
 0.03719945 0.04270571 0.09145695 0.01569193 0.0275601  0.02182165
 0.06760102 0.05181262 0.03304187 0.01730251 0.02471476 0.01569193
 0.01569193]
[0.02787174 0.09656306 0.02374295 0.01977032 0.03520685 0.05363305
 0.06575586 0.05363305 0.05201635 0.06001152 0.02324848 0.01552505
 0.04155415 0.05567084 0.07924133 0.01240892 0.02690632 0.02670551
 0.07300545 0.05363305 0.03422948 0.01552505 0.02932376 0.01240892
 0.01240892]
[0.02761048 0.11391751 0.02168082 0.01782483 0.03979876 0.04845129
 0.06539698 0.04845129 0.03783361 0.07305544 0.02086695 0.01703923
 0.03840503 0.03929802 0.08657451 0.01120432 0.03326183 0.02333097
 0.08800376 0.04845129 0.03021334 0.01703923 0.02988184 0.01120432
 0.01120431]
[0.03129396 0.09406072 0.02253308 0.02031525 0.0411443  0.04568161
 0.07005243 0.04568161 0.03747882 0.063207   0.02162458 0.01820051
 0.03917774 0.04953565 0.08515152 0.01369646 0.04067209 0.0289759
 0.07703579 0.04568161 0.03366069 0.01820051 0.02954528 0.01369646
 0.01369645]
[0.03394311 0.09472172 0.02808443 0.02375202 0.03559001 0.04296946
 0.06816683 0.04296946 0.04400906 0.06279039 0.02497648 0.01619733
 0.0393298  0.04096539 0.07905874 0.0171554  0.03512382 0.02577431
 0.08682048 0.04296946 0.03478543 0.01619733 0.02933872 0.0171554
 0.0171554 ]
[0.0361491  0.07742736 0.02713531 0.02627719 0.03581897 0.04789787
 0.04241646 0.04789787 0.04879373 0.06905356 0.02963161 0.02165042
 0.03551739 0.0429386  0.07869352 0.01851946 0.039065   0.03924778
 0.06567906 0.04789787 0.03256657 0.02165042 0.03103602 0.01851946
 0.01851946]
[0.02929677 0.09709489 0.02095066 0.02103558 0.03799939 0.0571317
 0.06140155 0.0571317  0.04525178 0.06583026 0.02407865 0.01652035
 0.03817374 0.04796651 0.09311973 0.01086969 0.02962659 0.02272629
 0.07174741 0.0571317  0.034032   0.01652035 0.02262326 0.01086969
 0.01086969]
[0.0312652  0.09005573 0.02131743 0.02502343 0.03021268 0.04939804
 0.0723725  0.04939804 0.04440276 0.05399446 0.02562532 0.02115441
 0.03635439 0.04378511 0.08947553 0.0148571  0.03292368 0.02344488
 0.08447738 0.04939804 0.03644938 0.02115441 0.0237459  0.0148571
 0.01485709]
[0.03563271 0.10389088 0.02205455 0.01623535 0.04118076 0.04408765
 0.06400467 0.04408765 0.04442865 0.06225481 0.02430606 0.01682134
 0.03838563 0.0328256  0.07998352 0.01471512 0.03341779 0.03109515
 0.09872283 0.04408765 0.03330436 0.01682134 0.02822566 0.01471512
 0.01471511]
[0.02787174 0.09656306 0.02374295 0.01977032 0.03520685 0.05363305
 0.06575586 0.05363305 0.05201635 0.06001152 0.02324848 0.01552505
 0.04155415 0.05567084 0.07924133 0.01240892 0.02690632 0.02670551
 0.07300545 0.05363305 0.03422948 0.01552505 0.02932376 0.01240892
 0.01240892]
[0.02787174 0.09656303 0.02374295 0.01977032 0.03520685 0.05363306
 0.06575587 0.05363306 0.05201635 0.06001152 0.02324848 0.01552506
 0.04155415 0.05567085 0.07924134 0.01240892 0.02690632 0.02670552
 0.07300545 0.05363306 0.03422948 0.01552506 0.02932375 0.01240892
 0.01240892]]