66756
Test: public void testCollectionTypesRefined() { TypeFactory tf = newTypeFactory(); JavaType type = tf.constructType(new TypeReference<List<Long>>() { }); JavaType subtype = tf.constructSpecializedType(type, ArrayList.class); }
Code: public JavaType getSuperClass() { if (_referencedType != null) { return _referencedType.getSuperClass(); } return super.getSuperClass(); }
tensor([[0.0482, 0.0839, 0.0569, 0.0511, 0.1285, 0.1500, 0.0246, 0.0276, 0.0511,
         0.0514, 0.1800, 0.0176, 0.0514, 0.0601, 0.0176],
        [0.0489, 0.0904, 0.0603, 0.0529, 0.1530, 0.1514, 0.0202, 0.0265, 0.0529,
         0.0483, 0.1668, 0.0149, 0.0483, 0.0503, 0.0149],
        [0.0445, 0.0764, 0.0575, 0.0740, 0.1572, 0.1094, 0.0254, 0.0263, 0.0740,
         0.0540, 0.1600, 0.0201, 0.0540, 0.0471, 0.0201],
        [0.0523, 0.0910, 0.0592, 0.0657, 0.0924, 0.1252, 0.0338, 0.0374, 0.0657,
         0.0625, 0.1439, 0.0261, 0.0625, 0.0562, 0.0261],
        [0.0316, 0.0919, 0.0488, 0.0360, 0.1669, 0.2050, 0.0089, 0.0126, 0.0360,
         0.0397, 0.2019, 0.0067, 0.0397, 0.0673, 0.0067],
        [0.0503, 0.0838, 0.0561, 0.0573, 0.1414, 0.1567, 0.0216, 0.0210, 0.0573,
         0.0554, 0.1588, 0.0153, 0.0554, 0.0543, 0.0153],
        [0.0392, 0.0757, 0.0509, 0.0508, 0.1258, 0.1803, 0.0133, 0.0205, 0.0508,
         0.0484, 0.2148, 0.0114, 0.0484, 0.0583, 0.0114],
        [0.0370, 0.0879, 0.0460, 0.0606, 0.1742, 0.1416, 0.0189, 0.0255, 0.0606,
         0.0442, 0.1786, 0.0107, 0.0442, 0.0595, 0.0107],
        [0.0523, 0.0910, 0.0592, 0.0657, 0.0924, 0.1252, 0.0338, 0.0374, 0.0657,
         0.0625, 0.1439, 0.0261, 0.0625, 0.0562, 0.0261],
        [0.0306, 0.0876, 0.0451, 0.0448, 0.1361, 0.1824, 0.0170, 0.0194, 0.0448,
         0.0471, 0.2248, 0.0130, 0.0471, 0.0472, 0.0130],
        [0.0363, 0.0824, 0.0518, 0.0495, 0.1368, 0.1683, 0.0149, 0.0187, 0.0495,
         0.0472, 0.2159, 0.0125, 0.0472, 0.0568, 0.0125],
        [0.0340, 0.0745, 0.0515, 0.0592, 0.1249, 0.1428, 0.0217, 0.0222, 0.0592,
         0.0661, 0.1977, 0.0141, 0.0661, 0.0520, 0.0141],
        [0.0306, 0.0876, 0.0451, 0.0448, 0.1361, 0.1824, 0.0170, 0.0194, 0.0448,
         0.0471, 0.2248, 0.0130, 0.0471, 0.0472, 0.0130],
        [0.0387, 0.0743, 0.0441, 0.0672, 0.1478, 0.1441, 0.0229, 0.0254, 0.0672,
         0.0512, 0.1904, 0.0135, 0.0512, 0.0486, 0.0135],
        [0.0340, 0.0745, 0.0515, 0.0592, 0.1249, 0.1428, 0.0217, 0.0222, 0.0592,
         0.0661, 0.1977, 0.0141, 0.0661, 0.0520, 0.0141]])