99166
Test: public void shouldNotThrowNPEWhenIntegerPassedToEq() { mock.intArgumentMethod(100); verify(mock).intArgumentMethod(eq(new Integer(100))); }
Code: public static <T> T eq(T value) { return (T) reportMatcher(new Equals(value)).<T>returnFor((Class) value.getClass()); }
tensor([[0.0595, 0.1543, 0.1334, 0.0400, 0.0863, 0.0783, 0.0659, 0.0638, 0.0676,
         0.0707, 0.0528, 0.1052, 0.0224],
        [0.0617, 0.1424, 0.1500, 0.0343, 0.0946, 0.0643, 0.0835, 0.0567, 0.0769,
         0.0609, 0.0481, 0.1022, 0.0243],
        [0.0566, 0.1293, 0.1487, 0.0257, 0.0786, 0.0740, 0.0859, 0.0628, 0.0662,
         0.0585, 0.0475, 0.1462, 0.0201],
        [0.0534, 0.1346, 0.1419, 0.0308, 0.0988, 0.0714, 0.0711, 0.0611, 0.0677,
         0.0726, 0.0617, 0.1133, 0.0216],
        [0.0641, 0.1280, 0.1400, 0.0327, 0.0880, 0.0769, 0.0863, 0.0663, 0.0785,
         0.0633, 0.0512, 0.1002, 0.0245],
        [0.0553, 0.1640, 0.1359, 0.0268, 0.0886, 0.0745, 0.0742, 0.0626, 0.0665,
         0.0710, 0.0564, 0.1044, 0.0199],
        [0.0606, 0.1309, 0.1175, 0.0335, 0.0842, 0.0729, 0.0818, 0.0718, 0.0826,
         0.0786, 0.0474, 0.1068, 0.0313],
        [0.0399, 0.1585, 0.1499, 0.0234, 0.0816, 0.0785, 0.0611, 0.0609, 0.0582,
         0.0868, 0.0548, 0.1289, 0.0176],
        [0.0582, 0.1523, 0.1460, 0.0295, 0.0719, 0.1000, 0.0730, 0.0581, 0.0582,
         0.0739, 0.0506, 0.1058, 0.0225],
        [0.0425, 0.1657, 0.1537, 0.0207, 0.0699, 0.0734, 0.0731, 0.0548, 0.0662,
         0.0867, 0.0533, 0.1258, 0.0141],
        [0.0638, 0.1341, 0.1368, 0.0323, 0.0914, 0.0821, 0.0712, 0.0733, 0.0640,
         0.0705, 0.0485, 0.1141, 0.0178],
        [0.0493, 0.1278, 0.1298, 0.0298, 0.0917, 0.0883, 0.0957, 0.0712, 0.0620,
         0.0784, 0.0562, 0.1001, 0.0198],
        [0.0445, 0.1471, 0.1677, 0.0294, 0.0715, 0.0572, 0.0796, 0.0871, 0.0732,
         0.0644, 0.0557, 0.1037, 0.0188]])