68111
Test: @Test public void orphanNodeReturnsNullForSiblingElements() { Node node = new Element(Tag.valueOf("p"), ""); Element el = new Element(Tag.valueOf("p"), ""); }
Code: public Node previousSibling() { List<Node> siblings = parentNode.childNodes; Integer index = siblingIndex(); Validate.notNull(index); if (index > 0) return siblings.get(index-1); else return null; }
[[0.03071954 0.06045984 0.05133393 0.04398137 0.06868665 0.05061708
 0.0195222  0.05678926 0.03350574 0.02372729 0.0195222  0.02856008
 0.05534134 0.08311078 0.03120799 0.05086408 0.01796775 0.03418108
 0.0846943  0.04266466 0.03418109 0.06461222 0.01374952]
[0.02192853 0.06595384 0.0514669  0.05080979 0.05940933 0.04422478
 0.02069823 0.05696803 0.03596526 0.02034765 0.02069823 0.02457528
 0.06669766 0.07985394 0.03402831 0.05396152 0.01675119 0.03447722
 0.07063709 0.05098314 0.03447722 0.07557073 0.00951604]
[0.03228418 0.05334635 0.05201486 0.03634472 0.066185   0.04849339
 0.02482897 0.05406555 0.0292601  0.01933699 0.02482897 0.03530297
 0.05778631 0.0644407  0.03591176 0.05760558 0.0248567  0.03218394
 0.09732538 0.03855648 0.03218394 0.06747224 0.01538482]
[0.03336231 0.05553034 0.05823614 0.05408446 0.05235009 0.04370037
 0.02779447 0.051997   0.04037828 0.01852388 0.02779447 0.02760727
 0.05168542 0.05740121 0.04124928 0.04743277 0.02272186 0.03833739
 0.06727766 0.05383389 0.03833739 0.07136501 0.01899898]
[0.025546   0.05360133 0.04611367 0.04028646 0.06325262 0.05263469
 0.02218509 0.06790008 0.03663516 0.0190939  0.02218509 0.02690452
 0.06808978 0.07309323 0.0308609  0.04777811 0.0177163  0.03613775
 0.09628751 0.05045851 0.03613775 0.05447209 0.01262955]
[0.02476687 0.05866227 0.04546285 0.05965748 0.06323335 0.04785045
 0.02216303 0.06029329 0.03581225 0.01812033 0.02216303 0.03029543
 0.06160121 0.06768285 0.03795611 0.05454536 0.02185035 0.03492327
 0.06436449 0.04440926 0.03492327 0.07467371 0.01458942]
[0.03656037 0.05558249 0.05183401 0.04099133 0.04641675 0.03935026
 0.03022604 0.05468442 0.03495135 0.02224712 0.03022604 0.02918755
 0.05758605 0.08086854 0.0376955  0.04985345 0.02731901 0.04007251
 0.07138878 0.04528609 0.04007251 0.05975387 0.01784597]
[0.02576719 0.06348318 0.04565812 0.05359267 0.06842894 0.05154817
 0.01853546 0.06926335 0.03283201 0.01722856 0.01853546 0.02693028
 0.05786709 0.10266669 0.02137087 0.04819464 0.01809638 0.03034821
 0.07834537 0.04374404 0.03034821 0.06656566 0.01064942]
[0.02840608 0.05480695 0.04577762 0.04724465 0.06371511 0.04576945
 0.02053061 0.06658734 0.03266937 0.01702062 0.02053061 0.02511089
 0.05457025 0.0981275  0.03072556 0.04897944 0.02187575 0.03214587
 0.07593452 0.05013421 0.03214587 0.07586516 0.0113265 ]
[0.02057896 0.05980703 0.04198161 0.03954642 0.07890733 0.03910607
 0.02203021 0.06733228 0.02869554 0.01802766 0.02203021 0.0272253
 0.07315995 0.06484856 0.03460208 0.04770145 0.02308715 0.02925344
 0.09047833 0.04161284 0.02925345 0.08752982 0.01320436]
[0.03656037 0.05558249 0.05183401 0.04099133 0.04641675 0.03935026
 0.03022604 0.05468442 0.03495135 0.02224712 0.03022604 0.02918755
 0.05758605 0.08086854 0.0376955  0.04985345 0.02731901 0.04007251
 0.07138878 0.04528609 0.04007251 0.05975387 0.01784597]
[0.03044089 0.0564426  0.04776553 0.0443248  0.06500076 0.05454281
 0.02554106 0.05732459 0.03286815 0.01916569 0.02554106 0.02438553
 0.05215626 0.07634632 0.03285415 0.04867165 0.02216451 0.03476547
 0.08824739 0.04891896 0.03476547 0.06279423 0.01497216]
[0.02613687 0.05349238 0.03762426 0.0603573  0.07214645 0.03937667
 0.02217319 0.05327059 0.04191534 0.01929707 0.02217319 0.02638003
 0.05482352 0.0762058  0.03143514 0.05014895 0.01795081 0.04451852
 0.08420552 0.03431405 0.04451852 0.07363421 0.0139017 ]
[0.01916155 0.06847115 0.03765627 0.04189882 0.07966365 0.04375067
 0.01513395 0.06693763 0.02669128 0.01109667 0.01513395 0.01833444
 0.06794491 0.10864448 0.02681755 0.03554358 0.01652457 0.02533953
 0.09266795 0.07534102 0.02533953 0.07555299 0.00635382]
[0.02574656 0.05612747 0.05038477 0.05296198 0.06181822 0.04258525
 0.01760986 0.06627391 0.03221618 0.0161288  0.01760986 0.02490987
 0.06041136 0.08374896 0.03251024 0.05047979 0.01482924 0.04589552
 0.08148313 0.044409   0.04589552 0.06481465 0.01114989]
[0.03242005 0.05682993 0.04572561 0.04703268 0.06697056 0.0538947
 0.01763809 0.06162521 0.03599871 0.01652968 0.01763809 0.03007158
 0.06147914 0.08521242 0.02767243 0.06069563 0.01663498 0.03715803
 0.0888103  0.03220772 0.03715803 0.05988284 0.0107136 ]
[0.02502943 0.05959998 0.0456074  0.04804816 0.0583574  0.04120901
 0.01969938 0.07364625 0.03859021 0.01842705 0.01969938 0.0300877
 0.06036922 0.08466376 0.03127853 0.04499086 0.0183183  0.03998645
 0.07907633 0.0484887  0.03998645 0.0585532  0.01628687]
[0.02095658 0.05049515 0.05188427 0.0425369  0.06754103 0.03856081
 0.02058379 0.06461601 0.02904752 0.01719894 0.02058379 0.02070367
 0.07851441 0.0854215  0.03086563 0.04646439 0.01745104 0.03015693
 0.08695769 0.0627179  0.03015693 0.07500739 0.01157772]
[0.02285368 0.07361033 0.0458594  0.06264028 0.0639473  0.04939055
 0.01534264 0.06111939 0.03099536 0.01434162 0.01534264 0.01871512
 0.05883292 0.08621966 0.0306146  0.04697609 0.01710496 0.03313791
 0.08046503 0.04925333 0.0331379  0.07728683 0.01281243]
[0.02407931 0.06039892 0.04618668 0.04953321 0.07385417 0.04270767
 0.01738414 0.05898991 0.03111514 0.01696358 0.01738414 0.02101931
 0.08648996 0.07704761 0.02865821 0.04732766 0.01887514 0.03302299
 0.08642817 0.04636849 0.03302299 0.0730131  0.01012942]
[0.02095658 0.05049517 0.05188428 0.04253689 0.06754101 0.0385608
 0.02058378 0.06461602 0.02904752 0.01719894 0.02058378 0.02070367
 0.07851443 0.08542149 0.03086564 0.04646439 0.01745105 0.03015693
 0.08695768 0.06271788 0.03015693 0.07500739 0.01157772]
[0.03091515 0.04373068 0.04808597 0.04915034 0.07120584 0.048796
 0.02005516 0.05581728 0.04039026 0.01990287 0.02005516 0.02721775
 0.06319158 0.08936812 0.02945922 0.04253108 0.01921368 0.03843814
 0.07793847 0.05076313 0.03843814 0.06030212 0.01503392]
[0.02193053 0.08700888 0.03699615 0.05703548 0.05455991 0.05681876
 0.01990413 0.05822138 0.03094964 0.01609854 0.01990413 0.02237775
 0.04421552 0.0847832  0.03016385 0.05008057 0.01646348 0.04809219
 0.05527475 0.05187799 0.04809219 0.07690978 0.01224119]]