66704
Test: public void testInnerType() throws Exception { TypeFactory tf = TypeFactory.defaultInstance(); JavaType type = tf.constructType(InnerGenericTyping.InnerClass.class); JavaType keyType = type.getKeyType(); JavaType valueType = type.getContentType(); JavaType vt2 = valueType.getContentType(); }
Code: public JavaType constructType(Type type, Class<?> contextClass) { TypeBindings bindings = (contextClass == null) ? TypeBindings.emptyBindings() : constructType(contextClass).getBindings(); return _fromAny(null, type, bindings); }
[[0.03792545 0.06107036 0.05800775 0.03845321 0.02184866 0.06061575
 0.05590875 0.06472411 0.03964132 0.02420435 0.06081236 0.05829711
 0.01963675 0.06252909 0.0155483  0.03723495 0.04535853 0.04239789
 0.05120463 0.03845321 0.08880027 0.01732716]
[0.03704029 0.066599   0.05807074 0.03947552 0.01593055 0.05904774
 0.06660223 0.078714   0.05539692 0.02268894 0.06175928 0.05446043
 0.01871782 0.06491931 0.01066044 0.02943904 0.0423424  0.04342208
 0.04848625 0.03947552 0.07204054 0.01471104]
[0.02635464 0.06415308 0.05500729 0.03765861 0.02121549 0.06629243
 0.06855884 0.07306153 0.04777486 0.02626648 0.07112297 0.0545709
 0.01508108 0.06364164 0.01128333 0.02316586 0.05288404 0.04172673
 0.0434834  0.03765861 0.08527582 0.01376237]
[0.02710546 0.06558259 0.0519616  0.04283537 0.01665481 0.0548262
 0.0749478  0.07486197 0.04103717 0.02095637 0.07004076 0.05136681
 0.01510416 0.07263498 0.01281646 0.0258957  0.04149323 0.04328547
 0.04640887 0.04283537 0.09703697 0.01031192]
[0.02816432 0.07290201 0.05553246 0.04101478 0.01437164 0.06466038
 0.0536     0.06499177 0.03539467 0.03012879 0.07251976 0.05710412
 0.01633016 0.0656621  0.01552726 0.02703576 0.04224073 0.0468096
 0.04531592 0.04101478 0.09410122 0.01557777]
[0.03680793 0.05993019 0.05752167 0.03762967 0.01930523 0.06213164
 0.04670081 0.07060263 0.04076474 0.02401489 0.05922993 0.05097988
 0.01633917 0.07632393 0.01462033 0.02680114 0.05517708 0.04275054
 0.04699621 0.03762967 0.1020775  0.01566529]
[0.03843671 0.06142399 0.04376408 0.04339088 0.01931495 0.06705888
 0.06517508 0.07272971 0.03831965 0.03215165 0.06569956 0.0403491
 0.0241937  0.04789041 0.01815297 0.03196111 0.05139454 0.04379417
 0.05669775 0.04339087 0.07226854 0.0224417 ]
[0.03935415 0.06534512 0.05364719 0.03559258 0.01735111 0.06538856
 0.05633233 0.06507549 0.03859329 0.02482732 0.07124308 0.04499782
 0.0184781  0.06837478 0.01352663 0.0241273  0.05996298 0.04207257
 0.04740433 0.03559259 0.09769832 0.01501434]
[0.02933905 0.06667145 0.04518701 0.0435196  0.01767521 0.05765878
 0.06049056 0.08183853 0.04327586 0.02258729 0.07233214 0.05159462
 0.01652379 0.06923057 0.00945312 0.02312221 0.05154393 0.04139962
 0.05250673 0.0435196  0.08887705 0.01165324]
[0.03973122 0.05347987 0.04302384 0.04496212 0.02559816 0.06009379
 0.04653827 0.08029765 0.04266684 0.03342095 0.06551625 0.0444117
 0.02502355 0.05382209 0.01827491 0.03443746 0.05138084 0.04392584
 0.05192294 0.04496212 0.07663564 0.01987397]
[0.03143831 0.06457474 0.04790494 0.04226005 0.0145369  0.0656269
 0.0649499  0.07118937 0.03761341 0.02087978 0.06289817 0.06127299
 0.01580847 0.06642273 0.01073518 0.03501531 0.04598851 0.0548384
 0.04467966 0.04226005 0.0874628  0.01164343]
[0.02357938 0.07616144 0.04177613 0.03701796 0.01155469 0.07408544
 0.064824   0.08252214 0.0373779  0.02470787 0.07658798 0.05761584
 0.01525335 0.06676383 0.01009592 0.03263881 0.04842742 0.03908192
 0.03733395 0.03701796 0.09248045 0.01309562]
[0.03120279 0.06737758 0.05589729 0.03961047 0.01580186 0.05996293
 0.07316463 0.08292776 0.04745689 0.02038435 0.05971384 0.05770982
 0.01899224 0.06836811 0.01181614 0.02375969 0.04576382 0.03798293
 0.04653775 0.03961047 0.08483905 0.01111967]
[0.03112138 0.06368853 0.04984083 0.03336027 0.01468711 0.0662559
 0.08152278 0.08075927 0.04858946 0.02023775 0.07399215 0.03805298
 0.01547961 0.06561351 0.0096593  0.03393938 0.04615299 0.04356658
 0.0490413  0.03336027 0.08586089 0.01521773]
[0.02967953 0.06357323 0.0563385  0.03415867 0.02296163 0.0610299
 0.07074478 0.06990398 0.04974476 0.02577447 0.06205136 0.05906351
 0.01637705 0.05504696 0.01570636 0.02620872 0.04829503 0.05021937
 0.05062163 0.03415867 0.08153544 0.01680645]
[0.03677472 0.05579055 0.06083172 0.03818085 0.02357361 0.05792028
 0.06007312 0.06242279 0.048452   0.02878136 0.05349307 0.04428517
 0.01959699 0.07794483 0.02097684 0.02612389 0.04747302 0.04621894
 0.04722717 0.03818085 0.08530024 0.02037799]
[0.03679361 0.06602626 0.05737698 0.03998695 0.02168217 0.06099195
 0.05269616 0.06932807 0.03670098 0.03730701 0.06308405 0.03994735
 0.02709634 0.0430356  0.01646413 0.0345308  0.06040057 0.03988304
 0.04887016 0.03998695 0.08110771 0.02670318]
[0.02564815 0.0657412  0.05513886 0.03351446 0.0206292  0.08173349
 0.052152   0.07939447 0.04505242 0.02519752 0.07092457 0.04829574
 0.01494213 0.0686755  0.01161114 0.02426477 0.06183369 0.03689234
 0.04629097 0.03351446 0.0843626  0.01419025]
[0.03760504 0.06558963 0.04735718 0.03595376 0.01415932 0.08113536
 0.05779289 0.07002289 0.03935857 0.02273669 0.07160467 0.0465271
 0.0168868  0.06214263 0.0134005  0.02208974 0.05277304 0.04034751
 0.05230204 0.03595376 0.10092198 0.01333888]
[0.02710546 0.06558259 0.0519616  0.04283537 0.01665481 0.0548262
 0.0749478  0.07486197 0.04103717 0.02095637 0.07004076 0.05136681
 0.01510416 0.07263498 0.01281646 0.0258957  0.04149323 0.04328547
 0.04640887 0.04283537 0.09703697 0.01031192]
[0.03540726 0.06116496 0.05139422 0.04070257 0.01840951 0.04225441
 0.06476291 0.05802896 0.03606005 0.03099692 0.07557838 0.05364345
 0.02422541 0.07416692 0.01370069 0.03022836 0.05084357 0.04901303
 0.04124048 0.04070257 0.09084698 0.01662836]
[0.02755603 0.06264076 0.06253182 0.03936129 0.01688945 0.05975911
 0.07331354 0.07011387 0.04880892 0.0251888  0.05364636 0.04796534
 0.01719012 0.06803328 0.01285715 0.026422   0.04673089 0.06090482
 0.04275624 0.03936129 0.08231253 0.01565639]]