18048
Test: public void test3() throws Throwable { if (debug) System.out.format("%n%s%n", "RegressionTest0.test3"); boolean boolean1 = com.google.javascript.jscomp.CodeConsumer.isNegativeZero((double) 13); }
Code: static boolean isNegativeZero(double x) { return x == 0.0 && Math.copySign(1, x) == -1.0; }
[[0.11943417 0.11695489 0.12350456 0.0756346  0.08436622 0.0398108
 0.08124067 0.05060434 0.02528909 0.03080602 0.04802584 0.0756346
 0.05060434 0.05593391 0.02215593]
[0.1187689  0.13829339 0.13604352 0.0655847  0.08024669 0.05021966
 0.11386479 0.04364798 0.01823068 0.02057174 0.04182425 0.06558469
 0.04364799 0.04879343 0.01467754]
[0.11185119 0.10562138 0.10156448 0.09910774 0.0888451  0.04135489
 0.07564507 0.05105329 0.02391068 0.02254662 0.0504331  0.09910771
 0.05105329 0.05928886 0.01861658]
[0.11890411 0.10670285 0.11309411 0.09109934 0.06114733 0.0411189
 0.08481027 0.05498179 0.02293899 0.02740625 0.05067096 0.09109932
 0.05498179 0.06513247 0.01591148]
[0.1046465  0.09247276 0.10324318 0.09659925 0.07288978 0.04973137
 0.07560442 0.0459226  0.02938264 0.03846378 0.05567244 0.09659927
 0.04592259 0.06760927 0.02524009]
[0.12663665 0.1228858  0.12112246 0.0927567  0.05479865 0.03709254
 0.09112987 0.04777704 0.02984447 0.01877185 0.04770227 0.09275672
 0.04777704 0.05413046 0.01481758]
[0.09248711 0.090014   0.11048685 0.08965952 0.06766391 0.05228995
 0.08715349 0.05788108 0.03673235 0.02750575 0.05168824 0.0896595
 0.05788108 0.06062851 0.0282687 ]
[0.13085355 0.15325359 0.11436626 0.07327081 0.06095373 0.03456419
 0.10595501 0.04979093 0.01685485 0.01751181 0.0433364  0.07327081
 0.0497909  0.06409183 0.01213536]
[0.12878084 0.12954278 0.11263287 0.07765619 0.06723331 0.03857077
 0.10152927 0.04860317 0.02551358 0.02457007 0.0468868  0.0776562
 0.04860317 0.05524544 0.01697554]
[0.120522   0.12846056 0.10690464 0.09203082 0.06870583 0.03839023
 0.08877109 0.04931519 0.0195295  0.02144293 0.04822773 0.09203084
 0.04931518 0.05483955 0.02151391]
[0.12295495 0.1066462  0.11612378 0.06313808 0.06505144 0.04774946
 0.1314723  0.05829078 0.02187247 0.02246946 0.05036954 0.06313808
 0.05829078 0.05960238 0.01283035]
[0.11890411 0.10670285 0.11309411 0.09109934 0.06114733 0.0411189
 0.08481027 0.05498179 0.02293899 0.02740625 0.05067096 0.09109932
 0.05498179 0.06513247 0.01591148]
[0.13085341 0.15325354 0.11436631 0.07327082 0.06095377 0.03456419
 0.10595502 0.04979092 0.01685485 0.01751181 0.04333639 0.07327082
 0.04979092 0.06409182 0.01213536]
[0.08760828 0.12451489 0.12267806 0.08611655 0.0867111  0.04505032
 0.08057055 0.04127324 0.03236904 0.02878992 0.04674197 0.08611655
 0.04127324 0.06120105 0.02898527]
[0.12173899 0.10092519 0.11076264 0.06365386 0.0741692  0.06315145
 0.11596784 0.05013897 0.03375124 0.02474815 0.04247924 0.06365386
 0.05013897 0.06874921 0.01597112]]