14967
Test: public void testDoubleDash() { String[] args = new String[] { "--copt", "--", "-b", "toast" }; try { CommandLine cl = _parser.parse(_options, args); } catch (ParseException e) { fail( e.toString() ); } }
Code: public String toString() { StringBuffer buf = new StringBuffer(); buf.append("[ CommandLine: [ options: "); buf.append(options.toString()); buf.append(" ] [ args: "); buf.append(args.toString()); buf.append(" ] ]"); return buf.toString(); }
[[0.03133882 0.04054581 0.04244787 0.03959657 0.01622844 0.03475306
 0.01957927 0.01595716 0.0388413  0.05859061 0.08338584 0.04466856
 0.03629698 0.02750895 0.03608415 0.01602758 0.01743814 0.04466856
 0.04882637 0.02750895 0.07112674 0.01602758 0.01743814 0.03905774
 0.0342191  0.08896443 0.01287334]
[0.03187034 0.03762453 0.04735042 0.04256537 0.02168334 0.03785557
 0.02180024 0.01364934 0.03825339 0.04414752 0.07103834 0.05297857
 0.03293117 0.03028392 0.02359055 0.01798389 0.01704948 0.05297857
 0.04975536 0.03028392 0.07417358 0.01798389 0.01704948 0.04947731
 0.03168599 0.08286555 0.01109037]
[0.02291296 0.06520934 0.04531673 0.03555339 0.02042561 0.03329878
 0.01885154 0.01201525 0.03693414 0.0488227  0.08629379 0.05273931
 0.02808691 0.02227399 0.03382286 0.0142516  0.0116042  0.05273931
 0.05607018 0.02227399 0.07110421 0.0142516  0.0116042  0.04338014
 0.0341737  0.09634041 0.0096492 ]
[0.03170318 0.04844222 0.03452475 0.04739818 0.02560763 0.03596636
 0.02623131 0.01820652 0.03280929 0.04626799 0.05282329 0.04803001
 0.03038281 0.03019212 0.03003255 0.01798935 0.02317357 0.04803001
 0.03986126 0.03019212 0.06866789 0.01798935 0.02317357 0.03829349
 0.03695313 0.09977549 0.01728258]
[0.02649611 0.05341583 0.03402033 0.03549168 0.02112187 0.03534104
 0.02238897 0.01707659 0.03668211 0.05285531 0.07244451 0.05227902
 0.03739543 0.02756053 0.02750982 0.01910909 0.01860413 0.05227902
 0.04544625 0.02756053 0.05959886 0.01910909 0.01860413 0.05118316
 0.03223763 0.09321293 0.01097605]
[0.03441087 0.04481376 0.04301879 0.04179854 0.0238007  0.03932921
 0.02439081 0.01406391 0.03202052 0.04664163 0.06944418 0.04364718
 0.0281327  0.02613978 0.03577527 0.02088095 0.01534816 0.04364718
 0.052399   0.02613978 0.0782035  0.02088095 0.01534816 0.04301852
 0.03243777 0.08859763 0.01567064]
[0.03569306 0.04266099 0.03009507 0.03803637 0.02165611 0.04959533
 0.02893823 0.01666915 0.03986797 0.05103299 0.04077427 0.04162918
 0.02766702 0.02826835 0.03718572 0.01637507 0.02884805 0.04162918
 0.04590374 0.02826835 0.07579538 0.01637507 0.02884805 0.03921907
 0.03874575 0.09327783 0.01694461]
[0.02622119 0.04967904 0.04733719 0.04466627 0.01986453 0.04356554
 0.0212177  0.01736949 0.03735162 0.04175754 0.07851194 0.04128812
 0.02744871 0.02425441 0.02909371 0.01689508 0.0162892  0.04128812
 0.03770459 0.02425441 0.06603508 0.01689508 0.0162892  0.05058827
 0.03681169 0.1141519  0.01317035]
[0.02692909 0.0442704  0.03772657 0.0439801  0.01534965 0.0369999
 0.02056572 0.01598903 0.03729837 0.04469346 0.07232732 0.05011468
 0.0346393  0.02975954 0.0323041  0.01917736 0.01862036 0.05011468
 0.05562375 0.02975954 0.06222471 0.01917736 0.01862036 0.05175897
 0.03811198 0.08193342 0.01193028]
[0.02463125 0.05525601 0.04205727 0.04980849 0.01790465 0.03508235
 0.0246665  0.01428454 0.0347898  0.05159519 0.065778   0.04874697
 0.02966464 0.02354601 0.03450939 0.0109797  0.01528543 0.04874697
 0.06004991 0.02354601 0.07441065 0.0109797  0.01528543 0.04431175
 0.03260788 0.10106117 0.01041427]
[0.02338367 0.04920878 0.05167969 0.03971034 0.01297796 0.02903781
 0.01966597 0.01514292 0.03543672 0.04800767 0.08785421 0.04187836
 0.03097692 0.02587503 0.02543431 0.01525572 0.01303865 0.04187836
 0.05528359 0.02587503 0.08519871 0.01525572 0.01303865 0.04987973
 0.03068734 0.10717274 0.01116543]
[0.0279275  0.04742166 0.03467248 0.04126504 0.0182355  0.03082545
 0.01661982 0.01294431 0.03456321 0.04844093 0.07511277 0.06082582
 0.03143137 0.02578229 0.03071152 0.01434229 0.01560909 0.06082582
 0.05854408 0.02578229 0.06601993 0.01434229 0.01560909 0.05058919
 0.03316946 0.09804468 0.0103421 ]
[0.02341538 0.04252749 0.05484015 0.03733442 0.01372735 0.03228439
 0.01710521 0.01240571 0.03750831 0.04726305 0.082324   0.04157943
 0.02684386 0.02413552 0.03346853 0.01245236 0.01161526 0.04157943
 0.06054129 0.02413552 0.09444405 0.01245236 0.01161526 0.04497337
 0.03378236 0.11732557 0.00832045]
[0.02923765 0.04991945 0.03816631 0.03775605 0.01351644 0.03291596
 0.01863813 0.0116776  0.0361258  0.0535786  0.0897035  0.04845622
 0.03367276 0.02555842 0.0303281  0.01316899 0.01381098 0.04845622
 0.05269321 0.02555842 0.08071766 0.01316899 0.01381098 0.04647246
 0.03019942 0.10340151 0.00929015]
[0.02967549 0.03922199 0.03171471 0.03307816 0.02006538 0.04299574
 0.02438052 0.01422897 0.04534556 0.05786169 0.06516413 0.04389051
 0.03557571 0.03006686 0.03346197 0.01729918 0.01622088 0.04389051
 0.05568279 0.03006686 0.07633726 0.01729918 0.01622088 0.04264733
 0.03553498 0.08929177 0.01278089]
[0.02483935 0.03649798 0.03978605 0.03946836 0.01789661 0.04045855
 0.02265172 0.01513242 0.04198699 0.04536841 0.06685363 0.04919055
 0.03467318 0.03132978 0.03634153 0.0157177  0.01700071 0.04919055
 0.04402157 0.03132978 0.07310481 0.0157177  0.01700071 0.04656177
 0.03290305 0.1032443  0.01173228]
[0.02631873 0.05486333 0.03963933 0.04246307 0.02088211 0.02855442
 0.01691056 0.01095753 0.03632489 0.04319829 0.09813955 0.05723187
 0.03369952 0.02599363 0.02650389 0.01253348 0.01418043 0.05723187
 0.0518697  0.02599363 0.07986395 0.01253348 0.01418043 0.04303417
 0.02810869 0.08943519 0.00935429]
[0.0279275  0.04742166 0.03467248 0.04126504 0.0182355  0.03082545
 0.01661982 0.01294431 0.03456321 0.04844093 0.07511277 0.06082582
 0.03143137 0.02578229 0.03071152 0.01434229 0.01560909 0.06082582
 0.05854408 0.02578229 0.06601993 0.01434229 0.01560909 0.05058919
 0.03316946 0.09804468 0.0103421 ]
[0.0259702  0.06102811 0.04065933 0.05404871 0.01531618 0.03635044
 0.02214324 0.01415831 0.03952874 0.0449249  0.07384293 0.04270631
 0.03110703 0.0272637  0.03251673 0.01481124 0.01852095 0.04270631
 0.05597993 0.0272637  0.07182963 0.01481124 0.01852095 0.04531902
 0.03292796 0.08418911 0.01155507]
[0.02923765 0.04991945 0.03816631 0.03775605 0.01351644 0.03291596
 0.01863813 0.0116776  0.0361258  0.0535786  0.0897035  0.04845622
 0.03367276 0.02555842 0.0303281  0.01316899 0.01381098 0.04845622
 0.05269321 0.02555842 0.08071766 0.01316899 0.01381098 0.04647246
 0.03019942 0.10340151 0.00929015]
[0.02334914 0.04251167 0.04218658 0.04304104 0.02039147 0.03564474
 0.02312224 0.01404454 0.04182586 0.04976977 0.0779375  0.04862649
 0.03361226 0.02262553 0.0292123  0.01506936 0.01692467 0.04862649
 0.04138925 0.02262553 0.07679525 0.01506936 0.01692467 0.04623886
 0.03148025 0.11010265 0.01085251]
[0.02483935 0.03649798 0.03978605 0.03946836 0.01789661 0.04045855
 0.02265172 0.01513242 0.04198699 0.04536841 0.06685363 0.04919055
 0.03467318 0.03132978 0.03634153 0.0157177  0.01700071 0.04919055
 0.04402157 0.03132978 0.07310481 0.0157177  0.01700071 0.04656177
 0.03290305 0.1032443  0.01173228]
[0.02631873 0.05486333 0.03963933 0.04246307 0.02088211 0.02855442
 0.01691056 0.01095753 0.03632489 0.04319829 0.09813955 0.05723187
 0.03369952 0.02599363 0.02650389 0.01253348 0.01418043 0.05723187
 0.0518697  0.02599363 0.07986395 0.01253348 0.01418043 0.04303417
 0.02810869 0.08943519 0.00935429]
[0.02799187 0.05314018 0.04403817 0.04915117 0.01864309 0.03303003
 0.02078271 0.01348396 0.03659454 0.04713704 0.06945284 0.05064244
 0.03037817 0.02164653 0.02764989 0.01369131 0.01665795 0.05064244
 0.05674636 0.02164653 0.07716632 0.01369131 0.01665795 0.0454554
 0.03357913 0.10092978 0.00937287]
[0.02123262 0.05404335 0.03574016 0.03553952 0.01396375 0.02917673
 0.02039398 0.01296351 0.04324269 0.05008957 0.07878712 0.04955976
 0.03417489 0.02403247 0.03273035 0.01338509 0.01693213 0.04955976
 0.04201307 0.02403247 0.08646764 0.01338509 0.01693213 0.04638318
 0.03185108 0.11334525 0.01004257]
[0.02957768 0.05178812 0.04033319 0.04150406 0.01930678 0.03650629
 0.02229675 0.0120411  0.0331583  0.04557261 0.07250585 0.05140457
 0.03649145 0.02100853 0.03324645 0.01688714 0.01288383 0.05140457
 0.05427284 0.02100853 0.07870101 0.01688714 0.01288383 0.04943284
 0.03166183 0.09570973 0.01152505]
[0.02400488 0.04405636 0.05189726 0.04978069 0.02226947 0.02861025
 0.02041283 0.01339033 0.035857   0.04775623 0.0634593  0.04573216
 0.02544978 0.0212244  0.03371854 0.0163818  0.0167644  0.04573216
 0.05819973 0.0212244  0.09269936 0.0163818  0.0167644  0.03877062
 0.04898454 0.08919068 0.01128661]]