99736
Test: public void testPropertyCompareToMinute() { TimeOfDay test1 = new TimeOfDay(TEST_TIME1); TimeOfDay test2 = new TimeOfDay(TEST_TIME2); try { test1.minuteOfHour().compareTo((ReadablePartial) null); fail(); } catch (IllegalArgumentException ex) {} DateTime dt1 = new DateTime(TEST_TIME1); DateTime dt2 = new DateTime(TEST_TIME2); try { test1.minuteOfHour().compareTo((ReadableInstant) null); fail(); } catch (IllegalArgumentException ex) {} }
Code: public int compareTo(DurationField durationField) { if (durationField.isSupported()) { return 1; } return 0; }
[[0.06167593 0.03994898 0.13220449 0.05042913 0.07752995 0.16576506
 0.09733218 0.07752995 0.06729533 0.03188536 0.02524823 0.06729533
 0.08061182 0.02524823]
[0.03882735 0.0289926  0.13694914 0.05006213 0.08210522 0.22366104
 0.10018589 0.08210522 0.06197564 0.01949497 0.01831662 0.06197564
 0.07703191 0.01831662]
[0.06449582 0.0323723  0.14929277 0.05795477 0.09143411 0.1544168
 0.08170652 0.09143411 0.05915611 0.0248173  0.02032476 0.05915611
 0.09311379 0.02032476]
[0.04255374 0.02299254 0.1578201  0.05359172 0.07537117 0.2071226
 0.10901078 0.07537117 0.05840988 0.01800282 0.01963883 0.05840988
 0.08206597 0.01963883]
[0.05988155 0.02885015 0.1584052  0.06063802 0.0945718  0.10335797
 0.08237367 0.0945718  0.06913842 0.03364146 0.03361766 0.06913842
 0.07819617 0.03361766]
[0.03626288 0.01796444 0.24925812 0.04660256 0.07739697 0.20489925
 0.07751662 0.07739697 0.04783617 0.01171371 0.01180959 0.04783617
 0.08169696 0.01180959]
[0.05256673 0.03903257 0.16045016 0.05955971 0.08187889 0.13011101
 0.08750512 0.08187889 0.06487052 0.03363083 0.02700168 0.06487052
 0.08964167 0.02700168]
[0.05988155 0.02885015 0.1584052  0.06063802 0.0945718  0.10335797
 0.08237367 0.0945718  0.06913842 0.03364146 0.03361766 0.06913842
 0.07819617 0.03361766]
[0.04154988 0.02497879 0.19945058 0.0477278  0.07997324 0.17217728
 0.08944856 0.07997324 0.06053982 0.02416294 0.02198042 0.06053982
 0.07551724 0.02198042]
[0.05156963 0.03447371 0.14770497 0.05565502 0.07877306 0.16841197
 0.0915464  0.07877306 0.07426031 0.02249819 0.02149414 0.07426031
 0.07908504 0.02149414]
[0.04018923 0.03085935 0.1352114  0.05078845 0.09356385 0.15296715
 0.08518068 0.09356385 0.08496483 0.02237101 0.02060296 0.08496483
 0.08416947 0.02060296]
[0.04154988 0.02497879 0.19945058 0.0477278  0.07997324 0.17217728
 0.08944856 0.07997324 0.06053982 0.02416294 0.02198042 0.06053982
 0.07551724 0.02198042]
[0.05364469 0.03047195 0.13093928 0.06082258 0.0852024  0.1796133
 0.07635283 0.0852024  0.06611156 0.02985384 0.02344634 0.06611156
 0.08878088 0.02344634]
[0.04018922 0.03085934 0.13521144 0.05078844 0.09356386 0.15296713
 0.08518067 0.09356386 0.08496482 0.02237101 0.02060296 0.08496482
 0.08416947 0.02060296]]