69433
Test: @Test public void testGetSiblings() { Document doc = Jsoup.parse("<div><p>Hello<p id=1>there<p>this<p>is<p>an<p id=last>element</div>"); Element p = doc.getElementById("1"); }
Code: public Element previousElementSibling(){List<Element> siblings = parent().children();Integer index = indexInList(this, siblings);;if (index > 0)return siblings.get(index-1);elsereturn null;}
[[0.07034145 0.03264371 0.06848763 0.11628518 0.04475429 0.05979508
 0.05416948 0.04475429 0.07621443 0.06994729 0.07139461 0.11611021
 0.0425697  0.06527781 0.0672548 ]
[0.07610515 0.0333441  0.06686355 0.1039018  0.04618986 0.05822212
 0.04789607 0.04618986 0.06315228 0.07098806 0.08161415 0.15048523
 0.04026994 0.06061697 0.05416078]
[0.05587588 0.02709928 0.05602562 0.09839274 0.06076567 0.0679456
 0.0480524  0.06076567 0.05984953 0.08153144 0.08331802 0.12238325
 0.03983349 0.073167   0.06499436]
[0.05873074 0.03296471 0.05613771 0.11408552 0.05336433 0.04849187
 0.04288933 0.05336433 0.06356145 0.08698994 0.08943006 0.12622476
 0.04715522 0.07009977 0.05651028]
[0.07405199 0.04515657 0.07716984 0.08018965 0.06180857 0.06890439
 0.04510524 0.06180857 0.06751802 0.06770329 0.07663752 0.1002311
 0.05216653 0.07015907 0.0513896 ]
[0.06885727 0.02450364 0.07527362 0.10824408 0.04390122 0.04879025
 0.04111649 0.04390122 0.08683072 0.08385602 0.07949001 0.12484965
 0.04204121 0.07282654 0.05551811]
[0.05250029 0.02561719 0.08090408 0.09944093 0.05622668 0.05867025
 0.04607474 0.05622668 0.06099376 0.07471377 0.08820266 0.12423844
 0.04478405 0.07166971 0.05973681]
[0.07405199 0.04515657 0.07716984 0.08018965 0.06180857 0.06890439
 0.04510524 0.06180857 0.06751802 0.06770329 0.07663752 0.1002311
 0.05216653 0.07015907 0.0513896 ]
[0.05135388 0.02153451 0.06629989 0.13988099 0.0460032  0.05759038
 0.04251669 0.0460032  0.06763385 0.06683022 0.06940657 0.15089698
 0.03628273 0.08050898 0.05725796]
[0.07008086 0.0269448  0.06535774 0.10599288 0.03999887 0.04719001
 0.0409935  0.03999887 0.07641676 0.07536667 0.06995734 0.18788424
 0.04010163 0.06321134 0.05050452]
[0.06613015 0.03933218 0.07157105 0.11077295 0.04554125 0.05438914
 0.04158631 0.04554125 0.081154   0.07672435 0.08384641 0.12801601
 0.03634566 0.05942243 0.05962688]
[0.08017654 0.02949559 0.06086956 0.13338315 0.04363494 0.06132466
 0.04080863 0.04363494 0.06212116 0.07449968 0.06838694 0.14949305
 0.03664323 0.06398623 0.05154166]
[0.0709286  0.03784142 0.06582375 0.10822199 0.05399074 0.0651263
 0.04156531 0.05399074 0.07398477 0.07113983 0.06976628 0.11372907
 0.04309969 0.07166511 0.05912638]
[0.05642142 0.02726104 0.07832125 0.14011264 0.05455641 0.06085342
 0.04064896 0.05455641 0.06806432 0.06624837 0.07253399 0.09375606
 0.04264645 0.07749715 0.06652211]
[0.0663209  0.02759652 0.06907446 0.10989593 0.04342835 0.0518304
 0.03710172 0.04342835 0.0587227  0.08568978 0.07827878 0.15424407
 0.04654118 0.07244473 0.05540206]]