68753
Test: @Test public void handlesAbsPrefix() { Document doc = Jsoup.parse("<a href=/foo>Hello</a>", "http: Element a = doc.select("a").first();
Code: public boolean hasAttr(String attributeKey) { Validate.notNull(attributeKey); if (attributeKey.toLowerCase().startsWith("abs:")) { String key = attributeKey.substring("abs:".length()); if (attributes.hasKey(key) && !absUrl(key).equals("")) return true; } return attributes.hasKey(attributeKey); }
[[0.03475939 0.08439811 0.01570078 0.02354889 0.04863438 0.12306548
 0.09392528 0.05335032 0.04863438 0.04430404 0.01623969 0.02201734
 0.0164587  0.09392528 0.03470302 0.02258424 0.05877895 0.03853649
 0.02370275 0.01531026 0.03853649 0.03357545 0.01531026]
[0.0238884  0.12477837 0.00694591 0.0170741  0.05935854 0.14000112
 0.08845945 0.04533933 0.05935854 0.04759219 0.01145859 0.01867427
 0.0093431  0.08845945 0.03534983 0.01622701 0.05686254 0.03926096
 0.02028116 0.01112531 0.03926095 0.02977557 0.01112531]
[0.02330354 0.11602321 0.0086023  0.01805989 0.05159969 0.14531071
 0.0880988  0.06296732 0.05159969 0.05077562 0.01415063 0.02429704
 0.01292023 0.0880988  0.03106801 0.02028425 0.05446155 0.03485812
 0.02478035 0.00982011 0.03485812 0.02424194 0.00982011]
[0.0290214  0.10814359 0.00900695 0.01956317 0.04717794 0.127375
 0.08781797 0.04835794 0.04717794 0.04863468 0.01625155 0.02171094
 0.01271999 0.08781797 0.04152919 0.0192843  0.06967138 0.03926214
 0.02315759 0.01117994 0.03926214 0.03469633 0.01117994]
[0.03619344 0.07933567 0.01482444 0.03166676 0.05854099 0.09206345
 0.06228978 0.05703695 0.05854099 0.0524793  0.02303698 0.03014708
 0.01963839 0.06228978 0.04327688 0.03164219 0.06234362 0.04160809
 0.02582407 0.02058554 0.0416081  0.03444193 0.02058554]
[0.03054085 0.10530224 0.01008357 0.01516775 0.05234925 0.14135379
 0.09365365 0.05449404 0.05234925 0.04509252 0.01092409 0.02344178
 0.01005768 0.09365365 0.0299217  0.02222342 0.06034316 0.03810344
 0.02398578 0.0105134  0.03810344 0.02782818 0.0105134 ]
[0.02039897 0.12052261 0.00399534 0.00940175 0.04695888 0.16874924
 0.11654034 0.051399   0.04695888 0.04453786 0.00744191 0.01631373
 0.00721533 0.11654034 0.03817792 0.01088192 0.05559123 0.02712299
 0.01931658 0.00703102 0.02712299 0.03075012 0.00703102]
[0.0324907  0.10342526 0.00947161 0.01711183 0.04892974 0.11571204
 0.0987744  0.04537296 0.04892974 0.05125456 0.01436279 0.0195654
 0.01170894 0.0987744  0.03323658 0.02620812 0.05871985 0.04013573
 0.02727902 0.01069958 0.04013573 0.03700144 0.01069958]
[0.03619344 0.07933567 0.01482444 0.03166676 0.05854099 0.09206345
 0.06228978 0.05703695 0.05854099 0.0524793  0.02303698 0.03014708
 0.01963839 0.06228978 0.04327688 0.03164219 0.06234362 0.04160809
 0.02582407 0.02058554 0.0416081  0.03444193 0.02058554]
[0.03433197 0.10992017 0.01083807 0.01760741 0.05493228 0.12367184
 0.09956418 0.04766519 0.05493228 0.03895377 0.01415813 0.02311213
 0.01189625 0.09956418 0.03144401 0.02525258 0.05331395 0.03519761
 0.02280498 0.01367293 0.03519761 0.02829557 0.01367293]
[0.02512859 0.09722808 0.00768238 0.01361168 0.04807232 0.14410312
 0.09604452 0.05746479 0.04807232 0.04746325 0.01410147 0.02102717
 0.01220798 0.09604452 0.03802734 0.01734955 0.06828633 0.03657953
 0.02237347 0.00973611 0.03657953 0.03307983 0.00973611]
[0.03871291 0.07863906 0.02064442 0.03198437 0.04473203 0.07248478
 0.08589174 0.06183534 0.04473203 0.04574812 0.02125876 0.03238775
 0.02183626 0.08589174 0.03341994 0.03313639 0.05810766 0.04268363
 0.02706204 0.01921669 0.04268364 0.03769399 0.01921669]
[0.02665036 0.10553995 0.00835283 0.01825469 0.05714319 0.11564507
 0.08655694 0.06693684 0.05714319 0.05164328 0.01409499 0.02366143
 0.01049422 0.08655694 0.03618267 0.01995567 0.05066337 0.03584828
 0.02944902 0.0158026  0.03584829 0.03177359 0.0158026 ]
[0.02039897 0.12052261 0.00399534 0.00940175 0.04695888 0.16874924
 0.11654034 0.051399   0.04695888 0.04453786 0.00744191 0.01631373
 0.00721533 0.11654034 0.03817792 0.01088192 0.05559123 0.02712299
 0.01931658 0.00703102 0.02712299 0.03075012 0.00703102]
[0.03369565 0.10536826 0.00779177 0.01921748 0.05838422 0.11214398
 0.09678598 0.06186122 0.05838422 0.04540747 0.01232903 0.02248598
 0.0141365  0.09678598 0.02717403 0.02227477 0.03764958 0.03772401
 0.02922048 0.01478377 0.03772401 0.0338878  0.01478377]
[0.02569038 0.12272668 0.0080841  0.01724267 0.05362939 0.14423239
 0.0799928  0.04557827 0.05362939 0.04534912 0.01317393 0.02191234
 0.01299727 0.0799928  0.0498505  0.01772978 0.05584298 0.03286624
 0.02086483 0.01703296 0.03286624 0.03168196 0.01703295]
[0.03468625 0.09180537 0.01207018 0.0179775  0.05261931 0.12307633
 0.09384658 0.04047328 0.05261931 0.04588163 0.01683484 0.02179224
 0.01172466 0.09384658 0.03023062 0.02266957 0.06288634 0.04937023
 0.02526596 0.01188599 0.04937024 0.02718104 0.01188598]
[0.02346338 0.11674889 0.00889598 0.01507814 0.04763043 0.1380962
 0.09563605 0.05169715 0.04763043 0.05018949 0.01115024 0.02304631
 0.01282555 0.09563605 0.03613035 0.01668531 0.07175596 0.03376335
 0.01846404 0.01296382 0.03376335 0.02578567 0.01296382]
[0.02724265 0.13074327 0.01089377 0.01784216 0.05286267 0.12056693
 0.09107023 0.04452699 0.05286267 0.04718669 0.01661463 0.02029003
 0.01329405 0.09107023 0.03796535 0.025115   0.04947677 0.03591859
 0.02611196 0.01112766 0.03591859 0.03017137 0.01112766]
[0.02451356 0.0855893  0.01082339 0.01821684 0.06263474 0.09765387
 0.09452378 0.04451845 0.06263474 0.04490294 0.01719366 0.022127
 0.01187017 0.09452378 0.02909733 0.02093817 0.04950208 0.05343328
 0.0330806  0.0134962  0.05343328 0.04179673 0.0134962 ]
[0.02346338 0.11674891 0.00889598 0.01507814 0.04763043 0.13809617
 0.09563604 0.05169715 0.04763043 0.05018949 0.01115024 0.02304631
 0.01282555 0.09563604 0.03613034 0.01668531 0.07175595 0.03376334
 0.01846404 0.01296382 0.03376335 0.02578567 0.01296382]
[0.02853963 0.11665826 0.00999168 0.02034136 0.05001896 0.13912918
 0.08781199 0.05004503 0.05001896 0.04572322 0.01567118 0.02050433
 0.01367619 0.08781199 0.03924542 0.02364902 0.05391349 0.03854173
 0.0239514  0.01056484 0.03854173 0.02508555 0.01056484]
[0.02451355 0.08558932 0.01082339 0.01821684 0.06263474 0.09765384
 0.09452376 0.04451846 0.06263474 0.04490294 0.01719366 0.02212699
 0.01187016 0.09452376 0.02909733 0.02093817 0.04950208 0.05343328
 0.0330806  0.0134962  0.05343328 0.04179673 0.0134962 ]]