62612
Test: public void testAbstractClassInstantiation() { UnsafeAllocator unsafeAllocator = UnsafeAllocator.create(); try { unsafeAllocator.newInstance(AbstractClass.class); fail(); } catch (Exception e) { } }
Code: public <T> T newInstance(Class<T> c) throws Exception { return (T) allocateInstance.invoke(unsafe, c); }
tensor([[0.0522, 0.1420, 0.0340, 0.2064, 0.0760, 0.1222, 0.0409, 0.0716, 0.0577,
         0.0557, 0.0683, 0.0503, 0.0227],
        [0.0480, 0.1465, 0.0211, 0.2139, 0.0647, 0.1400, 0.0332, 0.0882, 0.0529,
         0.0529, 0.0733, 0.0454, 0.0199],
        [0.0442, 0.1355, 0.0255, 0.2164, 0.0893, 0.1400, 0.0303, 0.0704, 0.0514,
         0.0521, 0.0795, 0.0458, 0.0196],
        [0.0430, 0.1380, 0.0253, 0.2167, 0.0992, 0.1031, 0.0409, 0.0834, 0.0574,
         0.0469, 0.0764, 0.0464, 0.0233],
        [0.0467, 0.1427, 0.0224, 0.2124, 0.0762, 0.1233, 0.0330, 0.0890, 0.0511,
         0.0557, 0.0723, 0.0562, 0.0191],
        [0.0333, 0.1357, 0.0160, 0.2525, 0.0736, 0.1636, 0.0271, 0.0792, 0.0542,
         0.0446, 0.0729, 0.0319, 0.0155],
        [0.0368, 0.1868, 0.0224, 0.2364, 0.0688, 0.1261, 0.0299, 0.0782, 0.0493,
         0.0411, 0.0599, 0.0470, 0.0173],
        [0.0595, 0.1221, 0.0324, 0.1745, 0.0661, 0.1069, 0.0376, 0.0877, 0.0695,
         0.0786, 0.0714, 0.0614, 0.0322],
        [0.0343, 0.1607, 0.0192, 0.2509, 0.0816, 0.1281, 0.0274, 0.0673, 0.0498,
         0.0448, 0.0741, 0.0434, 0.0184],
        [0.0531, 0.1520, 0.0273, 0.2058, 0.0751, 0.1268, 0.0332, 0.0784, 0.0543,
         0.0515, 0.0671, 0.0529, 0.0224],
        [0.0446, 0.1444, 0.0282, 0.1896, 0.0698, 0.1342, 0.0357, 0.0900, 0.0574,
         0.0580, 0.0733, 0.0541, 0.0208],
        [0.0467, 0.1419, 0.0267, 0.2161, 0.0774, 0.1415, 0.0352, 0.0717, 0.0507,
         0.0439, 0.0750, 0.0509, 0.0223],
        [0.0355, 0.1676, 0.0244, 0.1835, 0.0656, 0.1505, 0.0338, 0.0795, 0.0742,
         0.0569, 0.0653, 0.0454, 0.0177]])