100369
Test: public void testPropertyAddDayOfYear() { MutableDateTime test = new MutableDateTime(2004, 6, 9, 0, 0, 0, 0); test.dayOfYear().add(9); }
Code: public void add(DurationFieldType type, int amount) { if (type == null) { throw new IllegalArgumentException("Field must not be null"); } setMillis(type.getField(getChronology()).add(getMillis(), amount)); }
[[0.03965812 0.0321443  0.06743526 0.03999651 0.02498101 0.06881736
 0.05341444 0.10695113 0.01575877 0.06240075 0.02121603 0.05341444
 0.03997177 0.01996487 0.01313606 0.09283152 0.03697122 0.03447328
 0.05989439 0.01701418 0.04872541 0.03381504 0.01701417]
[0.03483292 0.02933898 0.07793935 0.03896482 0.01884188 0.05957733
 0.05582455 0.11513089 0.01224373 0.05118053 0.01758076 0.05582455
 0.03970389 0.01572353 0.00981336 0.1286772  0.02763427 0.03910014
 0.04480838 0.01718993 0.0564268  0.03645228 0.01718993]
[0.02865404 0.02619898 0.07541706 0.05029161 0.01647114 0.07063933
 0.05178895 0.10838696 0.01277607 0.05657481 0.01477646 0.05178895
 0.04233266 0.01838321 0.01317919 0.1345328  0.0328528  0.0374006
 0.04063627 0.0125415  0.05799623 0.03383888 0.0125415 ]
[0.02990952 0.02077741 0.07944828 0.0456534  0.0165857  0.0795138
 0.06640188 0.15289319 0.01025818 0.05769801 0.01752485 0.06640188
 0.03492212 0.0178274  0.00933896 0.08984071 0.02295493 0.04187876
 0.04502992 0.0098977  0.04657013 0.02877554 0.0098977 ]
[0.02651724 0.02263572 0.07017329 0.05087675 0.01987216 0.06546564
 0.05565707 0.15272337 0.00909821 0.06892397 0.01638421 0.05565707
 0.03442091 0.01434257 0.01234409 0.10255713 0.01936179 0.04018758
 0.04842635 0.01246237 0.06251764 0.02693246 0.01246237]
[0.03543222 0.0248005  0.07794289 0.04396934 0.02186228 0.07444251
 0.06679013 0.11469346 0.01500285 0.05577066 0.02245892 0.06679013
 0.03641144 0.02039006 0.01269641 0.10067324 0.02615088 0.0412446
 0.03722505 0.01266062 0.04689228 0.03303889 0.01266062]
[0.04124931 0.03552218 0.07406929 0.04765183 0.02029447 0.08034588
 0.06091438 0.07175454 0.01865789 0.0453831  0.02773735 0.06091438
 0.03744951 0.02379819 0.02041595 0.09062267 0.0360942  0.04141817
 0.0519659  0.0223406  0.03974307 0.02931651 0.0223406 ]
[0.02691485 0.0196101  0.10092396 0.04430956 0.01365935 0.09074038
 0.05123436 0.14975831 0.00628738 0.0571214  0.01038997 0.05123436
 0.02533677 0.01019422 0.00593024 0.14288719 0.02135223 0.03349945
 0.03984636 0.00806121 0.05707503 0.02557216 0.00806121]
[0.0319355  0.02357299 0.08119121 0.04395552 0.02452258 0.06835829
 0.05962129 0.11548806 0.00986471 0.06953457 0.01218196 0.05962129
 0.03462128 0.01584355 0.00984185 0.12171239 0.0238198  0.04073953
 0.0395915  0.01058013 0.06605574 0.02676613 0.01058013]
[0.02494592 0.02577163 0.09808172 0.03722925 0.01588693 0.05775426
 0.06013107 0.1379292  0.00883521 0.06252915 0.0162776  0.06013107
 0.02993907 0.01639419 0.00900285 0.14734048 0.02152034 0.03583416
 0.03813508 0.01251712 0.04970079 0.02159575 0.01251713]
[0.03230371 0.02428515 0.08834177 0.04034657 0.01839869 0.05740078
 0.06597334 0.14850493 0.00937863 0.06230479 0.02078799 0.06597334
 0.029761   0.01327937 0.01033457 0.10362797 0.02878788 0.03334202
 0.04362792 0.01058949 0.04852875 0.03353183 0.01058949]
[0.04124931 0.03552218 0.07406929 0.04765183 0.02029447 0.08034588
 0.06091438 0.07175454 0.01865789 0.0453831  0.02773735 0.06091438
 0.03744951 0.02379819 0.02041595 0.09062267 0.0360942  0.04141817
 0.0519659  0.0223406  0.03974307 0.02931651 0.0223406 ]
[0.03052908 0.02477834 0.07698739 0.03821773 0.01880622 0.06688047
 0.07475492 0.10513771 0.01094081 0.04656679 0.01794383 0.07475492
 0.03619331 0.0166766  0.01025762 0.14046668 0.02588551 0.04210022
 0.04651616 0.01262299 0.0478403  0.02251938 0.01262299]
[0.03293408 0.02967919 0.08487701 0.03337549 0.02184345 0.06813698
 0.05911446 0.11222215 0.012197   0.06116271 0.01863485 0.05911446
 0.03685022 0.02146995 0.01427208 0.11551742 0.02480922 0.04291669
 0.04379077 0.01720301 0.04217932 0.03049644 0.01720301]
[0.03934333 0.02516391 0.08055932 0.04348664 0.02071841 0.06474757
 0.06019101 0.10172898 0.01214361 0.05728546 0.02042332 0.06019101
 0.03194455 0.0220718  0.01661755 0.10717145 0.02789468 0.04099067
 0.05073683 0.01647463 0.04905687 0.03458375 0.01647463]
[0.03061987 0.02526394 0.065052   0.04615504 0.02017702 0.06169625
 0.06624549 0.11443153 0.01464245 0.05058101 0.02147358 0.06624549
 0.04025132 0.02299051 0.01278691 0.09849    0.02428406 0.05479328
 0.04774055 0.01531995 0.05373576 0.03170399 0.01531995]
[0.02934875 0.02942595 0.06163176 0.04415077 0.02202406 0.06704652
 0.06013574 0.09920047 0.01628314 0.06115224 0.02255842 0.06013574
 0.03794002 0.01877204 0.01471271 0.10120871 0.02676653 0.04231038
 0.05650862 0.01705165 0.05629539 0.03828875 0.01705164]
[0.03403741 0.02786356 0.0844288  0.0381408  0.02491914 0.07695951
 0.04810461 0.11336342 0.00994994 0.05503897 0.02078514 0.04810461
 0.03059646 0.01581907 0.01083448 0.11766772 0.02790574 0.04302027
 0.05662985 0.01645799 0.05466361 0.02825085 0.01645799]
[0.04006172 0.02515366 0.07226272 0.04101836 0.02379274 0.06673584
 0.05500958 0.11998618 0.01321873 0.05813009 0.01992654 0.05500958
 0.03813222 0.019286   0.01250189 0.09911591 0.03153614 0.03477975
 0.06333271 0.01358262 0.04981376 0.03403066 0.01358262]
[0.03057857 0.02713204 0.06343742 0.04020713 0.02370219 0.08255991
 0.06616798 0.11528566 0.0090013  0.05193479 0.01957816 0.06616798
 0.03911014 0.01707196 0.01144419 0.08723605 0.02963624 0.05293821
 0.05529134 0.0148375  0.05245501 0.02938868 0.0148375 ]
[0.02961308 0.02760442 0.06573353 0.05113689 0.01620449 0.0747014
 0.06058298 0.11296012 0.01194871 0.05161178 0.02206467 0.06058298
 0.0410012  0.01940547 0.01325375 0.11140592 0.0256546  0.04596505
 0.04521594 0.01527515 0.05489458 0.02790813 0.01527515]
[0.03782282 0.02943059 0.07284036 0.04899323 0.02360394 0.07076677
 0.04957052 0.08522056 0.01306399 0.06494355 0.01983994 0.04957052
 0.0394166  0.02079285 0.01731402 0.1098328  0.03265113 0.03941359
 0.05054939 0.01936122 0.0590561  0.0265843  0.01936122]
[0.03057857 0.02713204 0.06343742 0.04020714 0.02370219 0.0825599
 0.066168   0.11528566 0.0090013  0.0519348  0.01957817 0.066168
 0.03911014 0.01707196 0.01144419 0.08723602 0.02963624 0.05293822
 0.05529134 0.0148375  0.05245502 0.02938868 0.0148375 ]]