17864
Test: public void testMayBeString() { }
Code: static boolean mayBeString(Node n, boolean recurse) { if (recurse) { return allResultsMatch(n, MAY_BE_STRING_PREDICATE); } else { return mayBeStringHelper(n); } }
[[0.09229144 0.10605872 0.03129166 0.07022119 0.10605872 0.01463068
 0.06130972 0.09430171 0.03841714 0.06130972 0.03285637 0.00835145
 0.01688761 0.01664642 0.04722642 0.06130972 0.03285637 0.07468211
 0.01664643 0.01664643]
[0.08863884 0.12611416 0.02541225 0.06487817 0.12611416 0.01201777
 0.05780439 0.08756247 0.03607839 0.05780439 0.03866568 0.00431761
 0.01110301 0.01088896 0.05205065 0.05780439 0.03866568 0.08230112
 0.01088896 0.01088896]
[0.09125993 0.10077094 0.02934705 0.06053704 0.10077094 0.01852195
 0.05472501 0.10413744 0.04702318 0.05472501 0.04890508 0.00674283
 0.01342341 0.00847223 0.05626048 0.05472501 0.04890508 0.08380299
 0.00847223 0.00847223]
[0.09644896 0.10240938 0.02696164 0.0961952  0.10240938 0.01410459
 0.05893791 0.08385834 0.0373593  0.05893791 0.03814514 0.00646636
 0.01366712 0.01277396 0.04765637 0.05893791 0.03814514 0.08103746
 0.01277396 0.01277396]
[0.08863884 0.12611416 0.02541225 0.06487817 0.12611416 0.01201777
 0.05780439 0.08756247 0.03607839 0.05780439 0.03866568 0.00431761
 0.01110301 0.01088896 0.05205065 0.05780439 0.03866568 0.08230112
 0.01088896 0.01088896]
[0.09621221 0.12029899 0.0237346  0.0560006  0.12029899 0.01261377
 0.05856356 0.08637138 0.03911236 0.05856356 0.03632941 0.00472545
 0.01313368 0.00950867 0.0603542  0.05856356 0.03632941 0.09026819
 0.00950867 0.00950867]
[0.08629215 0.0844395  0.03739236 0.07976002 0.0844395  0.02160376
 0.05800692 0.06444523 0.04941364 0.05800692 0.04314541 0.01531059
 0.0208189  0.02075903 0.06250868 0.05800692 0.04314541 0.07098701
 0.02075903 0.02075903]
[0.12751372 0.10911376 0.02449035 0.08010507 0.10911376 0.00795458
 0.04523227 0.10913841 0.0298107  0.04523227 0.02536407 0.00263432
 0.00920814 0.00671872 0.06782936 0.04523227 0.02536407 0.11650672
 0.00671872 0.00671872]
[0.09149068 0.10160609 0.03541483 0.06752639 0.10160609 0.02260676
 0.05488332 0.06927209 0.04708299 0.05488332 0.04222578 0.01104403
 0.02148367 0.01922406 0.0473705  0.05488332 0.04222578 0.0767221
 0.01922407 0.01922407]
[0.08629215 0.0844395  0.03739236 0.07976002 0.0844395  0.02160376
 0.05800692 0.06444523 0.04941364 0.05800692 0.04314541 0.01531059
 0.0208189  0.02075903 0.06250868 0.05800692 0.04314541 0.07098701
 0.02075903 0.02075903]
[0.10856136 0.10648615 0.02712684 0.07988241 0.10648615 0.01160866
 0.04689926 0.09025661 0.04058532 0.04689926 0.031947   0.00529034
 0.01280135 0.01269276 0.06378401 0.04689926 0.03194701 0.10446074
 0.01269276 0.01269276]
[0.12078783 0.09290686 0.03197719 0.07252649 0.09290686 0.01222051
 0.05527757 0.08252776 0.0382744  0.05527757 0.03543564 0.00710627
 0.01409584 0.01348978 0.06292817 0.05527757 0.03543564 0.09456854
 0.01348978 0.01348978]
[0.1030205  0.08891542 0.03094116 0.07343605 0.08891542 0.0119198
 0.06092987 0.10712972 0.03600693 0.06092987 0.0405456  0.00714638
 0.01365585 0.01207678 0.05135863 0.06092987 0.04054559 0.08744296
 0.01207678 0.01207678]
[0.09939498 0.089217   0.0293539  0.07012221 0.089217   0.01519558
 0.05928644 0.09483674 0.04464025 0.05928644 0.05292352 0.00796345
 0.01295158 0.01297642 0.06155323 0.05928644 0.05292352 0.06291847
 0.01297642 0.01297642]
[0.08977433 0.10616282 0.03602559 0.08252065 0.10616282 0.01140042
 0.0524347  0.08566256 0.03996002 0.0524347  0.03661434 0.00655836
 0.01519175 0.01089299 0.05487105 0.0524347  0.03661434 0.10249788
 0.01089299 0.01089299]
[0.08629215 0.0844395  0.03739236 0.07976002 0.0844395  0.02160376
 0.05800692 0.06444523 0.04941364 0.05800692 0.04314541 0.01531059
 0.0208189  0.02075903 0.06250868 0.05800692 0.04314541 0.07098701
 0.02075903 0.02075903]
[0.10856136 0.10648615 0.02712684 0.07988241 0.10648615 0.01160866
 0.04689926 0.09025661 0.04058532 0.04689926 0.031947   0.00529034
 0.01280135 0.01269276 0.06378401 0.04689926 0.03194701 0.10446074
 0.01269276 0.01269276]
[0.12298086 0.10937044 0.0282912  0.090082   0.10937044 0.01257426
 0.05368592 0.11055535 0.03209544 0.05368592 0.03129064 0.00594095
 0.01133718 0.00887183 0.03308499 0.05368592 0.03129064 0.08406227
 0.00887183 0.00887183]
[0.09939498 0.089217   0.0293539  0.07012221 0.089217   0.01519558
 0.05928644 0.09483674 0.04464025 0.05928644 0.05292352 0.00796345
 0.01295158 0.01297642 0.06155323 0.05928644 0.05292352 0.06291847
 0.01297642 0.01297642]
[0.09939498 0.089217   0.0293539  0.07012221 0.089217   0.01519558
 0.05928644 0.09483674 0.04464025 0.05928644 0.05292352 0.00796345
 0.01295158 0.01297642 0.06155323 0.05928644 0.05292352 0.06291847
 0.01297642 0.01297642]]