62860
Test: public void testSuperSubtype() { }
Code: public static WildcardType subtypeOf(Type bound) { Type[] upperBounds; upperBounds = new Type[] { bound }; return new WildcardTypeImpl(upperBounds, EMPTY_TYPE_ARRAY); }
[[0.03693375 0.10759591 0.1403336  0.0501456  0.0294813  0.04764033
 0.02359017 0.04912646 0.03126862 0.02313697 0.01873869 0.02359017
 0.04764033 0.08981661 0.03638588 0.04044861 0.01873869 0.14263557
 0.02736781 0.01538486]
[0.03894823 0.09844789 0.1492081  0.03656317 0.02840366 0.06278726
 0.02400026 0.04105966 0.02738906 0.02517912 0.01660287 0.02400026
 0.06278726 0.0947962  0.03704752 0.03645603 0.01660287 0.13690245
 0.02538037 0.01743779]
[0.02495557 0.10160867 0.15116392 0.03321258 0.02931999 0.05351757
 0.02020669 0.0590271  0.02196564 0.02444097 0.01447065 0.02020669
 0.05351757 0.10825583 0.0327319  0.04333168 0.01447065 0.15609166
 0.0232848  0.01421979]
[0.0205326  0.123886   0.14695059 0.02780694 0.02788436 0.04599756
 0.01914575 0.06554514 0.03017554 0.01695151 0.01291748 0.01914575
 0.04599756 0.09955643 0.02493487 0.04086415 0.01291749 0.19004492
 0.02112484 0.00762048]
[0.02164591 0.0868222  0.15614787 0.02607723 0.0242562  0.0517787
 0.01588618 0.06733501 0.02326028 0.01805009 0.01116039 0.01588618
 0.0517787  0.1061188  0.03206195 0.04169165 0.01116038 0.20635863
 0.0196567  0.01286697]
[0.03880329 0.08848237 0.11697262 0.04972682 0.03250748 0.05858132
 0.02831407 0.04351593 0.03145335 0.03213167 0.02220166 0.02831407
 0.05858132 0.0947374  0.03982351 0.04515475 0.02220167 0.11386569
 0.03336827 0.02126277]
[0.03271066 0.07717742 0.13817336 0.03607849 0.03102808 0.06358723
 0.02187487 0.03282215 0.02919919 0.0210821  0.01754612 0.02187487
 0.06358723 0.09652934 0.02622918 0.04584907 0.01754612 0.18696733
 0.03045322 0.00968397]
[0.02941733 0.08108979 0.16157159 0.03346697 0.02757359 0.04975011
 0.02729026 0.04099289 0.02654367 0.01865166 0.01715484 0.02729026
 0.04975011 0.11680242 0.03354929 0.0384091  0.01715484 0.16230153
 0.02611349 0.01512622]
[0.03702087 0.0805997  0.13311498 0.04523012 0.03108748 0.0486979
 0.02834625 0.04553385 0.0239504  0.02764928 0.02448886 0.02834625
 0.0486979  0.10298619 0.03337381 0.05693748 0.02448886 0.1366533
 0.02910606 0.01369051]
[0.04635292 0.10316539 0.11251701 0.05459328 0.03287854 0.04737155
 0.02373441 0.04104879 0.0282038  0.03699789 0.02153431 0.02373441
 0.04737155 0.09308918 0.05088811 0.04993321 0.02153431 0.11508177
 0.02845253 0.02151705]
[0.02774547 0.08429547 0.15341133 0.03318379 0.02325735 0.0523896
 0.01839665 0.03895732 0.02095968 0.02201805 0.01778999 0.01839665
 0.0523896  0.11378853 0.03514331 0.03909478 0.01778999 0.19282782
 0.02310415 0.01506049]
[0.03271066 0.07717742 0.13817336 0.03607849 0.03102808 0.06358723
 0.02187487 0.03282215 0.02919919 0.0210821  0.01754612 0.02187487
 0.06358723 0.09652934 0.02622918 0.04584907 0.01754612 0.18696733
 0.03045322 0.00968397]
[0.03880329 0.08848237 0.11697262 0.04972682 0.03250748 0.05858132
 0.02831407 0.04351593 0.03145335 0.03213167 0.02220166 0.02831407
 0.05858132 0.0947374  0.03982351 0.04515475 0.02220167 0.11386569
 0.03336827 0.02126277]
[0.03882401 0.0993101  0.14216033 0.04030442 0.03020823 0.05065791
 0.02803224 0.04692991 0.03433716 0.0209762  0.02059661 0.02803224
 0.05065791 0.11162865 0.03430172 0.04804474 0.02059661 0.11114708
 0.02855041 0.01470349]
[0.03292822 0.08645909 0.1188005  0.03788755 0.03248034 0.05712428
 0.02284788 0.04034696 0.03086158 0.02775769 0.01984062 0.02284788
 0.05712428 0.09887537 0.03389923 0.04714935 0.01984062 0.16894574
 0.03045437 0.01352843]
[0.02248204 0.10400854 0.1907678  0.03151333 0.02229832 0.04386144
 0.01875199 0.04719009 0.0217378  0.02197405 0.01340109 0.01875199
 0.04386144 0.10931133 0.03343744 0.03265614 0.01340108 0.17301525
 0.02555389 0.01202483]
[0.02774547 0.08429547 0.15341133 0.03318379 0.02325735 0.0523896
 0.01839665 0.03895732 0.02095968 0.02201805 0.01778999 0.01839665
 0.0523896  0.11378853 0.03514331 0.03909478 0.01778999 0.19282782
 0.02310415 0.01506049]
[0.02681534 0.08991311 0.12642455 0.02992023 0.02473113 0.05992405
 0.02814295 0.03817338 0.02634162 0.02772721 0.01423358 0.02814295
 0.05992405 0.10408838 0.04368917 0.04332096 0.01423358 0.17140576
 0.02733305 0.01551487]
[0.02960071 0.10962655 0.14941175 0.03175821 0.03026269 0.04721238
 0.02122743 0.04132526 0.02751289 0.02612645 0.0133886  0.02122743
 0.04721238 0.09337366 0.03003355 0.03979621 0.0133886  0.19337076
 0.02285829 0.01128618]
[0.02726973 0.10370339 0.12510411 0.03889485 0.03098325 0.0604157
 0.02546131 0.03972835 0.03092162 0.02360888 0.01523216 0.02546131
 0.0604157  0.09559579 0.03478778 0.05676389 0.01523216 0.14960575
 0.02734728 0.01346703]]