67348
Test: public void testSchemaWithViews() throws Exception { ListingVisitor v = new ListingVisitor(); MAPPER.writerWithView(ViewBC.class) .acceptJsonFormatVisitor(POJO.class, v); v = new ListingVisitor(); MAPPER.writerWithView(ViewAB.class) .acceptJsonFormatVisitor(POJO.class, v); }
Code: public void acceptJsonFormatVisitor(JsonFormatVisitorWrapper visitor, JavaType typeHint){if (false) {visitIntFormat(visitor, typeHint, JsonParser.NumberType.BIG_INTEGER);} else {Class<?> h = handledType();if (h == BigDecimal.class) {;} else {
[[0.04095994 0.03333729 0.04210823 0.0549311  0.06726538 0.0351128
 0.02870079 0.06870737 0.07315224 0.04342311 0.05842661 0.01695935
 0.10221352 0.02587874 0.02714245 0.04479427 0.06413363 0.03849516
 0.01955775 0.0584266  0.05627367]
[0.03375595 0.02806228 0.04185525 0.04571908 0.0836917  0.03999834
 0.02102059 0.06305496 0.0880947  0.04503661 0.07526412 0.01261317
 0.10280617 0.02640721 0.01953614 0.04002235 0.04985622 0.03955489
 0.01598262 0.07526411 0.05240351]
[0.03111863 0.02674343 0.04756881 0.05279233 0.06684609 0.03483783
 0.02967823 0.05825657 0.09222673 0.04202631 0.05972908 0.01417861
 0.10955837 0.02474507 0.02376579 0.0422034  0.05491167 0.05119134
 0.02021109 0.05972907 0.05768146]
[0.03916403 0.02922741 0.03634307 0.05425186 0.07162569 0.03567789
 0.03029875 0.04870377 0.0761424  0.04259488 0.07520878 0.01885189
 0.09535086 0.02233243 0.02019323 0.04400086 0.06166118 0.04345116
 0.02022121 0.07520878 0.05948983]
[0.04273437 0.02376865 0.03649566 0.05218554 0.07754757 0.03273308
 0.02904658 0.07695654 0.08082505 0.04862042 0.05995625 0.01583508
 0.08432923 0.02532531 0.01886892 0.03889995 0.06509921 0.04516245
 0.01873501 0.05995625 0.06691884]
[0.03856684 0.03646731 0.0427088  0.05038979 0.07233121 0.04026535
 0.02870795 0.05626036 0.06889734 0.04096164 0.07309285 0.01657654
 0.08361677 0.02564996 0.02604798 0.04260864 0.05485428 0.03953893
 0.02466157 0.07309284 0.06470307]
[0.03258629 0.0308101  0.05290847 0.04850636 0.0800153  0.03793046
 0.02482652 0.06071451 0.08111294 0.04417302 0.06782305 0.01323449
 0.10265984 0.02286391 0.02000072 0.04310441 0.05857943 0.03968319
 0.01389323 0.06782302 0.05675073]
[0.02952559 0.02595285 0.0507176  0.05765004 0.07987602 0.04425166
 0.02733953 0.07056959 0.08664469 0.03830203 0.06684884 0.01579003
 0.09143679 0.02648687 0.01628255 0.03873264 0.05139747 0.036309
 0.02274159 0.06684884 0.05629588]
[0.03591906 0.02507724 0.04834637 0.06438737 0.07028067 0.0362827
 0.03084433 0.05775798 0.09312999 0.03761162 0.06995855 0.0131885
 0.09372082 0.0269717  0.02134579 0.04892938 0.05481955 0.03873147
 0.01501643 0.06995856 0.04772188]
[0.0343491  0.02728255 0.05379332 0.05846294 0.08116572 0.0357277
 0.02306671 0.06079752 0.09002289 0.04020531 0.06367018 0.01351171
 0.08035965 0.03045611 0.01971071 0.0437697  0.05756301 0.03966319
 0.01968863 0.06367017 0.06306311]
[0.03297643 0.02444111 0.04215268 0.05358363 0.0793149  0.03732731
 0.02665873 0.05870989 0.06508841 0.04487032 0.07437711 0.0138831
 0.10512211 0.02380197 0.01924932 0.03941158 0.05355323 0.05409248
 0.01972365 0.07437711 0.05728486]
[0.03102579 0.02262312 0.04955169 0.04858111 0.07224259 0.02846075
 0.03012491 0.07001837 0.07223307 0.04495429 0.07316735 0.01389409
 0.1116818  0.0235469  0.01892283 0.03419508 0.06337324 0.04973519
 0.01625429 0.07316735 0.05224619]
[0.04257759 0.0386766  0.04099793 0.06652232 0.06973468 0.05163676
 0.04228155 0.06122278 0.06818502 0.04692788 0.05212668 0.01805625
 0.0695212  0.03008751 0.03143299 0.03518625 0.06408752 0.04058055
 0.02696858 0.05212668 0.0510627 ]
[0.04540065 0.03670593 0.02689902 0.0505614  0.06098124 0.05280884
 0.03669905 0.06884047 0.06371006 0.05132616 0.05704206 0.02150308
 0.09608494 0.03718762 0.02929501 0.03135158 0.05164995 0.04999379
 0.02521952 0.05704207 0.04969753]
[0.04430978 0.03762078 0.03682097 0.07350593 0.06403571 0.03932714
 0.0326063  0.05270676 0.06224262 0.04511551 0.06355666 0.02090943
 0.07895429 0.02906601 0.02795602 0.0361217  0.05092657 0.04031125
 0.02282364 0.06355666 0.07752621]
[0.0412495  0.03526933 0.03879836 0.06050307 0.05846182 0.03353621
 0.03155161 0.06702005 0.0673963  0.05391246 0.07175632 0.01367863
 0.0848847  0.02717732 0.0266817  0.04121005 0.06053616 0.03979335
 0.01396834 0.0717563  0.06085851]
[0.02326542 0.02277423 0.0523101  0.05081987 0.07659893 0.03089674
 0.02955874 0.06266386 0.11824247 0.04075947 0.07416994 0.01056579
 0.09587575 0.02350177 0.01209538 0.03985012 0.05931841 0.03800108
 0.01385791 0.07416994 0.05070412]
[0.03863578 0.02969357 0.04029013 0.05468524 0.08206455 0.03783718
 0.03357479 0.06936608 0.0756991  0.04502806 0.07228918 0.01313988
 0.09191074 0.02594628 0.01999822 0.03497955 0.04851346 0.03371532
 0.02140905 0.07228921 0.05893469]
[0.0408641  0.03044676 0.03834453 0.06076887 0.07226004 0.03944543
 0.02586242 0.06396968 0.07426684 0.03632121 0.07702396 0.01459476
 0.07876812 0.02528749 0.02163836 0.03813802 0.04891432 0.03493576
 0.02350116 0.07702398 0.07762418]
[0.03297643 0.02444111 0.04215268 0.05358363 0.0793149  0.03732731
 0.02665873 0.05870989 0.06508841 0.04487032 0.07437711 0.0138831
 0.10512211 0.02380197 0.01924932 0.03941158 0.05355323 0.05409248
 0.01972365 0.07437711 0.05728486]
[0.04091968 0.03553667 0.02855333 0.05699065 0.06720813 0.04069451
 0.03260832 0.06910548 0.06828065 0.04324176 0.06847572 0.02226016
 0.08181716 0.03397752 0.02956847 0.03823764 0.04423423 0.04087085
 0.02510497 0.06847572 0.06383837]]