16272
Test: public void test5() throws Throwable { if (debug) System.out.format("%n%s%n", "RegressionTest0.test5"); java.lang.String str1 = org.apache.commons.cli.Util.stripLeadingAndTrailingQuotes("hi!"); }
Code: static String stripLeadingAndTrailingQuotes(String str){if (str.startsWith("\"")){str = str.substring(1, str.length());}int length = str.length();if (str.endsWith("\"")){;}return str;}
[[0.15180446 0.08621788 0.09232885 0.0538961  0.07736868 0.0371016
 0.08762093 0.06965315 0.07076893 0.03710161 0.05136815 0.07736866
 0.10740098]
[0.16404507 0.06572993 0.10185117 0.05741329 0.08049245 0.03837285
 0.07976288 0.0719608  0.07532863 0.03837284 0.0470171  0.08049245
 0.09916055]
[0.1503975  0.08668033 0.09825679 0.04317869 0.07803208 0.03338018
 0.09980764 0.07787448 0.08255509 0.03338018 0.04197449 0.07803208
 0.09645046]
[0.16812266 0.07377721 0.1282233  0.05332272 0.07228054 0.04727127
 0.0822888  0.06435723 0.07028382 0.04727127 0.05096246 0.07228054
 0.06955822]
[0.15227276 0.08330631 0.128961   0.05306935 0.07522429 0.04738913
 0.08902207 0.06413525 0.06819814 0.04738913 0.05052396 0.0752243
 0.0652843 ]
[0.13909939 0.07273226 0.1049127  0.05788548 0.08605865 0.04901627
 0.0563127  0.06019086 0.07921509 0.04901627 0.06603359 0.08605866
 0.09346805]
[0.15091506 0.07055386 0.10503291 0.06177703 0.09002095 0.04034337
 0.07699227 0.06387981 0.07246432 0.04034337 0.05567459 0.09002095
 0.08198151]
[0.18755472 0.09140983 0.11137129 0.0517207  0.086696   0.0309549
 0.0700127  0.05722768 0.06919654 0.0309549  0.05381489 0.08669601
 0.07238983]
[0.18879814 0.10112013 0.09153059 0.05893698 0.06697578 0.0328358
 0.07677549 0.08805061 0.06688001 0.0328358  0.04653401 0.06697578
 0.08175085]
[0.13909939 0.07273226 0.1049127  0.05788548 0.08605865 0.04901627
 0.0563127  0.06019086 0.07921509 0.04901627 0.06603359 0.08605866
 0.09346805]
[0.14642    0.08278816 0.11706721 0.05703844 0.07418318 0.03768595
 0.08906131 0.06755663 0.08022925 0.03768594 0.05061496 0.07418317
 0.08548577]
[0.15227276 0.08330631 0.128961   0.05306935 0.07522429 0.04738913
 0.08902207 0.06413525 0.06819814 0.04738913 0.05052396 0.0752243
 0.0652843 ]
[0.16199291 0.08662104 0.11427751 0.06348051 0.07494752 0.031864
 0.08871561 0.06770959 0.07079381 0.031864   0.04654267 0.07494752
 0.08624326]]