67373
Test: public void testLRUMap() throws Exception { LRUMap<String,Integer> map = new LRUMap<String,Integer>(32, 32); map.put("a", 1); byte[] bytes = jdkSerialize(map); LRUMap<String,Integer> result = jdkDeserialize(bytes); result.put("a", 2); }
Code: public void serialize(Object value, JsonGenerator g, SerializerProvider provider){switch (_typeId) {case TYPE_DATE:provider.defaultSerializeDateKey((Date)value, g);break;case TYPE_CALENDAR:;break;case TYPE_CLASS:g.writeFieldName(((Class<?>)value).getName());break;case TYPE_ENUM:{String str = provider.isEnabled(SerializationFeature.WRITE_ENUMS_USING_TO_STRING)? value.toString() : ((Enum<?>) value).name();;}break;case TYPE_TO_STRING:default:g.writeFieldName(value.toString());}}
[[0.03112442 0.02648519 0.07509618 0.02861208 0.03943396 0.03252068
 0.09203011 0.0284766  0.05149062 0.08217996 0.03034775 0.01339149
 0.01873551 0.01021226 0.02547508 0.02190439 0.02025515 0.15239109
 0.10332768 0.03313176 0.03722098 0.01884894 0.02730809]
[0.02379084 0.02457358 0.06932057 0.01823275 0.0279921  0.02828327
 0.12705007 0.01813451 0.04134921 0.07083463 0.01914669 0.00948554
 0.02374292 0.01269497 0.02337971 0.01379863 0.02231696 0.24334447
 0.08394852 0.02608711 0.03112985 0.01699735 0.02436569]
[0.03389212 0.02654844 0.06751122 0.0300119  0.04468288 0.03575336
 0.09555905 0.01967881 0.04067733 0.08328655 0.03302486 0.01529111
 0.0231283  0.01484377 0.03084137 0.02029948 0.01858699 0.17046392
 0.08636735 0.02528269 0.03394745 0.02270434 0.02761685]
[0.01937748 0.01685918 0.08699739 0.02084209 0.03039079 0.03318487
 0.12795115 0.01812936 0.03974492 0.07310096 0.02432268 0.01121124
 0.02154164 0.01058387 0.02014897 0.01623414 0.01842821 0.19138958
 0.11933716 0.02163801 0.03440798 0.01701756 0.02716078]
[0.02742758 0.02332648 0.08933621 0.02217376 0.03149895 0.0246353
 0.10595474 0.02419725 0.04429266 0.07827258 0.02794675 0.0112756
 0.0206514  0.01129856 0.02214564 0.01527164 0.02054576 0.20457762
 0.09087741 0.02400551 0.03584961 0.01724822 0.0271908 ]
[0.01868603 0.02288203 0.07056542 0.02596236 0.02966469 0.02644289
 0.11180463 0.02345264 0.0416524  0.09715706 0.03228136 0.0113766
 0.02461458 0.01224191 0.02857807 0.01687607 0.01858086 0.18752295
 0.09718709 0.0329392  0.02820394 0.0171826  0.02414472]
[0.02286986 0.01887399 0.08746563 0.02630824 0.03543271 0.03361652
 0.10323565 0.01729647 0.03791448 0.10601218 0.01894596 0.00972269
 0.01939415 0.00916442 0.01961894 0.01394598 0.02151447 0.21363145
 0.08942766 0.0206007  0.02937466 0.01729164 0.02834155]
[0.02673819 0.02530079 0.0944324  0.02501678 0.03718881 0.03211424
 0.09557928 0.02218888 0.04292998 0.08668823 0.02703324 0.01236431
 0.01762407 0.01391312 0.02478896 0.01639459 0.01978179 0.19583611
 0.07703488 0.02473766 0.03286273 0.01716654 0.03228449]
[0.01962001 0.01736817 0.10740095 0.02127642 0.02952357 0.02153423
 0.1309308  0.01589805 0.04188    0.08999952 0.022143   0.00776673
 0.01535816 0.00844813 0.01973899 0.01564292 0.01577257 0.2067802
 0.09977373 0.02382081 0.03029647 0.01274299 0.02628364]
[0.02363189 0.02012169 0.11003824 0.0290764  0.03348142 0.02338362
 0.10782744 0.02245983 0.04820738 0.09421393 0.02485769 0.01084598
 0.01907689 0.01001254 0.02049566 0.01904467 0.01987603 0.1889545
 0.07931872 0.02081289 0.02719358 0.01650294 0.03056609]
[0.02807248 0.02673608 0.06715367 0.02767341 0.03649975 0.03308773
 0.11363177 0.02013505 0.04582781 0.06563392 0.02686159 0.015563
 0.01932962 0.0132142  0.02313911 0.02134368 0.02540567 0.19857779
 0.08831808 0.02233844 0.03630083 0.01671267 0.0284436 ]
[0.0362068  0.02494304 0.07628154 0.02886603 0.04060156 0.02965021
 0.09335199 0.02383383 0.05328206 0.07179554 0.03115075 0.01626309
 0.02609061 0.01574463 0.02012378 0.02279823 0.02185282 0.17086406
 0.08298565 0.02547244 0.03634492 0.02254062 0.02895575]
[0.02757318 0.0258655  0.0898022  0.01890077 0.02851443 0.02764286
 0.10240863 0.01838906 0.04630848 0.07995096 0.02792194 0.01131053
 0.01977982 0.01035266 0.0212928  0.02005536 0.02266978 0.17954506
 0.11796834 0.02997173 0.02937941 0.01953779 0.02485863]
[0.02477648 0.01735184 0.09807476 0.02299327 0.0291887  0.02614576
 0.11653294 0.01638771 0.04191016 0.08150585 0.02391182 0.01039511
 0.02021495 0.01036121 0.02200085 0.0115231  0.01708166 0.22957034
 0.09808235 0.01763608 0.02356184 0.01613529 0.02465797]
[0.02463981 0.02576926 0.06540815 0.02579535 0.03405576 0.03295079
 0.10250313 0.02024163 0.04361945 0.08824481 0.02488409 0.01528972
 0.02841833 0.0152251  0.0255297  0.02288906 0.02219417 0.18048427
 0.08801271 0.02984843 0.03225866 0.02273747 0.02900011]
[0.02097893 0.02206508 0.11274011 0.02372824 0.03072352 0.03250968
 0.10076241 0.01733624 0.0372982  0.09652385 0.02093596 0.01068295
 0.01627623 0.00797368 0.01838575 0.01545414 0.01662194 0.19295107
 0.1072301  0.02515707 0.02857794 0.01777883 0.02730808]
[0.0367166  0.03087804 0.06882639 0.03345564 0.04424037 0.04052618
 0.08708125 0.02769649 0.05533117 0.05448969 0.03267555 0.02322805
 0.02458606 0.02357123 0.02882594 0.02028058 0.03177097 0.12464209
 0.07080109 0.0329387  0.04112604 0.03061613 0.03569582]
[0.02812921 0.02015895 0.07925246 0.02218414 0.02913357 0.03854514
 0.10309289 0.01939741 0.03669569 0.09492616 0.02409641 0.01117115
 0.02319191 0.01170726 0.02051165 0.01484454 0.01498395 0.20751587
 0.09269352 0.02876235 0.03375535 0.01776113 0.02748934]
[0.0220346  0.01813316 0.08309162 0.02598158 0.03715777 0.02218618
 0.1322357  0.01916524 0.04379822 0.06741226 0.02835974 0.01235977
 0.01913429 0.01094217 0.01968971 0.01779127 0.02109095 0.16985479
 0.12942584 0.02538523 0.03431058 0.01591014 0.02454918]
[0.03202905 0.0260048  0.08987733 0.02257017 0.03335962 0.03913697
 0.09618217 0.02522461 0.05523335 0.06492895 0.0271906  0.01398806
 0.01557844 0.01384955 0.02346914 0.02603853 0.02571632 0.16291834
 0.08847674 0.02396033 0.03826834 0.02156805 0.03443058]
[0.02398462 0.02027472 0.08364201 0.02632492 0.03122848 0.03178879
 0.11122197 0.02016379 0.04567498 0.07333773 0.02777109 0.01175047
 0.0234527  0.01052463 0.02221539 0.01621411 0.01780368 0.19015962
 0.10517368 0.03107767 0.0347409  0.01579939 0.02567463]
[0.02351145 0.01572918 0.09721754 0.0185756  0.03022523 0.02668018
 0.12012744 0.01553517 0.03406665 0.07933871 0.02481869 0.01049907
 0.01668663 0.00805201 0.02142089 0.01490144 0.01431569 0.22836219
 0.11596946 0.02034949 0.02735401 0.01396133 0.02230191]
[0.02376877 0.01886928 0.09341823 0.02476882 0.03487289 0.0207448
 0.12029076 0.01828803 0.03697208 0.08117148 0.02629271 0.00982327
 0.02311659 0.01004734 0.01876174 0.013582   0.01980137 0.21541288
 0.09367858 0.02331644 0.03067307 0.01791412 0.02441477]]