63873
Test: public void testInvalidSubClass() throws Exception { DefaultPrettyPrinter pp = new MyPrettyPrinter(); try { pp.createInstance(); fail("Should not pass"); } catch (IllegalStateException e) { verifyException(e, "does not override"); } }
Code: public DefaultPrettyPrinter createInstance() { if (getClass() != DefaultPrettyPrinter.class) { throw new IllegalStateException("Failed `createInstance()`: "+getClass().getName() +" does not override method; it has to"); } return new DefaultPrettyPrinter(this); }
[[0.03190925 0.04375617 0.03952019 0.04427149 0.08618554 0.03346361
 0.01763937 0.05699721 0.04427149 0.03208221 0.01597455 0.02537458
 0.02148292 0.03369798 0.02815978 0.04995902 0.03053039 0.08833767
 0.03192748 0.03811565 0.02908862 0.05804253 0.01397282 0.03533031
 0.01597455 0.03996174 0.01397282]
[0.0254028  0.02992412 0.04259169 0.05756984 0.11520661 0.03269877
 0.02190571 0.06382325 0.05756984 0.02400571 0.01516359 0.02090185
 0.01586693 0.041124   0.02719602 0.03628542 0.02290871 0.09485987
 0.03135294 0.03213031 0.02420252 0.04720034 0.01169234 0.03414848
 0.01516359 0.04741236 0.01169234]
[0.02561023 0.04870636 0.03694819 0.05336523 0.09256867 0.03740929
 0.01502493 0.06146694 0.05336523 0.03125744 0.01308784 0.02271129
 0.01897184 0.03406629 0.03063165 0.04177012 0.02125147 0.101137
 0.04310597 0.03346803 0.02391998 0.04693654 0.01303747 0.03365936
 0.01308784 0.04039732 0.01303747]
[0.03327447 0.03985209 0.04529301 0.05362277 0.05729207 0.03743339
 0.02360254 0.05797644 0.05362277 0.03041583 0.01854735 0.02313356
 0.02131994 0.04134322 0.02907829 0.04675881 0.0306908  0.0680143
 0.03394888 0.03464917 0.03330042 0.04579758 0.01888731 0.03827816
 0.01854735 0.04643215 0.01888731]
[0.02148212 0.03894112 0.03885736 0.04714478 0.12186614 0.03158711
 0.00851625 0.0579381  0.04714478 0.02101603 0.00839221 0.0164227
 0.01627241 0.03299366 0.0226766  0.04690893 0.01931546 0.14838456
 0.0287694  0.03249406 0.02309989 0.06490678 0.00714278 0.02841902
 0.00839221 0.05377275 0.00714278]
[0.0267574  0.03341709 0.0417564  0.05764125 0.09235136 0.0344069
 0.01415437 0.06782379 0.05764125 0.02798063 0.01313889 0.02034931
 0.0172719  0.03290601 0.02873525 0.04735167 0.02291838 0.08864488
 0.0380534  0.03769815 0.02954397 0.05070681 0.0114394  0.03935906
 0.01313889 0.04337417 0.0114394 ]
[0.02386969 0.03227577 0.03870603 0.05826408 0.09608903 0.03824336
 0.01037779 0.06891844 0.05826408 0.02641195 0.01123296 0.01541721
 0.01297473 0.03369342 0.0313953  0.06079901 0.01735243 0.10042754
 0.03514135 0.04041897 0.02765544 0.04701312 0.01017432 0.03338281
 0.01123296 0.0500939  0.01017432]
[0.03223673 0.04347444 0.04043805 0.04670337 0.08979537 0.02973444
 0.02150608 0.07732524 0.04670337 0.02593007 0.01249378 0.028239
 0.01951858 0.02892108 0.03165548 0.05297473 0.02479901 0.08836365
 0.02979484 0.032825   0.03112223 0.05228349 0.01218439 0.03833646
 0.01249377 0.03796295 0.01218439]
[0.03327447 0.03985209 0.04529301 0.05362277 0.05729207 0.03743339
 0.02360254 0.05797644 0.05362277 0.03041583 0.01854735 0.02313356
 0.02131994 0.04134322 0.02907829 0.04675881 0.0306908  0.0680143
 0.03394888 0.03464917 0.03330042 0.04579758 0.01888731 0.03827816
 0.01854735 0.04643215 0.01888731]
[0.02433122 0.03679842 0.04111898 0.06443412 0.08461167 0.02840051
 0.01249421 0.07392477 0.06443412 0.02907837 0.01311916 0.01867958
 0.01626738 0.03936215 0.02929012 0.0418675  0.02173321 0.0920267
 0.03947615 0.03789622 0.02581058 0.04428043 0.01047382 0.04200359
 0.01311916 0.04449404 0.01047382]
[0.02781717 0.04297628 0.04773521 0.05200311 0.0935435  0.03147913
 0.01832167 0.05662133 0.05200311 0.03067251 0.01789594 0.02084346
 0.01947706 0.03050468 0.03984731 0.04161033 0.02148739 0.09377377
 0.03228774 0.02908969 0.02388474 0.04949663 0.01498494 0.03918124
 0.01789594 0.03958128 0.01498494]
[0.02529251 0.03665346 0.03992225 0.0498056  0.07934823 0.02672314
 0.01531504 0.05819441 0.0498056  0.02345384 0.0136518  0.0199541
 0.0231998  0.0421687  0.02878429 0.05141067 0.02643677 0.11676488
 0.0367363  0.03638631 0.02700806 0.05201817 0.01319378 0.0346362
 0.0136518  0.04629052 0.01319378]
[0.02468509 0.03875654 0.03714449 0.05538279 0.08143845 0.02687713
 0.01454953 0.06910505 0.05538279 0.02699002 0.01441199 0.02595424
 0.01976889 0.0379965  0.02919226 0.04861692 0.02893079 0.09286757
 0.03341221 0.03376321 0.02739853 0.044898   0.01075877 0.04633342
 0.01441199 0.05021406 0.01075877]
[0.03147409 0.0370487  0.04187122 0.05055023 0.08113632 0.04011203
 0.01491313 0.08062321 0.05055023 0.02584323 0.01176548 0.02230062
 0.01843693 0.03653901 0.03008041 0.05681494 0.02209746 0.08384619
 0.03201702 0.0355008  0.02803111 0.06112306 0.01081399 0.03565656
 0.01176547 0.03827457 0.01081399]
[0.02982617 0.0401918  0.04092393 0.05102564 0.09148762 0.03442112
 0.01861049 0.07013322 0.05102564 0.02617501 0.01567374 0.0230138
 0.01859598 0.03411486 0.04223216 0.03872199 0.02193894 0.08870419
 0.0288686  0.0308837  0.02922496 0.05331885 0.01608845 0.03795034
 0.01567374 0.03508654 0.01608845]
[0.02355682 0.04039039 0.05150459 0.042642   0.09685095 0.03087023
 0.01440964 0.07040484 0.042642   0.02492985 0.01396319 0.01833117
 0.01885796 0.02711227 0.03105026 0.04859809 0.0200893  0.12039359
 0.03334217 0.03991077 0.02416375 0.05115903 0.01271815 0.03281156
 0.01396319 0.04261611 0.01271815]
[0.02349687 0.03067373 0.03840523 0.05265841 0.07953723 0.03230798
 0.01708792 0.06510797 0.05265841 0.03095546 0.01531084 0.02042851
 0.02060018 0.04844953 0.02562787 0.05200198 0.02303626 0.07496785
 0.0389451  0.03275954 0.03462233 0.05509905 0.01433496 0.03553605
 0.01531084 0.05574492 0.01433496]
[0.02814881 0.03536548 0.03707656 0.04317623 0.10898925 0.03986284
 0.01286181 0.05145926 0.04317623 0.03573721 0.01368322 0.01764921
 0.01522816 0.0299046  0.03225351 0.04173873 0.0227349  0.11566019
 0.03106944 0.0452554  0.02693366 0.05691081 0.00836116 0.04316502
 0.01368322 0.04155394 0.00836116]
[0.02437072 0.03327719 0.03816378 0.05483639 0.0893396  0.03710483
 0.01448373 0.05923868 0.05483639 0.03060034 0.01655562 0.01842199
 0.02186658 0.03280932 0.04084321 0.03775187 0.02027064 0.09520715
 0.03393173 0.04152633 0.02860395 0.05632323 0.0113582  0.03801298
 0.01655562 0.04235168 0.0113582 ]
[0.02539635 0.03647805 0.03647737 0.04934932 0.09391818 0.0338385
 0.01684782 0.05220465 0.04934932 0.02589317 0.01294817 0.02181402
 0.01777311 0.02796755 0.03208351 0.05709722 0.02194164 0.11276594
 0.03396688 0.04149034 0.02739756 0.06054634 0.01221782 0.03490701
 0.01294817 0.0401642  0.01221782]
[0.02751356 0.03066247 0.04609758 0.05550731 0.0862215  0.03505689
 0.01891611 0.06567903 0.05550731 0.02738257 0.01697867 0.02040051
 0.02166232 0.0406797  0.03039153 0.05529428 0.02390306 0.06679071
 0.03635976 0.02918552 0.03085879 0.0456528  0.01660978 0.03731091
 0.01697867 0.04578887 0.01660978]
[0.02164656 0.03482218 0.039846   0.05684965 0.09536599 0.03274808
 0.01334335 0.06500565 0.05684965 0.02791816 0.01223628 0.0172699
 0.01675788 0.03469719 0.0243386  0.0499194  0.01963262 0.13071093
 0.03216288 0.02947409 0.02406714 0.05436619 0.00969836 0.03582438
 0.01223628 0.04251418 0.00969835]
[0.02283662 0.02998061 0.04170927 0.05782283 0.0879419  0.03766063
 0.01658531 0.05040524 0.05782283 0.0309942  0.01279457 0.02603011
 0.0156749  0.04130593 0.02651873 0.05884757 0.02427588 0.0818626
 0.03638988 0.03144486 0.02913832 0.05075571 0.01248491 0.04962561
 0.01279457 0.04381147 0.01248491]
[0.02192719 0.0389364  0.04011772 0.04428141 0.08952337 0.02499952
 0.01369535 0.07277593 0.04428141 0.02514003 0.01299191 0.02169525
 0.02474278 0.0429481  0.03039417 0.04308616 0.02521717 0.11453795
 0.03806321 0.02957707 0.02523356 0.05574299 0.01206357 0.03159237
 0.01299191 0.05137993 0.01206357]
[0.02781717 0.04297627 0.0477352  0.05200312 0.09354348 0.03147913
 0.01832167 0.05662131 0.05200312 0.03067251 0.01789594 0.02084346
 0.01947706 0.03050468 0.03984731 0.04161033 0.02148739 0.09377374
 0.03228775 0.02908969 0.02388473 0.04949664 0.01498494 0.03918124
 0.01789594 0.03958128 0.01498494]
[0.0251909  0.03115882 0.04238749 0.04236608 0.08795428 0.02789312
 0.01828588 0.0592306  0.04236608 0.02897646 0.01592684 0.02151615
 0.02221914 0.03378094 0.02640868 0.05388158 0.02754723 0.10816143
 0.03833021 0.03817897 0.0285156  0.04721719 0.01230717 0.03902494
 0.01592684 0.05294018 0.01230717]
[0.02283662 0.02998061 0.04170927 0.05782284 0.08794189 0.03766062
 0.01658531 0.05040526 0.05782284 0.03099421 0.01279458 0.02603011
 0.0156749  0.04130594 0.02651873 0.05884758 0.02427588 0.08186259
 0.03638988 0.03144486 0.02913832 0.05075571 0.01248492 0.04962561
 0.01279457 0.04381147 0.01248492]]