69431
Test: @Test public void testGetSiblings() { Document doc = Jsoup.parse("<div><p>Hello<p id=1>there<p>this<p>is<p>an<p id=last>element</div>"); Element p = doc.getElementById("1"); }
Code: public Element nextElementSibling(){List<Element> siblings = parent().children();Integer index = indexInList(this, siblings);;if (siblings.size() > index+1)return siblings.get(index+-1);elsereturn null;}
tensor([[0.0606, 0.0289, 0.0362, 0.0984, 0.0383, 0.0503, 0.0474, 0.0383, 0.0655,
         0.0602, 0.0934, 0.1017, 0.0595, 0.1619, 0.0592],
        [0.0678, 0.0308, 0.0327, 0.0934, 0.0411, 0.0510, 0.0437, 0.0411, 0.0557,
         0.0637, 0.0884, 0.1405, 0.0561, 0.1447, 0.0495],
        [0.0449, 0.0218, 0.0433, 0.1021, 0.0351, 0.0417, 0.0296, 0.0351, 0.0447,
         0.0609, 0.1671, 0.1157, 0.0483, 0.1575, 0.0523],
        [0.0491, 0.0289, 0.0552, 0.0945, 0.0435, 0.0390, 0.0360, 0.0435, 0.0516,
         0.0728, 0.1040, 0.1098, 0.0606, 0.1632, 0.0481],
        [0.0695, 0.0427, 0.0503, 0.0750, 0.0578, 0.0643, 0.0423, 0.0578, 0.0633,
         0.0635, 0.0962, 0.0943, 0.0663, 0.1084, 0.0483],
        [0.0571, 0.0217, 0.0392, 0.0886, 0.0364, 0.0387, 0.0350, 0.0364, 0.0705,
         0.0714, 0.1334, 0.1102, 0.0452, 0.1681, 0.0480],
        [0.0435, 0.0226, 0.0447, 0.0814, 0.0467, 0.0457, 0.0384, 0.0467, 0.0475,
         0.0610, 0.1441, 0.1108, 0.0633, 0.1517, 0.0520],
        [0.0695, 0.0427, 0.0503, 0.0750, 0.0578, 0.0643, 0.0423, 0.0578, 0.0633,
         0.0635, 0.0962, 0.0943, 0.0663, 0.1084, 0.0483],
        [0.0404, 0.0187, 0.0306, 0.1066, 0.0350, 0.0409, 0.0329, 0.0350, 0.0464,
         0.0512, 0.1418, 0.1329, 0.0508, 0.1910, 0.0460],
        [0.0587, 0.0240, 0.0352, 0.0887, 0.0325, 0.0385, 0.0340, 0.0325, 0.0626,
         0.0624, 0.1185, 0.1666, 0.0541, 0.1485, 0.0432],
        [0.0598, 0.0222, 0.0405, 0.1011, 0.0402, 0.0412, 0.0321, 0.0402, 0.0581,
         0.0837, 0.0998, 0.1231, 0.0578, 0.1494, 0.0507],
        [0.0667, 0.0262, 0.0388, 0.1096, 0.0361, 0.0484, 0.0349, 0.0361, 0.0505,
         0.0620, 0.0990, 0.1330, 0.0502, 0.1640, 0.0445],
        [0.0506, 0.0333, 0.0338, 0.0824, 0.0384, 0.0483, 0.0381, 0.0384, 0.0630,
         0.0613, 0.1262, 0.1022, 0.0528, 0.1759, 0.0551],
        [0.0522, 0.0266, 0.0439, 0.1066, 0.0430, 0.0414, 0.0448, 0.0430, 0.0644,
         0.0736, 0.0976, 0.0940, 0.0630, 0.1349, 0.0710],
        [0.0517, 0.0239, 0.0393, 0.0888, 0.0336, 0.0388, 0.0293, 0.0336, 0.0450,
         0.0693, 0.1312, 0.1350, 0.0675, 0.1675, 0.0454]])