69337
Test: public void test63() throws Throwable { if (debug) System.out.format("%n%s%n", "RegressionTest0.test63"); org.jsoup.safety.Whitelist whitelist1 = org.jsoup.safety.Whitelist.simpleText(); boolean boolean2 = org.jsoup.Jsoup.isValid("hi!", whitelist1); org.jsoup.safety.Cleaner cleaner3 = new org.jsoup.safety.Cleaner(whitelist1); org.jsoup.nodes.Document document5 = org.jsoup.Jsoup.parse("[[hi!^=hi!]]"); org.jsoup.nodes.Document document6 = cleaner3.clean(document5); org.jsoup.nodes.Element element7 = document5.clone(); java.util.List<org.jsoup.nodes.Node> nodeList8 = document5.childNodes(); }
Code: public Document clean(Document dirtyDocument) { Validate.notNull(dirtyDocument); Document clean = Document.createShell(dirtyDocument.baseUri()); if (dirtyDocument.body() != null) copySafeNodes(dirtyDocument.body(), clean.body()); return clean; }
[[0.03710169 0.13522765 0.0372532  0.03731518 0.05793236 0.05835035
 0.13522765 0.09947066 0.02388531 0.07324988 0.10086784 0.0310731
 0.02133301 0.01877273 0.02366148 0.02021237 0.0418769  0.02952936
 0.01765925]
[0.03479787 0.14411919 0.03116295 0.03899959 0.07398541 0.05679191
 0.14411919 0.09830759 0.0202223  0.0622618  0.12186321 0.02313882
 0.01976305 0.015565   0.0169981  0.01675266 0.04207134 0.02565659
 0.01342346]
[0.03151973 0.1481092  0.03897708 0.0408699  0.04816348 0.06320386
 0.1481092  0.08844589 0.02177531 0.0696575  0.1114732  0.02846027
 0.01744461 0.01312199 0.02017328 0.0191642  0.04628335 0.03162436
 0.01342358]
[0.03494672 0.1184874  0.03977706 0.04528914 0.06503455 0.06284372
 0.1184874  0.06481729 0.03301606 0.07331769 0.11272151 0.03011309
 0.02376632 0.02595204 0.02385324 0.02569724 0.05347854 0.02769218
 0.02070884]
[0.04156516 0.12151053 0.0465871  0.0356058  0.07149088 0.05595257
 0.12151053 0.09205659 0.03481431 0.06394785 0.07097408 0.02968167
 0.03028239 0.02596432 0.02516009 0.02674295 0.04722655 0.03446322
 0.02446347]
[0.03244348 0.13122858 0.03979939 0.04304625 0.06467503 0.06421479
 0.13122858 0.0781938  0.02081702 0.06653775 0.11092423 0.02837003
 0.02319555 0.02358377 0.02227359 0.02467486 0.04609977 0.03113912
 0.01755437]
[0.03479787 0.14411919 0.03116295 0.03899959 0.07398541 0.05679191
 0.14411919 0.09830759 0.0202223  0.0622618  0.12186321 0.02313882
 0.01976305 0.015565   0.0169981  0.01675266 0.04207134 0.02565659
 0.01342346]
[0.038593   0.13446228 0.03971829 0.0450255  0.06706135 0.05527082
 0.13446228 0.09729965 0.02421558 0.06487808 0.09684042 0.02363537
 0.02126111 0.02112216 0.02984503 0.02428515 0.0384908  0.02426286
 0.01927026]
[0.04543395 0.10449271 0.03810434 0.04009477 0.05305929 0.06070167
 0.10449271 0.09433854 0.03817224 0.05730443 0.10091437 0.02995401
 0.03838732 0.02864682 0.03077799 0.03164254 0.05020052 0.03059356
 0.02268826]
[0.02354059 0.15033917 0.02942184 0.04716972 0.06679116 0.05731778
 0.15033917 0.0877644  0.02790003 0.07156868 0.11419533 0.02892208
 0.01423485 0.01321584 0.02049362 0.01642675 0.04732108 0.02054274
 0.01249519]
[0.02430148 0.16939995 0.03197637 0.03873221 0.06073512 0.05420251
 0.16939995 0.09428328 0.01984683 0.07020859 0.14062655 0.01867647
 0.01043045 0.00912168 0.01120014 0.01421472 0.03261126 0.02111302
 0.00891939]
[0.02998568 0.12725855 0.04710823 0.03423034 0.05152164 0.06641742
 0.12725855 0.07685135 0.02420273 0.09042583 0.12376997 0.02423412
 0.02707954 0.01521856 0.02043529 0.02153888 0.04797899 0.02940744
 0.01507689]
[0.02717803 0.1465619  0.02866062 0.06021891 0.07519294 0.05448966
 0.1465619  0.08569779 0.02352045 0.070747   0.11570784 0.02524483
 0.01255969 0.01394112 0.0193497  0.01652357 0.03926169 0.02594726
 0.01263516]
[0.03134364 0.12441909 0.03710936 0.03850631 0.07423669 0.06146117
 0.12441909 0.0933344  0.02052416 0.07310127 0.14126715 0.02854622
 0.0175111  0.01899252 0.01939591 0.02188857 0.0381787  0.02452468
 0.01123989]
[0.02897183 0.1511845  0.03308152 0.03860065 0.07426815 0.05001222
 0.1511845  0.08969428 0.01924303 0.06612273 0.11922567 0.02601334
 0.01377137 0.01188425 0.01961539 0.01631476 0.04727298 0.03282641
 0.01071242]
[0.03444672 0.13521037 0.04491185 0.03114974 0.06939857 0.06691272
 0.13521037 0.08291478 0.0231976  0.06278082 0.11706004 0.03750982
 0.01670833 0.01721917 0.0212802  0.02232806 0.0432039  0.0218279
 0.0167291 ]
[0.02696739 0.14811659 0.0360497  0.03328714 0.05724533 0.06459162
 0.14811659 0.10736361 0.02664062 0.07350444 0.10830414 0.02194081
 0.01718441 0.01550066 0.01716492 0.02205452 0.03837623 0.02213277
 0.01545849]
[0.02899624 0.13984166 0.03618756 0.03084566 0.06612428 0.06751863
 0.13984166 0.08619856 0.02846427 0.0651348  0.12228994 0.02839283
 0.01616143 0.01495077 0.01772958 0.01855325 0.05305713 0.02492957
 0.01478222]
[0.02870139 0.12827918 0.03593373 0.04223197 0.07476854 0.05147757
 0.12827918 0.08316714 0.02606281 0.07198085 0.11098647 0.03743662
 0.02107957 0.01795731 0.01902977 0.01609382 0.06297606 0.0275168
 0.01604124]]