68870
Test: @Test public void handlesFramesets() { String dirty = "<html><head><script></script><noscript></noscript></head><frameset><frame src=\"foo\" /><frame src=\"foo\" /></frameset></html>"; String clean = Jsoup.clean(dirty, Whitelist.basic()); Document dirtyDoc = Jsoup.parse(dirty); Document cleanDoc = new Cleaner(Whitelist.basic()).clean(dirtyDoc); }
Code: public Document clean(Document dirtyDocument) { Validate.notNull(dirtyDocument); Document clean = Document.createShell(dirtyDocument.baseUri()); copySafeNodes(dirtyDocument.body(), clean.body()); return clean; }
[[0.04492828 0.16244388 0.04454054 0.04551495 0.07120509 0.07053137
 0.16244388 0.1205532  0.02899105 0.08757682 0.02857253 0.02450756
 0.05084074 0.03573548 0.02161462]
[0.04270343 0.1744491  0.0376111  0.04851268 0.09293403 0.06876022
 0.1744491  0.11959687 0.02484163 0.07466039 0.02072919 0.02066113
 0.05186638 0.03147328 0.01675152]
[0.03798094 0.17820814 0.04597203 0.05031841 0.05987988 0.07595908
 0.17820814 0.10644272 0.02628327 0.0823126  0.02437613 0.02316681
 0.05630551 0.03807428 0.01651213]
[0.04319436 0.14625534 0.04844257 0.05696106 0.08216905 0.07797334
 0.14625534 0.08010776 0.04088238 0.08943779 0.02949012 0.03185406
 0.06664161 0.03428995 0.02604539]
[0.04941452 0.14392172 0.05482487 0.04243106 0.08574449 0.06619756
 0.14392172 0.10897747 0.0414229  0.0753946  0.02986551 0.03183321
 0.05604664 0.04077511 0.02922862]
[0.03989265 0.16066104 0.0481798  0.05346499 0.08121885 0.07850841
 0.16066104 0.09593758 0.02572971 0.08062471 0.02734191 0.03044292
 0.05707434 0.03834765 0.02191444]
[0.04270343 0.1744491  0.0376111  0.04851268 0.09293403 0.06876022
 0.1744491  0.11959687 0.02484163 0.07466039 0.02072919 0.02066113
 0.05186638 0.03147328 0.01675152]
[0.04614206 0.15981415 0.04710725 0.05423258 0.0811366  0.06603694
 0.15981415 0.11637986 0.02904738 0.07690151 0.03573122 0.02915942
 0.04622142 0.0290174  0.02325809]
[0.05665313 0.13026252 0.04759992 0.04991488 0.06600877 0.07570837
 0.13026252 0.11767007 0.04755431 0.07156923 0.03839203 0.03943073
 0.06256777 0.03815176 0.02825395]
[0.02839649 0.18083055 0.03503721 0.05748299 0.08186468 0.06868261
 0.18083055 0.10566574 0.03367177 0.08538603 0.02475372 0.01994156
 0.05738646 0.02482504 0.01524462]
[0.03493795 0.18227193 0.03977392 0.04670241 0.08996355 0.06021719
 0.18227193 0.10804546 0.02323817 0.07950103 0.02367926 0.01970062
 0.05711828 0.0396143  0.01296391]
[0.04259684 0.16643712 0.05453305 0.03868598 0.08706675 0.08222909
 0.16643712 0.10188597 0.0287426  0.07636853 0.02620937 0.02751382
 0.05350431 0.02692402 0.02086551]
[0.03236932 0.1762857  0.04282936 0.04014089 0.06932892 0.07706584
 0.1762857  0.12850039 0.03201469 0.08695049 0.0205606  0.02653377
 0.04595768 0.02648388 0.01869272]
[0.03576211 0.16888987 0.04335366 0.03849803 0.0840112  0.0815173
 0.16888987 0.1057637  0.03528579 0.07784767 0.0217643  0.02312086
 0.06611845 0.03057966 0.01859754]
[0.03546378 0.15787715 0.04481528 0.05137214 0.09039415 0.06342132
 0.15787715 0.10303706 0.03198729 0.08988747 0.02351343 0.01974481
 0.07723852 0.03388225 0.0194883 ]]