64843
Test: public void test368() throws Throwable { if (debug) System.out.format("%n%s%n", "RegressionTest0.test368"); com.fasterxml.jackson.core.sym.ByteQuadsCanonicalizer byteQuadsCanonicalizer0 = com.fasterxml.jackson.core.sym.ByteQuadsCanonicalizer.createRoot(); int int1 = byteQuadsCanonicalizer0.size(); java.lang.String[] strArray2 = byteQuadsCanonicalizer0._names; boolean boolean3 = byteQuadsCanonicalizer0._intern; int int6 = byteQuadsCanonicalizer0.calcHash(0, 0); int[] intArray7 = byteQuadsCanonicalizer0._hashArea; int int8 = byteQuadsCanonicalizer0.bucketCount(); boolean boolean9 = byteQuadsCanonicalizer0.maybeDirty(); boolean boolean10 = byteQuadsCanonicalizer0.maybeDirty(); byteQuadsCanonicalizer0._tertiaryShift = (-1); com.fasterxml.jackson.core.sym.ByteQuadsCanonicalizer byteQuadsCanonicalizer14 = byteQuadsCanonicalizer0.makeChild((-1697686643)); int int15 = byteQuadsCanonicalizer14.bucketCount(); }
Code: public int calcHash(int q1) { int hash = q1 ^ _seed; ; hash ^= (hash << 3); hash += (hash >>> 12); return hash; }
[[0.02333609 0.01314657 0.04634824 0.01055565 0.03926088 0.01314657
 0.06743433 0.01520348 0.07548927 0.03370641 0.04514726 0.01344763
 0.06743433 0.01817673 0.0796572  0.03548775 0.06769352 0.06743433
 0.04127375 0.0796572  0.01870948 0.05866966 0.02668821 0.03117061
 0.01172487]
[0.01547922 0.01000209 0.06039196 0.01158789 0.04179631 0.01000209
 0.06043239 0.01301266 0.07602926 0.02908907 0.03806944 0.01257947
 0.06043239 0.01962201 0.08637217 0.0291683  0.0549891  0.06043239
 0.0440956  0.08637217 0.02009367 0.09162301 0.02580406 0.03419881
 0.00832445]
[0.02814289 0.01203863 0.04673194 0.01632942 0.05719719 0.01203863
 0.0648051  0.02001122 0.0580392  0.02879805 0.04955197 0.01393966
 0.0648051  0.02201737 0.06681204 0.03111072 0.06858182 0.0648051
 0.05055568 0.06681204 0.02289321 0.03661622 0.04127126 0.04588409
 0.01021144]
[0.02556886 0.00985933 0.04540877 0.01294689 0.03626712 0.00985933
 0.05263379 0.01651784 0.07029679 0.02850946 0.04883032 0.01382778
 0.05263379 0.0225252  0.10019112 0.03477101 0.06822503 0.05263379
 0.04451033 0.10019112 0.02532054 0.05401143 0.03279838 0.03223493
 0.00942698]
[0.02826327 0.01280692 0.04431834 0.01803273 0.05277517 0.01280692
 0.06165222 0.02386132 0.05695548 0.03479963 0.04668511 0.01576776
 0.06165222 0.02789251 0.07888642 0.03670346 0.04273543 0.06165222
 0.04189502 0.07888642 0.02108837 0.04486278 0.03156882 0.0460132
 0.01743827]
[0.01547922 0.01000209 0.06039196 0.01158789 0.04179631 0.01000209
 0.06043239 0.01301266 0.07602926 0.02908907 0.03806944 0.01257947
 0.06043239 0.01962201 0.08637217 0.0291683  0.0549891  0.06043239
 0.0440956  0.08637217 0.02009367 0.09162301 0.02580406 0.03419881
 0.00832445]
[0.02696326 0.0141881  0.04515876 0.01476947 0.03977857 0.0141881
 0.06636254 0.01818856 0.06950157 0.03261576 0.04373687 0.01251391
 0.06636254 0.02280112 0.0723369  0.03316079 0.04974136 0.06636254
 0.04612806 0.0723369  0.02434839 0.06599412 0.02886595 0.04250433
 0.0110915 ]
[0.03006295 0.01748794 0.04677378 0.01682176 0.03822051 0.01748794
 0.05791386 0.02615391 0.06631252 0.03475287 0.05364687 0.01888547
 0.05791386 0.02929078 0.06854264 0.0413178  0.03955016 0.05791386
 0.04073583 0.06854264 0.02812952 0.04574165 0.03380731 0.04823079
 0.0157628 ]
[0.01498959 0.00585725 0.04482686 0.0110472  0.0397626  0.00585725
 0.06914302 0.0105601  0.0799789  0.02886313 0.03302211 0.0068145
 0.06914302 0.01242245 0.1065283  0.02606071 0.06549485 0.06914302
 0.05324151 0.1065283  0.01388298 0.06241476 0.02386136 0.03482478
 0.00573149]
[0.01991406 0.00724904 0.04736248 0.00998232 0.04814146 0.00724904
 0.05703957 0.0132776  0.07151544 0.02856372 0.03676345 0.00871351
 0.05703957 0.01558312 0.08668145 0.03152758 0.07219575 0.05703957
 0.05152288 0.08668145 0.02039076 0.07548109 0.03409722 0.04900359
 0.00698435]
[0.01649219 0.00916134 0.05204394 0.0128019  0.04132948 0.00916134
 0.05709988 0.01124842 0.07302076 0.0300331  0.04368886 0.01024356
 0.05709988 0.01961053 0.10024433 0.03487872 0.06863338 0.05709988
 0.04023759 0.10024433 0.01443253 0.07030208 0.02197758 0.04082655
 0.00808785]
[0.01431266 0.0084328  0.06652519 0.0115417  0.05357135 0.0084328
 0.05049047 0.01297792 0.074601   0.0312181  0.03887191 0.00954491
 0.05049047 0.01648594 0.08467365 0.02853078 0.07227104 0.05049047
 0.0426439  0.08467365 0.01742283 0.09124058 0.02919971 0.04510398
 0.00625215]
[0.02696326 0.0141881  0.04515876 0.01476947 0.03977857 0.0141881
 0.06636254 0.01818856 0.06950157 0.03261576 0.04373687 0.01251391
 0.06636254 0.02280112 0.0723369  0.03316079 0.04974136 0.06636254
 0.04612806 0.0723369  0.02434839 0.06599412 0.02886595 0.04250433
 0.0110915 ]
[0.023613   0.01072371 0.04337613 0.01385159 0.04703744 0.01072371
 0.06192797 0.0145255  0.05871913 0.02953253 0.04856984 0.01146831
 0.06192797 0.02155723 0.10054538 0.03637337 0.05849266 0.06192797
 0.03704185 0.10054538 0.01512828 0.04763128 0.02664113 0.04505256
 0.01306611]
[0.02081485 0.00942006 0.04598084 0.00800355 0.03603714 0.00942006
 0.06063196 0.01299746 0.08450946 0.02823596 0.04641447 0.00908129
 0.06063196 0.01890645 0.08369632 0.03756666 0.07467405 0.06063196
 0.04876327 0.08369632 0.01814643 0.08014252 0.02133305 0.03245042
 0.00781345]
[0.01877255 0.01197698 0.0480197  0.01182538 0.05510136 0.01197698
 0.06088947 0.01804245 0.06527783 0.03480657 0.04516808 0.01389614
 0.06088947 0.026561   0.071292   0.04424165 0.04988766 0.06088947
 0.04050219 0.071292   0.02027477 0.06289793 0.02663858 0.05879455
 0.01008526]
[0.01033028 0.00706827 0.050524   0.0072088  0.03678219 0.00706827
 0.05763084 0.01019039 0.08810976 0.02226964 0.03041532 0.00823013
 0.05763084 0.01181872 0.09477445 0.02465948 0.08016277 0.05763084
 0.05902283 0.09477445 0.01861778 0.10421506 0.02208344 0.03327529
 0.00550616]
[0.02696326 0.0141881  0.04515876 0.01476947 0.03977857 0.0141881
 0.06636254 0.01818856 0.06950157 0.03261576 0.04373687 0.01251391
 0.06636254 0.02280112 0.0723369  0.03316079 0.04974136 0.06636254
 0.04612806 0.0723369  0.02434839 0.06599412 0.02886595 0.04250433
 0.0110915 ]
[0.02199318 0.01055114 0.04731473 0.0136068  0.05157785 0.01055114
 0.07302141 0.01343652 0.06428873 0.02999954 0.03216967 0.01107126
 0.07302141 0.02105434 0.07215545 0.03172483 0.06685995 0.07302141
 0.05004188 0.07215545 0.02247404 0.05493445 0.02146786 0.05224123
 0.00926571]
[0.02081485 0.00942006 0.04598084 0.00800355 0.03603714 0.00942006
 0.06063196 0.01299746 0.08450946 0.02823596 0.04641447 0.00908129
 0.06063196 0.01890645 0.08369632 0.03756666 0.07467405 0.06063196
 0.04876327 0.08369632 0.01814643 0.08014252 0.02133305 0.03245042
 0.00781345]
[0.01887811 0.00865755 0.04813046 0.01195744 0.03762671 0.00865755
 0.05779509 0.01484438 0.05873185 0.02612941 0.0417354  0.00872324
 0.05779509 0.01795078 0.09419103 0.03558235 0.07614043 0.05779509
 0.04563135 0.09419103 0.01735528 0.07908485 0.03070082 0.03982004
 0.01189471]
[0.02112614 0.01206512 0.04544833 0.01213619 0.05374585 0.01206512
 0.06648741 0.0131557  0.06053351 0.02391254 0.04304325 0.01199988
 0.06648741 0.0173262  0.10306941 0.03612971 0.05668219 0.06648741
 0.03468832 0.10306941 0.02251217 0.04301073 0.02430758 0.03890256
 0.01160785]
[0.01639653 0.00847355 0.05090496 0.01026125 0.03887914 0.00847355
 0.05457437 0.01644627 0.07400703 0.02595423 0.03908069 0.0097141
 0.05457437 0.01807057 0.0989889  0.03549452 0.07320773 0.05457437
 0.05241664 0.0989889  0.02115847 0.06974216 0.02263427 0.0366749
 0.01030853]
[0.02391317 0.00995309 0.05016166 0.01460418 0.04181195 0.00995309
 0.06255378 0.01469298 0.06128576 0.03748641 0.04187366 0.01141389
 0.06255378 0.02225581 0.07762886 0.02977024 0.06437144 0.06255378
 0.05210325 0.07762886 0.01834011 0.06995855 0.02497155 0.04676387
 0.01139637]
[0.01630483 0.01206461 0.04528403 0.01480384 0.04823407 0.01206461
 0.06726073 0.01543145 0.07394291 0.0258381  0.04511168 0.0131651
 0.06726073 0.02131454 0.05816878 0.02979378 0.08223768 0.06726073
 0.03859413 0.05816878 0.01699336 0.07295875 0.03744053 0.05022763
 0.01007455]]