17172
Test: public void testProxiedFunctionTypeRelationships() { FunctionType dateMethodEmpty = new FunctionBuilder(registry) .withParamsNode(registry.createParameters()) .withTypeOfThis(DATE_TYPE).build().toMaybeFunctionType(); FunctionType dateMethodWithParam = new FunctionBuilder(registry) .withParamsNode(registry.createParameters(NUMBER_TYPE)) .withTypeOfThis(DATE_TYPE).build().toMaybeFunctionType(); ProxyObjectType proxyDateMethodEmpty = new ProxyObjectType(registry, dateMethodEmpty); ProxyObjectType proxyDateMethodWithParam = new ProxyObjectType(registry, dateMethodWithParam); }
Code: public JSType build() { if (isEmpty) { return registry.getNativeObjectType(JSTypeNative.OBJECT_TYPE); } return new RecordType( registry, Collections.unmodifiableMap(properties)); }
[[0.03657979 0.08756325 0.01627987 0.05378801 0.09910981 0.05085288
 0.05378801 0.04087662 0.07643098 0.01668239 0.04087662 0.01810305
 0.04011358 0.06772054 0.28455216 0.01668239]
[0.02447768 0.10418551 0.02006184 0.05801013 0.09952223 0.0592659
 0.05801013 0.04060744 0.08221918 0.0132318  0.04060744 0.01885888
 0.03202275 0.05652579 0.27916148 0.0132318 ]
[0.02904659 0.10637771 0.02084325 0.04895215 0.09035018 0.05610792
 0.04895215 0.03929808 0.07968192 0.014332   0.03929808 0.01612302
 0.02885193 0.05478765 0.3126654  0.014332  ]
[0.04288941 0.06110033 0.02516383 0.0692424  0.07383067 0.05049334
 0.0692424  0.04932264 0.06949455 0.02436907 0.04932264 0.02388867
 0.04692575 0.07047869 0.24986646 0.02436907]
[0.01718292 0.09896675 0.01098806 0.0470404  0.10096395 0.04113243
 0.0470404  0.02331443 0.06129394 0.00677099 0.02331443 0.00709426
 0.01689799 0.07805823 0.41316983 0.00677099]
[0.0286909  0.08593354 0.01508498 0.05433745 0.11046056 0.05268315
 0.05433745 0.03527935 0.07909488 0.01740495 0.03527935 0.01719845
 0.03325598 0.081749   0.281805   0.01740495]
[0.04288941 0.06110033 0.02516383 0.0692424  0.07383067 0.05049334
 0.0692424  0.04932264 0.06949455 0.02436907 0.04932264 0.02388867
 0.04692575 0.07047869 0.24986646 0.02436907]
[0.02176156 0.08158511 0.01665488 0.04903068 0.08556707 0.04111608
 0.04903068 0.03048132 0.05851326 0.01310766 0.03048132 0.01262838
 0.02900551 0.06963693 0.39829183 0.01310766]
[0.02471594 0.09959273 0.01802894 0.07076602 0.10335845 0.05243854
 0.07076602 0.04521979 0.062336   0.01324592 0.04521979 0.01844767
 0.03403773 0.05250013 0.27608034 0.01324592]
[0.0259963  0.09016825 0.02276137 0.06383151 0.09967259 0.05982997
 0.06383151 0.05591609 0.07933772 0.01387972 0.05591609 0.01455418
 0.0398456  0.05754413 0.24303526 0.01387972]
[0.02176156 0.08158511 0.01665488 0.04903068 0.08556707 0.04111608
 0.04903068 0.03048132 0.05851326 0.01310766 0.03048132 0.01262838
 0.02900551 0.06963693 0.39829183 0.01310766]
[0.03022066 0.07972038 0.0203345  0.06024605 0.09937795 0.05555323
 0.06024605 0.04267134 0.05846957 0.01710215 0.04267134 0.01901127
 0.03448775 0.04526847 0.3175171  0.01710215]
[0.02853752 0.10287807 0.01794012 0.05669484 0.0838176  0.04920223
 0.05669484 0.03745563 0.07869068 0.01367052 0.03745563 0.01862259
 0.03122679 0.06606074 0.30738175 0.01367052]
[0.02983646 0.09452377 0.02101551 0.06767378 0.09007847 0.04897388
 0.06767378 0.03710949 0.06704932 0.01919918 0.03710949 0.02001363
 0.03142401 0.06267168 0.28644833 0.01919918]
[0.02766527 0.11982438 0.01848965 0.04311004 0.10930435 0.05225651
 0.04311004 0.03593803 0.07048756 0.01472667 0.03593803 0.01289579
 0.0321679  0.07944879 0.28991038 0.01472667]
[0.0259963  0.09016825 0.02276137 0.06383151 0.09967259 0.05982997
 0.06383151 0.05591609 0.07933772 0.01387972 0.05591609 0.01455418
 0.0398456  0.05754413 0.24303526 0.01387972]]