69430
Test: @Test public void testGetSiblings() { Document doc = Jsoup.parse("<div><p>Hello<p id=1>there<p>this<p>is<p>an<p id=last>element</div>"); Element p = doc.getElementById("1"); }
Code: public Element nextElementSibling(){List<Element> siblings = parent().children();Integer index = indexInList(this, siblings);;if (siblings.size() > index+-1)return siblings.get(index+0);elsereturn null;}
[[0.05169386 0.02162081 0.02522933 0.09129447 0.03369028 0.04781351
 0.03734939 0.03369028 0.05640672 0.05177907 0.0882402  0.07986305
 0.05609892 0.27987787 0.04535222]
[0.05483615 0.02046208 0.01872462 0.07215241 0.03343646 0.04474824
 0.03117854 0.03343646 0.04732465 0.04965072 0.08164803 0.08681288
 0.06665117 0.32418683 0.03475072]
[0.03236902 0.01127933 0.02044967 0.07023117 0.02537372 0.03555969
 0.01860586 0.02537372 0.03484721 0.0398402  0.16499555 0.06241328
 0.04415176 0.38275918 0.03175065]
[0.0413033  0.02098673 0.03688215 0.08157034 0.03928553 0.03651023
 0.02998832 0.03928553 0.04714061 0.06099693 0.1062194  0.08198726
 0.06099665 0.2784714  0.03837557]
[0.06176364 0.03533551 0.04154133 0.06816076 0.05309173 0.05996947
 0.03773677 0.05309173 0.05681329 0.05637076 0.09208702 0.08164123
 0.05975868 0.20018294 0.04245515]
[0.04406112 0.01355113 0.02109116 0.07104196 0.02815921 0.03378625
 0.0249275  0.02815921 0.05783716 0.05079112 0.13240111 0.06983723
 0.04897337 0.34284425 0.03253827]
[0.03129859 0.0137061  0.0237305  0.06041269 0.03343659 0.03827624
 0.02717851 0.03343659 0.03980386 0.0455615  0.13886362 0.06522118
 0.04579104 0.37045634 0.03282669]
[0.06176364 0.03533551 0.04154133 0.06816076 0.05309173 0.05996947
 0.03773677 0.05309173 0.05681329 0.05637076 0.09208702 0.08164123
 0.05975868 0.20018294 0.04245515]
[0.02641955 0.00931142 0.0130458  0.07520892 0.02479106 0.03394248
 0.02238576 0.02479106 0.04144898 0.03571744 0.14785264 0.06367786
 0.0427446  0.4102073  0.02845514]
[0.04760447 0.01574987 0.02157194 0.07229313 0.02899011 0.03396808
 0.02853313 0.02899011 0.05455223 0.05262758 0.12057588 0.11108641
 0.0562587  0.29443198 0.03276641]
[0.04488658 0.01326822 0.02144571 0.07347237 0.032453   0.03443741
 0.0244153  0.032453   0.0487561  0.06385456 0.09558304 0.07013907
 0.0551757  0.35707822 0.03258166]
[0.05631758 0.01805786 0.02402762 0.09595994 0.03099453 0.04741637
 0.02705117 0.03099453 0.04555916 0.052361   0.10112223 0.09096364
 0.05992884 0.2855926  0.03365297]
[0.04138166 0.01618308 0.02456818 0.09517211 0.03649566 0.04187825
 0.02436232 0.03649566 0.04770064 0.05198603 0.11609623 0.07029618
 0.05252546 0.31117362 0.03368492]
[0.05400578 0.02205316 0.02553313 0.06224757 0.03532815 0.05319075
 0.03843    0.03532815 0.05417547 0.05630123 0.11059111 0.07610691
 0.06720927 0.26333636 0.04616296]
[0.04349547 0.01494787 0.02205617 0.06798261 0.02881331 0.0359877
 0.02375496 0.02881331 0.03944644 0.05283985 0.13804369 0.08184077
 0.04168158 0.3468131  0.0334832 ]]