66944
Test: public void testJackson628() throws Exception { ObjectMapper mapper = new ObjectMapper(); mapper.enableDefaultTyping(DefaultTyping.NON_FINAL); ArrayList<Foo> data = new ArrayList<Foo>(); String json = mapper.writeValueAsString(data); List<?> output = mapper.readValue(json, List.class); }
Code: public boolean isEmpty(Object value) { Object delegateValue = convertValue(value); return _delegateSerializer.isEmpty(delegateValue); }
tensor([[0.0583, 0.1268, 0.0898, 0.0591, 0.0965, 0.0454, 0.1450, 0.0379, 0.0737,
         0.0665, 0.1722, 0.0289],
        [0.0384, 0.1608, 0.0688, 0.0411, 0.1203, 0.0305, 0.1805, 0.0305, 0.0521,
         0.0709, 0.1848, 0.0215],
        [0.0533, 0.1467, 0.0662, 0.0479, 0.1442, 0.0499, 0.1493, 0.0414, 0.0642,
         0.0679, 0.1437, 0.0252],
        [0.0488, 0.1182, 0.0778, 0.0468, 0.1044, 0.0323, 0.1757, 0.0337, 0.0637,
         0.0639, 0.2111, 0.0237],
        [0.0568, 0.1095, 0.0925, 0.0546, 0.1045, 0.0338, 0.1370, 0.0479, 0.0826,
         0.0637, 0.1824, 0.0347],
        [0.0478, 0.1385, 0.0617, 0.0380, 0.1260, 0.0319, 0.2006, 0.0364, 0.0616,
         0.0582, 0.1772, 0.0220],
        [0.0452, 0.1420, 0.0686, 0.0465, 0.1219, 0.0337, 0.1860, 0.0363, 0.0736,
         0.0594, 0.1493, 0.0373],
        [0.0672, 0.1267, 0.1004, 0.0686, 0.0845, 0.0457, 0.1305, 0.0582, 0.0760,
         0.0754, 0.1317, 0.0350],
        [0.0458, 0.1521, 0.0823, 0.0437, 0.1057, 0.0332, 0.1558, 0.0364, 0.0692,
         0.0629, 0.1914, 0.0215],
        [0.0370, 0.1430, 0.0937, 0.0440, 0.0877, 0.0354, 0.1722, 0.0372, 0.0555,
         0.0512, 0.2199, 0.0233],
        [0.0438, 0.1621, 0.0876, 0.0407, 0.0926, 0.0279, 0.2191, 0.0301, 0.0534,
         0.0498, 0.1697, 0.0233],
        [0.0373, 0.1167, 0.0681, 0.0415, 0.1180, 0.0405, 0.1725, 0.0362, 0.0720,
         0.0879, 0.1850, 0.0243]])