16339
Test: public void test13666() throws Exception { Options options = new Options(); Option dir = OptionBuilder.withDescription( "dir" ).hasArg().create( 'd' ); options.addOption( dir ); final PrintStream oldSystemOut = System.out; try { final ByteArrayOutputStream bytes = new ByteArrayOutputStream(); final PrintStream print = new PrintStream(bytes); print.println(); final String eol = bytes.toString(); bytes.reset(); System.setOut(new PrintStream(bytes)); HelpFormatter formatter = new HelpFormatter(); formatter.printHelp( "dir", options ); } finally { System.setOut(oldSystemOut); } }
Code: private static void reset(){description = null;argName = null;longopt = null;type = null;required = true;;optionalArg = false;valuesep = (char) -1;}
[[0.06420837 0.0982687  0.03321813 0.09548922 0.0252261  0.08783011
 0.0252261  0.04917186 0.0252261  0.04312368 0.0252261  0.02111179
 0.0252261  0.03029156 0.0252261  0.05639477 0.0252261  0.03792291
 0.20638606]
[0.04702743 0.12044692 0.02949758 0.09497404 0.02613486 0.06595684
 0.02613486 0.04037942 0.02613486 0.03925092 0.02613486 0.02277912
 0.02613486 0.03149032 0.02613486 0.04983147 0.02613486 0.0362925
 0.23912944]
[0.04075649 0.11378959 0.02629213 0.08719332 0.02412921 0.0702391
 0.02412921 0.04514074 0.02412921 0.02714455 0.02412921 0.01732039
 0.02412921 0.03257279 0.02412921 0.05073553 0.0241292  0.03410888
 0.285802  ]
[0.04454628 0.12645356 0.01994323 0.1153258  0.02392119 0.08289561
 0.02392119 0.03835239 0.02392119 0.02896631 0.02392119 0.01821429
 0.02392119 0.02579557 0.02392119 0.04356561 0.02392119 0.02481936
 0.26367366]
[0.05503046 0.11024828 0.0362822  0.06518477 0.03694454 0.06555845
 0.03694454 0.04540303 0.03694454 0.05178545 0.03694454 0.03109454
 0.03694454 0.03140902 0.03694454 0.05707387 0.03694454 0.04108456
 0.15123352]
[0.05298944 0.11125241 0.03330923 0.10269662 0.02828861 0.06986385
 0.02828861 0.03803269 0.02828861 0.03719143 0.02828861 0.02429644
 0.02828861 0.03355927 0.02828861 0.06939896 0.0282886  0.03860277
 0.19078669]
[0.05503046 0.11024828 0.0362822  0.06518477 0.03694454 0.06555845
 0.03694454 0.04540303 0.03694454 0.05178545 0.03694454 0.03109454
 0.03694454 0.03140902 0.03694454 0.05707387 0.03694454 0.04108456
 0.15123352]
[0.04639101 0.12815851 0.0308036  0.08970365 0.02619064 0.08316499
 0.02619064 0.04250017 0.02619064 0.0355797  0.02619064 0.02382814
 0.02619064 0.04228276 0.02619064 0.05843433 0.02619064 0.03840441
 0.19741425]
[0.05503046 0.11024828 0.0362822  0.06518477 0.03694454 0.06555845
 0.03694454 0.04540303 0.03694454 0.05178545 0.03694454 0.03109454
 0.03694454 0.03140902 0.03694454 0.05707387 0.03694454 0.04108456
 0.15123352]
[0.04496308 0.08639851 0.03019391 0.10062443 0.02385368 0.09097998
 0.02385368 0.04304049 0.02385368 0.03240152 0.02385368 0.01796311
 0.02385368 0.0260841  0.02385368 0.04301843 0.02385368 0.03113654
 0.28622016]
[0.05503046 0.11024828 0.0362822  0.06518477 0.03694454 0.06555845
 0.03694454 0.04540303 0.03694454 0.05178545 0.03694454 0.03109454
 0.03694454 0.03140902 0.03694454 0.05707387 0.03694454 0.04108456
 0.15123352]
[0.04791148 0.12021986 0.02887966 0.10775952 0.02805905 0.06869041
 0.02805905 0.04430664 0.02805905 0.03391341 0.02805905 0.02312679
 0.02805905 0.02810121 0.02805905 0.06059735 0.02805905 0.03220594
 0.20787433]
[0.05503046 0.11024828 0.0362822  0.06518477 0.03694454 0.06555845
 0.03694454 0.04540303 0.03694454 0.05178545 0.03694454 0.03109454
 0.03694454 0.03140902 0.03694454 0.05707387 0.03694454 0.04108456
 0.15123352]
[0.03916288 0.10039896 0.03068023 0.10336849 0.02519789 0.08670784
 0.02519789 0.0444639  0.02519789 0.03099453 0.02519789 0.02194103
 0.02519789 0.03603869 0.02519789 0.0506806  0.02519788 0.03413887
 0.24503884]
[0.05503046 0.11024828 0.0362822  0.06518477 0.03694454 0.06555845
 0.03694454 0.04540303 0.03694454 0.05178545 0.03694454 0.03109454
 0.03694454 0.03140902 0.03694454 0.05707387 0.03694454 0.04108456
 0.15123352]
[0.03756513 0.11635649 0.02960758 0.0953169  0.02678232 0.08868129
 0.02678232 0.04949621 0.02678232 0.03371471 0.02678232 0.0187723
 0.02678232 0.02636407 0.02678232 0.05679825 0.02678232 0.02743446
 0.23241636]
[0.05503047 0.1102483  0.0362822  0.06518476 0.03694454 0.06555843
 0.03694454 0.04540303 0.03694454 0.05178545 0.03694454 0.03109454
 0.03694454 0.03140902 0.03694454 0.05707387 0.03694454 0.04108455
 0.15123358]
[0.047305   0.11993662 0.02392621 0.09917638 0.02283509 0.06176549
 0.02283509 0.04698977 0.02283509 0.0265828  0.02283509 0.01474028
 0.02283509 0.02915557 0.02283509 0.05885844 0.02283509 0.03379308
 0.27792463]
[0.0526719  0.13371263 0.02653238 0.0988569  0.02601577 0.06859676
 0.02601577 0.03733317 0.02601577 0.03233493 0.02601577 0.01826249
 0.02601577 0.03556917 0.02601577 0.04396313 0.02601578 0.02702115
 0.243035  ]]