101476
Test: public void test_roundFloor_long() { BaseDateTimeField field = new MockPreciseDurationDateTimeField(); }
Code: public long roundFloor(long instant){if (false) {int offset = getOffsetToAdd(instant);instant = iField.roundFloor(instant + offset);return instant - offset;} else {long localInstant = iZone.convertUTCToLocal(instant);;return iZone.convertLocalToUTC(localInstant, false);}}
[[0.03518554 0.05558363 0.05657365 0.04379326 0.02255336 0.07934485
 0.05281138 0.02267473 0.04105074 0.02267473 0.02550622 0.02870096
 0.0427688  0.0370225  0.10359289 0.0355348  0.0456662  0.07942495
 0.01988659 0.02267473 0.04237533 0.0457439  0.0388563 ]
[0.02612659 0.0488914  0.04843469 0.04627209 0.01792615 0.09755801
 0.04609633 0.02034162 0.05139498 0.02034162 0.02039095 0.03239875
 0.05326319 0.03418336 0.1190626  0.02666965 0.04572107 0.08460465
 0.0113389  0.02034162 0.0431907  0.06310204 0.02234911]
[0.03774045 0.05384049 0.04840442 0.03493362 0.01836763 0.09245068
 0.05384811 0.02409234 0.03725317 0.02409234 0.02200877 0.02822087
 0.04984291 0.03438811 0.13014781 0.02695601 0.05697696 0.05639155
 0.01678259 0.02409234 0.04383864 0.05584596 0.0294842 ]
[0.03043406 0.04865393 0.04870648 0.0525599  0.02603402 0.06881398
 0.06121121 0.02317702 0.0292617  0.02317702 0.02485462 0.03085349
 0.05317629 0.02944791 0.11294503 0.02877399 0.05720051 0.06525551
 0.01825974 0.02317702 0.0471464  0.06977595 0.02710425]
[0.02828596 0.03773786 0.04647587 0.04536517 0.01848966 0.09920487
 0.06583547 0.02215549 0.03834296 0.02215549 0.02303307 0.03220467
 0.05243386 0.02839753 0.12269486 0.02313702 0.04729739 0.06517141
 0.0160479  0.02215549 0.05362064 0.06283729 0.02692011]
[0.02747318 0.04231081 0.04345402 0.03551047 0.01617684 0.10635528
 0.06041192 0.0210726  0.03954715 0.0210726  0.02325718 0.02994232
 0.03891317 0.02940388 0.14244844 0.0259106  0.0528132  0.06519319
 0.01726014 0.02107261 0.05581359 0.06231062 0.02227614]
[0.02750376 0.04121237 0.04856642 0.04851922 0.02120719 0.07846576
 0.05902763 0.02785254 0.03443652 0.02785254 0.02533523 0.02919587
 0.04724131 0.03634831 0.11858834 0.02132993 0.04528604 0.06721311
 0.01595188 0.02785254 0.06341567 0.06143402 0.02616378]
[0.03953446 0.04865608 0.05223776 0.03797042 0.03102699 0.06873154
 0.05466696 0.03322474 0.03836894 0.03322474 0.03290084 0.03534604
 0.04351852 0.02899262 0.08478876 0.03666024 0.04771639 0.05343044
 0.02216342 0.03322474 0.05121435 0.05507476 0.0373263 ]
[0.03087198 0.04200326 0.05136914 0.0401315  0.02080261 0.11615431
 0.05351437 0.02717556 0.03364965 0.02717556 0.02790232 0.02609681
 0.04147932 0.03082542 0.10954384 0.02996721 0.04460578 0.06985277
 0.01660143 0.02717556 0.04866543 0.05648635 0.02794982]
[0.03953446 0.04865608 0.05223776 0.03797042 0.03102699 0.06873154
 0.05466696 0.03322474 0.03836894 0.03322474 0.03290084 0.03534604
 0.04351852 0.02899262 0.08478876 0.03666024 0.04771639 0.05343044
 0.02216342 0.03322474 0.05121435 0.05507476 0.0373263 ]
[0.03416361 0.0539929  0.04696265 0.04682196 0.01928945 0.08686449
 0.05315825 0.02421474 0.03986445 0.02421474 0.02503311 0.02463564
 0.04385332 0.03293816 0.12840252 0.02533979 0.05178264 0.07224417
 0.01523875 0.02421474 0.04527482 0.05340452 0.02809059]
[0.03570625 0.05671266 0.03859609 0.04479738 0.02582588 0.0754627
 0.05446918 0.02602083 0.03582901 0.02602083 0.03344084 0.03115141
 0.04445028 0.02790487 0.12735471 0.02503323 0.04672288 0.05461197
 0.01691904 0.02602084 0.05394145 0.06549681 0.02751087]
[0.02604979 0.05188622 0.04541259 0.06459381 0.02192248 0.07039171
 0.05483111 0.02513194 0.03890712 0.02513194 0.0248599  0.03227421
 0.04676689 0.03343864 0.10487887 0.03155547 0.04854168 0.06315688
 0.01818016 0.02513194 0.05231987 0.06920775 0.02542901]
[0.03475479 0.05221924 0.05044607 0.04235477 0.02659097 0.0972545
 0.04980911 0.0239276  0.03870652 0.0239276  0.02177043 0.02938394
 0.03965614 0.03474692 0.1121197  0.02617086 0.05584728 0.07099462
 0.01651915 0.0239276  0.03738866 0.05761635 0.03386725]
[0.03828983 0.04521018 0.04537666 0.04558768 0.02794429 0.08761966
 0.05309335 0.02799013 0.05280547 0.02799013 0.0267482  0.02927579
 0.04993151 0.03036974 0.08750159 0.0265876  0.03503165 0.08291173
 0.0202045  0.02799013 0.04319574 0.05265489 0.03568961]
[0.04131361 0.05328251 0.04385965 0.03705651 0.02705387 0.08547361
 0.05303296 0.02887536 0.0336615  0.02887536 0.02465454 0.0281555
 0.05537969 0.03959353 0.12774786 0.02739651 0.0414801  0.05475806
 0.01564445 0.02887537 0.04611056 0.0512399  0.02647892]
[0.03015534 0.05338061 0.04145535 0.04413751 0.02043523 0.09587468
 0.05812176 0.02177276 0.03633123 0.02177276 0.02560136 0.02870152
 0.04386459 0.0293537  0.12121338 0.02702531 0.05403902 0.06783553
 0.01678655 0.02177276 0.04924134 0.06069899 0.03042866]
[0.03724988 0.05022548 0.04767818 0.0471016  0.01996978 0.09748389
 0.0460487  0.02378936 0.03593446 0.02378936 0.02453933 0.02766991
 0.04873371 0.03077634 0.10461041 0.03235247 0.0557431  0.06636658
 0.01488533 0.02378937 0.04083837 0.06566224 0.03476219]
[0.03513743 0.05830041 0.05420922 0.03902108 0.02458788 0.09211749
 0.05957135 0.02400412 0.0406842  0.02400412 0.02893053 0.03011788
 0.05253644 0.03251373 0.08903005 0.03074333 0.04871548 0.06423324
 0.01633863 0.02400412 0.04223232 0.05839631 0.03057073]
[0.03953446 0.04865608 0.05223776 0.03797042 0.03102699 0.06873154
 0.05466696 0.03322474 0.03836894 0.03322474 0.03290084 0.03534604
 0.04351852 0.02899262 0.08478876 0.03666024 0.04771639 0.05343044
 0.02216342 0.03322474 0.05121435 0.05507476 0.0373263 ]
[0.03585484 0.06036547 0.04889231 0.0461981  0.02347159 0.07084927
 0.06346756 0.02473248 0.03365459 0.02473248 0.0241763  0.02604602
 0.0519226  0.03204264 0.12248299 0.02377285 0.04088252 0.05837759
 0.01975065 0.02473248 0.05399001 0.05434312 0.03526148]
[0.02983679 0.06449249 0.03855232 0.04010715 0.02872181 0.07932894
 0.05518035 0.02548129 0.02992732 0.02548129 0.01756158 0.02982345
 0.04950083 0.02930069 0.12680629 0.02399731 0.0646873  0.06455778
 0.01352053 0.02548129 0.05266667 0.05876802 0.02621847]
[0.03033267 0.05082853 0.04201693 0.04980235 0.02423454 0.0880613
 0.0461447  0.02753679 0.03585088 0.02753679 0.0288085  0.03862736
 0.06047125 0.02832663 0.10359585 0.02468862 0.0471061  0.06465529
 0.01724126 0.02753679 0.05585323 0.04725278 0.03349086]]