15104
Test: public void testCanProcess_TooShort() { final Option option = new PropertyOption(); }
Code: public WriteableCommandLineImpl(final Option rootOption, final List arguments) { this.prefixes = rootOption.getPrefixes(); this.normalised = arguments; setCurrentOption(rootOption); }
tensor([[0.0472, 0.0716, 0.1240, 0.0607, 0.0377, 0.0654, 0.0593, 0.0611, 0.1003,
         0.0296, 0.1162, 0.0350, 0.0296, 0.0713, 0.0714, 0.0197],
        [0.0348, 0.0607, 0.1296, 0.0483, 0.0271, 0.0560, 0.0488, 0.0763, 0.1056,
         0.0234, 0.1875, 0.0271, 0.0234, 0.0643, 0.0780, 0.0093],
        [0.0412, 0.0545, 0.1056, 0.0509, 0.0354, 0.0670, 0.0652, 0.0792, 0.0834,
         0.0357, 0.1479, 0.0300, 0.0357, 0.0791, 0.0718, 0.0174],
        [0.0540, 0.0689, 0.1066, 0.0597, 0.0417, 0.0845, 0.0684, 0.0705, 0.0827,
         0.0357, 0.1058, 0.0363, 0.0357, 0.0629, 0.0656, 0.0211],
        [0.0428, 0.0587, 0.1105, 0.0456, 0.0284, 0.0596, 0.0531, 0.0712, 0.0837,
         0.0331, 0.1920, 0.0313, 0.0331, 0.0712, 0.0715, 0.0141],
        [0.0386, 0.0610, 0.1166, 0.0535, 0.0340, 0.0631, 0.0455, 0.0820, 0.0823,
         0.0278, 0.1855, 0.0233, 0.0278, 0.0724, 0.0699, 0.0165],
        [0.0396, 0.0748, 0.1028, 0.0493, 0.0357, 0.0713, 0.0586, 0.0899, 0.0796,
         0.0288, 0.1447, 0.0250, 0.0288, 0.0764, 0.0791, 0.0154],
        [0.0470, 0.0581, 0.1134, 0.0545, 0.0459, 0.0654, 0.0689, 0.0682, 0.0791,
         0.0388, 0.1118, 0.0253, 0.0388, 0.0830, 0.0765, 0.0252],
        [0.0404, 0.0638, 0.1048, 0.0488, 0.0405, 0.0627, 0.0552, 0.0819, 0.1012,
         0.0278, 0.1506, 0.0332, 0.0278, 0.0683, 0.0780, 0.0151],
        [0.0562, 0.0669, 0.1226, 0.0653, 0.0472, 0.0836, 0.0645, 0.0585, 0.0737,
         0.0452, 0.0802, 0.0299, 0.0452, 0.0716, 0.0631, 0.0263],
        [0.0302, 0.0515, 0.1184, 0.0465, 0.0275, 0.0820, 0.0600, 0.0609, 0.0946,
         0.0300, 0.1830, 0.0257, 0.0300, 0.0718, 0.0721, 0.0157],
        [0.0357, 0.0577, 0.1171, 0.0602, 0.0313, 0.0674, 0.0605, 0.0823, 0.0831,
         0.0254, 0.1717, 0.0224, 0.0254, 0.0709, 0.0738, 0.0152],
        [0.0562, 0.0669, 0.1226, 0.0653, 0.0472, 0.0836, 0.0645, 0.0585, 0.0737,
         0.0452, 0.0802, 0.0299, 0.0452, 0.0716, 0.0631, 0.0263],
        [0.0518, 0.0611, 0.0980, 0.0612, 0.0418, 0.0742, 0.0663, 0.0627, 0.0741,
         0.0346, 0.1389, 0.0393, 0.0346, 0.0680, 0.0725, 0.0209],
        [0.0428, 0.0702, 0.0891, 0.0532, 0.0372, 0.0740, 0.0594, 0.0667, 0.0798,
         0.0416, 0.1256, 0.0336, 0.0416, 0.0769, 0.0864, 0.0220],
        [0.0379, 0.0630, 0.1014, 0.0639, 0.0332, 0.0671, 0.0666, 0.0842, 0.0891,
         0.0328, 0.1395, 0.0311, 0.0328, 0.0688, 0.0699, 0.0188]])