62615
Test: public void testInterfaceInstantiation() { UnsafeAllocator unsafeAllocator = UnsafeAllocator.create(); try { unsafeAllocator.newInstance(Interface.class); fail(); } catch (Exception e) { } }
Code: public <T> T newInstance(Class<T> c) throws Exception { assertInstantiable(c); return (T) allocateInstance.invoke(unsafe, c); }
tensor([[0.0500, 0.1382, 0.0324, 0.1959, 0.0718, 0.1161, 0.0399, 0.0697, 0.0416,
         0.0554, 0.0530, 0.0655, 0.0486, 0.0220],
        [0.0462, 0.1428, 0.0203, 0.2034, 0.0616, 0.1338, 0.0325, 0.0863, 0.0376,
         0.0510, 0.0507, 0.0705, 0.0440, 0.0194],
        [0.0421, 0.1315, 0.0243, 0.2035, 0.0834, 0.1326, 0.0294, 0.0685, 0.0481,
         0.0492, 0.0492, 0.0755, 0.0437, 0.0189],
        [0.0415, 0.1346, 0.0245, 0.2081, 0.0949, 0.0991, 0.0400, 0.0815, 0.0336,
         0.0556, 0.0451, 0.0738, 0.0450, 0.0227],
        [0.0448, 0.1390, 0.0215, 0.2019, 0.0723, 0.1177, 0.0322, 0.0870, 0.0388,
         0.0491, 0.0532, 0.0695, 0.0542, 0.0186],
        [0.0322, 0.1326, 0.0155, 0.2416, 0.0703, 0.1570, 0.0265, 0.0776, 0.0350,
         0.0526, 0.0428, 0.0703, 0.0309, 0.0152],
        [0.0356, 0.1833, 0.0216, 0.2266, 0.0659, 0.1216, 0.0294, 0.0768, 0.0309,
         0.0478, 0.0396, 0.0579, 0.0459, 0.0169],
        [0.0566, 0.1177, 0.0306, 0.1644, 0.0621, 0.1013, 0.0363, 0.0851, 0.0482,
         0.0659, 0.0742, 0.0680, 0.0586, 0.0309],
        [0.0406, 0.1310, 0.0243, 0.1888, 0.0642, 0.1433, 0.0352, 0.0639, 0.0471,
         0.0575, 0.0452, 0.0808, 0.0557, 0.0222],
        [0.0332, 0.1571, 0.0186, 0.2402, 0.0781, 0.1232, 0.0268, 0.0659, 0.0339,
         0.0481, 0.0431, 0.0714, 0.0422, 0.0180],
        [0.0508, 0.1474, 0.0262, 0.1951, 0.0711, 0.1209, 0.0323, 0.0762, 0.0421,
         0.0521, 0.0491, 0.0641, 0.0510, 0.0217],
        [0.0422, 0.1406, 0.0267, 0.1776, 0.0653, 0.1271, 0.0349, 0.0878, 0.0469,
         0.0547, 0.0548, 0.0695, 0.0519, 0.0200],
        [0.0448, 0.1378, 0.0256, 0.2044, 0.0731, 0.1340, 0.0344, 0.0699, 0.0431,
         0.0487, 0.0418, 0.0717, 0.0491, 0.0217],
        [0.0339, 0.1641, 0.0234, 0.1736, 0.0619, 0.1433, 0.0331, 0.0779, 0.0397,
         0.0713, 0.0540, 0.0626, 0.0439, 0.0172]])