63973
Test: public void test02() throws Throwable { if (debug) System.out.format("%n%s%n", "RegressionTest0.test02"); com.fasterxml.jackson.core.JsonParser[] jsonParserArray0 = new com.fasterxml.jackson.core.JsonParser[] {}; try { com.fasterxml.jackson.core.util.JsonParserSequence jsonParserSequence1 = new com.fasterxml.jackson.core.util.JsonParserSequence(jsonParserArray0); } catch (java.lang.ArrayIndexOutOfBoundsException e) { } }
Code: protected JsonParserSequence(JsonParser[] parsers) { super(parsers[0]); _suppressNextToken = delegate.hasCurrentToken(); _parsers = parsers; _nextParser = 1; }
[[0.09182034 0.20915996 0.08790604 0.10451334 0.05377761 0.06527305
 0.04049633 0.04946485 0.05559266 0.04049633 0.02889868 0.0840672
 0.04049633 0.02717613 0.0208612 ]
[0.10694867 0.18128212 0.08430009 0.10170622 0.05810007 0.06906554
 0.03115666 0.07473761 0.05806885 0.03115666 0.03814561 0.08060472
 0.03115666 0.02615363 0.02741686]
[0.08054997 0.17681004 0.10081062 0.09010897 0.06141173 0.07296367
 0.03881485 0.06359172 0.06504029 0.03881485 0.03417334 0.07974903
 0.03881485 0.03155333 0.02679278]
[0.10976525 0.13254426 0.0729401  0.09091184 0.06145731 0.08227918
 0.04621852 0.07175279 0.06441759 0.04621851 0.03573242 0.07618226
 0.04621851 0.03159501 0.03176639]
[0.08785646 0.2285407  0.09636129 0.08191401 0.04705518 0.08213207
 0.03538221 0.05453354 0.06646682 0.03538221 0.03101951 0.08225946
 0.0353822  0.01800874 0.01770567]
[0.08266579 0.14141203 0.08811527 0.10072193 0.06139573 0.08264308
 0.0477938  0.0595125  0.05694648 0.0477938  0.04502812 0.07129292
 0.0477938  0.03206878 0.03481598]
[0.09438729 0.14266495 0.07613638 0.07030025 0.06609031 0.06999713
 0.05091171 0.06609525 0.06423914 0.05091171 0.04463152 0.08553617
 0.05091171 0.0369807  0.03020568]
[0.07668705 0.26963514 0.09753586 0.10420296 0.04907699 0.0682808
 0.02742721 0.05002774 0.05292135 0.02742721 0.02437768 0.08191416
 0.02742722 0.02094757 0.02211104]
[0.0756754  0.22174017 0.07505409 0.10690375 0.05206723 0.08443385
 0.03652588 0.05625324 0.06397814 0.03652588 0.02822106 0.08728848
 0.03652587 0.01915766 0.01964928]
[0.09438729 0.14266495 0.07613638 0.07030025 0.06609031 0.06999713
 0.05091171 0.06609525 0.06423914 0.05091171 0.04463152 0.08553617
 0.05091171 0.0369807  0.03020568]
[0.09389681 0.22677495 0.08697198 0.09071279 0.04353729 0.08336032
 0.03594883 0.06089278 0.05003745 0.03594882 0.02984915 0.0896173
 0.03594883 0.01831333 0.01818944]
[0.10474861 0.16225433 0.09793869 0.11355098 0.05630527 0.06565282
 0.03753423 0.06234904 0.05083659 0.03753423 0.04062384 0.07479054
 0.03753423 0.03154168 0.02680487]
[0.0943873  0.14266498 0.0761364  0.07030025 0.06609032 0.06999712
 0.05091172 0.06609525 0.06423916 0.05091172 0.04463152 0.08553617
 0.05091172 0.0369807  0.03020568]
[0.07883018 0.19957203 0.09451979 0.08706695 0.05743948 0.08456149
 0.0366075  0.05545745 0.06735833 0.0366075  0.02972599 0.0907183
 0.0366075  0.02273991 0.02218762]
[0.0891265  0.17024061 0.08385956 0.10874026 0.05603732 0.09170033
 0.03746372 0.05668763 0.05656528 0.03746372 0.03040094 0.09628695
 0.03746372 0.02472109 0.02324234]]