69053
Test: public void test12() throws Throwable { if (debug) System.out.format("%n%s%n", "RegressionTest0.test12"); org.jsoup.helper.W3CDom w3CDom0 = new org.jsoup.helper.W3CDom(); org.jsoup.nodes.Document document3 = org.jsoup.parser.Parser.parse("hi!", ""); org.jsoup.nodes.Document.OutputSettings outputSettings4 = document3.outputSettings(); java.util.List<org.jsoup.nodes.Node> nodeList5 = document3.siblingNodes(); org.jsoup.nodes.Document.QuirksMode quirksMode6 = document3.quirksMode(); org.w3c.dom.Document document7 = w3CDom0.fromJsoup(document3); org.jsoup.helper.W3CDom.W3CBuilder w3CBuilder8 = new org.jsoup.helper.W3CDom.W3CBuilder(document7); org.jsoup.nodes.DataNode dataNode11 = new org.jsoup.nodes.DataNode("hi!", ""); org.jsoup.nodes.Node node13 = dataNode11.removeAttr("&lt;hi!&gt;&lt;/hi!&gt;"); w3CBuilder8.tail((org.jsoup.nodes.Node) dataNode11, 32); org.jsoup.nodes.Document document18 = org.jsoup.parser.Parser.parse(":eq(52)", "hi!"); org.jsoup.nodes.Element element19 = document18.body(); org.jsoup.select.Elements elements20 = document18.parents(); java.lang.Object obj21 = null; boolean boolean22 = document18.equals(obj21); try { w3CBuilder8.head((org.jsoup.nodes.Node) document18, (int) '#'); } catch (java.util.EmptyStackException e) { } }
Code: public void tail(org.jsoup.nodes.Node source, int depth) { if (source instanceof org.jsoup.nodes.Element && dest.getParentNode() instanceof Element) { dest = (Element) dest.getParentNode(); } }
[[0.0407258  0.03289489 0.08833451 0.05687243 0.02583627 0.01827793
 0.05393131 0.10973667 0.08913444 0.01894933 0.07331982 0.02601983
 0.02616866 0.01894933 0.02994063 0.05393131 0.03167424 0.02560183
 0.0916135  0.05354593 0.01727069 0.01727069]
[0.03230026 0.02767689 0.09916151 0.05306237 0.01732024 0.01660335
 0.05392622 0.10709468 0.12492622 0.0203837  0.05264942 0.01982155
 0.02141896 0.0203837  0.02782626 0.05392622 0.02160886 0.0259057
 0.10648528 0.06450118 0.01650873 0.01650873]
[0.03934984 0.02989147 0.08544417 0.0519674  0.02063763 0.01926823
 0.05432245 0.0988438  0.09742335 0.02551979 0.0637473  0.02568385
 0.02246543 0.02551979 0.0344744  0.05432245 0.02224772 0.02899177
 0.10384711 0.06089179 0.01757019 0.01757019]
[0.03484931 0.02916916 0.0835145  0.05496173 0.01893177 0.01689077
 0.05960018 0.12787214 0.08023022 0.01799341 0.07814622 0.02421712
 0.02134814 0.01799341 0.02760462 0.05960018 0.02629117 0.0223976
 0.10415291 0.06116469 0.01653536 0.01653536]
[0.02697474 0.02304263 0.09306011 0.06279159 0.02019672 0.01594924
 0.05672384 0.15536508 0.08514507 0.02132046 0.04668415 0.02284334
 0.0236267  0.02132046 0.03374721 0.05672384 0.03213692 0.0227748
 0.08073187 0.07346245 0.01268939 0.01268939]
[0.03647746 0.02993466 0.08948142 0.04833031 0.01459055 0.01814504
 0.06537179 0.1117454  0.0899433  0.01824436 0.06908438 0.02676298
 0.01991243 0.01824436 0.03386714 0.06537179 0.02935707 0.02353342
 0.10546194 0.05876727 0.01368648 0.01368648]
[0.04306878 0.03698042 0.07540628 0.0439949  0.02131324 0.02414179
 0.06235943 0.07508294 0.09350242 0.03108042 0.06237642 0.03647194
 0.02967395 0.03108042 0.03292766 0.06235943 0.02873046 0.0355433
 0.07454503 0.05318827 0.02308629 0.02308629]
[0.02653827 0.01947773 0.09874773 0.06257439 0.01340699 0.01058161
 0.0516848  0.14809915 0.11136866 0.0171911  0.07446936 0.01332515
 0.01447246 0.0171911  0.02457475 0.0516848  0.02436902 0.0204146
 0.10475712 0.07890981 0.00808074 0.00808074]
[0.03290636 0.0277246  0.09333235 0.06012746 0.0231191  0.01515014
 0.05464723 0.09777132 0.1037842  0.02021843 0.07852939 0.02302505
 0.02112544 0.02021843 0.03102881 0.05464723 0.02973963 0.02673688
 0.09203267 0.05668405 0.01872561 0.01872561]
[0.03424976 0.0277761  0.08489082 0.06052808 0.0203416  0.02016163
 0.05479278 0.10970742 0.08087805 0.01988721 0.08591167 0.01919994
 0.02592156 0.01988721 0.0231     0.05479278 0.03179856 0.02599119
 0.09773159 0.07001951 0.01621627 0.01621627]
[0.03157148 0.02414047 0.08760845 0.07973588 0.02040063 0.01311528
 0.06291661 0.11830693 0.09729384 0.02318405 0.06759771 0.02000204
 0.01750419 0.02318405 0.03455894 0.06291661 0.02412328 0.01952373
 0.087198   0.0677798  0.00866906 0.00866906]
[0.03280987 0.02851463 0.08206446 0.05838583 0.01822845 0.01733944
 0.05835845 0.09872021 0.10246457 0.02324205 0.07306774 0.02142348
 0.02615932 0.02324205 0.03228077 0.05835845 0.02745091 0.02814027
 0.09567281 0.05597605 0.0190501  0.0190501 ]
[0.03035665 0.02513181 0.08062501 0.05628468 0.01832339 0.01340032
 0.05970869 0.1414144  0.09129225 0.01871188 0.06741285 0.02416954
 0.02212629 0.01871188 0.03009926 0.05970869 0.02636168 0.01778813
 0.11447506 0.06482176 0.00953792 0.00953792]
[0.03424976 0.0277761  0.08489082 0.06052808 0.0203416  0.02016163
 0.05479278 0.10970742 0.08087805 0.01988721 0.08591167 0.01919994
 0.02592156 0.01988721 0.0231     0.05479278 0.03179856 0.02599119
 0.09773159 0.07001951 0.01621627 0.01621627]
[0.03496799 0.02533422 0.0724923  0.05888405 0.02379923 0.01888278
 0.06564748 0.11295871 0.08417715 0.02160047 0.06972776 0.02626141
 0.02521612 0.02160047 0.04003084 0.06564748 0.02636175 0.03146147
 0.09100327 0.05073088 0.01660709 0.01660709]
[0.04306878 0.03698042 0.07540628 0.0439949  0.02131324 0.02414179
 0.06235943 0.07508294 0.09350242 0.03108042 0.06237642 0.03647194
 0.02967395 0.03108042 0.03292766 0.06235943 0.02873046 0.0355433
 0.07454503 0.05318827 0.02308629 0.02308629]
[0.02548016 0.01882507 0.09977839 0.05432422 0.01714748 0.01419684
 0.05838713 0.13690835 0.1113807  0.01634733 0.05673993 0.02003125
 0.01910663 0.01634733 0.02810918 0.05838713 0.02462948 0.02433825
 0.10179611 0.07741616 0.01016145 0.01016145]
[0.0465918  0.0376191  0.07028233 0.05584009 0.02847549 0.02638216
 0.05075513 0.10276447 0.08259037 0.02666966 0.05467715 0.03926875
 0.02808548 0.02666966 0.03270772 0.05075513 0.02965443 0.03809239
 0.08438158 0.04296734 0.02238488 0.02238488]
[0.03437874 0.03004592 0.07701048 0.06066844 0.02172051 0.01701422
 0.06473456 0.10845147 0.09900095 0.02619248 0.0581612  0.02721923
 0.02635559 0.02619248 0.03341451 0.06473456 0.03715828 0.02450279
 0.07909532 0.05386708 0.01504061 0.01504061]
[0.03895105 0.02905875 0.065851   0.05844696 0.02298566 0.02100691
 0.0535393  0.10725974 0.0916409  0.02386273 0.07611776 0.02899624
 0.02761029 0.02386273 0.02952519 0.0535393  0.02502236 0.02863564
 0.10066444 0.05662976 0.01839665 0.01839665]
[0.03135556 0.02765787 0.08658987 0.06411002 0.02437758 0.01528216
 0.0661981  0.11785277 0.08809696 0.01978986 0.04486491 0.02508585
 0.02417757 0.01978986 0.0377458  0.0661981  0.02996598 0.02679105
 0.09988043 0.05431212 0.01493877 0.01493877]
[0.03135556 0.02765787 0.08658987 0.06411002 0.02437758 0.01528216
 0.0661981  0.11785277 0.08809696 0.01978986 0.04486491 0.02508585
 0.02417757 0.01978986 0.0377458  0.0661981  0.02996598 0.02679105
 0.09988043 0.05431212 0.01493877 0.01493877]]