67164
Test: public void testSuperClassWithReferencedJavaType() { TypeFactory tf = objectMapper().getTypeFactory(); tf.constructType(Base.class); JavaType subType = tf.constructType(Sub.class); JavaType baseTypeFromSub = subType.getSuperClass(); }
Code: public JavaType getSuperClass() { if (_referencedType != null) { return _referencedType.getSuperClass(); } return super.getSuperClass(); }
[[0.04817447 0.08392996 0.05687608 0.05106392 0.12851037 0.14998518
 0.02461946 0.02763949 0.05106392 0.05139118 0.17999771 0.01764392
 0.05139118 0.06006918 0.01764392]
[0.0488663  0.09036506 0.06029586 0.05291827 0.15303497 0.15142661
 0.02015926 0.02649037 0.05291826 0.04826035 0.16684715 0.014909
 0.04826036 0.0503392  0.014909  ]
[0.04447737 0.07639423 0.05747291 0.07401056 0.1571942  0.10943336
 0.02544665 0.02629506 0.07401056 0.05398173 0.15998198 0.020099
 0.05398174 0.04712169 0.020099  ]
[0.05225348 0.09100151 0.05921088 0.06570482 0.09240412 0.12520152
 0.03378483 0.03738738 0.06570483 0.06252919 0.14391682 0.02608808
 0.0625292  0.05619519 0.02608808]
[0.03161256 0.0919302  0.048811   0.03603186 0.16687426 0.20496239
 0.00894458 0.0126362  0.03603185 0.03973764 0.2018848  0.00673121
 0.03973765 0.06734251 0.00673121]
[0.05026555 0.08384167 0.05608447 0.05726657 0.14144315 0.15672766
 0.02155605 0.02102176 0.05726658 0.05543695 0.15878534 0.01526328
 0.05543695 0.05434086 0.01526327]
[0.03916102 0.07568896 0.05092869 0.05082798 0.12578943 0.18029615
 0.01326683 0.02046488 0.05082798 0.04843847 0.21480015 0.01138016
 0.04843847 0.05831068 0.01138016]
[0.0369869  0.08785427 0.04598677 0.06057031 0.17416862 0.14159527
 0.01889845 0.02552568 0.06057032 0.04416671 0.1785883  0.01071181
 0.04416671 0.05949805 0.01071181]
[0.05225348 0.09100151 0.05921088 0.06570482 0.09240412 0.12520152
 0.03378483 0.03738738 0.06570483 0.06252919 0.14391682 0.02608808
 0.0625292  0.05619519 0.02608808]
[0.03063386 0.08758396 0.04513393 0.04475026 0.13611251 0.18241115
 0.01703797 0.0193748  0.04475026 0.04707366 0.22483458 0.01303205
 0.04707367 0.04716525 0.01303205]
[0.03634896 0.08237588 0.05179067 0.0494515  0.13679957 0.16830567
 0.01493423 0.01868968 0.04945153 0.04715037 0.215859   0.01246023
 0.04715037 0.0567722  0.01246023]
[0.03395626 0.07450005 0.05146402 0.05924669 0.12489806 0.14276707
 0.02166492 0.0222116  0.0592467  0.06606226 0.19771932 0.01410005
 0.06606226 0.05200079 0.01410005]
[0.03063387 0.08758394 0.04513393 0.04475025 0.13611253 0.18241113
 0.01703797 0.0193748  0.04475025 0.04707366 0.2248346  0.01303205
 0.04707367 0.04716525 0.01303205]
[0.03867819 0.07427952 0.04413051 0.06720169 0.1477754  0.14409187
 0.02294033 0.02537137 0.06720169 0.05121832 0.19036822 0.01346828
 0.05121832 0.04858805 0.01346828]
[0.03395626 0.07450005 0.05146402 0.05924669 0.12489805 0.14276706
 0.02166492 0.0222116  0.05924669 0.06606226 0.19771934 0.01410005
 0.06606227 0.05200079 0.01410005]]