67335
Test: public void testPOJOIntArray() throws IOException { ObjectMapper mapper = new ObjectMapper(); ObjectNode n = mapper.getNodeFactory().objectNode(); n.set("pojo", mapper.getNodeFactory().pojoNode(new int[] { 1, 2, 3 })); StringWriter sw = new StringWriter(); JsonGenerator jg = mapper.getFactory().createGenerator(sw); mapper.writeTree(jg, n); Map<String,Object> result = (Map<String,Object>) mapper.readValue(sw.toString(), Map.class); List<Object> list = (List<Object>) result.get("pojo"); for (int i = 0; i < 3; ++i) { } jg.close(); }
Code: public void writeTree(TreeNode node){if (node == null) {writeNull();return;}if (_objectCodec == null) {;} else {;}}
[[0.06705339 0.05751415 0.1114478  0.0475097  0.06560186 0.09826139
 0.03244038 0.11301239 0.09624761 0.09826138 0.03244039 0.03727385
 0.08031867 0.06261706]
[0.05810807 0.05603642 0.13020657 0.04545206 0.06341435 0.08042523
 0.02916573 0.14110616 0.09891298 0.08042523 0.02916573 0.03638488
 0.10033737 0.0508592 ]
[0.06832254 0.05365453 0.11888863 0.04978204 0.07616493 0.0826098
 0.03406898 0.12628917 0.08906415 0.08260981 0.03406898 0.03447261
 0.08592411 0.06407975]
[0.05751312 0.05134873 0.11155638 0.04960707 0.0716206  0.09419346
 0.02868404 0.10483703 0.10714301 0.09419344 0.02868403 0.02852518
 0.10307503 0.06901884]
[0.05530706 0.04686147 0.11380939 0.04912911 0.06675078 0.09706856
 0.02856313 0.12050814 0.09939902 0.09706855 0.02856314 0.03819381
 0.0913514  0.06742643]
[0.04292133 0.05039501 0.1266148  0.0470186  0.06118248 0.10277946
 0.0275786  0.10826565 0.11005075 0.10277943 0.0275786  0.03367869
 0.10228633 0.05687022]
[0.05786923 0.0438856  0.11702584 0.05117995 0.06339785 0.10358128
 0.03370636 0.10961236 0.09542668 0.10358126 0.03370636 0.03835228
 0.08805723 0.06061769]
[0.0576412  0.05112964 0.11653523 0.04862423 0.06086207 0.07545614
 0.03752965 0.1237513  0.09911133 0.07545614 0.03752965 0.05039568
 0.10416967 0.06180801]
[0.06096672 0.05907444 0.13458017 0.05459578 0.06551246 0.08509304
 0.02716326 0.10451724 0.10495472 0.08509304 0.02716326 0.03663881
 0.09670743 0.05793969]
[0.04292133 0.05039501 0.1266148  0.0470186  0.06118248 0.10277946
 0.0275786  0.10826565 0.11005075 0.10277943 0.0275786  0.03367869
 0.10228633 0.05687022]
[0.05786923 0.0438856  0.11702584 0.05117995 0.06339785 0.10358128
 0.03370636 0.10961236 0.09542668 0.10358126 0.03370636 0.03835228
 0.08805723 0.06061769]
[0.07023261 0.05659844 0.12071232 0.04125166 0.06836984 0.07435497
 0.03704017 0.11455555 0.09014268 0.07435498 0.03704018 0.04842918
 0.10359433 0.06332311]
[0.05952239 0.0471699  0.12758371 0.04717673 0.06043043 0.08892509
 0.02923309 0.10975123 0.10368104 0.08892509 0.02923309 0.04311565
 0.10262258 0.06263   ]
[0.06242479 0.04816399 0.12804204 0.04220922 0.05636598 0.09230107
 0.02880866 0.11234408 0.08091446 0.09230107 0.02880866 0.03489258
 0.13031116 0.06211217]]