16271
Test: public void test1() throws Throwable { if (debug) System.out.format("%n%s%n", "RegressionTest0.test1"); java.lang.String str1 = org.apache.commons.cli.Util.stripLeadingAndTrailingQuotes(""); }
Code: static String stripLeadingAndTrailingQuotes(String str){if (str.startsWith("\"")){str = str.substring(1, str.length());}int length = str.length();if (str.endsWith("\"")){;}return str;}
tensor([[0.1518, 0.0862, 0.0923, 0.0539, 0.0774, 0.0371, 0.0876, 0.0697, 0.0708,
         0.0371, 0.0514, 0.0774, 0.1074],
        [0.1640, 0.0657, 0.1019, 0.0574, 0.0805, 0.0384, 0.0798, 0.0720, 0.0753,
         0.0384, 0.0470, 0.0805, 0.0992],
        [0.1504, 0.0867, 0.0983, 0.0432, 0.0780, 0.0334, 0.0998, 0.0779, 0.0826,
         0.0334, 0.0420, 0.0780, 0.0965],
        [0.1681, 0.0738, 0.1282, 0.0533, 0.0723, 0.0473, 0.0823, 0.0644, 0.0703,
         0.0473, 0.0510, 0.0723, 0.0696],
        [0.1523, 0.0833, 0.1290, 0.0531, 0.0752, 0.0474, 0.0890, 0.0641, 0.0682,
         0.0474, 0.0505, 0.0752, 0.0653],
        [0.1391, 0.0727, 0.1049, 0.0579, 0.0861, 0.0490, 0.0563, 0.0602, 0.0792,
         0.0490, 0.0660, 0.0861, 0.0935],
        [0.1509, 0.0706, 0.1050, 0.0618, 0.0900, 0.0403, 0.0770, 0.0639, 0.0725,
         0.0403, 0.0557, 0.0900, 0.0820],
        [0.1876, 0.0914, 0.1114, 0.0517, 0.0867, 0.0310, 0.0700, 0.0572, 0.0692,
         0.0310, 0.0538, 0.0867, 0.0724],
        [0.1888, 0.1011, 0.0915, 0.0589, 0.0670, 0.0328, 0.0768, 0.0881, 0.0669,
         0.0328, 0.0465, 0.0670, 0.0818],
        [0.1391, 0.0727, 0.1049, 0.0579, 0.0861, 0.0490, 0.0563, 0.0602, 0.0792,
         0.0490, 0.0660, 0.0861, 0.0935],
        [0.1464, 0.0828, 0.1171, 0.0570, 0.0742, 0.0377, 0.0891, 0.0676, 0.0802,
         0.0377, 0.0506, 0.0742, 0.0855],
        [0.1523, 0.0833, 0.1290, 0.0531, 0.0752, 0.0474, 0.0890, 0.0641, 0.0682,
         0.0474, 0.0505, 0.0752, 0.0653],
        [0.1620, 0.0866, 0.1143, 0.0635, 0.0749, 0.0319, 0.0887, 0.0677, 0.0708,
         0.0319, 0.0465, 0.0749, 0.0862]])