17404
Test: public void testIssue727_1() { testIR( IR.tryFinally( IR.block(), IR.block()), "TRY\n" + " BLOCK\n" + " BLOCK\n" + " BLOCK\n"); }
Code: public static Node tryFinally(Node tryBody, Node finallyBody) { Preconditions.checkState(tryBody.isLabelName()); Preconditions.checkState(finallyBody.isLabelName()); Node catchBody = block().copyInformationFrom(tryBody); return new Node(Token.TRY, tryBody, catchBody, finallyBody); }
[[0.03278454 0.08852874 0.05648779 0.04467002 0.07442671 0.05648779
 0.05020602 0.03829412 0.05164289 0.05248862 0.05648779 0.03181253
 0.02028276 0.07016688 0.03541123 0.01690937 0.06475531 0.07442673
 0.03898743 0.03196007 0.01278258]
[0.03374502 0.08452688 0.05845246 0.04384013 0.06724861 0.05845246
 0.03899124 0.05349537 0.0655807  0.05951107 0.05845246 0.03133252
 0.02181026 0.06518357 0.03152381 0.01435105 0.06054415 0.0672486
 0.036317   0.03447117 0.0149215 ]
[0.02216748 0.06472494 0.06336147 0.032415   0.06319762 0.06336147
 0.0534415  0.04693534 0.05523772 0.06971595 0.06336147 0.0257849
 0.02025668 0.10864204 0.03481666 0.01208442 0.06183066 0.06319764
 0.03556675 0.03085101 0.0090493 ]
[0.02335035 0.07441005 0.05839747 0.04007979 0.07034877 0.05839747
 0.0593949  0.05048396 0.05310149 0.06185534 0.05839747 0.03361688
 0.01505044 0.08819963 0.03846043 0.01250021 0.06386392 0.07034877
 0.03278311 0.02741383 0.0095457 ]
[0.03010173 0.08412364 0.05110845 0.04593353 0.07259735 0.05110845
 0.04729029 0.04098916 0.07817467 0.05042417 0.05110845 0.01998486
 0.02015154 0.09764177 0.03098357 0.01306974 0.05885295 0.07259736
 0.04539806 0.02692182 0.01143847]
[0.02216748 0.06472494 0.06336147 0.032415   0.06319762 0.06336147
 0.0534415  0.04693534 0.05523772 0.06971595 0.06336147 0.0257849
 0.02025668 0.10864204 0.03481666 0.01208442 0.06183066 0.06319764
 0.03556675 0.03085101 0.0090493 ]
[0.02496781 0.08606161 0.06398232 0.03817211 0.07259344 0.06398232
 0.04620317 0.03595258 0.06770751 0.05845133 0.06398232 0.02627036
 0.01767159 0.0821282  0.03901709 0.0130391  0.06374639 0.07259344
 0.02846067 0.02706269 0.00795396]
[0.03195313 0.07381047 0.05238331 0.03717982 0.06553702 0.05238331
 0.04458875 0.0495053  0.06859648 0.05933457 0.05238331 0.02891932
 0.02651658 0.0846173  0.03701793 0.0180989  0.06819291 0.06553702
 0.03393997 0.03175109 0.01775348]
[0.02564698 0.06524181 0.05734927 0.0372605  0.06523817 0.05734927
 0.05692533 0.05486579 0.06871684 0.04175581 0.05734927 0.02627787
 0.01964731 0.07703863 0.02986189 0.02011101 0.07921946 0.06523817
 0.04271536 0.03616272 0.0160285 ]
[0.0322337  0.07380515 0.04965373 0.04570816 0.07057123 0.04965373
 0.05955446 0.04354251 0.07195336 0.06216219 0.04965373 0.02419211
 0.02269145 0.0964286  0.02874347 0.01350577 0.06286275 0.07057122
 0.03315627 0.02699787 0.01235856]
[0.02216748 0.06472494 0.06336147 0.032415   0.06319762 0.06336147
 0.0534415  0.04693534 0.05523772 0.06971595 0.06336147 0.0257849
 0.02025668 0.10864204 0.03481666 0.01208442 0.06183066 0.06319764
 0.03556675 0.03085101 0.0090493 ]
[0.02659867 0.06966896 0.04666475 0.03899528 0.07044207 0.04666475
 0.06110786 0.03943403 0.06971754 0.06151097 0.04666475 0.03083447
 0.02959069 0.09298849 0.03823492 0.01677071 0.0587717  0.07044205
 0.03687391 0.03413816 0.01388533]
[0.03634086 0.08164698 0.0523952  0.03688817 0.08759327 0.0523952
 0.03786569 0.03749947 0.06304009 0.04961147 0.0523952  0.02935178
 0.02911012 0.06242742 0.03921612 0.0169031  0.06265061 0.08759329
 0.03267159 0.03544822 0.01695624]
[0.02337188 0.07360189 0.0600673  0.03413192 0.08711187 0.0600673
 0.04504216 0.04278035 0.07044702 0.05964432 0.0600673  0.0225411
 0.01924939 0.09227838 0.02950761 0.01198059 0.05179258 0.0871119
 0.03313829 0.02792305 0.00814383]
[0.02019372 0.08579426 0.0445031  0.03700223 0.08637203 0.0445031
 0.0609913  0.03448813 0.06236222 0.06203723 0.0445031  0.02403786
 0.01943805 0.09018739 0.03017464 0.01229333 0.07821818 0.08637202
 0.03701303 0.02981036 0.00970472]
[0.02785743 0.08266873 0.04703831 0.04413599 0.0617724  0.04703831
 0.07588086 0.0487585  0.07462025 0.05191696 0.04703831 0.02452402
 0.02243148 0.0734788  0.03914523 0.01830339 0.07124641 0.06177239
 0.03592599 0.03016782 0.01427843]
[0.02591253 0.11857351 0.04369614 0.04084449 0.0688029  0.04369614
 0.06143018 0.04748988 0.06458588 0.05966459 0.04369614 0.02446897
 0.01685439 0.08013989 0.03222757 0.01205221 0.0680728  0.06880292
 0.03361165 0.03503447 0.01034283]
[0.03010173 0.08412364 0.05110845 0.04593353 0.07259735 0.05110845
 0.04729029 0.04098916 0.07817467 0.05042417 0.05110845 0.01998486
 0.02015154 0.09764177 0.03098357 0.01306974 0.05885295 0.07259736
 0.04539806 0.02692182 0.01143847]
[0.02435452 0.08737638 0.05173311 0.03810393 0.07506836 0.05173311
 0.05002926 0.04659818 0.06659446 0.05369786 0.05173311 0.02598353
 0.02268813 0.08595513 0.03426254 0.01661149 0.06660426 0.07506838
 0.03405263 0.03023785 0.01151375]
[0.02046054 0.09292264 0.06103192 0.03773139 0.07851757 0.06103192
 0.05019661 0.03788462 0.05868657 0.05008259 0.06103192 0.03030359
 0.01759773 0.09254094 0.03425162 0.01262236 0.06052889 0.07851759
 0.0304832  0.02478609 0.00878966]
[0.02142468 0.07936206 0.07487167 0.03668616 0.06841384 0.07487167
 0.05464116 0.0456471  0.06465168 0.0558923  0.07487167 0.02597666
 0.01835093 0.07495592 0.0440712  0.01195755 0.0426221  0.06841384
 0.02640453 0.0256366  0.01027672]]