69429
Test: @Test public void testGetSiblings() { Document doc = Jsoup.parse("<div><p>Hello<p id=1>there<p>this<p>is<p>an<p id=last>element</div>"); Element p = doc.getElementById("1"); }
Code: public Element nextElementSibling(){List<Element> siblings = parent().children();Integer index = indexInList(this, siblings);;if (siblings.size() > index+1)return siblings.get(index+1);elsereturn null;}
tensor([[0.0685, 0.0319, 0.0395, 0.1131, 0.0436, 0.0581, 0.0529, 0.0436, 0.0742,
         0.0681, 0.1077, 0.1133, 0.0680, 0.0517, 0.0657],
        [0.0773, 0.0341, 0.0355, 0.1057, 0.0469, 0.0590, 0.0489, 0.0469, 0.0641,
         0.0722, 0.1031, 0.1542, 0.0651, 0.0315, 0.0553],
        [0.0517, 0.0241, 0.0474, 0.1167, 0.0404, 0.0492, 0.0335, 0.0404, 0.0520,
         0.0691, 0.2023, 0.1284, 0.0566, 0.0293, 0.0588],
        [0.0558, 0.0320, 0.0604, 0.1079, 0.0501, 0.0453, 0.0408, 0.0501, 0.0596,
         0.0827, 0.1229, 0.1222, 0.0705, 0.0455, 0.0541],
        [0.0747, 0.0458, 0.0539, 0.0807, 0.0622, 0.0692, 0.0455, 0.0622, 0.0680,
         0.0683, 0.1038, 0.1013, 0.0713, 0.0414, 0.0519],
        [0.0653, 0.0240, 0.0425, 0.1020, 0.0416, 0.0453, 0.0395, 0.0416, 0.0815,
         0.0806, 0.1603, 0.1222, 0.0524, 0.0471, 0.0538],
        [0.0491, 0.0249, 0.0483, 0.0924, 0.0527, 0.0531, 0.0433, 0.0527, 0.0551,
         0.0694, 0.1720, 0.1213, 0.0731, 0.0352, 0.0575],
        [0.0747, 0.0458, 0.0539, 0.0807, 0.0622, 0.0692, 0.0455, 0.0622, 0.0680,
         0.0683, 0.1038, 0.1013, 0.0713, 0.0414, 0.0519],
        [0.0476, 0.0212, 0.0340, 0.1272, 0.0418, 0.0502, 0.0390, 0.0418, 0.0577,
         0.0609, 0.1825, 0.1500, 0.0617, 0.0307, 0.0538],
        [0.0667, 0.0266, 0.0387, 0.1008, 0.0374, 0.0443, 0.0388, 0.0374, 0.0718,
         0.0713, 0.1393, 0.1849, 0.0624, 0.0309, 0.0487],
        [0.0682, 0.0245, 0.0441, 0.1147, 0.0463, 0.0477, 0.0367, 0.0463, 0.0673,
         0.0956, 0.1183, 0.1353, 0.0665, 0.0318, 0.0566],
        [0.0769, 0.0290, 0.0421, 0.1273, 0.0417, 0.0576, 0.0395, 0.0417, 0.0590,
         0.0714, 0.1191, 0.1470, 0.0590, 0.0384, 0.0501],
        [0.0587, 0.0375, 0.0380, 0.0979, 0.0446, 0.0568, 0.0440, 0.0446, 0.0736,
         0.0715, 0.1522, 0.1164, 0.0622, 0.0382, 0.0637],
        [0.0581, 0.0255, 0.0522, 0.1286, 0.0539, 0.0567, 0.0443, 0.0539, 0.0621,
         0.0731, 0.1271, 0.1171, 0.0521, 0.0390, 0.0563],
        [0.0606, 0.0273, 0.0446, 0.1031, 0.0394, 0.0460, 0.0343, 0.0394, 0.0530,
         0.0805, 0.1576, 0.1539, 0.0799, 0.0277, 0.0525]])