15103
Test: public void testCanProcess_Null() { final Option option = new PropertyOption(); }
Code: public WriteableCommandLineImpl(final Option rootOption, final List arguments) { this.prefixes = rootOption.getPrefixes(); this.normalised = arguments; }
tensor([[0.0509, 0.0773, 0.1326, 0.0652, 0.0405, 0.0708, 0.0640, 0.0652, 0.1076,
         0.0319, 0.1262, 0.0377, 0.0319, 0.0771, 0.0211],
        [0.0378, 0.0658, 0.1384, 0.0520, 0.0292, 0.0614, 0.0531, 0.0811, 0.1136,
         0.0253, 0.2072, 0.0294, 0.0253, 0.0703, 0.0099],
        [0.0444, 0.0587, 0.1137, 0.0548, 0.0382, 0.0723, 0.0703, 0.0852, 0.0898,
         0.0384, 0.1595, 0.0323, 0.0384, 0.0853, 0.0187],
        [0.0579, 0.0737, 0.1137, 0.0638, 0.0446, 0.0906, 0.0733, 0.0752, 0.0884,
         0.0382, 0.1135, 0.0389, 0.0382, 0.0674, 0.0226],
        [0.0460, 0.0633, 0.1184, 0.0490, 0.0305, 0.0644, 0.0572, 0.0762, 0.0899,
         0.0357, 0.2079, 0.0337, 0.0357, 0.0768, 0.0151],
        [0.0416, 0.0657, 0.1247, 0.0573, 0.0365, 0.0680, 0.0490, 0.0876, 0.0882,
         0.0299, 0.2006, 0.0251, 0.0299, 0.0782, 0.0177],
        [0.0431, 0.0813, 0.1108, 0.0535, 0.0387, 0.0779, 0.0638, 0.0966, 0.0861,
         0.0313, 0.1584, 0.0271, 0.0313, 0.0834, 0.0166],
        [0.0509, 0.0630, 0.1224, 0.0590, 0.0497, 0.0710, 0.0747, 0.0736, 0.0855,
         0.0420, 0.1214, 0.0273, 0.0420, 0.0900, 0.0273],
        [0.0438, 0.0692, 0.1137, 0.0530, 0.0440, 0.0680, 0.0598, 0.0889, 0.1098,
         0.0301, 0.1632, 0.0360, 0.0301, 0.0740, 0.0163],
        [0.0600, 0.0714, 0.1310, 0.0697, 0.0503, 0.0892, 0.0689, 0.0624, 0.0787,
         0.0482, 0.0855, 0.0319, 0.0482, 0.0764, 0.0281],
        [0.0325, 0.0554, 0.1266, 0.0500, 0.0296, 0.0889, 0.0649, 0.0650, 0.1012,
         0.0324, 0.1991, 0.0277, 0.0324, 0.0777, 0.0168],
        [0.0385, 0.0623, 0.1255, 0.0648, 0.0337, 0.0732, 0.0655, 0.0880, 0.0893,
         0.0273, 0.1869, 0.0242, 0.0273, 0.0769, 0.0163],
        [0.0600, 0.0714, 0.1310, 0.0697, 0.0503, 0.0892, 0.0689, 0.0624, 0.0787,
         0.0482, 0.0855, 0.0319, 0.0482, 0.0764, 0.0281],
        [0.0558, 0.0659, 0.1057, 0.0660, 0.0451, 0.0800, 0.0715, 0.0677, 0.0799,
         0.0373, 0.1496, 0.0424, 0.0373, 0.0733, 0.0226],
        [0.0408, 0.0679, 0.1084, 0.0685, 0.0357, 0.0725, 0.0718, 0.0899, 0.0954,
         0.0353, 0.1508, 0.0334, 0.0353, 0.0742, 0.0201]])