18511
Test: public void test7() throws Throwable { if (debug) System.out.format("%n%s%n", "RegressionTest0.test7"); boolean boolean1 = com.google.javascript.jscomp.CodeConsumer.isNegativeZero((double) 100L); }
Code: static boolean isNegativeZero(double x) { return x >= 0.0 == (Math.copySign(-1, x) == +0.0); }
[[0.11820541 0.1139836  0.12092149 0.07362782 0.08393603 0.03916526
 0.07948439 0.03692982 0.02465037 0.04951773 0.04409037 0.07362782
 0.04951774 0.07036068 0.02198146]
[0.11582997 0.13317776 0.13161848 0.06315769 0.07841516 0.04888927
 0.10979876 0.02594641 0.01757955 0.04230415 0.04498327 0.06315768
 0.04230415 0.06851859 0.01431916]
[0.11231751 0.10425286 0.10093124 0.09754625 0.08963535 0.04115298
 0.07512321 0.02885844 0.02362366 0.05048767 0.04321172 0.09754623
 0.05048768 0.06613341 0.01869174]
[0.12003378 0.10604478 0.11305771 0.09030467 0.06208367 0.04125142
 0.08456417 0.03240639 0.02276748 0.0548283  0.04609305 0.09030465
 0.0548283  0.06533539 0.01609624]
[0.11045648 0.09427684 0.10711825 0.09847371 0.07779027 0.05162328
 0.07858028 0.03435279 0.03011744 0.04747349 0.04718829 0.09847373
 0.04747349 0.04993822 0.02666342]
[0.1261234  0.12173767 0.12029639 0.09196678 0.0546209  0.03685736
 0.09036858 0.02730105 0.02957687 0.04741807 0.04937297 0.0919668
 0.04741807 0.050212   0.01476314]
[0.0903695  0.08756717 0.10762063 0.08715653 0.06628956 0.05104677
 0.08491848 0.03902235 0.03570329 0.05629486 0.04861617 0.08715651
 0.05629485 0.0742636  0.02767976]
[0.10493576 0.11289056 0.1297285  0.07721248 0.07693452 0.04880394
 0.10924961 0.0384413  0.02143076 0.03786464 0.04422161 0.07721247
 0.03786464 0.06748232 0.01572692]
[0.12978506 0.12767018 0.11222959 0.07658019 0.06812953 0.0385705
 0.10076085 0.03205343 0.02520121 0.04833548 0.03890239 0.0765802
 0.04833548 0.05973589 0.01713004]
[0.13652503 0.1531544  0.11651075 0.07345521 0.06398915 0.03555191
 0.10703636 0.02524005 0.01696889 0.05079791 0.03392496 0.07345521
 0.05079791 0.04991242 0.01267978]
[0.12268876 0.1135994  0.10293525 0.08572453 0.06614721 0.04460315
 0.09421962 0.02817183 0.02796704 0.04875779 0.04585206 0.08572453
 0.04875778 0.06517382 0.01967721]
[0.12003378 0.10604478 0.11305771 0.09030467 0.06208367 0.04125142
 0.08456417 0.03240639 0.02276748 0.0548283  0.04609305 0.09030465
 0.0548283  0.06533539 0.01609624]
[0.13652492 0.15315436 0.11651082 0.07345523 0.06398919 0.03555191
 0.10703638 0.02524006 0.01696889 0.05079792 0.03392495 0.07345523
 0.05079792 0.04991242 0.01267978]
[0.12822515 0.09299217 0.11428615 0.06927451 0.05417328 0.05339382
 0.08203048 0.03683038 0.03331928 0.06496318 0.04919647 0.06927451
 0.06496318 0.07294777 0.01412966]
[0.12147887 0.0980965  0.10882048 0.06190144 0.07449753 0.06249399
 0.11403359 0.03153117 0.03279207 0.04937631 0.0418914  0.06190144
 0.04937632 0.07584763 0.01596128]]