100344
Test: public void testAddMinutes_int_dstOverlapWinter_addZero() { MutableDateTime test = new MutableDateTime(2011, 10, 30, 2, 30, 0, 0, DateTimeZone.forID("Europe/Berlin")); test.addHours(1); test.addMinutes(0); }
Code: public void addMinutes(final int minutes) { if (minutes != 0) { setMillis(getChronology().minutes().add(getMillis(), minutes)); } }
[[0.05992274 0.04831947 0.06456749 0.03814378 0.10865657 0.0787022
 0.16139698 0.05172834 0.0325596  0.03333317 0.0787022  0.10231438
 0.09111473 0.0252692  0.0252692 ]
[0.04683375 0.04019651 0.05305079 0.0250921  0.095865   0.0784949
 0.15532908 0.04649563 0.02858267 0.02982588 0.07849487 0.18514332
 0.08856152 0.02401699 0.02401699]
[0.05428523 0.03736208 0.06396355 0.02867219 0.08771041 0.0919302
 0.16858205 0.0575151  0.03405775 0.02965814 0.09193014 0.11631232
 0.0940891  0.02196589 0.02196589]
[0.03868718 0.03323197 0.05421972 0.0287604  0.07864958 0.08255157
 0.22290081 0.06516331 0.02368676 0.02923413 0.08255155 0.1375443
 0.08615019 0.01833426 0.01833426]
[0.05438643 0.03973494 0.05493511 0.02601979 0.10845815 0.07235892
 0.16671035 0.07011439 0.02596822 0.03224117 0.0723589  0.13945532
 0.10697839 0.01513995 0.01513995]
[0.05860784 0.05069105 0.0538177  0.02858399 0.09627996 0.08906841
 0.1016188  0.05542149 0.04061855 0.03877625 0.08906842 0.11707169
 0.11591884 0.03222848 0.03222848]
[0.03750718 0.02825265 0.04596147 0.01863602 0.094193   0.07900143
 0.21153712 0.04368407 0.01451277 0.03124079 0.07900141 0.17984039
 0.11244044 0.01209564 0.01209564]
[0.03352932 0.03435011 0.05956997 0.02671871 0.10273443 0.08933078
 0.17084141 0.03827293 0.02604429 0.02906706 0.08933079 0.14617199
 0.11073244 0.02165287 0.02165287]
[0.04349504 0.0295748  0.06061592 0.02496634 0.10681172 0.09678135
 0.16841179 0.04632775 0.01812195 0.03592855 0.09678135 0.13873106
 0.09860127 0.01742555 0.01742555]
[0.04846311 0.04682966 0.06829746 0.02997595 0.08608906 0.08019409
 0.16326022 0.0465889  0.03790956 0.0324961  0.08019409 0.12988119
 0.09379499 0.02801281 0.02801281]
[0.05860784 0.05069105 0.0538177  0.02858399 0.09627996 0.08906841
 0.1016188  0.05542149 0.04061855 0.03877625 0.08906842 0.11707169
 0.11591884 0.03222848 0.03222848]
[0.05188143 0.03966737 0.06417704 0.02988296 0.08730923 0.08703253
 0.165234   0.04742551 0.03336367 0.02996578 0.08703254 0.13183214
 0.09308647 0.0260547  0.0260547 ]
[0.05188037 0.04280739 0.06312347 0.03386443 0.0939264  0.08805268
 0.16812655 0.04731713 0.02380166 0.03523334 0.08805268 0.13082373
 0.09912453 0.0169328  0.0169328 ]
[0.0399161  0.03658091 0.06221618 0.03041966 0.09208778 0.09812036
 0.15306672 0.06652234 0.028659   0.02890009 0.09812036 0.13413483
 0.08859556 0.02133005 0.02133005]
[0.0399161  0.03658091 0.06221618 0.03041966 0.09208778 0.09812036
 0.15306672 0.06652234 0.028659   0.02890009 0.09812036 0.13413483
 0.08859556 0.02133005 0.02133005]]