18414
Test: public void testIssue724() { CompilerOptions options = createCompilerOptions(); CompilationLevel.ADVANCED_OPTIMIZATIONS .setOptionsForCompilationLevel(options); String code = "isFunction = function(functionToCheck) {" + " var getType = {};" + " return functionToCheck && " + " getType.toString.apply(functionToCheck) === " + " '[object Function]';" + "};"; String result = "isFunction=function(a){var b={};" + "return a&&\"[object Function]\"===b.b.a(a)}"; test(options, code, result); }
Code: public boolean apply(Node n){if (n.isName()) {return n.getString().equals("eval")|| (!fnName.isEmpty()&& n.getString().equals(fnName))|| (!fnRecursionName.isEmpty()&& n.getString().equals(fnRecursionName));}return true;}
tensor([[0.0454, 0.1111, 0.2403, 0.0211, 0.0427, 0.1360, 0.1085, 0.0655, 0.0389,
         0.0676, 0.0700, 0.0528],
        [0.0324, 0.1677, 0.2519, 0.0135, 0.0303, 0.1482, 0.1084, 0.0517, 0.0401,
         0.0518, 0.0631, 0.0409],
        [0.0378, 0.1522, 0.2321, 0.0192, 0.0399, 0.1469, 0.1009, 0.0582, 0.0384,
         0.0688, 0.0624, 0.0430],
        [0.0452, 0.1198, 0.2311, 0.0215, 0.0435, 0.1308, 0.1012, 0.0645, 0.0513,
         0.0636, 0.0712, 0.0563],
        [0.0410, 0.1388, 0.2550, 0.0212, 0.0419, 0.1073, 0.0997, 0.0549, 0.0468,
         0.0643, 0.0681, 0.0610],
        [0.0353, 0.1159, 0.2723, 0.0183, 0.0327, 0.1372, 0.0959, 0.0660, 0.0404,
         0.0737, 0.0710, 0.0413],
        [0.0546, 0.1165, 0.3006, 0.0147, 0.0504, 0.1039, 0.1134, 0.0601, 0.0323,
         0.0565, 0.0604, 0.0366],
        [0.0362, 0.1378, 0.2457, 0.0197, 0.0440, 0.1356, 0.0872, 0.0632, 0.0377,
         0.0618, 0.0760, 0.0550],
        [0.0443, 0.1395, 0.2334, 0.0214, 0.0512, 0.1297, 0.0995, 0.0488, 0.0471,
         0.0660, 0.0696, 0.0495],
        [0.0462, 0.1089, 0.2697, 0.0258, 0.0447, 0.1106, 0.1054, 0.0678, 0.0369,
         0.0616, 0.0706, 0.0517],
        [0.0430, 0.1299, 0.2377, 0.0252, 0.0442, 0.1204, 0.1090, 0.0592, 0.0393,
         0.0680, 0.0703, 0.0536],
        [0.0391, 0.1698, 0.2092, 0.0241, 0.0420, 0.1146, 0.1089, 0.0580, 0.0486,
         0.0710, 0.0730, 0.0417]])